20 80 20
4 3 5 11 11 6 13 2 14 4 2 5 5 19 3 16 18 10 2 9 10 7 1 17 16 1 16 13 1 13 15 18 8 18 16 20 18 4 3 19 8 4 8 6 7 11 15 4 9 20 7 12 11 18 5 17 3 17 19 9 5 16 16 9 6 15 20 19 19 16 3 5 4 12 18 6 1 19 5 13 11 4 12 6 7 18 3 13 4 6 2 17 14 18 14 7 13 20 2 3 20 5 14 15 6 10 20 2 14 6 1 5 15 8 2 16 2 19 3 1 20 1 14 12 10 15 10 12 17 13 12 18 15 7 8 14 6 7 17 19 13 19 17 20 17 9 9 13 8 7 14 11 8 11 9 1 10 8 16 17 
20 1
2 4
16 7
11 4
5 3
9 19
10 8
9 6
4 2
1 5
4 18
3 20
12 9
13 9
2 9
6 14
1 19
17 17
5 19
20 10
