60 450 20
46 53 16 47 4 7 16 24 21 1 37 52 19 10 13 15 32 45 48 27 52 55 51 4 43 20 51 38 5 55 25 35 32 22 50 2 33 41 9 40 13 43 43 9 6 58 48 19 60 31 23 42 31 42 6 33 14 50 12 46 5 52 9 33 3 18 53 3 50 15 47 49 34 42 15 35 37 33 4 54 12 51 11 28 39 42 31 39 12 19 15 31 8 9 20 56 13 32 56 59 29 4 53 26 44 37 10 18 14 57 49 58 43 8 49 1 44 27 45 31 7 58 28 50 9 18 51 45 12 55 52 16 4 39 53 27 34 11 38 16 23 45 60 11 22 1 42 51 43 6 10 53 37 24 60 54 2 54 29 11 50 42 26 58 11 14 2 48 50 23 34 23 3 32 24 44 33 44 11 5 49 22 36 18 20 27 42 57 19 54 53 44 8 49 18 44 23 29 48 15 9 7 39 29 1 47 9 59 39 35 4 2 35 42 2 35 50 5 22 3 29 14 47 10 6 59 10 58 54 29 31 28 21 14 4 12 10 22 50 46 8 41 59 18 37 36 20 18 13 53 31 5 5 60 28 25 32 10 27 17 51 50 17 58 18 22 25 55 35 45 30 1 17 41 37 47 13 18 32 30 51 48 4 48 24 33 45 48 43 44 18 37 37 41 46 23 51 29 6 20 35 28 41 9 41 56 60 46 38 57 6 10 23 39 25 5 23 35 29 45 26 17 53 7 50 21 32 53 55 28 25 31 56 49 27 10 36 24 27 33 31 55 46 21 7 17 31 52 14 28 21 15 19 39 41 10 33 49 32 9 39 60 10 20 26 41 10 17 21 11 10 30 49 40 57 25 53 18 55 54 38 15 17 24 54 57 29 34 28 2 45 14 52 12 32 20 18 58 44 7 5 12 35 52 50 48 13 17 60 38 21 4 54 52 10 8 50 57 27 3 42 16 24 7 34 38 43 33 22 33 45 39 19 46 5 35 25 14 44 22 31 51 38 55 52 51 19 28 21 29 60 42 39 57 48 55 14 51 53 24 7 20 10 7 16 14 31 16 14 15 57 16 17 3 41 6 55 51 5 4 11 2 19 25 46 48 5 45 13 56 3 37 6 18 3 8 42 2 35 4 19 57 15 45 22 30 6 8 7 36 12 54 46 35 55 2 46 51 43 10 26 10 39 14 14 52 37 53 46 28 22 41 20 13 37 32 24 1 27 47 31 21 17 33 35 16 1 36 20 24 22 47 9 20 24 3 52 19 54 14 38 11 56 6 5 19 3 20 44 20 57 29 50 11 10 37 34 12 49 27 41 27 5 23 1 40 34 45 3 9 39 25 47 24 59 40 40 58 53 41 57 45 16 46 47 58 23 48 51 11 39 2 57 52 41 20 25 42 29 60 32 58 5 46 11 4 9 53 55 15 15 51 43 53 46 2 12 14 14 19 32 33 19 2 50 4 15 25 31 4 53 20 39 28 11 16 12 31 41 47 35 57 11 23 24 13 38 28 43 30 58 33 48 52 5 39 30 26 37 30 30 27 41 24 39 50 20 26 33 20 28 29 3 44 16 28 45 52 57 15 54 15 3 43 34 35 50 54 29 31 6 27 9 22 28 34 25 23 20 36 26 8 22 58 44 58 18 24 46 4 42 52 24 56 54 45 43 24 28 52 38 39 51 19 50 25 57 12 50 12 50 35 13 30 29 2 36 26 2 38 55 16 56 40 52 15 20 30 21 2 30 47 26 27 33 10 34 55 4 60 56 8 39 46 12 11 23 55 12 60 58 8 1 17 21 48 16 19 4 34 22 24 47 6 29 55 6 32 60 57 21 39 54 28 52 29 17 20 26 9 32 49 48 54 21 12 41 40 29 48 1 18 29 50 16 60 47 56 2 25 20 40 8 27 48 28 1 53 57 55 52 4 13 7 24 58 52 23 3 13 60 2 19 34 13 49 44 59 24 30 19 55 40 32 23 21 39 52 49 44 36 6 30 56 12 25 35 31 11 25 55 42 48 60 38 35 4 42 29 16 
13 34
44 2
44 59
25 7
25 13
58 3
47 15
27 46
3 22
27 49
42 9
23 40
47 51
11 53
36 31
60 48
4 35
49 48
33 14
46 50
