3 108 19
1153874227 769597148 535549243 102030721 381937607 101416514 255449755 508016006 988703785 40976749 805174279 317968673 16684627 322798385 196724566 495344411 625875656 452620676 1003764171 49357408 1138289188 134160351 586105707 1006826517 1047960602 660634233 176912239 936296310 881514699 687439494 903299736 21974286 259473235 505013884 286319199 125924267 507749949 354568091 536737221 238402717 581517786 312213984 711607664 1035427647 22677558 517024182 908435355 971443758 238599957 468493876 59525004 327229304 857685677 962703708 604597744 226954764 106460238 57500805 599209369 43908610 726674203 455056801 494576074 175618305 793727941 336622022 537789455 993596508 1102058021 245118316 602202553 920512289 32970679 455033285 1141450165 902939790 1028356783 850867405 1095112630 828793494 698376656 1081234096 61743808 937927743 806056848 883574776 1006092048 446118112 256892885 1156902381 165520561 77908774 709169529 1151621143 1022317256 727360044 1123967220 1003521376 261539694 416587620 1159418986 395486366 119597533 424706648 1099567400 89131996 1094588248 1143508085
1 1 2 2 0 0 2 1 0 0 1 0 2 0 0 0 0 0 1 2 2 1 2 1 2 1 2 0 0 0 2 2 1 1 1 1 2 1 0 0 2 2 0 2 0 1 2 0 1 1 1 1 2 0 0 2 2 2 0 2 0 0 2 2 2 2 1 0 0 2 0 0 1 2 0 0 1 0 0 2 1 1 1 1 2 2 2 2 2 0 2 0 1 2 2 1 1 1 1 2 1 2 0 0 2 0 0 0
1 2 2 0 1 2 0 1 2 0 1 2 0 0 2 2 0 0 1 2 2 2 2 1 2 2 0 1 1 0 1 2 2 2 0 2 2 0 0 1 0 1 1 2 2 1 1 1 2 0 0 2 1 2 1 0 0 1 0 1 2 1 1 0 1 2 2 0 1 0 2 2 2 1 1 1 0 1 0 0 2 1 2 0 1 0 1 1 2 1 0 2 0 2 0 2 0 2 0 1 2 1 1 1 0 0 0 0
2 1 0 1 0 2 0 1 1 1 1 0 0 2 0 1 0 1 1 0 0 2 2 0 1 0 2 1 1 1 1 0 2 2 0 2 2 0 1 1 2 2 0 0 2 0 1 0 2 0 0 0 0 0 2 1 0 1 2 0 2 1 1 2 0 1 2 0 2 1 2 2 1 2 2 1 0 2 1 0 0 2 1 0 2 1 2 1 2 1 1 0 2 2 2 0 2 2 1 2 1 0 2 2 0 2 1 1
1 2 1 2 2 0 2 2 2 1 0 2 0 2 0 0 2 2 1 2 2 0 1 0 0 1 0 2 2 1 0 0 0 2 0 0 1 0 0 0 0 1 0 0 1 0 2 1 0 0 1 0 0 2 1 2 2 1 1 1 0 2 2 1 2 0 2 0 2 0 1 2 1 2 0 0 0 2 1 1 1 2 1 2 0 0 2 0 1 1 1 2 0 0 1 0 2 1 1 1 1 0 0 0 0 1 1 0
2 0 2 0 1 1 2 2 2 0 2 1 1 0 1 2 1 2 0 1 1 1 2 2 2 0 0 0 2 2 1 2 1 0 2 2 1 2 2 0 2 1 2 1 2 1 1 1 1 1 0 2 0 0 2 0 1 2 0 1 0 1 0 1 1 0 1 1 2 0 2 0 1 1 1 0 0 0 1 1 2 2 0 2 0 2 0 2 0 1 0 0 0 1 2 2 2 0 0 1 0 0 2 1 2 1 2 0
1 1 1 0 1 0 0 2 2 1 1 0 2 2 1 0 1 0 0 0 0 0 2 0 1 2 2 1 0 1 1 2 1 0 2 2 0 0 1 1 2 0 1 0 2 0 0 0 1 1 0 2 2 2 0 1 2 0 2 0 2 1 2 0 2 2 2 0 1 1 1 1 1 1 2 1 2 0 1 0 1 2 0 1 0 1 0 2 2 0 2 1 0 2 2 0 0 2 0 2 2 0 0 1 1 0 0 0
1 2 1 0 0 2 0 0 1 0 0 0 1 0 1 1 0 1 1 0 1 2 0 1 2 1 2 1 2 0 2 1 0 0 1 1 0 1 1 1 2 1 1 1 2 1 0 0 2 2 1 1 2 2 2 2 1 0 0 1 0 0 2 1 0 1 2 2 0 1 0 0 1 0 2 1 1 0 2 1 2 1 0 1 1 0 1 0 0 1 1 1 1 1 0 2 2 0 1 0 2 0 1 0 0 0 2 2
0 1 0 0 0 1 2 1 0 0 2 0 2 0 2 1 1 1 2 2 1 0 2 0 1 1 2 1 2 2 1 0 0 0 2 2 1 1 1 2 0 1 0 2 1 0 2 1 1 1 1 0 2 0 2 1 2 1 0 2 0 2 0 1 2 0 0 1 2 2 1 0 0 2 2 2 0 1 1 2 0 2 0 0 1 2 1 0 1 1 0 1 1 1 1 0 2 1 0 2 0 2 2 1 1 2 2 1
2 0 1 2 1 2 2 2 1 0 0 0 0 0 2 1 1 0 0 1 2 1 0 0 0 2 0 1 2 2 0 1 0 2 1 1 1 1 0 0 2 0 0 2 0 1 2 0 1 0 2 1 1 0 0 1 0 0 0 0 0 0 2 0 0 1 2 1 2 2 0 1 1 0 2 1 2 1 2 1 1 0 0 0 0 0 1 1 1 2 2 1 0 1 0 1 2 2 0 2 2 0 2 0 2 1 0 1
0 0 0 2 0 1 2 0 2 1 2 1 0 2 0 0 0 0 1 1 0 2 0 1 0 0 1 2 1 2 1 2 0 1 1 0 2 1 2 2 2 2 1 0 1 2 2 2 1 0 0 1 0 2 2 1 2 2 1 2 1 2 1 2 2 1 0 2 2 0 2 0 0 0 0 2 0 2 1 1 1 0 0 2 0 1 1 0 1 0 0 2 0 2 2 2 1 0 2 0 1 1 0 1 0 2 0 1
1 2 0 0 0 0 0 1 2 1 2 0 2 0 0 0 0 0 2 1 1 2 0 2 1 1 1 1 0 2 2 0 1 2 0 0 0 1 2 0 0 1 1 0 0 2 0 0 2 0 2 1 2 0 0 1 1 1 0 0 1 2 0 1 2 1 1 1 0 0 2 1 0 0 1 0 0 2 0 0 0 0 2 0 0 2 0 2 2 0 0 0 1 0 2 0 2 0 2 0 2 1 1 0 2 1 0 0
1 1 0 2 0 2 2 0 0 0 0 0 1 0 1 2 1 1 0 1 2 0 1 1 2 1 1 2 2 2 2 1 2 1 0 2 0 0 0 1 1 2 1 2 0 1 2 2 2 2 1 1 0 2 1 0 1 0 2 1 0 0 2 0 1 2 0 1 0 0 1 2 0 0 2 1 1 1 0 0 0 1 0 2 1 1 2 1 1 2 2 2 2 2 2 0 2 2 0 0 1 2 2 1 2 2 2 1
0 0 2 2 2 2 1 1 0 1 0 2 0 2 2 1 2 2 2 0 2 0 0 0 2 1 0 2 0 0 1 2 1 0 1 0 0 0 2 1 1 2 0 2 0 0 1 0 0 1 0 2 2 1 1 2 0 1 2 0 1 0 2 0 1 1 2 1 1 1 0 0 2 1 0 0 2 1 0 0 0 1 1 0 0 2 0 0 1 0 0 0 1 1 1 2 2 1 2 2 0 0 2 2 2 0 0 2
0 1 0 0 0 1 1 0 0 2 0 1 2 1 0 0 2 2 0 0 0 0 0 0 0 2 1 2 1 1 2 1 0 0 2 0 1 2 0 2 1 0 1 1 2 1 2 2 1 0 0 1 0 1 2 0 1 0 1 0 2 0 1 0 0 0 0 2 0 1 2 2 2 1 1 2 1 0 0 2 1 0 1 2 0 0 0 1 1 2 1 0 2 0 0 0 1 1 0 2 0 2 2 2 0 0 0 2
1 0 2 0 1 0 0 1 1 1 0 2 0 2 2 2 2 1 0 1 0 0 1 0 0 0 0 2 1 0 1 2 0 0 1 0 0 1 1 2 0 2 1 1 1 2 1 2 0 2 1 0 0 2 1 1 0 1 1 1 0 2 1 0 0 2 0 1 1 0 2 1 2 0 2 1 0 1 0 1 1 1 2 1 1 0 0 1 0 1 0 0 1 2 0 2 2 2 1 1 2 0 0 2 2 1 0 0
0 2 2 2 1 1 0 0 0 2 2 0 0 0 0 2 0 1 1 2 1 1 1 0 2 0 0 1 2 2 0 2 1 2 1 2 0 2 0 0 1 0 1 2 1 1 1 1 0 1 1 1 0 1 0 2 1 1 2 0 0 2 0 1 1 2 2 2 1 2 1 1 2 2 0 0 2 2 2 0 1 2 2 1 0 2 2 2 1 1 0 2 0 0 1 2 0 1 2 1 0 1 2 1 2 0 1 1
1 2 1 0 1 0 2 1 1 1 1 0 0 1 2 1 2 1 0 2 2 0 1 0 2 1 1 1 2 0 0 1 2 1 2 0 2 1 2 1 0 1 1 0 2 1 1 2 2 2 1 0 2 0 0 2 2 2 1 2 2 1 1 0 0 0 1 0 2 1 1 0 0 1 1 1 0 0 0 2 2 0 2 2 1 0 0 1 2 1 0 0 0 2 0 1 0 1 2 0 0 2 0 1 0 2 2 0
2 2 0 2 0 1 0 1 1 0 2 2 2 1 2 0 0 2 2 2 0 1 2 1 0 1 0 1 0 2 1 0 2 2 0 0 0 0 1 2 0 2 1 1 0 1 1 1 0 0 0 2 0 1 1 0 2 1 2 0 0 1 0 0 0 1 0 1 2 0 2 0 2 1 1 2 0 0 1 1 1 0 1 1 1 2 2 1 1 2 1 2 2 0 0 2 2 0 2 1 0 2 2 0 0 0 0 0
1 2 0 0 2 1 2 1 2 2 2 0 0 0 0 2 1 0 2 0 1 1 2 0 0 1 0 2 0 1 0 2 1 0 2 0 0 2 2 2 1 1 2 1 2 0 0 1 1 0 1 0 2 1 1 1 0 1 0 0 0 0 0 1 2 0 2 2 2 2 1 1 0 1 1 1 2 2 2 0 0 1 1 0 0 2 2 0 2 0 1 2 0 1 2 0 2 2 2 1 2 0 0 0 2 1 1 2
1 1 2 1 0 1 2 0 1 1 1 0 1 0 1 0 2 1 1 1 1 1 2 0 2 2 2 2 2 1 1 0 0 2 2 0 1 2 1 2 1 0 1 1 1 2 2 0 0 0 1 1 2 1 0 2 1 0 1 0 1 1 1 1 0 2 2 1 2 1 1 1 2 2 2 0 1 2 0 2 1 2 1 0 0 2 2 0 2 2 1 0 0 1 0 0 0 0 2 2 2 0 0 1 0 1 2 2
1 0 2 2 0 1 1 1 0 0 1 0 0 0 0 0 2 1 1 2 2 0 2 1 1 0 0 2 2 0 2 2 1 2 1 1 0 0 2 1 1 2 2 2 2 0 0 2 2 1 1 1 2 1 0 1 2 1 1 2 1 1 1 0 1 0 1 2 1 2 2 0 1 1 2 1 2 0 0 2 2 2 0 2 1 2 1 0 0 2 0 2 1 1 1 2 0 2 0 2 2 2 0 0 0 2 2 0
1 0 0 0 2 0 0 1 2 1 2 0 1 2 1 2 2 2 2 0 2 2 2 2 2 0 0 2 2 1 0 1 1 0 1 2 2 1 0 1 0 0 0 1 1 1 1 0 1 1 1 0 1 1 0 0 1 1 2 1 0 0 0 1 1 2 1 0 1 2 0 2 0 0 1 1 2 2 2 0 1 0 1 2 1 2 2 2 1 1 1 1 2 1 0 1 0 2 2 2 2 2 2 2 2 1 1 1
1 0 2 2 2 1 1 0 0 0 1 1 2 2 0 0 1 0 2 2 2 1 0 2 1 0 2 1 1 1 1 2 2 0 2 2 2 0 0 2 1 1 1 1 1 2 1 0 0 0 2 0 0 2 0 1 2 0 2 1 2 0 0 2 2 2 2 1 0 0 2 2 2 1 1 1 1 2 1 2 1 1 0 2 2 1 0 2 2 0 1 1 2 2 2 2 0 2 0 1 0 0 1 0 2 2 1 1
2 0 1 1 1 1 0 0 0 1 0 2 0 2 2 2 1 2 2 2 1 2 1 2 1 2 2 1 1 0 0 1 1 1 0 2 2 0 1 0 0 2 0 0 2 0 0 1 2 2 1 1 2 2 0 1 2 2 2 1 0 2 2 1 1 2 1 1 1 0 2 2 2 0 0 2 0 0 1 2 0 2 1 0 2 1 2 1 1 2 2 2 2 2 1 0 2 0 2 1 1 0 1 2 0 1 1 1
1 2 1 2 1 0 2 0 2 2 2 1 2 1 1 2 1 0 0 1 0 1 0 1 1 1 0 1 0 2 2 1 2 2 1 1 2 1 2 2 1 2 1 0 1 0 2 0 0 0 2 1 1 2 2 2 1 1 1 1 1 1 0 0 0 1 2 0 0 0 0 2 0 1 2 1 2 2 0 2 2 2 0 1 2 1 1 1 2 2 0 1 1 1 2 2 1 0 0 1 0 1 0 0 2 0 2 2
0 2 2 2 2 0 1 2 1 0 1 1 0 2 0 2 1 0 2 2 0 2 1 1 0 2 1 0 2 2 0 2 2 0 2 1 1 2 1 2 0 1 1 1 0 2 1 1 2 0 1 0 0 2 1 0 1 1 1 1 0 2 1 2 0 2 2 1 1 1 1 2 2 0 0 0 2 2 2 1 2 1 1 0 1 0 1 1 2 0 2 2 0 1 2 0 0 2 2 2 1 0 2 1 0 0 2 2
0 0 1 2 1 0 1 0 1 2 1 0 2 2 0 0 0 0 1 1 0 0 1 2 1 0 0 2 0 1 2 0 1 1 1 0 1 2 0 0 2 0 1 0 2 1 0 2 1 2 1 1 0 2 1 2 0 2 2 1 0 2 0 1 1 1 2 0 1 2 0 1 2 1 1 1 0 2 1 1 2 0 1 2 0 2 2 0 2 2 0 0 2 0 2 0 2 1 0 1 1 1 2 1 2 1 1 0
1 2 2 0 1 0 0 1 1 0 2 1 0 0 2 2 0 2 0 2 1 0 0 0 2 0 2 2 1 0 2 2 1 1 0 2 0 1 0 2 2 0 0 2 0 0 2 0 0 2 0 2 0 1 2 2 2 1 2 0 0 1 1 1 2 2 0 2 0 1 2 0 0 0 0 0 0 2 2 1 2 2 0 0 1 0 0 1 0 2 1 0 0 0 1 1 0 2 1 1 1 1 2 1 1 2 2 2
0 2 2 2 2 2 0 1 1 0 2 1 0 2 1 1 2 0 2 2 0 1 2 1 2 2 0 1 1 0 1 2 0 0 2 2 1 0 2 2 1 1 0 2 0 2 1 1 0 1 0 0 0 0 2 0 2 2 1 2 0 0 1 0 1 0 1 2 1 0 2 0 1 2 0 0 2 1 1 0 1 2 0 1 0 0 2 2 0 1 2 2 2 1 2 1 2 0 1 1 0 1 2 0 1 2 0 2
2 1 2 1 1 0 2 1 1 2 2 2 2 1 1 1 0 2 0 0 0 2 2 1 1 1 2 2 1 0 1 1 2 2 2 0 0 0 0 2 2 2 1 1 1 1 1 2 0 1 0 0 1 2 2 0 0 1 1 2 1 0 1 1 2 0 2 2 0 2 1 1 2 1 0 0 2 1 0 2 1 0 0 0 2 0 1 0 2 0 0 2 0 1 0 0 2 0 0 1 2 2 2 1 0 0 0 0
2 0 0 1 2 0 1 2 1 0 0 2 1 1 2 2 2 0 0 2 1 0 1 0 2 1 0 0 2 0 1 2 1 1 0 0 2 2 1 1 1 1 0 2 2 2 1 2 1 1 2 2 2 1 2 2 2 0 1 1 0 2 0 0 2 0 1 1 1 2 0 2 0 1 1 0 1 1 2 0 0 2 2 0 0 0 1 2 0 2 2 1 2 2 2 1 1 0 0 2 0 1 1 1 0 0 2 2
2 2 0 0 1 0 1 2 0 2 0 1 2 2 0 2 1 2 1 0 2 0 2 0 2 1 2 2 0 2 2 0 1 0 0 0 1 0 0 1 2 0 0 2 0 0 2 0 0 0 0 1 1 1 1 0 2 1 0 0 0 0 1 2 1 2 0 0 2 0 2 2 1 0 2 2 1 1 2 2 2 0 0 1 1 2 2 1 0 0 2 2 1 1 1 2 0 1 0 1 1 0 1 0 0 0 0 2
2 2 0 1 0 0 0 1 0 0 1 2 1 0 1 2 2 2 2 2 0 2 0 2 0 2 1 2 2 1 1 1 1 1 1 2 0 2 1 0 2 2 2 1 0 1 0 2 0 0 0 1 0 1 2 1 1 0 0 0 1 2 0 0 2 1 2 0 0 1 0 1 1 1 2 2 2 1 1 1 1 2 0 1 1 0 0 2 0 1 0 2 2 0 0 1 2 0 1 1 1 2 0 0 1 2 0 2
0 2 0 2 2 1 2 0 2 0 0 0 2 1 0 1 2 1 0 2 1 2 0 0 2 0 1 1 1 2 0 2 1 1 0 0 0 2 1 2 0 2 1 2 1 1 1 1 2 2 0 0 1 2 1 1 0 0 0 2 2 0 2 2 2 0 2 2 2 2 0 0 1 1 0 0 0 2 1 2 2 0 0 1 0 0 0 0 1 0 1 2 1 0 1 0 0 0 1 0 0 1 0 0 0 1 0 0
2 0 0 1 0 1 0 0 2 1 1 1 1 2 0 1 0 1 1 1 2 0 1 1 2 0 1 2 2 1 0 1 1 0 0 2 0 1 0 2 2 2 0 1 2 1 2 0 0 2 1 0 2 1 1 0 2 0 2 1 2 1 1 2 2 1 1 2 2 2 2 2 2 0 2 1 0 1 2 0 1 2 0 2 0 2 2 2 0 2 1 0 0 2 2 1 1 0 0 1 0 0 1 0 2 0 0 2
2 2 2 2 1 1 1 2 1 1 2 2 0 1 2 2 1 2 0 0 0 1 2 2 0 1 2 2 2 2 2 2 0 2 1 2 1 2 2 0 1 2 0 0 1 0 2 0 2 0 0 0 2 0 2 2 2 2 2 1 2 2 2 2 2 0 2 0 1 2 1 2 1 2 2 0 2 2 1 2 0 2 0 1 0 2 1 0 2 1 0 0 1 2 2 0 0 2 2 1 2 1 2 1 1 2 2 1
0 0 1 0 0 2 1 1 2 0 2 2 2 2 2 0 1 2 2 1 0 2 1 2 0 1 1 2 0 0 1 0 1 0 2 0 2 1 1 1 2 0 1 1 0 1 0 2 2 0 2 2 2 1 2 0 2 1 1 0 2 2 1 2 2 1 2 2 2 1 0 2 0 0 1 0 2 2 1 1 2 0 1 2 1 1 1 1 0 2 1 0 2 0 2 1 1 2 1 2 1 2 2 1 2 0 2 0
1 0 1 0 1 1 1 0 2 2 1 0 2 0 0 1 1 1 0 0 0 1 0 1 0 2 0 1 0 1 1 1 1 0 0 0 1 1 1 1 1 0 1 0 1 0 1 2 1 2 0 1 0 0 1 1 0 2 2 1 0 1 0 2 2 0 0 0 2 1 2 0 2 1 0 1 1 2 2 2 1 2 2 2 1 0 1 2 0 1 1 1 0 2 0 0 2 1 0 2 0 0 0 1 0 2 2 1
1 1 2 1 2 2 0 1 0 2 0 0 1 2 1 2 2 2 2 2 0 0 2 2 1 0 0 2 2 0 1 0 0 0 2 0 0 0 1 0 2 2 1 1 2 2 0 1 2 2 1 0 1 0 2 0 0 0 2 2 2 0 1 2 2 0 2 2 1 1 0 2 0 1 0 0 1 2 2 1 2 0 2 0 1 2 0 1 0 2 2 0 1 1 2 0 1 2 2 1 1 0 0 2 2 0 0 2
2 0 0 2 0 2 2 1 0 1 1 0 0 1 1 1 2 1 2 1 0 0 2 2 0 2 1 1 1 2 0 0 2 0 0 0 1 1 0 1 2 1 2 0 2 0 2 1 1 2 2 2 2 0 1 1 2 0 2 0 0 2 2 0 0 2 1 1 1 1 0 0 0 2 1 2 2 1 1 1 0 1 0 0 1 2 1 2 1 1 0 1 1 2 2 1 0 0 1 1 2 1 0 2 1 2 2 1
0 1 0 1 2 1 2 2 2 1 1 0 2 2 1 0 0 1 2 0 2 1 2 1 2 0 1 0 2 1 0 0 2 0 2 2 2 1 2 1 0 1 2 2 0 2 1 0 0 1 1 0 2 2 2 1 2 2 0 0 0 0 0 0 1 2 0 0 2 2 0 2 0 2 2 0 2 1 2 0 2 0 1 1 2 1 0 0 0 0 0 2 1 0 2 2 1 0 2 0 2 0 0 0 1 0 1 0
2 0 1 2 1 0 1 1 2 2 2 0 2 2 2 0 1 2 0 0 2 2 1 1 1 2 2 2 2 1 2 2 1 2 2 0 2 0 0 1 0 2 2 0 0 2 0 2 2 1 2 2 0 1 1 1 0 1 1 0 2 1 0 1 0 0 2 0 1 2 2 1 0 2 1 0 1 2 0 1 0 0 1 1 1 0 1 1 1 2 2 1 1 0 0 1 0 2 0 1 0 2 0 0 2 1 1 1
1 1 0 1 1 2 1 0 0 2 2 1 1 1 0 0 2 1 2 2 2 2 2 2 2 0 0 1 2 1 0 1 0 1 1 2 1 2 2 1 2 1 2 0 0 1 1 2 2 2 0 2 2 2 1 2 0 2 1 2 1 2 2 1 1 0 1 2 0 0 0 2 2 1 0 0 2 2 2 2 2 0 2 1 0 1 0 1 2 2 1 0 2 0 0 1 0 1 0 1 2 1 0 2 0 1 2 0
1 0 0 0 0 0 1 2 2 0 0 2 0 1 2 2 2 2 0 0 2 2 0 2 1 0 1 1 2 1 1 0 2 1 1 0 2 0 2 2 0 2 2 0 1 1 0 1 2 1 2 1 0 2 0 1 1 2 0 0 0 2 2 0 0 0 1 0 0 0 0 1 0 2 2 2 2 0 1 2 2 0 0 0 1 1 2 2 0 2 2 2 1 1 2 2 0 0 1 1 2 2 0 2 2 0 2 2
1 0 1 1 1 2 1 2 0 1 2 1 1 0 1 0 2 1 1 2 2 2 1 1 1 1 1 1 2 1 1 1 2 2 2 1 1 2 1 2 0 1 2 0 2 0 0 1 2 1 1 0 0 2 1 0 1 1 2 0 2 1 2 0 1 0 1 0 2 0 0 0 2 0 0 1 1 1 0 1 0 1 1 1 0 1 2 2 2 2 2 2 0 0 0 2 0 1 0 2 0 1 0 2 2 1 1 1
0 1 2 0 0 2 2 1 0 1 0 0 1 0 0 2 0 1 1 1 0 2 0 0 1 2 0 1 0 2 2 0 1 2 0 1 1 0 0 2 2 0 2 1 1 1 1 0 2 0 1 0 1 0 1 0 2 2 1 2 2 1 0 0 0 1 2 0 2 2 2 0 2 0 1 1 1 0 1 1 2 1 1 0 1 0 0 0 0 2 0 2 0 1 2 0 0 2 1 0 1 1 0 1 2 2 0 0
0 1 2 0 2 1 1 1 2 2 2 0 1 0 0 1 2 0 2 0 0 1 0 1 0 1 0 0 1 1 1 2 0 0 2 1 1 0 2 1 2 2 2 0 0 0 2 0 1 0 0 1 2 1 1 0 0 2 0 1 0 1 1 0 1 0 1 0 2 2 0 1 2 2 0 2 0 0 0 1 0 0 1 0 2 2 0 2 1 0 1 2 1 2 0 0 0 0 2 2 2 2 2 2 2 0 2 2
1 0 1 0 1 2 0 1 1 1 1 0 2 2 0 2 2 1 0 1 2 2 1 2 1 1 1 1 2 0 0 1 1 2 1 0 2 2 2 2 1 0 2 1 1 1 1 1 0 1 2 2 1 1 1 0 2 0 2 2 1 0 1 0 0 2 1 0 1 0 2 1 1 2 2 2 0 0 1 1 1 1 0 0 2 2 1 0 2 1 2 1 1 0 2 0 0 0 0 2 1 0 0 2 0 2 0 2
0 2 0 0 0 2 0 1 1 2 1 2 1 1 1 1 1 0 1 2 1 2 1 2 2 0 2 2 2 0 2 1 0 0 1 1 2 2 0 1 0 1 0 1 2 1 2 1 2 1 0 1 0 2 0 0 2 1 1 0 2 0 2 0 0 0 2 0 0 2 2 0 1 2 0 1 2 0 2 2 2 0 1 0 0 2 1 0 1 2 1 1 0 0 1 2 1 1 2 1 1 2 0 2 2 0 0 2
1 0 1 0 1 0 1 1 0 2 2 1 2 1 2 0 1 1 2 2 0 0 2 1 2 2 1 2 0 2 1 1 0 1 0 1 2 1 1 2 1 1 2 1 0 2 1 1 2 2 2 2 0 1 2 2 1 0 2 2 1 1 1 1 0 1 1 0 0 0 0 1 2 2 0 2 2 0 2 1 0 2 1 0 1 0 2 2 2 2 2 1 2 0 0 0 0 2 0 0 2 2 0 2 1 0 2 1
1 2 0 1 1 0 1 2 1 2 2 0 1 1 2 1 0 0 2 0 2 0 0 0 2 0 0 2 2 0 1 1 0 2 0 1 0 2 2 1 1 1 2 1 1 2 2 1 0 2 1 0 0 2 1 0 1 2 0 1 2 2 2 2 2 2 2 2 0 1 0 1 2 0 0 0 1 1 2 1 0 0 1 1 1 0 0 2 2 0 0 2 2 0 1 2 0 0 2 1 1 0 2 2 1 1 0 2
2 0 1 0 1 0 0 2 1 0 1 1 1 2 0 2 0 0 1 1 1 1 2 1 2 2 1 1 1 1 1 1 1 0 2 0 1 0 2 0 1 2 2 2 2 0 1 0 0 1 2 0 0 1 2 2 2 0 0 1 1 2 0 0 0 0 1 2 0 1 2 1 0 2 1 1 0 1 1 1 2 1 1 2 0 1 1 0 1 2 2 0 0 2 1 1 2 2 0 0 0 1 2 2 0 1 0 1
2 2 0 1 0 2 0 2 1 2 0 2 0 2 0 1 2 1 2 2 0 1 0 1 2 2 1 0 1 1 2 1 0 2 0 2 2 1 2 1 1 2 1 2 0 1 0 0 0 2 0 1 0 1 0 0 1 1 1 0 2 0 1 1 0 2 1 0 1 0 2 0 0 1 2 1 0 2 2 1 2 0 0 1 1 0 2 0 2 0 1 2 1 1 1 2 0 2 1 2 0 0 2 2 2 1 0 2
1 0 1 2 0 2 0 0 2 2 0 2 1 0 0 0 1 2 1 2 0 2 2 0 0 1 0 2 0 1 2 2 1 0 1 0 2 1 0 0 2 1 0 1 1 1 2 2 1 0 2 1 0 2 2 0 0 0 0 1 2 0 1 1 0 0 1 1 0 2 2 2 1 2 1 2 2 0 0 0 2 0 2 2 2 1 1 0 2 1 2 1 1 1 0 0 1 1 1 1 2 0 1 0 0 0 0 0
2 0 0 1 1 0 1 1 2 2 2 1 1 2 1 2 1 1 2 0 0 1 0 2 2 2 2 1 0 0 1 0 1 0 2 1 0 0 2 0 0 2 0 2 2 1 2 0 2 0 2 2 1 2 2 1 1 2 0 2 0 1 0 0 2 2 1 1 0 1 1 1 2 2 0 1 0 0 0 0 0 2 1 2 2 0 1 1 0 2 2 2 1 2 2 1 2 1 2 2 0 1 1 2 1 1 2 2
1 0 0 0 0 1 2 2 2 1 1 0 0 0 2 1 0 2 0 2 0 2 2 2 2 0 2 1 2 1 1 1 2 2 1 2 0 1 2 0 2 1 1 0 2 1 2 0 1 2 2 2 0 2 1 0 0 1 1 2 0 0 1 0 0 0 0 1 2 1 2 1 0 1 2 2 0 2 0 1 1 0 1 2 1 0 2 1 1 1 1 2 2 0 0 0 0 0 1 2 1 1 2 1 2 1 2 0
1 2 2 0 0 1 0 1 2 0 0 1 2 2 1 2 2 1 2 2 0 1 0 2 0 2 1 2 1 1 0 2 1 1 2 1 2 0 1 2 1 1 1 1 0 2 1 2 2 1 2 2 2 2 1 2 1 0 0 2 1 0 2 2 2 2 2 0 2 0 2 1 1 1 2 2 1 1 2 1 2 1 0 2 2 1 1 0 0 1 1 1 0 0 2 2 0 1 0 1 1 0 0 0 1 1 2 0
2 1 1 2 0 2 1 2 1 0 1 1 0 0 0 0 1 2 0 0 0 1 1 2 2 1 2 1 0 1 0 0 0 2 2 1 2 1 1 1 1 2 0 1 0 0 2 2 1 0 2 2 2 1 2 1 0 1 0 1 0 0 1 1 0 1 2 0 2 1 1 0 1 1 0 2 2 2 1 0 0 1 1 2 0 0 1 0 1 2 2 2 0 0 1 0 2 1 1 1 2 2 0 2 1 0 1 1
2 0 2 0 1 0 0 1 1 2 2 1 2 2 0 2 0 2 1 0 2 2 1 1 0 1 0 1 2 2 0 2 2 0 0 0 1 0 2 0 2 2 1 2 1 2 2 2 0 1 2 2 0 1 1 0 0 0 0 0 2 0 0 0 0 0 1 0 0 1 1 1 1 2 0 0 2 0 2 0 1 2 0 0 1 2 1 2 0 1 2 0 2 2 0 0 0 2 0 1 1 1 0 2 1 0 0 2
1 2 2 0 2 0 0 1 0 2 1 0 0 1 0 2 2 2 0 2 1 1 1 2 1 1 2 2 2 0 2 1 0 2 1 1 0 2 2 0 1 1 1 2 0 1 2 0 0 0 2 2 2 1 2 0 2 2 1 2 2 0 1 0 0 1 1 0 0 1 1 2 0 2 1 1 1 1 1 2 2 0 0 0 2 2 0 0 2 2 0 2 0 2 2 0 0 1 2 1 0 0 1 0 0 0 1 2
0 0 2 2 0 2 0 0 0 2 1 0 1 1 2 2 0 2 1 1 1 0 0 1 1 1 2 2 2 1 1 2 1 2 2 2 2 0 0 2 2 2 2 1 0 2 1 2 2 2 1 0 0 2 0 1 0 2 2 0 2 0 2 0 0 0 0 0 0 0 2 0 0 0 1 1 2 0 1 2 0 2 0 1 1 0 1 2 1 0 0 0 1 0 0 2 0 1 2 1 2 2 2 1 2 1 2 1
2 0 1 0 2 2 2 2 0 0 2 2 0 2 2 1 2 1 1 0 0 0 2 0 0 1 1 2 0 1 2 0 1 0 0 2 0 0 1 2 0 0 1 1 0 1 1 1 0 2 1 0 0 1 1 1 0 0 0 1 2 0 1 2 2 0 1 2 0 0 1 2 1 1 0 1 2 1 2 0 1 2 1 2 1 2 0 1 0 1 1 0 2 2 2 2 2 1 2 1 1 2 0 0 0 1 1 0
0 2 0 2 2 1 2 0 1 0 2 2 1 0 0 1 1 2 1 1 1 1 2 2 0 0 0 0 2 2 0 0 1 1 2 0 2 2 1 0 2 2 0 1 2 0 0 0 0 2 2 1 0 2 1 0 0 1 1 2 1 2 0 0 0 0 2 0 2 0 2 2 0 2 0 0 1 1 1 1 1 1 0 1 1 2 0 2 1 1 2 0 1 2 0 2 2 2 0 2 1 0 1 1 2 1 2 1
1 1 0 2 0 1 0 1 0 1 1 1 0 0 1 2 0 0 1 2 0 2 2 2 2 0 1 0 0 1 1 1 0 2 0 1 0 1 2 2 0 2 0 1 2 0 0 0 1 2 0 1 0 0 1 0 0 0 0 1 1 0 2 0 0 2 1 1 2 1 1 2 0 1 1 0 2 2 1 0 2 1 0 2 2 1 0 1 2 1 2 0 2 2 0 0 2 2 2 1 1 0 1 1 2 2 2 0
1 0 1 1 0 1 1 0 2 2 1 2 2 1 0 1 1 1 2 0 1 2 2 0 0 1 1 1 1 1 1 0 2 2 2 0 2 1 1 2 1 2 2 0 1 0 0 0 2 0 1 1 1 1 1 1 2 0 2 1 2 1 2 2 2 2 0 1 1 2 1 0 2 0 1 1 0 1 2 0 0 0 1 1 2 1 0 2 1 0 1 1 2 1 1 1 1 1 0 2 1 0 0 1 0 2 0 2
1 2 0 1 0 2 0 0 0 1 2 2 2 2 1 1 0 0 1 1 2 2 2 1 2 2 2 0 2 2 0 1 1 0 0 2 0 1 0 1 2 0 0 1 2 0 0 1 0 1 2 2 1 1 0 1 2 0 1 1 0 2 2 0 2 1 0 0 2 0 2 2 2 0 0 2 0 0 0 0 0 1 1 2 0 2 0 2 0 0 1 0 2 1 0 0 2 2 1 1 2 0 0 2 0 1 0 1
0 1 2 1 2 0 0 0 0 0 2 1 0 1 1 0 0 0 1 2 2 2 2 2 2 0 0 2 0 0 1 0 2 2 1 2 2 2 2 0 2 2 1 1 1 1 2 2 2 0 1 1 2 1 1 1 0 1 1 0 2 1 1 2 0 0 2 0 2 2 1 1 1 0 0 2 1 2 1 1 2 1 2 1 0 2 2 0 1 2 1 2 0 2 1 1 2 1 1 1 0 0 1 1 2 1 2 1
2 1 0 1 0 2 0 1 2 0 2 1 2 1 0 0 0 2 1 1 0 1 0 1 1 2 2 0 1 2 2 1 1 2 2 1 2 0 0 2 1 0 1 1 1 1 2 2 1 1 0 2 2 1 0 1 0 2 2 2 2 2 0 1 2 1 0 0 1 1 0 2 2 1 1 0 0 1 0 1 2 1 0 2 2 0 1 0 0 0 0 0 1 1 1 0 2 0 0 1 1 0 1 1 2 2 2 2
0 2 0 1 0 0 0 0 1 1 2 2 2 0 0 0 1 2 2 2 0 0 1 2 1 2 0 0 2 2 0 0 1 1 1 0 0 2 1 2 1 0 1 1 1 0 2 0 2 1 0 0 2 1 2 1 0 2 2 0 2 0 2 1 0 1 1 0 1 1 2 2 2 2 1 1 2 1 2 2 0 2 2 0 0 1 2 1 1 0 2 0 0 1 1 0 2 1 1 1 2 2 2 2 1 0 0 1
2 2 0 1 2 0 2 0 1 0 2 2 0 2 0 1 1 1 0 1 0 1 1 0 0 0 0 2 1 1 0 1 2 0 0 1 0 2 0 2 2 0 2 0 0 2 2 1 2 2 0 0 1 1 1 2 2 2 1 1 0 2 0 0 0 0 2 1 0 0 1 1 0 1 1 0 0 1 2 0 0 0 1 2 2 0 2 1 2 1 0 0 0 0 1 1 0 1 0 2 1 1 0 2 2 2 0 1
1 2 2 2 2 1 2 2 1 1 2 1 0 2 2 1 0 0 0 1 2 1 0 0 0 0 0 0 1 0 2 2 0 0 2 2 1 2 0 0 1 0 2 2 2 1 1 0 2 2 2 1 1 2 2 2 1 2 2 0 0 0 0 0 0 2 1 1 2 1 2 1 1 2 0 1 1 2 2 2 2 2 1 1 2 2 0 1 1 0 1 2 0 1 0 1 2 1 1 1 2 0 0 1 0 2 1 0
2 1 2 2 1 1 0 0 0 0 2 2 1 1 2 2 1 2 1 1 2 2 0 2 0 1 1 2 1 0 2 0 1 2 0 2 0 0 0 1 2 0 1 1 2 1 0 1 1 2 2 0 1 2 0 0 1 2 2 2 2 1 0 1 0 1 1 0 1 1 2 0 2 0 2 2 1 0 1 0 2 0 0 2 0 0 2 0 0 1 2 2 0 0 0 1 1 1 2 1 0 2 2 0 2 2 0 2
2 1 2 2 2 0 1 0 2 1 0 2 0 0 2 0 1 0 1 0 2 1 1 0 0 0 1 0 0 1 2 2 0 2 0 2 0 2 2 2 1 1 2 1 2 1 0 0 0 1 0 0 0 2 1 0 1 2 2 1 1 1 2 1 1 0 1 2 2 1 1 1 2 1 0 1 0 1 2 0 2 0 1 1 1 2 2 2 1 1 1 0 1 1 1 2 1 0 2 1 1 1 0 1 2 1 0 0
2 0 1 0 1 2 1 0 1 0 2 2 2 1 0 0 1 2 0 2 2 2 1 1 0 2 0 0 0 1 1 0 2 2 1 1 2 2 1 0 2 1 1 2 2 1 0 0 1 0 1 1 0 2 0 1 2 1 2 1 0 1 2 2 0 0 1 2 2 2 1 2 0 2 2 0 1 2 2 2 1 1 1 2 0 2 2 1 1 2 2 1 0 1 1 0 1 2 1 1 2 2 0 0 1 0 0 2
0 0 0 2 1 2 1 0 1 1 1 2 0 1 0 0 0 2 2 2 2 0 0 1 2 1 1 0 2 0 0 0 1 0 0 0 2 2 1 2 1 0 1 1 1 0 0 1 2 2 0 0 2 1 1 1 0 1 1 2 2 2 0 0 0 0 1 0 0 2 2 1 2 2 2 0 2 0 2 2 2 0 2 1 2 2 2 0 1 1 2 1 1 0 1 2 1 0 2 1 0 0 2 0 2 0 1 2
1 2 1 1 2 2 2 2 2 0 0 1 2 2 2 1 0 0 1 0 1 1 1 2 2 2 0 1 0 1 1 1 0 2 2 1 2 0 1 2 1 1 0 1 1 2 0 0 0 1 0 2 0 2 2 0 1 2 2 2 2 0 1 0 1 1 1 0 1 2 1 0 1 1 2 0 1 0 1 2 1 2 1 0 1 2 0 1 1 0 0 0 1 1 1 2 0 0 1 2 1 2 0 2 0 0 0 2
0 1 1 2 0 1 0 0 0 1 1 2 2 1 0 0 0 2 1 1 2 2 1 0 2 1 1 2 1 1 0 2 1 1 2 1 0 2 1 1 1 0 1 1 2 1 2 0 1 1 1 0 0 2 2 2 2 0 2 1 1 0 1 2 2 1 2 0 0 1 2 0 2 0 1 1 2 1 1 0 2 0 1 0 0 0 0 2 0 1 1 0 1 0 0 1 1 2 2 2 2 2 0 1 2 2 0 2
0 2 2 1 0 1 1 0 2 0 0 0 1 2 0 2 0 2 1 2 1 1 1 0 0 2 2 2 2 0 2 0 2 2 1 2 0 1 0 0 1 1 1 2 1 2 1 1 1 0 1 1 1 2 2 1 2 2 1 2 2 1 0 0 0 1 0 1 2 0 1 0 2 0 0 1 0 0 0 2 0 1 0 0 2 1 2 1 0 2 2 0 0 2 0 1 1 1 2 2 2 1 0 0 2 1 1 0
1 2 0 2 0 2 2 2 0 2 2 0 1 1 1 1 1 2 2 0 1 2 2 1 1 0 1 1 2 0 1 0 0 2 2 0 1 0 1 1 2 1 1 1 2 0 0 1 0 0 1 2 0 2 0 2 2 2 0 1 0 2 2 0 0 2 1 1 0 0 0 2 1 2 1 1 2 2 0 0 0 2 2 0 1 0 1 1 0 2 0 0 0 0 1 0 2 0 1 1 1 1 0 0 1 0 2 1
2 2 0 2 2 2 0 1 0 1 2 0 1 0 1 2 0 2 2 1 1 0 2 0 0 0 0 1 0 0 0 2 1 0 2 0 1 0 0 1 2 2 2 1 1 0 0 1 1 2 2 0 1 1 0 1 0 0 0 0 2 0 1 0 2 1 1 0 2 1 1 2 2 1 1 0 0 2 1 1 2 2 1 1 1 1 2 1 2 2 0 1 1 1 2 0 2 1 1 0 0 2 2 0 1 0 0 1
0 0 0 1 0 2 2 1 1 0 1 1 2 1 0 1 0 0 2 0 2 0 0 0 1 2 0 2 1 2 1 2 2 2 1 2 1 1 1 0 1 2 1 1 0 2 1 1 0 0 2 2 2 2 2 0 0 1 0 2 0 1 1 0 1 0 0 2 2 2 0 0 2 1 2 0 1 0 2 1 1 1 1 0 1 2 0 1 0 0 0 1 2 2 2 0 0 0 0 2 2 0 0 2 2 2 1 0
0 0 2 1 2 1 2 0 0 0 2 0 0 0 2 0 0 2 1 0 2 1 0 1 2 0 2 1 1 0 0 1 1 2 0 0 0 0 1 1 0 1 1 0 2 1 1 0 0 2 1 2 1 2 2 0 1 2 2 2 2 0 1 0 0 2 1 1 2 0 0 2 2 2 0 2 1 1 2 2 0 1 2 2 2 2 2 0 1 2 0 1 0 1 1 1 0 0 2 2 0 2 2 0 2 2 0 1
0 1 0 1 2 0 0 1 0 0 2 1 0 2 0 0 0 2 1 1 2 1 1 1 1 0 2 1 2 0 2 0 2 1 2 1 1 0 1 2 0 1 1 2 1 2 2 2 1 2 2 2 1 0 1 2 1 0 2 1 1 1 0 0 2 2 0 2 1 2 2 2 0 1 1 2 1 1 0 1 1 2 0 2 0 1 2 2 2 1 1 1 1 2 2 1 1 2 0 0 2 0 0 0 2 1 0 0
0 0 1 1 0 2 1 1 1 2 0 1 1 2 0 2 1 2 1 1 0 2 1 2 1 1 0 0 0 1 0 1 2 0 0 0 2 2 2 1 1 2 0 1 2 0 0 1 0 2 2 1 0 2 2 1 1 2 1 1 1 2 1 2 0 2 2 0 1 1 2 1 1 2 2 1 0 0 0 1 0 0 0 1 0 0 2 2 2 1 1 2 1 2 1 2 1 1 2 0 2 1 2 0 1 1 0 1
1 0 0 2 1 0 0 2 0 0 1 1 1 2 1 1 2 2 0 0 1 0 1 0 2 0 1 0 2 1 2 2 2 2 2 2 1 0 1 2 1 0 0 1 2 2 2 2 1 2 1 2 2 2 0 1 1 0 1 1 2 1 0 0 0 0 2 1 1 0 1 0 0 2 1 0 2 0 0 1 2 1 2 2 1 0 0 0 0 2 2 1 1 0 1 2 1 0 1 0 0 0 1 1 1 2 1 0
1 2 2 0 0 2 1 0 0 2 0 1 2 0 2 0 2 0 0 0 0 2 2 1 0 0 0 1 0 0 2 1 2 2 0 1 1 1 1 2 0 2 1 0 1 1 1 0 2 2 1 0 2 1 0 0 1 0 2 0 1 2 1 1 1 1 2 0 2 1 0 1 0 2 1 2 0 0 0 0 0 2 2 0 1 2 0 0 0 0 0 2 0 2 1 2 1 0 2 1 2 0 2 0 0 2 0 1
2 0 2 0 0 1 1 2 1 2 0 0 0 1 0 0 0 1 2 1 2 0 1 1 1 0 1 2 2 2 1 0 0 0 0 1 0 2 0 2 2 0 2 2 2 0 0 0 2 0 1 1 0 0 0 2 1 0 1 1 2 0 2 0 1 1 0 1 0 0 2 2 2 1 2 1 0 0 1 2 0 1 2 2 1 2 1 0 0 0 0 1 0 2 2 2 0 2 1 2 0 0 1 0 2 1 2 0
2 2 0 0 1 2 0 0 2 1 1 0 2 2 1 0 2 1 2 1 1 1 0 2 2 2 2 0 1 2 0 1 1 0 2 0 2 2 1 2 1 0 0 0 2 2 0 2 0 0 0 1 2 0 1 2 1 1 2 0 1 2 1 0 0 1 1 0 0 0 0 2 0 1 2 0 0 1 2 2 2 1 1 1 2 0 1 0 1 0 0 2 1 2 1 2 1 0 2 1 0 1 1 1 2 2 1 1
0 1 1 0 0 2 2 0 0 1 1 2 2 2 2 0 2 1 2 0 1 0 2 1 2 1 2 2 0 1 0 1 1 2 1 1 2 0 2 0 2 1 2 2 1 0 0 1 1 1 1 0 2 1 2 1 2 0 0 0 2 2 1 1 1 0 1 1 2 0 2 1 2 2 1 1 2 2 2 2 0 1 0 0 0 0 1 0 0 1 1 1 1 0 2 0 1 0 2 0 2 1 2 2 2 1 1 1
1 1 1 2 0 1 2 1 2 0 1 0 2 0 1 1 1 2 2 0 0 1 0 2 1 0 2 0 1 1 2 2 2 1 2 0 0 1 1 0 1 1 2 2 2 1 0 1 0 0 1 1 2 2 1 1 0 0 1 1 2 2 2 2 1 1 2 1 0 2 0 2 0 2 1 0 0 2 2 2 0 0 1 0 0 2 1 0 1 1 2 0 1 1 2 2 1 0 1 2 2 2 1 0 1 1 0 0
1 2 0 2 1 1 0 1 0 2 2 1 1 1 2 2 1 2 2 0 2 1 2 2 1 1 2 0 2 1 1 1 0 2 0 2 0 1 0 1 0 0 1 2 0 0 1 1 0 1 2 0 0 1 0 1 2 0 2 0 1 1 1 2 0 2 2 1 0 0 1 0 1 2 0 2 0 0 1 0 2 0 1 2 1 2 1 1 0 2 1 1 0 0 1 2 2 1 1 0 2 2 2 1 1 2 0 2
2 2 0 1 2 2 1 1 1 1 2 1 0 2 0 1 2 0 1 2 1 1 2 1 0 1 0 0 2 1 2 2 0 0 1 2 0 0 0 1 1 1 1 2 0 1 1 2 1 0 2 1 1 0 2 2 2 0 0 1 1 2 2 2 1 0 2 1 1 1 0 0 2 1 2 0 1 1 0 0 2 1 1 0 1 2 0 1 2 0 1 1 1 0 1 2 1 2 1 2 0 1 2 0 0 0 1 2
1 1 2 1 2 2 0 1 1 0 1 0 2 2 2 1 0 2 1 1 1 2 0 1 0 1 2 1 1 0 0 0 1 1 2 2 0 0 1 1 0 2 2 0 2 2 1 2 1 2 1 2 2 2 1 1 1 0 0 2 0 2 0 2 0 0 2 1 0 1 0 2 1 2 2 1 2 1 2 1 1 0 1 2 0 0 0 1 0 1 1 1 0 2 1 1 0 1 2 1 2 2 0 1 2 2 0 0
1 0 1 1 0 0 0 1 0 1 2 1 2 1 0 0 1 2 2 1 0 2 2 2 2 0 1 0 1 2 1 2 2 0 1 0 0 1 1 1 2 1 0 0 0 1 1 1 0 0 2 1 0 0 0 1 0 2 2 1 2 0 2 2 0 0 0 0 0 1 2 0 0 0 0 1 2 1 2 2 0 0 0 0 0 2 1 1 2 1 1 2 1 0 1 1 1 2 0 1 1 0 0 2 1 0 1 0
0 1 1 0 1 2 1 2 1 1 2 2 2 0 1 1 1 0 0 2 0 1 2 2 2 2 1 1 0 0 2 0 2 0 1 1 1 1 2 0 2 1 2 1 2 1 0 0 0 2 0 0 0 0 0 0 0 2 1 1 0 2 2 0 0 2 2 1 0 2 2 2 0 1 1 0 1 2 1 1 2 2 2 2 0 2 1 1 1 2 0 2 2 0 0 0 2 1 1 2 0 1 2 2 1 1 2 2
1 2 0 0 1 2 0 2 2 1 0 1 2 1 2 2 2 0 2 1 1 2 2 0 0 1 2 1 0 2 0 1 2 1 2 0 1 1 1 0 0 1 2 0 1 1 0 0 1 2 2 1 1 1 1 0 0 1 1 1 1 0 0 1 1 0 2 0 2 0 1 0 0 0 1 1 2 1 1 2 2 0 0 1 0 1 1 1 0 1 2 1 1 0 0 2 1 0 0 1 1 2 1 1 0 0 2 0
2 1 0 1 0 0 1 0 2 2 2 2 0 1 1 2 2 2 0 1 0 0 2 1 0 2 1 2 0 1 0 2 0 0 2 1 0 0 2 2 0 1 2 2 2 0 2 2 0 2 0 0 1 0 0 2 0 1 1 0 2 2 2 0 2 2 1 0 0 1 0 2 2 2 1 0 1 1 2 2 1 1 0 2 1 1 2 1 2 1 1 2 1 1 0 1 1 2 2 1 1 0 0 1 0 2 2 1
1 0 1 0 1 2 0 0 1 2 1 0 1 0 0 0 2 0 1 1 1 0 1 0 1 2 2 2 0 2 1 2 2 2 2 0 2 2 0 0 1 2 1 0 0 0 0 0 0 2 2 2 0 1 2 2 0 0 1 0 2 2 2 2 0 2 0 0 1 1 2 1 1 1 2 2 1 0 2 0 2 2 2 2 0 0 2 2 0 1 0 0 1 1 2 2 0 0 0 0 1 0 1 0 2 0 2 0
0 2 1 0 2 2 2 0 0 0 0 0 1 1 1 0 2 1 0 0 1 1 0 0 1 1 0 1 2 2 0 2 1 1 2 1 0 0 0 0 1 0 1 2 2 2 0 2 1 0 0 2 2 0 2 2 0 0 0 2 0 0 0 2 2 0 1 0 1 2 2 2 1 1 2 0 2 0 1 0 1 1 0 1 2 0 0 0 1 0 1 1 2 1 1 1 1 1 2 0 0 2 2 1 1 2 0 0
2 1 0 2 0 1 0 0 2 1 2 1 1 0 0 0 1 2 2 0 1 0 1 1 2 2 1 1 1 2 1 2 1 2 1 2 0 2 2 0 0 2 1 2 2 2 1 1 2 1 2 0 1 1 2 2 0 1 0 0 0 2 0 1 2 1 1 0 1 2 2 1 1 0 0 1 0 2 2 0 1 2 1 0 1 2 2 2 0 0 2 2 0 2 1 0 1 0 1 2 2 0 0 0 1 2 1 2
1 2 1 0 2 2 1 1 1 1 1 2 1 1 2 2 1 0 0 2 0 2 0 2 2 1 0 1 0 2 1 0 2 0 1 2 2 2 1 2 1 2 1 0 2 1 1 0 1 1 0 2 0 0 1 1 0 2 2 0 2 1 1 2 1 0 2 2 0 1 1 1 1 0 0 0 1 1 1 2 0 0 1 2 1 1 0 1 0 0 0 0 2 1 0 1 2 0 0 0 1 1 2 1 1 0 2 2
2 1 2 0 1 1 0 2 0 0 1 2 0 1 2 0 0 0 2 0 1 2 1 0 1 1 2 0 2 2 0 1 0 0 2 1 2 2 1 0 2 0 2 1 1 2 1 2 1 1 0 0 1 2 0 0 0 1 0 2 0 1 1 0 2 0 2 2 1 1 0 0 2 0 2 0 2 1 0 0 2 1 0 1 0 2 1 1 0 0 1 1 2 2 1 2 1 1 2 2 2 0 0 1 0 0 0 0
2 1 2 2 1 0 1 1 2 0 0 0 1 2 1 1 2 0 1 1 1 1 1 2 1 2 1 2 0 2 2 0 1 1 2 2 2 1 1 2 2 2 1 1 2 0 2 1 1 1 1 0 2 2 2 1 2 2 0 0 1 1 0 0 0 0 2 0 2 2 1 1 2 2 1 1 2 0 0 0 0 1 2 0 2 2 2 1 1 0 2 0 1 2 0 0 0 1 0 0 1 1 2 0 0 0 1 1
2 2 2 0 2 1 0 1 1 2 2 0 1 2 0 0 0 2 0 1 1 2 2 2 0 2 2 2 0 1 1 0 1 0 0 0 0 2 1 2 2 2 2 0 2 1 1 2 1 2 2 2 1 1 1 2 1 1 2 0 0 0 0 1 0 2 2 0 1 1 0 1 0 0 2 0 2 0 0 0 0 2 2 2 1 1 1 0 2 0 0 0 1 2 1 1 1 1 0 0 0 0 1 1 1 1 1 0
2 0 0 0 2 0 2 1 1 0 0 1 1 0 1 2 2 1 1 1 2 2 1 2 1 1 1 2 2 0 1 2 1 1 2 2 2 2 0 1 2 1 0 1 2 2 1 2 0 0 1 0 0 0 0 2 1 2 1 2 1 2 2 2 2 2 1 2 1 2 0 1 1 1 0 0 1 1 0 2 2 1 0 0 2 1 2 2 1 1 1 2 1 1 2 0 0 0 0 2 0 1 0 2 2 0 2 1
2 0 1 1 2 1 2 2 0 1 1 2 0 0 1 0 2 1 1 2 2 2 1 2 1 2 1 1 2 2 0 2 2 2 0 2 1 0 2 0 0 1 0 1 1 2 1 1 1 1 0 0 0 2 2 2 1 2 0 1 1 1 0 1 1 1 1 0 0 0 1 0 2 1 2 0 0 2 1 1 0 2 1 1 2 2 0 1 2 1 2 1 0 0 2 1 2 2 2 2 0 0 0 0 1 2 1 2
1 0 1 1 0 0 0 0 0 0 1 0 2 2 1 0 2 1 1 2 0 1 1 1 1 2 1 1 2 2 0 1 0 1 1 2 2 1 2 0 2 1 0 2 1 1 2 1 0 0 1 1 2 1 2 2 0 1 0 0 1 1 2 2 0 0 1 0 1 1 1 1 1 2 0 2 1 0 1 2 2 0 1 1 1 1 1 2 0 1 0 2 2 2 1 0 2 0 1 1 2 0 1 0 0 2 0 2
0 2 2 2 2 0 1 1 0 1 1 1 2 1 0 0 1 2 1 1 0 0 2 0 0 0 0 1 0 1 1 1 1 0 1 1 2 0 1 2 1 2 0 2 1 1 0 0 0 2 1 1 2 1 2 0 0 0 2 1 2 1 2 1 2 1 0 2 1 1 2 1 1 0 0 0 1 0 0 2 0 1 1 2 1 0 0 1 1 0 2 1 1 2 2 1 0 0 0 1 0 2 0 2 0 0 0 1
