3 109 19
47167960 985081299 268812839 248363512 1009747694 308037205 699354916 590604127 1033536221 630689774 397153672 897346402 1113906158 723892374 927446124 320148380 842527040 796361599 403724626 1054382336 655650026 214074294 497434278 752877871 272139619 451373436 462542012 33279974 732262438 396659128 106243748 1151210955 131566996 248169401 915842927 485126752 355518914 734714807 17452857 58175935 456678719 546179474 710334267 638130814 551478076 947793544 476117572 642177003 149198742 289067612 792241459 365643031 651133012 441355248 215353027 1049285408 1149958944 725257415 1130953527 1153837605 729307869 735547259 120264990 400826316 903816284 743970360 846777586 341297281 526514157 933682031 439923540 294368755 684539306 993017789 420382875 631006853 1086249089 345067973 29221735 396259595 184698034 352090684 767496533 566857353 582404761 195278996 886791636 149189178 708815569 265464996 471735192 951730977 53749450 619821819 919408827 190751903 878299749 203829004 831705955 285719162 250114729 125447485 1030930288 738765888 38514093 847571443 74107411 615292736 366036194
0 2 2 1 1 2 2 2 0 2 0 2 1 2 0 2 1 1 1 1 2 2 0 1 2 0 0 0 0 1 2 0 1 0 1 2 2 0 2 0 0 0 0 1 2 0 1 0 1 1 0 1 0 1 0 1 2 1 2 2 0 1 0 1 1 1 2 2 0 2 0 0 2 0 0 2 1 1 0 0 2 1 0 1 2 1 0 2 2 0 1 2 1 1 2 1 1 2 1 2 1 1 2 1 1 2 1 0 2
2 2 1 1 2 0 1 0 0 1 0 1 0 0 0 0 0 2 1 2 0 1 1 2 0 2 1 1 1 2 0 1 2 2 0 2 1 1 2 2 0 0 1 2 0 2 2 2 1 1 1 2 2 0 1 0 0 2 2 2 2 0 1 2 0 1 1 2 0 0 2 1 1 0 0 0 2 0 2 1 1 0 1 1 1 0 1 2 1 1 2 0 1 0 0 2 2 1 2 2 0 2 1 1 2 2 2 0 2
1 2 1 0 2 2 1 2 2 1 0 1 1 2 0 2 2 1 1 1 0 2 2 2 0 2 0 1 1 1 1 0 1 0 1 0 0 2 0 0 2 1 1 0 0 2 0 0 1 2 2 1 1 2 2 0 1 0 1 0 1 2 1 2 0 2 1 1 2 2 2 1 0 1 0 1 1 0 1 2 0 1 1 2 1 0 2 2 0 1 0 2 1 1 0 2 1 1 1 1 0 0 0 0 2 0 2 1 1
1 0 2 0 0 2 1 0 2 2 2 0 2 1 1 2 1 1 0 2 2 1 0 1 2 1 1 0 1 0 2 2 1 2 1 1 1 0 2 0 2 1 1 0 2 0 2 2 2 2 1 2 2 2 0 2 1 2 2 2 0 2 0 1 1 1 0 2 1 0 0 2 1 1 2 1 2 1 0 1 1 0 0 0 0 2 2 1 2 0 1 0 2 1 1 1 0 1 1 0 1 2 2 0 0 2 0 2 0
1 1 2 1 0 1 2 2 0 1 2 1 0 2 1 2 1 0 1 0 2 2 2 1 2 0 0 1 0 2 2 1 2 1 1 2 2 1 2 1 0 1 2 1 1 1 1 2 2 2 0 2 1 1 1 0 1 1 2 2 2 1 1 1 1 0 0 0 2 2 2 2 1 0 1 0 2 2 0 0 0 2 0 1 0 1 0 2 1 2 1 0 2 0 2 0 1 0 1 0 2 1 0 1 2 1 2 1 1
0 1 1 2 1 0 2 1 1 1 2 1 0 0 1 1 2 1 2 2 1 0 2 2 1 1 2 2 0 0 0 0 0 2 1 1 0 1 2 2 0 2 1 1 2 0 0 2 2 2 1 0 0 1 0 1 2 2 1 0 0 2 1 0 2 0 2 0 1 0 0 2 2 1 1 0 1 1 2 1 2 2 1 2 0 2 2 0 2 0 1 0 0 0 1 2 0 1 0 2 2 0 1 1 2 0 2 1 0
2 2 2 1 2 2 1 2 1 2 1 0 1 2 0 1 1 1 0 2 1 2 2 2 1 1 2 2 0 0 2 0 1 2 1 0 1 1 0 1 1 2 1 0 2 2 0 1 0 0 0 2 2 0 2 0 2 2 0 0 2 2 1 0 2 0 1 1 1 2 0 1 2 2 1 1 1 1 2 2 1 1 2 1 2 1 0 2 0 0 2 0 1 1 2 0 0 1 2 1 1 0 0 0 2 2 2 2 1
2 1 0 0 1 2 0 2 0 2 0 2 2 1 0 2 0 1 2 2 2 1 1 0 2 1 0 1 1 0 2 0 1 0 1 2 1 1 2 1 1 0 0 1 1 1 0 2 1 2 2 1 0 1 1 0 0 2 1 1 2 2 2 1 0 1 0 1 0 0 0 2 0 1 0 0 0 1 2 1 1 2 0 2 0 1 2 0 1 2 2 1 2 1 0 2 0 1 1 1 2 2 0 0 0 2 0 1 0
0 0 2 0 0 2 1 0 2 2 2 2 2 0 1 0 0 1 1 0 0 0 2 0 2 0 1 1 1 1 2 2 1 2 0 0 1 1 0 2 1 2 1 0 2 1 1 1 0 0 1 1 1 1 1 0 2 0 1 0 1 1 0 1 1 1 1 1 2 1 0 0 0 2 0 0 0 0 2 0 0 1 1 2 2 0 0 2 1 1 0 0 0 1 1 2 2 2 1 0 1 1 0 2 1 2 0 2 2
0 0 0 2 0 2 2 0 2 2 2 2 0 1 0 2 2 0 0 0 1 0 2 2 0 2 2 0 0 1 0 0 2 0 2 2 1 2 1 1 2 1 1 2 2 2 0 0 2 0 0 1 0 2 1 1 2 0 0 2 2 0 0 0 2 0 0 1 0 1 2 0 1 1 0 0 1 1 1 1 1 1 2 2 2 2 2 1 0 2 2 1 0 0 1 2 1 1 0 2 0 1 0 2 0 1 2 2 0
2 0 2 0 1 0 0 0 0 0 1 0 2 2 0 2 0 1 0 2 1 0 0 0 1 2 1 0 2 0 1 1 1 1 0 2 1 1 0 2 1 2 2 1 2 0 0 0 1 2 2 0 0 0 2 0 0 0 0 1 1 2 0 0 0 1 2 0 0 0 2 2 2 0 1 2 0 2 0 2 2 0 0 0 1 2 0 2 0 1 1 2 1 2 2 2 0 2 2 1 0 0 1 0 1 2 0 2 1
1 1 2 1 2 2 0 2 0 1 0 2 2 2 0 1 2 2 0 2 0 2 2 1 0 2 2 0 0 1 0 1 0 2 1 2 2 1 2 2 2 2 2 0 2 2 1 2 1 2 1 2 2 0 0 0 1 0 2 1 2 0 1 2 0 2 0 2 0 2 2 1 0 1 1 2 0 0 2 2 1 0 0 1 2 1 2 0 2 1 1 1 1 0 2 2 2 2 1 1 2 0 2 2 2 1 0 2 2
2 0 0 0 0 1 2 1 1 0 1 0 0 1 0 0 0 2 0 0 1 1 0 2 1 0 2 0 0 2 2 0 2 0 0 0 1 1 0 0 1 2 1 2 0 1 0 1 0 0 2 1 2 0 1 1 1 1 1 1 0 0 2 1 0 0 2 0 2 0 0 2 0 1 1 1 0 1 0 1 2 0 0 1 0 2 2 1 0 0 0 2 2 0 0 2 1 0 0 0 1 1 2 1 0 1 0 1 2
0 0 0 2 0 1 0 0 2 0 0 2 0 2 1 2 0 2 0 1 2 1 0 1 1 2 0 0 2 2 0 1 2 0 0 2 0 0 2 2 0 1 2 2 1 2 1 0 1 2 2 1 0 2 1 2 1 1 0 1 0 1 2 2 2 0 2 2 1 0 2 2 1 2 2 0 1 0 0 0 0 2 2 1 2 1 1 0 2 2 0 0 0 2 0 0 0 0 0 2 0 2 1 2 2 1 2 1 2
1 2 0 0 2 2 1 0 0 2 1 2 2 1 0 2 0 1 0 0 2 2 1 2 1 0 0 0 0 1 0 1 1 1 0 1 0 1 2 1 0 1 1 1 1 2 0 1 1 1 1 0 0 0 1 1 1 1 0 1 0 0 1 2 2 1 0 0 0 1 1 1 2 0 2 0 0 0 1 1 1 0 0 1 1 2 1 2 1 1 1 1 2 2 2 2 1 2 2 1 1 0 0 1 1 0 2 2 0
2 0 2 0 1 1 2 0 0 1 2 2 2 2 2 2 1 1 0 0 0 2 0 1 1 2 0 1 1 2 2 1 0 2 2 2 2 1 0 2 2 0 2 0 2 1 2 0 1 1 1 1 1 2 0 2 1 0 1 1 2 1 2 0 1 1 0 0 2 1 1 0 1 0 0 1 2 0 2 1 2 2 0 2 1 0 2 0 2 1 1 2 0 1 0 1 0 0 0 0 2 1 0 1 2 1 1 1 2
0 0 2 2 1 1 2 2 1 0 1 0 1 1 0 0 1 2 0 0 2 2 0 0 2 1 2 1 0 2 1 1 0 0 1 2 0 0 1 2 1 0 2 0 2 2 1 0 1 1 1 2 0 1 2 1 0 0 0 0 2 1 2 0 2 2 2 0 0 0 2 2 1 1 2 0 1 0 2 1 0 0 0 1 2 0 0 0 0 0 1 0 2 2 1 0 1 0 0 2 2 1 1 1 2 2 2 1 2
2 0 0 2 0 0 2 0 0 0 2 2 0 0 1 2 2 2 1 0 0 0 2 2 0 1 1 2 1 0 2 0 0 1 0 1 1 1 2 1 1 2 0 2 2 0 2 1 2 0 2 0 2 2 2 0 1 2 2 2 2 2 0 1 0 1 2 2 0 2 2 2 1 2 2 2 0 1 1 0 0 1 1 2 1 1 0 2 1 0 0 1 2 0 2 1 2 0 0 2 0 2 2 0 0 1 2 1 0
0 2 0 0 1 0 1 0 0 1 1 0 2 2 1 0 0 0 2 0 1 0 0 2 2 0 2 1 0 1 1 2 1 0 2 2 0 1 0 2 2 1 2 2 1 1 0 1 1 0 2 0 0 0 2 0 1 2 1 2 0 1 2 2 1 1 1 2 2 2 1 2 0 2 2 2 0 2 1 2 1 1 0 2 2 0 1 1 0 0 1 1 1 0 1 0 1 0 0 0 0 1 0 1 0 2 1 1 0
0 1 2 2 2 1 1 0 2 2 0 0 1 1 2 2 2 0 1 1 0 2 1 2 0 2 0 1 1 2 2 2 1 1 1 1 2 2 1 0 2 1 1 1 0 0 1 1 1 0 2 1 0 1 2 1 1 0 0 2 2 2 2 1 0 0 0 0 0 1 1 0 0 2 2 1 1 1 2 2 1 2 2 0 0 1 1 2 1 2 2 1 1 2 0 2 2 0 2 1 2 2 1 0 1 1 1 0 0
2 0 2 1 2 2 0 1 1 0 0 0 2 1 2 2 2 1 0 2 1 1 2 1 0 0 2 1 1 1 2 1 1 2 1 1 2 1 0 2 1 0 0 1 1 0 1 1 1 1 0 0 2 0 1 2 0 2 1 2 0 1 1 2 1 0 0 1 1 0 0 0 1 1 2 2 1 0 0 2 2 1 1 2 2 2 2 2 1 1 2 2 0 1 1 1 1 2 0 2 2 1 0 0 0 0 0 1 1
1 1 2 0 0 1 2 0 2 2 2 1 2 2 1 0 0 0 2 0 0 2 0 2 1 2 2 1 0 1 0 2 1 2 0 1 1 1 2 1 0 2 2 0 1 1 2 2 2 2 0 0 2 2 0 0 1 0 2 1 0 0 1 1 2 0 0 1 1 0 2 2 2 1 1 1 0 0 1 2 0 2 0 2 1 1 1 0 1 0 2 1 0 2 0 0 2 1 1 1 1 2 0 1 0 2 2 2 0
1 1 0 1 2 1 2 1 2 0 0 0 0 2 1 0 1 2 2 2 1 1 1 0 2 2 2 2 2 1 0 1 0 1 0 1 0 0 2 0 1 0 0 2 1 2 2 2 1 2 1 1 1 0 1 0 0 0 0 0 2 1 1 0 0 1 2 0 0 1 1 1 2 2 1 0 2 1 0 1 1 2 0 2 2 2 0 0 0 1 0 0 2 2 1 0 1 0 1 2 1 2 0 1 1 2 2 1 0
2 1 2 1 1 1 1 1 1 1 2 0 1 0 0 1 1 0 0 1 1 2 0 1 0 0 1 2 0 0 0 0 1 2 2 1 1 1 0 0 2 0 1 2 0 2 1 1 0 1 0 2 1 2 1 2 2 2 2 2 2 0 0 2 2 1 1 1 2 2 1 2 0 0 2 0 0 0 2 1 2 0 0 0 2 2 0 2 1 2 0 2 2 1 2 2 2 0 0 1 0 0 2 0 1 1 1 2 2
1 0 1 1 2 0 2 1 0 1 1 1 1 0 0 0 2 1 2 0 2 2 0 0 1 2 2 2 0 2 2 1 0 2 0 0 2 2 1 0 1 2 2 0 0 1 1 0 2 2 1 1 1 0 0 0 2 2 0 2 1 1 1 2 0 1 2 0 1 2 1 2 1 1 0 0 2 2 0 2 2 2 1 1 0 1 1 2 1 2 2 1 0 0 0 0 1 1 1 2 0 0 2 2 1 1 0 1 0
1 0 0 1 1 1 1 1 2 1 2 2 0 0 0 0 2 1 1 1 1 2 2 1 2 2 0 0 0 1 1 2 2 1 0 1 2 2 2 2 0 0 2 0 1 0 0 0 2 2 1 0 2 0 2 2 1 0 2 1 2 1 0 1 0 1 1 0 0 1 2 1 1 2 1 0 0 2 0 0 2 0 1 2 1 2 1 2 2 1 1 2 0 1 1 1 2 2 1 0 1 1 1 2 2 0 0 2 0
2 0 0 2 2 0 1 2 2 2 1 1 0 1 2 2 0 0 2 2 2 0 1 1 2 2 0 1 2 1 1 1 1 2 1 0 0 0 2 2 0 2 1 0 0 1 2 0 2 0 1 2 1 0 0 0 2 2 1 2 0 1 1 1 0 0 0 1 1 0 1 1 2 0 2 1 1 0 2 0 0 1 2 1 2 1 2 1 0 2 1 0 0 1 1 1 2 2 0 0 0 2 2 0 0 2 1 2 2
1 2 2 2 0 1 2 1 2 1 1 1 0 2 2 1 1 0 0 1 2 1 2 2 1 2 2 1 1 1 0 0 2 1 0 2 0 0 1 2 2 0 1 0 2 0 2 0 2 2 2 1 2 1 0 0 1 2 2 0 2 1 1 2 0 2 1 0 0 0 1 2 0 0 0 2 1 0 0 1 0 1 2 2 2 0 1 1 0 1 1 2 2 0 1 2 0 0 1 0 0 0 1 1 0 2 1 2 2
2 0 0 0 0 0 0 0 2 2 1 0 1 1 1 2 1 0 0 1 2 1 0 0 0 2 1 2 1 1 2 1 2 0 2 2 1 2 0 1 1 2 1 1 1 2 1 2 1 1 2 1 2 0 2 0 2 0 0 0 1 1 2 1 2 1 1 0 1 2 2 0 2 1 1 0 2 2 1 0 1 0 2 2 0 1 2 0 2 0 2 2 1 1 0 0 0 2 1 2 2 0 2 2 2 2 0 2 2
1 0 1 2 2 0 0 1 0 0 1 0 0 0 0 2 2 0 0 1 0 2 2 0 2 1 0 2 2 2 0 1 0 1 0 0 2 0 1 0 2 0 1 2 1 1 2 0 0 0 2 0 2 2 1 0 1 0 0 1 0 0 0 1 2 0 1 1 2 0 1 2 0 0 1 1 2 2 2 2 2 0 2 0 2 2 1 0 2 1 2 2 2 0 0 2 1 1 1 0 2 0 2 0 1 2 2 2 1
2 1 1 2 2 1 1 1 2 0 1 1 0 0 1 0 2 1 1 0 0 0 0 1 0 1 0 2 0 2 1 2 2 0 2 2 1 1 0 2 2 1 1 2 2 2 0 1 0 2 0 1 2 1 0 0 2 1 0 2 2 0 0 1 0 2 0 2 1 1 1 1 0 2 1 2 2 1 2 1 2 2 0 2 0 1 2 0 2 1 0 2 1 0 0 1 1 1 1 0 0 0 0 0 0 1 1 0 1
1 2 0 0 2 2 1 1 0 2 1 2 2 1 0 1 2 2 0 1 0 1 1 1 1 0 2 1 2 0 2 0 0 0 1 0 0 0 1 1 2 2 0 2 0 1 1 0 0 1 2 2 1 1 0 2 2 0 1 1 1 1 2 2 2 0 2 0 1 0 2 1 1 1 1 2 2 2 2 0 2 2 0 0 1 1 0 1 2 0 0 1 1 0 1 1 2 1 2 0 0 1 2 1 2 1 0 0 1
1 0 1 0 0 1 2 1 0 1 1 0 2 1 2 2 0 0 1 2 2 2 2 2 2 0 2 1 2 2 2 1 0 1 1 1 0 2 1 1 1 0 2 0 1 2 2 2 2 2 2 0 2 2 0 2 1 0 0 0 0 0 1 1 1 0 0 0 0 1 2 1 1 2 1 1 1 2 1 1 2 1 2 1 1 2 0 2 0 1 0 1 1 2 2 1 2 2 1 1 1 0 2 1 2 2 0 1 2
1 0 1 0 0 0 2 0 0 1 1 2 2 2 0 1 1 1 1 2 0 2 0 1 0 1 1 2 1 1 1 1 2 0 2 2 0 1 2 1 0 0 0 2 0 0 0 2 0 2 1 0 2 2 2 2 2 2 2 1 0 1 2 2 1 2 2 1 0 0 0 1 1 0 0 2 1 1 2 2 1 1 0 0 0 0 0 2 2 2 2 0 1 1 0 2 1 0 1 2 0 1 1 1 2 2 1 1 1
0 1 2 1 2 0 2 0 1 2 0 1 1 1 2 1 2 2 2 0 0 2 1 2 0 0 1 0 2 0 2 2 1 1 1 1 2 1 2 1 0 0 2 0 2 1 1 2 0 1 2 1 0 1 0 2 2 2 0 1 2 2 1 2 1 2 1 0 0 0 2 2 1 1 2 1 0 0 1 1 2 2 2 2 0 0 2 0 2 2 2 2 1 1 2 2 1 1 0 2 2 2 2 1 1 2 0 1 2
2 0 2 1 2 2 2 0 2 2 0 1 0 0 0 1 2 0 2 0 2 2 1 2 1 0 1 0 1 0 0 0 1 2 2 0 2 2 2 2 2 2 0 2 2 1 0 0 2 0 1 2 0 2 1 2 2 2 0 0 0 1 1 1 1 1 2 1 0 1 0 2 1 1 2 1 0 0 1 0 1 0 2 2 0 1 1 0 1 2 0 1 0 2 0 0 0 1 1 0 2 0 1 1 2 1 1 2 1
0 0 0 1 0 2 2 1 1 2 0 0 0 2 2 1 0 0 1 1 1 0 1 2 2 1 1 0 0 2 1 0 2 2 2 0 2 2 2 1 1 0 0 2 2 2 1 0 2 0 2 1 1 2 1 0 0 0 1 0 2 2 0 2 0 0 0 2 2 0 2 1 0 2 2 0 2 0 1 1 1 1 0 0 0 2 0 0 1 1 1 0 2 0 1 0 0 1 0 1 2 2 0 2 1 2 0 0 1
1 2 2 0 1 0 0 0 1 2 2 1 0 0 1 1 2 1 0 1 2 1 0 2 2 0 1 0 0 2 1 2 2 1 0 0 2 1 2 2 1 1 0 0 2 2 1 1 1 1 2 0 0 0 2 0 0 1 0 1 1 2 1 1 0 1 2 0 0 2 2 2 1 0 2 1 0 1 0 1 0 1 2 1 1 2 1 2 1 2 1 0 1 2 1 2 1 1 0 1 0 0 1 2 1 1 1 1 0
1 0 1 2 2 2 1 2 1 1 1 1 2 1 0 2 1 0 0 2 0 2 1 1 1 1 2 0 2 1 0 0 2 1 1 1 2 0 2 1 2 1 2 1 1 2 0 2 0 1 2 1 0 0 2 2 1 2 0 0 1 0 2 0 0 1 0 2 1 0 0 0 1 2 2 2 0 0 1 0 1 2 2 1 2 2 1 2 0 1 0 1 2 0 0 2 1 0 2 2 1 0 0 2 1 2 2 1 2
1 2 0 0 2 0 0 0 1 0 0 0 0 1 2 1 2 0 0 2 0 0 0 1 1 1 2 1 0 1 1 1 1 0 0 2 0 0 2 2 1 2 2 2 1 1 0 1 2 2 1 0 2 0 2 1 1 2 0 1 0 2 0 2 0 0 1 0 1 0 2 2 0 2 2 2 1 0 0 1 2 2 2 2 2 1 2 0 0 2 2 1 1 0 1 1 1 1 2 0 1 2 0 0 1 0 0 0 2
1 1 2 0 1 0 0 2 2 0 0 1 0 2 1 1 0 0 2 1 0 0 1 2 2 1 2 2 2 2 2 0 1 2 0 2 0 0 1 2 1 2 0 2 1 2 0 2 0 2 1 1 1 0 0 0 2 0 0 1 2 1 1 0 0 1 2 1 0 1 0 2 0 0 1 2 1 1 2 1 1 0 2 0 1 0 0 0 1 2 1 0 0 2 2 1 1 1 2 1 1 2 0 2 0 2 2 1 1
1 2 1 2 2 1 0 0 0 0 2 2 2 0 2 1 2 1 0 2 0 0 0 0 1 2 0 1 1 0 0 0 0 1 2 0 1 2 1 1 0 0 1 2 1 1 1 1 2 0 1 2 0 1 2 2 1 0 1 1 0 2 2 2 1 2 2 2 2 1 0 1 2 1 0 0 0 2 2 2 0 0 2 0 2 2 0 1 0 2 0 1 1 2 0 2 2 0 0 2 2 0 1 1 0 1 0 0 1
2 1 1 0 0 2 2 0 0 1 1 2 2 2 1 2 1 1 2 2 1 2 2 0 0 0 1 2 0 2 1 1 0 1 1 2 0 1 2 1 1 0 0 0 0 2 0 1 1 0 1 0 0 0 0 1 1 1 1 0 2 2 1 2 0 0 1 2 1 1 0 0 1 2 1 0 1 2 1 0 0 0 1 1 0 2 2 0 2 0 0 1 0 2 0 2 2 0 1 1 1 1 0 1 0 1 1 0 1
0 1 2 1 2 0 1 0 0 2 2 1 2 0 1 2 1 0 2 1 1 1 1 1 1 2 2 0 1 0 2 1 2 2 2 2 0 2 2 0 1 1 1 2 2 1 2 1 2 2 2 2 1 1 0 0 1 0 1 2 1 0 2 1 0 2 0 0 1 1 2 1 2 1 1 0 2 1 1 0 0 1 2 1 0 0 1 2 1 0 2 2 1 2 0 2 1 1 0 1 0 2 0 2 1 2 2 1 0
1 2 1 0 1 0 1 2 0 0 1 0 0 1 2 2 2 2 2 1 0 1 1 0 1 1 2 1 2 2 1 1 1 0 1 1 1 0 0 2 2 2 0 2 1 0 0 1 2 0 2 0 1 1 1 0 0 0 1 2 2 2 1 2 1 0 0 2 2 0 2 1 1 2 1 2 2 2 0 0 2 0 1 1 2 0 1 2 1 0 0 1 0 2 0 2 0 1 2 2 0 1 1 1 0 1 0 1 0
1 2 1 2 0 0 1 1 2 0 0 2 1 2 0 0 1 2 2 2 1 1 2 0 1 0 1 0 1 0 1 0 0 2 2 1 0 0 0 0 2 0 0 1 1 2 2 0 1 1 2 1 0 0 2 2 1 1 2 0 1 1 0 2 1 1 1 2 2 1 0 1 0 1 1 1 0 0 1 2 2 1 1 0 1 1 1 0 2 1 1 2 2 2 1 2 0 2 1 0 2 0 2 2 1 0 1 2 1
0 2 1 1 2 0 1 1 2 2 1 0 0 0 1 0 0 0 1 0 2 2 2 2 2 2 1 1 0 1 0 0 1 2 0 0 0 1 1 2 0 2 0 1 1 1 1 2 2 0 2 2 2 0 2 0 2 1 1 0 2 1 1 1 1 1 2 1 0 0 1 0 1 2 2 0 0 1 2 0 1 1 0 1 1 0 2 2 1 0 0 2 1 1 1 0 1 1 2 1 2 1 0 1 1 2 1 1 1
0 2 0 0 0 2 2 1 1 1 0 1 2 0 0 1 2 0 0 0 1 2 0 2 2 2 0 0 0 2 1 2 0 2 2 0 1 1 2 2 1 0 1 0 0 2 2 0 0 0 0 1 0 2 1 0 1 2 0 2 0 0 1 0 2 1 1 2 1 2 1 2 2 1 0 0 1 1 1 1 1 2 1 1 1 2 2 0 0 0 0 0 1 2 0 1 1 2 1 0 1 0 2 1 1 0 2 2 1
1 2 0 0 0 1 0 2 1 0 2 2 1 0 1 2 1 2 1 1 0 1 0 1 1 2 0 1 2 0 0 0 0 1 1 0 0 2 0 2 0 1 2 2 1 0 2 0 1 0 2 2 1 2 1 2 2 2 2 2 0 0 0 0 1 2 0 1 1 1 1 2 2 0 0 2 2 2 2 0 0 2 0 2 1 2 2 2 1 2 2 2 2 0 2 0 0 0 2 2 1 1 0 2 2 0 1 1 0
1 2 1 0 0 1 2 0 1 1 1 1 1 1 0 2 1 0 2 1 2 1 0 1 2 0 2 2 1 0 1 2 1 0 0 2 2 0 2 1 2 1 2 0 2 2 0 0 2 2 2 0 2 0 2 1 1 1 2 0 0 1 1 2 1 1 1 1 1 0 2 1 2 2 2 2 1 1 2 2 0 2 0 0 2 0 0 1 2 0 2 0 1 1 2 2 0 0 0 2 1 1 1 0 0 1 0 2 2
2 2 1 2 2 2 2 0 2 1 0 2 1 0 1 2 2 1 2 2 2 2 1 1 1 2 1 1 2 2 1 2 1 2 1 1 0 0 2 0 2 2 1 0 2 2 0 2 1 1 1 2 1 0 0 1 2 0 2 2 2 0 1 0 1 0 2 2 0 2 2 1 1 0 1 1 0 0 0 2 2 2 1 0 2 2 1 2 2 1 1 2 0 0 0 2 0 0 1 2 0 0 0 0 1 2 1 2 0
0 2 2 2 1 0 0 0 2 0 0 2 0 2 2 0 2 1 2 0 2 2 1 0 0 1 2 2 0 2 0 0 2 2 1 0 0 2 1 1 0 2 0 0 1 2 2 1 1 2 0 1 1 2 1 1 0 1 1 1 1 2 0 0 2 1 1 0 1 2 1 1 1 1 0 0 0 0 0 2 2 0 0 1 2 2 0 0 1 1 1 2 1 1 1 1 0 2 2 2 0 1 1 1 0 2 0 2 2
1 1 2 1 2 1 1 1 1 2 0 0 0 2 2 0 1 1 1 1 1 1 1 0 0 0 0 2 1 2 2 2 1 2 1 0 0 2 2 1 1 2 1 0 2 1 1 2 2 2 0 1 0 2 1 1 2 2 0 1 1 0 0 0 2 2 1 2 2 0 0 2 0 0 0 1 2 2 0 2 1 1 1 0 0 0 1 2 2 0 1 2 0 0 2 0 0 1 0 0 2 2 2 0 2 0 2 2 2
2 1 2 0 0 2 1 1 1 0 1 1 0 1 0 0 1 1 0 0 1 0 0 1 1 1 0 2 0 0 2 0 0 1 1 1 1 2 0 2 0 2 2 1 0 2 1 2 1 2 0 2 0 1 1 2 2 2 2 0 1 1 1 1 0 0 2 1 2 1 1 0 0 0 1 1 0 0 2 1 2 2 2 1 1 1 0 1 1 2 2 2 1 0 1 1 0 2 0 1 0 2 1 0 2 0 2 0 1
1 2 1 2 1 0 0 2 0 2 1 1 1 0 0 0 0 0 1 2 0 2 2 0 1 2 0 2 2 1 0 2 0 2 1 0 2 1 2 1 2 1 0 0 0 0 0 0 1 0 2 2 2 1 2 1 1 0 1 0 2 0 2 1 2 1 1 0 1 1 2 0 1 0 1 1 0 0 1 0 0 1 2 2 2 2 2 1 1 0 2 0 0 0 1 1 1 0 1 2 0 1 0 1 1 2 2 2 2
1 2 2 2 2 2 2 2 1 1 1 0 0 1 0 0 1 1 0 2 0 0 2 1 1 0 0 1 0 0 1 2 0 1 2 0 0 2 0 0 0 1 0 1 0 1 2 1 0 2 2 1 1 2 0 2 0 1 1 1 1 2 1 2 0 1 0 1 1 0 2 1 1 2 0 2 2 1 2 0 0 1 1 2 0 2 2 1 1 0 1 0 2 2 0 0 1 0 2 2 0 1 1 2 2 2 2 1 0
1 2 2 2 0 1 0 1 1 2 2 1 0 0 2 0 1 2 1 1 2 1 0 1 0 2 1 0 2 0 1 0 2 0 0 0 2 1 1 0 1 1 0 2 2 2 2 1 2 1 2 2 0 2 1 1 0 2 2 2 0 1 1 2 1 1 0 1 0 2 0 2 1 0 1 1 0 1 2 0 0 0 2 1 0 1 0 0 0 2 1 1 0 2 0 2 1 2 1 2 2 1 2 0 1 1 0 2 2
2 0 0 0 0 2 1 2 2 2 0 2 0 2 0 0 0 0 2 2 1 2 1 0 2 0 2 0 0 2 1 0 2 1 1 0 0 0 2 0 0 0 2 2 0 0 2 0 0 2 0 2 2 1 0 2 1 2 2 2 2 1 0 2 0 1 0 0 2 2 2 2 0 2 1 0 0 2 2 1 2 2 1 2 1 1 2 1 2 2 0 1 1 0 1 1 2 1 2 1 1 1 2 0 1 1 1 1 0
0 2 1 2 2 0 1 0 2 2 2 1 0 2 0 1 0 1 0 2 1 0 0 0 0 1 1 1 0 0 0 0 1 1 0 0 2 2 0 2 2 1 1 2 0 2 1 1 0 2 0 2 0 1 0 0 0 1 2 0 0 0 0 1 2 1 1 1 1 2 0 0 0 0 1 1 2 2 2 0 2 0 0 2 2 1 0 0 0 1 0 0 1 1 1 1 1 2 0 2 0 2 1 0 2 2 0 2 2
0 2 2 2 0 2 1 1 1 1 2 2 2 0 1 0 2 0 1 2 2 2 2 1 0 1 1 0 1 0 2 2 2 1 1 0 2 0 2 0 2 2 0 1 0 2 0 2 1 2 1 0 1 2 1 1 0 2 1 2 0 2 1 2 0 1 0 0 1 0 1 1 2 2 2 2 2 0 2 0 0 2 1 1 1 2 1 1 2 0 1 2 2 2 2 1 1 0 1 0 1 1 2 1 0 2 2 2 0
1 0 0 1 1 2 2 1 1 1 1 0 0 0 2 1 1 1 2 2 1 2 0 2 2 1 2 2 0 0 2 0 1 0 1 0 2 2 1 2 1 1 2 2 2 2 0 0 1 2 2 0 0 0 0 2 0 2 1 1 0 1 1 2 1 1 0 2 1 2 1 2 0 1 1 0 0 2 1 2 2 1 0 0 2 0 2 2 1 2 1 1 0 0 1 2 1 2 1 2 2 0 0 0 1 2 0 2 2
2 0 2 1 0 2 0 2 2 0 0 1 2 2 0 2 2 2 2 1 1 2 0 2 2 1 1 2 2 0 2 2 1 1 0 0 1 1 2 0 2 2 0 1 2 0 0 1 0 0 0 2 0 1 1 2 2 2 2 0 0 2 2 2 0 0 2 2 2 1 1 2 1 1 0 0 2 1 2 0 2 2 2 0 0 0 2 1 0 0 2 0 2 1 2 1 2 2 1 1 0 2 1 1 1 1 2 0 1
2 1 1 1 0 1 2 1 1 1 1 2 0 0 0 0 2 1 2 0 0 2 0 0 0 0 1 0 0 0 2 2 1 0 1 0 2 0 1 1 0 1 1 0 1 2 1 1 1 1 2 1 1 0 1 1 1 1 2 1 2 1 0 0 2 1 1 2 2 1 1 2 2 0 1 1 2 2 0 0 1 0 2 0 1 1 2 2 0 2 0 2 2 1 0 1 2 2 2 1 0 1 2 0 2 1 1 2 0
2 2 0 0 2 0 1 1 0 0 1 0 1 1 0 2 2 1 2 1 1 2 2 2 1 2 1 2 1 0 0 1 0 0 2 0 2 1 1 2 0 1 0 1 2 0 2 1 0 1 0 1 0 0 2 1 2 0 1 1 2 2 1 2 0 0 0 2 2 0 0 2 1 0 1 0 2 0 0 0 2 1 1 0 2 0 2 2 2 1 2 1 1 0 1 2 1 2 0 0 0 0 0 1 1 2 2 1 2
0 1 1 2 1 2 1 2 2 1 1 1 0 0 0 0 0 2 1 0 0 2 0 1 2 2 1 1 1 2 1 2 2 0 2 0 1 1 2 0 2 2 2 0 2 0 0 2 0 0 2 1 0 0 2 2 2 1 1 2 1 0 2 0 1 1 1 2 2 0 0 2 0 0 2 0 0 1 0 1 2 1 2 2 2 2 1 2 1 0 1 0 1 0 1 0 1 2 0 1 0 1 0 1 2 1 2 0 0
0 1 2 2 1 1 2 1 0 1 0 0 2 0 2 0 1 2 2 1 0 0 1 0 1 0 2 2 0 0 0 1 2 2 1 0 0 0 1 0 2 2 1 1 2 0 2 1 1 1 2 1 2 2 1 1 2 1 1 1 2 2 2 2 1 0 2 0 2 2 0 1 1 2 1 2 0 0 0 1 0 0 1 2 2 0 0 2 0 0 0 0 0 0 2 2 2 2 2 2 2 1 0 1 0 1 0 1 0
1 0 0 1 2 2 1 0 1 2 0 2 0 1 0 2 1 2 2 1 0 1 0 1 1 2 1 1 0 0 2 2 0 0 1 0 2 1 1 1 0 2 1 1 1 1 0 2 1 2 1 2 1 0 0 0 2 1 2 0 2 2 0 0 2 1 1 2 0 0 2 0 0 0 0 2 0 0 2 2 1 2 1 2 2 1 0 1 0 0 2 2 2 2 0 1 2 2 1 2 0 1 1 0 1 1 0 1 2
1 0 0 0 1 1 2 0 1 0 0 0 1 0 2 1 0 2 0 0 1 1 1 2 2 2 0 1 1 0 1 2 1 2 2 1 1 2 1 0 2 2 0 1 0 1 0 0 0 1 2 2 2 0 1 2 0 2 1 1 2 0 0 2 0 0 0 1 2 1 2 0 1 0 1 1 2 1 0 0 1 2 2 0 0 0 1 0 2 2 2 0 2 0 2 0 1 2 1 0 1 2 0 0 2 0 1 2 2
2 2 0 1 1 1 2 1 0 0 1 2 0 1 0 0 0 0 2 0 0 0 2 2 1 2 2 1 1 1 2 1 1 2 0 2 1 0 1 1 0 2 2 1 1 0 2 2 1 2 0 1 0 2 1 1 1 1 1 0 0 0 1 1 2 2 1 2 2 2 0 0 2 0 2 1 0 1 0 2 0 0 1 0 0 1 0 2 0 1 0 1 2 1 0 2 1 2 1 1 1 0 2 1 0 1 2 2 1
1 2 1 2 1 0 0 0 0 2 1 2 2 0 1 2 0 0 1 2 0 0 2 0 0 0 1 2 1 1 0 2 1 2 2 1 2 2 1 2 2 2 2 2 2 0 1 1 2 1 0 2 1 0 0 1 1 2 1 0 2 2 0 0 2 2 1 2 2 1 0 2 1 2 2 2 0 2 0 0 0 1 0 1 2 1 0 1 0 0 1 0 2 2 2 2 1 0 2 1 2 2 1 1 2 1 0 0 0
1 0 1 2 1 0 1 2 0 2 1 1 1 1 1 0 0 1 0 2 0 1 1 0 0 0 0 2 1 1 0 2 2 1 2 1 1 1 1 1 2 2 0 0 1 2 2 0 0 2 2 2 1 1 0 2 2 0 1 0 0 2 1 0 0 0 1 1 1 2 1 1 2 2 0 1 1 2 1 2 2 1 1 1 0 2 2 2 0 1 1 1 1 0 1 1 0 0 0 2 0 2 1 0 1 1 2 0 1
1 2 1 2 2 2 2 2 1 0 0 0 2 2 1 2 0 0 0 0 1 0 1 0 1 2 1 0 2 1 2 0 2 0 0 1 1 0 0 0 1 0 1 0 2 2 0 1 1 1 1 2 2 0 0 0 0 1 2 2 1 1 0 0 0 0 2 1 1 0 1 2 1 0 1 2 0 2 0 2 1 2 2 0 1 0 1 1 1 0 2 0 0 2 1 0 0 0 2 2 0 1 1 2 2 0 1 1 0
1 0 1 0 0 1 2 0 0 1 0 2 1 0 2 0 2 0 1 2 0 1 1 1 1 0 2 1 2 0 1 1 1 0 1 2 2 2 2 0 0 0 2 2 1 2 2 1 0 2 1 0 0 2 1 2 0 0 1 2 1 0 0 0 2 0 0 1 2 0 2 0 1 1 2 0 1 2 1 1 1 2 1 0 2 1 2 0 2 1 0 2 2 1 2 1 2 0 0 1 0 0 2 1 2 2 1 1 2
0 0 1 0 0 2 0 1 2 0 1 1 1 0 0 0 0 2 0 0 0 0 1 1 2 0 0 2 2 2 2 2 1 0 0 1 0 0 0 0 2 1 1 0 2 0 1 2 2 2 0 0 2 2 2 2 2 1 1 2 0 0 0 1 2 0 0 2 2 0 2 1 2 1 2 2 1 1 2 2 0 0 0 0 2 0 2 0 1 1 2 2 2 2 2 1 1 2 1 1 1 0 2 1 0 1 0 1 0
2 0 1 0 2 1 0 2 1 0 1 0 0 0 0 0 0 2 2 0 1 0 2 0 2 0 0 2 0 1 0 0 0 2 1 2 0 2 2 2 2 0 2 0 1 1 1 2 1 0 0 2 2 2 2 2 2 2 1 0 2 2 0 0 2 2 2 2 1 1 0 1 2 0 2 0 1 1 0 2 1 0 2 1 2 2 1 2 2 0 2 2 0 0 2 2 0 1 2 2 0 2 0 0 2 2 0 2 0
2 1 0 2 1 1 0 1 2 2 1 0 0 0 0 1 2 0 1 1 0 0 2 0 0 2 0 1 0 2 2 2 2 2 2 0 2 0 2 2 0 0 0 0 0 1 1 0 2 2 1 0 0 0 1 2 0 2 1 1 0 0 1 2 1 1 0 0 1 0 2 2 1 0 2 2 2 2 0 2 1 2 0 0 0 1 2 1 0 0 0 1 1 1 0 2 0 2 0 2 2 1 1 0 2 2 0 1 1
1 1 0 1 1 0 1 0 0 0 1 1 1 0 1 1 0 0 2 0 2 1 2 0 1 1 2 1 2 0 2 0 2 0 2 0 2 2 1 0 2 2 2 2 2 1 0 1 1 2 1 0 1 2 1 2 1 0 0 0 1 0 2 0 1 1 1 1 0 2 1 1 0 1 1 0 2 1 1 2 1 1 0 2 1 2 0 2 2 1 0 1 2 0 2 1 0 2 2 1 1 0 2 2 2 0 0 2 2
2 1 1 1 2 1 2 2 2 2 1 0 1 0 0 1 1 1 1 0 1 0 2 2 0 2 2 2 0 2 2 2 1 1 1 1 0 0 0 2 1 1 0 2 0 1 1 1 2 0 2 2 1 1 2 1 1 1 1 1 1 1 1 2 2 0 1 0 0 1 2 2 1 2 1 1 1 1 0 2 1 0 1 0 1 0 1 0 2 1 2 0 2 0 0 2 0 2 2 2 1 2 2 2 2 2 1 1 0
2 0 1 2 1 2 1 1 1 2 0 2 2 1 2 0 2 1 2 2 1 2 0 0 1 0 0 0 1 2 0 1 2 2 0 0 1 2 2 0 2 0 2 1 1 0 2 1 1 1 0 1 0 1 1 2 1 2 2 0 2 1 1 1 1 2 2 0 1 1 1 1 1 1 2 1 1 0 2 1 1 0 2 2 1 1 1 2 2 1 2 1 0 1 0 2 0 2 0 2 2 1 1 1 0 1 2 2 1
2 1 0 2 0 0 0 2 2 2 1 0 2 0 2 0 1 1 1 1 1 1 0 0 0 0 0 1 2 0 1 2 1 2 1 2 2 0 2 1 0 1 2 0 2 1 1 0 0 0 0 1 1 1 2 2 1 1 0 2 1 2 1 1 1 0 1 1 0 1 2 1 0 0 2 2 1 0 1 2 0 1 1 2 2 1 1 2 2 0 1 1 0 2 0 2 0 2 0 2 1 1 1 1 1 0 2 0 0
0 0 2 1 2 2 1 1 1 0 1 2 1 2 2 1 1 2 2 1 1 2 2 2 0 1 1 0 1 2 1 1 0 0 0 0 0 1 1 2 0 2 2 1 2 1 1 0 1 1 1 0 0 1 0 0 0 1 1 1 0 2 0 1 1 0 1 2 2 0 2 0 2 1 2 0 2 1 1 1 2 0 1 2 2 1 0 0 0 1 2 2 0 2 0 2 0 0 1 0 0 1 1 1 2 1 2 0 2
0 1 1 0 1 1 0 0 1 1 2 2 0 1 0 0 2 0 0 0 2 2 2 1 0 1 1 1 0 1 1 0 0 2 2 2 1 2 0 2 1 2 1 2 1 2 0 1 2 1 2 0 0 1 2 1 2 0 0 2 2 1 0 0 1 0 0 2 0 0 1 2 0 0 2 1 0 2 0 0 1 0 1 2 1 0 1 2 2 2 1 2 1 2 2 0 0 2 0 1 0 0 0 0 0 2 0 1 2
0 0 2 1 1 2 1 0 0 0 2 0 2 1 2 0 1 2 0 1 0 1 1 0 0 0 2 0 0 0 1 1 0 0 0 0 2 2 0 2 2 0 1 2 2 0 2 0 0 0 1 0 2 0 1 2 0 1 0 1 1 1 0 0 1 1 0 1 0 1 1 0 1 2 2 0 2 0 1 2 0 0 1 2 0 0 0 2 1 0 0 0 1 1 0 0 0 1 1 0 0 2 1 2 0 2 2 2 2
1 0 0 1 1 0 0 1 0 0 2 1 0 2 0 2 1 0 0 0 2 2 1 0 0 0 0 0 1 2 0 2 2 1 2 1 2 0 2 0 0 2 0 1 0 0 1 2 1 2 2 0 1 0 0 1 2 1 0 1 1 0 1 1 0 0 0 0 1 0 0 1 1 1 1 1 2 2 0 0 1 0 1 2 2 0 2 1 1 2 2 0 0 0 0 1 2 0 1 0 1 0 0 0 1 1 1 0 0
2 1 0 1 1 2 0 2 1 1 1 1 1 2 0 1 2 1 1 0 0 2 2 1 0 0 2 2 2 0 0 0 2 0 1 0 0 1 2 2 0 2 2 1 2 0 0 1 2 2 2 0 2 2 1 0 0 1 2 1 2 2 1 1 0 0 0 1 1 0 1 2 2 1 0 1 1 1 0 1 0 0 1 0 1 0 0 1 2 2 2 2 0 1 1 0 1 1 2 0 0 0 0 0 2 0 0 1 0
1 2 0 0 2 2 1 0 2 0 0 0 1 2 0 0 0 1 0 0 0 0 1 1 1 2 1 2 2 0 0 2 0 1 2 0 1 1 0 0 2 1 0 1 0 0 2 2 2 2 0 2 0 1 2 2 0 0 0 1 1 0 0 2 2 0 0 0 2 2 1 2 0 2 1 1 1 1 1 0 0 1 1 1 2 0 2 0 1 2 1 0 2 2 0 2 0 0 0 2 2 2 0 0 2 1 2 1 2
0 1 0 1 0 2 1 0 1 2 2 0 2 0 1 1 0 1 0 1 1 0 1 1 0 2 1 2 2 2 1 0 1 2 2 2 0 0 0 1 0 0 0 2 0 1 2 1 0 2 0 1 2 2 0 1 2 1 0 1 1 0 2 1 0 1 1 0 2 1 0 2 0 0 2 1 2 1 0 2 1 0 1 1 0 2 2 2 1 1 1 0 1 0 1 1 1 2 0 0 1 0 0 1 1 0 0 0 1
1 0 0 1 1 2 2 0 2 1 2 0 0 0 1 0 1 1 1 1 2 2 2 2 0 2 0 1 0 1 0 1 1 1 0 0 0 2 1 2 1 1 1 1 1 2 1 0 1 0 2 0 0 2 0 0 1 1 1 1 2 0 0 1 1 0 2 2 0 1 2 1 0 0 0 2 1 2 2 2 0 2 1 0 1 1 2 0 0 1 2 0 1 1 0 2 2 0 2 0 2 2 2 2 2 1 1 1 0
1 1 1 0 0 2 2 2 1 2 0 1 0 1 2 1 2 0 0 2 2 1 1 2 1 1 2 2 0 0 0 2 2 1 0 0 2 2 0 0 0 1 2 0 0 2 2 2 0 0 2 0 2 1 0 1 2 0 1 0 1 1 2 2 1 0 0 0 0 1 1 1 0 1 2 0 1 1 0 2 1 2 2 1 1 0 0 1 1 1 0 1 1 0 1 0 1 1 1 2 0 2 0 0 1 2 0 2 1
1 2 0 2 2 2 1 0 0 0 0 2 0 1 1 1 2 2 0 0 0 0 1 0 0 2 2 0 0 2 1 2 2 2 1 2 1 0 0 0 1 0 2 1 1 1 0 1 0 1 2 1 1 1 1 1 1 1 2 2 2 1 1 2 1 1 1 0 2 1 0 0 0 0 0 1 1 0 0 2 2 0 1 0 1 0 0 0 2 0 2 2 2 2 1 1 1 0 1 0 0 0 2 0 0 2 1 0 0
2 2 0 0 1 2 0 2 2 0 2 0 1 2 2 1 0 0 2 2 0 0 2 0 2 2 0 1 1 1 0 2 2 0 2 1 2 2 0 2 1 0 0 2 2 0 0 1 1 0 0 2 1 0 0 1 0 0 0 2 0 0 1 2 2 2 0 1 1 1 1 2 1 1 2 2 1 2 0 0 0 1 2 2 2 2 1 2 1 1 1 1 0 1 1 2 0 1 1 1 2 2 2 1 0 1 0 0 2
1 0 2 0 1 1 2 1 0 2 0 2 1 2 0 2 0 0 0 2 1 2 1 2 1 1 2 1 1 0 1 1 1 0 1 0 0 2 1 0 1 0 0 0 2 1 0 1 1 0 0 1 0 0 0 2 1 0 0 0 1 2 1 0 0 1 1 1 0 0 2 2 0 0 0 1 2 0 2 2 1 0 0 2 1 1 1 2 2 0 1 1 2 0 1 0 1 0 2 2 1 2 2 1 0 0 2 2 0
2 1 2 1 2 1 2 1 1 2 1 1 1 0 1 1 0 2 0 0 1 0 1 1 0 0 1 0 0 1 2 1 0 2 2 0 1 1 2 0 1 1 2 2 2 0 2 2 0 0 2 0 0 1 1 1 2 1 2 2 2 1 1 0 1 0 1 0 0 1 0 2 2 2 2 1 0 2 1 2 2 1 2 2 2 1 1 1 2 1 1 2 2 0 1 1 1 2 1 1 1 2 1 1 2 1 0 1 0
2 0 2 1 0 2 1 2 1 0 0 0 1 0 0 2 1 2 1 2 1 0 0 1 1 2 1 0 1 2 0 1 0 0 2 0 1 0 1 0 0 1 0 2 1 0 2 0 2 1 2 2 1 0 1 0 0 2 1 1 0 2 2 0 0 1 2 1 2 0 1 0 1 2 2 2 0 2 0 0 0 0 2 2 1 0 0 2 1 1 0 1 1 0 1 0 1 0 1 1 1 1 1 2 0 1 0 1 1
1 2 2 2 2 2 1 0 0 0 1 2 1 0 1 1 1 1 0 0 1 2 2 0 0 2 1 2 0 0 1 1 0 1 1 2 0 0 0 1 1 1 1 0 2 0 1 2 0 2 0 2 1 2 2 2 2 1 2 2 1 0 2 2 1 1 2 0 0 2 2 2 2 1 0 1 2 1 0 2 2 0 1 0 1 1 0 0 0 0 0 2 0 0 2 0 2 2 1 2 1 0 2 1 2 2 1 1 1
2 2 0 1 1 2 2 0 0 2 1 0 0 1 0 0 0 0 1 0 2 0 2 0 0 1 2 2 2 2 2 2 1 0 1 0 0 0 0 0 2 2 0 1 1 1 2 2 2 0 0 2 1 0 2 1 1 0 2 2 0 2 2 1 0 0 2 1 0 0 1 0 0 2 1 1 1 2 1 1 2 1 0 0 1 1 0 0 2 0 2 2 0 1 1 0 2 0 1 0 1 1 1 2 0 0 1 2 2
2 0 2 1 2 0 0 1 1 1 0 2 1 2 2 0 1 0 0 1 2 1 1 0 2 1 1 0 2 0 1 2 2 1 1 1 1 2 2 1 1 2 0 2 2 0 0 1 1 1 0 1 2 1 2 2 2 1 0 0 0 1 0 2 2 1 0 2 1 0 1 2 0 1 2 0 2 0 1 1 1 1 0 1 1 0 1 1 1 2 1 2 1 1 1 2 1 2 2 2 2 0 2 0 1 2 0 2 2
2 0 2 2 0 0 0 1 2 2 0 1 2 0 0 1 2 2 2 2 1 0 0 1 0 0 1 2 2 0 2 1 1 1 0 0 2 1 1 2 2 1 1 1 2 1 0 2 1 1 1 2 1 2 2 1 0 0 1 2 1 0 0 2 0 2 2 0 0 1 2 0 0 1 1 0 2 0 0 1 1 0 1 2 2 0 1 0 1 0 2 2 0 1 2 1 1 2 1 1 1 1 0 2 2 1 1 0 1
1 1 0 1 0 0 1 0 1 1 2 1 2 1 0 1 2 1 2 1 1 1 0 2 1 2 2 1 0 2 0 0 0 1 1 2 1 0 2 1 0 0 2 0 2 0 1 1 0 1 2 1 2 0 0 2 1 0 0 1 2 0 1 1 2 1 0 1 2 0 2 2 1 2 2 1 0 1 2 0 2 0 1 0 0 2 2 1 0 2 1 0 0 0 1 0 2 2 2 2 1 1 1 2 0 2 0 1 1
1 2 1 1 0 1 1 0 0 1 0 0 0 1 1 0 0 1 0 0 1 2 2 2 1 2 1 1 0 0 0 1 0 1 2 1 0 2 1 1 1 2 2 1 1 0 2 2 0 2 0 1 2 0 2 2 0 1 0 0 1 0 2 1 2 2 1 2 2 0 1 0 1 0 2 0 1 2 2 1 2 0 2 2 0 2 1 0 0 2 2 2 0 2 1 0 2 2 0 2 0 1 0 1 2 0 1 1 2
1 2 1 2 2 1 1 2 0 1 2 0 1 2 1 0 2 1 0 1 2 0 2 2 0 1 2 0 0 1 0 2 0 0 2 0 1 0 0 0 2 0 1 1 0 0 2 2 2 0 2 2 0 1 2 2 1 2 0 1 0 1 2 1 1 1 2 0 1 0 1 1 1 2 0 1 2 1 1 2 1 1 2 0 0 2 0 1 1 0 1 2 1 0 1 0 1 0 2 0 0 0 2 1 1 0 1 0 1
0 0 0 1 2 1 1 1 1 0 0 2 2 0 1 2 1 0 1 0 0 1 0 1 0 0 2 1 2 0 2 2 1 0 0 1 2 2 0 1 0 1 1 2 2 2 1 2 0 2 2 0 1 0 2 0 0 1 1 2 2 1 2 1 2 0 0 1 0 0 0 0 2 1 1 0 1 0 2 2 1 1 0 2 1 0 0 0 1 2 0 2 1 0 1 1 0 2 2 1 2 1 0 0 2 1 0 1 2
0 1 0 1 2 1 0 2 1 0 1 0 2 1 1 2 2 0 0 1 0 0 2 2 0 0 1 2 1 1 1 1 2 0 2 2 1 0 1 0 1 0 2 1 2 1 1 2 2 1 2 0 2 2 2 2 2 0 2 0 2 2 1 1 2 1 0 1 1 2 1 0 1 1 1 0 0 0 0 2 2 2 2 1 1 1 2 0 2 1 1 2 0 0 1 0 2 0 1 2 0 1 0 1 2 0 1 2 0
2 1 0 2 1 2 1 2 2 2 0 0 1 2 2 2 1 2 2 1 2 2 2 0 2 0 0 2 0 1 0 2 2 0 2 2 0 0 1 2 1 2 1 0 1 1 2 0 0 2 2 2 1 1 0 1 0 2 0 0 0 1 0 0 0 2 2 0 1 2 1 2 1 2 2 0 0 2 1 1 2 1 2 0 0 0 2 1 2 1 1 2 2 2 0 2 1 2 1 0 2 2 2 1 2 2 2 0 2
0 1 1 1 1 2 2 2 2 1 2 0 2 2 0 2 0 0 2 0 2 2 0 1 0 1 0 2 0 0 2 1 2 1 0 1 1 1 1 1 2 0 2 0 2 2 2 0 0 1 1 2 2 2 1 2 0 1 2 1 2 0 2 2 1 2 1 0 1 2 1 1 0 0 1 0 1 1 1 1 1 2 2 0 2 0 0 2 0 0 0 2 0 0 2 2 1 0 0 2 0 2 0 1 0 2 2 1 2
1 1 0 1 0 1 1 0 1 1 0 2 2 1 0 0 0 0 1 2 0 0 0 0 2 2 1 2 1 0 1 0 1 2 2 2 0 0 0 2 2 1 0 2 0 0 0 1 1 2 1 2 2 1 0 2 1 2 0 0 2 2 1 2 2 1 1 0 2 2 1 2 2 1 2 2 2 2 1 0 1 0 0 2 2 0 2 1 0 2 2 0 2 2 0 2 0 1 0 0 1 1 0 1 0 2 0 2 0
0 0 2 0 1 2 0 2 2 2 0 2 2 1 1 1 1 1 1 0 2 2 2 0 0 0 2 0 2 1 0 2 0 1 2 2 0 0 2 2 2 0 2 2 1 1 0 0 1 0 1 0 0 1 1 0 2 0 1 1 0 2 1 1 0 0 1 1 1 0 1 1 1 1 1 0 0 2 2 1 0 1 2 0 2 1 1 2 2 0 1 2 0 2 1 1 1 2 0 2 0 1 1 2 0 0 2 0 0
2 0 0 0 2 1 0 1 0 2 1 0 1 1 1 0 1 2 2 0 2 2 1 1 0 0 2 1 1 1 1 0 1 1 1 1 0 2 1 1 1 0 2 0 2 1 2 0 1 1 1 2 0 0 1 2 1 1 0 0 2 2 1 1 1 0 0 0 2 1 1 2 2 1 0 2 2 2 2 1 1 1 1 2 2 2 2 1 0 0 2 0 0 0 1 2 2 0 0 2 2 2 2 2 0 0 1 1 2
1 0 1 1 1 2 0 0 1 2 2 2 2 2 2 2 2 0 2 0 0 2 2 0 1 1 1 2 2 2 2 2 0 1 0 1 0 1 2 0 0 2 2 2 0 0 2 0 0 0 0 1 0 2 2 1 1 0 1 1 0 1 0 1 0 1 2 1 2 2 2 0 2 1 0 2 1 1 2 2 1 2 1 1 2 0 0 0 1 2 0 2 1 1 0 2 0 0 1 0 0 0 1 2 1 2 2 1 0
