3 110 19
182977377 482015596 1156575824 853439563 1121100122 1030442965 858699896 684644707 871217472 703715942 630463841 8416078 1126054465 725400759 788862927 231009783 1154542144 93606098 16768964 122242952 621478566 829938252 57400080 696873247 447477616 1043223801 841035750 582398859 990082547 927381412 849963974 680866922 180656034 516946850 436297064 703725913 624908522 757522716 808206629 61267705 340395211 348102945 56124653 705237569 1023001599 1063980193 1001751032 624482286 90517046 1014916503 667574410 28975062 166744412 569799906 1150903475 251149971 793579372 881915967 833933697 961279807 1094135799 518061835 565947473 627849635 957703167 955178424 721428872 776663316 873050031 334459935 1113904617 736502905 69031841 860035055 339617587 375912995 450582943 535925016 995048603 832925483 999674391 1072548861 443620424 885008866 548543044 649229797 957290918 810784168 810851120 905402323 401901179 483654744 964463033 800949372 788411018 1052505890 101366160 918977693 834628063 51437715 738635375 200433608 76378844 320665636 719717852 833724341 851918010 846639015 200100476 47396634
0 0 2 0 0 0 1 2 1 0 0 2 2 2 2 0 1 2 2 2 1 1 0 2 2 1 0 1 1 0 0 2 1 0 0 1 2 2 2 0 0 2 1 0 1 0 1 0 2 1 0 2 0 1 1 0 0 1 1 2 2 2 2 0 1 0 0 0 2 2 0 2 2 2 0 2 2 2 2 0 0 0 2 1 2 1 2 0 0 1 0 2 1 2 0 2 2 0 0 2 0 1 2 0 0 0 2 1 0 2
1 1 0 0 2 0 1 1 0 1 0 1 1 2 1 1 1 0 0 2 0 0 1 0 1 2 1 1 0 2 1 1 1 2 2 1 2 1 1 1 2 1 2 1 0 0 1 0 2 1 0 0 2 1 1 1 1 0 2 2 0 1 1 2 1 1 0 2 2 1 1 0 0 0 1 1 2 0 1 2 1 1 0 1 0 2 2 2 2 2 2 0 2 0 2 1 1 0 1 2 1 2 2 2 1 1 2 1 2 1
1 0 1 1 2 1 1 2 1 0 0 0 1 2 1 0 1 0 1 0 2 1 0 1 0 1 1 0 0 0 2 1 1 0 0 1 2 2 0 1 0 0 1 2 0 2 0 2 0 2 0 0 1 0 2 1 0 0 0 1 1 2 1 2 2 1 0 1 2 2 2 0 2 2 2 1 2 0 1 0 0 1 1 1 2 1 1 0 2 1 2 0 1 0 0 0 2 2 2 1 1 0 1 1 0 1 0 2 2 1
0 0 0 1 0 0 0 1 1 2 0 0 0 1 1 0 2 2 2 1 0 1 2 0 1 2 1 1 2 1 1 0 0 1 1 0 1 2 1 1 1 1 1 1 2 1 2 1 0 0 0 1 1 1 1 0 0 1 0 0 2 1 0 2 2 2 2 2 1 1 0 0 0 2 1 0 0 2 2 1 2 0 0 1 2 1 2 2 2 2 0 0 0 1 0 2 2 1 2 0 2 2 1 1 0 0 1 0 2 1
0 2 2 0 1 1 2 1 1 0 0 2 0 1 1 0 1 0 1 1 1 2 1 0 0 1 1 2 0 1 0 0 1 0 0 0 1 0 1 0 0 2 2 1 0 1 2 2 2 1 0 1 1 2 1 2 1 0 2 1 0 2 1 1 1 2 2 2 0 0 0 0 0 1 2 0 0 2 2 0 1 1 2 1 1 0 0 2 2 2 1 2 0 0 1 1 0 0 0 1 1 2 2 1 0 2 2 1 1 2
1 1 0 0 2 2 2 2 2 1 2 1 0 0 2 1 1 2 2 2 0 0 1 0 1 2 2 0 1 2 0 0 1 1 1 0 0 1 0 0 2 0 2 0 0 2 2 1 2 1 1 0 1 2 1 0 0 1 1 2 1 1 2 2 0 1 2 2 2 1 0 2 1 0 0 2 0 2 0 2 0 2 0 2 0 1 0 0 1 2 2 2 1 1 2 2 1 2 1 0 0 0 1 2 0 1 2 1 1 2
0 2 2 2 0 0 0 0 0 2 0 0 2 2 2 2 2 0 2 2 2 1 2 0 0 0 1 2 1 0 2 2 0 2 1 1 2 0 1 0 2 2 0 2 2 0 2 2 0 2 1 2 0 0 0 1 1 0 1 2 0 1 2 1 1 1 2 1 1 2 2 1 1 0 1 2 0 1 1 2 1 0 2 2 1 1 0 2 1 2 2 1 1 1 0 0 2 0 1 1 2 1 0 2 2 2 1 0 1 0
0 0 0 1 2 1 2 1 1 0 0 0 1 1 1 2 1 2 1 1 1 0 2 2 0 1 1 1 0 0 1 0 1 2 1 0 0 0 1 1 0 2 2 0 1 2 0 1 2 1 2 0 0 1 0 1 1 2 0 1 0 2 1 1 0 1 2 1 1 1 1 0 0 0 1 0 2 1 1 2 1 0 0 1 2 1 2 0 0 0 2 1 1 1 2 1 0 2 0 1 1 1 2 2 2 0 2 2 2 1
2 1 2 0 2 2 2 2 2 2 1 2 1 0 1 2 2 2 2 2 0 0 1 1 0 0 1 0 0 1 2 0 2 1 1 2 1 0 0 2 1 1 2 0 1 0 2 0 0 0 2 0 0 1 2 1 2 2 0 0 1 2 1 1 1 0 1 0 0 1 0 2 0 2 0 2 0 2 2 0 0 0 1 1 2 1 0 2 0 0 0 1 0 1 0 2 1 2 0 0 1 0 2 0 2 2 2 0 0 0
0 0 1 1 1 0 2 0 2 0 0 2 2 1 1 0 1 0 0 2 0 2 2 0 2 2 0 2 2 0 2 2 1 0 1 0 1 1 0 1 1 2 2 1 0 1 2 2 1 2 1 2 2 1 0 2 0 0 2 0 1 2 0 0 0 1 1 2 0 2 0 0 1 0 2 2 1 2 1 0 2 2 0 2 0 1 0 1 1 2 2 0 2 0 1 2 2 0 2 1 0 1 1 2 1 0 1 0 0 0
1 0 0 1 0 1 2 0 2 1 0 2 0 0 0 1 0 2 2 0 0 2 2 2 1 0 1 0 0 2 0 2 2 0 0 0 1 0 1 1 0 2 1 0 0 1 2 1 1 2 2 2 1 1 2 1 2 0 1 1 2 2 0 2 0 2 0 2 2 2 1 2 2 0 0 2 2 0 1 0 2 1 1 1 0 1 2 0 2 1 1 2 1 1 2 1 0 2 1 1 2 1 1 1 1 2 1 0 0 1
2 0 0 1 1 1 2 1 1 1 0 0 0 2 1 0 0 0 2 0 2 1 1 0 0 0 0 0 0 0 2 0 0 2 2 0 0 1 2 2 0 2 2 1 1 2 1 2 0 1 0 2 0 1 0 1 1 1 1 0 1 1 1 0 0 1 0 2 0 2 1 1 2 2 2 1 2 2 1 2 0 2 2 0 0 2 2 0 0 1 0 0 2 2 1 0 0 2 0 1 1 1 0 1 1 2 0 0 2 1
0 2 0 2 1 1 2 1 2 0 0 2 0 2 1 2 0 0 1 0 2 0 0 2 1 2 2 1 1 2 1 1 1 1 2 0 0 2 2 2 2 0 2 1 2 2 0 1 2 0 2 1 0 2 1 2 0 0 1 1 2 2 2 2 2 2 2 2 1 2 2 2 2 2 1 0 1 2 1 0 2 1 2 0 2 0 0 2 1 2 0 0 0 0 2 2 0 0 2 2 2 2 2 0 2 1 0 0 1 2
2 1 0 2 2 2 1 0 1 0 0 2 1 0 0 2 0 1 2 2 1 2 0 2 2 2 0 2 0 2 1 0 2 2 0 1 2 2 2 2 2 0 1 0 1 2 2 1 1 1 1 0 2 1 0 1 1 1 2 0 1 0 0 1 0 1 2 0 0 2 2 2 2 1 0 0 1 0 2 2 0 1 0 2 0 1 1 0 0 0 0 1 1 0 0 2 0 2 0 0 0 0 1 2 2 2 1 1 2 0
1 2 2 2 2 1 0 1 1 1 1 1 0 0 2 0 0 2 0 1 1 1 2 0 0 2 2 2 0 2 0 1 2 0 1 2 1 0 0 2 1 2 1 2 2 1 2 0 1 0 0 0 1 2 0 0 2 2 2 2 2 0 1 2 2 1 1 0 1 2 1 0 2 2 0 2 1 0 1 1 1 1 1 1 0 2 1 0 2 1 2 1 0 1 1 2 2 0 0 1 0 2 0 2 0 0 2 1 1 0
2 0 1 1 2 1 1 1 2 0 0 1 0 0 1 1 0 1 2 2 1 2 1 1 2 1 1 2 1 0 2 1 1 1 0 1 0 1 2 0 0 0 2 0 1 1 2 2 0 2 2 2 2 2 0 2 1 2 2 0 0 2 2 2 1 2 0 2 1 0 0 1 1 0 2 0 0 1 0 1 1 0 0 1 0 0 1 2 0 1 0 1 0 2 0 2 1 2 2 0 0 0 1 1 0 1 2 0 0 0
1 1 1 2 0 1 0 1 0 1 2 0 0 1 0 0 0 2 0 2 2 1 0 2 0 0 0 0 2 1 0 1 1 1 2 1 0 2 1 1 0 0 0 0 1 0 2 2 0 0 2 1 1 2 0 0 1 1 0 1 1 0 2 2 2 1 1 0 2 2 2 2 1 2 1 2 1 1 0 1 1 2 2 1 2 0 2 1 0 2 2 1 0 2 0 0 2 2 0 1 2 2 1 0 0 2 0 1 1 0
0 1 1 1 0 1 1 2 2 1 1 1 2 1 0 0 2 2 0 2 1 0 2 0 0 0 0 1 2 2 2 0 1 1 2 1 2 0 0 1 0 1 2 0 0 0 1 2 1 2 2 2 2 2 0 0 0 1 1 0 1 1 0 2 2 0 0 2 1 0 0 2 2 0 2 0 2 1 2 0 1 2 2 1 1 0 1 2 2 1 0 0 0 1 2 1 2 0 0 1 0 2 0 0 2 0 0 1 2 0
2 0 2 0 2 0 1 1 1 0 0 1 1 2 2 0 0 2 1 1 0 1 0 0 2 1 2 2 0 1 2 0 2 1 1 2 2 2 2 0 0 2 1 1 1 2 2 2 1 0 1 2 2 2 0 1 1 2 1 2 1 1 0 1 0 1 1 2 1 0 1 1 1 0 0 0 2 2 0 2 0 2 2 2 2 0 1 1 1 0 1 2 1 1 1 1 0 1 1 2 1 2 1 0 0 1 1 0 1 2
0 1 1 2 1 0 1 0 2 2 0 0 2 1 2 2 0 0 0 1 2 1 1 0 0 2 2 1 0 0 0 2 1 2 1 0 2 0 0 0 2 0 0 0 2 1 2 2 1 2 2 2 1 0 0 1 0 0 2 1 0 0 0 0 2 0 0 2 0 1 2 1 2 0 1 2 1 0 2 1 0 1 0 1 2 0 0 0 1 0 2 0 1 0 0 0 0 1 0 2 0 0 0 0 1 2 0 0 2 0
1 2 2 2 1 2 1 1 0 2 0 0 0 1 0 0 1 2 0 2 1 0 0 2 1 2 1 1 0 1 2 2 0 2 0 2 2 1 1 0 1 1 0 2 0 2 0 2 2 0 1 0 1 0 2 2 2 1 2 2 2 2 0 2 2 0 2 1 1 0 2 0 2 0 2 0 0 0 0 2 0 2 2 2 2 2 0 2 0 0 2 2 2 0 2 1 0 2 0 2 0 0 0 1 1 0 1 1 0 1
2 2 2 2 1 1 2 1 1 0 2 1 0 1 1 0 0 0 0 1 0 1 1 1 0 0 2 2 0 0 2 2 2 1 1 1 2 1 0 1 2 0 0 0 2 1 0 0 2 1 2 1 0 1 2 1 2 1 0 0 0 2 2 2 0 1 0 0 0 2 2 2 0 2 2 2 1 0 0 1 2 0 2 0 2 2 1 2 2 2 2 2 2 2 1 0 0 0 1 0 0 0 0 0 2 2 0 0 1 2
2 0 2 2 1 2 2 0 1 1 2 1 0 2 0 1 0 1 1 1 1 1 1 2 2 1 2 1 2 0 0 2 2 2 1 1 2 0 1 1 1 1 0 2 1 0 1 1 1 0 0 1 0 2 1 2 0 1 1 2 0 1 2 2 2 1 0 2 2 1 0 2 0 1 1 2 2 2 1 1 1 1 0 1 1 2 1 1 1 0 2 1 1 1 1 1 0 2 0 0 1 2 0 0 0 1 2 0 1 2
2 0 1 0 1 0 0 0 2 2 0 2 1 0 1 2 2 2 2 0 0 0 2 0 0 2 2 1 0 1 1 0 1 2 1 0 0 2 0 0 1 2 2 2 0 1 2 2 1 2 0 2 0 2 0 1 0 0 0 1 1 1 2 0 2 0 0 2 0 1 0 1 1 0 2 1 2 2 2 0 2 2 1 0 0 1 2 0 2 1 2 1 0 1 1 2 1 2 0 1 1 0 1 0 1 1 2 1 1 1
2 0 2 0 1 2 2 2 0 1 0 2 2 1 0 1 1 2 0 2 1 0 0 0 0 2 2 2 0 0 2 2 1 1 1 0 1 0 2 1 0 0 0 2 2 1 2 1 0 0 0 2 0 0 2 0 0 2 1 0 0 1 1 1 2 0 2 0 1 0 2 1 0 0 2 0 1 1 1 2 1 2 2 0 1 2 1 1 2 0 0 2 1 2 1 0 2 0 1 0 1 0 2 2 1 2 2 2 0 2
2 2 1 2 0 2 1 2 1 1 2 2 0 1 1 2 2 0 1 2 0 2 0 0 1 2 2 2 2 0 1 1 1 0 1 1 0 0 1 2 1 1 1 0 0 2 2 0 0 0 0 1 1 1 0 0 1 2 2 0 1 1 0 2 0 1 1 1 2 0 0 1 2 2 2 0 2 2 0 2 1 2 1 2 0 1 2 1 2 2 2 0 1 2 0 1 2 1 0 1 2 0 0 1 0 2 1 2 2 0
2 0 2 2 2 0 0 2 2 2 2 1 0 1 2 1 0 1 0 1 2 0 2 0 2 1 0 1 1 0 2 1 1 1 1 1 2 1 1 1 2 0 1 0 1 1 2 0 2 0 2 2 0 1 0 0 0 2 2 2 2 1 0 1 1 2 2 0 0 0 0 0 2 2 1 1 0 1 1 2 1 1 2 2 0 0 0 0 2 0 2 2 2 0 0 1 0 1 2 1 2 0 2 1 2 1 0 2 2 2
2 1 1 1 2 2 2 2 0 2 0 1 2 2 2 0 1 0 1 1 2 2 2 1 0 1 0 1 0 0 1 0 2 0 2 1 2 2 1 2 1 2 1 1 2 1 2 1 1 1 0 0 0 2 1 2 0 2 1 1 0 0 1 0 0 2 2 0 1 1 1 0 0 2 2 2 0 2 1 1 0 1 2 2 2 2 2 2 1 1 2 2 2 1 0 0 0 2 1 1 1 0 0 1 2 2 2 0 2 1
2 0 2 2 0 2 2 2 2 1 2 2 1 2 0 2 2 1 0 1 0 1 1 0 1 2 0 0 2 0 1 2 1 1 2 1 1 1 2 1 0 1 0 2 0 0 1 0 2 2 0 1 1 2 2 2 1 0 0 1 0 1 1 2 2 0 1 1 0 0 2 1 2 2 0 0 1 2 1 0 0 1 2 1 1 2 1 0 2 1 2 0 0 1 0 0 2 2 2 2 0 1 0 2 2 1 0 0 2 1
1 2 0 1 0 2 0 2 2 0 1 1 1 2 2 2 2 0 1 1 2 2 1 1 2 1 2 2 1 1 1 0 0 2 2 1 2 2 1 1 0 0 1 2 2 1 2 2 1 1 1 2 1 0 0 1 1 0 0 0 0 2 2 0 2 1 0 1 2 2 1 2 0 0 2 0 2 2 0 2 1 0 1 2 1 1 1 0 2 2 1 2 2 0 1 0 0 2 2 2 1 0 2 2 1 0 1 1 0 1
0 2 2 2 1 1 1 1 1 0 1 0 0 0 2 2 1 2 1 1 2 0 2 2 1 1 2 2 0 2 1 1 1 1 0 1 2 1 2 1 2 0 2 0 1 1 2 0 1 1 1 1 2 1 1 0 0 0 0 0 1 1 2 0 0 2 2 2 1 1 1 2 2 1 2 2 0 2 0 2 0 1 0 0 0 1 1 1 0 1 1 2 0 1 2 0 1 2 1 1 1 0 0 2 1 2 1 0 2 1
2 1 0 0 1 0 0 0 2 1 1 1 0 2 0 0 1 2 2 0 0 2 0 0 1 0 1 0 0 0 1 0 1 2 1 1 0 1 1 0 0 0 2 0 1 2 2 0 2 1 0 0 1 1 1 2 1 2 2 2 0 1 2 2 0 1 0 1 0 2 1 1 1 0 2 0 0 1 0 2 1 1 0 2 0 0 0 0 2 0 2 0 2 0 0 0 2 1 1 2 1 0 1 0 1 2 0 2 1 1
0 0 0 0 1 0 0 1 0 1 2 0 1 2 1 2 0 0 1 2 2 0 1 2 0 2 2 1 2 0 2 2 2 2 0 0 0 2 2 1 0 1 2 2 1 0 2 2 0 0 1 0 1 2 0 2 0 2 0 2 1 0 2 0 0 2 1 0 2 0 1 2 2 1 2 1 1 2 0 2 2 0 0 1 2 0 0 2 1 1 2 2 1 1 0 2 2 1 2 1 2 2 2 1 0 2 1 0 1 1
2 1 1 2 2 2 1 0 2 0 1 2 0 0 1 0 2 1 2 1 1 1 1 1 0 0 0 1 0 2 1 2 0 0 0 0 0 2 1 0 2 2 0 2 0 1 0 2 1 2 1 0 1 1 1 1 1 2 1 1 1 0 1 2 0 2 0 1 1 1 2 0 1 2 0 2 1 0 1 2 2 0 2 0 1 1 0 0 0 2 1 2 2 1 1 0 0 2 2 0 0 1 1 2 0 2 1 2 2 0
2 0 1 0 1 0 2 2 1 0 1 0 2 1 1 2 2 0 1 2 0 0 1 1 0 2 1 0 1 2 0 2 0 2 0 1 0 2 2 2 0 0 2 1 0 2 0 0 2 2 2 0 0 1 2 1 1 1 1 0 1 1 2 1 2 0 2 2 0 2 1 0 1 1 1 1 0 2 2 0 2 1 0 2 1 0 1 2 2 0 2 0 0 0 1 2 0 1 2 0 1 0 2 2 1 0 1 0 1 0
0 0 2 1 0 0 2 0 2 2 0 0 0 0 1 2 0 1 1 2 0 2 2 0 2 2 1 1 2 2 1 0 0 2 2 1 2 1 2 0 1 2 1 2 1 2 1 1 0 0 1 1 0 1 1 1 1 0 2 1 2 1 2 0 0 1 2 0 1 2 0 2 2 1 0 0 1 1 0 2 1 2 1 0 0 0 1 0 1 0 1 0 2 0 1 0 0 1 1 1 0 2 1 0 2 1 1 0 0 1
0 2 1 2 0 0 0 1 0 1 2 1 2 2 0 2 0 0 0 2 2 2 2 0 0 1 0 2 0 1 2 0 1 0 0 2 0 0 0 0 2 0 0 2 0 1 1 1 2 2 0 1 2 2 2 2 2 0 2 2 1 1 0 0 1 1 2 0 2 0 1 2 1 2 2 2 0 0 0 0 2 1 2 2 0 0 2 0 0 2 2 2 0 1 0 0 0 2 0 2 0 2 2 1 2 1 1 0 2 1
1 0 2 0 0 1 0 2 1 2 2 2 1 0 0 1 1 0 1 2 0 1 2 1 1 1 0 2 1 0 2 0 0 2 1 0 1 2 0 1 1 0 0 0 1 1 2 2 2 0 0 0 0 2 1 2 0 0 2 2 0 1 0 1 2 2 2 0 2 2 1 2 1 2 2 0 1 2 0 0 0 0 2 1 2 0 0 0 1 0 0 1 2 0 0 1 0 2 0 2 0 2 1 2 2 1 2 0 1 2
2 2 0 1 1 2 2 2 0 1 0 0 0 0 1 1 2 2 1 2 1 2 2 1 1 2 0 0 0 1 0 2 1 0 1 2 0 1 2 1 0 2 2 1 0 0 2 0 2 2 2 2 1 2 0 1 1 0 1 2 2 2 2 0 2 1 1 1 0 0 2 1 0 2 2 2 0 2 2 1 2 2 0 1 0 1 2 2 2 1 1 1 0 2 2 1 1 0 2 1 1 2 2 0 1 1 2 0 1 2
1 1 1 2 0 2 1 2 2 0 0 1 2 2 0 1 0 1 2 0 0 0 0 0 1 0 0 0 0 2 2 2 1 2 1 1 1 0 1 0 0 2 2 0 2 0 2 0 0 1 1 1 0 1 2 1 1 0 0 1 2 2 1 1 2 0 2 1 0 1 2 1 1 1 1 1 0 1 1 0 0 2 1 1 0 1 1 2 1 1 1 2 1 0 0 1 0 1 2 2 2 1 0 1 1 0 2 2 1 0
2 2 0 1 1 0 1 2 0 2 1 0 1 2 1 0 0 2 1 0 1 1 0 2 0 1 2 2 1 1 0 0 1 0 2 2 1 0 2 2 1 1 2 0 1 1 0 2 0 2 0 2 0 0 2 0 2 2 0 0 1 0 1 2 1 1 0 0 0 0 0 1 2 0 2 1 1 0 0 2 2 1 1 1 2 1 1 1 0 2 2 1 0 0 2 0 0 2 1 0 2 2 1 2 2 0 0 1 1 2
0 2 0 0 1 0 1 2 2 2 2 2 1 1 0 0 2 0 0 0 0 1 2 2 0 2 1 1 0 0 0 1 2 1 1 0 2 0 1 2 0 1 2 2 0 0 1 2 2 1 2 0 0 2 0 1 1 2 0 2 2 0 1 0 2 2 1 2 0 2 2 1 2 2 1 2 2 0 2 2 1 2 0 2 2 1 1 0 0 1 0 2 2 2 0 1 2 2 1 1 2 0 2 1 0 1 2 0 1 2
0 1 1 0 1 0 1 2 2 2 0 2 0 0 2 0 1 1 2 1 2 0 2 2 2 0 1 1 0 0 0 0 1 2 2 2 0 1 1 2 1 2 2 2 2 1 0 1 1 1 0 0 1 0 0 0 0 2 2 1 0 0 1 1 0 1 1 2 1 2 1 2 2 2 2 2 1 2 1 2 0 2 1 1 2 2 0 2 2 0 0 2 0 2 1 2 2 2 1 0 2 2 0 1 2 2 1 1 2 1
1 0 0 0 2 0 0 2 0 0 0 1 1 1 0 2 1 0 2 2 0 2 2 1 2 2 0 0 1 1 1 2 1 2 1 1 2 2 2 0 2 2 1 1 1 0 1 2 0 1 1 2 0 2 0 0 1 1 1 0 2 0 0 1 1 1 0 1 0 2 2 1 0 0 2 1 0 1 1 1 2 0 0 1 2 0 1 1 2 0 2 2 2 0 1 0 1 2 1 0 2 0 2 2 1 1 1 1 0 0
0 0 1 1 2 2 2 1 1 2 2 1 2 1 1 1 1 0 0 0 1 0 1 0 0 2 2 1 2 0 2 0 0 2 2 0 1 2 2 2 2 2 1 2 1 0 1 2 1 1 0 2 2 2 0 0 2 0 2 2 0 0 0 1 2 0 2 1 2 1 0 1 1 0 1 0 0 0 0 1 2 1 2 2 1 2 0 1 0 0 1 0 0 2 1 0 2 1 1 2 0 0 0 2 0 2 2 0 2 0
0 2 2 2 2 1 2 0 2 0 0 0 0 2 2 2 0 2 1 2 1 0 2 0 2 0 2 0 1 0 1 1 0 0 1 2 2 1 0 1 1 1 0 2 1 0 2 2 0 1 1 1 1 1 1 2 1 2 2 2 0 0 2 0 1 1 0 1 0 0 2 2 1 2 2 0 0 2 2 1 0 1 2 0 2 2 2 1 2 1 1 2 2 0 2 1 2 2 2 0 2 2 0 1 2 0 1 0 2 1
1 1 2 1 1 2 1 1 0 0 0 0 2 2 0 1 1 0 0 1 1 0 0 2 2 0 2 1 0 0 0 2 2 0 2 1 0 0 2 1 1 2 1 1 2 2 0 0 0 1 1 0 0 1 2 2 0 2 0 0 0 1 1 2 2 1 0 2 1 0 0 0 2 2 2 1 2 0 2 0 1 0 0 1 0 0 1 0 1 0 1 1 1 0 2 0 1 2 2 1 1 1 1 0 1 1 0 1 1 2
1 1 1 0 0 1 0 2 2 1 2 1 1 0 0 0 2 1 0 2 0 1 0 0 2 2 1 2 0 1 2 2 2 0 0 0 2 0 2 1 0 2 1 1 1 1 1 0 0 2 2 1 1 1 1 0 0 0 0 2 1 2 2 1 1 2 2 0 0 2 0 0 2 2 2 0 0 0 1 0 0 1 1 2 2 0 2 1 1 0 0 0 0 2 2 1 2 2 0 2 1 1 0 1 0 2 2 0 1 0
1 2 2 1 1 2 1 1 1 0 2 1 1 0 1 1 0 0 0 0 0 2 1 1 1 2 0 1 2 2 2 0 1 2 1 0 2 1 2 1 1 1 2 2 2 2 0 2 2 1 0 0 1 2 1 0 1 0 1 1 2 1 1 2 0 1 2 0 2 0 2 1 1 2 1 1 1 2 1 2 1 2 2 0 1 1 0 2 1 1 0 0 0 0 0 1 2 1 2 2 1 1 0 0 1 2 2 0 0 1
2 1 1 2 1 2 1 1 0 2 0 1 0 1 2 1 0 1 2 0 1 1 2 2 1 1 2 0 1 2 0 1 1 1 1 2 1 2 1 2 1 0 1 2 1 1 1 2 1 1 0 2 2 0 2 1 1 2 2 0 1 2 1 0 1 2 0 0 2 0 2 0 0 1 1 1 0 0 2 1 2 2 0 2 2 0 1 1 0 1 1 1 1 1 2 0 1 1 0 1 1 0 1 2 2 0 1 2 1 0
1 1 2 2 0 2 2 2 0 2 0 0 2 2 1 2 2 2 1 0 0 2 1 0 1 0 0 0 0 2 1 1 0 1 0 1 1 1 1 0 1 2 0 1 1 1 2 2 0 0 2 2 0 0 2 2 1 0 0 1 1 2 0 1 1 2 0 0 0 2 0 2 1 0 1 0 1 0 2 0 0 2 2 1 0 2 2 2 0 0 1 1 2 2 1 1 1 2 2 1 2 2 2 0 1 0 1 2 1 1
0 2 2 0 2 2 0 1 1 1 2 0 0 2 0 2 1 1 2 1 1 2 2 0 0 0 1 0 2 0 2 1 2 1 1 2 0 2 1 0 1 1 1 1 0 2 1 2 2 1 1 1 0 0 2 1 0 0 1 0 1 1 2 0 2 1 0 1 1 1 2 2 2 1 0 0 1 2 1 1 1 2 2 2 0 1 1 1 2 0 1 0 1 1 1 2 0 2 1 1 2 0 0 2 2 1 1 1 2 2
2 0 2 1 1 2 0 2 0 0 2 2 1 2 1 1 2 1 1 0 0 0 1 1 1 0 1 0 2 1 2 2 2 2 2 0 2 0 0 0 1 1 2 0 0 2 1 0 1 1 1 2 1 2 1 0 0 0 0 0 1 0 0 1 2 2 1 2 2 2 2 1 1 0 0 2 2 2 2 0 0 0 0 0 2 0 0 0 0 2 1 2 2 2 1 0 1 0 2 1 0 2 1 1 2 1 0 2 0 2
0 1 0 2 2 0 2 2 1 0 2 0 0 2 2 1 0 1 0 2 2 0 2 1 0 2 2 0 1 1 1 2 0 1 2 2 2 1 2 1 2 2 1 0 2 1 2 2 2 0 1 2 1 1 1 2 1 1 2 0 2 1 0 0 0 2 2 0 1 2 2 0 2 1 1 1 2 2 0 2 0 2 1 2 1 0 1 0 0 2 0 0 0 1 1 1 0 1 2 1 0 1 2 0 0 2 1 2 2 1
2 2 2 2 0 0 2 1 0 0 0 1 1 1 2 2 2 0 0 0 2 2 1 0 2 2 2 2 2 2 1 0 2 0 2 2 2 2 2 2 0 2 2 1 1 2 1 2 0 2 2 2 2 1 2 0 1 2 2 2 2 0 2 2 2 1 2 1 0 1 1 1 2 0 0 1 0 2 0 0 2 2 0 1 2 0 1 0 0 1 2 0 0 1 2 2 0 2 1 2 2 2 0 1 0 2 0 1 1 1
2 0 1 2 0 0 0 2 1 1 1 1 1 2 1 1 1 1 1 2 0 0 2 2 2 0 1 0 1 2 1 1 1 0 2 2 1 2 1 0 1 0 2 0 0 0 1 1 2 0 1 0 0 1 0 1 2 1 1 1 2 0 0 1 0 2 0 2 0 2 0 1 0 0 2 0 1 1 0 1 1 2 2 0 1 2 2 1 2 0 0 2 1 0 0 2 0 0 2 1 2 0 2 0 1 2 2 0 1 0
1 0 2 0 1 2 1 0 0 1 1 0 0 0 0 0 0 1 1 0 2 0 0 0 2 2 0 1 0 1 2 1 0 1 0 2 0 2 1 1 0 0 1 0 1 0 1 1 2 2 2 0 0 0 0 2 0 1 1 0 0 0 2 1 0 0 0 1 2 1 0 2 2 2 0 1 0 1 0 1 1 2 1 1 2 2 1 1 0 0 1 1 1 1 2 2 1 1 0 1 0 1 1 0 2 2 1 2 1 1
0 2 1 2 1 2 1 0 0 0 0 1 1 1 1 2 0 0 1 2 2 1 0 1 2 0 1 0 1 2 0 2 0 1 2 1 0 1 1 1 2 2 1 1 1 2 1 2 0 2 2 0 1 1 2 0 1 1 2 2 1 0 2 1 1 2 0 0 0 2 2 0 2 0 2 0 0 1 0 1 0 0 1 1 2 0 0 0 2 2 0 1 0 0 0 1 2 1 2 0 0 2 0 2 0 0 0 1 1 1
2 2 2 0 2 1 2 2 2 2 2 0 0 2 0 1 1 0 0 2 1 0 2 2 0 2 0 1 1 2 2 0 2 2 2 1 1 2 1 1 1 0 1 0 0 0 2 1 0 2 1 1 0 0 2 1 1 2 0 2 2 0 1 1 0 1 0 1 0 1 0 2 2 2 2 0 0 2 0 0 1 1 0 0 0 2 1 1 2 1 1 1 2 2 1 2 0 1 1 1 1 0 1 1 0 0 2 0 1 2
0 0 0 0 0 0 0 2 2 2 0 1 1 0 0 0 0 2 1 0 0 0 0 1 2 0 0 1 1 1 1 1 1 1 0 0 0 0 2 2 1 0 0 2 2 2 0 2 2 1 2 2 0 0 2 2 1 2 1 2 1 2 1 0 1 2 0 1 2 0 2 1 1 0 0 0 2 0 0 1 0 1 2 1 1 1 0 0 1 2 2 0 2 1 0 0 0 1 0 1 1 2 2 0 2 1 1 0 2 0
2 0 1 1 1 0 0 2 0 1 2 1 1 1 0 0 0 1 1 0 0 0 2 0 2 2 2 1 2 2 1 2 0 0 1 0 1 2 2 2 1 0 0 1 1 1 1 1 0 0 1 1 1 1 1 1 2 1 0 1 1 2 1 2 0 1 2 2 1 0 1 2 0 2 1 2 1 0 1 1 0 0 0 0 0 1 1 2 0 2 1 2 0 0 2 1 1 2 0 0 2 2 2 0 1 2 0 0 2 2
2 1 2 2 1 2 2 0 1 2 0 1 2 1 1 2 2 0 1 0 0 2 2 0 2 2 0 0 2 0 2 0 1 2 2 0 2 2 0 2 2 1 0 2 2 2 2 2 0 0 2 1 0 0 2 1 2 0 1 2 0 2 0 2 2 1 2 1 0 2 1 0 1 1 2 1 1 1 1 1 0 1 0 1 1 0 2 1 1 2 2 1 1 2 1 0 0 0 2 1 2 1 1 1 0 2 1 0 1 2
2 1 1 0 1 1 1 0 0 2 0 2 1 1 0 2 2 0 2 0 2 2 2 2 1 2 1 2 0 0 2 0 0 1 1 1 2 2 1 0 1 2 0 2 1 0 2 2 2 1 2 1 0 1 1 2 1 2 2 0 1 2 0 1 1 1 2 1 0 1 1 2 1 0 2 0 0 1 0 2 0 0 2 0 2 0 1 1 1 0 1 2 1 1 0 2 0 2 0 1 0 0 1 0 0 0 0 1 2 1
2 2 1 2 1 0 2 0 1 0 1 0 0 2 2 1 1 1 0 0 2 2 0 1 2 1 2 0 0 2 2 2 2 0 1 1 1 2 1 2 0 0 0 1 2 1 2 2 2 1 2 2 1 0 0 1 2 1 2 2 1 1 0 0 2 1 0 0 1 1 0 2 2 2 1 0 0 1 0 0 2 2 2 1 0 1 2 2 2 2 1 0 0 1 1 2 1 1 0 0 1 1 2 1 1 0 1 2 0 1
2 2 1 2 2 1 0 1 1 2 1 1 0 2 0 0 0 1 1 0 0 0 2 2 2 0 1 0 2 1 0 2 1 1 2 0 1 2 0 2 0 2 1 1 1 2 1 2 1 1 0 1 1 0 1 0 2 0 1 2 2 2 2 0 0 2 2 2 2 0 0 2 2 1 2 0 0 0 0 2 1 1 0 0 2 2 1 1 0 0 2 2 2 2 1 1 1 1 0 0 1 0 1 0 0 1 1 0 1 2
0 1 1 2 2 1 1 0 0 0 1 2 2 0 2 1 1 0 2 0 2 0 1 1 1 1 2 0 0 1 0 0 0 2 0 0 1 0 1 1 0 0 2 0 1 1 2 1 0 2 1 0 1 0 2 2 0 2 0 0 0 1 1 2 1 2 2 2 2 1 1 0 1 0 0 1 0 2 2 1 2 1 1 1 1 1 0 1 0 2 2 0 1 2 0 2 2 0 2 2 1 0 2 1 2 2 2 2 0 2
1 0 0 0 1 2 1 2 2 1 1 2 2 2 1 0 2 1 1 1 0 0 2 2 1 1 0 1 1 0 0 2 1 1 0 2 1 1 1 0 2 1 2 2 1 2 2 2 0 0 0 1 2 0 1 0 2 2 0 1 0 0 1 1 2 1 1 1 2 1 2 2 2 1 2 1 1 2 0 2 1 2 1 0 0 0 1 0 1 1 2 1 0 1 1 0 0 2 1 0 1 0 0 0 2 0 0 2 0 1
1 1 0 0 1 1 1 2 2 2 2 1 2 2 0 0 2 1 0 0 2 2 1 0 0 1 1 1 0 1 0 2 0 0 0 1 2 2 1 1 2 0 1 1 0 2 2 2 1 1 0 1 1 1 2 2 0 0 1 1 2 1 1 2 2 1 1 2 0 0 1 1 2 0 0 2 1 1 0 2 2 0 2 1 0 1 0 0 2 1 1 2 0 0 1 1 2 0 0 0 1 2 1 0 1 2 0 0 0 0
2 0 1 2 1 1 0 1 2 0 1 2 2 1 2 1 0 1 2 0 2 1 1 0 1 0 0 2 0 0 0 0 0 2 0 1 1 1 1 1 0 2 0 2 1 0 2 2 2 1 0 2 2 2 0 2 2 1 2 0 2 0 1 0 0 2 2 1 0 0 0 0 0 1 1 2 2 1 2 1 2 0 1 0 0 1 0 0 2 2 1 2 0 0 0 0 0 2 0 0 1 0 2 1 2 1 1 1 2 1
0 1 2 1 2 2 2 2 0 0 0 2 0 0 2 0 1 2 0 1 1 1 2 1 1 2 2 0 0 2 2 1 1 1 2 1 1 0 1 1 1 1 2 1 2 1 2 1 2 2 0 1 2 2 2 1 2 2 1 0 1 1 2 2 0 2 1 1 0 0 1 1 2 0 0 1 2 2 0 2 0 0 0 0 0 0 1 0 0 0 1 1 0 1 2 0 2 1 0 2 2 1 2 2 2 2 1 1 2 2
2 0 0 2 0 0 1 2 1 1 0 1 1 0 2 1 1 1 2 1 2 2 0 1 2 2 0 1 1 0 1 0 0 2 1 1 0 2 0 2 0 1 0 2 2 0 0 0 2 1 2 1 1 0 2 0 2 0 1 2 1 0 0 2 2 1 1 0 1 2 2 0 0 0 2 1 1 1 1 1 2 2 0 0 2 0 0 0 0 2 0 2 0 0 2 0 0 0 1 1 0 1 1 1 0 1 2 1 2 1
0 2 1 0 2 2 0 0 2 0 2 0 1 1 0 0 1 0 1 0 2 1 2 1 0 2 2 0 1 2 0 2 1 1 2 1 1 0 1 0 1 2 1 2 0 2 2 2 0 1 1 0 0 1 2 0 1 2 2 2 2 2 1 1 1 1 1 0 1 2 1 0 2 0 0 2 0 0 0 0 2 1 1 2 2 0 0 0 2 0 0 2 2 2 2 2 1 0 2 0 0 1 0 0 1 0 0 1 2 0
2 1 2 1 1 1 2 2 2 1 0 0 2 0 2 2 2 0 0 2 0 0 1 2 0 2 2 2 2 1 2 2 0 0 0 1 1 2 1 2 1 2 2 1 2 0 0 0 0 0 2 2 2 0 1 0 1 1 2 0 1 0 0 1 0 0 1 2 0 0 1 2 2 2 1 2 2 2 2 2 1 2 2 0 0 0 0 1 2 0 2 0 1 2 1 1 2 0 0 0 0 0 1 2 2 2 2 1 2 1
1 0 1 1 0 2 1 2 0 1 0 0 1 1 0 1 2 0 1 0 1 2 0 2 2 2 2 1 0 0 1 2 0 2 1 2 2 2 1 1 1 2 1 0 0 1 1 0 2 1 0 2 1 1 2 0 0 2 0 2 2 1 2 0 1 0 0 1 0 1 2 1 1 1 0 1 0 2 1 1 0 2 0 2 1 0 0 2 0 0 2 0 2 1 1 1 2 1 2 0 1 2 2 2 1 2 2 2 2 1
1 0 1 2 0 2 2 0 2 0 1 1 0 1 1 2 2 0 2 0 1 0 0 1 0 2 0 2 2 0 2 1 1 0 0 1 0 0 2 0 0 1 2 2 2 1 1 2 2 1 0 1 1 2 2 0 2 1 0 1 1 2 0 2 0 0 1 0 1 0 1 0 2 0 2 2 2 1 0 2 0 0 1 2 2 1 2 2 0 1 1 1 0 1 2 0 2 1 1 1 0 0 1 2 1 1 2 1 2 2
1 0 0 2 0 1 1 0 0 1 1 2 1 2 1 0 0 1 2 0 2 2 0 1 2 2 2 2 1 1 2 0 0 0 0 0 2 1 0 0 1 0 0 2 0 2 0 1 0 2 2 0 2 1 1 2 1 0 1 0 0 0 0 0 1 1 1 1 1 2 2 2 2 2 2 0 2 2 2 0 1 1 0 1 2 0 0 1 1 2 2 1 0 0 2 2 2 0 0 1 0 2 0 0 2 0 1 1 2 1
1 1 2 0 0 0 1 1 2 2 1 1 1 1 2 0 0 2 2 0 0 0 0 1 0 2 1 2 2 1 0 1 0 0 1 1 1 0 2 0 0 0 2 1 0 2 2 0 2 2 2 0 2 2 0 0 0 2 0 2 1 1 0 1 2 0 2 0 1 2 1 1 0 1 0 0 1 0 1 0 0 0 2 0 1 2 1 2 1 1 2 0 0 0 1 2 0 1 0 2 1 1 1 2 0 2 0 2 0 2
0 0 0 0 0 2 2 2 1 2 1 0 0 1 0 0 2 2 1 2 2 0 2 0 0 2 0 1 2 0 1 1 1 2 1 2 1 2 2 0 1 1 1 2 2 1 2 2 1 2 2 1 0 1 0 1 1 0 0 2 1 1 0 0 0 1 2 2 0 1 2 2 2 0 2 0 0 1 2 2 0 2 1 1 0 2 0 0 2 0 2 1 2 2 1 0 1 1 0 2 0 0 1 1 2 1 1 2 1 1
2 1 1 0 0 2 2 1 2 0 2 1 1 2 1 1 0 0 2 0 0 0 2 2 1 1 1 0 1 2 2 0 1 1 2 0 0 1 1 1 2 0 0 1 0 2 2 1 0 2 2 0 2 1 2 2 0 0 2 1 0 2 2 2 0 1 2 2 0 0 0 0 2 0 2 0 2 2 2 0 2 2 0 2 1 0 1 2 1 2 1 2 1 0 2 0 2 2 2 1 0 0 2 2 0 2 1 1 2 0
1 1 0 0 0 2 0 0 2 2 2 1 2 1 2 2 1 2 1 1 1 2 1 0 2 0 2 0 1 1 2 0 0 2 0 2 2 1 2 1 1 2 0 1 0 0 1 0 0 2 2 2 2 1 0 2 2 1 0 0 0 2 0 1 2 2 0 2 0 0 2 2 2 2 1 0 0 2 0 1 2 1 1 2 0 2 1 2 1 2 2 1 2 0 0 2 0 0 1 1 1 0 0 0 0 2 2 1 2 0
0 2 1 2 1 1 2 0 0 0 2 0 2 2 2 0 1 2 1 1 1 0 1 0 1 0 2 0 1 2 0 2 2 0 2 1 1 1 2 2 0 1 0 0 2 2 0 1 0 2 2 1 0 2 1 2 2 2 0 1 2 0 2 1 1 2 0 0 1 2 0 1 1 0 1 0 1 2 2 1 1 1 2 1 1 2 0 1 2 0 1 1 2 0 0 0 2 0 1 1 0 1 0 1 0 1 2 1 1 2
0 1 1 0 2 0 2 1 2 2 2 0 0 2 0 1 1 0 2 2 2 2 2 0 2 0 1 1 1 1 0 2 2 2 2 2 2 0 0 2 2 1 2 0 0 1 2 1 2 2 2 1 2 2 1 1 2 1 2 1 0 0 0 2 1 2 1 0 2 0 0 2 1 1 0 2 0 2 2 2 2 1 1 2 1 0 0 0 2 1 1 2 2 2 1 0 2 1 2 2 2 0 2 0 1 2 0 1 2 2
1 2 1 0 2 2 0 2 0 1 1 1 0 2 1 0 2 1 1 2 1 0 0 0 1 1 0 1 1 2 1 2 2 0 0 2 0 1 0 0 2 1 0 0 0 2 0 1 0 2 0 1 0 1 2 1 0 2 0 1 0 2 1 0 0 1 0 0 2 0 1 0 2 2 0 0 2 1 2 2 1 0 2 1 2 1 2 0 2 2 2 2 2 0 2 2 2 0 0 2 0 2 2 0 0 0 1 2 2 1
2 0 1 2 1 0 1 1 1 0 2 0 0 1 1 2 1 0 1 2 1 1 2 1 2 2 0 1 1 2 2 2 1 1 1 0 2 2 2 1 0 1 2 0 0 1 1 1 1 2 1 0 1 0 2 1 0 2 2 1 1 2 0 0 1 0 1 1 2 0 0 1 2 0 1 2 1 2 1 0 2 2 1 1 2 0 0 2 2 2 2 1 2 0 2 1 0 0 0 1 1 1 2 0 1 1 0 2 2 1
1 1 0 2 0 0 2 0 0 2 1 0 1 0 1 0 0 0 1 1 1 0 2 1 0 2 2 0 1 1 2 0 1 2 2 1 0 2 2 1 1 1 2 0 1 0 1 2 0 1 0 2 1 1 0 0 0 1 1 2 2 1 0 1 1 2 0 1 2 0 0 1 1 0 1 0 1 1 0 2 2 1 0 1 2 0 1 0 1 1 0 2 2 0 0 0 0 1 0 2 1 1 1 2 2 0 1 1 2 2
1 1 0 1 1 1 2 0 1 1 1 1 0 0 2 2 2 0 0 0 2 2 1 1 2 1 0 1 2 2 0 2 2 1 0 0 0 0 0 1 0 2 1 1 0 0 0 0 0 1 0 1 1 0 0 1 1 0 0 2 1 0 1 0 1 2 1 2 0 1 1 0 1 0 1 0 0 0 0 2 1 1 1 0 1 2 1 0 0 1 2 2 2 1 2 1 1 1 1 2 0 0 0 2 0 2 0 1 2 0
0 1 2 2 1 1 2 0 0 0 2 2 2 1 2 2 1 0 0 2 0 0 0 0 0 0 0 0 1 0 2 0 2 1 2 1 1 2 2 1 2 2 1 1 1 0 0 0 1 0 0 1 1 0 2 1 0 0 0 2 1 2 0 0 1 1 2 2 0 2 1 0 2 0 2 1 1 0 1 0 1 1 1 0 2 2 0 0 2 0 2 0 2 1 0 1 2 1 1 2 0 0 0 0 0 0 1 2 1 0
0 2 2 1 1 1 0 1 1 0 2 2 0 2 0 2 0 2 1 2 2 1 0 0 2 1 0 1 1 1 2 1 1 2 1 0 1 1 1 2 0 0 2 0 0 2 0 1 1 1 0 1 1 1 2 1 0 0 2 1 1 2 0 0 2 1 1 1 0 0 1 0 2 1 2 2 0 0 1 0 2 2 2 1 0 1 2 1 1 2 0 0 2 1 1 2 0 0 1 1 2 2 0 1 1 2 1 2 2 0
0 2 0 0 0 0 2 2 0 0 2 1 1 2 2 0 2 0 2 1 1 1 1 1 0 0 1 1 0 2 1 0 1 2 1 0 0 0 0 1 1 0 2 2 0 2 0 0 2 2 1 1 0 0 1 0 0 2 0 1 2 2 1 1 2 2 2 0 0 2 1 1 0 0 0 0 0 1 1 2 2 0 1 2 1 2 1 1 0 2 0 2 1 1 1 1 1 0 1 1 1 0 0 1 1 1 2 1 0 1
1 2 0 0 2 1 2 1 1 2 0 1 2 0 1 1 1 0 2 1 2 0 1 2 2 0 2 2 2 2 1 1 1 1 1 1 0 1 0 1 1 1 0 1 1 1 2 0 1 2 1 1 0 0 2 2 1 1 2 1 0 1 2 2 0 1 1 0 2 1 2 1 0 0 0 2 1 1 2 0 1 1 2 2 0 2 1 1 0 1 2 1 0 2 1 0 0 2 2 1 2 1 0 0 1 1 2 0 0 0
0 1 2 0 0 2 2 0 1 2 2 1 1 0 1 0 0 2 0 2 1 0 1 2 0 0 1 0 1 1 0 2 2 1 0 1 0 0 1 2 0 0 2 2 1 1 2 2 0 0 2 2 1 2 2 1 2 0 0 1 1 1 1 1 2 1 2 1 2 1 1 0 0 0 0 1 1 0 0 0 1 1 2 2 0 2 2 0 2 2 2 0 1 1 1 1 0 2 0 0 0 1 0 0 0 0 2 1 1 0
2 0 1 2 0 2 1 2 0 0 2 0 0 2 2 0 1 0 2 1 0 2 0 1 1 0 2 0 0 1 1 2 2 1 2 0 0 1 0 1 2 1 2 0 0 2 0 1 2 0 0 2 0 0 1 2 2 1 2 2 0 1 2 0 2 2 0 0 1 1 2 0 2 1 0 2 1 2 1 0 2 1 0 0 0 2 2 2 1 2 2 2 2 1 0 1 2 1 1 0 2 2 1 2 1 2 2 0 2 1
0 2 0 1 0 0 1 1 2 0 1 1 0 0 1 0 2 0 1 1 1 1 0 0 1 2 2 0 2 2 2 0 2 1 2 0 1 1 2 2 1 1 1 2 1 2 0 1 0 2 1 1 1 2 2 2 2 2 2 1 2 0 0 2 1 0 0 0 1 0 2 0 1 1 0 0 1 1 0 2 0 1 1 1 0 1 0 0 1 0 2 1 1 0 1 2 0 1 1 1 2 0 2 1 2 0 2 1 1 0
1 1 1 2 0 2 1 1 0 0 0 1 1 1 1 0 2 2 0 0 1 2 0 0 1 0 2 1 2 0 1 0 0 0 0 1 0 2 0 2 2 0 0 2 2 1 0 1 1 0 2 0 1 1 1 0 2 0 1 1 1 0 1 2 1 1 0 2 1 0 1 2 1 2 2 1 2 2 0 0 0 1 0 2 2 0 2 1 0 0 2 2 1 1 1 0 0 2 2 2 0 2 2 0 1 1 2 0 0 2
2 1 0 2 0 0 0 2 1 1 0 1 1 2 2 0 2 1 0 0 1 1 2 0 1 0 1 0 2 1 1 1 0 2 1 1 0 2 1 2 1 2 1 2 2 1 0 2 2 0 2 0 0 1 0 1 2 1 0 2 1 2 0 2 1 1 0 2 0 2 2 1 2 0 2 2 1 2 1 2 1 1 2 1 2 0 0 2 2 1 1 0 0 1 2 0 1 1 2 2 0 2 2 0 2 1 2 2 1 2
1 2 0 1 1 0 1 0 1 1 1 2 2 2 2 2 2 1 0 2 0 1 2 2 2 2 1 2 1 0 1 0 0 2 2 2 1 1 2 2 0 0 2 0 0 2 0 0 0 1 0 2 2 2 2 2 1 1 0 1 1 1 2 1 2 2 1 0 1 0 2 1 2 2 2 0 2 0 1 0 1 2 2 2 2 2 2 0 0 2 2 2 1 2 1 1 2 0 1 0 1 1 0 0 0 0 2 2 1 1
0 2 0 2 2 2 2 2 0 2 1 1 2 0 1 1 1 0 1 2 2 2 1 2 1 2 2 0 2 0 2 2 1 2 0 1 2 0 0 0 1 0 2 0 0 0 1 0 2 0 2 1 0 1 0 2 1 0 0 0 2 2 1 1 2 2 2 2 2 1 2 0 1 2 1 2 0 0 2 2 1 0 0 1 2 1 1 0 2 1 1 2 0 2 0 0 1 2 2 1 1 2 1 0 2 0 0 0 1 2
0 2 0 1 1 2 2 2 0 2 0 2 1 1 2 1 1 1 2 1 0 0 0 2 1 0 0 2 0 1 2 0 0 0 2 2 0 0 1 2 2 2 2 2 0 1 1 2 0 0 0 1 2 0 1 1 0 1 0 1 0 0 0 1 1 2 0 2 0 1 2 1 0 1 0 1 0 1 0 1 0 0 2 0 0 0 1 2 2 2 0 2 2 1 1 2 2 1 1 2 2 0 0 0 2 0 1 2 0 1
0 0 1 1 0 0 2 2 2 0 2 0 0 2 2 2 1 1 0 2 1 1 0 2 1 2 0 0 2 0 2 0 1 2 2 2 2 2 1 2 2 0 2 2 0 2 1 2 1 0 2 0 1 0 2 2 1 2 0 1 1 1 1 2 0 2 0 2 1 1 2 1 0 1 0 1 2 0 0 0 0 0 1 1 1 0 1 0 1 0 1 0 1 0 0 1 2 0 1 1 0 0 2 0 2 1 2 1 2 2
0 2 1 1 1 0 0 0 0 2 0 1 2 2 2 0 1 2 1 2 1 1 0 1 2 0 0 1 2 2 1 0 2 2 0 1 0 0 1 0 0 0 2 0 0 2 0 2 2 2 1 0 1 2 2 0 0 2 2 2 1 2 1 0 2 1 1 0 2 1 0 2 1 1 0 1 0 1 1 0 1 0 0 2 0 0 1 0 0 1 0 2 0 1 2 0 2 2 1 1 0 1 1 2 0 1 1 0 1 0
1 2 1 0 2 1 1 0 2 1 2 2 0 0 2 1 0 1 0 1 1 1 1 0 0 1 0 2 0 1 2 2 0 0 2 0 2 0 1 1 2 1 2 0 1 1 1 0 0 2 2 1 0 1 0 1 1 0 1 2 1 1 1 2 0 2 2 2 2 1 2 2 2 1 0 2 0 1 0 0 2 0 2 0 2 2 2 1 0 1 0 2 0 2 1 0 1 1 1 1 0 0 0 0 2 1 0 2 1 0
2 0 1 2 0 1 2 0 2 2 2 2 1 0 1 0 1 1 2 2 2 0 0 0 0 0 2 1 2 1 2 0 1 0 0 2 1 0 1 0 0 0 0 0 1 0 0 0 1 0 0 1 0 1 2 1 1 2 0 2 0 2 0 1 1 0 2 2 1 0 1 2 1 1 2 0 1 0 0 0 2 0 1 2 2 2 1 2 1 2 2 2 2 2 1 0 2 0 0 2 1 1 1 0 1 1 0 0 2 1
1 1 2 0 2 2 2 0 2 1 0 1 1 0 0 2 1 0 1 1 2 2 1 1 2 2 0 0 0 1 1 1 0 2 0 2 2 2 1 1 1 2 2 0 2 0 0 1 0 2 0 1 1 1 0 2 1 1 2 2 0 2 1 0 1 1 0 0 2 1 1 1 0 1 2 0 1 0 1 1 2 1 0 1 1 1 0 0 0 0 2 0 2 2 0 0 1 0 1 1 2 2 0 0 0 0 0 1 1 2
0 0 2 1 1 1 0 2 1 0 0 2 0 2 1 1 0 2 2 1 1 2 1 2 0 2 0 1 0 1 1 1 1 1 0 0 2 0 0 0 1 0 0 1 0 1 1 0 2 1 2 1 0 0 1 0 2 1 2 0 2 1 2 1 2 0 1 1 1 2 2 0 0 0 0 1 2 1 2 2 2 2 0 2 0 2 1 0 0 0 1 2 1 1 1 1 2 0 0 1 0 2 1 1 0 1 2 1 2 0
0 2 2 1 2 2 0 0 0 2 1 2 2 0 0 1 1 0 2 1 1 0 1 0 1 0 2 2 1 0 2 1 2 2 0 2 2 2 2 1 1 1 0 0 1 1 2 0 2 1 2 0 1 1 1 1 2 1 0 0 1 0 2 1 0 0 1 2 0 1 0 1 0 1 2 1 0 0 0 0 1 2 0 1 0 0 0 0 1 1 0 0 1 1 2 1 1 0 1 2 2 0 1 2 1 1 1 2 1 1
2 1 1 0 0 2 1 0 0 2 1 1 0 0 2 0 1 1 1 0 0 1 0 2 1 0 1 2 2 2 2 2 1 1 0 1 1 1 1 2 1 0 1 2 0 1 2 2 1 0 0 2 2 1 2 0 1 0 1 1 0 0 1 2 2 1 1 0 2 1 0 1 1 2 0 0 0 2 2 2 1 0 2 1 2 1 2 0 2 0 2 2 1 0 2 1 1 1 1 1 0 2 2 1 2 0 1 0 0 2
0 2 2 2 0 1 0 0 0 2 0 2 0 2 0 2 0 1 1 0 1 1 2 0 1 2 1 0 0 2 2 0 2 2 1 0 1 1 1 1 2 2 1 2 0 2 2 0 1 2 1 2 1 2 1 2 2 0 1 0 0 0 1 2 0 2 0 2 1 2 1 1 0 0 1 0 2 1 1 1 0 0 1 0 2 2 0 1 2 1 1 2 0 2 2 0 2 1 0 1 0 0 2 0 0 1 0 1 2 0
2 0 0 1 0 0 1 1 1 1 0 0 2 0 2 1 1 2 0 0 1 1 0 1 1 1 2 0 2 2 0 1 0 1 0 1 1 2 2 0 0 2 0 0 0 2 0 0 0 0 0 1 1 1 0 1 2 2 2 2 2 0 1 2 1 2 1 0 2 1 0 1 1 0 1 0 0 1 0 0 2 1 0 1 2 0 2 1 0 1 1 1 1 0 1 0 0 0 0 0 1 0 1 0 0 2 0 1 2 1
2 1 2 2 2 1 2 0 1 1 1 2 2 1 0 0 1 1 1 0 2 0 0 0 1 2 0 2 0 2 1 2 1 1 0 2 0 0 2 1 1 1 1 1 2 2 0 2 1 2 0 0 0 0 1 2 0 2 1 0 2 0 1 1 2 2 0 0 2 2 1 2 1 0 0 1 2 1 1 1 1 1 1 1 0 0 1 0 0 2 2 0 1 0 1 1 2 0 1 2 2 0 1 1 0 2 0 1 1 2
2 0 1 2 2 1 2 0 1 0 1 0 0 2 1 0 1 1 0 2 1 0 0 0 2 0 2 0 2 2 2 2 2 0 2 2 2 2 2 2 0 1 2 1 1 2 1 2 1 2 1 0 0 1 1 2 0 1 0 2 0 2 2 1 1 1 1 0 2 0 2 2 0 0 1 1 2 0 1 1 0 0 2 0 0 0 0 0 1 0 0 0 1 1 1 2 0 2 0 2 0 0 2 0 0 1 2 0 2 1
