3 111 19
232382430 919201876 581934528 102392900 647351459 36624091 506859831 600735206 264651963 897054420 676767846 977039988 903812372 813203971 307314403 359957134 273320845 601930843 51689291 763163394 1129493855 641704382 102834605 901693719 673559940 972921646 1070068845 609193400 498588550 117008788 71765461 777191676 683785964 1142452502 874028273 717336546 368556047 1099187691 204899956 784377315 773014216 962705638 804608033 947766343 64383556 1135551495 893448145 198257783 427567510 296452598 471526131 1100729879 207419819 359238823 961687890 299660056 1123655936 913830331 708957635 1132730096 130983298 262331321 964900709 368567806 1115170949 894968736 1072960832 222828864 301519859 1138399956 449331670 744348821 903014080 253343296 1143726794 816133714 437866009 1148629629 1099085860 766760503 471307095 952809910 1095133409 1136137480 1073117056 271531079 849191981 57612344 279460761 771917963 195018662 631117809 10021545 898782702 365245373 1021530465 349689172 1000188122 505764515 476955418 76517190 1055491211 1118829179 656108493 1145157518 76056230 636589545 449214904 747146986 799549616 347794129
2 0 1 1 2 1 1 0 0 2 0 1 1 0 1 0 1 1 1 2 1 0 0 1 1 2 0 1 0 0 1 0 0 0 1 0 1 0 0 2 2 1 0 1 2 2 2 1 0 1 1 2 1 2 1 0 2 1 0 2 1 1 1 2 2 2 0 0 0 0 0 1 2 0 0 2 2 0 1 1 2 1 1 0 0 2 2 2 1 2 0 0 1 1 0 0 0 1 1 2 2 1 0 2 2 1 1 2 1 1 0
0 2 2 2 2 2 1 2 1 0 0 2 1 1 2 2 2 0 0 1 0 1 2 2 0 1 2 0 0 1 1 1 0 0 1 0 0 2 0 2 0 0 2 2 1 2 1 1 0 1 2 1 0 0 1 1 2 1 1 2 2 0 1 2 2 2 1 0 2 1 0 0 2 0 2 0 2 0 2 0 2 0 1 0 0 1 2 2 2 1 1 2 2 1 2 1 0 0 0 1 2 0 1 2 1 1 2 0 2 2 2
0 0 0 0 0 2 0 0 2 2 2 2 2 0 2 2 2 1 2 0 0 0 1 2 1 0 2 2 0 2 1 1 2 0 1 0 2 2 0 2 2 0 2 2 0 2 1 2 0 0 0 1 1 0 1 2 0 1 2 1 1 1 2 1 1 2 2 1 1 0 1 2 0 1 1 2 1 0 2 2 1 1 0 2 1 2 2 1 1 1 0 0 2 0 1 1 2 1 0 2 2 2 1 0 1 0 0 0 0 1 2
1 2 1 1 0 0 0 1 1 1 2 1 2 1 1 1 0 2 2 0 1 1 1 0 0 1 0 1 2 1 0 0 0 1 1 0 2 2 0 1 2 0 1 2 1 2 0 0 1 0 1 1 2 0 1 0 2 1 1 0 1 2 1 1 1 1 0 0 0 1 0 2 1 1 2 1 0 0 1 2 1 2 0 0 0 2 1 1 1 2 1 0 2 0 1 1 1 2 2 2 0 2 2 2 1 2 1 2 0 2 2
2 2 2 2 1 2 1 0 1 2 2 2 2 2 0 0 1 1 0 0 1 0 0 1 2 0 2 1 1 2 1 0 0 2 1 1 2 0 1 0 2 0 0 0 2 0 0 1 2 1 2 2 0 0 1 2 1 1 1 0 1 0 0 1 0 2 0 2 0 2 0 2 2 0 0 0 1 1 2 1 0 2 0 0 0 1 0 1 0 2 1 2 0 0 1 0 2 0 2 2 2 0 0 0 0 0 1 1 1 0 2
0 2 0 0 2 2 1 1 0 1 0 0 2 0 2 2 0 2 2 0 2 2 0 2 2 1 0 1 0 1 1 0 1 1 2 2 1 0 1 2 2 1 2 1 2 2 1 0 2 0 0 2 0 1 2 0 0 0 1 1 2 0 2 0 0 1 0 2 2 1 2 1 0 2 2 0 2 0 1 0 1 1 2 2 0 2 0 1 2 2 0 2 1 0 1 1 2 1 0 1 0 0 0 1 0 0 1 0 1 2 0
2 1 0 2 0 0 0 1 0 2 2 0 0 2 2 2 1 0 1 0 0 2 0 2 2 0 0 0 1 0 1 1 0 2 1 0 0 1 2 1 1 2 2 2 1 1 2 1 2 0 1 1 2 2 0 2 0 2 0 2 2 2 1 2 2 0 0 2 2 0 1 0 2 1 1 1 0 1 2 0 2 1 1 2 1 1 2 1 0 2 1 1 2 1 1 1 1 2 1 0 0 1 2 0 0 1 1 1 2 1 1
1 0 0 0 2 1 0 0 0 2 0 2 1 1 0 0 0 0 0 0 0 2 0 0 2 2 0 0 1 2 2 0 2 2 1 1 2 1 2 0 1 0 2 0 1 0 1 1 1 1 0 1 1 1 0 0 1 0 2 0 2 1 1 2 2 2 1 2 2 1 2 0 2 2 0 0 2 2 0 0 1 0 0 2 2 1 0 0 2 0 1 1 1 0 1 1 2 0 0 2 1 0 2 0 2 1 1 2 1 2 0
0 2 0 2 1 2 0 0 1 0 2 0 0 2 1 2 2 1 1 2 1 1 1 1 2 0 0 2 2 2 2 0 2 1 2 2 0 1 2 0 2 1 0 2 1 2 0 0 1 1 2 2 2 2 2 2 2 2 1 2 2 2 2 2 1 0 1 2 1 0 2 1 2 0 2 0 0 2 1 2 0 0 0 0 2 2 0 0 2 2 2 2 2 0 2 1 0 0 1 2 2 1 0 2 2 2 1 0 1 0 0
2 1 0 0 2 0 1 2 2 1 2 0 2 2 2 0 2 0 2 1 0 2 2 0 1 2 2 2 2 2 0 1 0 1 2 2 1 1 1 1 0 2 1 0 1 1 1 2 0 1 0 0 1 0 1 2 0 0 2 2 2 2 1 0 0 1 0 2 2 0 1 0 2 0 1 1 0 0 0 0 1 1 0 0 2 0 2 0 0 0 0 1 2 2 2 1 1 2 0 1 2 2 2 2 1 0 1 1 1 1 1
0 0 2 0 0 2 0 1 1 1 2 0 0 2 2 2 0 2 0 1 2 0 1 2 1 0 0 2 1 2 1 2 2 1 2 0 1 0 0 0 1 2 0 0 2 2 2 2 2 0 1 2 2 1 1 0 1 2 1 0 2 2 0 2 1 0 1 1 1 1 1 1 0 2 1 0 2 1 2 1 0 1 1 2 2 0 0 1 0 2 0 2 0 0 2 1 1 0 2 0 1 1 2 1 1 1 2 0 0 1 0
0 1 1 0 1 2 2 1 2 1 1 2 1 1 2 1 0 2 1 1 1 0 1 0 1 2 0 0 0 2 0 1 1 2 2 0 2 2 2 2 2 0 2 1 2 2 0 0 2 2 2 1 2 0 2 1 0 0 1 1 0 2 0 0 1 0 1 1 0 0 1 0 0 1 2 0 1 0 1 0 2 0 2 1 2 2 0 0 0 1 1 0 1 2 0 0 0 1 1 1 2 0 1 0 1 0 1 2 0 0 1
0 0 0 2 0 2 2 1 0 2 0 0 0 0 2 1 0 1 1 1 2 1 0 2 1 1 0 0 0 0 1 0 2 2 0 0 2 1 1 2 0 0 1 1 0 1 1 0 2 2 2 1 1 0 2 2 2 2 1 2 1 2 1 1 0 1 1 2 2 1 2 0 2 1 0 2 2 1 0 2 0 0 2 2 0 1 2 2 1 0 0 2 0 1 1 0 0 1 1 1 0 1 1 2 2 1 1 1 2 1 0
0 2 2 0 2 1 0 2 0 0 0 0 1 2 2 2 0 1 1 2 1 2 0 0 1 0 1 2 0 0 0 1 2 1 2 2 2 2 2 0 0 0 1 1 0 1 1 0 2 2 0 0 2 1 0 0 2 2 0 2 0 2 1 2 0 1 2 2 1 1 0 1 2 2 1 0 0 0 1 2 1 2 0 0 1 0 2 0 0 2 0 0 1 2 0 2 0 2 0 2 0 1 1 1 0 0 1 1 2 2 0
0 2 1 1 0 1 0 0 2 1 2 2 0 1 2 0 2 1 1 2 2 2 2 0 0 2 1 1 1 2 2 2 1 0 1 2 2 2 0 1 1 2 1 2 1 1 0 1 0 1 1 2 1 0 1 1 1 0 0 0 2 2 0 2 0 2 2 2 2 0 1 1 1 0 1 2 1 1 1 1 0 1 1 2 1 2 1 0 0 1 1 0 1 2 0 1 1 2 1 0 1 0 2 2 0 0 2 1 2 2 0
0 0 1 2 1 1 0 0 2 2 1 0 0 0 2 1 2 1 0 2 0 0 0 2 0 0 0 2 1 2 2 1 2 2 2 1 0 0 1 0 0 2 1 0 0 0 0 2 0 0 2 0 1 2 1 2 0 1 2 1 0 2 1 0 1 0 1 2 0 0 0 1 0 2 0 1 0 0 0 0 1 0 2 0 0 0 0 1 2 0 0 2 0 1 2 2 2 1 2 1 1 0 2 0 0 0 1 0 0 1 2
0 2 1 0 0 2 1 2 1 1 0 1 2 2 0 2 0 2 2 1 1 0 1 1 0 2 0 2 0 2 2 0 1 0 1 0 2 2 2 1 2 2 2 2 0 2 2 0 2 1 1 0 2 0 2 0 2 0 0 0 0 2 0 2 2 2 2 2 0 2 0 0 2 2 2 0 2 1 0 2 0 2 0 0 0 1 1 0 1 1 0 1 2 2 2 2 1 1 2 1 1 0 2 1 0 1 1 0 0 0 0
1 0 1 1 1 0 0 2 2 0 0 2 2 2 1 1 1 2 1 0 1 2 0 0 0 2 1 0 0 2 1 2 1 0 1 2 1 2 1 0 0 0 2 2 2 0 1 0 0 0 2 2 2 0 2 2 2 1 0 0 1 2 0 2 0 2 2 1 2 2 2 2 2 2 2 1 0 0 0 1 0 0 0 0 0 2 2 0 0 1 2 2 0 2 2 1 2 2 0 1 1 2 1 0 2 0 1 0 1 1 1
1 1 1 2 2 1 2 1 2 0 0 2 2 2 1 1 2 0 1 1 1 1 0 2 1 0 1 1 1 0 0 1 0 2 1 2 0 1 1 2 0 1 2 2 2 1 0 2 2 1 0 2 0 1 1 2 2 2 1 1 1 1 0 1 1 2 1 1 1 0 2 1 1 1 1 1 0 2 0 0 1 2 0 0 0 1 2 0 1 2 2 0 1 0 1 0 0 0 2 2 0 2 1 0 1 2 2 2 2 0 0
0 2 0 0 2 2 1 0 1 1 0 1 2 1 0 0 2 0 0 1 2 2 2 0 1 2 2 1 2 0 2 0 2 0 1 0 0 0 1 1 1 2 0 2 0 0 2 0 1 0 1 1 0 2 1 2 2 2 0 2 2 1 0 0 1 2 0 2 1 2 1 0 1 1 2 1 2 0 1 1 0 1 0 1 1 2 1 1 1 2 0 2 0 1 2 2 2 0 1 0 2 2 1 0 1 1 2 0 2 1 0
0 0 0 2 2 2 0 0 2 2 1 1 1 0 1 0 2 1 0 0 0 2 2 1 2 1 0 0 0 2 0 0 2 0 0 2 1 0 0 1 1 1 2 0 2 0 1 0 2 1 0 0 2 0 1 1 1 2 1 2 2 0 1 2 1 1 2 0 0 2 1 2 1 0 2 0 1 0 1 0 2 2 1 2 2 2 0 2 2 2 1 2 0 2 1 2 1 1 2 2 0 1 1 2 2 0 1 2 0 2 0
0 1 2 2 2 2 0 1 1 1 0 1 1 0 0 1 2 1 1 1 0 0 2 2 0 0 0 0 1 1 1 0 0 1 2 2 0 1 1 0 2 0 1 1 1 2 0 0 1 2 2 2 0 2 2 0 2 1 2 1 2 0 1 2 1 2 2 2 0 1 2 0 1 2 1 0 1 2 0 0 1 0 2 1 2 2 0 2 0 2 2 2 0 0 2 2 2 2 1 0 1 2 1 0 1 0 1 2 0 2 0
2 1 0 1 1 0 2 1 1 1 1 1 2 1 1 1 2 0 1 0 1 1 2 0 2 0 2 2 0 1 0 0 0 2 2 2 2 1 0 1 1 2 2 0 0 0 0 0 2 2 1 1 0 1 1 2 1 1 2 2 0 0 0 0 2 0 2 2 2 0 0 1 0 1 2 1 2 0 2 1 2 1 0 2 2 2 2 1 1 1 2 2 2 2 0 2 0 1 2 2 2 0 1 0 1 1 2 2 2 1 0
1 0 1 0 0 1 0 2 0 2 1 2 2 1 2 1 2 1 1 2 1 2 1 1 1 0 0 0 2 1 2 0 2 1 1 0 0 1 0 0 2 2 0 1 1 1 0 0 2 2 2 0 2 1 1 0 1 2 2 2 2 2 2 1 1 2 2 2 1 0 0 0 2 1 1 1 0 0 1 2 2 2 0 2 1 2 0 2 2 0 2 2 2 2 1 2 2 1 2 0 2 2 1 0 1 0 1 1 0 1 2
0 0 2 0 1 2 1 1 2 1 1 1 2 1 0 1 0 2 0 0 1 0 2 2 0 1 1 2 2 2 1 0 0 1 0 1 1 2 2 0 1 1 0 0 2 1 2 2 0 0 1 2 1 0 0 1 2 1 1 2 1 0 2 1 2 0 0 1 0 0 2 2 2 2 0 1 0 2 2 1 0 0 2 1 1 2 0 1 0 2 0 2 2 0 1 1 1 2 2 2 2 0 1 1 2 2 1 1 2 1 2
2 1 1 1 0 0 2 2 1 2 2 1 1 0 0 1 2 2 1 2 2 1 1 1 2 1 0 0 1 1 0 0 0 0 2 2 0 2 1 0 1 2 2 1 2 0 0 2 0 2 2 0 2 1 0 1 2 1 1 1 0 2 2 1 2 2 0 1 0 0 2 2 2 1 0 2 2 1 0 1 1 0 1 0 2 2 2 1 1 1 1 1 0 1 0 0 0 2 2 1 2 1 1 2 0 2 2 1 1 2 2
0 2 1 1 1 1 0 1 2 1 2 1 2 0 2 0 1 1 2 0 1 1 1 1 2 1 1 0 0 0 0 0 1 1 2 0 0 2 2 2 1 1 1 2 2 1 2 2 0 2 0 2 0 1 0 0 0 1 1 1 0 1 1 2 0 1 2 0 1 2 1 1 1 0 0 2 1 2 1 0 2 1 2 1 0 0 1 0 0 0 2 1 1 1 0 2 0 0 1 2 2 0 0 2 0 0 1 0 1 0 0
0 1 0 1 2 1 1 0 1 1 0 0 0 2 0 1 2 2 0 2 1 0 0 1 1 1 2 1 2 2 2 0 1 2 2 0 1 0 1 0 2 1 1 1 0 2 0 0 1 0 2 1 1 0 2 0 0 0 0 2 0 2 0 2 0 0 0 2 1 1 2 1 0 1 0 1 2 0 2 1 1 0 0 0 0 1 0 0 1 0 1 2 0 1 2 1 2 0 0 1 2 2 0 1 2 0 2 2 1 2 0
2 2 2 2 0 0 0 2 2 1 0 1 2 2 1 0 2 2 0 0 1 0 1 2 0 2 0 2 0 2 1 0 2 0 0 2 1 0 2 0 1 2 2 1 2 1 1 2 0 2 2 0 0 1 2 0 0 2 1 1 2 2 1 1 0 2 2 1 2 1 2 2 2 1 0 2 1 0 1 1 2 1 1 2 2 2 1 0 2 0 1 2 0 0 1 0 2 1 2 1 1 1 1 1 0 0 0 1 0 2 1
2 0 0 0 0 0 2 1 0 2 2 0 2 0 1 0 2 1 2 1 0 1 1 1 1 1 2 1 1 1 0 1 2 0 2 0 1 1 1 2 0 1 2 0 2 1 0 1 2 2 0 2 0 1 1 0 0 0 2 1 2 2 1 1 0 0 2 2 0 0 1 1 2 0 2 1 2 2 0 2 0 1 0 1 0 2 2 1 0 1 0 2 1 1 2 2 0 1 2 0 0 1 1 0 2 1 0 1 2 0 2
0 2 0 1 0 2 2 2 0 0 2 1 0 2 0 0 2 2 2 0 0 1 2 1 1 1 1 0 1 1 2 1 2 0 2 2 0 2 1 0 1 1 1 1 0 2 2 0 2 1 0 2 1 0 1 2 2 0 2 0 0 0 1 2 0 1 2 0 1 0 2 2 1 0 1 0 1 0 0 0 2 1 0 0 2 0 2 2 0 0 0 0 1 2 0 1 1 2 0 2 2 0 2 2 1 1 2 2 1 0 0
2 2 1 2 1 2 0 1 2 1 2 1 2 1 1 0 0 1 1 0 1 1 1 1 0 2 1 2 1 2 0 0 1 2 0 1 2 0 2 2 1 0 0 1 1 0 2 1 2 1 0 0 0 1 0 1 0 1 0 2 0 1 0 0 1 1 1 0 2 1 0 2 1 1 0 0 1 0 2 1 2 0 0 0 1 0 1 2 1 2 2 0 2 0 0 0 2 2 2 2 0 0 1 0 2 0 1 2 0 1 0
0 2 0 0 0 0 2 0 0 2 0 1 1 1 2 2 0 1 2 2 2 2 2 0 2 2 1 1 0 0 1 1 2 0 2 0 1 2 1 2 2 2 0 0 0 0 2 1 2 2 0 0 2 0 0 2 2 2 0 1 0 0 0 2 0 2 0 2 2 1 2 1 1 0 2 1 1 0 2 0 0 1 0 2 1 2 2 2 1 0 0 1 1 0 1 2 0 1 2 1 1 1 0 2 1 0 2 0 0 2 1
0 1 2 0 1 1 0 0 0 1 1 2 2 2 0 0 0 0 2 1 2 0 0 2 2 0 1 0 1 2 2 2 0 2 2 1 2 1 2 2 0 1 2 0 0 0 0 2 1 2 0 0 0 1 0 0 1 2 0 0 1 0 2 0 2 0 2 1 2 2 1 2 0 1 2 2 2 0 1 1 2 2 2 0 1 0 0 0 0 1 1 2 2 1 2 1 2 2 1 1 2 0 0 0 1 0 2 1 0 1 2
0 1 2 1 0 2 2 1 0 0 2 0 2 2 2 2 1 2 0 1 1 0 1 2 2 2 2 0 2 1 1 1 0 0 2 1 0 2 2 2 0 2 2 1 2 2 0 1 0 1 2 2 2 1 1 1 0 2 2 1 1 0 2 1 1 2 2 0 1 1 2 0 1 2 1 1 1 2 0 2 1 2 2 0 0 1 2 2 0 1 0 1 2 0 0 0 0 0 1 0 0 0 0 2 2 2 1 2 1 1 1
0 1 0 0 2 2 0 2 0 2 0 0 1 1 1 0 1 2 1 1 0 0 1 2 2 1 1 2 0 2 1 0 1 2 1 1 1 1 1 0 1 1 0 0 2 1 1 0 1 1 2 1 1 1 2 1 0 0 1 0 1 2 2 2 1 0 1 1 0 2 2 1 0 2 2 0 1 1 0 1 2 0 2 1 0 1 2 1 0 0 2 1 0 1 1 0 2 0 1 2 2 1 1 0 0 1 0 2 2 1 0
2 2 1 1 2 0 1 1 0 2 0 2 0 2 0 0 2 0 2 2 0 0 1 0 1 2 1 1 0 0 0 0 0 1 2 0 2 1 1 0 0 2 2 1 1 1 2 1 1 1 0 2 2 1 0 0 2 0 0 2 1 0 2 2 1 2 2 0 0 1 1 2 0 2 0 0 1 0 1 2 2 2 2 2 1 1 0 0 2 0 0 0 0 1 2 2 0 2 1 1 0 0 0 1 2 1 1 0 2 0 1
2 0 1 2 2 0 0 1 2 2 1 2 0 0 2 0 1 1 2 0 2 2 0 1 0 2 2 1 2 0 2 2 1 2 2 1 2 2 0 2 2 1 2 0 2 2 1 1 0 0 1 0 2 2 2 0 1 2 2 1 1 2 0 2 1 0 1 2 0 1 2 0 1 1 0 1 0 1 2 2 2 0 2 0 0 2 0 1 1 2 1 2 0 2 2 2 0 1 1 0 0 0 0 1 2 2 2 0 1 1 2
1 2 2 2 2 1 0 1 1 1 0 0 1 0 0 0 0 2 2 1 0 0 1 1 0 1 1 2 1 2 1 2 2 2 2 2 1 2 1 2 0 2 1 1 2 2 0 2 2 0 0 2 0 2 1 2 2 2 1 0 2 2 0 1 2 2 1 1 2 1 1 0 0 0 2 0 0 2 0 0 0 1 1 1 0 2 1 0 2 2 0 2 2 1 2 2 0 0 1 1 1 2 1 2 1 1 2 2 2 0 2
2 1 1 1 0 1 2 0 1 1 2 0 2 0 0 1 1 1 0 2 0 0 1 1 1 0 1 0 2 2 1 0 0 2 1 0 1 1 1 2 0 0 1 2 0 1 1 2 0 2 2 2 0 1 0 1 2 1 0 2 0 2 2 1 1 1 1 0 0 0 0 1 1 2 2 2 1 1 2 2 1 2 1 1 1 1 0 0 0 1 0 1 0 0 2 2 1 2 0 2 0 0 2 2 0 1 2 2 2 2 2
1 2 1 0 1 2 1 1 0 2 2 2 0 0 2 0 2 2 0 0 0 1 2 0 2 1 2 1 0 1 1 0 1 0 0 0 0 1 2 1 2 2 1 2 0 1 0 0 1 0 0 2 1 0 2 1 1 2 0 0 0 2 0 2 2 0 2 0 0 2 2 2 2 1 2 0 2 0 0 0 0 2 2 2 0 2 1 2 1 0 2 0 2 0 2 0 1 0 1 1 0 0 1 2 2 1 0 1 1 1 0
2 1 0 2 2 0 1 1 1 1 1 1 2 1 2 2 2 0 0 2 0 1 1 0 1 0 0 2 2 1 2 2 0 0 2 2 1 0 1 2 0 2 2 2 1 2 1 1 2 2 0 2 1 2 2 2 0 2 2 0 1 2 0 1 0 2 1 1 1 2 1 1 2 1 1 0 0 0 0 2 2 0 1 1 0 0 1 1 0 0 2 2 0 2 1 0 0 0 2 2 0 2 1 0 0 2 1 1 2 1 1
2 2 0 0 0 1 1 0 0 1 2 2 0 2 0 0 0 1 1 2 2 1 0 2 1 0 0 0 2 2 2 1 2 0 2 0 1 0 0 1 0 0 1 0 1 0 1 1 1 0 2 0 1 2 2 1 1 1 1 0 1 1 0 1 1 2 1 1 1 0 0 1 0 2 2 1 2 1 1 0 0 0 2 1 0 2 0 1 0 0 2 2 1 2 0 1 2 2 2 0 0 0 2 0 2 1 0 2 1 1 1
1 1 0 0 2 2 1 1 1 1 0 0 0 0 2 1 2 2 1 1 2 2 0 0 2 0 0 2 2 2 0 0 0 1 0 0 1 1 2 2 0 2 1 1 0 0 0 0 2 2 1 2 2 0 2 1 1 0 1 0 2 2 0 1 0 1 2 2 1 1 2 1 1 1 0 2 1 1 0 1 1 0 0 0 0 0 2 1 1 1 2 0 1 2 2 2 0 1 2 1 0 2 1 2 1 1 1 2 2 2 2
0 2 2 1 0 0 1 2 1 0 1 0 1 1 2 1 1 2 0 1 2 0 2 0 2 1 1 2 1 1 1 2 1 2 1 2 2 0 1 1 0 2 1 1 0 0 0 0 0 1 2 1 2 2 1 1 0 0 1 2 2 0 0 1 2 1 1 2 1 2 1 1 0 2 0 1 0 1 2 1 0 1 2 0 1 1 2 2 1 1 2 0 1 2 0 1 1 1 1 2 1 2 1 2 1 0 1 2 1 1 1
2 1 1 0 2 2 0 2 1 1 2 2 0 1 2 1 0 1 2 0 0 2 0 2 0 0 1 1 1 0 0 2 1 2 2 0 2 2 0 1 1 0 1 1 1 1 1 2 0 1 1 0 1 1 0 1 2 2 0 1 2 1 0 1 1 2 2 0 2 2 2 0 2 0 0 2 2 1 2 2 2 1 0 0 2 1 0 1 0 0 0 0 2 1 1 0 1 0 1 1 1 1 0 1 2 0 1 1 1 2 2
0 0 2 2 0 0 2 2 1 0 0 1 1 2 0 1 1 2 0 0 0 2 0 2 1 0 1 0 1 0 2 0 0 2 2 1 0 2 2 2 0 0 1 1 2 2 1 1 1 2 2 1 2 2 2 0 1 0 1 2 1 1 0 2 2 0 2 2 0 1 1 1 2 0 0 2 0 2 1 1 2 1 1 2 2 0 0 0 1 0 2 0 2 1 2 1 1 2 0 2 1 0 1 1 1 1 0 2 1 2 2
1 1 1 0 0 2 1 0 0 1 0 1 1 2 0 2 1 0 1 1 1 2 2 2 1 0 0 1 2 1 1 1 2 2 2 0 1 1 1 2 0 1 0 1 1 1 2 0 2 1 1 2 0 0 2 2 1 1 1 2 2 2 0 2 1 1 2 0 2 0 0 2 2 1 2 1 1 2 1 1 0 0 0 1 1 1 0 1 0 2 1 2 2 2 2 2 0 2 0 0 0 1 1 2 0 0 2 1 0 1 1
1 2 1 2 1 0 0 0 0 0 1 0 0 1 2 2 1 2 2 2 2 1 1 0 0 2 2 2 2 0 0 0 0 0 2 0 0 0 0 2 1 2 2 2 1 0 1 0 2 1 0 2 1 1 2 1 0 2 0 2 0 1 0 2 2 0 2 2 1 0 2 0 0 2 2 1 0 1 0 2 2 0 2 1 0 2 2 0 1 1 1 2 0 1 2 2 2 1 2 1 2 2 1 0 2 1 2 2 2 0 1
2 1 1 1 2 1 1 2 0 2 1 0 0 0 2 2 0 1 2 2 0 2 1 1 1 2 2 0 2 0 2 1 2 1 0 1 0 0 2 0 0 0 1 1 1 0 1 2 1 0 1 2 0 0 2 1 2 2 1 2 2 2 2 0 0 2 1 0 0 0 1 1 1 2 2 2 0 0 0 2 2 1 0 2 2 2 2 2 2 1 0 2 0 2 2 2 2 2 2 0 2 2 1 1 2 1 2 0 2 2 2
2 1 2 0 1 2 2 2 2 0 2 2 2 1 2 1 0 1 1 1 2 0 0 1 0 2 0 0 2 2 0 1 2 0 1 0 0 1 2 0 0 1 2 2 0 2 1 2 2 2 0 1 0 2 0 1 1 1 2 0 1 2 0 0 0 2 1 1 1 1 1 2 1 1 1 1 1 2 0 0 2 2 2 0 1 0 1 2 1 1 1 0 2 2 1 2 1 0 1 0 2 0 0 0 1 1 2 0 1 0 0
1 0 1 2 1 1 1 2 0 0 1 0 2 0 2 0 2 0 1 0 0 2 0 1 1 0 1 1 2 2 0 1 2 2 1 2 0 0 2 1 0 0 2 0 0 2 1 2 0 2 0 1 2 2 0 1 0 1 0 2 0 1 2 1 0 0 1 1 0 0 0 0 0 0 1 1 0 2 0 0 0 2 2 0 1 0 1 2 1 0 1 0 2 0 2 1 1 0 0 1 0 1 0 1 1 2 2 2 0 0 0
0 2 0 1 1 0 0 0 2 1 0 0 0 1 2 1 0 2 2 2 0 1 0 1 0 1 1 2 1 1 2 2 1 1 0 0 1 1 1 1 2 2 1 1 0 1 0 1 1 0 2 2 1 2 1 1 0 2 1 2 1 2 1 0 0 0 0 1 1 1 1 2 0 0 1 2 2 1 0 1 2 0 1 0 1 2 0 2 0 1 2 1 0 1 1 1 2 2 1 1 1 2 1 2 0 2 2 0 1 1 2
0 1 1 2 2 1 0 2 1 1 2 0 0 0 2 2 0 2 0 2 0 0 1 0 1 0 0 1 1 2 0 0 0 2 2 0 1 0 0 0 1 2 1 2 0 0 2 0 2 0 0 0 1 1 1 2 2 2 0 2 1 2 2 2 2 2 0 0 2 0 1 1 0 0 2 1 0 2 2 0 2 0 1 1 2 2 0 2 2 2 1 1 2 1 1 1 0 1 0 0 0 2 1 0 2 1 1 0 0 2 1
1 2 0 2 2 0 1 1 0 1 0 1 0 1 0 2 2 2 2 0 0 2 0 0 1 1 0 0 0 2 1 1 2 1 1 1 2 2 1 2 0 1 1 1 1 0 1 1 0 0 2 0 1 2 0 0 0 0 0 0 0 2 2 2 0 1 1 0 0 0 0 2 1 0 0 0 0 1 2 0 0 1 1 1 1 1 1 1 0 0 0 0 2 2 1 0 0 2 2 2 0 2 2 1 2 2 0 0 2 2 1
2 1 2 1 2 1 0 1 2 0 1 2 0 2 1 1 0 0 0 2 0 0 1 0 1 2 1 1 1 0 0 1 2 2 0 2 1 0 0 0 1 0 1 1 2 2 0 2 1 1 0 2 0 2 0 1 1 1 0 0 2 0 1 2 1 1 1 0 0 0 1 1 0 0 0 2 0 2 2 2 1 2 2 1 2 0 0 1 0 1 2 2 2 1 0 0 1 1 1 1 1 0 0 1 1 1 1 1 1 2 1
0 1 1 2 1 2 0 1 2 2 1 0 1 2 0 2 1 2 1 0 1 1 0 0 0 0 0 1 1 2 0 2 1 2 0 0 2 1 1 2 0 0 2 2 2 0 1 2 0 0 2 2 2 1 2 2 1 2 2 0 1 2 0 1 2 1 1 2 2 0 1 0 0 2 2 0 2 2 0 0 2 0 2 0 1 2 2 0 2 2 0 2 2 1 0 2 2 2 2 2 0 0 2 1 0 0 2 1 2 0 1
2 0 2 0 2 2 1 2 1 0 2 1 0 1 1 2 1 1 1 1 1 0 1 0 1 1 0 2 1 1 2 2 1 1 2 1 0 0 0 2 1 2 1 1 1 0 2 1 0 1 2 2 1 1 0 1 1 1 0 0 2 0 2 1 1 0 2 2 0 2 0 2 2 2 2 1 2 1 2 0 0 2 0 0 1 1 1 2 2 1 0 1 2 0 2 1 0 2 2 2 1 2 1 0 1 1 2 1 2 2 0
1 2 0 1 1 1 2 1 0 1 1 2 1 0 2 0 0 1 0 2 0 0 2 0 2 0 1 1 1 0 1 2 1 1 0 2 0 2 0 1 0 0 1 0 0 0 0 1 2 1 2 2 1 2 1 0 2 0 1 0 1 0 0 2 2 1 1 1 0 0 2 2 0 1 2 1 2 0 0 2 2 2 2 0 1 1 1 2 1 2 0 0 0 1 2 1 2 2 2 1 2 2 1 0 0 1 2 1 2 2 1
1 0 0 2 1 0 0 1 1 0 2 2 2 1 0 0 1 0 0 2 2 2 1 0 1 2 2 2 2 1 0 0 1 1 2 1 1 0 0 1 1 2 1 1 0 1 2 0 1 2 2 1 2 2 1 0 1 1 2 1 1 0 2 0 0 0 1 1 0 0 0 2 2 2 0 1 0 2 1 0 2 1 1 2 0 1 2 0 2 0 2 1 1 1 2 1 2 1 1 0 1 1 0 1 0 2 0 1 2 2 2
2 0 0 2 2 2 2 0 0 2 2 1 2 0 0 0 0 2 1 1 0 0 2 2 1 1 0 0 2 2 2 2 1 1 1 1 0 0 1 0 1 0 0 1 1 0 1 2 0 1 1 2 2 1 1 0 0 0 1 2 2 0 2 1 1 0 2 0 2 0 1 1 1 1 2 0 0 1 0 0 0 2 0 0 1 0 1 1 0 0 2 0 1 1 2 1 0 2 1 0 1 0 2 2 0 2 0 0 0 1 1
2 1 2 2 2 2 1 1 0 1 0 0 1 0 2 2 1 2 1 1 1 1 1 0 1 0 2 2 0 1 2 0 2 2 0 2 2 1 0 2 1 2 2 2 2 0 2 1 0 0 0 1 2 1 2 2 1 1 2 2 2 1 0 2 1 1 1 0 0 2 2 1 1 0 1 1 0 0 2 1 1 0 2 1 1 1 0 2 1 2 2 1 2 2 2 0 0 0 1 2 0 1 0 2 2 0 1 0 0 1 1
2 1 1 1 2 1 2 2 2 1 2 1 1 2 0 2 1 2 1 0 0 0 1 0 1 1 2 1 0 1 1 0 0 2 1 0 1 0 0 0 2 0 0 2 0 1 1 1 0 0 1 1 1 2 2 2 2 1 2 2 0 0 2 1 0 0 2 2 1 0 0 1 1 1 0 1 0 2 0 0 0 1 2 2 1 1 2 0 1 1 0 2 2 2 1 1 0 1 1 1 2 2 0 0 1 1 2 1 1 2 2
1 1 2 0 0 1 1 2 0 0 2 1 1 0 2 2 0 2 1 0 1 0 0 2 1 1 2 0 0 1 1 2 0 0 0 1 2 1 0 1 2 0 0 0 0 2 0 1 2 1 1 0 1 2 0 1 2 2 1 2 1 0 1 2 0 2 1 1 0 1 0 0 2 0 0 0 0 0 2 0 1 1 1 1 1 0 2 0 2 1 0 2 2 2 1 0 2 2 2 0 2 2 1 2 0 2 0 1 0 0 2
2 1 0 0 0 0 0 1 1 2 2 1 2 1 2 0 1 0 0 1 0 0 2 2 1 2 0 0 0 0 0 2 0 0 1 0 2 1 2 1 1 1 2 1 0 1 2 1 2 2 2 2 0 0 0 2 0 0 2 0 1 2 0 1 1 1 2 1 1 2 2 0 0 2 2 1 1 1 2 1 1 0 1 1 1 1 2 1 2 1 2 1 2 2 0 1 2 2 2 1 2 2 1 0 1 1 2 2 0 2 1
1 0 0 1 1 2 0 0 1 2 2 0 2 0 0 0 0 0 0 1 0 0 0 1 1 0 1 2 0 2 1 0 2 2 1 2 2 2 2 1 1 2 2 2 0 0 2 0 0 1 2 1 1 0 1 1 0 2 1 1 1 2 1 2 2 0 1 2 2 0 1 1 0 1 0 0 2 1 1 0 2 0 2 0 1 0 2 2 0 0 0 2 1 2 1 1 0 2 0 2 0 1 2 1 0 0 2 2 1 1 0
1 2 2 0 0 0 2 1 1 1 1 1 2 2 0 0 2 0 0 0 0 2 0 2 0 0 2 0 0 0 1 1 0 1 1 1 0 1 2 1 2 1 0 2 1 0 2 2 0 0 2 0 2 0 1 1 0 0 1 0 1 0 2 1 2 1 0 2 2 0 1 2 0 2 1 1 2 1 1 0 1 0 1 2 1 2 0 2 2 2 0 1 1 0 0 1 2 0 1 2 2 2 2 2 1 1 1 1 1 0 1
2 1 0 2 0 0 2 0 0 0 0 2 1 1 2 2 0 0 0 2 0 0 2 2 2 2 2 1 0 2 0 0 1 0 0 1 0 0 1 2 0 2 1 2 1 1 1 2 2 2 1 0 0 2 0 2 2 2 0 0 2 0 0 1 2 0 2 2 2 2 1 2 2 0 0 0 1 1 2 1 2 1 2 2 1 2 0 0 0 0 0 2 2 2 0 1 0 1 1 2 0 1 0 0 1 0 0 1 2 0 0
1 2 2 2 1 2 2 2 2 2 1 2 2 0 0 0 0 1 2 0 2 0 1 2 1 1 2 0 0 0 0 0 1 2 2 2 2 1 2 1 1 0 1 1 0 2 1 2 0 1 0 0 1 1 0 1 2 0 1 0 1 2 0 2 2 2 2 1 0 0 1 2 0 2 1 2 2 2 1 1 1 2 1 0 0 1 1 0 2 1 0 2 1 1 2 0 0 2 0 2 2 1 2 0 1 0 0 1 0 1 2
1 1 1 0 1 0 2 1 1 0 2 0 2 1 0 0 2 0 0 2 0 2 1 1 1 2 1 2 0 1 2 2 2 1 2 2 2 2 1 1 0 1 2 0 2 2 0 2 0 1 1 0 1 1 2 2 0 2 0 1 0 0 1 0 2 0 2 2 0 2 1 1 0 0 1 0 0 2 0 0 1 2 2 2 1 1 2 2 1 0 1 1 2 2 0 2 1 0 1 1 2 0 2 0 0 1 0 1 0 1 0
2 0 2 2 2 1 0 2 0 0 1 2 2 1 2 2 0 1 1 1 0 1 2 0 2 1 1 1 0 0 1 2 1 1 2 1 2 2 1 0 0 2 0 1 1 0 0 1 1 2 1 2 1 0 0 1 2 0 2 2 0 1 2 2 2 2 1 1 2 0 0 0 0 0 2 1 0 0 1 0 0 2 0 2 0 1 0 2 2 0 2 1 1 2 1 0 1 0 0 0 0 0 1 1 1 1 1 2 2 2 2
2 2 0 2 2 2 0 1 1 0 1 2 0 0 1 1 2 2 1 0 0 2 2 2 0 0 1 0 2 0 0 2 0 1 1 2 1 1 1 2 0 0 0 1 1 2 2 1 1 1 1 2 0 0 2 2 0 0 0 0 1 0 2 1 2 2 1 0 1 0 0 1 1 1 0 2 0 0 0 2 1 0 2 2 0 2 2 2 0 2 2 0 0 0 2 0 2 1 1 0 1 2 0 2 0 1 2 1 1 0 1
0 0 1 0 1 0 0 0 2 0 1 2 1 2 1 1 2 0 0 0 1 2 0 1 0 2 1 1 1 2 0 2 0 2 0 2 0 0 0 0 0 2 2 2 1 2 1 0 0 1 0 0 2 2 1 2 2 0 2 0 0 2 0 1 2 0 1 1 1 2 1 2 1 2 2 0 1 1 1 2 2 1 2 2 1 2 2 1 0 1 0 1 1 0 0 2 1 1 0 0 0 1 2 2 0 1 2 2 2 0 2
0 0 1 2 2 0 2 1 1 0 2 0 0 2 0 2 1 2 2 1 0 1 1 0 2 0 0 1 1 2 1 1 2 1 1 2 1 1 0 0 2 2 1 2 0 2 1 1 2 1 1 0 0 2 0 0 0 2 2 1 1 1 0 1 2 2 0 1 1 2 0 0 1 1 1 2 0 0 1 0 2 2 1 0 2 2 0 2 1 2 2 0 0 2 1 0 2 2 2 0 1 2 2 0 0 0 0 2 0 2 0
2 2 2 0 2 2 0 2 1 0 1 2 1 2 1 2 1 0 2 0 2 2 2 1 0 0 2 2 0 2 1 1 2 0 1 1 0 0 0 2 0 0 2 2 2 1 2 1 2 2 1 2 1 1 1 2 1 0 2 0 2 0 1 1 2 0 0 2 0 2 2 1 2 1 1 2 0 1 0 0 1 0 0 2 2 2 2 1 0 2 2 1 0 0 0 2 0 1 2 2 0 2 0 0 2 2 2 2 1 0 0
2 0 1 2 1 1 2 0 2 1 2 1 2 2 1 2 0 0 2 0 0 1 1 1 0 0 0 0 2 2 1 2 0 0 2 1 2 1 1 2 0 0 0 2 0 2 2 2 0 1 2 1 1 1 0 1 0 1 0 2 0 1 2 0 2 2 0 2 1 1 1 2 2 0 1 0 0 2 2 0 1 0 2 2 1 0 2 1 2 2 2 0 1 2 0 2 1 1 2 0 0 1 2 0 1 1 0 1 0 1 2
2 1 1 1 2 1 1 2 0 1 2 0 1 1 2 0 0 0 2 0 1 1 0 1 0 1 0 1 2 1 1 2 0 1 1 0 2 0 2 1 2 2 2 0 0 2 0 1 1 0 2 2 2 2 2 0 2 0 1 1 1 1 0 2 2 2 2 2 2 0 0 2 2 1 2 0 0 1 2 1 2 2 2 1 2 2 1 1 2 1 2 1 0 0 0 2 1 2 1 0 2 0 0 2 1 1 0 2 0 2 2
2 2 1 1 2 1 0 0 0 2 1 1 2 2 2 1 0 2 1 2 2 2 0 2 0 1 2 0 1 2 2 1 2 1 0 2 2 0 2 0 1 1 1 0 2 1 0 2 1 1 2 1 0 0 0 1 1 0 1 1 2 1 2 2 0 0 2 0 1 0 0 2 1 0 0 0 2 0 1 0 2 0 1 0 1 2 1 0 2 0 1 0 2 1 0 0 1 0 0 2 0 1 0 2 2 0 0 2 1 2 2
1 0 2 1 2 1 2 0 2 2 2 2 2 0 2 2 2 0 0 2 0 2 2 0 0 0 1 2 2 1 2 0 1 2 1 0 1 1 1 0 2 0 0 1 1 2 1 0 1 2 1 1 2 1 2 2 0 1 1 2 2 2 1 1 1 0 2 2 2 1 0 1 2 0 0 1 1 1 1 2 1 0 1 0 2 1 0 2 2 1 1 2 0 0 1 0 1 1 2 0 0 1 2 0 1 2 1 2 1 0 2
2 1 1 2 0 0 2 2 2 2 1 2 0 2 1 0 0 0 1 1 1 2 0 1 1 0 2 2 1 1 1 0 2 0 0 2 0 0 2 1 0 1 0 1 0 0 0 1 1 1 0 2 1 0 2 2 0 1 1 2 0 1 2 2 1 0 2 2 1 1 1 2 0 1 0 1 2 0 1 0 2 1 1 0 0 0 1 1 2 2 1 0 1 1 2 0 1 2 0 0 1 1 0 1 0 1 1 0 2 2 1
0 1 2 0 1 0 1 1 0 2 2 0 0 0 0 1 0 2 1 1 1 2 2 0 1 1 2 2 1 1 0 1 1 1 2 0 1 1 1 1 0 0 2 2 2 0 0 0 2 2 1 1 2 1 0 1 2 2 0 2 2 1 0 0 0 0 0 1 0 2 1 1 0 0 0 0 0 1 0 1 1 0 0 1 1 0 0 2 1 0 1 0 1 2 1 2 0 1 1 0 1 0 1 0 0 0 0 2 1 1 1
0 1 2 1 0 0 1 2 2 2 1 2 1 1 1 1 2 0 0 0 2 0 2 0 1 2 0 0 1 2 2 1 1 2 0 0 0 2 2 2 1 2 2 1 0 0 2 0 0 0 0 0 0 0 0 1 0 2 0 2 1 2 1 1 2 2 1 2 2 1 1 1 0 0 0 1 0 0 1 1 0 2 1 0 0 0 2 1 2 0 0 1 1 2 2 0 2 1 0 2 0 2 1 1 0 1 0 1 1 1 0
2 2 0 0 2 0 2 0 2 1 0 1 2 1 1 2 0 0 0 0 0 0 1 2 1 0 0 2 2 1 1 1 0 1 1 0 2 2 0 2 0 2 0 2 1 2 2 1 0 0 2 1 0 1 1 1 2 1 1 2 1 0 1 1 1 2 0 0 2 0 0 2 0 1 1 1 0 1 1 1 2 1 0 0 2 1 1 2 0 0 2 1 1 1 0 0 1 0 2 1 2 2 0 0 1 0 2 2 2 1 0
1 2 1 1 2 0 0 2 1 1 2 0 0 1 1 2 2 0 1 1 2 1 2 2 0 0 2 0 0 0 0 2 2 0 0 2 1 1 2 2 0 2 0 2 1 1 1 1 1 0 0 1 1 0 2 1 0 1 2 1 0 0 0 0 1 1 0 2 2 0 2 0 0 2 2 1 1 0 0 1 0 0 2 0 1 2 2 1 1 2 2 2 0 0 2 1 1 0 0 0 0 0 1 1 2 2 0 1 2 1 2
1 1 0 2 0 2 1 1 1 1 1 0 1 1 1 0 0 1 1 1 2 1 0 1 1 2 0 0 2 1 2 1 1 2 0 1 2 0 1 1 1 0 2 1 2 0 1 2 2 0 2 2 2 2 1 1 1 1 1 1 0 1 0 1 1 1 0 1 1 1 2 0 1 2 1 1 0 0 2 2 1 1 2 1 0 1 2 2 0 1 1 0 2 1 2 1 0 0 0 2 1 1 2 0 1 1 2 2 0 2 1
1 0 1 2 1 0 2 1 0 0 2 2 1 2 1 0 0 1 1 2 0 0 0 0 1 2 0 0 2 2 0 1 2 2 1 1 0 1 0 0 2 0 2 1 0 1 2 0 0 1 0 1 1 0 2 2 1 0 1 0 0 1 2 0 0 2 2 1 1 2 2 0 0 2 2 1 2 2 1 2 0 0 1 1 1 1 1 2 1 2 1 2 1 1 0 0 0 0 1 1 0 0 0 1 1 2 2 0 2 2 0
2 2 2 0 1 1 1 1 0 2 0 0 0 1 0 0 0 0 2 1 1 0 2 0 1 2 0 2 1 2 0 0 2 0 0 2 2 0 1 0 2 1 0 2 0 1 1 0 2 0 0 1 1 2 2 1 2 0 0 1 0 1 2 1 2 0 0 2 0 1 2 0 0 2 0 0 1 2 2 1 2 2 0 1 2 0 2 2 0 0 1 1 2 0 2 1 0 2 1 2 1 0 2 1 0 0 0 2 2 2 1
2 2 2 2 1 0 1 2 1 1 0 2 2 1 2 1 2 2 0 2 1 0 2 0 1 0 0 1 1 2 0 1 1 0 0 1 0 2 0 1 1 1 1 0 0 1 2 2 0 2 2 2 0 2 1 2 0 1 1 2 2 1 1 1 2 1 2 0 1 0 2 1 1 1 2 2 2 2 2 2 1 2 0 0 2 1 0 0 0 1 0 2 0 1 1 0 0 1 1 0 2 0 1 1 1 0 1 0 0 1 0
2 1 1 0 1 2 0 1 1 1 2 0 2 1 2 0 2 1 1 0 1 1 1 2 0 2 1 1 0 0 0 1 1 1 1 0 2 2 0 0 1 2 0 0 1 0 2 1 2 0 1 0 0 0 0 1 0 2 0 2 2 0 0 2 2 1 0 1 1 0 2 0 1 1 1 0 2 0 1 1 1 0 1 2 1 1 0 2 1 0 1 2 1 2 2 1 2 2 0 0 0 1 0 2 2 0 2 1 0 0 2
2 1 1 1 0 0 2 2 2 0 2 2 0 1 1 2 0 0 2 2 1 0 2 0 0 0 2 1 1 0 1 1 2 2 0 2 1 0 0 1 1 2 0 1 0 1 0 2 1 1 1 0 2 1 1 0 2 1 2 1 2 1 2 2 1 0 2 2 0 2 0 0 1 0 1 2 1 0 2 1 2 0 2 1 1 0 2 0 2 2 1 2 0 2 2 1 2 1 2 1 1 2 1 2 0 0 2 2 1 1 0
0 1 2 0 1 1 2 2 0 2 2 0 2 1 2 2 1 2 1 2 0 1 1 0 1 0 1 1 1 2 2 2 2 2 2 1 0 2 0 1 2 2 2 2 1 2 1 0 1 0 0 2 2 2 1 1 2 2 0 0 2 0 0 2 0 0 0 1 0 2 2 2 2 2 1 1 0 1 1 1 2 1 2 2 1 0 1 0 2 1 2 2 2 0 2 0 1 0 1 2 2 2 2 2 2 0 0 2 2 2 1
2 1 1 2 0 1 0 1 1 0 0 0 0 2 2 1 1 0 2 0 2 2 2 2 2 0 2 1 1 2 0 1 1 1 0 1 2 2 2 1 2 1 2 2 0 2 0 2 2 1 2 0 1 2 0 0 0 1 0 2 0 0 0 1 0 2 0 2 1 0 1 0 2 1 0 0 0 2 2 1 1 2 2 2 2 2 1 2 0 1 2 1 2 0 0 2 2 1 0 0 1 2 1 1 0 2 1 1 2 0 2
0 0 1 2 2 1 1 2 1 0 2 0 0 0 1 2 0 2 0 1 1 2 2 2 0 2 0 2 1 1 2 1 1 1 2 1 0 0 0 2 1 0 0 2 0 1 2 0 0 0 2 2 0 0 1 2 2 2 2 2 0 1 1 2 0 0 0 1 2 0 1 1 0 1 0 1 0 0 0 1 1 2 0 2 0 1 2 1 0 1 0 1 0 1 0 1 0 0 2 0 0 0 1 2 2 2 0 2 2 1 1
2 2 1 1 2 2 0 0 0 2 0 1 2 0 1 0 0 1 1 0 0 2 2 2 0 2 0 0 2 2 2 1 1 0 2 1 1 0 2 1 2 0 0 2 0 2 0 1 2 2 2 2 2 1 2 2 0 2 2 0 2 1 2 1 0 2 0 1 0 2 2 1 2 0 1 1 1 1 2 0 2 0 2 1 1 2 1 0 1 0 1 2 0 0 0 0 0 1 1 1 0 1 0 1 0 1 0 1 0 0 1
2 0 1 1 0 0 2 0 2 1 2 1 2 2 0 2 1 1 1 0 0 0 0 2 0 1 2 2 2 0 1 2 1 2 1 1 0 1 2 0 0 1 2 2 1 0 2 2 0 1 0 0 1 0 0 0 2 0 0 2 0 2 2 2 1 0 1 2 2 0 0 2 2 2 1 2 1 0 2 1 1 0 2 1 0 2 1 1 0 1 0 1 1 0 1 0 0 2 0 0 1 0 0 1 0 2 0 1 2 0 2
2 1 1 0 1 1 2 0 1 1 0 1 0 1 2 1 0 2 1 1 0 2 1 2 2 0 0 2 1 0 1 0 1 1 1 1 0 0 1 0 2 0 1 2 2 0 0 2 0 2 0 1 1 2 1 2 0 1 1 1 0 0 2 2 1 0 1 0 1 1 0 1 2 1 1 1 2 0 2 2 2 2 1 2 2 2 1 0 2 0 1 0 0 2 0 2 0 2 2 2 1 0 1 0 2 0 2 1 0 1 1
1 1 0 0 0 0 2 1 0 2 1 0 2 0 1 2 0 1 2 0 2 2 2 2 1 0 1 0 1 1 2 2 2 0 0 0 0 0 2 1 2 1 2 0 1 0 0 2 1 0 1 0 0 0 0 0 1 0 0 0 1 0 0 1 0 1 2 1 1 2 0 2 0 2 0 1 1 0 2 2 1 0 1 2 1 1 2 0 1 0 0 0 2 0 1 2 2 2 1 2 1 2 2 2 2 2 1 0 2 0 0
2 1 1 1 0 1 1 0 0 2 1 1 1 2 0 2 2 2 0 2 1 0 1 1 0 0 2 1 0 1 1 2 2 1 1 2 2 0 0 0 1 1 1 0 2 0 2 2 2 1 1 1 2 2 0 2 0 0 1 0 2 0 1 1 1 0 2 1 1 2 2 0 2 1 0 1 1 0 0 2 1 1 1 0 1 2 0 1 0 1 1 2 1 0 1 1 1 0 0 0 0 2 0 2 2 0 0 1 0 1 1
2 2 0 0 0 0 0 1 1 2 0 0 2 1 1 1 0 2 1 0 0 2 0 2 1 1 0 2 2 1 1 2 1 2 0 2 0 1 0 1 1 1 1 1 0 0 2 0 0 0 1 0 0 1 0 1 1 0 2 1 2 1 0 0 1 0 2 1 2 0 2 1 2 1 2 0 1 1 1 2 2 0 0 0 0 1 2 1 2 2 2 2 0 2 0 2 1 0 0 0 1 2 1 1 1 1 2 0 0 1 0
2 1 1 0 1 2 1 2 0 0 2 2 1 2 2 0 0 0 2 1 2 2 0 0 1 1 0 2 1 1 0 1 0 1 0 2 2 1 0 2 1 2 2 0 2 2 2 2 1 1 1 0 0 1 1 2 0 2 1 2 0 1 1 1 1 2 1 0 0 1 0 2 1 0 0 1 2 0 1 0 1 0 1 2 1 0 0 0 0 1 2 0 1 0 0 0 0 1 1 0 0 1 1 2 1 1 0 1 2 2 0
1 2 1 1 1 2 1 1 2 1 1 0 0 2 1 0 0 2 1 1 0 0 2 0 1 1 1 0 0 1 0 2 1 0 1 2 2 2 2 2 1 1 0 1 1 1 1 2 1 0 1 2 0 1 2 2 1 0 0 2 2 1 2 0 1 0 1 1 0 0 1 2 2 1 1 0 2 1 0 1 1 2 0 0 0 2 2 2 1 0 2 1 2 1 2 0 2 0 2 2 1 0 2 1 1 1 1 1 0 2 2
1 2 0 1 0 0 2 0 2 2 2 0 1 0 0 0 2 0 2 0 2 0 2 0 1 1 0 1 1 2 0 1 2 1 0 0 2 2 0 2 2 1 0 1 1 1 1 2 2 1 2 0 2 2 0 1 2 1 2 1 2 1 2 2 0 1 0 0 0 1 2 0 2 0 2 1 2 1 1 0 0 1 0 2 1 1 1 0 0 1 0 2 2 0 1 2 1 1 2 0 2 2 0 2 1 0 1 0 0 2 0
0 1 0 1 2 0 2 0 0 1 0 0 1 1 1 1 0 0 2 0 2 1 1 2 0 0 1 1 0 1 1 1 2 0 2 2 0 1 0 1 0 1 1 2 2 0 0 2 0 0 0 2 0 0 0 0 0 1 1 1 0 1 2 2 2 2 2 0 1 2 1 2 1 0 2 1 0 1 1 0 1 0 0 1 0 0 2 1 0 1 2 0 2 1 0 1 1 1 1 0 1 0 0 0 0 0 1 0 1 0 0
2 0 1 2 1 2 1 2 2 2 1 2 0 1 1 1 2 2 1 0 0 1 1 1 0 2 0 0 0 1 2 0 2 0 2 1 2 1 1 0 2 0 0 2 1 1 1 1 1 2 2 0 2 1 2 0 0 0 0 1 2 0 2 1 0 2 0 1 1 2 2 0 0 2 2 1 2 1 0 0 1 2 1 1 1 1 1 1 1 0 0 1 0 0 2 2 0 1 0 1 1 2 0 1 2 2 0 1 1 0 2
0 1 1 2 2 0 1 2 2 1 2 0 1 0 1 0 0 2 1 0 1 1 0 2 1 0 0 0 2 0 2 0 2 2 2 2 2 0 2 2 2 2 2 2 0 1 2 1 1 2 1 2 1 2 1 0 0 1 1 2 0 1 0 2 0 2 2 1 1 1 1 0 2 0 2 2 0 0 1 1 2 0 1 1 0 0 2 0 0 0 0 0 1 0 0 0 1 1 1 2 0 2 0 2 0 0 2 0 0 1 2
0 2 1 1 2 1 0 1 2 1 2 0 1 1 1 1 2 0 2 2 1 2 2 1 0 2 0 1 0 2 1 1 1 0 0 2 1 1 0 1 1 2 2 2 0 0 0 0 1 0 2 0 2 2 2 0 2 0 1 0 0 0 1 2 0 2 1 0 2 1 2 0 2 1 0 2 0 0 1 2 1 0 2 1 0 1 1 0 2 0 1 0 1 0 2 0 1 1 0 0 0 0 1 2 2 1 0 2 2 1 2
0 2 2 1 0 2 2 1 2 0 2 2 0 0 2 0 1 0 0 2 2 1 0 2 0 2 2 1 1 1 0 2 1 0 0 2 2 1 0 2 2 0 1 2 0 2 2 0 0 0 2 2 1 0 2 2 0 2 0 2 1 1 2 0 2 0 0 0 2 1 2 1 1 2 1 2 1 0 2 1 1 2 1 0 0 1 0 0 0 1 0 2 2 1 2 0 1 0 0 1 1 2 2 0 2 1 0 0 0 0 0
2 0 2 2 0 0 0 2 0 1 0 1 2 1 1 0 0 2 0 2 0 0 0 2 1 1 2 1 2 0 1 1 1 1 2 2 1 0 2 0 2 1 1 1 0 2 2 1 2 0 0 1 1 1 0 0 0 0 1 2 0 1 2 2 2 1 2 2 1 2 2 0 0 1 0 1 1 2 0 1 0 1 0 2 0 0 2 1 0 1 1 1 0 0 1 1 1 1 0 2 1 0 1 0 2 1 1 1 0 2 0
1 0 0 0 1 0 0 2 1 0 1 1 0 2 0 1 2 2 2 2 0 0 0 0 0 1 2 2 0 1 2 2 0 1 0 1 2 1 2 1 1 1 0 2 0 0 1 2 2 2 2 0 0 0 2 1 2 1 1 0 1 1 2 2 2 0 0 2 2 0 1 1 1 1 1 0 1 1 0 1 0 0 2 1 1 1 0 1 1 1 1 0 0 0 2 2 2 0 2 2 2 0 0 0 1 2 1 0 1 0 2
1 0 2 0 1 1 1 2 0 0 1 0 1 0 0 2 2 1 1 1 0 2 1 1 1 1 1 2 2 1 1 1 1 1 0 1 0 1 1 0 2 0 2 1 0 2 0 0 0 1 1 1 1 0 1 0 0 2 2 2 0 1 2 2 0 2 0 1 1 0 2 0 0 1 1 1 1 1 1 1 1 2 1 2 0 2 2 0 1 2 0 2 2 0 2 2 2 0 1 1 1 0 1 1 2 0 0 0 2 1 2
1 1 1 1 1 0 1 2 2 1 0 1 0 0 2 0 0 2 2 1 1 2 2 2 2 0 2 2 1 1 0 2 2 1 1 0 2 0 0 2 2 0 2 0 1 1 1 2 1 0 0 2 0 1 2 0 2 2 0 1 0 0 2 2 2 0 0 2 1 2 1 1 2 1 2 2 2 1 1 0 2 0 2 0 2 2 0 1 1 0 1 1 2 0 1 2 1 0 2 1 2 1 2 2 0 0 2 2 1 1 1
