3 112 19
749844291 177761125 1132421121 59846069 751765924 89876275 637645208 60467505 103960066 875936407 916918701 1070597062 761071687 942449236 844532739 6933607 1058339546 267912641 46667440 550622209 142053684 200647384 945586831 365027813 874981136 216681290 310230018 743022939 560765733 1009916541 156231605 9528903 1069272251 384760476 689909756 816731882 150481108 626264277 157393493 237563841 63849000 887827315 43521075 962464479 966665175 915274139 945952351 666969756 646289210 121637145 208412845 547152727 183108289 35796629 1039189899 313964374 130458852 485120970 714690559 588108609 707346735 5606089 462247664 774007045 1112155152 235852498 663485621 89896875 351192977 466935219 206925213 936143472 710719149 881870272 77530983 24888350 413613451 664857142 349888839 992760288 511643851 279176599 26184984 786457742 945710183 404151879 987542064 611091258 851483851 523292662 566400365 1144880344 660758263 579993710 1028381563 723947152 666307270 660364521 1041538715 747137450 1156723895 1022971915 726432578 2893297 195901329 131512847 576388139 1146290895 34708223 244121581 385668283 192377627
2 1 0 1 2 0 1 1 1 0 2 1 2 2 2 1 1 2 2 0 0 2 0 1 2 1 0 1 1 0 1 1 2 1 0 2 2 0 1 0 0 0 2 2 0 2 0 2 2 0 0 2 2 1 0 2 0 1 1 1 2 0 1 2 2 1 1 1 1 2 2 1 1 2 1 2 1 0 2 0 0 2 0 1 1 2 0 0 1 2 1 1 0 0 0 2 2 2 2 1 2 1 0 0 1 2 0 2 0 2 0 2
2 1 0 2 0 1 2 2 2 1 1 0 2 1 0 1 1 0 2 0 1 0 1 2 1 1 2 1 1 0 0 1 1 1 0 2 1 2 2 1 0 1 1 0 0 2 1 1 2 2 2 1 0 1 0 1 0 0 0 2 0 1 0 0 0 1 2 1 1 2 0 2 0 1 2 0 1 2 2 1 2 1 0 2 0 1 1 1 2 2 0 0 0 2 0 1 0 0 0 2 0 0 2 1 0 2 2 2 2 2 0 1
0 0 1 1 0 0 0 2 0 2 0 1 1 1 1 2 2 1 2 0 0 1 1 0 2 1 2 1 0 2 1 1 1 0 0 1 1 1 1 1 0 2 0 1 0 1 1 0 1 1 1 1 1 2 1 0 0 0 2 0 0 0 0 2 0 0 1 1 2 2 0 0 2 1 1 0 0 0 1 1 2 2 2 1 0 1 1 0 2 1 2 0 2 2 0 0 0 2 0 2 2 0 2 2 2 2 0 1 0 2 2 0
0 0 1 0 2 2 0 2 2 0 0 1 0 0 2 0 2 2 1 2 1 1 2 1 1 2 2 2 0 0 2 0 0 1 0 2 1 1 2 0 0 2 2 0 0 0 2 0 0 1 0 1 2 0 1 1 0 0 1 1 1 1 1 1 2 2 2 2 2 1 0 2 2 1 0 0 1 2 1 1 0 2 0 1 0 2 0 1 2 2 0 2 0 2 0 1 0 0 0 0 0 1 0 2 2 0 2 0 1 0 2 1
0 0 0 1 2 1 0 2 0 1 1 1 1 0 2 1 1 0 2 1 2 2 1 2 0 0 0 1 2 2 0 0 0 2 0 0 0 0 1 1 2 0 0 0 1 2 0 0 0 2 2 2 0 1 2 0 2 0 2 2 0 0 0 1 2 0 2 0 1 1 2 1 2 2 2 0 2 2 1 0 0 1 0 1 2 0 2 1 1 1 2 1 2 2 0 2 0 1 0 2 2 2 0 1 2 2 0 2 0 2 2 1
0 2 2 0 0 1 0 1 0 2 1 2 2 1 2 2 2 2 2 0 2 2 1 2 1 2 1 2 2 0 0 0 1 0 2 1 2 0 1 2 0 2 0 2 0 2 2 1 0 1 1 2 0 0 2 2 1 0 0 1 2 1 2 0 2 1 1 1 1 0 2 2 2 2 1 1 2 0 2 2 2 1 0 2 2 2 0 0 0 0 1 2 1 1 0 1 0 0 1 0 0 0 2 0 0 1 1 0 2 1 0 2
0 0 2 2 0 2 0 0 0 1 1 0 0 1 2 1 2 0 1 0 1 0 0 2 1 2 0 1 1 1 1 1 1 0 0 2 1 0 0 2 0 2 0 0 2 0 1 1 1 0 1 0 1 2 0 0 1 0 2 2 1 0 0 0 2 2 0 0 2 1 0 0 0 1 1 2 1 0 1 0 1 2 0 0 0 2 0 1 0 0 2 0 0 2 0 2 1 2 0 2 0 1 2 1 0 1 1 2 0 0 2 2
0 1 2 0 0 2 0 0 2 2 0 1 2 2 1 2 1 0 1 2 2 1 0 2 1 2 1 1 0 1 0 1 2 2 2 0 2 2 1 0 2 2 1 2 2 0 1 0 0 0 0 2 2 1 2 1 1 0 2 2 0 0 0 2 0 0 0 0 0 2 0 2 1 2 2 1 2 1 2 1 2 0 0 2 2 1 0 0 2 1 2 2 1 0 2 0 1 0 0 2 2 1 2 1 0 0 0 0 1 0 1 1
1 0 1 0 1 2 1 0 1 1 1 1 2 0 1 1 1 1 0 0 0 1 1 1 1 0 1 0 0 1 2 2 1 0 0 0 1 1 1 2 0 2 0 0 0 1 1 1 0 0 1 1 2 1 2 1 1 1 1 2 2 2 2 1 2 2 1 1 0 0 1 1 0 2 2 0 2 0 2 0 1 1 2 0 0 1 2 2 2 2 2 2 1 1 0 0 0 2 0 1 1 2 0 1 1 2 2 1 0 2 2 2
2 1 0 2 2 0 2 0 2 1 2 0 1 1 1 1 1 2 0 2 1 0 1 1 2 1 2 0 1 1 0 0 2 1 1 0 1 0 0 1 2 0 2 1 2 2 0 2 1 0 2 0 2 1 1 2 0 1 0 1 0 0 0 0 2 1 0 1 2 1 1 1 2 0 0 2 2 1 1 2 2 1 0 1 0 1 1 0 0 1 2 0 0 2 2 0 0 2 1 2 1 0 2 1 1 0 0 1 2 0 0 1
2 1 0 2 0 2 2 1 0 1 1 1 2 0 1 2 1 0 0 0 0 2 1 2 0 2 2 2 0 0 0 2 2 1 1 2 0 1 0 2 1 0 0 0 1 2 0 0 0 0 0 1 0 2 2 1 0 1 0 0 2 2 1 1 1 2 2 2 1 2 2 0 0 2 0 0 2 0 0 0 2 2 0 0 1 2 2 2 1 0 0 0 2 2 0 1 1 2 1 0 2 0 0 1 0 1 1 1 2 1 1 2
0 2 2 0 2 1 2 0 2 0 2 2 2 0 1 2 2 2 2 2 0 1 0 1 2 2 0 2 2 2 1 2 2 2 0 1 1 0 0 1 1 2 1 1 0 2 1 0 0 1 2 0 2 1 2 0 0 2 0 2 2 0 0 1 2 1 0 0 2 0 0 1 0 1 0 0 1 1 0 2 2 1 0 0 0 2 0 1 0 0 2 2 0 2 1 0 1 1 2 1 0 2 2 0 1 0 2 2 1 2 2 1
1 0 1 1 0 2 0 0 0 2 0 1 2 1 2 0 1 2 2 1 1 1 2 2 2 1 2 0 2 2 2 0 2 1 2 1 1 0 2 2 0 1 1 0 0 1 1 1 0 1 0 1 0 0 0 0 1 0 1 0 2 1 1 0 0 1 2 2 2 1 1 0 2 2 0 0 1 1 2 2 2 0 1 1 0 2 1 2 0 2 0 1 1 2 2 2 1 1 1 1 2 2 1 0 2 1 1 1 0 0 1 1
1 0 2 1 0 1 2 1 1 0 0 2 2 2 2 1 0 0 0 0 0 1 1 0 0 2 2 1 1 1 2 2 1 2 2 0 0 1 1 2 1 2 2 1 1 2 0 2 2 0 2 1 2 2 1 0 1 1 1 0 0 2 0 2 1 2 2 0 1 1 0 0 0 2 1 2 2 2 1 0 2 1 1 2 1 0 0 2 1 1 1 2 1 1 2 1 1 2 1 0 2 1 0 0 1 1 0 1 1 1 1 0
0 2 0 1 2 0 2 1 2 0 1 1 2 1 0 0 1 1 0 0 0 1 1 2 2 1 0 0 2 2 1 1 2 2 2 2 2 1 1 2 2 0 1 1 1 1 2 0 2 2 1 0 0 0 0 0 1 1 1 1 2 0 0 1 2 0 2 2 2 1 2 2 1 0 0 0 2 0 0 2 0 2 1 2 2 1 0 1 0 2 1 2 0 1 1 1 2 1 0 2 2 0 1 1 2 2 2 2 0 0 2 2
0 0 1 0 2 1 0 0 1 1 2 0 0 1 1 0 2 2 2 1 1 1 0 0 1 2 0 2 0 2 1 1 1 0 1 0 2 1 0 2 0 0 2 1 1 1 1 2 0 1 0 2 2 2 0 1 1 0 1 2 1 2 1 2 0 0 0 0 2 1 0 1 2 2 2 1 1 1 0 2 2 2 2 2 1 0 1 0 1 0 1 0 0 2 0 1 0 0 2 1 2 2 2 1 2 1 1 1 0 1 0 0
0 0 0 2 1 1 0 0 1 2 0 0 1 1 1 2 2 1 0 2 1 0 1 1 2 0 2 2 2 0 0 0 1 0 0 2 2 1 0 1 0 1 2 1 2 0 1 1 2 2 1 0 2 1 2 1 1 1 1 1 1 1 2 0 1 0 0 1 1 0 0 1 1 2 0 1 0 0 1 2 0 0 0 0 1 2 2 1 1 1 0 0 2 0 1 2 0 2 1 1 0 1 0 2 1 2 1 2 2 2 2 2
2 0 0 2 2 1 1 1 2 2 1 2 0 0 2 0 0 0 2 1 2 0 0 0 2 2 0 2 1 2 0 2 2 1 2 2 2 0 0 1 0 0 2 0 1 1 1 2 2 1 0 1 1 2 0 2 1 0 1 1 1 1 0 0 0 2 1 2 0 2 2 0 0 1 2 2 2 0 2 2 1 0 2 0 0 2 2 1 0 1 2 2 0 0 1 1 0 2 2 1 1 1 0 0 0 2 2 0 2 1 1 1
2 0 1 2 0 1 2 1 2 1 1 0 0 2 2 0 2 2 2 1 1 0 1 1 2 1 2 2 1 0 0 0 0 1 1 1 2 0 0 2 2 1 1 0 1 0 1 0 0 1 1 1 1 1 2 1 2 2 0 0 0 0 2 1 1 1 1 2 2 1 2 2 0 0 0 1 1 2 2 1 0 1 2 2 2 2 0 0 2 0 1 0 0 0 2 2 1 0 2 0 2 2 1 0 2 1 2 1 0 1 0 1
1 0 0 1 2 1 1 2 1 0 0 2 0 0 2 0 1 2 1 2 1 2 2 1 1 2 0 1 1 1 2 2 1 0 1 1 1 2 2 0 0 2 0 2 0 0 2 2 0 1 2 2 2 1 1 0 1 2 2 0 0 2 2 2 0 1 1 2 2 0 1 2 1 1 1 1 2 1 0 0 0 2 2 0 2 1 0 0 1 2 0 2 0 1 2 1 0 0 0 2 2 1 2 0 1 1 1 0 0 0 1 1
0 1 1 2 0 2 1 1 0 2 0 0 1 2 1 2 1 2 1 0 2 1 0 0 1 1 1 2 2 0 0 0 2 2 0 0 2 1 2 2 1 2 2 2 0 1 2 1 2 1 1 1 0 2 2 1 1 0 0 1 2 1 2 2 1 2 2 1 1 1 0 0 2 1 0 2 0 0 1 2 2 0 1 0 2 0 2 0 2 2 2 1 2 1 0 0 1 2 2 0 2 1 1 2 0 2 1 0 0 0 1 2
0 0 0 2 1 0 0 1 0 1 2 2 2 0 1 1 0 1 1 2 2 0 1 2 0 0 1 0 0 0 1 1 0 2 1 2 2 2 0 0 0 0 0 0 0 2 2 1 0 1 1 1 2 1 0 0 1 2 1 0 0 0 2 1 2 1 1 2 1 2 0 2 2 1 2 0 1 1 2 1 1 1 2 1 2 1 1 2 1 2 0 2 0 2 0 0 0 1 1 2 1 2 1 1 0 1 2 2 0 2 1 1
0 2 2 1 0 1 0 2 2 0 1 2 0 2 0 2 2 1 1 0 0 0 2 1 2 2 0 2 2 2 2 0 2 2 1 0 1 2 2 0 0 1 0 0 1 0 0 0 0 2 2 0 0 1 0 2 2 0 2 1 0 2 2 2 0 1 0 1 0 0 2 0 1 0 2 0 1 2 1 1 2 0 0 0 2 0 2 2 1 0 1 0 0 1 0 0 0 1 2 0 1 1 2 0 1 2 0 0 1 1 2 2
2 2 2 0 2 0 2 2 1 0 2 1 2 2 2 0 0 2 1 1 1 0 2 0 2 0 1 2 2 2 1 2 1 1 2 2 1 1 1 2 0 1 1 0 0 1 0 2 1 1 0 0 0 0 1 0 1 0 2 0 2 1 2 2 0 2 2 1 1 0 2 2 1 1 2 2 2 0 1 0 2 0 1 2 1 0 0 2 1 0 2 2 0 0 1 0 2 0 2 1 1 1 1 0 2 1 2 2 1 2 1 2
2 0 2 0 1 2 0 2 1 0 2 1 0 0 1 1 1 1 0 0 0 0 0 0 1 1 0 1 1 2 0 0 2 2 1 1 0 2 1 2 2 1 0 1 2 2 0 1 0 1 1 1 1 0 2 1 2 0 2 0 0 0 1 0 0 0 1 1 2 2 0 2 0 1 1 0 0 1 2 2 1 1 0 2 2 0 1 1 1 1 2 2 2 0 2 0 1 0 2 1 1 1 1 2 2 2 2 0 2 2 0 0
1 1 0 1 2 0 0 1 1 0 1 1 2 1 2 0 0 1 2 1 2 1 0 0 1 1 0 1 0 0 1 2 1 0 1 1 0 2 1 2 2 0 0 1 2 2 2 2 2 2 0 2 1 2 2 2 1 0 1 1 1 0 2 1 1 1 0 2 0 1 2 2 2 2 2 2 0 2 2 0 2 1 0 0 0 0 0 1 1 1 0 0 0 0 1 2 1 1 2 1 1 1 2 1 1 2 1 2 1 1 2 0
2 0 1 0 1 1 2 2 1 2 2 1 1 1 0 2 1 2 2 0 1 2 1 0 1 0 0 0 2 0 0 1 1 2 2 2 0 1 1 1 1 2 0 2 0 1 0 1 1 2 1 1 1 1 2 0 2 2 0 1 2 1 0 0 0 2 0 0 0 2 0 2 1 0 2 2 2 2 2 2 2 1 0 1 2 2 1 2 2 1 0 0 0 1 1 0 0 2 1 1 2 2 1 1 0 0 0 0 0 2 2 2
2 0 1 1 0 2 1 0 1 2 0 1 1 1 2 2 1 1 1 0 1 2 1 2 0 2 0 1 2 0 1 1 1 2 1 2 2 2 0 0 2 1 2 0 0 1 0 2 0 2 2 1 1 1 1 2 1 2 1 0 0 2 0 2 1 1 2 0 1 2 1 0 1 0 2 2 2 0 1 2 2 1 2 1 2 1 0 0 0 2 2 1 1 2 1 0 0 1 1 2 2 2 2 0 0 2 0 2 2 2 2 1
1 2 2 1 1 0 2 2 2 2 1 1 2 0 1 2 2 0 2 1 2 2 2 0 2 2 0 1 0 0 0 1 2 0 2 0 2 2 1 2 1 0 1 0 1 0 0 0 1 2 2 0 2 2 2 2 2 2 0 2 2 1 0 0 2 0 1 2 0 2 1 2 2 2 0 0 0 1 1 1 1 1 2 1 0 1 0 2 1 1 2 1 0 0 1 0 1 0 2 2 0 1 1 0 1 2 0 1 0 2 0 0
0 1 1 0 2 0 1 1 2 1 1 2 1 0 0 0 1 0 2 2 1 1 2 0 0 0 2 2 1 0 0 1 1 1 0 1 2 2 1 1 0 0 2 1 0 2 2 2 0 2 2 2 1 1 0 0 2 2 2 1 0 2 0 2 1 1 2 1 0 0 0 1 0 2 2 0 2 0 0 0 2 2 0 2 1 0 2 2 0 2 0 1 1 1 1 0 0 0 2 0 0 1 1 1 0 2 0 1 0 0 1 0
1 2 2 0 2 1 2 0 0 1 1 2 2 0 1 0 0 0 1 2 2 1 0 0 1 1 2 1 0 1 2 1 0 2 2 0 1 0 0 2 1 2 2 1 0 0 2 1 2 2 1 1 0 0 2 2 1 1 1 1 2 0 0 0 2 0 0 1 0 1 1 2 1 1 0 1 2 0 0 2 2 2 1 0 2 1 0 1 0 1 0 1 2 1 1 2 1 2 1 2 1 0 1 2 1 2 1 1 0 1 0 0
1 2 1 1 1 1 0 1 0 1 2 2 2 1 2 1 1 1 1 2 1 0 2 1 0 0 2 0 2 1 1 1 1 2 0 2 1 0 0 2 1 1 1 2 0 2 1 2 1 2 1 1 2 0 2 0 1 2 1 0 0 2 2 1 2 0 0 1 0 2 0 0 1 0 2 1 0 0 0 1 2 2 2 0 0 1 0 1 2 2 1 2 2 1 2 0 1 0 1 2 0 0 2 1 0 2 2 1 0 0 2 1
2 2 1 2 1 2 0 0 2 0 0 0 1 0 0 0 0 1 2 1 2 0 0 2 0 0 0 1 1 1 2 1 0 1 1 1 1 0 0 2 0 0 2 2 1 2 2 2 1 1 0 1 2 2 1 0 2 0 2 1 1 2 0 1 0 2 0 2 0 0 1 0 1 0 2 2 0 2 2 2 1 0 0 1 2 2 2 2 2 1 2 0 0 2 2 1 1 0 1 1 1 1 2 0 1 2 0 0 1 0 0 0
2 1 1 2 0 1 0 0 2 2 0 0 1 0 2 1 1 0 0 2 1 0 0 1 2 2 1 2 2 2 2 2 0 1 2 0 2 0 0 1 2 1 2 0 2 1 2 0 2 0 2 1 1 1 0 0 0 2 0 0 1 2 1 1 0 0 1 2 1 0 1 0 2 0 0 1 2 1 1 2 1 1 0 2 0 1 0 0 0 1 2 1 0 0 2 2 1 1 1 2 1 1 2 0 2 0 2 2 1 1 1 2
1 2 2 1 0 0 0 0 2 2 2 0 2 1 2 1 0 2 0 0 0 0 1 2 0 1 1 0 0 0 0 1 2 0 1 2 1 1 0 0 1 2 1 1 1 1 2 0 1 2 0 1 2 2 1 0 1 1 0 2 2 2 1 2 2 2 2 1 0 1 2 1 0 0 0 2 2 2 0 0 2 0 2 2 0 1 0 2 0 1 1 2 0 2 2 0 0 2 2 0 1 1 0 1 0 0 1 2 1 1 0 0
2 2 0 0 1 1 2 2 2 1 2 1 1 2 2 1 2 2 0 0 0 1 2 0 2 1 1 0 1 1 2 0 1 2 1 1 0 0 0 0 2 0 1 1 0 1 0 0 0 0 1 1 1 1 0 2 2 1 2 0 0 1 2 1 1 0 0 1 2 1 0 1 2 1 0 0 0 1 1 0 2 2 0 2 0 0 1 0 2 0 2 2 0 1 1 1 1 0 1 0 1 1 0 1 0 1 2 1 2 0 1 0
0 2 2 1 2 0 1 2 1 0 2 1 1 1 1 1 1 2 2 0 1 0 2 1 2 2 2 2 0 2 2 0 1 1 1 2 2 1 2 1 2 2 2 2 1 1 0 0 1 0 1 2 1 0 2 1 0 2 0 0 1 1 2 1 2 1 1 0 2 1 1 0 0 1 2 1 0 0 1 2 1 0 2 2 1 2 0 2 1 1 0 1 0 2 0 2 1 2 2 1 0 1 2 1 0 1 0 1 2 0 0 1
0 0 1 2 2 2 2 2 1 0 1 1 0 1 1 2 1 2 2 1 1 1 0 1 1 1 0 0 2 2 2 0 2 1 0 0 1 2 0 2 0 1 1 1 0 0 0 1 2 2 2 1 2 1 0 0 2 2 0 2 1 1 2 1 2 2 2 0 0 2 0 1 1 2 0 1 2 1 0 0 1 0 2 0 2 0 1 2 2 0 1 1 1 0 1 0 1 0 1 2 1 2 0 0 1 1 2 0 0 2 1 2
0 0 1 2 2 2 1 1 2 0 1 0 1 0 1 0 1 0 0 2 2 1 0 0 0 0 2 0 0 1 1 2 2 0 1 1 2 1 0 0 2 2 1 1 2 0 1 1 0 2 1 1 1 2 2 1 0 1 0 1 1 1 0 0 1 2 2 1 1 0 1 1 1 0 2 1 1 2 2 2 1 2 0 2 1 0 2 0 2 2 1 0 1 2 1 0 2 1 1 2 0 1 1 2 2 1 0 0 0 1 0 0
0 1 0 2 2 2 2 2 2 1 1 0 1 0 0 1 2 0 0 0 1 1 2 0 2 0 1 1 1 1 2 2 0 2 2 2 0 2 0 2 1 1 0 2 1 1 1 1 1 2 1 0 0 1 0 1 2 2 0 0 1 2 0 1 1 0 1 1 0 2 2 1 0 0 2 1 1 1 0 1 1 2 1 2 1 0 1 1 2 1 1 1 0 2 0 0 0 2 2 1 1 1 0 1 2 0 0 1 2 0 0 0
1 2 0 2 2 2 0 0 0 2 1 2 0 2 2 0 1 1 2 2 1 0 1 0 0 2 2 0 0 0 0 1 0 2 1 0 1 2 0 2 0 0 1 0 2 1 1 2 1 2 1 2 2 1 0 0 1 1 1 1 1 2 1 1 1 2 2 0 0 0 0 0 1 2 0 1 1 2 1 0 1 0 2 1 1 0 2 2 1 1 2 0 0 0 1 0 2 1 0 2 2 1 0 1 2 1 2 1 1 0 1 0
1 1 2 0 1 2 0 0 0 0 1 1 0 0 2 0 2 0 1 2 2 1 0 2 0 1 0 2 2 1 2 1 2 2 2 2 2 0 0 0 0 1 2 0 1 1 1 1 2 2 0 0 2 2 2 2 0 0 2 0 2 1 2 2 2 1 2 2 2 2 0 2 0 0 0 2 2 1 1 0 2 2 0 1 1 0 1 2 1 0 0 1 2 0 1 1 1 1 1 1 0 2 1 0 2 1 2 1 0 1 2 0
2 2 1 0 1 2 1 0 0 2 2 0 2 1 2 1 2 0 2 2 0 0 2 2 2 0 2 0 2 1 1 1 2 0 0 1 1 2 1 1 1 1 1 0 2 1 2 2 2 2 1 1 2 2 0 2 0 0 2 0 0 1 2 0 2 0 1 1 2 2 0 0 0 2 1 1 1 0 0 1 0 2 2 2 2 1 2 2 2 2 0 2 1 0 2 1 0 1 2 2 1 2 2 2 2 1 1 1 2 1 1 2
2 1 2 1 2 1 1 0 0 2 0 2 2 1 0 2 2 0 2 1 1 1 2 1 0 0 1 2 0 2 2 2 0 1 0 1 0 2 2 0 2 2 1 1 0 1 1 0 0 0 2 2 2 1 0 2 2 1 2 2 1 1 2 0 0 0 2 0 0 1 2 0 0 0 0 1 2 1 2 0 0 2 2 2 1 0 0 0 2 0 0 2 0 2 2 0 2 1 2 0 2 2 1 0 0 1 2 2 0 2 0 0
2 2 1 0 0 2 1 1 0 2 0 0 1 2 2 1 1 2 0 1 1 2 1 1 0 1 1 1 1 2 0 0 2 1 1 0 1 2 1 1 1 1 0 0 0 0 0 2 2 0 0 1 2 2 0 0 1 1 1 2 1 1 1 1 0 2 2 2 0 1 1 1 0 2 0 2 2 1 1 2 1 2 1 1 1 1 2 0 0 0 2 2 0 1 1 1 1 1 1 1 0 0 0 0 2 1 2 2 2 1 2 1
0 0 2 2 1 1 2 1 0 2 1 1 2 2 2 0 1 0 2 1 1 2 2 0 1 1 0 0 0 2 2 1 2 2 0 0 2 0 0 0 1 2 2 0 2 1 1 1 0 0 0 1 2 2 0 1 2 0 0 2 0 0 1 0 0 2 2 2 0 2 0 2 2 2 2 1 2 0 0 2 1 1 1 0 1 1 0 1 0 0 1 1 0 0 1 0 0 1 1 1 0 2 0 0 2 0 0 1 1 1 1 2
0 2 0 2 2 1 0 2 1 2 1 2 0 2 0 1 1 2 2 2 2 0 1 1 1 1 0 0 2 1 2 1 1 0 0 0 1 1 0 0 2 1 2 2 2 1 1 1 0 1 1 2 2 2 1 0 1 1 0 2 0 1 0 2 1 0 2 0 2 0 1 1 2 1 2 1 0 0 2 0 2 1 1 1 0 0 0 0 0 1 2 0 2 2 0 1 2 0 2 2 1 0 2 0 2 1 0 2 1 2 1 2
1 0 0 0 0 0 0 1 0 2 2 2 1 2 1 1 0 1 0 2 0 2 1 2 1 1 0 1 1 2 0 1 0 1 1 0 0 1 0 0 1 2 2 2 2 2 1 1 0 2 0 0 0 1 1 1 0 1 2 0 1 0 1 1 2 2 2 2 1 2 2 2 2 2 2 2 1 1 1 0 0 1 0 0 1 1 0 2 0 0 2 1 1 0 0 1 0 0 1 2 0 1 2 0 0 2 0 0 0 1 0 1
0 1 2 1 0 2 2 1 1 2 0 2 0 1 1 1 1 2 1 2 0 1 0 1 1 0 2 1 1 2 0 2 2 1 2 0 0 1 1 2 0 2 2 1 1 0 1 0 2 2 0 0 1 0 2 2 0 1 1 2 2 2 2 1 0 1 2 2 2 0 1 0 1 1 2 2 1 0 0 2 0 1 2 1 1 2 1 0 1 0 2 1 0 2 0 1 0 2 0 0 0 2 1 1 0 1 1 0 2 2 2 2
1 2 1 2 2 0 2 1 1 0 2 2 2 0 1 1 2 1 1 0 1 0 2 0 2 1 0 1 1 0 1 2 0 0 0 2 1 0 1 0 0 0 2 1 1 0 2 0 2 1 2 1 2 2 1 2 0 1 1 0 2 2 2 0 0 0 0 2 1 2 2 2 0 2 0 2 0 0 0 0 2 2 1 2 1 0 2 0 2 0 0 2 1 0 2 1 1 0 0 0 2 0 0 0 2 2 0 0 2 0 0 2
0 2 2 1 0 2 1 2 2 2 2 1 0 2 0 1 0 0 2 2 2 2 0 2 1 0 0 2 2 1 2 2 1 2 1 1 2 1 2 2 0 1 1 0 1 1 2 1 2 1 1 1 2 0 1 1 1 1 0 0 2 1 2 2 0 1 0 2 2 2 1 0 2 0 1 0 1 0 2 1 0 0 0 0 1 1 1 0 0 0 0 1 1 0 0 2 2 0 2 2 1 1 2 0 2 1 1 0 2 0 2 0
1 0 0 0 1 2 0 0 0 0 1 2 1 1 1 1 2 0 0 0 0 1 1 2 2 2 0 2 0 0 2 2 1 0 0 0 1 0 0 1 1 1 1 1 2 0 2 0 2 1 0 2 2 0 2 2 0 2 2 2 0 2 1 1 1 1 2 2 2 0 1 0 2 0 1 2 2 2 2 1 0 1 1 0 1 0 2 2 2 1 1 0 2 0 2 0 2 2 0 1 0 2 0 2 1 2 1 0 1 2 1 1
0 2 1 2 0 2 1 2 0 1 0 0 1 0 1 1 2 2 2 2 2 0 2 0 0 2 1 1 1 2 1 1 2 0 1 2 2 2 2 1 1 0 1 0 1 1 2 1 0 2 2 2 0 1 0 0 1 1 2 2 1 1 1 1 0 0 0 2 1 1 1 2 2 1 2 0 2 2 1 2 2 0 0 2 0 1 0 1 0 2 2 1 2 1 1 2 2 2 2 0 0 1 2 2 0 0 0 0 2 0 2 1
1 0 1 1 2 1 1 0 2 1 2 1 2 0 1 1 0 0 2 1 2 2 1 0 0 2 0 2 2 1 2 1 1 0 0 1 2 1 2 1 2 2 0 0 0 1 2 0 2 2 2 0 2 1 0 2 0 2 2 0 0 1 2 2 0 2 2 2 2 1 1 2 0 2 2 1 1 2 2 0 2 2 1 1 0 0 1 1 2 0 2 2 0 1 2 0 0 1 0 0 0 2 0 1 1 2 2 2 2 0 0 2
2 2 0 0 2 2 2 1 1 2 1 1 0 0 2 1 2 0 2 2 2 0 0 0 2 1 0 0 2 0 2 1 2 1 2 2 1 1 0 2 1 1 1 1 2 0 1 2 1 1 1 0 1 2 1 1 1 1 2 0 0 0 0 2 1 2 0 0 2 0 0 0 0 1 0 0 0 2 2 1 0 1 0 2 0 1 1 0 1 1 0 1 2 1 1 1 1 2 1 1 0 1 1 1 1 2 1 2 1 0 0 2
1 1 2 2 1 1 2 2 0 1 1 2 2 0 0 1 0 2 0 1 1 2 2 0 2 0 2 2 1 0 1 2 2 2 1 0 1 2 0 2 1 1 2 0 2 2 0 0 2 0 1 1 0 0 1 0 1 1 0 2 2 1 2 1 1 2 2 2 1 2 1 2 1 0 0 1 0 0 2 0 2 1 1 2 0 1 0 1 2 0 2 1 0 1 0 1 0 0 2 1 2 0 1 1 2 2 1 2 0 0 0 2
2 0 0 2 1 0 1 0 2 0 0 0 2 1 1 0 2 0 2 2 2 1 2 1 1 0 1 2 1 2 0 0 0 0 0 1 1 2 2 1 2 0 1 1 2 1 2 1 2 2 1 1 1 0 0 0 0 0 2 1 0 0 2 0 1 2 2 1 1 1 2 1 2 2 0 2 0 1 1 2 0 2 2 2 0 2 0 0 2 0 0 2 1 0 0 2 2 2 1 1 2 1 0 2 0 1 1 1 2 2 0 0
2 0 0 2 0 0 1 0 1 2 1 2 2 2 2 1 2 1 0 1 0 1 0 1 0 1 2 0 1 0 1 0 1 2 1 2 0 0 0 1 2 2 1 1 2 1 0 1 0 0 2 0 2 0 1 2 2 1 0 0 1 0 1 0 2 2 0 0 0 1 2 2 1 0 0 0 1 0 2 2 1 1 2 0 2 1 1 1 2 1 2 2 1 1 2 1 1 1 2 2 2 2 1 0 2 0 2 2 0 1 1 2
1 2 0 0 0 1 0 0 1 2 2 0 0 2 0 0 0 0 0 0 2 2 2 2 2 2 2 1 0 1 0 1 0 1 0 1 0 0 1 2 2 1 0 1 2 0 2 0 1 0 2 1 2 2 1 0 1 0 1 1 2 1 1 0 0 2 2 0 0 1 0 2 1 1 1 0 2 1 1 1 1 0 2 1 2 1 2 1 0 0 0 2 1 2 0 2 2 0 0 2 1 1 2 0 0 2 0 0 0 0 2 0
0 2 2 1 2 1 2 2 1 0 1 0 0 2 2 2 2 0 1 2 2 1 2 0 1 1 0 1 1 0 1 2 1 0 0 0 1 1 2 0 1 0 0 0 1 0 2 1 0 2 0 0 1 1 1 2 2 2 0 1 1 0 1 2 1 2 2 1 1 2 1 0 2 2 0 1 0 1 0 0 0 1 2 2 2 0 1 2 0 2 1 1 2 0 0 2 0 0 0 1 2 1 2 0 1 0 1 1 2 1 0 0
1 2 2 0 0 0 1 0 2 2 2 0 2 0 2 0 1 2 1 0 1 2 0 0 2 0 1 2 2 2 2 0 1 1 1 2 1 0 0 1 2 0 1 0 0 0 0 2 0 0 0 2 2 1 2 2 1 1 1 2 1 1 2 0 2 1 0 1 1 0 2 2 1 1 0 2 2 1 2 0 1 0 2 1 1 1 1 1 0 0 0 1 1 2 2 1 2 2 2 0 0 2 0 2 1 0 1 0 2 0 0 1
0 0 1 0 2 0 1 0 1 2 1 0 2 1 2 1 1 1 0 2 1 0 1 2 2 1 1 2 1 2 1 0 0 0 0 2 1 2 2 0 1 2 0 0 1 2 0 0 2 0 0 0 1 2 1 1 0 2 1 2 2 1 2 2 1 2 2 2 2 2 2 0 1 1 2 1 0 2 1 0 0 1 1 2 1 0 2 2 0 0 2 2 1 2 2 1 0 2 1 2 2 2 0 2 0 0 0 1 0 1 2 1
0 1 0 0 1 0 2 2 2 2 1 0 2 1 2 2 1 1 2 1 0 0 0 1 0 1 2 1 0 1 2 0 2 1 1 1 1 1 0 0 1 0 2 0 1 1 0 0 0 0 2 1 1 0 2 2 1 2 1 1 1 1 1 2 2 0 0 1 2 2 0 0 2 2 2 1 1 0 2 2 0 1 0 0 2 1 0 0 0 1 1 1 2 1 1 2 2 0 1 1 2 1 2 2 1 1 1 0 2 2 2 0
1 1 1 1 0 1 1 0 0 0 2 0 2 1 0 1 1 2 0 1 1 2 1 2 2 2 2 2 1 0 0 0 2 2 1 2 0 0 0 0 1 0 1 0 1 2 1 0 2 1 2 0 2 0 0 1 1 0 0 0 1 0 1 0 2 2 0 1 1 1 1 2 2 0 0 0 0 1 2 2 1 1 0 0 0 0 2 1 1 0 1 2 1 0 1 2 0 2 0 2 1 2 2 0 1 0 1 1 1 0 2 0
0 2 1 0 0 0 2 2 0 1 1 2 2 0 1 1 0 1 0 1 0 0 1 2 0 0 1 0 2 1 0 2 0 2 0 1 2 0 1 1 1 1 0 2 1 2 0 1 1 1 0 1 2 2 2 2 0 0 0 2 2 1 2 2 1 0 2 1 0 0 2 1 2 0 0 1 2 1 0 0 0 2 0 0 1 2 0 2 0 1 1 2 0 1 2 1 1 1 2 1 0 2 1 2 0 2 1 0 2 2 1 2
1 2 0 0 1 0 0 2 1 2 2 1 1 2 0 0 1 0 0 2 0 1 2 0 1 1 1 0 0 0 0 2 0 0 0 0 1 1 2 0 0 2 2 2 2 2 1 0 0 1 0 0 0 0 2 1 1 0 2 0 1 2 2 2 0 0 2 2 2 2 2 1 1 2 0 0 0 1 2 0 0 2 2 0 2 1 2 1 2 2 1 1 2 2 0 0 0 0 2 0 2 0 1 1 2 2 2 2 2 1 1 2
1 1 1 0 2 1 0 1 0 1 0 2 0 1 0 2 1 0 2 1 0 1 0 0 0 0 0 0 2 2 0 1 0 2 0 2 0 0 2 0 1 0 0 0 2 1 2 0 2 2 2 2 0 2 0 1 1 1 2 1 0 0 2 2 2 2 2 2 2 1 0 2 2 0 0 2 2 2 2 1 1 0 1 2 0 2 0 1 1 0 2 1 0 2 1 2 2 1 2 2 0 2 2 0 0 2 2 0 1 2 2 0
2 0 0 2 2 0 2 0 2 1 0 2 1 1 0 1 2 2 1 0 0 0 0 1 2 0 1 1 0 0 2 0 0 2 0 1 0 2 2 2 2 2 2 0 2 0 2 2 0 0 0 0 0 1 1 0 2 2 1 0 0 0 1 2 0 2 1 1 0 0 1 2 1 1 0 0 1 0 2 2 1 0 2 2 2 2 0 2 1 2 0 0 0 1 2 1 0 0 0 1 1 1 0 2 0 2 0 2 2 1 1 0
2 2 0 1 1 1 1 0 1 1 0 1 0 0 0 1 1 1 0 1 1 0 0 2 0 2 1 2 0 1 1 2 1 2 0 2 0 2 0 2 0 2 2 1 0 2 2 2 2 2 1 0 1 1 2 1 0 1 2 1 2 1 0 0 0 1 0 2 0 1 1 1 1 0 2 1 1 0 1 1 0 2 1 1 2 1 1 0 2 1 2 0 2 2 1 0 1 2 0 2 1 0 2 2 1 1 0 2 2 2 0 0
2 2 2 1 1 1 2 1 2 2 2 2 1 0 1 0 0 1 1 1 1 0 1 0 2 2 0 2 2 2 0 2 2 2 1 1 1 1 0 0 0 2 1 1 0 2 0 1 1 1 2 0 2 2 1 1 2 1 1 1 1 1 1 1 1 2 2 0 1 0 0 1 2 2 1 2 1 1 1 1 0 2 1 0 1 0 1 0 1 0 2 1 2 0 2 0 0 2 0 2 2 2 1 2 2 2 2 2 1 1 0 2
0 1 2 1 2 1 1 1 2 0 2 2 1 2 0 2 1 2 2 1 2 0 0 1 0 0 0 1 2 0 1 2 2 0 0 1 2 2 0 2 0 2 1 1 0 2 1 1 1 0 1 0 1 1 2 1 2 2 0 2 1 1 1 1 2 2 0 1 1 1 1 1 1 2 1 1 0 2 1 1 0 2 2 1 1 1 2 2 1 2 1 0 1 0 2 0 2 0 2 2 1 1 1 0 1 2 2 1 2 1 0 2
0 0 0 2 2 2 1 0 2 0 2 0 1 1 1 1 1 1 0 0 0 0 0 1 2 0 1 2 1 2 1 2 2 0 2 1 0 1 2 0 2 1 1 0 0 0 0 1 1 1 2 2 1 1 0 2 1 2 1 1 1 0 1 1 0 1 2 1 0 0 2 2 1 0 1 2 0 1 1 2 2 1 1 2 2 0 1 1 0 2 0 2 0 2 0 2 1 1 1 1 1 0 2 0 0 0 0 2 1 2 2 1
1 1 0 1 2 1 2 2 1 1 2 2 1 1 2 2 2 0 1 1 0 1 2 1 1 0 0 0 0 0 1 1 2 0 2 2 1 2 1 1 0 1 1 1 0 0 1 0 0 0 1 1 1 0 2 0 1 1 0 1 2 2 0 2 0 2 1 2 0 2 1 1 1 2 0 1 2 2 1 0 0 0 1 2 2 0 2 0 2 0 0 1 0 0 1 1 1 2 1 2 0 2 0 1 1 0 1 1 0 0 1 1
2 2 0 1 0 0 2 0 0 0 2 2 2 1 0 1 1 1 0 1 1 0 0 2 2 2 1 2 0 2 1 2 1 2 1 2 0 1 2 1 2 0 0 1 2 1 2 0 0 2 2 1 0 0 1 0 0 2 0 0 1 2 0 0 2 1 0 2 0 0 1 0 1 2 1 0 1 2 2 2 1 2 1 2 2 0 0 2 0 1 0 0 0 0 0 2 0 1 2 0 0 2 1 1 2 1 0 0 0 2 0 2
1 2 0 1 2 0 1 0 1 1 0 0 0 2 0 0 0 1 1 0 0 0 0 2 2 0 2 2 0 1 2 2 0 2 0 0 0 1 0 2 0 1 2 0 1 0 1 1 1 0 0 1 1 0 1 0 1 1 0 1 2 2 0 2 0 1 2 0 0 1 2 0 0 0 2 1 0 0 0 1 1 0 0 0 1 1 0 0 2 1 2 0 2 2 2 2 1 0 0 1 1 0 0 1 0 0 2 1 0 2 0 2
1 0 0 0 2 2 1 0 0 0 0 0 1 2 0 2 2 1 2 1 2 0 2 0 0 2 0 1 0 0 1 2 1 2 2 0 1 0 0 1 2 1 0 1 1 0 1 1 0 0 0 0 1 0 0 1 1 1 1 1 2 2 0 0 1 0 1 2 2 0 2 1 1 2 2 0 0 0 0 1 2 0 1 0 1 0 0 0 1 1 1 0 0 2 1 0 1 1 2 0 2 1 1 1 1 1 2 0 1 2 1 1
0 0 2 2 1 0 0 2 2 2 0 0 0 2 0 1 0 0 1 2 2 0 2 2 1 2 0 0 1 2 2 2 0 2 2 1 0 0 1 2 1 2 2 1 1 0 0 0 1 1 0 1 2 2 1 0 1 1 1 0 1 0 0 1 0 1 0 0 1 2 2 2 2 0 1 1 0 1 1 2 0 0 0 0 0 2 0 0 1 0 1 2 0 0 2 2 1 0 2 0 0 0 1 2 0 0 0 1 0 0 0 0
1 1 1 2 1 2 2 0 0 2 0 1 2 0 1 1 0 0 2 1 0 1 0 0 2 2 2 2 0 2 0 1 2 2 0 0 0 1 1 0 0 2 2 0 0 0 2 2 1 2 0 2 1 1 1 1 1 0 0 1 1 1 2 0 2 0 1 2 1 0 2 2 0 2 0 0 0 2 2 2 0 0 2 1 2 1 2 0 1 0 1 0 2 1 0 1 2 2 0 2 0 1 1 0 1 0 1 1 0 1 1 0
2 1 2 2 2 1 0 1 2 2 2 0 0 0 1 0 0 0 2 0 1 2 1 0 2 0 1 2 2 0 1 2 1 0 1 1 0 2 1 0 1 1 0 2 1 0 2 0 0 2 1 2 1 0 2 1 0 1 1 0 2 2 2 1 1 1 0 1 0 1 1 1 2 0 0 1 0 0 1 1 0 0 0 1 1 0 0 1 1 2 2 0 2 1 2 0 0 0 1 0 1 1 1 1 2 2 2 2 0 2 0 1
0 1 0 1 1 1 0 0 0 2 1 2 1 1 1 1 1 2 1 0 1 0 2 0 0 2 0 0 1 1 1 1 2 0 0 1 1 0 2 2 0 1 2 1 0 0 0 2 1 2 2 2 0 2 1 0 1 1 2 0 0 1 2 0 1 1 0 2 2 0 2 0 2 2 2 2 2 1 1 1 0 1 1 1 0 0 2 2 2 1 2 0 1 0 1 2 1 2 0 0 2 2 1 1 2 1 1 2 2 0 0 0
2 2 1 0 0 2 2 0 0 0 1 2 0 0 2 2 2 0 0 2 0 2 1 0 1 2 0 1 0 1 1 2 2 1 0 0 0 0 1 1 1 0 1 2 0 1 1 0 2 1 2 2 1 1 0 0 1 1 1 0 1 1 0 1 0 1 1 1 2 0 2 0 0 1 2 0 2 1 1 2 0 2 2 2 1 0 0 0 0 2 0 1 1 1 2 2 0 0 0 0 1 0 0 2 2 0 0 2 1 2 2 2
1 2 1 0 0 0 1 0 2 1 1 1 0 1 0 1 2 1 1 1 1 1 1 1 2 2 2 1 1 2 1 1 1 0 2 1 0 0 0 0 0 1 1 0 0 2 2 0 1 0 1 0 0 0 2 0 2 2 2 2 1 1 1 0 1 0 0 0 2 0 0 2 1 0 0 2 2 0 0 1 2 0 2 2 0 2 0 1 2 2 1 0 0 2 2 0 0 2 0 2 2 0 1 1 1 0 2 2 0 2 1 2
2 0 2 1 0 0 2 2 0 0 1 1 0 0 2 1 0 0 1 0 0 0 2 0 0 1 2 2 2 0 1 1 1 1 2 1 1 2 2 1 2 0 0 0 1 2 2 2 2 1 2 1 1 1 1 0 1 1 2 0 1 1 1 2 2 2 1 0 1 0 0 2 1 0 2 0 1 1 2 1 0 2 0 2 1 2 0 2 0 0 0 2 1 2 1 2 1 1 2 1 1 0 1 1 1 0 1 0 0 2 1 0
1 0 0 0 2 1 0 1 1 0 0 1 0 0 0 2 1 0 0 0 1 2 1 0 0 1 1 1 0 0 2 2 0 0 0 1 2 0 2 2 1 0 0 2 1 1 1 2 2 0 1 1 2 0 1 0 1 0 2 2 1 2 2 1 0 0 2 2 0 2 1 2 1 2 1 2 1 1 2 1 1 1 0 1 1 0 2 0 0 1 0 1 1 0 0 1 0 0 1 2 1 0 2 2 0 1 1 2 0 1 1 2
2 2 0 2 2 0 0 2 0 0 1 1 1 2 1 2 2 2 1 1 0 1 0 1 0 0 1 0 2 2 2 2 1 0 2 1 2 2 1 2 2 2 1 1 1 2 1 1 2 2 0 1 1 1 2 1 1 1 2 1 1 2 1 0 1 0 2 0 2 1 0 2 1 2 1 0 0 0 1 0 0 2 1 2 1 2 1 0 0 1 1 2 1 0 1 2 0 1 0 0 2 0 1 0 1 0 0 1 0 2 1 0
2 0 2 1 2 2 1 0 1 0 0 2 1 1 0 2 2 0 0 1 2 1 2 0 1 0 1 2 2 2 0 2 0 0 0 0 2 2 1 0 0 2 1 1 0 1 1 0 1 0 1 0 1 1 1 1 1 2 0 1 0 1 1 1 2 2 2 2 2 1 0 0 0 1 2 1 0 1 1 1 1 0 0 1 2 2 0 0 2 1 2 0 0 1 1 0 1 1 2 0 0 0 1 1 1 1 0 2 0 1 2 0
2 0 2 1 2 2 2 2 1 2 2 1 0 2 2 1 1 2 0 0 2 2 2 2 1 0 1 2 1 0 2 2 0 1 0 1 1 0 0 0 0 0 2 0 0 2 0 2 2 1 2 1 0 2 1 2 2 1 1 1 2 2 0 1 1 2 2 0 0 2 1 0 0 1 0 0 0 0 1 0 2 0 2 0 0 1 2 2 2 2 2 2 1 0 1 0 0 0 0 0 2 2 0 1 1 1 2 2 2 0 0 2
1 0 2 1 1 0 2 2 0 2 2 1 0 0 2 1 0 0 1 0 0 2 1 1 1 2 1 1 2 1 0 0 1 1 0 0 2 0 2 2 0 1 1 0 2 0 1 0 1 1 1 2 0 0 1 2 2 2 0 2 1 2 0 0 1 1 1 0 2 1 2 2 0 1 0 0 1 2 1 1 0 2 1 1 0 2 0 1 2 2 1 1 1 1 2 2 1 1 2 0 2 2 0 0 1 1 1 0 1 2 1 2
2 2 1 0 0 0 1 0 2 2 1 0 2 1 0 1 2 0 1 2 0 2 0 1 1 1 1 0 1 1 0 1 1 1 2 1 2 1 1 1 2 1 2 2 2 2 0 2 0 1 2 0 2 2 2 0 2 2 0 0 0 1 2 2 0 1 2 0 0 1 2 2 2 2 1 0 0 1 0 0 1 2 2 0 2 1 1 1 0 0 2 1 1 2 2 1 1 1 2 1 0 2 1 1 1 2 1 2 2 1 0 0
1 2 1 0 0 2 0 2 2 0 0 1 2 0 0 1 1 0 2 0 0 1 1 0 1 2 2 0 1 0 1 0 2 2 0 1 2 1 1 2 1 1 1 1 0 2 2 1 1 0 1 1 1 0 1 0 0 1 0 1 1 2 1 2 1 0 1 2 1 2 1 1 1 0 2 1 2 2 1 0 2 0 0 0 1 1 2 1 0 2 1 0 0 2 0 2 0 1 1 0 1 2 1 2 0 0 2 1 0 0 1 2
0 1 1 2 1 0 1 2 0 2 2 1 2 2 1 0 1 2 0 2 0 1 0 0 2 2 1 0 2 1 0 0 0 1 0 2 2 2 2 1 1 1 2 0 2 0 1 1 1 2 1 1 0 1 1 0 0 1 0 0 0 1 1 0 0 1 0 0 1 2 2 2 1 2 1 1 0 0 0 1 0 1 2 1 0 2 1 1 1 2 2 1 1 0 2 2 0 2 0 1 2 0 2 2 0 1 0 0 1 0 2 1
2 2 1 2 2 0 1 0 1 0 2 0 1 2 2 1 2 0 2 2 0 2 1 0 0 2 2 2 0 2 1 0 2 2 0 2 0 1 0 1 2 0 1 1 2 1 2 1 2 2 1 1 2 0 1 2 0 1 2 1 0 2 1 0 1 2 0 2 2 0 1 2 0 0 1 0 2 0 0 2 0 1 0 0 0 2 0 1 1 0 0 2 2 2 0 2 2 0 1 2 2 1 2 0 1 0 1 2 1 1 1 2
0 1 0 1 1 1 2 0 1 2 1 1 2 1 1 2 0 0 2 0 1 1 0 1 2 1 0 1 0 1 0 2 0 0 0 2 1 1 0 1 0 1 0 0 0 1 2 1 1 1 1 0 0 2 2 0 1 2 1 0 1 0 0 1 0 1 0 0 2 1 2 0 2 2 1 0 0 1 2 2 0 1 0 1 1 2 2 2 1 2 0 2 2 0 1 0 2 0 0 1 1 2 2 1 2 1 2 0 0 1 0 0
0 0 2 1 1 0 1 0 2 2 1 1 0 2 1 0 0 0 1 2 0 2 1 0 1 1 0 2 2 1 2 1 0 0 2 1 0 1 2 0 1 0 1 2 1 0 2 1 0 1 0 2 1 1 2 2 0 0 1 0 0 2 2 0 0 1 2 1 1 1 1 2 0 2 2 1 0 1 0 1 0 2 1 2 1 1 2 2 1 2 0 2 2 2 2 2 0 2 0 2 2 1 1 2 1 0 1 1 2 1 0 1
1 1 0 0 0 0 2 2 2 2 1 1 1 2 0 2 1 1 2 0 0 1 0 2 0 1 2 0 1 0 1 2 0 1 2 0 2 1 0 2 1 2 1 2 2 2 0 0 1 2 2 2 1 2 2 1 2 2 2 0 2 0 0 2 0 1 0 2 2 0 2 2 0 0 1 2 1 2 1 0 1 1 2 0 0 2 2 2 1 1 0 1 0 2 0 0 0 1 0 0 0 2 2 0 1 2 1 2 1 2 2 0
0 2 1 1 2 1 2 0 0 0 2 1 2 1 1 2 2 2 0 2 1 2 1 0 2 2 2 1 2 2 2 0 2 0 1 1 1 1 2 2 2 2 1 2 0 2 2 0 2 0 0 2 0 2 2 0 1 0 1 0 2 0 0 2 1 2 1 0 1 1 1 1 1 2 0 2 0 2 2 2 0 0 1 1 2 2 2 1 2 0 1 2 1 2 0 2 2 1 2 1 0 1 2 1 1 0 0 1 0 1 1 1
1 1 2 2 0 2 0 0 2 0 0 0 2 0 0 2 2 1 0 0 2 0 2 0 1 0 2 2 1 2 1 1 0 1 0 1 1 0 1 1 0 2 2 1 0 0 0 0 1 2 0 0 0 0 2 2 1 2 1 0 1 0 1 2 2 2 0 0 0 2 2 1 0 2 0 0 0 1 1 2 1 2 2 1 0 2 1 2 0 0 2 2 1 2 2 1 1 0 2 2 1 2 2 1 2 2 2 2 1 0 1 0
0 2 2 0 2 1 0 2 2 0 2 2 0 2 0 1 0 0 1 1 0 1 0 2 0 2 0 0 0 2 0 1 2 0 2 2 2 0 2 2 1 1 1 1 1 1 0 2 2 2 0 0 0 2 0 2 1 0 2 0 1 2 2 0 0 2 2 2 0 2 2 1 1 0 0 1 0 1 0 0 1 1 0 2 0 1 1 0 2 1 1 0 0 1 1 1 0 1 1 1 1 1 0 0 2 2 1 0 1 2 0 2
1 1 2 2 0 1 2 0 2 1 1 1 2 0 2 0 1 1 2 0 0 2 0 0 2 0 0 0 2 1 0 1 0 2 1 0 1 1 1 0 1 2 2 0 2 2 1 1 0 0 2 1 1 1 1 0 1 1 1 1 0 2 1 1 1 0 2 0 2 1 2 0 1 1 1 2 0 0 1 2 1 1 0 0 2 2 1 1 1 0 0 0 2 1 1 2 2 1 0 2 2 2 2 1 1 1 1 2 2 2 2 1
0 0 2 0 0 0 1 2 2 0 0 2 2 2 2 2 0 0 1 1 2 1 0 1 1 1 2 0 0 1 2 2 2 2 2 2 2 2 0 2 0 0 2 2 0 1 1 1 2 2 2 2 2 0 1 0 1 0 1 2 0 0 2 2 2 0 0 2 0 0 0 0 1 0 2 2 1 1 0 1 1 0 1 0 1 0 1 2 1 2 2 2 0 2 1 0 2 1 1 2 2 1 2 1 1 2 0 0 0 1 2 0
2 1 1 0 2 0 0 1 0 0 0 1 2 1 2 2 1 0 2 0 1 1 2 0 2 0 2 0 2 1 0 1 0 0 2 2 1 0 1 1 1 1 0 1 0 0 1 1 0 0 0 0 0 0 1 2 1 0 2 0 2 1 0 0 1 0 0 2 1 1 1 0 2 2 1 0 2 0 0 0 1 0 0 2 1 0 2 2 0 1 1 0 0 2 1 1 2 1 1 1 2 0 2 2 0 2 1 0 2 1 0 1
2 2 0 0 2 2 1 0 2 0 2 2 2 0 2 2 2 1 2 2 2 2 0 2 1 1 2 1 2 1 0 2 0 2 2 0 2 1 0 1 1 2 2 1 0 2 1 0 0 1 2 0 0 0 0 2 1 1 1 1 2 2 0 0 1 1 0 2 2 1 1 2 2 0 0 0 0 1 0 1 0 0 2 1 1 0 1 0 1 0 2 1 0 0 1 0 1 2 2 2 1 0 1 0 2 1 1 2 1 1 1 1
2 0 0 0 2 2 2 0 0 1 2 1 2 0 1 1 0 0 0 2 1 2 0 0 0 1 0 1 2 1 1 2 0 2 1 2 2 0 0 0 2 2 1 1 1 0 0 2 1 1 2 0 0 2 1 2 0 1 1 0 1 0 0 2 0 1 2 0 1 2 0 1 0 0 0 2 1 1 1 0 0 1 1 1 0 2 0 1 2 0 2 1 0 2 1 0 1 0 1 0 2 2 2 2 0 0 2 1 2 0 2 0
2 1 2 0 2 0 1 1 0 1 0 2 1 1 2 0 1 2 1 1 1 1 2 2 1 1 0 1 0 0 1 2 2 1 0 1 0 2 0 1 1 0 0 0 2 1 1 0 0 2 0 2 1 2 1 0 0 1 2 1 2 1 1 2 0 2 0 0 1 1 2 0 2 0 0 2 1 1 0 2 2 0 1 0 0 2 0 2 2 1 0 1 2 2 1 0 1 0 2 0 1 2 0 1 2 2 0 2 1 1 1 0
2 1 0 0 0 2 0 2 0 0 2 0 0 0 1 2 1 0 0 2 2 2 2 0 1 2 2 2 1 1 0 2 2 1 0 1 1 0 0 2 1 0 0 1 2 2 2 0 0 2 1 0 1 0 1 0 2 1 0 2 0 1 1 0 0 1 1 2 2 2 2 0 1 0 0 0 2 2 0 2 2 2 0 2 2 2 2 0 0 0 2 1 2 1 2 0 0 1 0 2 1 2 0 2 2 0 0 2 0 1 2 0
0 0 2 1 0 2 1 1 0 0 2 0 1 1 0 1 0 1 1 2 1 1 1 0 0 2 0 0 1 0 1 2 1 1 0 2 1 1 1 2 2 1 2 1 1 1 2 1 2 1 0 0 1 0 2 1 0 0 2 1 1 1 1 0 2 2 0 1 1 2 1 1 0 2 2 1 1 0 0 0 1 1 2 0 1 2 1 1 0 1 0 2 2 2 2 2 2 0 2 0 2 1 1 0 1 2 1 2 2 2 1 1
2 1 2 1 1 0 1 1 2 1 1 2 1 0 0 0 1 2 1 0 1 0 1 0 2 1 0 1 0 1 1 0 0 0 2 1 1 0 0 1 2 2 0 1 0 0 1 2 0 2 0 2 0 2 0 0 1 0 2 1 0 0 0 1 1 2 1 2 2 1 0 1 2 2 2 0 2 2 2 1 2 0 1 0 0 1 1 1 2 1 1 0 2 1 2 0 1 0 0 0 2 2 2 1 1 0 1 1 0 1 0 2
2 1 0 0 0 1 0 0 0 1 1 2 0 0 0 1 1 0 2 2 2 1 0 1 2 0 1 2 1 1 2 1 1 0 0 1 1 0 1 2 1 1 1 1 1 1 2 1 2 1 0 0 0 1 1 1 1 0 0 1 0 0 2 1 0 2 2 2 2 2 1 1 0 0 0 2 1 0 0 2 2 1 2 0 0 1 2 1 2 2 2 2 0 0 0 1 0 2 2 1 2 0 2 2 1 1 0 0 1 0 2 1
0 2 2 0 1 1 2 1 1 0 0 2 0 1 1 0 1 0 1 1 1 2 1 0 0 1 1 2 0 1 0 0 1 0 0 0 1 0 1 0 0 2 2 1 0 1 2 2 2 1 0 1 1 2 1 2 1 0 2 1 0 2 1 1 1 2 2 2 0 0 0 0 0 1 2 0 0 2 2 0 1 1 2 1 1 0 0 2 2 2 1 2 0 0 1 1 0 0 0 1 1 2 2 1 0 2 2 1 1 2 1 1
0 0 2 2 2 2 2 1 2 1 0 0 2 1 1 2 2 2 0 0 1 0 1 2 2 0 1 2 0 0 1 1 1 0 0 1 0 0 2 0 2 0 0 2 2 1 2 1 1 0 1 2 1 0 0 1 1 2 1 1 2 2 0 1 2 2 2 1 0 2 1 0 0 2 0 2 0 2 0 2 0 2 0 1 0 0 1 2 2 2 1 1 2 2 1 2 1 0 0 0 1 2 0 1 2 1 1 2 0 2 2 2
0 0 0 0 0 2 0 0 2 2 2 2 2 0 2 2 2 1 2 0 0 0 1 2 1 0 2 2 0 2 1 1 2 0 1 0 2 2 0 2 2 0 2 2 0 2 1 2 0 0 0 1 1 0 1 2 0 1 2 1 1 1 2 1 1 2 2 1 1 0 1 2 0 1 1 2 1 0 2 2 1 1 0 2 1 2 2 1 1 1 0 0 2 0 1 1 2 1 0 2 2 2 1 0 1 0 0 0 0 1 2 1
2 1 1 0 0 0 1 1 1 2 1 2 1 1 1 0 2 2 0 1 1 1 0 0 1 0 1 2 1 0 0 0 1 1 0 2 2 0 1 2 0 1 2 1 2 0 0 1 0 1 1 2 0 1 0 2 1 1 0 1 2 1 1 1 1 0 0 0 1 0 2 1 1 2 1 0 0 1 2 1 2 0 0 0 2 1 1 1 2 1 0 2 0 1 1 1 2 2 2 0 2 2 2 1 2 1 2 0 2 2 2 2
