3 113 19
535173456 157392781 64098210 41030801 379473437 650850756 438432038 33463463 722896730 678146823 1062567390 1013875571 12928406 387844179 429923465 43559380 443239406 570029056 1147791979 41646459 375395924 491627790 443693567 251884841 403448088 580600177 433520136 394898023 7385944 1013441854 616037789 669999123 694322867 1155026270 343357147 477524627 301685173 658317031 936167302 398147515 900404142 369882925 283527989 26124201 314632326 584234240 983585389 473896388 314294994 805006699 831095598 793642516 677955501 901301705 107941907 540834204 625394723 67028992 554641388 1035168210 474004776 41263993 789381181 982389504 971721440 618904833 727172238 587488931 995569225 500007394 157168614 690144465 899383712 395021381 796349975 526679537 91389266 511012279 255566909 466258010 661827700 470819594 789958839 276990695 1024203461 92133546 180556856 593441829 283943979 273147250 488194460 284655089 223737167 1096002593 1084400412 4006179 943266079 421613893 369805050 864646191 427063385 36362040 812683453 609131672 144737646 566914146 778298540 1095930500 247254631 1025087991 559198720 651352908 859380471
0 1 1 0 0 0 2 0 2 0 1 1 1 1 2 2 1 2 0 0 1 1 0 2 1 2 1 0 2 1 1 1 0 0 1 1 1 1 1 0 2 0 1 0 1 1 0 1 1 1 1 1 2 1 0 0 0 2 0 0 0 0 2 0 0 1 1 2 2 0 0 2 1 1 0 0 0 1 1 2 2 2 1 0 1 1 0 2 1 2 0 2 2 0 0 0 2 0 2 2 0 2 2 2 2 0 1 0 2 2 0 0 0
1 0 2 2 0 2 2 0 0 1 0 0 2 0 2 2 1 2 1 1 2 1 1 2 2 2 0 0 2 0 0 1 0 2 1 1 2 0 0 2 2 0 0 0 2 0 0 1 0 1 2 0 1 1 0 0 1 1 1 1 1 1 2 2 2 2 2 1 0 2 2 1 0 0 1 2 1 1 0 2 0 1 0 2 0 1 2 2 0 2 0 2 0 1 0 0 0 0 0 1 0 2 2 0 2 0 1 0 2 1 0 0 0
1 2 1 0 2 0 1 1 1 1 0 2 1 1 0 2 1 2 2 1 2 0 0 0 1 2 2 0 0 0 2 0 0 0 0 1 1 2 0 0 0 1 2 0 0 0 2 2 2 0 1 2 0 2 0 2 2 0 0 0 1 2 0 2 0 1 1 2 1 2 2 2 0 2 2 1 0 0 1 0 1 2 0 2 1 1 1 2 1 2 2 0 2 0 1 0 2 2 2 0 1 2 2 0 2 0 2 2 1 0 2 2 0
0 1 0 1 0 2 1 2 2 1 2 2 2 2 2 0 2 2 1 2 1 2 1 2 2 0 0 0 1 0 2 1 2 0 1 2 0 2 0 2 0 2 2 1 0 1 1 2 0 0 2 2 1 0 0 1 2 1 2 0 2 1 1 1 1 0 2 2 2 2 1 1 2 0 2 2 2 1 0 2 2 2 0 0 0 0 1 2 1 1 0 1 0 0 1 0 0 0 2 0 0 1 1 0 2 1 0 2 0 0 2 2 0
2 0 0 0 1 1 0 0 1 2 1 2 0 1 0 1 0 0 2 1 2 0 1 1 1 1 1 1 0 0 2 1 0 0 2 0 2 0 0 2 0 1 1 1 0 1 0 1 2 0 0 1 0 2 2 1 0 0 0 2 2 0 0 2 1 0 0 0 1 1 2 1 0 1 0 1 2 0 0 0 2 0 1 0 0 2 0 0 2 0 2 1 2 0 2 0 1 2 1 0 1 1 2 0 0 2 2 0 1 2 0 0 2
0 0 2 2 0 1 2 2 1 2 1 0 1 2 2 1 0 2 1 2 1 1 0 1 0 1 2 2 2 0 2 2 1 0 2 2 1 2 2 0 1 0 0 0 0 2 2 1 2 1 1 0 2 2 0 0 0 2 0 0 0 0 0 2 0 2 1 2 2 1 2 1 2 1 2 0 0 2 2 1 0 0 2 1 2 2 1 0 2 0 1 0 0 2 2 1 2 1 0 0 0 0 1 0 1 1 1 0 1 0 1 2 1
0 1 1 1 1 2 0 1 1 1 1 0 0 0 1 1 1 1 0 1 0 0 1 2 2 1 0 0 0 1 1 1 2 0 2 0 0 0 1 1 1 0 0 1 1 2 1 2 1 1 1 1 2 2 2 2 1 2 2 1 1 0 0 1 1 0 2 2 0 2 0 2 0 1 1 2 0 0 1 2 2 2 2 2 2 1 1 0 0 0 2 0 1 1 2 0 1 1 2 2 1 0 2 2 2 2 1 0 2 2 0 2 0
2 1 2 0 1 1 1 1 1 2 0 2 1 0 1 1 2 1 2 0 1 1 0 0 2 1 1 0 1 0 0 1 2 0 2 1 2 2 0 2 1 0 2 0 2 1 1 2 0 1 0 1 0 0 0 0 2 1 0 1 2 1 1 1 2 0 0 2 2 1 1 2 2 1 0 1 0 1 1 0 0 1 2 0 0 2 2 0 0 2 1 2 1 0 2 1 1 0 0 1 2 0 0 1 2 1 0 2 0 2 2 1 0
1 1 1 2 0 1 2 1 0 0 0 0 2 1 2 0 2 2 2 0 0 0 2 2 1 1 2 0 1 0 2 1 0 0 0 1 2 0 0 0 0 0 1 0 2 2 1 0 1 0 0 2 2 1 1 1 2 2 2 1 2 2 0 0 2 0 0 2 0 0 0 2 2 0 0 1 2 2 2 1 0 0 0 2 2 0 1 1 2 1 0 2 0 0 1 0 1 1 1 2 1 1 2 0 2 2 0 2 1 2 0 2 0
2 2 2 0 1 2 2 2 2 2 0 1 0 1 2 2 0 2 2 2 1 2 2 2 0 1 1 0 0 1 1 2 1 1 0 2 1 0 0 1 2 0 2 1 2 0 0 2 0 2 2 0 0 1 2 1 0 0 2 0 0 1 0 1 0 0 1 1 0 2 2 1 0 0 0 2 0 1 0 0 2 2 0 2 1 0 1 1 2 1 0 2 2 0 1 0 2 2 1 2 2 1 1 0 1 1 0 2 0 0 0 2 0
1 2 1 2 0 1 2 2 1 1 1 2 2 2 1 2 0 2 2 2 0 2 1 2 1 1 0 2 2 0 1 1 0 0 1 1 1 0 1 0 1 0 0 0 0 1 0 1 0 2 1 1 0 0 1 2 2 2 1 1 0 2 2 0 0 1 1 2 2 2 0 1 1 0 2 1 2 0 2 0 1 1 2 2 2 1 1 1 1 2 2 1 0 2 1 1 1 0 0 1 1 1 0 2 1 0 1 2 1 1 0 0 2
2 2 2 1 0 0 0 0 0 1 1 0 0 2 2 1 1 1 2 2 1 2 2 0 0 1 1 2 1 2 2 1 1 2 0 2 2 0 2 1 2 2 1 0 1 1 1 0 0 2 0 2 1 2 2 0 1 1 0 0 0 2 1 2 2 2 1 0 2 1 1 2 1 0 0 2 1 1 1 2 1 1 2 1 1 2 1 0 2 1 0 0 1 1 0 1 1 1 1 0 0 2 0 1 2 0 2 1 2 0 1 1 2
1 0 0 1 1 0 0 0 1 1 2 2 1 0 0 2 2 1 1 2 2 2 2 2 1 1 2 2 0 1 1 1 1 2 0 2 2 1 0 0 0 0 0 1 1 1 1 2 0 0 1 2 0 2 2 2 1 2 2 1 0 0 0 2 0 0 2 0 2 1 2 2 1 0 1 0 2 1 2 0 1 1 1 2 1 0 2 2 0 1 1 2 2 2 2 0 0 2 2 0 0 1 0 2 1 0 0 1 1 2 0 0 1
1 0 2 2 2 1 1 1 0 0 1 2 0 2 0 2 1 1 1 0 1 0 2 1 0 2 0 0 2 1 1 1 1 2 0 1 0 2 2 2 0 1 1 0 1 2 1 2 1 2 0 0 0 0 2 1 0 1 2 2 2 1 1 1 0 2 2 2 2 2 1 0 1 0 1 0 1 0 0 2 0 1 0 0 2 1 2 2 2 1 2 1 1 1 0 1 0 0 0 0 0 2 1 1 0 0 1 2 0 0 1 1 1
2 2 1 0 2 1 0 1 1 2 0 2 2 2 0 0 0 1 0 0 2 2 1 0 1 0 1 2 1 2 0 1 1 2 2 1 0 2 1 2 1 1 1 1 1 1 1 2 0 1 0 0 1 1 0 0 1 1 2 0 1 0 0 1 2 0 0 0 0 1 2 2 1 1 1 0 0 2 0 1 2 0 2 1 1 0 1 0 2 1 2 1 2 2 2 2 2 2 0 0 2 2 1 1 1 2 2 1 2 0 0 2 0
0 0 2 1 2 0 0 0 2 2 0 2 1 2 0 2 2 1 2 2 2 0 0 1 0 0 2 0 1 1 1 2 2 1 0 1 1 2 0 2 1 0 1 1 1 1 0 0 0 2 1 2 0 2 2 0 0 1 2 2 2 0 2 2 1 0 2 0 0 2 2 1 0 1 2 2 0 0 1 1 0 2 2 1 1 1 0 0 0 2 2 0 2 1 1 1 2 0 1 2 0 1 2 1 2 1 1 0 0 2 2 0 2
2 2 1 1 0 1 1 2 1 2 2 1 0 0 0 0 1 1 1 2 0 0 2 2 1 1 0 1 0 1 0 0 1 1 1 1 1 2 1 2 2 0 0 0 0 2 1 1 1 1 2 2 1 2 2 0 0 0 1 1 2 2 1 0 1 2 2 2 2 0 0 2 0 1 0 0 0 2 2 1 0 2 0 2 2 1 0 2 1 2 1 0 1 0 1 1 0 0 1 2 1 1 2 1 0 0 2 0 0 2 0 1 2
1 2 1 2 2 1 1 2 0 1 1 1 2 2 1 0 1 1 1 2 2 0 0 2 0 2 0 0 2 2 0 1 2 2 2 1 1 0 1 2 2 0 0 2 2 2 0 1 1 2 2 0 1 2 1 1 1 1 2 1 0 0 0 2 2 0 2 1 0 0 1 2 0 2 0 1 2 1 0 0 0 2 2 1 2 0 1 1 1 0 0 0 1 1 0 1 1 2 0 2 1 1 0 2 0 0 1 2 1 2 1 2 1
0 2 1 0 0 1 1 1 2 2 0 0 0 2 2 0 0 2 1 2 2 1 2 2 2 0 1 2 1 2 1 1 1 0 2 2 1 1 0 0 1 2 1 2 2 1 2 2 1 1 1 0 0 2 1 0 2 0 0 1 2 2 0 1 0 2 0 2 0 2 2 2 1 2 1 0 0 1 2 2 0 2 1 1 2 0 2 1 0 0 0 1 2 0 0 0 2 1 0 0 1 0 1 2 2 2 0 1 1 0 1 1 2
2 0 1 2 0 0 1 0 0 0 1 1 0 2 1 2 2 2 0 0 0 0 0 0 0 2 2 1 0 1 1 1 2 1 0 0 1 2 1 0 0 0 2 1 2 1 1 2 1 2 0 2 2 1 2 0 1 1 2 1 1 1 2 1 2 1 1 2 1 2 0 2 0 2 0 0 0 1 1 2 1 2 1 1 0 1 2 2 0 2 1 1 0 2 2 1 0 1 0 2 2 0 1 2 0 2 0 2 2 1 1 0 0
0 2 1 2 2 0 2 2 2 2 0 2 2 1 0 1 2 2 0 0 1 0 0 1 0 0 0 0 2 2 0 0 1 0 2 2 0 2 1 0 2 2 2 0 1 0 1 0 0 2 0 1 0 2 0 1 2 1 1 2 0 0 0 2 0 2 2 1 0 1 0 0 1 0 0 0 1 2 0 1 1 2 0 1 2 0 0 1 1 2 2 2 2 2 0 2 0 2 2 1 0 2 1 2 2 2 0 0 2 1 1 1 0
2 0 2 0 1 2 2 2 1 2 1 1 2 2 1 1 1 2 0 1 1 0 0 1 0 2 1 1 0 0 0 0 1 0 1 0 2 0 2 1 2 2 0 2 2 1 1 0 2 2 1 1 2 2 2 0 1 0 2 0 1 2 1 0 0 2 1 0 2 2 0 0 1 0 2 0 2 1 1 1 1 0 2 1 2 2 1 2 1 2 2 0 2 0 1 2 0 2 1 0 2 1 0 0 1 1 1 1 0 0 0 0 0
0 1 1 0 1 1 2 0 0 2 2 1 1 0 2 1 2 2 1 0 1 2 2 0 1 0 1 1 1 1 0 2 1 2 0 2 0 0 0 1 0 0 0 1 1 2 2 0 2 0 1 1 0 0 1 2 2 1 1 0 2 2 0 1 1 1 1 2 2 2 0 2 0 1 0 2 1 1 1 1 2 2 2 2 0 2 2 0 0 1 1 0 1 2 0 0 1 1 0 1 1 2 1 2 0 0 1 2 1 2 1 0 0
1 1 0 1 0 0 1 2 1 0 1 1 0 2 1 2 2 0 0 1 2 2 2 2 2 2 0 2 1 2 2 2 1 0 1 1 1 0 2 1 1 1 0 2 0 1 2 2 2 2 2 2 0 2 2 0 2 1 0 0 0 0 0 1 1 1 0 0 0 0 1 2 1 1 2 1 1 1 2 1 1 2 1 2 1 1 2 0 2 0 1 0 1 1 2 2 1 2 2 1 1 1 0 2 1 2 2 0 1 2 1 0 1
0 0 0 2 0 0 1 1 2 2 2 0 1 1 1 1 2 0 2 0 1 0 1 1 2 1 1 1 1 2 0 2 2 0 1 2 1 0 0 0 2 0 0 0 2 0 2 1 0 2 2 2 2 2 2 2 1 0 1 2 2 1 2 2 1 0 0 0 1 1 0 0 2 1 1 2 2 1 1 0 0 0 0 0 2 2 2 2 0 1 1 0 2 1 0 1 2 0 1 1 1 2 2 1 1 1 0 1 2 1 2 0 2
0 1 2 0 1 1 1 2 1 2 2 2 0 0 2 1 2 0 0 1 0 2 0 2 2 1 1 1 1 2 1 2 1 0 0 2 0 2 1 1 2 0 1 2 1 0 1 0 2 2 2 0 1 2 2 1 2 1 2 1 0 0 0 2 2 1 1 2 1 0 0 1 1 2 2 2 2 0 0 2 0 2 2 2 2 1 1 2 2 1 1 0 2 2 2 2 1 1 2 0 1 2 2 0 2 1 2 2 2 0 2 2 0
1 0 0 0 1 2 0 2 0 2 2 1 2 1 0 1 0 1 0 0 0 1 2 2 0 2 2 2 2 2 2 0 2 2 1 0 0 2 0 1 2 0 2 1 2 2 2 0 0 0 1 1 1 1 1 2 1 0 1 0 2 1 1 2 1 0 0 1 0 1 0 2 2 0 1 1 0 1 2 0 1 0 2 0 0 0 1 1 0 2 0 1 1 2 1 1 2 1 0 0 0 1 0 2 2 1 1 2 0 0 0 2 2
1 0 0 1 1 1 0 1 2 2 1 1 0 0 2 1 0 2 2 2 0 2 2 2 1 1 0 0 2 2 2 1 0 2 0 2 1 1 2 1 0 0 0 1 0 2 2 0 2 0 0 0 2 2 0 2 1 0 2 2 0 2 0 1 1 1 1 0 0 0 2 0 0 1 1 1 0 2 0 1 0 0 1 0 1 2 2 0 2 1 2 0 0 1 1 2 2 0 1 0 0 0 1 2 2 1 0 0 1 1 2 1 0
1 2 1 0 2 2 0 1 0 0 2 1 2 2 1 0 0 2 1 2 2 1 1 0 0 2 2 1 1 1 1 2 0 0 0 2 0 0 1 0 1 1 2 1 1 0 1 2 0 0 2 2 2 1 0 2 1 0 1 0 1 0 1 2 1 1 2 1 2 1 2 1 0 1 2 1 2 1 1 0 1 0 0 1 2 1 1 1 1 0 1 0 1 2 2 2 1 2 1 1 1 1 2 1 0 2 1 0 0 2 0 2 1
1 1 1 2 0 2 1 0 0 2 1 1 1 2 0 2 1 2 1 2 1 1 2 0 2 0 1 2 1 0 0 2 2 1 2 0 0 1 0 2 0 0 1 0 2 1 0 0 0 1 2 2 2 0 0 1 0 1 2 2 1 2 2 1 2 0 1 0 1 2 0 0 2 1 0 2 2 1 0 0 2 1 2 2 1 2 1 2 0 0 2 0 0 0 1 0 0 0 0 1 2 1 2 0 0 2 0 0 0 1 1 1 2
1 0 1 1 1 1 0 0 2 0 0 2 2 1 2 2 2 1 1 0 1 2 2 1 0 2 0 2 1 1 2 0 1 0 2 0 2 0 0 1 0 1 0 2 2 0 2 2 2 1 0 0 1 2 2 2 2 2 1 2 0 0 2 2 1 1 0 1 1 1 1 2 0 1 2 0 0 1 0 0 0 2 1 1 2 0 1 0 0 2 2 0 0 1 0 2 1 1 0 0 2 1 0 0 1 2 2 1 2 2 2 2 2
0 1 2 0 2 0 0 1 2 1 2 0 2 1 2 0 2 0 2 1 1 1 0 0 0 2 0 0 1 2 1 1 0 0 1 2 1 0 1 0 2 0 0 1 2 1 1 2 1 1 0 2 0 1 0 0 0 1 2 1 0 0 2 2 1 1 1 2 1 1 2 0 2 0 2 2 1 1 1 2 1 2 2 1 0 0 0 0 2 2 2 0 2 1 2 1 0 2 0 0 0 0 1 2 0 1 1 0 0 0 0 1 2
0 1 2 1 1 0 0 1 2 1 1 1 1 2 0 1 2 0 1 2 2 1 0 1 1 0 2 2 2 1 2 2 2 2 1 0 1 2 1 0 0 0 2 2 2 0 0 2 0 2 2 0 1 0 2 0 1 1 2 0 2 2 0 0 2 2 0 1 1 0 1 0 0 1 2 1 1 0 0 2 2 0 0 1 1 2 2 2 1 2 1 1 2 2 1 2 2 0 0 0 1 2 0 2 1 1 0 1 1 2 0 1 2
1 1 0 0 0 0 2 0 1 1 0 1 0 0 0 0 1 1 1 1 0 2 2 1 2 0 0 1 2 1 1 0 0 1 2 1 0 1 2 1 0 0 0 1 1 0 2 2 0 2 0 0 1 0 2 0 2 2 0 1 1 1 1 0 1 0 1 1 0 1 0 1 2 1 2 0 1 0 0 2 2 1 2 0 1 2 1 0 2 1 1 1 1 1 1 2 2 0 1 0 2 1 2 2 2 2 0 2 2 0 1 1 1
2 2 1 2 1 2 2 2 2 1 1 0 0 1 0 1 2 1 0 2 1 0 2 0 0 1 1 2 1 2 1 1 0 2 1 1 0 0 1 2 1 0 0 1 2 1 0 2 2 1 2 0 2 1 1 0 1 0 2 0 2 1 2 2 1 0 1 2 1 0 1 0 1 2 0 0 1 0 0 1 2 2 2 2 2 1 0 1 1 0 1 1 2 1 2 2 1 1 1 0 1 1 1 0 0 2 2 2 0 2 1 0 0
1 2 0 2 0 1 1 1 0 0 0 1 2 2 2 1 2 1 0 0 2 2 0 2 1 1 2 1 2 2 2 0 0 2 0 1 1 2 0 1 2 1 0 0 1 0 2 0 2 0 1 2 2 0 1 1 1 0 1 0 1 0 1 2 1 2 0 0 1 1 2 0 0 2 1 2 0 0 1 2 2 2 1 1 2 0 1 0 1 0 1 0 1 0 0 2 2 1 0 0 0 0 2 0 0 1 1 2 2 0 1 1 2
1 0 0 2 2 1 1 2 0 1 1 0 2 1 1 1 2 2 1 0 1 0 1 1 1 0 0 1 2 2 1 1 0 1 1 1 0 2 1 1 2 2 2 1 2 0 2 1 0 2 0 2 2 1 0 1 2 1 0 2 1 1 2 0 1 1 2 2 1 0 0 0 1 0 0 0 1 0 2 2 2 2 2 2 1 1 0 1 0 0 1 2 0 0 0 1 1 2 0 2 0 1 1 1 1 2 2 0 2 2 2 0 2
0 2 1 1 0 2 1 1 1 1 1 2 1 0 0 1 0 1 2 2 0 0 1 2 0 1 1 0 1 1 0 2 2 1 0 0 2 1 1 1 0 1 1 2 1 2 1 0 1 1 2 1 1 1 0 2 0 0 0 2 2 1 1 1 0 1 2 0 0 1 2 0 0 0 1 2 0 2 2 2 0 0 0 2 1 2 0 2 2 0 1 1 2 2 1 0 1 0 0 2 2 0 0 0 0 1 0 2 1 0 1 2 0
2 0 0 1 0 2 1 1 2 1 2 1 2 2 1 0 0 1 1 1 1 1 2 1 1 1 2 2 0 0 0 0 0 1 2 0 1 1 2 1 0 1 0 2 1 1 0 2 2 1 1 2 0 0 0 1 0 2 1 0 2 2 1 0 1 2 1 2 1 1 0 1 0 1 1 2 0 1 2 0 0 0 0 1 1 0 0 2 0 2 0 1 2 2 1 0 2 0 1 0 2 2 1 2 1 2 2 2 2 2 0 0 0
0 1 2 0 1 1 1 1 2 2 0 0 2 2 2 2 0 0 2 0 2 1 2 2 2 1 2 2 2 2 0 2 0 0 0 2 2 1 1 0 2 2 0 1 1 0 1 2 1 0 0 1 2 0 1 1 1 1 1 1 0 2 1 0 2 1 2 1 0 1 2 0 2 2 1 0 1 2 1 0 0 2 2 0 2 1 2 1 2 0 2 2 0 0 2 2 2 0 2 0 2 1 1 1 2 0 0 1 1 2 1 1 1
1 1 0 2 1 2 2 2 2 1 1 2 2 0 2 0 0 2 0 0 1 2 0 2 0 1 1 2 2 0 0 0 2 1 1 1 0 0 1 0 2 2 2 2 1 2 2 2 2 0 2 1 0 2 1 0 1 2 2 1 2 2 2 2 1 1 1 2 1 1 2 2 1 2 1 2 1 1 0 0 2 0 2 2 1 0 2 2 0 2 1 1 1 2 1 0 0 1 2 0 2 2 2 0 1 0 1 0 2 2 0 2 2
1 1 0 1 1 0 0 0 2 2 2 1 0 2 2 1 2 2 1 1 2 0 0 0 2 0 0 1 2 0 0 0 0 1 2 1 2 0 0 2 2 2 1 0 0 0 2 0 0 2 0 2 2 0 2 1 2 0 2 2 1 0 0 1 2 2 0 2 0 0 2 2 1 0 0 2 1 1 0 2 0 0 1 2 2 1 1 2 0 1 1 2 1 1 0 1 1 1 1 2 0 0 2 1 1 0 1 2 1 1 1 1 0
0 0 0 0 2 2 0 0 1 2 2 0 0 1 1 1 2 1 1 1 1 0 2 2 2 0 1 1 1 0 2 0 2 2 1 1 2 1 2 1 1 1 1 2 0 0 0 2 2 0 1 1 1 1 1 1 1 0 0 0 0 2 1 2 2 2 1 2 1 0 0 2 2 1 1 2 1 0 2 1 1 2 2 2 0 1 0 2 1 1 2 2 0 1 1 0 0 0 2 2 1 2 2 0 0 2 0 0 0 1 2 2 0
2 1 1 1 0 0 0 1 2 2 0 1 2 0 0 2 0 0 1 0 0 2 2 2 0 2 0 2 2 2 2 1 2 0 0 2 1 1 1 0 1 1 0 1 0 0 1 1 0 0 1 0 0 1 1 1 0 2 0 0 2 0 0 1 1 1 1 2 0 2 0 2 2 1 0 2 1 2 1 2 0 2 0 1 1 2 2 2 2 0 1 1 1 1 0 0 2 1 2 1 1 0 0 0 1 1 0 0 2 1 2 2 2
1 1 1 0 1 1 2 2 2 1 0 1 1 0 2 0 1 0 2 1 0 2 0 2 0 1 1 2 1 2 1 0 0 2 0 2 1 1 1 0 0 0 0 0 1 2 0 2 2 0 1 2 0 2 2 1 0 2 0 2 1 0 2 1 2 1 2 1 0 0 0 0 0 0 1 0 2 2 2 1 2 1 1 0 1 0 2 0 2 1 2 1 1 0 1 1 2 0 1 0 1 1 0 0 1 0 0 1 2 2 2 2 2
1 1 0 2 0 0 0 1 1 1 0 1 2 0 1 0 1 1 2 2 2 2 1 2 2 2 2 2 2 2 1 1 1 0 0 1 0 0 1 1 0 2 0 0 2 1 1 0 0 1 0 0 1 2 0 1 2 0 0 2 0 0 0 1 0 1 0 1 2 1 0 2 2 1 1 2 0 2 0 1 1 1 1 2 1 2 0 1 0 1 1 0 2 1 1 2 0 2 2 1 2 0 0 1 1 2 0 2 2 1 1 0 1
0 2 2 0 0 1 0 2 2 0 1 1 2 2 2 2 1 0 1 2 2 2 0 1 0 1 1 2 2 1 0 0 2 0 1 2 1 1 2 1 0 1 0 2 1 0 2 0 1 0 2 0 0 0 2 1 1 0 1 1 0 2 2 2 2 1 2 1 2 2 0 2 1 1 0 2 2 2 0 1 1 2 1 1 0 1 0 2 0 2 1 0 1 1 0 1 2 0 0 0 2 1 0 1 0 0 0 2 1 1 0 2 0
2 1 2 1 2 2 1 2 0 1 1 0 2 2 2 0 0 0 0 2 1 2 2 2 0 2 0 2 0 0 0 0 2 2 1 2 1 0 2 0 2 0 0 2 1 0 2 1 1 0 0 0 2 0 0 0 2 2 0 0 2 0 0 2 0 2 2 1 0 2 1 2 2 2 2 1 0 2 0 1 0 0 2 2 2 2 0 2 1 0 0 2 2 1 2 2 1 2 1 1 2 1 2 2 0 1 1 0 1 1 2 1 2
1 1 1 2 0 1 1 1 1 0 0 2 1 2 2 0 1 0 2 2 2 1 0 2 0 1 0 1 0 2 1 0 0 0 0 1 1 1 0 0 0 0 1 1 0 0 2 2 0 2 2 1 1 2 0 2 1 1 0 2 0 2 0 1 0 0 0 1 2 0 0 0 0 1 2 1 1 1 1 2 0 0 0 0 1 1 2 2 2 0 2 0 0 2 2 1 0 0 0 1 0 0 1 1 1 1 1 2 0 2 0 2 1
0 2 2 0 2 2 0 2 2 2 0 2 1 1 1 1 2 2 2 0 1 0 2 0 1 2 2 2 2 1 0 1 1 0 1 0 2 2 2 1 1 0 2 0 2 0 2 2 0 1 0 2 0 2 1 2 1 0 1 2 1 1 0 2 1 2 0 2 1 2 0 1 0 0 1 0 1 1 2 2 2 2 2 0 2 0 0 2 1 1 1 2 1 1 2 0 1 2 2 2 2 1 1 0 1 0 1 1 2 1 0 2 2
2 0 1 0 0 1 1 2 2 1 1 1 1 0 0 0 2 1 1 1 2 2 1 2 0 2 2 1 2 2 0 0 2 0 1 0 1 0 2 2 1 2 1 1 2 2 2 2 0 0 1 2 2 0 0 0 0 2 0 2 1 1 0 1 1 2 1 1 0 2 1 2 1 2 0 1 1 0 0 2 1 2 2 1 0 0 2 0 2 2 1 2 1 1 0 0 1 2 1 2 1 2 2 0 0 0 1 2 0 2 2 2 0
2 1 0 2 0 2 2 0 0 1 2 2 0 2 2 2 2 1 1 2 0 2 2 1 1 2 2 0 2 2 1 1 0 0 1 1 2 0 2 2 0 1 2 0 0 1 0 0 0 2 0 1 1 2 2 2 2 0 0 2 2 2 0 0 2 2 2 1 1 2 1 1 0 0 2 1 2 0 2 2 2 0 0 0 2 1 0 0 2 0 2 1 2 1 2 2 1 1 0 2 1 1 1 1 2 0 1 2 1 1 1 0 1
2 1 1 1 1 2 0 0 0 0 2 1 2 0 0 2 0 0 0 0 1 0 0 0 2 2 1 0 1 0 2 0 1 1 0 1 1 0 1 2 1 1 1 1 2 1 1 0 1 1 1 1 2 1 2 1 0 0 2 1 1 2 2 1 1 2 2 0 1 1 2 2 0 0 1 0 2 0 1 1 2 2 0 2 0 2 2 1 0 1 2 2 2 1 0 1 2 0 2 1 1 2 0 2 2 0 0 2 0 1 1 0 0
1 0 1 1 0 2 2 1 2 1 1 2 2 2 1 2 1 2 1 0 0 1 0 0 2 0 2 1 1 2 0 1 0 1 2 0 2 1 0 1 0 1 0 0 2 1 2 0 1 1 2 2 1 2 0 0 0 2 2 0 0 2 1 0 1 0 2 0 0 0 2 1 1 0 2 0 2 2 2 1 2 1 1 0 1 2 1 2 0 0 0 0 0 1 1 2 2 1 2 0 1 1 2 1 2 1 2 2 1 1 1 0 0
0 0 0 2 1 0 0 2 0 1 2 2 1 1 1 2 1 2 2 0 2 0 1 1 2 0 2 2 2 0 2 0 0 2 0 0 2 1 0 0 2 2 2 1 1 2 1 0 2 0 1 1 1 2 2 0 0 2 0 0 2 0 0 1 0 1 2 1 2 2 2 2 1 2 1 0 1 0 1 0 1 0 1 2 0 1 0 1 0 1 2 1 2 0 0 0 1 2 2 1 1 2 1 0 1 0 0 2 0 2 0 1 2
2 1 0 0 1 0 1 0 2 2 0 0 0 1 2 2 1 0 0 0 1 0 2 2 1 1 2 0 2 1 1 1 2 1 2 2 1 1 2 1 1 1 2 2 2 2 1 0 2 0 2 2 0 1 1 2 1 2 0 0 0 1 0 0 1 2 2 0 0 2 0 0 0 0 0 0 2 2 2 2 2 2 2 1 0 1 0 1 0 1 0 1 0 0 1 2 2 1 0 1 2 0 2 0 1 0 2 1 2 2 1 0 1
0 1 1 2 1 1 0 0 2 2 0 0 1 0 2 1 1 1 0 2 1 1 1 1 0 2 1 2 1 2 1 0 0 0 2 1 2 0 2 2 0 0 2 1 1 2 0 0 2 0 0 0 0 2 0 0 2 2 1 2 1 2 2 1 0 1 0 0 2 2 2 2 0 1 2 2 1 2 0 1 1 0 1 1 0 1 2 1 0 0 0 1 1 2 0 1 0 0 0 1 0 2 1 0 2 0 0 1 1 1 2 2 2
0 1 1 0 1 2 1 2 2 1 1 2 1 0 2 2 0 1 0 1 0 0 0 1 2 2 2 0 1 2 0 2 1 1 2 0 0 2 0 0 0 1 2 1 2 0 1 0 1 1 2 1 0 0 1 2 2 0 0 0 1 0 2 2 2 0 2 0 2 0 1 2 1 0 1 2 0 0 2 0 1 2 2 2 2 0 1 1 1 2 1 0 0 1 2 0 1 0 0 0 0 2 0 0 0 2 2 1 2 2 1 1 1
2 1 1 2 0 2 1 0 1 1 0 2 2 1 1 0 2 2 1 2 0 1 0 2 1 1 1 1 1 0 0 0 1 1 2 2 1 2 2 2 0 0 2 0 2 1 0 1 0 2 0 0 1 0 0 1 0 2 0 1 0 1 2 1 0 2 1 2 1 1 1 0 2 1 0 1 2 2 1 1 2 1 2 1 0 0 0 0 2 1 2 2 0 1 2 0 0 1 2 0 0 2 0 0 0 1 2 1 1 0 2 1 2
2 1 2 2 1 2 2 2 2 2 2 0 1 1 2 1 0 2 1 0 0 1 1 2 1 0 2 2 0 0 2 2 1 2 2 1 0 2 1 2 2 2 0 2 0 0 0 1 0 1 2 1 0 1 0 0 1 0 2 2 2 2 1 0 2 1 2 2 1 1 2 1 0 0 0 1 0 1 2 1 0 1 2 0 2 1 1 1 1 1 0 0 1 0 2 0 1 1 0 0 0 0 2 1 1 0 2 2 1 2 1 1 1
1 1 2 2 0 0 1 2 2 0 0 2 2 2 1 1 0 2 2 0 1 0 0 2 1 0 0 0 1 1 1 2 1 1 2 2 0 1 1 2 1 2 2 1 1 1 0 2 2 2 0 1 1 1 1 0 1 1 0 0 0 2 0 2 1 0 1 1 2 0 1 1 2 1 2 2 2 2 2 1 0 0 0 2 2 1 2 0 0 0 0 1 0 1 0 1 2 1 0 2 1 2 0 2 0 0 1 1 0 0 0 1 0
1 0 2 2 0 1 1 1 1 2 2 0 0 0 0 1 2 2 1 1 0 0 0 0 2 1 1 0 1 2 1 0 1 2 0 2 0 2 1 2 2 0 1 0 1 1 1 0 2 0 0 2 1 0 0 0 2 2 0 1 1 2 2 0 1 1 0 1 0 1 0 0 1 2 0 0 1 0 2 1 0 2 0 2 0 1 2 0 1 1 1 1 0 2 1 2 0 1 1 1 0 1 2 2 2 2 0 0 0 2 2 1 2
2 1 0 2 1 0 0 2 1 2 0 0 1 2 1 0 0 0 2 0 0 1 2 0 2 0 1 1 2 0 1 2 1 1 1 2 1 0 2 1 2 0 2 1 0 2 2 1 2 1 2 0 0 1 0 0 2 1 2 2 1 1 2 0 0 1 0 0 2 0 1 2 0 1 1 1 0 0 0 0 2 0 0 0 0 1 1 2 0 0 2 2 2 2 2 1 0 0 1 0 0 0 0 2 1 1 0 2 0 1 2 2 2
0 0 2 2 2 2 2 1 1 2 0 0 0 1 2 0 0 2 2 0 2 1 2 1 2 2 1 1 2 2 0 0 0 0 2 0 2 0 1 1 2 2 2 2 2 1 1 2 1 1 1 0 2 1 0 1 0 1 0 2 0 1 0 2 1 0 2 1 0 1 0 0 0 0 0 0 2 2 0 1 0 2 0 2 0 0 2 0 1 0 0 0 2 1 2 0 2 2 2 2 0 2 0 1 1 1 2 1 0 0 2 2 2
2 2 2 2 1 0 2 2 0 0 2 2 2 2 1 1 0 1 2 0 2 0 1 1 0 2 1 0 2 1 2 2 1 2 2 0 2 2 0 0 2 2 0 1 2 2 0 2 0 0 2 2 0 2 0 2 1 0 2 1 1 0 1 2 2 1 0 0 0 0 1 2 0 1 1 0 0 2 0 0 2 0 1 0 2 2 2 2 2 2 0 2 0 2 2 0 0 0 0 0 1 1 0 2 2 1 0 0 0 1 2 0 2
1 1 0 0 1 2 1 1 0 0 1 0 2 2 1 0 2 2 2 2 0 2 1 2 0 0 0 1 2 1 0 0 0 1 1 1 0 2 0 2 0 2 2 1 1 0 2 2 0 1 1 1 1 0 1 1 0 1 0 0 0 1 1 1 0 1 1 0 0 2 0 2 1 2 0 1 1 2 1 2 0 2 0 2 0 2 0 2 2 1 0 2 2 2 2 2 1 0 1 1 2 1 0 1 2 1 2 1 0 0 0 1 0
2 0 1 1 1 1 0 2 1 1 0 1 1 0 2 1 1 2 1 1 0 2 1 2 0 2 2 1 0 1 2 0 2 1 0 2 2 1 1 0 2 2 2 0 0 2 2 2 1 1 1 2 1 2 2 2 2 1 0 1 0 0 1 1 1 1 0 1 0 2 2 0 2 2 2 0 2 2 2 1 1 1 1 0 0 0 2 1 1 0 2 0 1 1 1 2 0 2 2 1 1 2 1 1 1 1 1 1 1 1 2 2 0
1 0 0 1 2 2 1 2 1 1 1 1 0 2 1 0 1 0 1 0 1 0 2 1 2 0 2 0 0 2 0 2 2 2 1 2 2 2 2 2 1 1 0 2 0 1 2 1 2 1 1 1 2 0 2 2 1 2 0 2 1 2 2 1 2 0 0 1 0 0 0 1 2 0 1 2 2 0 0 1 2 2 0 2 0 2 1 1 0 2 1 1 1 0 1 0 1 1 2 1 2 2 0 2 1 1 1 1 2 2 0 1 1
1 1 1 1 2 1 1 0 2 1 1 0 2 2 1 1 1 2 2 1 2 1 0 1 0 2 0 2 0 2 2 1 1 1 0 1 2 2 1 2 1 0 2 0 0 0 2 2 2 1 0 2 0 2 0 1 1 1 1 1 1 0 0 0 0 0 1 2 0 1 2 1 2 1 2 2 0 2 1 0 1 2 0 2 1 1 0 0 0 0 1 1 1 2 2 1 1 0 2 1 2 1 1 1 0 1 1 0 1 2 1 0 0
2 2 1 0 1 2 0 1 1 2 2 1 1 2 2 0 1 1 0 2 0 2 0 2 0 2 1 1 1 1 1 0 2 0 0 0 0 2 1 2 2 1 1 1 0 1 2 1 2 2 1 1 2 2 1 1 2 2 2 0 1 1 0 1 2 1 1 0 0 0 0 0 1 1 2 0 2 2 1 2 1 1 0 1 1 1 0 0 1 0 0 0 1 1 1 0 2 0 1 1 0 1 2 2 0 2 0 2 1 2 0 2 1
1 1 2 0 1 2 2 1 0 0 0 1 2 2 0 2 0 2 0 0 1 0 0 1 1 1 2 1 2 0 2 0 1 1 0 1 1 0 0 1 1 2 2 0 1 0 0 2 0 0 0 2 2 2 1 0 1 1 1 0 1 1 0 0 2 2 2 1 2 0 2 1 2 1 2 1 2 0 1 2 1 2 0 0 1 2 1 2 0 0 2 2 1 0 0 1 0 0 2 0 0 1 2 0 0 2 1 0 2 0 0 1 0
1 2 1 0 1 2 2 2 1 2 1 2 2 0 0 2 0 1 0 0 0 0 0 2 0 1 2 0 0 2 1 1 2 1 0 0 0 2 0 2 1 2 0 1 2 0 1 0 1 1 0 0 0 2 0 0 0 1 1 0 0 0 0 2 2 0 2 2 0 1 2 2 0 2 0 0 0 1 0 2 0 1 2 0 1 0 1 1 1 0 0 1 1 0 1 0 1 1 0 1 2 2 0 2 0 1 2 0 0 1 2 0 0
0 2 1 0 0 0 1 1 0 0 0 1 1 0 0 2 1 2 0 2 2 2 2 1 0 0 1 1 0 0 1 0 0 2 1 0 2 0 2 1 0 0 0 2 2 1 0 0 0 0 0 1 2 0 2 2 1 2 1 2 0 2 0 0 2 0 1 0 0 1 2 1 2 2 0 1 0 0 1 2 1 0 1 1 0 1 1 0 0 0 0 1 0 0 1 1 1 1 1 2 2 0 0 1 0 1 2 2 0 2 1 1 2
2 0 0 0 0 1 2 0 1 0 1 0 0 0 1 1 1 0 0 2 1 0 1 1 2 0 2 1 1 1 1 1 2 0 1 2 1 1 0 0 2 2 1 0 0 2 2 2 0 0 0 2 0 1 0 0 1 2 2 0 2 2 1 2 0 0 1 2 2 2 0 2 2 1 0 0 1 2 1 2 2 1 1 0 0 0 1 1 0 1 2 2 1 0 1 1 1 0 1 0 0 1 0 1 0 0 1 2 2 2 2 0 1
1 0 1 1 2 0 0 0 0 0 2 0 0 1 0 1 2 0 0 2 2 1 0 2 0 0 0 1 2 0 0 0 1 0 0 0 0 1 1 1 2 1 2 2 0 0 2 0 1 2 0 1 1 0 0 2 1 0 1 0 0 2 2 2 2 0 2 0 1 2 2 0 0 0 1 1 0 0 2 2 0 0 0 2 2 1 2 0 2 1 1 1 1 1 0 0 1 1 1 2 0 2 0 1 2 1 0 2 2 0 2 0 0
0 2 2 2 0 0 2 1 2 1 2 0 1 0 1 0 2 1 0 1 2 2 0 2 0 1 1 0 1 0 1 1 0 1 1 0 2 1 2 2 2 1 0 1 2 2 2 0 0 0 1 0 0 0 2 0 1 2 1 0 2 0 1 2 2 0 1 2 1 0 1 1 0 2 1 0 1 1 0 2 1 0 2 0 0 2 1 2 1 0 2 1 0 1 1 0 2 2 2 1 1 1 0 1 0 1 1 1 2 0 0 1 0
0 1 1 0 0 0 1 1 0 0 1 1 2 2 0 2 1 2 0 0 0 1 0 1 1 1 1 2 2 2 2 0 2 0 1 0 1 0 1 1 1 0 0 0 2 1 2 1 1 1 1 1 2 1 0 1 0 2 0 0 2 0 0 1 1 1 1 2 0 0 1 1 0 2 2 0 1 2 1 0 0 0 2 1 2 2 2 0 2 1 0 1 1 2 0 0 1 2 0 1 1 0 2 2 0 2 0 2 2 2 2 2 1
1 1 0 1 1 1 0 0 2 2 2 1 2 0 1 0 1 2 1 2 0 0 2 2 1 1 2 1 1 2 2 0 0 0 2 2 1 0 0 2 2 0 0 0 1 2 0 0 2 2 2 0 0 2 0 2 1 0 1 2 0 1 0 1 1 2 2 1 0 0 0 0 1 1 1 0 1 2 0 1 1 0 2 1 2 2 1 1 0 0 1 1 1 0 1 1 0 1 0 1 1 1 2 0 2 0 0 1 2 0 2 1 1
2 0 2 2 2 1 0 0 0 0 2 0 1 1 1 2 2 0 0 0 0 1 0 0 2 2 0 0 2 1 2 2 2 1 2 1 0 0 0 1 0 2 1 1 1 0 1 0 1 2 1 1 1 1 1 1 1 2 2 2 1 1 2 1 1 1 0 2 1 0 0 0 0 0 1 1 0 0 2 2 0 1 0 1 0 0 0 2 0 2 2 2 2 1 1 1 0 1 0 0 0 2 0 0 2 1 0 0 2 2 0 0 1
2 0 2 2 0 2 0 1 2 2 1 0 0 2 2 0 0 2 0 2 2 0 1 1 1 0 2 2 0 2 1 2 2 0 2 1 0 0 2 2 0 0 1 1 0 0 2 1 0 0 1 0 0 0 2 0 0 1 2 2 2 0 1 1 1 1 2 1 1 2 2 1 2 0 0 0 1 2 2 2 2 1 2 1 1 1 1 0 1 1 2 0 1 1 1 2 2 2 1 0 1 0 0 2 1 0 2 0 1 1 2 1 0
2 0 2 1 2 0 2 0 0 0 2 1 2 1 2 1 1 2 1 1 0 1 1 1 0 1 0 0 2 1 0 1 0 0 0 2 1 0 1 1 0 0 1 0 0 0 2 1 0 0 0 1 2 1 0 0 1 1 1 0 0 2 2 0 0 0 1 2 0 2 2 1 0 0 2 1 1 1 2 2 0 1 1 2 0 1 0 1 0 2 2 1 2 2 1 0 0 2 2 0 2 1 2 1 2 1 2 1 1 2 1 1 1
0 1 1 0 2 0 0 1 0 1 1 0 0 1 0 0 1 2 1 0 2 2 0 1 1 2 0 1 1 2 2 2 0 2 2 0 0 2 0 0 1 1 1 2 1 2 2 2 1 1 0 1 0 1 0 0 1 0 2 2 2 2 1 0 2 1 2 2 1 2 2 2 1 1 1 2 1 1 2 2 0 1 1 1 2 1 1 1 2 1 1 2 1 0 1 0 2 0 2 1 0 2 1 2 1 0 0 0 1 0 0 2 1
2 1 2 1 0 0 1 1 2 1 0 1 2 0 1 0 0 2 0 1 0 1 0 0 1 0 2 1 0 2 0 2 1 2 2 1 0 1 0 0 2 1 1 0 2 2 0 0 1 2 1 2 0 1 0 1 2 2 2 0 2 0 0 0 0 2 2 1 0 0 2 1 1 0 1 1 0 1 0 1 0 1 1 1 1 1 2 0 1 0 1 1 1 2 2 2 2 2 1 0 0 0 1 2 1 0 1 1 1 1 0 0 1
2 2 0 0 2 1 2 0 0 1 1 0 1 1 2 0 0 0 1 1 1 1 0 2 0 1 2 0 2 0 2 1 2 2 2 2 1 2 2 1 0 2 2 1 1 2 0 0 2 2 2 2 1 0 1 2 1 0 2 2 0 1 0 1 1 0 0 0 0 0 2 0 0 2 0 2 2 1 2 1 0 2 1 2 2 1 1 1 2 2 0 1 1 2 2 0 0 2 1 0 0 1 0 0 0 0 1 0 2 0 2 0 0
1 2 2 2 2 2 2 1 0 1 0 0 0 0 0 2 2 0 1 1 1 2 2 2 0 0 2 1 0 2 1 1 0 2 2 0 2 2 1 0 0 2 1 0 0 1 0 0 2 1 1 1 2 1 1 2 1 0 0 1 1 0 0 2 0 2 2 0 1 1 0 2 0 1 0 1 1 1 2 0 0 1 2 2 2 0 2 1 2 0 0 1 1 1 0 2 1 2 2 0 1 0 0 1 2 1 1 0 2 1 1 0 2
0 1 2 2 1 1 1 1 2 2 1 1 2 0 2 2 0 0 1 1 1 0 1 2 1 2 2 2 1 0 0 0 1 0 2 2 1 0 2 1 0 1 2 0 1 2 0 2 0 1 1 1 1 0 1 1 0 1 1 1 2 1 2 1 1 1 2 1 2 2 2 2 0 2 0 1 2 0 2 2 2 0 2 2 0 0 0 1 2 2 0 1 2 0 0 1 2 2 2 2 1 0 0 1 0 0 1 2 2 0 2 1 1
1 0 0 2 1 1 2 2 1 1 1 2 1 0 2 1 1 1 2 1 2 2 1 0 0 1 2 1 0 0 2 0 2 2 0 0 1 2 0 0 1 1 0 2 0 0 1 1 0 1 2 2 0 1 0 1 0 2 2 0 1 2 1 1 2 1 1 1 1 0 2 2 1 1 0 1 1 1 0 1 0 0 1 0 1 1 2 1 2 1 0 1 2 1 2 1 1 1 0 2 1 2 2 1 0 2 0 0 0 1 1 2 1
0 2 1 0 0 2 0 2 0 1 1 0 1 2 1 2 0 0 2 1 0 0 1 2 0 1 1 2 1 0 1 2 0 2 2 1 2 2 1 0 1 2 0 2 0 1 0 0 2 2 1 0 2 1 0 0 0 1 0 2 2 2 2 1 1 1 2 0 2 0 1 1 1 2 1 1 0 1 1 0 0 1 0 0 0 1 1 0 0 1 0 0 1 2 2 2 1 2 1 1 0 0 0 1 0 1 2 1 0 2 1 1 1
2 2 1 1 0 2 2 0 2 0 1 2 0 2 2 0 1 0 0 1 0 2 1 2 2 1 2 2 0 1 0 1 0 2 0 1 2 2 1 2 0 2 2 0 2 1 0 0 2 2 2 0 2 1 0 2 2 0 2 0 1 0 1 2 0 1 1 2 1 2 1 2 2 1 1 2 0 1 2 0 1 2 1 0 2 1 0 1 2 0 2 2 0 1 2 0 0 1 0 2 0 0 2 0 1 0 0 0 2 0 1 1 0
0 2 2 2 0 2 2 0 1 2 2 1 2 0 1 0 1 2 1 1 1 2 0 1 0 1 1 1 2 0 1 2 1 1 2 1 1 2 0 0 2 0 1 1 0 1 2 1 0 1 0 1 0 2 0 0 0 2 1 1 0 1 0 1 0 0 0 1 2 1 1 1 1 0 0 2 2 0 1 2 1 0 1 0 0 1 0 1 0 0 2 1 2 0 2 2 1 0 0 1 2 2 0 1 0 1 1 2 2 2 1 2 0
2 2 0 1 0 2 0 0 1 1 2 2 1 2 1 2 0 0 1 0 0 0 0 2 1 1 0 1 0 2 2 1 1 0 2 1 0 0 0 1 2 0 2 1 0 1 1 0 2 2 1 2 1 0 0 2 1 0 1 2 0 1 0 1 2 1 0 2 1 0 1 0 2 1 1 2 2 0 0 1 0 0 2 2 0 0 1 2 1 1 1 1 2 0 2 2 1 0 1 0 1 0 2 1 2 1 1 2 2 1 2 0 2
2 2 2 2 0 2 0 2 2 1 1 2 1 0 1 1 2 1 0 1 1 1 0 0 0 0 2 2 2 2 1 1 1 2 0 2 1 1 2 0 0 1 0 2 0 1 2 0 1 0 1 2 0 1 2 0 2 1 0 2 1 2 1 2 2 2 0 0 1 2 2 2 1 2 2 1 2 2 2 0 2 0 0 2 0 1 0 2 2 0 2 2 0 0 1 2 1 2 1 0 1 1 2 0 0 2 2 2 1 1 0 1 0
2 0 0 0 1 0 0 0 2 2 0 1 2 1 2 1 2 2 0 0 2 1 1 2 1 2 0 0 0 2 1 2 1 1 2 2 2 0 2 1 2 1 0 2 2 2 1 2 2 2 0 2 0 1 1 1 1 2 2 2 2 1 2 0 2 2 0 2 0 0 2 0 2 2 0 1 0 1 0 2 0 0 2 1 2 1 0 1 1 1 1 1 2 0 2 0 2 2 2 0 0 1 1 2 2 2 1 2 0 1 2 1 2
0 2 2 1 2 1 0 1 2 1 1 0 0 1 0 1 1 1 1 1 2 2 0 2 0 0 2 0 0 0 2 0 0 2 2 1 0 0 2 0 2 0 1 0 2 2 1 2 1 1 0 1 0 1 1 0 1 1 0 2 2 1 0 0 0 0 1 2 0 0 0 0 2 2 1 2 1 0 1 0 1 2 2 2 0 0 0 2 2 1 0 2 0 0 0 1 1 2 1 2 2 1 0 2 1 2 0 0 2 2 1 2 2
1 1 0 2 2 1 2 2 1 2 2 2 2 1 0 1 0 0 2 2 0 2 1 0 2 2 0 2 2 0 2 0 1 0 0 1 1 0 1 0 2 0 2 0 0 0 2 0 1 2 0 2 2 2 0 2 2 1 1 1 1 1 1 0 2 2 2 0 0 0 2 0 2 1 0 2 0 1 2 2 0 0 2 2 2 0 2 2 1 1 0 0 1 0 1 0 0 1 1 0 2 0 1 1 0 2 1 1 0 0 1 1 1
0 1 1 1 1 1 0 0 2 2 1 0 1 2 0 2 1 1 2 2 0 1 2 0 2 1 1 1 2 0 2 0 1 1 2 0 0 2 0 0 2 0 0 0 2 1 0 1 0 2 1 0 1 1 1 0 1 2 2 0 2 2 1 1 0 0 2 1 1 1 1 0 1 1 1 1 0 2 1 1 1 0 2 0 2 1 2 0 1 1 1 2 0 0 1 2 1 1 0 0 2 2 1 1 1 0 0 0 2 1 1 2 2
1 0 2 2 2 2 1 1 1 1 2 2 2 2 1 0 0 2 0 0 0 1 2 2 0 0 2 2 2 2 2 0 0 1 1 2 1 0 1 1 1 2 0 0 1 2 2 2 2 2 2 2 2 0 2 0 0 2 2 0 1 1 1 2 2 2 2 2 0 1 0 1 0 1 2 0 0 2 2 2 0 0 2 0 0 0 0 1 0 2 2 1 1 0 1 1 0 1 0 1 0 1 2 1 2 2 2 0 2 1 0 2 1
1 2 2 1 2 1 1 2 0 0 0 1 2 0 2 1 1 0 2 0 0 1 0 0 0 1 2 1 2 2 1 0 2 0 1 1 2 0 2 0 2 0 2 1 0 1 0 0 2 2 1 0 1 1 1 1 0 1 0 0 1 1 0 0 0 0 0 0 1 2 1 0 2 0 2 1 0 0 1 0 0 2 1 1 1 0 2 2 1 0 2 0 0 0 1 0 0 2 1 0 2 2 0 1 1 0 0 2 1 1 2 1 1
1 2 0 2 2 0 2 1 0 2 1 0 1 2 2 0 0 2 2 1 0 2 0 2 2 2 0 2 2 2 1 2 2 2 2 0 2 1 1 2 1 2 1 0 2 0 2 2 0 2 1 0 1 1 2 2 1 0 2 1 0 0 1 2 0 0 0 0 2 1 1 1 1 2 2 0 0 1 1 0 2 2 1 1 2 2 0 0 0 0 1 0 1 0 0 2 1 1 0 1 0 1 0 2 1 0 0 1 0 1 2 2 2
1 0 1 0 2 1 1 2 1 1 1 1 2 0 0 0 2 2 2 0 0 1 2 1 2 0 1 1 0 0 0 2 1 2 0 0 0 1 0 1 2 1 1 2 0 2 1 2 2 0 0 0 2 2 1 1 1 0 0 2 1 1 2 0 0 2 1 2 0 1 1 0 1 0 0 2 0 1 2 0 1 2 0 1 0 0 0 2 1 1 1 0 0 1 1 1 0 2 0 1 2 0 2 1 0 2 1 0 1 0 1 0 2
2 2 2 0 0 2 1 2 0 2 0 2 1 2 0 2 0 1 1 0 1 0 2 1 1 2 0 1 2 1 1 1 1 2 2 1 1 0 1 0 0 1 2 2 1 0 1 0 2 0 1 1 0 0 0 2 1 1 0 0 2 0 2 1 2 1 0 0 1 2 1 2 1 1 2 0 2 0 0 1 1 2 0 2 0 0 2 1 1 0 2 2 0 1 0 0 2 0 2 2 1 0 1 2 2 1 0 1 0 2 0 1 2
0 1 2 2 0 2 1 1 1 0 2 1 0 0 0 2 0 2 0 0 2 0 0 0 1 2 1 0 0 2 2 2 2 0 1 2 2 2 1 1 0 2 2 1 0 1 1 0 0 2 1 0 0 1 2 2 2 0 0 2 1 0 1 0 1 0 2 1 0 2 0 1 1 0 0 1 1 2 2 2 2 0 1 0 0 0 2 2 0 2 2 2 0 2 2 2 2 0 0 0 2 1 2 1 2 0 0 1 0 2 1 2 0
2 2 0 0 2 0 1 2 0 0 0 2 1 0 2 1 1 0 0 2 0 1 1 0 1 0 1 1 2 1 1 1 0 0 2 0 0 1 0 1 2 1 1 0 2 1 1 1 2 2 1 2 1 1 1 2 1 2 1 0 0 1 0 2 1 0 0 2 1 1 1 1 0 2 2 0 1 1 2 1 1 0 2 2 1 1 0 0 0 1 1 2 0 1 2 1 1 0 1 0 2 2 2 2 2 2 0 2 0 2 1 1 0
1 2 1 2 2 2 1 1 2 1 2 1 1 0 1 1 2 1 1 2 1 0 0 0 1 2 1 0 1 0 1 0 2 1 0 1 0 1 1 0 0 0 2 1 1 0 0 1 2 2 0 1 0 0 1 2 0 2 0 2 0 2 0 0 1 0 2 1 0 0 0 1 1 2 1 2 2 1 0 1 2 2 2 0 2 2 2 1 2 0 1 0 0 1 1 1 2 1 1 0 2 1 2 0 1 0 0 0 2 2 2 1 1
0 1 1 0 1 0 2 2 1 0 0 0 1 0 0 0 1 1 2 0 0 0 1 1 0 2 2 2 1 0 1 2 0 1 2 1 1 2 1 1 0 0 1 1 0 1 2 1 1 1 1 1 1 2 1 2 1 0 0 0 1 1 1 1 0 0 1 0 0 2 1 0 2 2 2 2 2 1 1 0 0 0 2 1 0 0 2 2 1 2 0 0 1 2 1 2 2 2 2 0 0 0 1 0 2 2 1 2 0 2 2 1 1
0 0 1 0 2 1 0 2 2 0 1 1 2 1 1 0 0 2 0 1 1 0 1 0 1 1 1 2 1 0 0 1 1 2 0 1 0 0 1 0 0 0 1 0 1 0 0 2 2 1 0 1 2 2 2 1 0 1 1 2 1 2 1 0 2 1 0 2 1 1 1 2 2 2 0 0 0 0 0 1 2 0 0 2 2 0 1 1 2 1 1 0 0 2 2 2 1 2 0 0 1 1 0 0 0 1 1 2 2 1 0 2 2
1 1 2 1 1 0 0 2 2 2 2 2 1 2 1 0 0 2 1 1 2 2 2 0 0 1 0 1 2 2 0 1 2 0 0 1 1 1 0 0 1 0 0 2 0 2 0 0 2 2 1 2 1 1 0 1 2 1 0 0 1 1 2 1 1 2 2 0 1 2 2 2 1 0 2 1 0 0 2 0 2 0 2 0 2 0 2 0 1 0 0 1 2 2 2 1 1 2 2 1 2 1 0 0 0 1 2 0 1 2 1 1 2
0 2 2 2 0 0 0 0 0 2 0 0 2 2 2 2 2 0 2 2 2 1 2 0 0 0 1 2 1 0 2 2 0 2 1 1 2 0 1 0 2 2 0 2 2 0 2 2 0 2 1 2 0 0 0 1 1 0 1 2 0 1 2 1 1 1 2 1 1 2 2 1 1 0 1 2 0 1 1 2 1 0 2 2 1 1 0 2 1 2 2 1 1 1 0 0 2 0 1 1 2 1 0 2 2 2 1 0 1 0 0 0 0
1 2 1 2 1 1 0 0 0 1 1 1 2 1 2 1 1 1 0 2 2 0 1 1 1 0 0 1 0 1 2 1 0 0 0 1 1 0 2 2 0 1 2 0 1 2 1 2 0 0 1 0 1 1 2 0 1 0 2 1 1 0 1 2 1 1 1 1 0 0 0 1 0 2 1 1 2 1 0 0 1 2 1 2 0 0 0 2 1 1 1 2 1 0 2 0 1 1 1 2 2 2 0 2 2 2 1 2 1 2 0 2 2
2 2 2 2 1 2 1 0 1 2 2 2 2 2 0 0 1 1 0 0 1 0 0 1 2 0 2 1 1 2 1 0 0 2 1 1 2 0 1 0 2 0 0 0 2 0 0 1 2 1 2 2 0 0 1 2 1 1 1 0 1 0 0 1 0 2 0 2 0 2 0 2 2 0 0 0 1 1 2 1 0 2 0 0 0 1 0 1 0 2 1 2 0 0 1 0 2 0 2 2 2 0 0 0 0 0 1 1 1 0 2 0 2
0 0 2 2 1 1 0 1 0 0 2 0 2 2 0 2 2 0 2 2 0 2 2 1 0 1 0 1 1 0 1 1 2 2 1 0 1 2 2 1 2 1 2 2 1 0 2 0 0 2 0 1 2 0 0 0 1 1 2 0 2 0 0 1 0 2 2 1 2 1 0 2 2 0 2 0 1 0 1 1 2 2 0 2 0 1 2 2 0 2 1 0 1 1 2 1 0 1 0 0 0 1 0 0 1 0 1 2 0 2 1 0 2
0 0 0 1 0 2 2 0 0 2 2 2 1 0 1 0 0 2 0 2 2 0 0 0 1 0 1 1 0 2 1 0 0 1 2 1 1 2 2 2 1 1 2 1 2 0 1 1 2 2 0 2 0 2 0 2 2 2 1 2 2 0 0 2 2 0 1 0 2 1 1 1 0 1 2 0 2 1 1 2 1 1 2 1 0 2 1 1 2 1 1 1 1 2 1 0 0 1 2 0 0 1 1 1 2 1 1 1 0 0 0 2 1
0 0 0 2 0 2 1 1 0 0 0 0 0 0 0 2 0 0 2 2 0 0 1 2 2 0 2 2 1 1 2 1 2 0 1 0 2 0 1 0 1 1 1 1 0 1 1 1 0 0 1 0 2 0 2 1 1 2 2 2 1 2 2 1 2 0 2 2 0 0 2 2 0 0 1 0 0 2 2 1 0 0 2 0 1 1 1 0 1 1 2 0 0 2 1 0 2 0 2 1 1 2 1 2 0 0 2 0 2 1 2 0 0
