3 114 19
220826860 979549 559545611 763469845 542795892 690120067 178021585 236119394 217975712 1112580077 37408010 333826973 940754067 640600806 109398122 707048980 577869893 51276396 1056702069 473368834 252036735 377408850 646621665 1061669459 617233348 1025297850 287678118 1062811498 271663785 308192670 1036666687 1003992278 436199038 574538835 1044127615 952316497 598053864 1158013868 967149688 476248656 54083150 1074935251 603138050 884397213 1018336842 1060104617 977908249 311231092 162897293 82676346 142403198 1133581229 61786205 649138286 119922642 642632631 144344291 946626069 518831498 566046557 638299437 843506127 270733520 654029599 792585457 234056315 399699108 256500662 1099185353 987354899 478250354 937610521 73214844 1083915792 88830511 24558546 183954665 540199309 939537408 1033890290 308756428 445543200 237145273 281676517 662316984 1132075366 96028625 1101119825 128672924 976547054 1039391242 245191705 801906759 124408090 1133471623 968186274 562710949 880730279 177950818 315429409 1008240710 613152275 382717223 50810293 1076832662 796185941 272706218 257918138 604388607 306321699 225941683 501533162 56358265 263189702
1 1 2 2 0 0 2 1 0 0 1 0 2 0 0 0 0 0 1 2 2 1 2 1 2 1 2 0 0 0 2 2 1 1 1 1 2 1 0 0 2 2 0 2 0 1 2 0 1 1 1 1 2 0 0 2 2 2 0 2 0 0 2 2 2 2 1 0 0 2 0 0 1 2 0 0 1 0 0 2 1 1 1 1 2 2 2 2 2 0 2 0 1 2 2 1 1 1 1 2 1 2 0 0 2 0 0 0 1 2 2 0 1 2
0 1 2 0 1 2 0 0 2 2 0 0 1 2 2 2 2 1 2 2 0 1 1 0 1 2 2 2 0 2 2 0 0 1 0 1 1 2 2 1 1 1 2 0 0 2 1 2 1 0 0 1 0 1 2 1 1 0 1 2 2 0 1 0 2 2 2 1 1 1 0 1 0 0 2 1 2 0 1 0 1 1 2 1 0 2 0 2 0 2 0 2 0 1 2 1 1 1 0 0 0 0 2 1 0 1 0 2 0 1 1 1 1 0
0 2 0 1 0 1 1 0 0 2 2 0 1 0 2 1 1 1 1 0 2 2 0 2 2 0 1 1 2 2 0 0 2 0 1 0 2 0 0 0 0 0 2 1 0 1 2 0 2 1 1 2 0 1 2 0 2 1 2 2 1 2 2 1 0 2 1 0 0 2 1 0 2 1 2 1 2 1 1 0 2 2 2 0 2 2 1 2 1 0 2 2 0 2 1 1 1 2 1 2 2 0 2 2 2 1 0 2 0 2 0 0 2 2
1 2 2 0 1 0 0 1 0 2 2 1 0 0 0 2 0 0 1 0 0 0 0 1 0 0 1 0 2 1 0 0 1 0 0 2 1 2 2 1 1 1 0 2 2 1 2 0 2 0 2 0 1 2 1 2 0 0 0 2 1 1 1 2 1 2 0 0 2 0 1 1 1 2 0 0 1 0 2 1 1 1 1 0 0 0 0 1 1 0 2 0 2 0 1 1 2 2 2 0 2 1 1 0 1 2 1 2 0 1 1 1 2 2
2 0 0 0 2 2 1 2 1 0 2 2 1 2 2 0 2 1 2 1 2 1 1 1 1 1 0 2 0 0 2 0 1 2 0 1 0 1 0 1 1 0 1 1 2 0 2 0 1 1 1 0 0 0 1 1 2 2 0 2 0 2 0 2 0 1 0 0 0 1 2 2 2 0 0 1 0 0 2 1 2 1 2 0 1 1 1 0 1 0 0 2 2 1 1 0 2 2 1 0 1 0 0 0 0 0 2 0 1 2 2 1 0 1
1 2 1 0 2 2 0 0 1 1 2 0 1 0 2 0 0 0 1 1 0 2 2 2 0 1 2 0 2 0 2 1 2 0 2 2 2 0 1 1 1 1 1 1 2 1 2 0 1 0 1 2 0 1 0 1 0 2 2 0 2 1 0 2 2 0 0 2 0 2 2 0 0 1 1 0 0 0 1 2 1 0 0 2 0 0 1 0 0 0 1 0 1 1 0 1 1 0 1 2 0 1 2 1 2 1 2 0 2 1 0 0 1 1
0 1 1 1 2 1 1 1 2 1 0 0 2 2 1 1 2 2 2 2 1 0 0 1 0 0 2 1 0 1 2 2 0 1 0 0 1 0 2 1 1 0 2 1 2 1 0 1 1 0 1 0 0 1 1 1 1 1 0 2 2 0 1 0 2 0 1 0 0 0 2 2 0 1 0 0 0 1 2 1 0 0 2 0 2 0 2 1 1 1 2 2 1 0 2 0 1 1 2 1 2 2 1 0 0 0 2 2 1 1 1 2 0 1
0 2 1 0 2 1 1 1 1 0 2 0 2 1 2 1 0 2 0 2 0 1 2 0 0 1 2 2 1 0 0 2 2 2 0 1 1 2 0 2 0 0 1 2 1 0 1 1 0 1 1 1 1 0 2 1 0 2 0 2 2 1 1 2 2 1 2 0 1 2 1 2 2 2 1 0 0 0 0 0 2 1 1 0 0 1 2 1 0 0 0 2 0 1 2 2 0 1 0 2 1 1 1 1 0 0 2 0 0 2 0 1 2 0
1 0 2 1 1 0 0 1 0 0 0 0 0 0 2 0 0 1 2 1 2 2 0 1 1 0 2 1 2 1 2 1 1 0 0 0 0 0 1 1 1 2 2 1 0 1 0 1 2 2 0 2 2 0 2 0 2 1 0 1 0 0 0 2 0 1 2 0 2 1 2 1 0 2 0 0 0 0 1 1 0 2 0 1 0 0 1 2 1 2 1 2 0 1 1 0 2 1 2 2 2 2 1 0 1 2 2 2 1 0 0 1 0 2
2 1 2 2 1 2 1 2 1 2 2 1 0 2 2 0 2 0 0 0 0 2 0 2 1 1 1 0 0 2 0 1 1 0 1 0 0 2 0 2 2 2 1 0 2 0 1 1 0 1 0 2 0 1 1 2 0 0 0 0 0 1 2 1 2 0 2 0 0 0 0 0 2 1 1 2 0 2 1 1 1 1 0 2 2 0 1 2 0 0 0 1 2 0 0 1 1 0 0 2 0 0 2 0 2 1 2 0 0 1 1 1 0 0
1 2 0 1 2 1 1 1 0 0 2 1 0 0 1 0 0 2 0 0 0 0 2 0 0 2 0 2 2 0 0 0 1 0 2 0 2 0 2 0 2 1 1 0 2 1 0 0 1 1 0 2 0 2 2 0 0 0 0 0 1 0 1 2 1 1 0 1 2 0 1 1 2 1 1 2 2 2 2 1 2 1 0 2 0 0 0 1 1 2 1 2 0 1 2 2 2 2 1 1 0 2 1 0 1 0 2 1 0 0 2 0 1 2
0 1 0 0 1 2 0 0 2 1 1 1 0 0 0 1 0 2 1 1 2 1 1 2 2 2 2 2 2 0 2 2 0 0 1 2 2 1 2 2 2 1 0 0 2 2 2 2 1 1 0 1 0 2 0 2 2 1 2 2 2 0 2 0 0 0 2 1 0 2 0 0 1 2 1 0 1 0 0 0 2 1 1 2 0 2 0 0 1 0 0 1 0 2 2 1 1 2 0 1 2 0 1 0 2 0 1 1 2 1 1 1 0 0
2 1 0 0 2 1 0 0 0 1 1 0 0 2 0 0 1 0 0 0 1 1 1 2 2 1 2 2 0 0 2 2 2 0 0 2 0 1 0 0 0 1 1 0 0 2 0 1 2 1 0 0 2 2 0 0 0 0 0 0 0 2 1 2 1 1 2 1 0 0 2 0 1 2 0 2 1 0 1 1 2 1 2 2 1 0 0 1 0 1 2 0 1 0 1 0 2 0 1 0 0 0 0 2 0 1 2 2 2 1 1 2 1 0
0 2 1 0 1 2 0 0 0 1 1 2 1 0 2 0 0 0 1 1 0 2 0 2 2 2 0 0 0 2 1 0 2 0 1 0 0 1 1 1 0 2 0 2 2 2 2 1 0 1 0 0 1 0 0 0 0 2 1 0 1 2 0 0 1 0 0 1 1 2 0 2 1 1 1 2 1 2 0 2 1 0 0 2 1 1 0 1 1 1 0 2 1 0 0 2 0 1 1 0 2 1 2 0 2 1 0 1 0 1 1 1 2 1
1 0 0 1 0 1 0 0 1 2 0 2 2 2 1 1 2 0 0 2 2 1 0 0 0 2 2 2 1 1 0 0 0 2 2 0 0 0 0 2 0 1 1 2 1 1 1 0 2 0 0 1 2 2 0 2 1 2 1 2 0 2 0 0 1 0 1 2 1 1 1 1 0 1 1 1 0 1 0 2 1 1 2 0 0 2 0 1 1 2 2 2 1 2 1 1 2 2 0 0 2 2 2 0 1 2 2 1 0 2 2 2 1 1
0 2 0 0 1 2 0 1 2 1 0 1 2 1 2 0 1 1 1 2 1 0 1 0 2 1 1 1 1 0 0 1 2 1 2 1 0 2 2 0 1 0 2 1 1 1 2 0 0 1 2 1 2 0 2 1 2 1 0 1 1 0 2 1 1 2 2 2 1 0 2 0 0 2 2 2 1 2 2 1 1 0 0 0 1 0 2 1 1 0 0 1 1 1 0 0 0 2 2 0 2 2 1 0 0 1 2 1 0 0 0 2 0 1
0 1 2 0 0 2 0 1 0 2 2 0 2 2 0 2 0 1 0 1 1 0 2 2 2 1 2 0 0 2 2 2 0 1 2 1 0 1 0 1 0 2 1 0 2 2 0 0 0 0 1 2 0 2 1 1 0 1 1 1 0 0 0 2 0 1 1 0 2 1 2 0 0 1 0 0 0 1 0 1 2 0 2 0 2 1 1 2 0 0 1 1 1 0 1 1 1 2 2 1 1 2 1 2 2 0 0 2 2 0 2 1 0 2
2 0 0 0 0 0 1 2 0 0 2 1 2 1 2 2 2 0 0 0 0 2 1 0 2 0 1 1 2 0 0 1 0 2 0 1 0 2 1 0 2 0 0 2 2 2 1 1 2 1 2 0 0 1 1 0 1 0 2 1 1 1 0 1 0 0 0 0 0 1 2 0 2 2 2 2 1 1 0 1 1 1 2 2 2 0 0 1 1 0 0 2 2 0 2 0 1 2 0 1 2 0 2 2 2 1 2 0 0 0 2 1 1 2
1 1 2 1 0 1 2 0 1 1 1 0 1 0 1 0 2 1 1 1 1 1 2 0 2 2 2 2 2 1 1 0 0 2 2 0 1 2 1 2 1 0 1 1 1 2 2 0 0 0 1 1 2 1 0 2 1 0 1 0 1 1 1 1 0 2 2 1 2 1 1 1 2 2 2 0 1 2 0 2 1 2 1 0 0 2 2 0 2 2 1 0 0 1 0 0 0 0 2 2 2 0 0 1 0 1 2 2 1 0 2 2 0 1
1 1 0 0 1 0 0 0 0 0 2 1 1 2 2 0 2 1 1 0 0 2 2 0 2 2 1 2 1 1 0 0 2 1 1 2 2 2 2 0 0 2 2 1 1 1 2 1 0 1 2 1 1 2 1 1 1 0 1 0 1 2 1 2 2 0 1 1 2 1 2 0 0 2 2 2 0 2 1 2 1 0 0 2 0 2 1 1 1 2 0 2 0 2 2 2 0 0 0 2 2 0 1 0 0 0 2 0 0 1 2 1 2 0
1 2 1 2 2 2 2 0 2 2 2 2 2 0 0 2 2 1 0 1 1 0 1 2 2 1 0 1 0 0 0 1 1 1 1 0 1 1 1 0 1 1 0 0 1 1 2 1 0 0 0 1 1 2 1 0 1 2 0 2 0 0 1 1 2 2 2 0 1 0 1 2 1 2 2 2 1 1 1 1 2 1 0 1 0 2 2 2 2 2 2 2 2 1 1 1 1 0 2 2 2 1 1 0 0 0 1 1 2 2 0 0 1 0
2 2 2 1 0 2 1 0 2 1 1 1 1 2 2 0 2 2 2 0 0 2 1 1 1 1 1 2 1 0 0 0 2 0 0 2 0 1 2 0 2 1 2 0 0 2 2 2 2 1 0 0 2 2 2 1 1 1 1 2 1 2 1 1 0 2 2 1 0 2 2 0 1 1 2 2 2 2 0 2 0 1 0 0 1 0 2 2 1 1 2 0 1 1 1 1 0 0 0 1 0 2 0 2 2 2 1 2 2 2 1 2 1 2
1 2 2 1 1 0 0 1 1 1 0 2 2 0 1 0 0 2 0 0 2 0 0 1 2 2 1 1 2 2 0 1 2 2 2 1 0 2 2 1 1 2 1 1 1 0 2 2 2 0 0 2 0 0 1 2 0 2 1 0 2 1 2 1 1 2 2 2 2 2 1 0 2 0 2 1 1 0 1 2 0 1 1 1 1 2 1 2 1 0 2 0 2 2 2 1 2 1 1 2 1 0 0 1 0 1 0 1 1 1 0 1 0 2
2 1 2 2 1 1 2 1 2 2 1 2 1 0 1 0 2 0 0 0 2 1 1 2 2 2 1 1 1 1 1 1 0 0 0 1 2 0 0 0 0 2 0 1 2 1 2 2 0 2 2 2 0 1 2 1 1 1 2 2 0 1 1 1 2 2 1 0 0 1 0 1 0 0 2 0 2 2 0 2 2 2 2 0 1 2 1 0 1 1 0 2 0 2 1 0 2 2 0 2 1 1 0 2 1 0 2 2 0 2 2 0 2 1
1 2 1 2 0 1 1 1 0 2 1 1 2 0 1 0 0 2 1 0 1 1 1 1 0 2 1 2 0 2 2 1 1 1 1 2 2 0 0 0 2 2 2 1 2 1 1 0 1 0 1 1 2 0 2 2 0 1 2 0 0 2 2 2 1 0 2 1 0 0 2 2 0 0 1 2 1 0 1 0 1 2 1 0 2 2 0 0 0 0 1 1 0 0 1 2 1 0 0 2 0 1 2 0 1 1 1 0 1 2 0 0 2 0
1 0 2 1 0 2 1 2 1 1 0 2 1 2 0 2 2 1 0 2 0 1 1 1 2 0 1 2 0 1 2 1 1 1 0 2 1 1 2 0 1 2 0 2 2 0 2 2 0 0 2 0 2 0 2 1 0 1 1 1 2 1 2 1 1 0 1 2 2 0 1 0 0 1 1 0 2 1 0 0 2 2 0 2 0 2 1 0 0 0 2 0 2 2 1 0 2 2 1 1 0 2 0 1 0 2 2 0 0 2 0 0 2 0
0 2 0 2 0 1 2 2 2 1 2 0 0 1 1 1 2 2 0 2 0 1 2 0 0 0 0 0 0 2 2 1 2 2 0 0 1 0 0 1 0 2 1 0 0 0 1 1 0 2 1 1 1 1 2 1 1 2 2 2 0 2 2 2 2 2 0 1 1 0 2 1 0 2 1 1 2 0 2 2 0 1 2 1 2 2 0 1 1 0 1 2 0 0 2 2 1 0 2 2 1 1 0 2 0 2 1 1 0 1 0 0 0 0
2 0 2 2 1 2 0 0 1 0 1 0 1 2 1 0 2 0 1 2 0 0 2 1 1 0 1 2 0 1 0 0 2 2 0 1 2 2 2 1 2 1 2 0 1 1 0 1 2 0 1 2 0 2 2 1 2 1 1 0 2 1 1 2 2 2 2 1 1 1 0 2 0 0 0 2 2 1 1 1 2 2 1 0 1 1 2 2 2 0 0 0 0 2 2 2 1 1 1 1 1 2 0 1 0 0 1 2 2 0 0 1 1 2
1 0 1 1 2 0 2 2 0 2 1 1 2 1 0 0 2 1 0 2 1 0 0 0 2 0 1 0 2 0 0 2 0 1 0 0 2 0 0 1 2 2 2 1 0 0 0 0 2 0 0 1 2 0 1 2 1 0 0 2 1 1 2 2 2 0 0 2 1 0 1 0 2 1 0 0 2 0 1 2 1 1 0 0 2 2 1 1 1 1 0 2 2 2 1 2 1 1 2 2 2 1 2 2 2 0 1 1 0 2 0 0 2 0
1 1 1 2 0 2 0 1 1 0 1 1 2 0 0 2 2 0 0 0 1 2 0 2 2 1 2 2 2 1 1 0 0 2 0 1 1 1 0 0 2 2 2 2 0 0 1 0 1 2 0 2 0 1 2 2 0 2 1 2 1 0 2 0 2 0 2 1 2 2 0 2 2 0 1 0 0 0 1 0 0 1 2 0 0 2 0 0 2 0 0 0 0 1 1 1 1 0 2 1 0 0 0 0 1 2 1 2 0 0 2 0 2 2
1 0 2 2 1 1 2 2 2 0 0 1 1 2 2 1 0 0 2 2 1 1 1 2 0 1 0 1 1 0 1 0 0 0 0 2 2 2 0 1 0 0 0 1 0 0 1 2 1 0 1 2 2 2 2 2 0 2 0 2 0 2 1 2 2 1 1 1 1 1 1 2 0 2 1 0 2 2 2 1 0 1 0 2 0 0 0 1 0 1 2 1 1 0 0 0 1 2 0 0 2 1 2 0 0 1 0 1 1 1 2 2 2 1
1 1 1 2 0 1 1 0 0 2 0 1 0 2 2 0 0 1 2 0 1 1 1 2 0 0 1 2 0 2 0 2 0 2 2 1 2 0 2 0 0 0 2 1 0 1 2 1 0 2 1 2 0 0 2 0 1 1 1 2 0 2 1 1 0 0 0 2 1 2 0 2 1 2 1 1 1 1 2 2 0 0 1 2 1 1 0 0 0 2 2 0 2 2 2 0 2 2 2 2 0 0 1 1 0 0 0 2 1 2 2 0 0 1
0 0 0 0 1 0 1 2 1 0 1 0 0 0 1 0 0 1 0 0 0 1 0 0 2 0 0 1 0 1 0 0 2 1 1 1 1 2 0 1 0 1 1 1 2 0 1 1 2 0 1 2 2 1 0 1 1 0 0 2 0 1 0 2 2 2 0 1 2 1 2 0 0 2 1 0 2 1 1 0 2 0 2 1 2 1 1 2 2 1 1 2 2 2 2 2 2 0 2 1 0 1 2 0 1 2 0 2 0 2 2 2 0 2
1 0 0 2 2 1 1 0 0 1 0 0 1 0 2 0 0 2 2 2 2 2 1 1 1 2 1 1 2 2 0 1 2 2 1 2 0 0 0 1 2 2 0 1 2 2 2 2 2 2 0 2 1 2 1 2 2 0 1 2 0 0 1 0 2 0 2 0 0 0 2 0 2 2 2 2 2 1 2 2 2 2 2 0 2 0 1 2 1 2 1 2 2 0 2 2 1 2 0 2 0 1 0 2 1 0 2 1 0 0 1 2 2 0
0 2 2 1 2 1 2 1 1 2 2 1 0 0 1 0 0 2 1 1 2 0 2 2 2 2 2 0 1 2 2 1 0 2 1 2 0 1 1 2 0 0 1 0 1 0 2 0 2 1 1 1 2 0 1 1 0 1 0 2 2 0 2 2 2 1 2 0 2 1 1 0 2 2 1 2 2 1 2 2 2 1 0 2 0 0 1 0 2 2 1 1 2 0 1 2 1 1 1 1 0 2 1 0 2 0 2 1 1 2 1 2 1 2
2 1 2 0 2 0 1 0 1 0 1 1 1 0 2 2 1 0 2 0 0 1 1 1 0 0 0 1 0 1 0 2 0 1 0 1 1 1 1 0 0 0 1 1 1 1 1 0 1 0 1 0 1 2 1 2 0 1 0 0 1 1 0 2 2 1 0 1 0 2 2 0 0 0 2 1 2 0 2 1 0 1 1 2 2 2 1 2 2 2 1 0 1 2 0 1 1 1 0 2 0 0 2 1 0 2 0 0 0 1 0 2 2 1
1 1 2 1 2 2 0 1 0 2 0 0 1 2 1 2 2 2 2 2 0 0 2 2 1 0 0 2 2 0 1 0 0 0 2 0 0 0 1 0 2 2 1 1 2 2 0 1 2 2 1 0 1 0 2 0 0 0 2 2 2 0 1 2 2 0 2 2 1 1 0 2 0 1 0 0 1 2 2 1 2 0 2 0 1 2 0 1 0 2 2 0 1 1 2 0 1 2 2 1 1 0 0 2 2 0 0 2 2 0 0 2 0 2
2 1 0 1 1 0 0 1 1 1 2 1 2 1 0 0 2 2 0 2 1 1 1 2 0 0 2 0 0 0 1 1 0 1 2 1 2 0 2 0 2 1 1 2 2 2 2 0 1 1 2 0 2 0 0 2 2 0 0 2 1 1 1 1 0 0 0 2 1 2 2 1 1 1 0 1 0 0 1 2 1 2 1 1 0 1 1 2 2 1 0 0 1 1 2 1 0 2 1 2 2 1 0 1 0 1 2 1 2 2 2 1 1 0
2 2 1 0 0 1 2 0 2 1 2 1 2 0 1 0 2 1 0 0 2 0 2 2 2 1 2 1 0 1 2 2 0 2 1 0 0 1 1 0 2 2 2 1 2 2 0 0 0 0 0 0 1 2 0 0 2 2 0 2 0 2 2 0 2 1 2 0 2 0 1 1 2 1 0 0 0 0 0 2 1 0 2 2 1 0 2 0 2 0 0 0 1 0 1 0 2 0 1 2 1 0 1 1 2 2 2 0 2 2 2 0 1 2
0 0 2 2 1 1 1 2 2 2 2 1 2 2 1 2 2 0 2 0 0 1 0 2 2 0 0 2 0 2 2 1 2 2 0 1 1 1 0 1 1 0 2 1 0 1 0 0 2 0 1 2 2 1 0 2 1 0 1 2 0 1 0 0 1 1 1 0 1 1 1 2 2 1 1 0 0 1 0 2 0 1 0 2 0 0 2 1 1 1 1 1 0 1 1 2 1 0 0 2 2 1 1 1 0 0 2 1 2 2 2 2 2 2
2 0 0 1 2 1 0 1 0 1 1 2 1 2 2 1 2 1 2 0 0 1 1 2 2 2 0 2 2 2 1 2 0 2 1 2 1 2 2 1 1 0 1 2 0 0 0 2 2 1 0 0 2 2 2 2 2 0 2 1 0 1 0 1 2 2 1 0 2 0 0 1 0 1 0 1 2 1 0 2 0 1 2 0 1 0 0 0 0 0 1 2 2 0 0 2 0 1 2 2 2 2 0 0 2 2 0 2 1 0 1 1 2 1
1 0 2 1 1 0 2 0 2 2 0 2 2 0 1 1 0 1 2 1 2 1 0 2 0 1 1 2 0 0 0 2 2 0 0 0 1 0 0 0 0 1 0 2 2 2 2 0 1 2 2 0 0 0 1 1 2 2 0 2 2 2 1 1 2 2 0 0 1 1 2 2 0 2 2 0 2 2 1 0 1 1 1 2 1 2 0 1 2 1 1 0 1 0 2 1 1 2 2 2 1 1 1 1 1 1 2 1 1 1 2 2 2 1
1 2 1 2 0 1 2 0 2 0 0 1 2 1 1 0 0 2 1 0 1 1 2 0 2 1 2 0 1 0 1 0 2 0 0 0 2 0 0 1 1 1 0 1 0 1 1 1 0 1 2 2 2 2 2 2 0 0 0 2 0 1 0 2 0 1 0 2 2 1 1 1 0 1 2 0 0 2 2 1 0 1 0 0 1 0 0 2 0 1 1 1 0 2 0 0 1 2 0 1 0 2 2 0 1 2 0 1 1 0 0 2 2 0
2 1 1 1 1 0 2 0 1 0 1 0 1 0 2 2 1 2 2 1 0 0 0 1 2 0 2 2 2 0 2 0 1 1 1 0 1 1 2 1 1 0 1 0 0 0 0 2 0 2 0 1 2 0 0 2 1 0 1 1 0 1 2 2 0 0 0 1 2 0 2 1 1 1 2 2 2 0 1 0 0 1 2 0 2 0 0 1 0 1 0 1 0 0 1 1 1 2 0 0 2 1 1 0 2 1 2 2 2 0 0 0 2 0
1 0 0 1 2 1 1 0 0 2 0 1 0 1 1 0 1 0 1 0 2 2 0 1 2 2 0 2 0 0 0 1 0 0 1 0 2 2 0 2 1 0 1 2 1 2 0 0 0 0 2 2 2 2 2 2 2 0 2 2 1 0 1 0 1 2 0 1 1 1 1 0 2 2 0 2 2 1 0 1 2 2 1 2 1 1 1 1 2 0 0 1 1 2 1 0 2 2 2 2 1 0 2 1 1 1 1 1 0 1 2 2 1 1
1 0 2 0 2 2 1 0 1 0 0 2 1 0 1 0 2 1 1 2 2 2 0 0 1 1 1 1 0 0 2 2 1 0 2 1 2 1 1 0 2 0 0 0 0 2 1 0 0 2 0 2 0 2 0 2 0 0 0 2 0 1 1 2 1 2 1 1 1 1 1 0 1 2 1 2 1 2 2 0 2 2 2 0 2 1 0 0 1 1 2 2 0 1 0 1 0 1 2 1 2 1 2 1 0 1 0 2 0 0 2 1 1 0
2 0 2 0 0 0 2 0 0 2 2 0 1 2 0 1 2 0 2 2 2 0 1 0 0 2 1 0 1 2 1 1 0 0 1 2 1 1 2 1 1 2 0 2 2 0 0 2 1 0 1 0 1 0 1 1 0 2 2 1 2 1 2 0 1 1 2 2 0 0 2 1 2 2 1 2 0 2 1 1 0 1 0 1 2 1 1 2 1 1 2 1 0 2 1 1 2 2 2 2 0 1 2 2 1 0 2 2 1 1 1 1 0 1
1 0 0 0 0 1 2 2 0 2 2 0 2 1 0 2 1 0 1 0 2 2 2 2 2 1 2 0 0 0 0 2 0 0 2 2 0 2 1 0 2 1 1 2 0 1 1 0 1 2 1 2 2 0 1 1 2 1 0 0 2 0 2 0 0 0 2 0 0 2 2 0 1 1 0 2 0 1 0 2 2 1 1 1 2 1 1 2 2 1 0 2 1 0 0 2 1 0 1 2 0 1 2 2 2 2 2 2 2 2 0 1 0 1
2 0 0 0 1 1 2 1 0 0 1 1 1 0 0 2 2 0 0 2 2 0 1 2 0 0 2 1 1 0 2 2 1 1 0 2 2 0 1 0 1 0 0 2 1 0 1 1 1 2 0 2 0 0 1 1 1 1 2 1 2 2 1 1 1 1 1 1 1 0 2 0 1 0 2 0 1 2 2 2 2 0 1 0 0 1 2 0 0 1 2 2 2 0 0 1 1 2 0 0 0 0 1 2 0 1 2 1 0 2 1 1 0 1
1 1 2 1 1 2 0 1 1 0 1 2 2 0 0 2 1 1 2 2 0 0 0 1 2 2 0 1 0 1 2 2 0 1 0 2 0 2 1 2 0 2 0 2 0 1 2 1 2 2 0 1 0 1 2 2 1 0 1 1 2 1 0 2 0 2 2 1 2 1 1 2 1 2 0 1 0 0 0 2 0 1 0 1 0 0 1 1 1 0 2 0 1 1 0 2 1 0 1 0 2 0 0 1 2 1 0 2 2 1 2 0 0 1
1 0 2 0 2 0 1 2 1 1 1 2 0 2 1 2 0 0 2 2 2 1 0 2 1 0 1 2 0 2 0 0 2 2 0 2 1 0 0 0 1 2 1 2 0 2 2 0 0 1 0 2 0 1 2 2 1 0 1 0 2 1 0 0 2 1 0 1 1 1 2 2 1 0 2 1 0 2 2 0 0 0 0 1 2 0 1 1 0 0 1 1 0 2 2 2 1 2 1 2 2 0 0 0 2 0 2 2 2 1 1 0 2 1
2 1 1 1 0 0 1 1 1 1 2 0 1 0 0 0 0 0 2 0 0 1 1 0 1 1 2 2 2 1 1 2 1 2 1 1 2 0 0 1 0 2 2 2 2 1 0 0 1 0 1 0 2 1 0 0 2 0 0 2 0 2 2 1 2 0 2 0 2 2 1 2 2 1 1 2 0 2 0 1 0 0 2 2 1 1 0 1 1 1 2 2 0 1 0 0 0 0 0 2 1 2 2 0 1 1 0 2 2 2 1 2 2 1
2 1 2 2 0 1 1 2 1 1 2 2 1 0 0 0 0 1 2 2 2 1 1 0 0 0 2 1 0 2 0 2 0 2 2 2 2 0 2 1 2 1 1 1 2 2 1 2 0 1 2 0 2 1 1 0 2 1 2 0 1 2 2 2 0 2 1 0 0 1 1 2 0 0 1 0 0 0 0 1 2 1 2 1 0 1 2 2 0 2 0 1 1 0 1 2 1 0 2 1 1 1 1 2 2 0 0 0 0 0 1 2 1 1
2 1 2 1 2 0 1 2 2 0 0 1 0 1 2 0 0 1 2 2 1 2 2 1 2 2 0 1 0 2 0 2 1 2 1 1 0 2 1 1 2 1 2 0 1 2 1 1 1 1 0 2 1 2 2 1 2 2 2 2 1 2 1 0 0 2 1 0 2 2 2 2 2 0 2 0 2 1 1 1 2 2 1 1 2 1 2 1 0 2 2 1 1 0 0 1 1 1 0 0 2 2 0 1 0 1 1 0 0 0 1 1 2 0
2 1 1 2 0 2 1 2 1 0 1 1 0 0 0 0 1 2 0 0 0 1 1 2 2 1 2 1 0 1 0 0 0 2 2 1 2 1 1 1 1 2 0 1 0 0 2 2 1 0 2 2 2 1 2 1 0 1 0 1 0 0 1 1 0 1 2 0 2 1 1 0 1 1 0 2 2 2 1 0 0 1 1 2 0 0 1 0 1 2 2 2 0 0 1 0 2 1 1 1 2 2 0 2 1 0 1 1 2 0 2 0 1 0
0 1 1 2 2 1 2 2 0 2 0 2 1 0 2 2 1 1 0 1 0 1 2 2 0 2 2 0 0 0 1 0 2 0 2 2 1 2 1 2 2 2 0 1 2 2 0 1 1 0 0 0 0 0 2 0 0 0 0 0 1 0 0 1 1 1 1 2 0 0 2 0 2 0 1 2 0 0 1 2 1 2 0 1 2 0 2 2 0 0 0 2 0 1 1 1 0 2 1 0 0 2 1 2 2 0 2 0 0 1 0 2 1 0
0 1 0 2 2 2 0 2 1 1 1 2 1 1 2 2 2 0 2 1 0 2 1 1 0 2 2 0 1 1 1 2 0 1 2 0 0 0 2 2 2 1 2 0 2 2 1 2 2 0 1 0 0 1 1 0 0 1 1 2 0 2 1 1 1 1 1 2 2 0 0 0 2 2 0 0 2 2 0 2 0 2 2 0 0 1 2 1 0 0 1 0 0 0 1 2 0 0 2 2 0 2 0 0 0 2 1 0 1 1 2 2 0 2
1 1 1 0 0 1 1 1 2 2 2 1 1 2 1 2 2 2 2 0 0 2 2 2 2 1 0 2 1 2 2 2 1 0 0 2 0 1 0 2 2 0 2 0 2 0 0 0 0 0 0 0 2 0 0 0 1 1 2 0 1 2 0 2 0 1 1 0 1 2 1 0 0 0 1 0 0 2 0 1 2 1 2 2 2 1 2 1 2 1 2 0 1 0 2 2 2 2 0 0 2 2 0 2 2 1 2 1 1 0 0 0 2 0
0 1 1 2 0 1 2 0 1 0 0 2 0 0 1 2 0 0 1 1 0 1 1 1 0 2 1 0 0 1 1 1 0 0 0 1 2 0 1 2 2 0 1 2 0 0 1 2 1 1 0 1 2 1 2 0 1 2 1 2 1 2 0 1 0 1 1 0 2 2 2 2 2 1 2 1 1 2 0 0 0 1 1 0 0 2 0 2 2 1 2 0 1 0 2 2 1 0 0 1 1 2 1 1 1 1 2 2 0 0 0 0 2 2
0 0 1 1 2 0 2 2 1 0 2 2 0 1 2 0 0 0 0 2 2 1 0 2 1 0 0 1 1 2 1 2 0 0 0 0 2 0 2 0 2 2 0 2 0 0 1 1 1 1 1 1 0 1 1 2 0 2 1 1 2 0 1 2 0 2 2 2 0 2 1 0 1 1 2 1 2 1 1 1 0 2 0 1 0 1 0 1 1 1 0 0 1 2 0 0 1 2 0 2 2 2 2 0 1 0 0 1 1 1 0 2 0 1
0 1 2 2 0 2 0 1 2 0 0 0 1 2 0 1 0 0 1 0 0 0 0 1 1 0 2 0 0 2 1 1 2 1 1 2 0 1 1 0 2 2 1 0 2 1 0 2 2 1 0 1 2 1 2 0 2 2 0 0 2 2 2 1 1 0 1 1 2 2 2 0 1 0 1 1 0 1 1 0 2 2 1 2 2 1 0 1 1 1 2 0 1 2 2 0 0 1 1 1 1 1 1 0 2 2 2 0 2 1 1 2 1 2
2 0 1 0 0 0 2 0 1 1 1 1 1 1 2 0 2 1 2 1 2 2 2 2 0 1 1 2 1 0 2 0 1 1 0 1 2 0 0 0 1 1 2 1 0 2 1 0 1 1 2 1 1 1 1 1 0 2 1 0 0 1 0 2 0 2 1 2 0 1 0 2 0 0 0 1 2 2 2 2 1 1 0 0 1 1 2 2 2 1 2 2 2 0 2 2 0 1 1 0 0 2 0 1 0 1 2 0 0 1 2 0 0 1
0 1 2 2 1 1 0 1 2 0 1 1 0 2 2 0 2 1 0 0 2 0 2 2 2 0 0 2 0 0 0 0 0 1 1 2 0 2 0 2 0 0 1 0 2 1 0 0 2 2 1 1 2 0 0 2 0 1 0 1 0 1 2 1 2 0 0 0 0 0 2 1 0 1 1 0 0 0 1 2 2 2 2 2 2 0 0 2 0 0 1 0 2 2 1 2 2 2 2 0 2 2 1 1 1 1 2 2 2 0 1 1 2 1
1 1 0 1 1 0 2 1 1 2 0 0 2 0 2 2 1 1 1 0 0 2 1 2 1 1 2 1 2 1 0 2 2 0 1 2 1 2 0 2 1 1 2 1 1 1 0 0 1 1 2 1 2 1 2 1 0 1 0 2 0 1 2 0 2 1 2 1 0 0 0 2 1 1 0 1 0 1 1 2 2 0 1 2 2 1 1 2 2 1 2 0 0 2 1 0 1 1 1 1 2 2 1 1 0 2 2 1 0 1 0 2 2 2
2 2 0 1 2 1 0 0 1 1 0 2 2 1 1 0 0 1 0 1 2 1 0 2 2 0 1 0 0 0 0 0 1 1 1 0 2 0 0 1 1 0 1 1 2 2 2 2 0 2 0 1 0 0 0 0 1 1 2 2 2 0 0 0 1 2 2 2 0 0 1 2 1 2 0 0 2 2 0 0 1 1 1 0 0 2 1 2 1 0 1 1 1 0 2 0 2 1 0 0 2 1 2 1 0 2 2 0 2 0 2 1 0 1
1 0 1 1 2 2 2 2 1 1 2 1 2 2 0 2 2 0 0 1 2 1 1 0 2 0 0 1 1 0 2 1 1 1 2 2 2 2 1 0 0 1 2 2 0 1 2 0 2 0 1 0 2 2 0 2 0 1 1 1 0 1 0 1 1 0 0 0 0 2 1 1 0 1 2 0 0 1 0 2 0 2 2 0 2 0 0 2 2 1 2 2 0 0 1 1 1 2 2 2 1 1 0 2 0 0 0 0 2 1 0 0 1 1
0 1 1 0 0 1 2 0 0 0 1 2 2 0 2 1 2 1 0 0 0 0 1 1 0 1 0 2 1 1 0 2 2 2 0 1 1 2 2 2 2 1 2 2 1 1 2 1 0 2 2 1 0 0 0 1 2 1 0 0 0 0 0 0 1 0 2 2 0 0 2 2 1 2 0 0 1 0 2 2 2 1 1 0 2 2 2 1 1 2 2 2 1 2 2 0 0 0 0 0 0 2 1 1 2 1 2 1 1 2 0 1 1 2
2 2 2 2 1 1 2 2 0 1 1 0 1 2 0 1 0 1 2 1 1 1 2 0 0 1 0 2 1 0 2 1 2 2 1 1 0 0 0 0 2 2 1 1 2 2 1 2 1 1 2 2 0 2 0 1 1 2 1 0 2 0 1 2 0 2 0 0 0 1 2 0 1 1 2 1 0 1 1 2 2 0 1 2 0 0 1 2 2 2 2 1 0 1 0 1 1 0 1 1 2 0 2 0 2 2 1 0 1 0 2 0 0 2
0 0 2 0 0 1 2 2 0 0 0 1 1 1 2 1 0 2 2 0 2 2 0 2 2 1 2 2 2 0 1 0 2 1 0 2 0 0 2 0 1 0 1 0 2 1 1 0 0 0 1 0 0 1 2 2 0 2 0 2 0 2 2 2 1 1 2 1 2 1 0 0 0 1 0 0 0 2 1 0 1 2 2 1 1 1 2 1 1 0 1 2 2 1 1 1 2 1 0 1 0 1 2 0 2 0 1 1 1 2 2 2 1 1
1 0 1 1 1 2 1 0 2 1 1 1 0 1 2 1 0 0 2 0 1 0 1 2 1 0 1 0 2 2 2 1 0 0 1 2 0 2 2 2 1 1 0 2 0 0 0 1 1 0 2 2 1 1 2 2 1 0 2 1 1 2 2 1 0 0 1 0 1 1 0 2 0 1 2 1 2 1 0 1 2 2 0 0 1 2 2 2 1 2 0 2 2 0 1 2 2 2 1 1 1 2 0 2 2 1 1 2 2 1 0 1 1 0
1 2 1 1 2 2 0 0 1 0 0 2 0 0 0 2 1 2 1 0 1 1 1 2 0 1 0 0 0 2 2 2 2 0 0 1 2 1 1 0 2 0 0 0 1 0 0 0 2 2 1 2 1 0 1 1 1 0 0 1 2 2 0 0 2 1 1 1 0 1 1 2 2 2 0 0 0 0 1 0 0 2 2 1 2 2 2 0 2 0 2 2 2 0 2 1 2 2 2 0 1 1 2 1 1 0 1 2 1 0 2 1 0 0
2 0 2 0 1 2 1 2 1 1 2 2 2 2 2 0 0 1 2 2 2 1 0 0 1 0 1 1 1 2 2 2 0 1 0 1 1 1 0 2 2 1 2 0 1 2 1 1 0 1 1 2 0 0 0 1 0 2 0 2 2 0 1 2 2 2 2 0 1 0 1 1 1 0 1 2 1 0 1 1 2 0 1 0 1 2 1 2 1 0 1 2 0 1 1 0 0 0 1 1 1 2 0 0 1 2 1 2 0 2 0 0 0 2
0 1 1 2 0 1 0 0 0 1 1 2 2 1 0 0 0 2 1 1 2 2 1 0 2 1 1 2 1 1 0 2 1 1 2 1 0 2 1 1 1 0 1 1 2 1 2 0 1 1 1 0 0 2 2 2 2 0 2 1 1 0 1 2 2 1 2 0 0 1 2 0 2 0 1 1 2 1 1 0 2 0 1 0 0 0 0 2 0 1 1 0 1 0 0 1 1 2 2 2 2 2 0 1 2 2 0 2 0 2 2 1 0 1
1 0 2 0 0 0 1 2 0 2 0 2 1 2 1 1 1 0 0 2 2 2 2 0 2 0 2 2 1 2 0 1 0 0 1 1 1 2 1 2 1 1 1 0 1 1 1 2 2 1 2 2 1 2 2 1 0 0 0 1 0 1 2 0 1 0 2 0 0 1 0 0 0 2 0 1 0 0 2 1 2 1 0 2 2 0 0 2 0 1 1 1 2 2 2 1 0 0 2 1 1 0 1 2 0 2 0 2 2 2 0 2 2 0
1 1 1 1 1 2 2 0 1 2 2 1 1 0 1 1 2 0 1 0 0 2 2 0 1 0 1 1 2 1 1 1 2 0 0 1 0 0 1 2 0 2 0 2 2 2 0 1 0 2 2 0 0 2 1 1 0 0 0 2 1 2 1 1 2 2 0 0 0 2 2 0 1 0 1 1 0 2 0 0 0 0 1 0 2 0 1 1 1 1 0 0 1 0 2 1 2 2 0 2 2 2 0 1 0 1 2 0 1 0 1 2 0 2
2 1 1 0 2 0 0 0 0 1 0 0 0 2 1 0 2 0 1 0 0 1 2 2 2 1 1 0 0 1 1 2 2 0 1 1 0 1 0 0 0 0 2 0 1 0 2 1 1 0 2 1 1 2 2 1 1 0 0 2 1 1 2 2 1 1 1 1 2 1 2 2 0 1 1 1 2 0 2 1 1 0 0 2 2 0 1 0 0 1 0 0 0 1 0 2 2 1 1 0 1 1 2 1 0 1 0 0 2 0 2 0 0 0
1 2 0 2 1 2 1 2 2 2 1 2 1 1 1 0 1 2 1 1 0 2 1 1 0 0 2 2 2 2 2 0 0 1 0 2 0 1 1 0 1 0 0 2 2 2 0 0 2 1 2 0 1 0 2 1 1 1 1 0 1 2 0 1 0 0 0 1 2 2 2 0 0 0 0 2 2 0 0 2 2 2 1 0 0 0 2 1 2 1 2 0 0 0 2 0 0 0 2 0 0 2 1 0 2 1 0 1 2 0 2 1 1 0
0 1 1 2 0 0 0 0 1 1 0 1 1 0 2 1 1 0 0 2 1 2 1 2 2 0 1 2 2 2 2 0 1 0 0 2 1 1 2 0 0 2 2 2 0 2 1 1 2 2 0 1 2 2 2 2 2 0 1 2 0 1 0 1 1 1 0 0 2 2 0 2 2 0 2 2 0 1 0 1 0 1 2 0 0 1 0 0 2 1 0 2 0 0 0 2 1 1 2 1 1 1 1 0 2 1 2 0 2 0 2 1 2 1
1 0 1 2 0 1 1 2 1 2 2 2 1 2 2 2 1 0 1 2 1 0 2 1 1 1 0 0 2 2 0 2 1 2 2 2 0 1 1 2 1 1 0 1 1 2 0 2 0 1 2 2 2 1 1 1 1 2 2 1 1 2 0 0 2 0 0 0 2 1 0 0 0 0 1 1 0 2 1 1 1 2 0 1 1 2 0 2 1 2 1 1 0 2 1 2 1 1 0 0 0 1 0 1 2 0 0 0 2 2 2 1 1 2
0 1 2 0 0 1 0 2 2 1 0 2 2 1 1 2 1 1 1 2 1 2 0 2 2 0 1 1 2 1 1 2 2 1 0 0 0 1 0 0 0 1 0 0 2 2 2 1 1 2 1 2 1 2 1 1 2 0 2 1 2 0 1 1 0 1 1 0 0 2 1 0 0 2 0 0 1 1 1 2 1 1 2 2 0 0 1 0 1 0 2 0 1 0 2 1 2 2 2 2 2 2 1 0 1 2 1 0 0 1 2 2 2 2
1 2 1 2 2 2 0 1 1 0 1 1 2 1 0 0 0 0 2 1 1 0 1 0 0 2 1 0 2 0 0 1 2 1 2 2 1 0 0 0 0 2 2 1 1 0 1 2 1 0 1 0 0 0 1 1 1 2 1 0 1 2 2 0 0 2 1 0 0 2 0 1 2 0 2 0 2 0 0 0 0 2 2 1 0 0 0 1 0 0 2 1 2 2 0 1 1 1 1 2 0 2 1 0 1 1 1 0 2 2 1 0 2 1
0 0 1 0 2 0 1 2 1 1 1 1 2 0 2 1 0 1 0 2 1 2 0 0 0 0 0 2 2 0 1 2 0 0 0 0 0 2 0 2 1 2 1 0 2 1 2 0 2 0 0 2 0 1 2 0 2 0 0 1 1 2 1 2 0 0 0 1 0 0 0 1 2 1 2 0 1 1 1 0 1 2 2 2 1 0 0 0 0 1 0 2 0 2 2 0 2 2 2 0 0 0 2 0 1 1 0 0 0 2 1 0 1 1
2 0 2 0 1 1 0 1 0 0 2 2 2 1 2 1 0 0 1 2 0 1 2 2 1 2 1 0 0 0 0 1 0 2 2 2 0 2 1 2 0 0 1 0 2 1 2 0 2 2 0 0 1 2 0 0 2 1 1 0 2 2 1 0 2 1 2 1 1 1 0 2 2 2 2 0 1 2 0 1 1 0 2 0 2 2 1 2 1 0 0 0 2 2 0 2 0 0 0 1 2 0 1 2 1 1 2 0 1 2 1 0 0 1
1 0 0 0 0 2 0 1 2 0 0 1 2 2 2 1 1 1 2 0 1 0 1 0 0 2 1 2 1 2 1 0 2 1 0 1 1 1 2 2 1 1 0 1 1 0 0 2 2 0 0 1 1 2 2 2 2 0 2 1 2 0 1 0 2 1 2 1 2 2 0 1 0 1 1 2 1 1 2 0 2 0 2 1 2 2 1 0 0 1 1 1 1 0 2 1 2 1 2 0 0 0 2 2 1 1 1 0 1 1 2 0 2 1
2 2 1 1 2 2 2 2 0 1 0 0 0 0 1 0 0 1 1 1 1 0 2 0 1 0 2 0 2 1 2 2 2 1 1 1 1 1 1 2 0 1 2 1 2 0 1 0 2 0 1 1 1 2 2 0 0 1 0 2 1 0 2 0 1 1 2 2 2 1 2 0 0 1 1 0 1 1 2 2 2 1 0 1 0 0 1 1 2 2 1 1 0 0 1 1 2 2 2 2 1 1 2 1 0 2 0 2 0 2 1 0 0 2
2 2 0 0 1 0 0 2 1 0 1 1 2 0 1 1 2 2 1 0 1 2 2 2 1 0 1 1 0 0 1 2 0 2 1 1 0 1 0 2 2 1 1 1 2 2 1 2 2 0 2 1 2 2 1 1 2 0 2 1 1 1 0 2 0 2 0 1 0 1 0 0 1 2 0 0 1 1 0 1 2 0 0 1 0 1 2 0 2 0 1 1 1 2 0 2 2 1 0 0 1 0 1 2 0 2 0 0 1 0 2 0 1 2
1 2 1 1 0 2 1 1 0 0 1 2 2 1 1 0 2 2 2 1 1 2 0 2 2 2 0 1 2 2 1 1 1 1 2 1 0 2 0 1 2 0 1 2 1 1 2 1 0 1 0 0 2 1 2 2 0 0 1 2 0 0 0 1 1 1 1 2 0 1 1 2 1 0 2 1 1 0 2 2 2 0 0 1 1 2 2 2 1 0 2 1 1 1 0 0 2 1 2 0 1 1 0 0 2 1 1 0 1 2 0 1 2 0
1 1 1 0 1 2 1 2 1 2 0 1 2 0 0 0 1 2 1 1 2 1 2 2 0 1 1 0 1 0 2 2 2 1 0 2 1 1 1 2 0 1 0 1 2 1 1 0 0 0 1 1 2 2 0 0 1 1 0 2 2 0 2 2 1 2 1 2 1 2 2 2 1 1 1 0 0 2 0 2 0 2 0 0 2 1 0 1 0 2 1 2 2 1 2 1 2 1 1 0 1 2 0 0 0 1 0 1 1 1 0 2 1 1
0 1 2 1 2 2 0 1 2 2 0 0 1 0 1 1 0 0 0 1 0 1 2 1 2 1 0 0 1 2 2 1 0 2 2 2 2 0 1 0 1 2 1 2 2 0 1 0 0 1 1 1 2 1 0 0 0 1 1 1 0 0 2 1 0 0 0 1 0 2 2 1 2 0 2 2 0 0 0 0 0 1 2 0 0 0 0 1 2 1 2 2 0 0 0 0 0 2 1 1 2 1 1 2 1 0 1 1 1 2 0 1 1 0
0 2 1 0 1 0 0 1 1 0 1 2 1 2 1 1 2 2 2 0 1 1 1 0 0 2 0 1 2 2 2 2 1 1 0 0 2 0 2 0 1 1 1 1 2 0 2 1 2 1 2 1 0 0 0 2 0 0 0 0 0 0 0 2 1 1 0 2 2 0 0 2 2 1 0 2 2 2 0 1 1 0 1 2 1 1 2 2 2 2 0 2 1 1 1 2 0 2 2 0 0 0 2 1 1 2 0 1 2 2 1 1 2 2
1 2 0 0 1 2 0 2 2 1 0 1 2 1 2 2 2 0 2 1 1 2 2 0 0 1 2 1 0 2 0 1 2 1 2 0 1 1 1 0 0 1 2 0 1 1 0 0 1 2 2 1 1 1 1 0 0 1 1 1 1 0 0 1 1 0 2 0 2 0 1 0 0 0 1 1 2 1 1 2 2 0 0 1 0 1 1 1 0 1 2 1 1 0 0 2 1 0 0 1 1 2 1 1 0 0 2 0 2 1 0 1 0 0
1 0 2 2 2 2 0 1 1 2 2 2 0 1 0 0 2 1 0 2 1 2 0 1 0 2 0 0 2 1 0 0 2 2 0 1 2 2 2 0 2 2 0 2 0 0 1 0 0 2 0 1 1 0 2 2 2 0 2 2 1 0 0 1 0 2 2 2 1 0 1 1 2 2 1 1 0 2 1 1 2 1 2 1 1 2 1 1 0 1 1 2 2 1 1 0 0 1 0 2 2 1 1 0 1 0 1 2 0 0 1 2 1 0
1 0 0 0 2 0 1 1 1 0 1 0 1 2 2 2 0 2 1 2 2 2 2 0 2 2 0 0 1 2 1 0 0 0 0 0 0 2 2 2 0 1 2 2 0 0 1 0 2 2 2 2 0 2 0 0 1 1 2 1 1 1 2 2 1 0 2 0 2 2 2 2 0 0 2 2 0 1 0 0 1 1 2 2 0 0 0 0 1 0 1 0 2 0 2 0 0 2 1 0 2 2 2 0 0 0 0 0 1 1 1 0 2 1
0 0 1 1 0 0 1 1 0 1 2 2 0 2 1 1 2 1 0 0 0 0 1 0 1 2 2 2 0 2 1 0 0 2 2 0 2 2 0 0 0 2 0 0 0 2 2 0 1 0 1 2 2 2 1 1 2 0 2 0 1 0 1 1 0 1 2 0 0 0 1 0 1 1 2 1 1 1 1 1 2 0 0 2 2 1 1 2 0 0 2 1 0 2 0 1 0 0 2 1 2 1 1 0 0 0 1 2 2 0 1 0 1 1
2 2 1 1 1 2 1 2 1 2 1 2 0 2 2 0 0 2 1 2 2 2 1 1 2 1 2 0 1 1 2 2 0 1 0 0 0 2 0 1 2 1 1 0 1 2 2 1 1 0 0 1 0 2 2 0 1 2 1 0 1 2 2 2 0 0 2 2 0 2 1 0 1 0 1 2 2 0 0 0 1 2 1 2 1 2 1 0 2 2 1 1 1 1 1 2 1 1 2 2 1 0 0 2 0 2 0 2 2 1 0 1 0 2
1 0 2 0 1 2 2 2 1 2 1 2 1 0 2 1 1 0 1 1 0 2 0 0 1 1 0 2 2 0 2 1 1 2 1 0 2 2 0 1 1 1 1 0 0 0 1 1 1 2 0 0 1 2 1 1 0 1 0 0 0 0 2 1 0 1 2 0 0 0 1 1 2 1 1 0 2 2 2 1 2 0 1 1 0 2 0 0 1 2 0 1 2 0 0 0 2 0 1 2 1 0 1 1 2 0 2 2 0 1 0 0 2 1
2 2 1 0 2 0 2 1 1 2 1 2 1 1 0 0 1 2 0 0 0 1 0 2 0 1 1 0 2 0 2 2 1 1 0 0 2 0 2 0 2 1 0 0 2 1 0 1 0 2 1 1 0 0 1 1 2 2 1 2 1 1 2 2 2 0 0 1 0 0 0 0 2 1 2 2 1 0 1 1 2 0 0 0 1 2 1 1 2 0 1 1 1 1 1 2 1 2 1 2 0 2 2 0 1 1 2 2 2 1 1 2 2 2
1 1 2 0 2 1 1 1 1 0 2 2 2 1 2 2 0 0 1 1 0 0 0 0 2 0 2 2 1 1 2 2 1 1 2 0 0 0 0 1 2 0 2 2 2 1 1 0 2 0 1 2 0 0 0 1 0 0 1 1 2 0 0 0 1 1 2 2 2 0 2 1 0 1 1 2 2 0 1 2 0 0 0 2 0 1 1 2 2 2 0 2 2 2 0 1 1 0 1 0 0 0 0 2 1 2 2 2 2 0 2 1 1 2
1 2 2 2 1 1 1 2 1 1 2 0 0 0 0 1 0 2 2 0 1 1 0 1 0 0 2 0 2 0 0 0 0 2 2 2 1 1 1 0 2 0 0 0 1 2 1 1 1 1 0 0 0 0 1 1 1 1 1 0 2 0 0 0 2 0 2 1 1 0 0 1 1 0 1 2 2 1 1 1 2 2 1 2 1 1 1 2 2 0 1 2 1 1 2 2 2 2 0 1 2 1 0 1 2 2 1 2 0 0 1 0 0 0
0 2 1 2 1 2 1 2 2 2 2 2 1 2 1 2 0 1 1 1 0 0 1 1 0 2 2 1 0 0 2 1 2 2 1 1 1 2 1 1 2 0 0 0 0 2 0 1 0 2 2 0 2 1 2 0 1 1 2 1 2 2 0 1 1 2 0 0 1 0 2 1 1 2 2 2 1 2 1 2 1 1 2 2 0 2 2 2 0 2 1 0 2 0 0 1 0 1 1 2 1 1 1 1 0 0 0 2 2 2 1 2 0 1
1 1 0 1 1 1 1 0 0 0 1 0 2 1 2 0 0 2 1 1 0 2 1 1 2 2 0 1 2 1 2 1 0 0 2 1 2 2 2 2 0 0 0 0 1 2 1 2 1 0 1 1 0 0 0 0 0 0 1 0 2 2 1 0 2 1 1 2 0 1 1 1 1 2 1 1 2 2 0 1 0 1 1 2 2 1 2 0 2 1 0 2 1 1 2 1 0 0 1 1 2 1 2 2 0 1 0 0 1 1 2 2 0 0
1 0 1 1 1 1 1 2 0 2 1 0 1 2 2 0 1 1 1 1 1 2 0 1 0 2 2 2 1 0 2 0 1 1 2 0 1 0 0 2 0 2 0 2 2 2 2 0 1 1 0 1 1 1 2 1 0 0 1 2 1 1 0 0 2 0 0 0 0 1 0 1 1 1 1 0 1 1 2 0 1 2 1 2 0 2 1 1 0 0 0 2 1 1 2 1 2 0 0 0 2 1 2 1 2 1 2 1 0 2 1 1 2 1
1 0 0 0 1 0 0 2 0 1 1 2 1 0 0 1 1 0 2 1 1 2 2 1 0 0 0 1 0 2 0 2 0 0 0 1 1 1 2 1 1 0 1 2 1 0 0 0 1 0 1 2 2 1 2 0 2 0 2 2 1 0 2 1 1 0 1 0 1 0 2 2 0 2 1 2 2 2 2 0 0 1 0 2 0 0 2 0 1 0 0 2 0 0 0 1 0 1 2 2 1 0 2 0 0 2 2 2 1 0 0 2 2 0
2 0 1 0 1 0 0 2 2 1 0 0 2 0 0 0 0 2 1 0 2 1 2 0 0 1 1 1 0 0 2 1 1 0 1 0 1 2 0 0 0 0 2 0 1 2 1 2 2 2 2 0 0 2 0 1 0 2 0 2 0 0 0 2 0 2 0 0 2 1 0 0 1 0 1 1 0 0 0 0 0 2 0 2 2 1 1 2 0 2 1 0 2 1 0 0 1 2 0 0 0 2 0 0 2 2 1 1 0 1 1 0 1 2
0 0 0 2 0 1 2 2 2 1 1 1 2 0 0 0 1 1 0 2 1 0 2 0 1 0 2 2 1 1 2 2 2 0 2 0 2 1 2 0 2 1 1 1 1 2 2 0 1 2 0 0 0 0 1 2 0 1 0 1 2 2 0 2 0 0 0 0 1 2 0 1 0 1 1 0 1 0 1 0 1 2 1 2 2 0 1 0 1 1 1 2 2 0 2 0 0 2 0 0 2 1 1 0 0 2 1 0 1 2 1 0 2 2
0 1 2 1 1 2 1 1 2 1 2 1 1 2 1 1 2 1 0 2 2 2 1 1 2 0 1 0 0 1 0 1 0 0 0 0 0 2 1 2 0 1 1 2 0 2 1 1 1 2 0 1 2 2 0 2 1 1 2 2 0 0 1 2 0 2 2 2 1 1 1 2 2 0 1 0 0 2 2 2 2 0 1 2 0 1 1 2 0 0 2 1 1 0 0 0 2 0 2 1 1 0 1 1 1 0 1 2 1 1 2 0 1 0
0 2 2 1 2 2 0 2 1 1 2 2 2 0 2 1 2 1 0 2 2 1 2 2 1 0 1 1 2 0 2 2 1 1 1 0 2 2 2 0 2 0 1 1 1 1 0 1 0 1 0 0 2 0 0 2 1 1 0 0 2 0 0 1 2 2 1 1 2 2 0 1 0 1 0 1 2 1 2 0 2 1 1 2 2 2 1 0 1 0 1 1 0 1 2 0 1 1 2 1 0 2 2 0 1 0 2 1 1 0 2 1 1 1
1 0 0 0 0 2 0 2 1 1 1 0 2 0 0 2 1 0 2 2 2 0 2 1 1 2 1 1 0 2 2 1 0 1 2 1 1 0 1 0 2 2 1 2 1 1 1 0 2 0 2 1 1 0 2 0 2 2 2 2 1 2 2 2 0 2 1 2 2 2 0 2 0 1 1 1 0 2 1 0 0 2 1 1 2 1 2 1 0 1 1 0 0 0 0 2 2 1 2 0 1 0 2 1 1 1 0 1 1 0 1 2 2 0
0 2 0 2 0 1 1 2 1 0 1 2 2 0 1 2 1 0 2 1 2 1 0 1 0 2 2 2 1 2 0 0 1 0 2 2 1 2 1 1 2 2 1 2 1 0 1 2 1 1 1 1 2 2 2 0 2 1 1 1 0 1 1 2 2 2 1 1 1 1 0 0 0 2 2 2 2 1 0 1 0 2 2 0 0 0 2 0 1 0 1 0 2 1 2 1 0 2 0 2 0 1 0 1 0 2 1 0 1 2 1 2 1 1
0 1 1 2 1 0 2 1 1 1 2 1 0 0 1 1 2 1 2 2 1 0 2 2 1 1 2 2 0 0 0 0 0 2 1 1 0 1 2 2 0 2 1 1 2 0 0 2 2 2 1 0 0 1 0 1 2 2 1 0 0 2 1 0 2 0 2 0 1 0 0 2 2 1 1 0 1 1 2 1 2 2 1 2 0 2 2 0 2 0 1 0 0 0 1 2 0 1 0 2 2 0 1 1 2 0 2 1 0 2 2 2 1 2
2 1 2 1 2 1 0 1 2 0 1 1 1 0 2 1 2 2 2 1 1 2 2 0 0 2 0 1 2 1 0 1 1 0 1 1 2 1 0 2 2 0 1 0 0 0 2 2 0 2 0 2 2 0 0 2 2 1 0 2 0 1 1 1 2 0 1 2 2 1 1 1 1 2 2 1 1 2 1 2 1 0 2 0 0 2 0 1 1 2 0 0 1 2 1 1 0 0 0 2 2 2 2 1 2 1 0 0 1 2 0 2 0 2
0 2 2 1 0 2 0 1 2 2 2 1 1 0 2 1 0 1 1 0 2 0 1 0 1 2 1 1 2 1 1 0 0 1 1 1 0 2 1 2 2 1 0 1 1 0 0 2 1 1 2 2 2 1 0 1 0 1 0 0 0 2 0 1 0 0 0 1 2 1 1 2 0 2 0 1 2 0 1 2 2 1 2 1 0 2 0 1 1 1 2 2 0 0 0 2 0 1 0 0 0 2 0 0 2 1 0 2 2 2 2 2 0 1
0 0 1 1 0 0 0 2 0 2 0 1 1 1 1 2 2 1 2 0 0 1 1 0 2 1 2 1 0 2 1 1 1 0 0 1 1 1 1 1 0 2 0 1 0 1 1 0 1 1 1 1 1 2 1 0 0 0 2 0 0 0 0 2 0 0 1 1 2 2 0 0 2 1 1 0 0 0 1 1 2 2 2 1 0 1 1 0 2 1 2 0 2 2 0 0 0 2 0 2 2 0 2 2 2 2 0 1 0 2 2 0 0 0
1 0 2 2 0 2 2 0 0 1 0 0 2 0 2 2 1 2 1 1 2 1 1 2 2 2 0 0 2 0 0 1 0 2 1 1 2 0 0 2 2 0 0 0 2 0 0 1 0 1 2 0 1 1 0 0 1 1 1 1 1 1 2 2 2 2 2 1 0 2 2 1 0 0 1 2 1 1 0 2 0 1 0 2 0 1 2 2 0 2 0 2 0 1 0 0 0 0 0 1 0 2 2 0 2 0 1 0 2 1 0 0 0 1
