3 115 19
1015278924 267842697 359176373 256291441 439620050 646221370 942640742 1075672540 956632983 185986378 816757238 826794793 56701252 1070766783 1128894283 763216754 39938255 896751449 317203958 580651432 122269939 362847490 1021860345 709407602 1023896157 82795747 873380138 809026281 526026192 143710604 172225978 731727165 454428168 885113616 1113009825 155489847 692125913 788323327 920210800 1057868989 152822308 955894309 172207050 253215465 68222326 872982737 866224443 620486669 990358142 510560475 1068542103 781775906 110691109 1034840394 356398678 1074412081 280549824 153748171 862843245 687121606 28963974 1028844905 756074129 358763465 1117858347 687581483 465931459 640672653 418922598 609287254 316683546 1129030379 17805528 384994255 179388317 1063408740 313481770 498579752 771892866 287386631 733002982 285224154 47579627 1081544959 680783650 707864011 987267829 635432748 202821073 798205183 1111997497 324440224 775269011 956078161 1120357881 1124616587 469094084 363611738 862145385 508239905 923116111 888886350 384290102 378069560 219954842 1155196318 367397549 733061517 270633334 703881359 710308777 224047107 682915761 794381903 682204722
2 1 1 0 1 2 1 2 1 2 2 2 0 1 2 1 2 1 2 1 2 2 1 2 2 1 0 2 1 0 2 1 2 0 2 1 0 0 0 1 0 1 1 2 0 1 1 2 1 0 1 1 2 0 2 1 1 0 2 0 0 1 2 0 2 2 2 1 1 0 2 2 2 2 1 0 1 0 0 2 1 1 2 2 0 1 1 1 1 0 0 0 2 2 1 0 2 0 1 0 2 1 1 2 0 2 0 2 0 0 2 0 2 1 2
2 2 0 2 2 1 2 2 1 2 0 1 2 2 2 0 2 1 1 1 2 1 1 1 0 1 2 0 2 0 2 2 1 0 2 0 2 1 0 1 1 1 2 1 0 0 2 2 1 1 1 0 2 0 0 0 0 2 0 2 0 0 2 1 1 2 2 1 1 2 2 0 1 0 1 2 0 0 0 1 1 2 2 1 2 2 2 2 2 0 2 0 1 2 2 0 2 2 1 0 2 2 0 0 2 2 1 0 0 1 2 2 0 1 2
2 2 1 0 2 2 2 2 1 2 0 1 2 2 1 0 2 1 1 1 1 1 2 1 2 0 1 2 1 2 2 1 2 1 1 2 0 2 2 2 2 2 1 2 2 0 0 2 1 1 1 0 0 0 1 0 1 2 0 0 0 2 1 0 1 1 0 1 1 0 1 1 0 0 1 0 0 1 0 0 1 2 0 1 2 0 2 1 0 0 2 1 0 1 0 1 2 0 0 1 0 1 1 1 2 2 2 1 2 0 1 0 2 2 1
2 0 2 1 2 2 0 0 0 1 0 1 2 2 2 1 2 1 2 1 1 0 1 2 2 2 0 2 1 1 1 1 1 0 0 1 0 1 2 0 1 0 2 1 2 2 2 0 1 0 2 2 0 1 2 0 0 0 2 0 2 1 2 1 2 1 2 0 2 2 1 0 1 0 1 1 0 2 2 2 2 2 2 0 1 2 0 1 0 0 2 0 1 0 2 1 1 2 1 0 0 2 2 1 1 1 0 1 0 0 1 2 2 1 0
1 1 0 2 1 0 0 1 0 1 0 1 2 1 0 0 1 0 2 2 1 2 0 1 2 0 2 2 0 1 2 1 2 1 2 0 2 0 0 2 1 1 2 1 2 0 1 0 0 2 0 0 1 1 1 0 2 1 0 0 2 1 2 2 0 2 0 2 2 0 0 0 2 2 2 1 0 1 0 0 1 0 1 2 1 2 0 2 1 2 2 1 1 2 0 1 2 1 1 1 2 1 0 1 1 2 1 1 1 1 0 2 2 1 2
2 2 1 1 0 0 1 2 2 0 0 0 2 2 1 2 2 1 2 1 0 2 0 2 1 1 0 1 2 1 2 1 0 0 2 2 1 0 2 0 0 2 1 1 0 0 0 2 1 0 1 2 0 2 2 2 1 2 1 0 1 0 1 0 0 1 2 2 1 2 2 0 1 0 2 2 0 2 1 0 0 1 0 0 0 2 0 1 2 2 2 0 2 1 0 0 1 0 2 0 2 2 0 2 2 0 1 0 2 1 1 0 2 1 1
2 0 2 1 0 1 0 1 1 0 1 2 1 2 2 1 2 1 0 1 1 0 0 2 1 1 1 1 1 2 0 0 1 0 1 1 2 0 2 0 1 2 0 2 2 2 1 1 1 2 1 0 0 1 0 2 0 1 1 1 1 2 2 2 0 1 2 0 1 2 1 0 2 2 0 2 2 2 1 2 2 2 2 2 1 2 2 2 1 1 1 0 1 0 0 1 2 0 2 1 0 1 2 2 1 0 2 1 0 1 0 2 1 0 0
0 2 2 2 2 1 1 0 2 1 0 2 0 1 1 2 2 2 2 2 1 0 2 0 0 0 0 0 2 0 0 0 1 1 2 1 2 1 1 2 2 1 1 1 0 0 1 0 1 1 0 2 1 2 0 2 1 1 0 1 2 1 2 1 2 2 2 2 1 1 2 1 0 1 0 1 1 2 0 2 1 0 0 0 0 0 0 2 2 0 1 0 2 1 1 2 0 2 2 2 0 1 1 1 0 1 1 0 1 1 0 0 2 0 1
2 2 1 0 1 0 1 2 2 2 2 2 0 1 2 0 2 1 2 2 0 0 1 0 0 2 0 0 2 2 2 1 2 0 2 1 0 0 1 0 0 0 0 2 2 0 0 2 1 2 1 1 0 2 2 0 2 1 1 1 1 0 1 0 2 0 1 2 2 0 1 0 0 2 2 0 2 0 0 1 2 2 1 0 0 0 1 2 1 0 2 0 1 1 0 0 1 0 1 1 0 2 2 2 2 2 0 2 0 0 0 2 1 2 0
2 0 0 1 2 0 1 0 2 2 1 0 2 2 1 0 0 1 2 0 1 0 0 0 0 2 1 0 1 1 2 0 2 2 2 2 0 1 2 2 1 2 0 0 1 2 2 2 1 2 0 2 2 1 2 0 1 1 2 2 0 1 0 2 1 2 1 1 1 2 1 0 1 2 1 0 1 0 1 1 0 1 0 0 2 0 1 1 2 0 1 2 2 1 1 0 1 2 1 2 2 2 0 1 2 2 2 2 0 0 0 0 1 0 1
2 1 0 1 0 0 0 0 2 1 1 0 0 2 2 1 1 2 1 1 2 1 0 2 0 1 2 0 0 0 2 2 2 2 2 0 0 2 1 0 1 0 0 2 2 2 1 2 2 0 1 2 0 1 1 0 0 1 0 0 1 1 1 1 0 0 0 2 0 1 2 1 2 0 1 0 0 0 2 0 1 1 2 1 2 1 1 0 2 2 0 2 1 2 1 0 0 1 2 0 0 1 0 0 2 1 0 0 2 0 0 1 1 1 2
1 2 1 1 0 1 2 2 1 0 0 1 0 0 0 1 0 2 1 1 2 0 2 0 0 2 1 1 1 2 1 0 0 0 2 0 0 0 0 1 0 0 2 0 1 0 2 0 2 1 1 2 2 1 0 2 1 2 2 1 2 0 1 2 2 2 0 2 2 0 0 0 2 0 1 0 1 1 0 1 0 0 1 0 2 1 1 0 1 0 2 1 1 2 1 0 1 2 2 1 0 0 1 0 1 2 2 2 1 2 2 0 0 1 0
2 2 1 1 2 2 0 0 2 2 2 2 1 2 0 2 0 0 0 0 0 1 2 0 0 0 2 0 1 0 2 1 1 1 2 0 2 2 1 1 0 0 0 1 0 0 1 1 2 2 2 0 1 0 0 2 1 1 0 2 1 0 0 0 2 2 1 2 0 2 0 0 1 0 2 1 2 0 0 2 1 2 2 2 0 2 2 1 0 1 1 0 2 2 0 1 0 2 0 0 2 1 1 0 2 0 2 2 2 2 1 1 0 0 0
0 0 1 0 2 0 1 2 2 0 0 2 1 0 0 1 1 2 0 1 2 2 1 1 2 1 2 0 2 0 1 0 0 2 0 2 0 2 2 0 0 1 2 2 2 2 1 0 2 0 2 1 0 1 2 2 0 1 2 0 2 0 1 0 1 1 0 2 1 0 2 2 2 2 2 1 0 1 2 2 2 2 1 2 0 0 1 1 0 1 1 2 2 2 0 1 1 1 1 0 2 0 0 1 1 2 2 1 1 1 0 0 1 1 0
1 0 2 1 1 0 2 1 1 0 2 2 1 1 1 2 0 0 0 2 1 2 1 2 2 1 2 0 2 2 1 2 0 0 1 1 2 0 0 0 0 0 0 0 1 2 0 2 2 1 1 0 0 1 0 0 0 0 1 0 2 2 0 0 0 1 2 0 0 0 0 1 0 2 2 0 2 2 2 2 1 2 0 0 1 0 0 2 0 1 0 1 1 2 1 0 1 2 0 1 2 2 1 0 2 0 0 1 1 1 0 2 1 0 2
0 0 0 0 1 2 1 2 2 0 2 2 2 1 0 1 1 0 0 1 2 1 0 0 0 2 1 2 0 1 0 1 2 1 1 1 1 0 1 0 1 1 0 1 2 2 0 0 2 1 0 2 0 0 0 0 2 2 0 0 1 0 2 2 2 0 0 1 0 2 2 2 1 1 1 1 0 2 0 2 0 1 2 1 1 1 1 1 1 2 2 2 1 1 1 0 2 2 2 0 0 2 1 2 0 2 0 1 1 1 1 2 2 2 0
1 0 2 0 1 2 2 1 0 1 0 1 0 0 1 2 0 1 0 2 2 2 1 0 2 2 1 2 0 0 1 1 1 0 2 2 0 1 1 1 1 2 0 1 0 1 0 2 0 1 1 2 1 0 2 1 1 1 0 1 0 1 2 1 0 1 2 1 1 1 0 2 1 1 1 1 0 0 0 0 1 0 2 0 0 2 2 1 0 0 0 0 2 0 2 0 2 2 2 1 0 0 1 1 1 0 2 1 1 0 2 0 1 1 2
2 0 1 2 1 1 2 2 2 0 2 2 0 1 2 2 2 0 1 0 1 2 2 0 0 0 0 1 2 1 0 2 2 2 1 1 1 0 1 0 1 1 1 2 0 0 1 2 1 0 2 0 2 2 2 0 1 2 2 1 2 2 0 2 1 1 1 0 0 0 1 2 1 2 1 2 1 0 1 0 1 1 0 0 2 0 1 1 1 1 2 1 0 0 0 0 2 2 1 0 2 2 2 2 2 1 1 1 2 1 1 0 2 1 1
2 0 0 0 1 1 1 2 0 2 0 0 1 2 1 2 0 1 2 2 1 1 0 2 0 1 0 1 2 0 0 2 0 1 0 2 0 2 2 0 1 0 0 0 1 2 0 1 2 0 1 0 1 2 0 2 2 1 0 1 1 0 0 2 2 1 2 0 0 2 0 2 0 2 0 1 2 0 0 1 0 1 0 2 0 1 1 0 2 1 1 2 0 0 2 2 2 2 0 1 2 1 0 0 1 1 2 0 2 2 2 0 1 2 0
0 0 2 0 0 2 0 2 2 1 2 2 0 2 0 2 2 2 1 0 0 0 2 1 2 0 1 1 2 0 2 2 1 1 1 0 0 1 2 0 0 2 1 1 2 2 1 2 1 0 2 2 0 2 0 1 0 2 2 1 0 2 0 0 1 2 0 2 1 0 0 1 0 1 0 0 1 2 2 2 2 2 2 0 0 0 1 1 0 1 2 1 1 1 1 0 0 2 0 2 0 0 1 1 0 1 1 1 1 1 2 1 1 1 2
2 2 1 1 0 1 0 2 2 1 1 2 2 1 2 2 1 1 0 2 2 0 0 0 1 2 0 0 2 0 0 1 0 1 2 1 2 0 0 0 2 1 2 1 0 0 1 1 2 2 0 1 0 2 2 1 2 0 2 2 1 2 1 1 2 1 2 2 2 0 2 2 0 2 1 0 0 0 2 2 0 0 1 1 0 0 2 1 1 0 0 2 0 2 1 2 2 1 2 1 2 1 1 0 1 0 0 2 1 0 1 2 2 0 0
0 1 0 2 2 0 1 0 1 0 2 1 2 0 0 2 0 0 0 0 2 1 2 2 2 0 1 1 0 2 2 1 1 0 0 1 0 1 1 2 0 0 1 0 2 2 2 2 2 1 1 0 2 1 0 0 1 1 2 0 1 2 1 2 2 2 1 0 2 0 1 0 2 2 0 1 1 1 1 2 0 0 0 2 1 0 2 1 2 0 1 1 2 0 1 2 2 0 0 2 1 1 2 1 1 1 0 1 0 2 1 0 0 1 0
1 1 1 0 0 1 1 2 0 1 1 0 2 2 0 1 1 0 2 2 1 1 0 2 1 0 0 2 0 1 2 2 0 1 0 2 2 1 1 0 0 0 0 0 0 2 1 1 2 1 2 0 2 2 1 1 2 1 0 2 1 1 2 2 2 2 1 0 1 0 0 2 0 2 2 1 1 2 1 1 0 0 2 1 0 0 2 0 0 1 0 2 2 0 1 2 0 0 2 2 1 0 1 2 0 1 1 1 0 2 0 1 0 2 2
0 0 2 1 1 0 2 0 0 2 1 2 1 2 2 0 0 0 2 0 0 1 1 2 2 1 2 1 2 1 1 0 2 0 2 0 1 2 0 2 2 0 2 0 2 2 0 0 0 0 0 0 2 2 0 2 1 0 0 0 2 2 1 2 0 0 0 2 2 2 0 2 2 2 2 1 2 1 2 2 2 0 0 1 0 1 0 1 1 1 2 0 1 1 0 2 2 1 2 2 0 2 2 2 2 1 1 1 2 2 1 2 2 2 1
0 0 2 2 1 2 2 0 0 1 0 0 0 1 0 0 1 0 2 1 0 1 1 0 1 0 1 1 0 2 0 0 2 2 1 2 1 1 2 2 2 2 0 0 2 1 1 1 2 0 1 2 2 2 2 2 0 2 1 1 1 1 2 1 1 1 0 1 2 0 0 2 1 1 2 0 0 1 2 2 0 0 1 0 0 2 2 0 1 1 0 0 2 0 1 2 1 0 0 0 0 1 0 2 0 2 2 0 2 0 2 2 0 2 0
1 2 1 2 1 2 2 2 0 2 0 2 1 1 2 1 0 1 1 2 2 2 0 2 2 0 0 2 0 0 2 2 2 0 0 1 0 0 0 1 1 1 0 2 0 0 2 0 1 0 0 0 0 0 1 2 0 1 2 2 2 2 2 2 0 0 0 1 1 1 2 2 2 2 1 2 0 0 0 2 2 1 0 0 2 1 1 1 0 0 1 2 0 0 2 1 2 2 2 0 1 2 0 1 2 2 1 0 1 2 0 1 1 1 1
0 0 0 1 1 1 0 2 2 1 1 0 0 2 1 1 0 1 1 2 0 1 1 1 2 1 2 0 2 1 0 0 2 0 0 0 1 0 0 1 2 0 2 0 2 1 1 0 2 0 0 1 2 1 0 2 0 0 0 0 1 1 0 1 1 1 2 1 2 0 0 2 0 2 0 0 1 2 0 1 1 1 2 0 2 0 0 0 0 1 0 2 2 1 0 1 0 2 2 0 0 2 0 0 2 1 1 1 0 2 0 1 0 0 2
1 0 0 1 1 1 2 1 1 1 2 0 2 0 2 0 0 2 0 2 2 1 0 2 2 0 2 1 1 0 1 0 2 1 2 0 1 2 0 0 1 2 0 1 2 0 1 1 0 2 0 0 0 1 2 2 2 2 1 0 0 0 1 2 2 0 0 0 0 0 1 2 0 2 0 0 0 1 1 0 0 2 1 1 1 0 2 0 1 0 1 1 1 0 0 1 0 1 2 1 2 1 1 0 1 1 1 2 1 1 0 2 0 1 2
2 0 1 0 1 1 1 0 0 1 1 2 0 2 1 1 2 0 0 0 2 0 2 1 2 0 1 1 1 1 0 1 2 2 1 1 2 1 1 0 0 0 2 0 0 0 0 0 1 0 0 1 1 0 0 0 0 1 2 2 0 0 1 2 0 0 1 2 1 0 2 2 0 2 2 1 2 0 2 1 1 0 0 2 1 0 0 1 2 0 1 0 1 0 1 2 1 2 2 0 0 1 0 1 1 1 0 1 1 0 0 2 1 1 0
2 1 1 1 1 2 1 2 0 1 1 1 0 0 0 1 1 0 1 1 1 2 1 0 1 0 1 1 1 0 2 1 1 1 2 1 0 0 1 2 0 2 0 0 0 0 2 0 0 2 1 2 1 0 2 0 0 1 0 2 1 2 0 1 1 1 0 2 2 1 1 2 1 1 1 1 0 1 1 0 0 0 0 0 1 1 1 2 2 1 2 2 2 2 0 1 1 1 0 1 2 0 0 1 2 2 2 2 1 2 1 1 2 1 2
1 0 1 1 0 0 1 0 2 1 0 1 0 1 0 1 1 0 2 2 2 0 2 0 1 2 1 0 0 0 1 1 1 2 0 2 2 2 2 0 1 0 1 1 2 1 0 1 2 0 0 0 0 0 0 2 0 2 1 0 0 2 2 2 1 0 1 1 2 1 1 1 2 1 0 1 2 0 0 2 2 0 2 2 2 0 2 2 0 0 0 0 0 2 0 1 0 2 0 1 2 2 2 1 0 0 1 0 1 1 0 0 0 2 1
2 0 0 2 0 1 2 1 1 1 2 0 0 1 0 1 1 0 1 0 0 2 1 2 1 0 2 2 0 0 0 2 0 1 2 1 0 1 0 1 1 2 2 1 1 0 0 0 0 1 1 2 2 2 1 0 0 0 0 1 1 1 1 2 2 1 1 0 2 1 2 1 1 2 0 2 0 1 0 1 1 1 0 0 1 2 0 2 1 0 1 2 2 2 2 0 0 0 0 1 1 0 0 0 0 1 1 0 2 1 2 0 1 0 0
0 1 1 0 2 0 1 2 2 1 2 0 2 2 1 0 2 2 1 2 2 0 1 1 0 0 0 2 2 1 0 2 2 2 0 2 0 2 2 0 0 1 1 0 1 2 1 0 2 0 1 2 0 2 1 1 0 1 1 0 0 1 1 0 1 2 2 1 1 2 0 2 0 1 0 0 1 1 1 1 2 2 1 0 0 2 2 1 1 0 2 1 2 0 2 0 2 2 2 1 1 2 0 0 1 1 0 0 0 1 1 0 2 0 0
0 2 0 1 0 0 1 0 2 1 2 1 1 2 1 1 2 0 2 2 2 1 0 2 1 2 2 2 2 2 2 2 0 0 2 0 1 0 1 1 0 1 2 1 1 0 2 0 1 2 0 1 1 0 2 0 1 1 2 0 0 2 0 1 0 2 2 2 0 1 1 0 0 1 0 2 2 0 2 2 2 0 1 1 1 0 1 2 2 0 0 1 0 1 2 1 1 2 0 1 1 1 2 1 0 2 1 1 2 1 1 0 2 2 1
1 1 1 1 0 1 2 1 2 0 1 1 1 0 1 0 1 1 0 1 2 0 2 0 1 1 2 2 1 2 1 0 1 2 2 1 2 1 0 2 1 2 1 0 2 2 1 2 1 2 1 1 2 1 2 1 1 2 0 0 2 2 0 0 1 0 2 0 1 0 0 0 2 1 1 0 1 0 0 1 0 2 2 0 0 2 2 2 2 2 0 1 1 1 2 0 2 0 1 0 0 1 2 1 0 0 1 0 1 2 1 1 1 1 0
2 1 2 2 1 1 2 0 1 0 1 2 2 1 0 1 1 0 1 2 1 1 1 1 1 0 0 0 2 2 0 2 1 2 1 0 2 1 0 1 2 1 0 0 0 1 1 2 1 2 2 1 1 2 2 2 2 1 1 2 0 1 2 2 2 1 2 2 2 1 0 2 0 1 2 1 2 1 1 2 1 1 0 0 0 0 0 0 1 1 0 0 1 0 0 0 1 0 0 1 1 0 0 2 2 0 0 1 1 2 0 0 1 1 1
1 2 2 2 0 2 2 1 0 2 2 1 1 0 1 2 2 2 0 1 1 1 2 0 0 1 2 0 0 0 2 2 2 0 1 1 2 2 2 0 2 2 1 1 2 0 1 1 2 1 0 1 0 0 1 1 2 0 2 0 1 2 0 1 0 1 2 2 1 0 2 1 0 1 0 0 1 1 2 0 1 0 1 1 1 0 0 1 1 0 2 0 0 2 1 0 1 2 2 0 0 2 2 0 0 2 1 1 1 1 2 2 2 1 2
1 1 2 0 2 0 2 2 0 2 2 1 1 2 1 1 2 0 0 2 1 0 2 0 2 1 2 2 0 0 2 1 0 0 1 2 0 1 0 2 1 0 1 0 2 0 2 1 0 0 1 0 1 0 0 1 1 1 2 0 2 1 1 2 2 1 2 0 2 0 0 2 0 1 2 0 2 1 1 0 2 0 1 1 1 2 0 0 0 2 0 0 1 0 2 0 1 2 1 1 0 2 0 1 2 0 1 1 2 2 2 2 1 0 0
2 0 2 0 1 1 2 1 0 0 2 2 1 2 1 0 1 1 2 2 1 0 1 2 2 1 0 2 2 0 0 2 1 2 1 1 2 0 2 2 1 2 1 0 0 0 0 1 2 0 1 0 1 0 0 1 0 0 0 0 2 2 0 0 2 2 1 1 0 2 1 1 2 0 1 0 1 2 2 0 0 1 1 2 1 2 0 2 2 2 0 1 2 0 0 1 0 2 0 0 1 2 1 2 2 2 2 1 1 2 2 2 1 1 1
0 1 0 0 0 0 0 0 2 1 0 0 1 0 1 1 2 0 0 2 1 2 2 0 1 1 2 2 0 1 1 1 2 1 1 1 1 2 1 1 0 2 2 1 2 0 0 2 2 0 1 0 0 2 0 2 0 0 1 2 2 0 0 2 2 2 0 2 1 1 0 2 1 2 0 1 1 1 1 1 2 1 1 2 0 2 1 1 0 1 0 2 1 1 0 1 0 0 0 2 0 1 1 1 1 2 0 0 0 2 1 2 0 0 1
1 0 1 2 1 2 0 1 1 2 1 2 0 2 1 2 0 2 2 1 1 1 0 2 2 2 1 2 0 2 2 1 2 0 1 1 0 2 0 2 2 2 2 2 2 0 2 2 0 1 1 2 1 2 2 0 2 1 0 2 0 2 1 1 0 2 0 1 2 1 0 2 1 0 1 0 1 1 0 2 1 2 2 2 1 1 0 0 0 0 0 2 0 1 1 1 1 1 0 1 0 0 0 1 1 2 1 0 2 2 0 0 1 2 0
0 1 0 0 1 1 1 0 2 0 1 1 0 1 1 1 1 2 0 2 2 0 1 0 0 1 0 1 0 0 1 1 1 2 2 0 1 1 1 0 1 0 2 1 1 0 1 2 1 2 2 1 0 2 1 1 1 1 2 1 2 2 0 0 1 1 0 0 2 2 2 1 1 1 1 2 0 0 0 1 2 0 0 0 2 1 1 0 0 2 0 2 1 1 0 0 2 1 1 1 1 0 1 2 1 0 2 1 0 2 0 0 0 0 0
0 2 2 2 2 2 2 2 0 0 2 0 1 1 1 0 0 2 1 0 1 1 2 0 1 0 2 2 1 2 0 1 0 0 0 0 2 0 0 0 2 0 0 0 2 0 0 2 2 0 0 1 1 0 0 1 1 2 0 2 2 1 1 2 1 0 0 1 0 1 1 0 1 2 0 1 0 2 0 0 2 2 0 1 0 0 0 1 2 2 1 1 0 2 2 0 2 2 1 1 1 0 1 2 0 0 0 1 2 2 1 2 1 2 1
1 2 0 0 1 0 1 1 1 1 1 1 1 1 1 0 2 1 1 1 2 2 2 1 2 2 0 2 0 0 1 2 2 2 2 2 2 1 0 0 2 2 0 1 0 1 1 2 0 1 0 2 0 0 1 0 2 1 0 0 1 1 0 1 1 0 0 0 1 1 2 2 0 2 1 0 0 1 0 0 2 0 0 0 2 1 1 2 2 2 1 1 1 1 0 0 0 1 1 2 2 0 1 0 2 1 1 0 2 1 0 1 2 1 2
1 2 1 2 0 1 0 2 2 2 2 0 2 0 2 2 0 0 1 1 0 2 2 1 1 1 0 0 0 1 0 0 2 2 2 0 0 2 2 0 1 1 1 2 2 1 2 2 1 0 0 2 1 0 1 2 1 1 0 2 0 1 0 2 1 2 0 1 2 2 2 2 1 0 2 0 1 1 0 0 1 0 0 2 1 1 0 2 0 1 0 1 2 0 1 1 1 2 0 0 1 2 0 0 1 2 1 2 0 2 0 0 0 1 2
2 0 2 1 1 1 2 2 1 0 0 2 1 0 2 2 2 2 0 0 0 0 2 0 1 1 1 1 2 0 1 1 0 2 0 1 0 0 1 2 0 0 1 2 0 2 1 0 1 2 1 1 0 1 2 2 0 1 1 2 1 2 1 0 2 2 2 1 0 2 0 1 2 2 0 2 1 2 1 0 2 2 2 0 1 2 0 2 0 1 1 0 1 1 1 1 1 1 0 1 0 1 2 2 0 2 0 0 2 2 1 2 1 1 2
0 1 2 2 2 1 1 0 0 2 1 2 0 1 2 2 1 0 1 2 1 1 0 2 1 2 1 0 0 0 1 1 1 1 1 1 0 1 2 1 0 1 1 2 2 1 2 1 2 1 1 0 0 1 1 1 0 0 0 1 0 2 1 2 0 2 1 1 0 0 2 2 0 0 2 2 1 1 1 1 2 2 2 1 1 1 2 1 1 0 1 2 2 2 2 1 2 0 2 0 2 2 0 2 0 2 1 0 0 1 1 1 1 1 2
0 2 2 2 1 0 0 0 0 0 0 1 0 1 1 1 0 1 1 0 1 0 2 1 1 0 1 2 2 2 2 2 2 2 1 1 0 0 0 1 1 0 0 1 1 2 0 2 0 1 0 1 2 0 1 1 0 2 1 0 2 2 2 2 1 2 1 2 0 1 0 1 1 1 1 1 0 1 1 1 1 2 1 0 2 0 2 0 2 2 1 1 1 1 2 0 1 0 2 1 1 0 1 0 0 2 2 1 1 1 0 2 0 1 0
0 1 0 0 1 2 2 0 0 1 2 0 2 0 0 2 2 2 0 0 2 0 0 0 1 1 1 1 2 0 2 2 2 2 1 1 2 0 2 0 1 2 2 2 0 2 2 0 1 0 1 1 0 2 0 1 0 1 0 0 2 0 0 1 0 1 0 0 2 0 0 1 0 2 1 1 0 0 2 2 0 0 1 0 2 1 0 1 0 1 2 2 2 2 2 0 1 0 0 1 1 1 0 1 1 2 0 2 2 0 1 1 0 2 2
1 1 2 2 2 2 1 2 2 1 2 2 0 0 2 1 1 1 2 1 2 1 2 2 1 2 1 2 0 1 2 1 0 2 1 0 2 2 0 1 1 0 0 1 0 0 1 0 2 1 1 2 2 0 2 1 2 1 2 2 2 1 2 2 1 0 0 1 0 1 2 2 1 1 1 2 2 0 2 1 1 0 2 1 1 2 0 0 0 2 1 0 1 0 1 2 0 1 1 1 2 2 0 1 0 0 1 2 0 1 2 2 2 2 1
1 2 1 2 0 1 1 0 2 1 1 0 1 0 2 1 0 1 2 2 1 2 1 2 1 2 2 1 2 1 2 2 0 1 1 0 0 2 1 1 1 0 1 2 0 0 1 0 0 1 0 1 0 2 1 1 0 0 0 0 2 0 2 0 2 1 0 2 0 0 0 1 0 2 2 0 1 0 1 1 2 0 0 0 0 2 2 0 0 0 1 0 0 1 0 0 0 2 2 1 2 1 1 0 0 0 1 1 1 2 0 1 0 1 2
1 1 2 2 2 2 1 2 0 0 1 0 0 1 1 1 1 2 0 1 0 0 2 2 0 2 0 2 1 1 2 2 0 1 2 0 2 1 0 0 1 1 2 2 2 0 1 1 0 2 2 0 0 1 0 1 2 1 1 0 0 0 0 1 0 2 1 2 0 1 0 1 1 2 0 1 0 0 0 0 2 2 2 2 2 2 1 1 1 2 1 2 1 1 0 1 1 1 1 2 0 1 0 1 1 2 0 2 0 1 1 2 0 0 1
0 0 0 1 2 1 0 1 2 2 1 0 1 0 1 1 1 2 1 0 1 1 1 1 1 2 0 1 0 0 1 1 0 1 0 0 2 2 1 2 2 0 2 1 1 1 2 0 2 2 1 1 0 0 0 0 0 0 2 0 1 0 2 0 0 0 0 0 0 0 0 2 1 0 1 0 2 0 1 2 2 2 0 1 0 2 2 0 2 1 1 1 0 1 1 0 2 2 0 2 2 0 1 1 2 0 2 1 2 0 1 1 0 2 0
0 1 0 0 2 0 2 1 0 0 0 0 2 2 1 2 0 0 2 1 2 2 0 1 1 0 2 1 1 2 2 1 2 0 2 1 0 1 0 1 2 0 2 2 2 0 2 2 1 1 1 0 1 2 2 1 0 2 0 1 2 2 2 1 0 2 0 1 1 0 2 1 0 2 0 0 1 0 1 2 2 2 1 2 2 0 0 2 0 1 1 2 0 1 1 2 1 2 0 2 2 1 1 0 0 2 0 2 0 2 2 0 2 0 0
2 1 0 1 1 2 0 1 0 2 0 0 1 2 0 0 2 1 2 2 0 1 1 2 2 0 2 0 0 0 0 2 2 2 2 1 1 2 1 2 2 1 2 0 2 1 1 1 0 0 2 1 2 0 1 1 1 1 2 2 2 1 1 2 1 0 1 2 1 2 0 0 2 0 1 1 1 2 0 2 1 2 1 0 2 2 2 2 1 2 1 1 1 0 1 2 2 2 2 0 2 2 1 2 1 0 1 2 1 1 2 2 1 1 0
1 1 2 0 0 2 1 2 0 0 0 2 2 0 2 0 0 2 2 2 0 0 0 1 1 1 1 1 0 0 1 2 2 0 2 0 0 2 0 1 2 0 2 2 1 2 0 1 1 2 1 0 2 2 2 1 2 0 2 2 1 1 2 1 2 2 1 0 2 1 1 2 0 1 1 1 0 1 1 0 1 2 0 2 2 0 0 1 0 1 1 2 2 1 0 2 1 0 2 0 1 2 0 2 0 1 1 2 0 2 2 1 2 0 0
2 0 2 1 1 0 0 1 0 2 2 0 0 2 0 1 2 0 2 1 1 0 0 0 1 0 0 0 1 0 2 0 0 1 2 1 2 0 0 0 2 0 0 0 0 2 2 2 2 1 2 1 2 0 2 0 1 2 1 2 2 0 0 0 1 2 2 1 2 2 2 2 0 0 2 1 2 2 1 0 0 0 1 0 2 2 0 0 1 0 0 2 0 0 2 0 1 2 2 0 0 1 1 0 0 0 2 0 1 1 1 1 2 0 2
1 0 0 2 1 1 2 0 2 1 1 0 2 0 2 0 1 2 1 2 2 0 2 0 1 0 2 0 0 0 0 2 0 2 2 2 0 2 1 0 0 2 0 0 0 0 2 2 2 1 2 2 1 1 0 0 2 0 1 0 0 1 2 1 1 2 1 2 2 2 2 0 2 1 2 2 1 1 2 1 2 1 1 2 1 2 2 0 0 1 1 1 0 1 0 2 1 1 1 1 1 2 1 0 0 0 0 2 2 1 1 2 2 0 2
0 2 1 1 2 0 0 1 1 2 1 0 1 0 0 2 2 0 0 0 1 2 1 1 1 2 2 1 0 2 1 1 1 0 0 2 1 1 0 0 0 2 1 2 0 2 1 0 2 0 0 0 0 1 1 1 2 1 1 2 0 0 0 0 0 1 2 2 0 0 0 0 0 2 0 1 1 2 1 1 2 2 2 2 0 2 2 2 0 1 2 2 1 0 2 0 1 2 0 1 0 1 0 0 0 0 2 1 0 0 0 0 2 1 0
0 0 0 1 1 1 0 0 1 0 0 1 2 0 2 1 0 0 1 1 0 2 0 0 0 0 1 1 0 2 2 1 0 0 2 2 2 2 2 0 0 1 2 0 1 2 1 2 0 0 0 2 0 1 2 0 2 1 2 0 1 2 1 1 2 1 1 2 0 2 0 1 0 0 2 2 0 2 1 1 2 0 0 0 2 0 1 1 1 0 2 0 0 1 0 2 2 1 2 1 0 0 0 1 1 1 1 2 0 0 1 0 0 2 0
0 2 2 0 1 0 2 0 1 2 0 1 2 1 1 1 0 2 0 2 1 1 0 0 1 2 2 1 2 2 2 1 2 2 1 1 0 1 1 1 0 2 0 1 0 2 2 1 1 2 1 0 0 2 1 2 1 2 1 2 1 1 0 1 0 2 0 1 0 1 2 2 0 1 0 1 0 0 1 2 0 0 0 1 2 2 1 1 1 2 1 0 1 1 2 2 0 2 0 1 1 1 0 2 2 1 0 2 2 2 2 2 2 0 1
2 0 2 1 2 0 2 2 1 1 2 1 2 1 2 0 2 0 2 1 0 0 0 1 2 2 1 2 2 2 1 2 2 1 0 1 1 0 2 1 1 1 2 0 1 2 0 0 0 0 0 1 1 0 2 1 0 1 1 0 0 0 2 0 1 0 2 1 0 2 2 2 2 2 2 0 1 1 1 2 1 1 1 0 2 1 2 0 2 1 0 0 1 1 1 0 1 2 1 0 2 1 2 1 0 0 2 2 2 1 2 1 0 1 2
0 0 2 0 2 0 0 1 2 2 0 0 1 2 2 1 2 1 1 1 2 2 1 2 1 2 1 1 2 0 0 2 0 0 0 0 0 2 2 0 1 0 0 2 0 0 1 2 2 1 1 2 0 0 1 0 2 2 1 2 0 2 0 1 2 1 0 0 0 2 0 2 2 1 2 1 0 2 0 2 1 2 2 2 2 0 2 2 0 1 0 1 0 0 2 2 1 2 2 0 0 0 0 0 0 0 1 0 0 0 0 1 2 2 1
2 2 1 2 0 0 2 1 1 2 2 1 2 2 1 0 2 0 0 1 0 1 2 1 2 2 1 1 0 1 0 2 0 2 1 1 0 2 0 1 1 0 0 1 0 0 2 1 0 2 2 1 1 2 2 1 2 1 2 2 2 0 2 0 0 1 1 0 0 2 1 0 0 0 2 1 0 2 2 1 2 2 0 1 1 2 2 1 1 0 0 0 0 0 1 1 2 2 1 0 0 0 0 0 0 1 2 1 0 1 2 2 1 2 2
0 2 1 1 0 1 0 1 2 0 0 0 0 0 2 1 1 0 2 2 1 0 2 0 1 1 0 2 0 1 1 0 1 0 1 0 0 1 1 2 0 0 1 0 0 1 2 2 1 2 1 1 0 0 2 0 2 2 2 2 1 1 0 0 1 2 0 1 2 2 1 2 2 0 2 0 1 0 0 1 2 2 2 0 0 1 0 0 1 2 2 1 0 0 1 0 0 2 1 2 2 0 2 0 0 2 1 0 2 2 1 1 1 1 0
2 0 0 0 2 1 0 0 2 1 2 2 2 1 1 1 2 2 0 2 1 0 0 1 0 0 0 2 2 2 2 2 2 0 2 2 2 2 0 1 1 2 2 0 2 1 2 2 0 0 2 1 1 2 0 1 0 1 0 0 0 1 2 2 2 1 0 1 2 0 0 1 0 2 2 0 1 2 2 2 0 1 1 1 2 0 0 0 1 0 0 2 2 1 2 1 2 2 2 2 2 0 1 1 0 1 1 0 0 2 2 0 1 1 2
0 1 2 1 1 1 0 0 0 1 2 2 1 0 2 1 0 0 0 1 2 2 1 2 0 1 2 2 2 0 1 1 0 2 0 1 0 0 2 0 1 2 0 0 2 0 2 1 1 0 2 0 2 1 2 0 2 1 2 0 0 1 1 1 0 1 0 1 2 2 2 1 1 1 2 2 1 1 0 0 1 0 1 1 2 0 0 2 0 2 2 0 1 1 1 2 1 1 0 1 1 1 2 0 2 2 0 1 1 0 1 1 2 2 0
2 1 0 2 1 0 2 2 2 1 1 2 2 0 0 0 1 1 0 1 0 0 2 1 1 0 0 2 0 0 0 2 1 1 2 0 1 2 2 1 0 1 1 0 1 1 1 2 0 2 2 0 2 2 0 2 0 0 2 1 0 0 0 0 2 0 1 1 2 2 0 0 0 1 1 2 0 2 2 0 0 2 1 0 1 1 2 2 2 2 0 1 0 1 2 2 2 0 1 1 2 2 2 0 1 1 0 1 2 0 2 2 0 1 2
2 1 0 1 0 0 2 2 0 2 1 1 1 2 0 0 1 2 1 2 0 2 2 2 2 0 2 1 0 2 2 0 0 0 0 1 0 2 1 0 2 2 1 1 2 2 0 1 2 1 1 2 1 1 0 2 2 0 0 0 2 0 0 2 0 0 1 1 1 0 2 0 2 1 2 0 1 0 2 1 1 0 1 0 1 1 2 0 2 1 0 1 2 1 2 1 2 0 2 0 0 2 1 0 2 1 0 1 2 2 2 1 0 0 1
2 0 2 1 0 1 2 1 0 0 1 1 0 1 1 1 2 0 0 1 0 1 2 1 1 0 0 2 0 2 1 0 2 1 1 2 2 1 1 2 2 0 2 0 2 1 2 2 2 0 1 0 2 0 1 1 0 0 1 1 2 0 2 1 1 1 1 0 0 2 0 1 2 0 1 2 1 1 2 1 2 0 1 2 1 0 0 2 0 2 1 0 2 0 1 0 0 0 1 1 0 0 2 0 0 2 0 0 1 2 1 1 0 0 0
2 1 2 2 2 1 0 2 2 2 2 0 2 2 2 1 0 0 1 1 0 1 1 1 2 2 2 1 2 0 2 2 2 1 1 2 1 2 2 0 1 2 0 1 0 0 2 0 0 0 1 2 1 1 0 1 0 1 0 0 2 2 0 2 2 1 1 0 0 2 1 1 1 2 2 1 1 2 0 2 0 1 2 0 0 1 2 0 2 2 1 2 2 1 2 1 0 0 2 1 0 0 0 2 1 0 1 2 0 1 2 1 1 2 1
1 0 1 0 0 1 2 2 1 0 1 2 0 0 2 2 0 0 0 0 1 1 2 1 2 1 1 0 2 0 0 2 1 2 2 1 1 1 0 2 2 2 1 0 2 0 1 0 1 1 1 0 0 1 0 2 2 1 0 0 2 1 2 0 1 1 2 0 0 2 2 0 2 0 0 2 2 1 0 1 0 2 2 0 0 2 0 2 0 1 2 0 0 2 1 2 1 0 2 1 1 1 1 0 0 0 0 0 2 1 1 0 0 0 1
1 1 2 0 2 1 1 0 1 1 2 1 0 1 0 2 2 0 2 0 1 0 0 1 2 2 0 0 0 1 2 1 2 1 0 2 2 2 0 1 0 2 2 0 0 1 1 2 2 0 0 0 0 1 1 0 2 1 1 2 0 0 1 0 2 1 2 2 1 2 0 1 2 1 0 0 2 1 0 2 2 1 2 0 1 1 0 1 0 1 0 0 2 2 0 1 1 0 1 2 2 2 1 0 0 1 0 0 0 1 2 2 1 1 2
0 0 0 1 0 0 1 0 2 2 1 2 0 2 0 0 0 0 2 0 0 1 1 1 2 2 1 1 1 0 1 1 0 2 2 0 2 2 1 0 1 0 2 1 2 0 2 0 1 1 0 2 0 1 2 2 2 0 1 0 1 0 0 1 0 2 2 0 1 1 0 2 2 2 2 2 1 1 0 2 1 0 2 1 0 1 2 2 0 0 0 1 1 0 0 2 1 0 2 0 1 0 0 1 0 0 1 2 1 1 2 0 2 2 0
2 1 2 1 1 0 0 0 2 1 1 1 2 1 2 1 1 2 2 2 0 2 0 0 1 1 2 2 2 2 0 1 1 2 1 0 2 1 1 2 0 2 1 1 0 0 2 1 0 1 2 1 0 2 2 2 2 2 2 1 2 2 0 0 2 1 0 2 0 2 2 1 1 1 2 0 2 2 2 0 0 1 2 1 2 1 1 2 1 1 0 1 0 0 2 0 0 2 0 0 0 0 2 1 1 2 2 1 1 2 0 2 1 2 1
0 2 0 2 1 1 0 2 2 2 1 0 2 1 0 0 1 1 0 1 1 2 0 2 1 0 0 0 0 0 0 0 0 0 1 1 2 2 1 1 1 2 2 1 1 0 2 1 2 2 2 0 1 0 0 0 2 1 2 2 2 2 0 2 2 1 1 1 1 2 0 0 1 2 2 0 1 1 1 0 1 1 1 0 0 2 1 2 1 0 2 0 0 2 0 0 2 1 2 1 0 2 1 2 0 1 0 1 2 2 2 1 1 0 2
2 0 0 1 2 1 0 0 1 0 1 2 2 2 1 0 1 0 2 0 0 0 1 2 1 1 1 2 0 2 2 2 0 2 1 2 1 2 2 0 2 1 2 2 2 0 2 0 2 2 1 0 1 0 0 0 2 1 0 0 2 0 0 2 2 1 2 1 1 2 2 0 1 2 2 0 2 0 1 1 0 2 0 1 0 0 1 0 2 2 0 1 2 0 1 2 2 0 1 0 1 1 2 2 0 2 0 0 2 1 0 0 1 0 2
0 1 1 0 0 1 1 0 0 2 1 0 0 0 2 0 1 0 0 1 1 0 1 2 0 0 2 0 2 0 0 2 1 2 0 0 0 2 0 1 2 2 1 2 2 0 1 1 1 1 2 0 1 1 0 2 2 2 0 0 0 1 2 2 1 0 2 1 2 2 0 0 0 2 2 0 0 0 2 0 0 2 0 1 2 1 1 2 2 0 2 2 1 0 2 0 0 2 2 1 2 1 1 2 1 1 0 2 2 2 0 2 2 2 1
1 0 1 2 2 1 1 2 0 1 2 1 0 1 2 1 0 0 0 1 1 1 1 1 1 1 2 1 0 1 1 0 1 2 0 1 0 1 1 1 1 0 0 1 2 2 0 1 2 0 2 1 2 1 2 1 2 1 0 0 0 1 1 2 0 1 1 1 0 2 0 2 0 0 0 2 0 0 1 0 1 0 1 1 1 1 2 1 1 1 2 1 2 1 0 1 0 2 2 1 2 0 0 0 1 1 0 1 1 2 1 0 0 0 1
2 2 2 0 1 0 0 2 0 2 1 1 0 0 1 1 0 1 2 0 0 0 1 2 2 1 1 2 1 2 1 0 1 0 2 0 1 0 0 2 0 2 0 0 0 2 1 1 2 1 2 0 1 1 2 1 2 1 0 2 1 0 0 0 1 2 1 0 1 2 0 1 1 0 2 2 0 1 0 0 0 1 0 2 0 2 1 0 1 2 2 0 2 2 0 1 0 1 2 1 1 2 0 2 0 2 2 1 2 0 1 2 2 1 1
0 1 0 0 0 0 0 1 2 0 1 1 1 1 0 0 2 2 1 0 1 1 0 2 0 0 1 0 0 0 2 1 2 0 1 0 0 2 1 0 0 0 2 2 2 0 2 2 0 0 2 1 2 2 2 2 1 0 0 2 1 0 0 1 0 2 1 2 2 0 0 2 1 2 1 1 2 1 0 1 1 1 2 1 1 2 2 0 0 2 2 2 0 0 0 1 2 2 0 1 0 0 1 1 0 0 0 0 1 2 1 1 0 2 0
2 1 2 0 0 2 2 2 2 1 0 2 0 2 0 0 0 1 2 2 2 2 1 0 2 0 0 1 1 2 1 0 1 2 1 1 1 2 1 2 0 1 1 0 2 1 1 2 0 0 2 0 1 0 1 1 1 1 2 2 1 1 1 2 0 2 2 2 1 0 2 1 0 0 0 2 2 1 2 1 0 1 1 1 0 0 2 1 1 1 1 2 0 2 0 1 1 0 1 1 1 0 2 1 1 2 1 0 2 0 2 2 0 2 0
0 2 0 2 1 2 0 1 2 0 2 0 0 0 1 1 2 1 1 1 2 2 1 1 1 1 1 0 1 0 1 2 0 2 2 2 1 0 1 0 2 1 2 2 2 1 1 1 1 0 1 1 2 2 0 1 1 2 1 1 2 0 1 0 2 0 2 1 2 2 0 1 0 2 1 2 0 0 2 1 0 1 1 0 1 1 1 0 0 1 1 1 2 0 1 0 1 2 1 0 1 1 2 2 1 0 2 0 1 1 2 2 0 0 0
2 2 2 0 2 1 1 0 1 2 0 2 1 2 1 2 0 1 2 2 2 0 1 2 2 1 2 2 2 2 2 2 1 1 2 2 1 1 0 0 1 0 2 0 2 1 2 2 2 2 2 0 1 1 0 0 0 2 0 2 0 2 2 2 1 1 2 0 0 0 0 1 0 0 1 0 2 1 0 2 1 0 2 0 2 0 1 0 0 1 0 1 1 0 1 0 2 1 1 2 1 1 1 2 0 0 0 2 0 0 1 1 1 2 1
1 2 0 1 2 1 0 1 2 0 0 2 2 1 1 0 0 0 2 0 1 0 0 0 0 1 2 2 1 1 1 0 0 1 0 1 0 0 0 2 0 0 2 0 1 1 1 2 2 1 0 0 2 1 1 0 1 0 2 2 0 1 2 1 0 2 2 0 2 0 0 0 0 2 2 0 1 0 0 0 2 1 1 1 2 2 1 0 1 1 0 2 0 1 0 0 0 1 0 1 1 1 2 2 1 2 0 0 1 0 1 0 2 0 0
0 1 2 1 0 1 2 2 1 0 2 0 1 1 1 0 0 0 1 0 1 0 0 1 1 1 0 0 2 2 1 2 0 0 0 0 1 2 0 1 0 0 1 2 2 2 0 0 2 1 0 1 2 1 1 1 0 2 2 2 1 0 1 2 1 2 0 0 2 0 1 0 1 0 0 1 1 1 1 1 0 2 0 0 0 1 2 0 0 0 1 0 0 2 2 2 2 0 0 0 0 2 1 2 1 1 1 2 0 2 0 0 1 1 1
2 0 1 1 2 1 2 2 2 2 1 2 0 1 0 0 0 0 1 0 1 0 2 1 0 2 2 1 2 1 0 1 2 1 0 1 0 0 0 1 0 2 0 0 1 1 0 2 1 1 2 0 1 2 1 2 2 1 0 1 0 2 0 2 0 1 0 2 1 1 0 1 0 1 2 2 2 2 1 0 1 2 0 0 1 0 0 0 1 1 2 1 0 0 0 2 1 1 2 2 2 2 2 0 1 2 2 0 0 1 1 1 1 2 0
2 2 1 1 1 2 0 0 1 0 1 0 2 0 0 0 2 0 2 0 1 2 0 1 2 2 0 1 0 2 2 0 2 0 1 2 0 0 2 1 1 1 2 1 1 2 1 2 2 1 2 1 0 0 0 0 2 1 2 0 1 2 1 1 2 0 0 2 1 0 2 0 1 1 1 1 2 0 1 2 2 0 1 2 1 2 0 1 0 0 0 2 2 1 1 2 2 2 0 1 2 2 2 1 1 1 2 1 1 0 1 1 2 0 1
1 2 2 0 0 0 0 0 1 2 1 0 2 0 0 1 2 2 1 1 2 2 2 0 1 0 1 2 0 2 0 1 2 0 0 0 2 0 0 0 0 2 0 0 2 1 2 2 1 0 0 0 0 0 2 1 1 1 1 1 1 2 1 1 0 1 2 2 1 0 2 2 2 0 0 1 2 2 1 2 0 2 0 1 0 2 0 1 1 1 0 2 1 1 1 2 2 0 2 2 0 2 2 2 2 0 1 0 0 2 2 2 1 0 0
1 0 1 0 1 2 1 1 1 0 2 1 1 0 0 1 0 0 0 2 1 0 1 1 2 0 1 1 2 1 1 2 2 2 2 0 0 1 2 2 0 2 1 1 2 2 2 2 0 0 2 2 2 1 0 1 1 2 2 2 1 0 1 1 1 1 2 1 1 2 0 1 2 2 0 2 2 0 2 0 0 0 2 0 1 0 1 1 2 0 0 1 2 2 2 0 0 2 2 2 2 2 0 1 2 1 1 2 2 1 2 1 2 2 1
0 2 0 2 2 1 2 0 0 1 0 1 0 0 0 2 2 0 1 0 0 2 0 0 0 1 2 1 1 1 2 2 1 0 2 0 2 1 0 0 1 1 2 1 1 2 0 1 0 1 0 1 2 0 1 2 2 0 0 0 2 0 2 0 1 1 1 0 1 0 0 2 1 0 1 1 0 1 0 0 1 0 0 0 1 1 0 0 0 1 1 2 1 1 1 2 0 2 0 2 2 2 1 2 2 2 1 2 2 1 1 1 0 1 2
1 0 2 2 0 0 1 1 2 0 0 0 1 0 0 0 0 2 0 0 0 0 1 0 0 0 1 1 0 0 1 2 2 0 2 2 1 0 1 1 1 1 1 0 2 2 1 0 0 1 1 0 0 2 1 1 0 0 0 1 1 2 1 0 0 0 1 2 0 0 1 2 2 0 2 2 0 1 0 1 0 1 2 0 1 0 0 1 1 0 2 1 0 1 2 0 1 0 1 0 1 2 2 1 1 2 0 1 1 1 0 1 2 2 0
0 0 0 1 2 1 2 1 1 0 0 0 2 2 1 0 0 1 2 2 2 2 0 1 0 1 1 0 0 1 0 0 0 0 2 2 1 1 0 0 0 1 0 0 0 2 0 1 1 0 0 0 0 1 0 1 2 1 1 0 1 2 1 1 2 2 1 1 1 2 0 1 0 0 1 1 0 2 0 1 0 1 2 1 0 2 0 1 2 2 2 1 1 1 2 2 1 1 1 2 1 1 1 1 0 0 0 0 1 1 2 2 0 2 0
1 0 0 2 2 0 2 1 0 1 1 0 2 2 1 1 0 1 0 2 1 2 1 1 0 2 1 2 0 1 0 1 1 1 1 1 2 1 2 2 2 0 2 2 0 1 0 1 2 2 1 0 1 0 2 2 2 1 2 0 0 0 2 1 1 1 1 1 2 0 0 2 2 0 1 2 0 2 2 2 2 1 1 1 1 1 1 1 0 0 1 1 1 1 0 2 0 1 2 2 0 2 0 2 1 1 2 1 1 2 1 0 0 0 1
2 2 0 0 0 1 2 1 2 1 2 0 1 2 2 1 2 2 1 2 0 1 2 2 2 0 2 1 0 2 0 0 1 1 1 1 2 1 0 2 0 1 0 1 0 2 0 0 1 0 0 0 1 2 0 0 2 2 2 1 2 0 2 1 1 0 0 0 2 1 0 2 2 0 1 0 2 2 0 2 0 0 0 1 1 0 2 1 0 2 0 0 2 2 1 0 1 2 1 1 1 2 1 1 2 2 0 0 2 0 2 2 2 2 0
0 0 1 2 0 0 0 1 0 0 0 0 2 2 2 1 0 1 2 0 2 2 0 2 0 1 2 2 0 2 1 1 2 2 2 1 0 0 2 0 0 2 1 0 2 0 2 0 2 1 1 2 1 2 1 1 1 1 2 2 0 0 1 0 0 1 1 0 1 2 1 1 1 0 2 1 0 1 0 0 0 1 2 0 1 1 1 0 2 0 2 2 1 1 0 1 2 2 2 0 1 1 2 0 1 2 2 2 2 0 0 2 0 0 2
2 1 2 2 2 0 1 1 2 0 2 1 0 2 1 1 1 2 1 2 1 0 2 1 2 2 1 0 0 2 0 2 2 0 1 1 1 1 0 0 2 0 1 2 0 0 0 1 1 1 1 0 0 1 1 2 1 0 0 2 0 1 1 2 1 0 1 0 1 1 0 0 1 0 0 2 0 1 1 2 2 0 2 2 1 0 0 2 2 0 1 2 2 0 2 2 1 1 2 0 2 1 1 2 2 1 1 0 2 0 0 0 0 2 0
1 1 0 2 0 2 0 0 2 1 0 2 0 1 0 0 0 1 2 0 1 1 2 1 1 2 2 2 0 0 0 2 1 1 1 2 1 0 2 2 1 0 1 0 1 1 0 2 0 1 0 1 0 0 1 1 2 1 2 0 1 2 0 0 1 2 2 1 2 2 0 2 2 1 2 1 0 0 1 1 1 2 0 1 2 2 1 1 0 0 0 0 0 0 0 1 2 1 2 0 0 2 2 0 2 1 1 2 1 0 0 1 2 1 2
1 1 1 1 0 1 1 0 1 2 1 1 2 2 0 2 0 1 2 1 0 0 0 0 0 1 1 2 0 1 2 0 2 1 1 2 2 0 0 2 0 2 0 2 2 1 0 2 2 2 1 0 1 2 1 2 0 0 1 1 1 0 1 1 2 0 2 2 1 2 2 1 2 2 1 2 0 2 2 1 2 1 2 0 0 1 0 1 1 2 2 0 1 1 1 0 2 1 0 1 1 2 2 0 1 1 0 0 1 0 2 1 1 1 2
1 2 0 2 1 2 2 1 0 1 1 1 1 0 2 2 1 2 2 0 1 2 0 1 0 0 1 1 2 0 1 0 0 2 0 2 1 1 1 0 2 0 2 0 2 1 0 0 1 1 1 0 0 0 2 0 0 1 2 0 2 1 1 0 0 0 0 2 1 0 0 1 1 2 2 0 2 0 1 0 1 0 1 1 0 1 2 2 0 2 0 0 0 1 0 1 2 1 0 1 1 1 0 2 1 0 0 1 1 2 0 0 2 1 2
0 0 2 0 0 2 0 0 2 2 1 1 0 2 2 1 1 0 2 0 2 0 1 1 2 0 1 0 1 0 0 2 1 0 2 1 0 2 0 1 1 1 2 1 1 1 1 0 2 1 1 2 2 0 1 1 1 0 2 2 0 2 1 2 0 1 1 1 0 2 0 0 1 2 2 0 1 1 0 1 0 1 1 2 1 2 1 0 0 1 0 2 0 2 1 2 0 0 1 2 2 1 0 0 0 2 0 2 1 1 1 2 0 2 1
2 0 0 0 1 1 1 0 2 1 2 1 2 0 2 1 0 1 2 1 2 2 2 1 1 0 0 0 1 1 2 1 2 0 1 0 1 0 2 1 1 2 1 2 2 0 1 2 0 1 1 2 0 1 1 2 2 2 0 1 1 0 2 0 0 1 1 2 2 0 0 1 2 1 0 0 0 2 2 0 0 1 0 1 2 1 1 2 1 1 1 2 1 0 0 1 2 2 0 2 0 1 2 1 0 2 1 1 2 1 1 0 0 2 2
0 0 1 0 0 2 1 0 1 2 1 0 0 1 1 2 1 0 1 2 1 2 0 2 2 0 1 1 0 0 0 1 1 2 0 1 2 2 2 1 2 1 1 2 2 0 2 1 1 1 1 2 0 2 2 2 2 0 0 0 1 2 0 2 2 0 2 1 2 2 0 2 1 2 2 0 0 2 2 2 0 1 1 1 2 0 1 2 1 2 0 2 2 1 2 1 1 2 0 1 1 1 1 2 1 0 0 2 0 0 1 0 2 0 2
1 0 1 1 2 1 1 2 0 0 2 2 1 2 0 2 1 2 1 2 0 0 2 0 1 0 1 2 0 2 2 2 2 0 0 2 2 2 1 0 2 2 2 0 1 1 1 2 0 0 1 1 1 2 2 0 0 2 0 1 1 2 1 2 1 1 1 0 1 1 1 0 0 1 2 2 2 1 1 0 2 1 2 1 0 1 1 0 0 2 0 2 1 1 1 0 2 0 1 1 2 0 2 2 1 2 1 1 1 1 2 0 2 1 1
0 0 0 1 2 2 1 1 2 2 0 0 0 1 1 1 1 2 1 1 1 0 0 0 1 2 0 0 1 1 2 2 2 1 0 1 1 2 0 0 2 0 1 2 0 0 1 1 0 2 2 2 1 0 0 0 0 0 0 1 2 1 1 1 2 2 0 0 2 0 2 1 2 0 1 0 1 0 1 2 0 1 1 1 0 1 2 0 2 0 0 1 1 1 1 0 1 1 2 0 2 1 0 2 2 2 2 0 2 1 0 2 1 2 2
2 2 2 0 1 0 0 1 2 0 2 0 2 1 0 1 0 1 1 1 0 1 0 2 0 2 2 0 1 2 0 0 1 2 0 1 0 2 0 0 0 2 1 2 0 2 0 1 0 2 2 2 0 0 1 1 0 1 0 2 0 0 2 0 0 0 2 1 2 2 2 0 2 0 0 2 2 1 1 1 2 1 0 0 2 1 2 0 0 2 2 0 0 2 1 1 2 0 2 0 0 1 0 2 0 1 1 0 1 0 1 1 2 2 1
1 1 0 2 1 0 2 0 1 1 1 2 1 0 0 2 0 1 1 0 2 0 2 0 1 0 1 0 2 2 2 1 0 0 1 0 1 0 0 2 1 1 2 1 1 2 0 0 2 1 0 1 2 0 1 1 1 1 2 1 1 2 1 1 2 2 2 0 1 2 0 2 2 0 1 0 0 2 0 2 1 1 1 1 2 0 1 1 1 0 2 2 2 1 2 2 1 1 0 2 1 1 2 0 2 2 1 0 2 0 2 0 2 1 0
1 2 1 2 1 2 0 1 1 1 1 1 0 0 1 2 2 1 0 0 0 2 2 0 1 0 0 2 2 1 2 2 1 1 2 0 0 2 2 2 2 0 1 2 0 0 0 0 1 1 1 2 1 0 0 0 1 1 2 1 1 0 1 2 1 0 2 0 1 1 2 0 2 0 0 1 2 0 2 0 2 0 0 0 2 2 0 0 0 1 2 1 1 0 1 0 1 1 1 0 1 1 0 0 2 0 1 1 2 1 2 1 2 0 0
1 2 0 1 0 1 1 2 0 2 1 2 1 0 0 1 2 1 2 2 1 1 2 0 0 0 2 2 0 1 2 1 0 0 0 1 2 2 1 1 1 0 0 1 0 1 2 2 1 2 0 0 0 0 0 1 1 1 0 2 2 1 0 2 2 1 2 1 1 0 0 1 0 0 2 2 0 1 2 1 1 0 1 1 0 2 2 2 0 1 1 2 2 2 0 2 1 2 0 2 0 1 0 1 2 2 1 2 2 1 1 0 2 0 0
1 0 0 1 0 1 2 0 1 2 1 1 0 0 2 1 0 1 2 2 1 0 1 2 0 0 0 0 2 1 1 1 1 2 2 2 1 1 0 1 2 1 2 0 1 2 1 2 1 2 2 0 2 1 0 2 1 0 0 1 2 2 0 1 2 2 1 1 2 2 2 1 1 2 1 0 2 1 0 1 1 0 2 1 1 2 1 0 2 1 1 0 1 2 2 1 2 1 0 1 1 2 0 2 2 2 2 2 1 0 1 2 0 0 0
2 2 1 2 2 1 2 2 2 1 2 2 0 0 2 2 2 2 0 1 2 0 2 2 1 2 0 1 1 0 2 0 2 1 1 1 2 0 2 2 1 2 1 2 0 0 2 0 0 0 2 0 0 1 2 2 2 2 1 0 0 1 1 2 2 2 1 2 2 0 1 1 2 1 1 0 1 0 0 2 0 2 0 1 2 2 2 1 2 0 2 0 2 0 2 2 0 1 1 2 2 1 0 2 2 1 0 1 0 1 2 1 0 2 0
0 0 0 1 0 1 0 1 1 1 0 0 2 2 0 1 0 2 0 0 1 2 0 0 2 1 0 1 2 0 2 0 1 2 2 1 0 1 2 2 0 1 1 2 1 1 1 1 0 1 2 2 1 2 0 1 1 1 2 2 2 2 0 0 1 0 1 0 1 1 0 1 0 1 1 1 0 0 1 1 1 0 0 0 1 2 2 0 0 2 0 2 2 0 2 0 1 1 1 0 0 0 0 0 1 1 0 2 2 2 0 2 2 2 2
1 2 2 0 2 2 0 2 1 1 2 2 0 0 1 0 1 2 1 2 0 1 2 0 0 1 2 2 2 1 0 1 1 2 1 1 1 2 0 2 1 0 2 2 1 1 2 0 0 2 0 1 0 0 2 0 0 1 1 2 0 1 1 1 0 0 2 2 0 0 1 1 0 1 0 2 2 0 0 0 0 0 2 0 1 1 1 1 2 2 1 0 0 0 1 1 0 1 0 1 1 0 2 2 1 0 1 1 1 1 1 2 2 0 0
1 2 2 0 2 1 2 2 2 2 1 2 0 2 2 1 1 2 1 1 1 2 0 0 0 2 2 0 0 1 1 2 0 0 2 0 0 2 2 0 1 2 2 1 1 0 0 1 2 1 2 1 0 0 1 2 1 2 2 1 0 1 1 0 2 1 1 0 1 2 0 2 1 1 2 2 1 2 0 1 2 1 0 2 1 2 1 2 1 2 1 1 0 2 0 0 1 1 0 0 0 2 2 1 0 2 2 2 0 0 0 2 1 0 1
0 1 1 0 2 0 2 1 1 1 1 2 0 2 0 0 1 2 1 0 0 1 0 2 1 1 1 0 0 1 0 1 0 2 2 0 2 1 1 1 0 0 0 2 0 1 0 1 1 2 0 2 1 0 2 2 2 0 1 0 0 2 2 0 1 2 0 0 0 2 2 2 0 0 2 1 2 2 0 0 2 0 0 0 2 1 0 1 1 2 2 2 1 2 1 2 1 2 0 0 0 0 0 0 0 0 1 0 2 0 1 2 0 2 0
