3 116 19
384713655 1122819274 1108563169 64089550 493670499 1059483035 141456963 1052975888 966579965 1076142151 273204013 20054205 1126198769 845940977 559485341 387920322 672865238 451258226 838617177 398060206 256108490 543960695 78969317 1110155608 281248247 1011299527 742150444 25604784 519469090 851493341 707774466 890389099 1121861338 592998160 1141198398 346054982 939746688 569364600 395600496 1120099254 689785062 1131873729 92102283 1150421354 998095759 837035002 239718359 57375792 193201097 824290871 275109675 1020344792 703861027 323826675 690182900 772370156 908930810 978784022 827251402 776169619 839587234 110493405 602922438 932401994 640800345 815595786 595653981 251321821 938392718 628809231 120373856 848544167 199477454 333066124 814600894 896204839 1124281795 131092210 492821528 478864036 262238489 431114904 96871811 236334844 274240588 650986107 97286856 333141598 97047188 153847146 920078718 600511317 541120823 151770793 634652339 850778023 856332326 1076226022 144398298 967277341 1123630546 157623948 767062758 532704546 1143453267 554071159 958484194 169013312 530200238 451430617 1089287717 111068345 372564574 375535026 741757676 1038324183
0 0 2 0 1 1 1 2 1 2 2 0 1 2 1 1 2 0 0 2 1 2 1 0 2 0 1 0 1 0 2 2 1 2 2 2 0 2 2 2 1 2 0 2 1 2 1 1 2 2 0 1 1 2 2 0 1 2 0 2 0 0 1 2 2 2 2 0 1 1 1 0 1 1 0 0 1 2 1 1 1 0 0 2 2 0 0 0 0 1 1 1 0 0 1 2 2 0 1 1 0 2 0 1 1 1 2 0 0 1 2 2 2 0 2 2
0 2 1 2 1 2 0 1 2 1 2 2 2 0 1 2 0 1 2 1 0 1 2 0 0 1 0 2 1 2 2 0 2 0 2 2 2 0 0 2 2 2 2 1 0 1 2 1 0 1 0 1 2 0 2 0 2 1 0 1 1 0 2 1 1 1 1 1 2 1 1 1 2 0 1 0 1 1 2 0 2 0 2 2 0 1 0 0 0 2 2 2 2 1 0 1 1 2 2 0 0 0 0 0 2 2 1 1 0 1 1 2 1 1 2 2
0 0 0 0 2 0 2 2 2 0 0 1 0 1 2 1 2 0 2 1 2 1 0 2 2 2 2 1 1 1 2 2 2 2 0 2 0 1 2 2 2 0 1 0 1 1 2 2 2 1 0 1 0 1 0 0 1 0 2 0 2 1 2 2 1 2 1 2 1 1 2 1 2 1 1 1 0 0 0 2 1 2 0 2 1 1 0 0 1 0 0 2 2 0 1 1 1 0 0 2 2 2 0 2 1 1 0 1 2 2 2 2 2 2 1 1
2 2 2 1 0 0 0 2 1 1 1 0 0 1 2 2 2 0 2 1 2 0 2 2 0 2 2 2 2 1 2 2 1 2 0 2 2 1 0 1 0 1 1 0 1 2 0 0 2 0 1 2 1 1 2 1 1 1 2 1 0 1 0 2 0 0 1 0 2 2 0 1 1 2 2 2 1 0 0 1 0 1 1 2 2 0 1 1 0 0 2 1 2 2 0 0 1 2 1 0 0 1 2 1 1 2 1 0 2 1 2 0 0 1 0 0
2 2 2 2 0 1 0 2 2 1 0 0 2 1 1 2 0 1 0 2 0 2 2 0 1 1 1 2 2 2 2 0 1 1 2 2 1 1 2 1 2 2 1 1 1 0 0 2 2 1 2 2 1 1 0 0 1 2 2 1 2 2 1 1 1 2 1 0 0 1 1 0 0 0 0 2 2 0 2 1 0 1 2 2 1 2 0 0 2 0 2 2 0 2 1 0 1 2 1 1 1 0 2 2 1 2 2 0 1 0 0 2 2 2 1 0
2 2 1 0 1 1 0 1 0 2 2 2 1 1 1 1 1 0 1 0 0 0 2 2 1 2 1 1 2 0 2 2 1 1 2 2 0 2 1 1 1 1 0 1 2 1 2 1 2 0 2 0 1 1 2 0 1 1 1 1 2 1 1 0 0 0 0 0 1 1 2 0 0 2 2 2 1 1 1 2 2 1 2 2 0 2 0 2 0 1 0 0 0 1 1 1 0 1 1 2 0 1 2 0 1 2 1 1 1 0 0 2 1 2 1 0
2 1 2 1 0 0 1 0 0 0 2 1 1 1 0 2 0 0 1 2 2 0 0 2 0 0 1 0 1 0 0 0 1 0 1 2 1 1 0 1 1 0 0 0 2 0 1 2 2 0 2 1 0 0 1 1 1 2 1 2 2 2 0 1 2 2 0 1 0 1 0 2 1 1 1 0 2 0 0 1 0 2 1 1 0 2 0 0 0 0 2 0 2 0 2 0 0 0 2 1 1 2 1 0 1 0 1 2 0 2 1 1 0 0 0 0
1 0 0 1 0 1 2 0 1 2 1 2 0 0 1 2 2 0 1 2 0 2 2 1 2 0 2 2 2 2 0 0 0 2 2 1 0 1 2 2 1 0 2 2 0 0 1 0 1 2 0 2 0 2 0 2 1 0 2 0 0 2 1 0 2 0 1 2 2 1 2 1 1 2 0 2 2 0 0 1 2 0 0 2 1 1 2 2 1 1 0 2 2 1 2 1 2 2 2 1 0 2 1 0 1 1 2 1 1 2 2 2 1 0 2 0
1 2 0 0 1 0 2 1 2 1 1 1 1 1 0 0 0 1 0 2 1 2 0 0 0 0 0 2 1 0 2 2 0 2 0 1 0 2 1 2 1 0 1 1 1 1 1 2 1 1 1 0 1 2 0 2 0 1 1 1 2 0 1 2 0 2 1 0 1 2 2 0 2 0 1 1 0 0 0 2 1 2 2 1 1 0 0 2 2 0 0 1 1 2 0 2 1 2 2 0 2 0 1 0 1 0 2 2 1 0 1 0 2 1 1 2
2 0 1 2 0 0 1 1 0 2 1 0 1 2 0 2 0 2 0 1 0 2 2 2 0 0 2 1 0 2 0 0 2 2 2 0 0 1 2 1 1 1 1 0 1 1 2 1 2 0 2 2 0 2 1 0 1 1 1 1 0 2 2 0 2 1 0 2 1 0 1 2 2 0 2 0 0 0 1 2 0 1 2 0 1 0 2 2 1 0 1 0 1 0 0 0 2 1 0 0 2 0 2 2 0 0 0 0 1 2 0 1 1 2 0 2
2 0 2 2 1 1 2 2 1 0 0 2 2 1 2 1 2 0 1 2 1 2 1 2 1 1 0 0 1 1 0 1 1 1 1 0 2 1 2 1 2 0 0 1 2 0 1 2 0 2 2 1 0 0 1 1 0 2 1 2 1 0 0 0 1 0 1 0 1 0 2 0 1 0 0 1 1 1 0 2 1 0 2 1 1 0 0 1 0 2 1 2 0 0 0 1 0 1 2 1 2 2 0 2 0 0 0 2 2 2 2 0 0 1 0 2
0 1 2 0 1 0 0 2 0 0 0 0 2 0 0 2 0 1 1 1 2 2 0 1 2 2 2 2 2 0 2 2 1 1 0 0 1 1 2 0 2 0 1 2 1 2 2 2 0 0 0 0 2 1 2 2 0 0 2 0 0 2 2 2 0 1 0 0 0 2 0 2 0 2 2 1 2 1 1 0 2 1 1 0 2 0 0 1 0 2 1 2 2 2 1 0 0 1 1 0 1 2 0 1 2 1 1 1 0 2 1 0 2 0 0 2
1 0 1 2 0 1 1 0 0 0 1 1 2 2 2 0 0 0 0 2 1 2 0 0 2 2 0 1 0 1 2 2 2 0 2 2 1 2 1 2 2 0 1 2 0 0 0 0 2 1 2 0 0 0 1 0 0 1 2 0 0 1 0 2 0 2 0 2 1 2 2 1 2 0 1 2 2 2 0 1 1 2 2 2 0 1 0 0 0 0 1 1 2 2 1 2 1 2 2 1 1 2 0 0 0 1 0 2 1 0 1 2 0 1 2 1
0 2 2 1 0 0 2 0 2 2 2 2 1 2 0 1 1 0 1 2 2 2 2 0 2 1 1 1 0 0 2 1 0 2 2 2 0 2 2 1 2 2 0 1 0 1 2 2 2 1 1 1 0 2 2 1 1 0 2 1 1 2 2 0 1 1 2 0 1 2 1 1 1 2 0 2 1 2 2 0 0 1 2 2 0 1 0 1 2 0 0 0 0 0 1 0 0 0 0 2 2 2 1 2 1 1 1 0 1 0 0 2 2 0 2 0
2 0 0 1 1 1 0 1 2 1 1 0 0 1 2 2 1 1 2 0 2 1 0 1 2 1 1 1 1 1 0 1 1 0 0 2 1 1 0 1 1 2 1 1 1 2 1 0 0 1 0 1 2 2 2 1 0 1 1 0 2 2 1 0 2 2 0 1 1 0 1 2 0 2 1 0 1 2 1 0 0 2 1 0 1 1 0 2 0 1 2 2 1 1 0 0 1 0 2 2 1 0 2 2 1 1 2 0 1 1 0 2 0 2 0 2
0 0 2 0 2 2 0 0 1 0 1 2 1 1 0 0 0 0 0 1 2 0 2 1 1 0 0 2 2 1 1 1 2 1 1 1 0 2 2 1 0 0 2 0 0 2 1 0 2 2 1 2 2 0 0 1 1 2 0 2 0 0 1 0 1 2 2 2 2 2 1 1 0 0 2 0 0 0 0 1 2 2 0 2 1 1 0 0 0 1 2 1 1 0 2 0 1 2 0 1 2 2 0 0 1 2 2 1 2 0 0 2 0 1 1 2
0 2 2 0 1 0 2 2 1 2 0 2 2 1 2 2 1 2 2 0 2 2 1 2 0 2 2 1 1 0 0 1 0 2 2 2 0 1 2 2 1 1 2 0 2 1 0 1 2 0 1 2 0 1 1 0 1 0 1 2 2 2 0 2 0 0 2 0 1 1 2 1 2 0 2 2 2 0 1 1 0 0 0 0 1 2 2 2 0 1 1 2 1 2 2 2 2 1 0 1 1 1 0 0 1 0 0 0 0 2 2 1 0 0 1 1
0 1 1 2 1 2 1 2 2 2 2 2 1 2 1 2 0 2 1 1 2 2 0 2 2 0 0 2 0 2 1 2 2 2 1 0 2 2 0 1 2 2 1 1 2 1 1 0 0 0 2 0 0 2 0 0 0 1 1 1 0 2 1 0 2 2 0 2 2 1 2 2 0 0 1 1 1 2 1 2 1 1 2 2 2 0 2 2 1 1 1 0 1 2 0 1 1 2 0 2 0 0 1 1 1 0 2 0 0 1 1 1 0 1 0 2
2 1 0 0 2 1 0 1 1 1 2 0 0 1 2 0 1 1 2 0 2 2 2 0 1 0 1 2 1 0 2 0 2 2 1 1 1 1 0 0 0 0 1 1 2 2 2 1 1 2 2 1 2 1 1 1 1 0 0 0 1 0 1 0 0 2 2 1 2 0 2 0 0 2 2 0 1 2 2 2 2 2 1 2 1 0 1 2 1 1 0 2 2 2 0 0 2 0 2 2 0 0 0 1 2 0 2 1 2 1 0 1 1 0 1 0
0 0 0 1 2 1 2 2 1 2 0 1 0 0 1 0 0 2 1 0 2 1 1 2 0 0 0 2 0 2 2 0 2 0 0 2 2 2 2 1 2 0 2 0 0 0 0 2 2 2 0 2 1 2 1 0 2 0 2 0 2 0 1 0 1 1 0 0 1 2 2 1 0 1 1 1 0 2 1 0 2 2 0 1 1 1 1 1 1 2 1 2 2 2 0 0 2 0 1 1 0 1 0 0 2 2 1 2 2 0 0 2 2 1 0 1
2 0 2 2 2 1 2 1 1 2 2 0 2 1 2 2 2 0 2 2 0 1 2 0 1 0 2 1 1 1 2 1 1 2 1 1 0 0 0 0 2 2 0 1 1 0 0 1 1 0 0 2 2 0 2 1 0 0 0 2 2 0 2 1 0 0 2 1 1 2 1 1 2 2 0 0 0 1 1 0 0 1 2 2 0 2 0 0 0 1 1 2 2 1 0 2 1 0 0 0 2 2 2 1 2 0 2 0 1 0 0 1 0 0 1 0
1 0 1 1 1 0 2 0 1 2 2 1 1 1 1 0 1 1 0 1 1 2 1 1 1 0 0 1 0 2 2 1 2 1 1 0 0 0 2 1 0 2 0 1 0 0 2 2 1 2 0 1 2 2 2 0 0 0 2 0 2 1 0 2 1 1 1 1 1 0 0 2 2 1 1 1 1 0 0 0 0 2 1 2 2 1 1 2 2 0 0 2 0 0 2 2 2 0 0 0 1 0 0 1 1 2 2 0 2 1 1 0 0 0 0 2
2 1 2 2 0 2 1 1 0 1 0 2 2 0 1 0 1 2 2 1 1 2 1 1 1 0 2 1 1 0 1 1 0 0 0 0 0 2 1 1 1 2 0 1 2 2 2 0 1 2 1 0 2 1 2 1 1 1 2 2 2 2 0 2 2 1 0 0 1 2 1 0 1 0 1 1 2 1 1 2 0 1 2 0 2 0 2 1 1 2 1 1 1 2 1 2 1 2 2 0 1 1 0 2 1 1 0 0 0 0 0 1 2 1 2 2
1 1 0 0 1 2 2 0 0 1 2 1 1 2 1 2 1 1 0 2 0 1 0 1 2 1 0 1 2 0 1 1 2 2 1 1 2 0 1 2 0 1 1 1 1 2 1 2 1 2 1 0 1 2 1 1 1 2 1 1 0 2 2 0 2 1 1 2 2 0 1 2 1 0 1 2 0 0 2 0 2 0 0 1 1 1 0 0 2 1 2 2 0 2 2 0 1 1 0 1 1 1 1 1 2 0 1 1 0 1 1 0 1 2 2 0
1 2 1 0 1 1 2 2 0 2 2 2 0 2 0 0 2 2 1 2 2 2 1 0 0 2 1 0 1 0 0 0 0 2 1 1 0 1 0 1 1 1 1 0 1 2 0 1 1 1 2 2 0 0 2 2 0 0 2 2 1 0 0 1 1 2 0 1 1 2 0 0 0 2 0 2 1 0 1 0 1 0 2 0 0 2 2 1 0 2 2 2 0 0 1 1 2 2 1 1 1 2 2 1 2 2 2 0 1 0 1 2 1 1 0 2
2 0 2 2 0 1 1 1 2 0 0 2 0 2 1 1 2 1 1 2 2 0 0 0 1 0 2 0 2 1 2 1 1 2 0 2 1 0 1 1 1 1 0 2 1 2 2 1 1 1 0 0 2 1 0 0 1 0 1 1 2 0 2 1 0 1 1 1 2 2 2 1 0 0 1 2 1 1 1 2 2 2 0 1 1 1 2 0 1 0 1 1 1 2 0 2 1 1 2 0 0 2 2 1 1 1 2 2 2 0 2 1 1 2 0 2
0 0 2 2 1 2 1 1 2 1 1 0 0 0 1 1 1 0 1 0 2 1 2 2 2 2 2 0 2 0 0 0 1 1 2 0 0 2 1 0 1 1 1 2 1 2 1 0 0 0 0 0 1 0 0 1 2 2 1 2 2 2 2 1 1 0 0 2 2 2 2 0 0 0 0 0 2 0 0 0 0 2 1 2 2 2 1 0 1 0 2 1 0 2 1 1 2 1 0 2 0 2 0 1 0 2 2 0 2 2 1 0 2 0 0 2
2 1 0 1 0 2 2 0 2 1 0 2 2 0 1 1 1 2 0 1 2 2 2 1 2 1 2 2 1 0 2 1 2 2 2 0 1 2 1 1 1 2 1 1 2 0 2 1 0 0 0 2 2 0 1 2 2 0 2 1 1 1 2 2 0 2 0 2 1 2 1 0 1 0 0 2 0 0 0 1 1 1 0 1 2 1 0 1 2 0 0 2 1 2 2 1 2 2 2 2 0 0 2 1 0 0 0 1 1 1 2 2 2 0 0 0
2 2 1 0 2 2 2 2 2 2 1 0 2 0 2 2 2 2 2 2 0 2 2 1 1 2 1 2 0 2 2 2 2 1 2 0 1 2 2 2 2 0 2 2 2 1 2 1 0 1 1 1 2 0 0 1 0 2 0 0 2 2 0 1 2 0 1 0 0 1 2 0 0 1 2 2 0 2 1 2 2 2 0 1 0 2 0 1 1 1 2 0 1 2 0 0 0 2 1 1 1 1 1 2 1 1 1 1 1 2 0 0 2 2 2 0
1 0 1 2 1 1 1 0 2 2 1 2 1 0 1 0 2 0 0 0 1 1 2 0 1 0 0 1 0 1 2 1 1 1 2 0 0 1 0 2 0 2 0 2 0 1 0 0 2 0 1 1 0 1 1 2 2 0 1 2 2 1 2 0 0 2 1 0 0 2 0 0 2 1 2 0 2 0 1 2 2 0 1 0 1 0 2 0 1 2 1 0 0 1 1 0 0 0 0 0 0 1 1 0 2 0 0 0 2 2 0 1 0 1 2 1
0 1 0 2 0 2 1 1 0 0 1 0 1 0 1 1 2 2 2 0 0 0 0 2 0 1 1 0 0 0 2 1 0 0 0 1 2 1 0 2 2 2 0 1 0 1 0 1 1 2 1 1 2 2 1 1 0 0 1 1 1 1 2 2 1 1 0 1 0 1 1 0 2 2 1 2 1 1 0 2 1 2 1 2 1 0 0 0 0 1 1 1 1 2 0 0 1 2 2 1 0 1 2 0 1 0 1 2 0 2 0 1 2 1 0 1
1 1 2 2 1 1 1 2 1 2 0 2 2 0 1 1 2 0 1 1 2 2 1 0 2 1 1 2 0 0 0 2 2 0 2 0 2 0 0 1 0 1 0 0 1 1 2 0 0 0 2 2 0 1 0 0 0 1 2 1 2 0 0 2 0 2 0 0 0 1 1 1 2 2 2 0 2 1 2 2 2 2 2 0 0 2 0 1 1 0 0 2 1 0 2 2 0 2 0 1 1 2 2 0 2 2 2 1 1 2 1 1 1 0 1 0
0 0 2 1 0 2 1 1 0 0 2 1 1 2 0 2 2 0 1 1 0 1 0 1 0 1 0 2 2 2 2 0 0 2 0 0 1 1 0 0 0 2 1 1 2 1 1 1 2 2 1 2 0 1 1 1 1 0 1 1 0 0 2 0 1 2 0 0 0 0 0 0 0 2 2 2 0 1 1 0 0 0 0 2 1 0 0 0 0 1 2 0 0 1 1 1 1 1 1 1 0 0 0 0 2 2 1 0 0 2 2 2 0 2 2 1
2 2 0 0 2 2 1 2 1 2 1 2 1 0 1 2 0 1 2 0 2 1 1 0 0 0 2 0 0 1 0 1 2 1 1 1 0 0 1 2 2 0 2 1 0 0 0 1 0 1 1 2 2 0 2 1 1 0 2 0 2 0 1 1 1 0 0 2 0 1 2 1 1 1 0 0 0 1 1 0 0 0 2 0 2 2 2 1 2 2 1 2 0 0 1 0 1 2 2 2 1 0 0 1 1 1 1 1 0 0 1 1 1 1 1 1
2 1 0 1 1 2 1 2 0 1 2 2 1 0 1 2 0 2 1 2 1 0 1 1 0 0 0 0 0 1 1 2 0 2 1 2 0 0 2 1 1 2 0 0 2 2 2 0 1 2 0 0 2 2 2 1 2 2 1 2 2 0 1 2 0 1 2 1 1 2 2 0 1 0 0 2 2 0 2 2 0 0 2 0 2 0 1 2 2 0 2 2 0 2 2 1 0 2 2 2 2 2 0 0 2 1 0 0 2 1 2 0 1 2 0 2
0 2 2 1 2 1 0 2 1 0 1 1 2 1 1 1 1 1 0 1 0 1 1 0 2 1 1 2 2 1 1 2 1 0 0 0 2 1 2 1 1 1 0 2 1 0 1 2 2 1 1 0 1 1 1 0 0 2 0 2 1 1 0 2 2 0 2 0 2 2 2 2 1 2 1 2 0 0 2 0 0 1 1 1 2 2 1 0 1 2 0 2 1 0 2 2 2 1 2 1 0 1 1 2 1 2 2 0 1 2 0 1 1 1 2 1
0 1 1 2 1 0 2 0 0 1 0 2 0 0 2 0 2 0 1 1 1 0 1 2 1 1 0 2 0 2 0 1 0 0 1 0 0 0 0 1 2 1 2 2 1 2 1 0 2 0 1 0 1 0 0 2 2 1 1 1 0 0 2 2 0 1 2 1 2 0 0 2 2 2 2 0 1 1 1 2 1 2 0 0 0 1 2 1 2 2 2 1 2 2 1 0 0 1 2 1 2 2 1 1 0 0 2 1 0 0 1 1 0 2 2 2
1 0 0 1 0 0 2 2 2 1 0 1 2 2 2 2 1 0 0 1 1 2 1 1 0 0 1 1 2 1 1 0 1 2 0 1 2 2 1 2 2 1 0 1 1 2 1 1 0 2 0 0 0 1 1 0 0 0 2 2 2 0 1 0 2 1 0 2 1 1 2 0 1 2 0 2 0 2 1 1 1 2 1 2 1 1 0 1 1 0 1 0 2 0 1 2 2 2 2 0 0 2 2 2 2 0 0 2 2 1 2 0 0 0 0 2
1 1 0 0 2 2 1 1 0 0 2 2 2 2 1 1 1 1 0 0 1 0 1 0 0 1 1 0 1 2 0 1 1 2 2 1 1 0 0 0 1 2 2 0 2 1 1 0 2 0 2 0 1 1 1 1 2 0 0 1 0 0 0 2 0 0 1 0 1 1 0 0 2 0 1 1 2 1 0 2 1 0 1 0 2 2 0 2 0 0 0 1 1 2 1 2 2 2 2 1 1 0 1 0 0 1 0 2 2 1 2 1 1 1 1 1
0 1 0 2 2 0 1 2 0 2 2 0 2 2 1 0 2 1 2 2 2 2 0 2 1 0 0 0 1 2 1 2 2 1 1 2 2 2 1 0 2 1 1 1 0 0 2 2 1 1 0 1 1 0 0 2 1 1 0 2 1 1 1 0 2 1 2 2 1 2 2 2 0 0 0 1 2 0 1 0 2 2 0 1 0 0 1 1 2 1 1 1 2 1 2 2 2 1 2 1 1 2 0 2 1 2 1 0 0 0 1 0 1 1 2 1
0 1 1 0 0 2 1 0 1 0 0 0 2 0 0 2 0 1 1 1 0 0 1 1 1 2 2 2 2 1 2 2 0 0 2 1 0 0 2 2 1 0 0 1 1 1 0 1 0 2 0 0 0 1 2 2 1 1 2 0 1 1 0 2 2 2 1 1 0 1 1 1 2 2 0 0 1 1 2 1 1 2 2 1 1 2 0 0 1 1 2 0 0 2 1 1 0 2 2 0 2 1 0 1 0 0 2 1 1 2 0 0 1 1 2 0
0 0 1 2 1 0 1 2 0 0 0 0 2 0 1 2 1 1 0 1 2 0 1 2 2 1 2 1 0 1 2 0 2 1 1 0 1 0 0 2 0 0 0 0 0 2 0 1 1 1 1 1 0 2 0 2 1 0 2 2 2 1 0 2 2 2 0 2 2 1 2 0 2 0 1 0 0 2 2 1 0 0 0 0 0 1 1 2 2 1 2 1 2 0 1 0 0 1 0 0 2 2 1 2 0 0 0 0 0 2 0 0 1 0 2 1
2 1 1 1 2 1 0 1 2 1 2 2 2 2 0 0 0 2 0 0 2 0 1 2 0 1 1 1 2 1 1 2 2 0 0 2 2 1 1 1 2 1 1 0 1 1 1 1 2 1 2 1 2 1 2 2 0 1 2 2 2 1 2 2 1 0 1 1 2 2 0 2 1 1 0 0 1 1 2 0 0 1 2 2 0 2 0 0 0 0 0 0 1 0 0 0 1 1 0 1 2 0 2 1 0 2 2 1 2 2 2 2 1 1 2 2
2 0 0 2 0 0 1 2 1 1 0 1 1 0 2 1 1 1 2 1 2 2 0 1 2 2 0 1 1 0 1 0 0 2 1 1 0 2 0 2 0 1 0 2 2 0 0 0 2 1 2 1 1 0 2 0 2 0 1 2 1 0 0 2 2 1 1 0 1 2 2 0 0 0 2 1 1 1 1 1 2 2 0 0 2 0 0 0 0 2 0 2 0 0 2 0 0 0 1 1 0 1 1 1 0 1 2 1 2 1 0 2 1 0 2 2
0 0 2 0 2 0 1 1 0 0 1 0 1 0 2 1 2 1 0 2 2 0 1 2 0 2 1 1 2 1 1 0 1 0 1 2 1 2 0 2 2 2 0 1 1 0 0 1 2 0 1 2 2 2 2 2 1 1 1 1 1 0 1 2 1 0 2 0 0 2 0 0 0 0 2 1 1 2 2 0 0 0 2 0 0 2 2 2 2 2 1 0 2 0 0 1 0 0 1 0 0 1 2 0 2 1 2 1 1 1 2 2 2 1 0 0
2 0 2 2 2 0 0 2 0 0 1 2 0 2 2 2 2 1 2 2 0 0 0 1 1 2 1 2 1 2 2 1 2 0 0 0 0 0 2 2 2 0 1 0 1 1 2 0 1 0 0 1 0 0 1 2 0 0 1 2 2 2 1 2 2 2 2 2 1 2 2 0 0 0 0 1 2 0 2 0 1 2 1 1 2 0 0 0 0 0 1 2 2 2 2 1 2 1 1 0 1 1 0 2 1 2 0 1 0 0 1 1 0 1 2 0
1 0 1 2 0 2 2 2 2 1 0 0 1 2 0 2 1 2 2 2 1 1 1 2 1 0 0 1 1 0 2 1 0 2 1 1 2 0 0 2 0 2 2 1 2 0 1 0 0 1 0 1 2 1 1 1 0 1 0 2 1 1 0 2 0 2 1 0 0 2 0 0 2 0 2 1 1 1 2 1 2 0 1 2 2 2 1 2 2 2 2 1 1 0 1 2 0 2 2 0 2 0 1 1 0 1 1 2 2 0 2 0 1 0 0 1
0 2 0 2 2 0 2 1 1 0 0 1 0 0 2 0 0 1 2 2 2 1 1 2 2 1 0 1 1 2 2 0 2 1 0 1 1 2 0 2 0 0 1 0 1 0 1 0 2 0 2 2 2 1 0 2 0 0 1 2 2 1 2 2 0 1 1 1 0 1 2 0 2 1 1 1 0 0 1 2 1 1 2 1 2 2 1 0 0 2 0 1 1 0 0 1 1 2 1 2 1 0 0 1 2 0 2 2 0 1 2 2 2 2 1 1
2 0 0 0 0 0 2 1 0 0 1 0 0 2 0 2 0 1 0 2 2 0 2 1 1 2 1 0 1 0 0 0 0 0 1 1 1 1 1 2 2 2 2 2 2 0 2 2 2 0 1 1 0 1 2 0 0 1 1 2 2 1 0 0 2 2 2 0 0 1 0 2 0 0 2 0 1 1 2 1 1 1 2 0 0 0 1 1 2 2 1 1 1 1 2 0 0 2 2 0 0 0 0 1 0 2 1 2 2 1 0 1 0 0 1 1
1 0 2 0 0 0 2 1 0 2 2 0 2 2 2 0 2 2 0 0 0 2 0 2 1 1 0 1 2 0 2 0 1 2 1 1 0 1 0 0 1 0 1 0 0 0 2 0 1 2 1 2 1 1 2 0 0 0 1 2 0 1 0 2 1 1 1 2 0 2 0 2 0 2 0 0 0 0 0 2 2 2 1 2 1 0 0 1 0 0 2 2 1 2 2 0 2 0 0 2 0 1 2 0 1 1 1 2 1 2 1 2 2 0 1 1
1 2 2 1 2 2 1 2 2 1 0 1 0 1 1 0 0 2 1 1 0 0 0 1 2 2 0 1 2 2 2 0 2 0 0 1 2 2 0 2 1 1 0 2 0 0 2 0 2 1 2 2 1 0 1 1 0 2 0 0 1 1 2 1 1 2 1 1 2 1 1 0 0 2 2 1 2 0 2 1 1 2 1 1 0 0 2 0 0 0 2 2 1 1 1 0 1 2 2 0 1 1 2 0 0 1 1 1 2 0 0 1 0 2 2 1
0 2 2 0 2 1 2 2 0 0 2 1 0 2 2 2 0 1 2 2 0 0 0 0 2 0 2 0 2 2 2 0 2 2 0 2 1 0 1 2 1 2 1 2 1 0 2 0 2 2 2 1 0 0 2 2 0 2 1 1 2 0 1 1 0 0 0 2 0 0 2 2 2 1 2 1 2 2 1 2 1 1 1 2 1 0 2 0 2 0 1 1 2 0 0 2 0 2 2 1 2 1 1 2 0 1 0 0 1 0 0 2 2 2 2 1
0 2 2 1 0 0 0 2 0 1 2 2 0 2 0 0 2 2 2 2 1 0 0 2 0 1 2 1 1 2 0 2 1 2 1 2 2 1 2 0 0 2 0 0 1 1 1 0 0 0 0 2 2 1 2 0 0 2 1 2 1 1 2 0 0 0 2 0 2 2 2 0 1 2 1 1 1 0 1 0 1 0 2 0 1 2 0 2 2 0 2 1 1 1 2 2 0 1 0 0 2 2 0 1 0 2 2 1 0 2 1 2 2 2 0 1
2 0 2 1 1 2 0 0 1 2 0 1 1 0 1 0 1 2 2 1 1 1 2 1 1 2 0 1 2 0 1 1 2 0 0 0 2 0 1 1 0 1 0 1 0 1 2 1 1 2 0 1 1 0 2 0 2 1 2 2 2 0 0 2 0 1 1 0 2 2 2 2 2 0 2 0 1 1 1 1 0 2 2 2 2 2 2 0 0 2 2 1 2 0 0 1 2 1 2 2 2 1 2 2 1 1 2 1 2 1 0 0 0 2 1 2
1 0 2 0 0 2 1 1 0 2 0 2 2 2 2 1 1 2 1 0 0 0 2 1 1 2 2 2 1 0 2 1 2 2 2 0 2 0 1 2 0 1 2 2 1 2 1 0 2 2 0 2 0 1 1 1 0 2 1 0 2 1 1 2 1 0 0 0 1 1 0 1 1 2 1 2 2 0 0 2 0 1 0 0 2 1 0 0 0 2 0 1 0 2 0 1 0 1 2 1 0 2 0 1 0 2 1 0 0 1 0 0 2 0 1 0
2 2 0 0 2 1 2 2 1 0 2 1 2 1 2 0 2 2 2 2 2 0 2 2 2 0 0 2 0 2 2 0 0 0 1 2 2 1 2 0 1 2 1 0 1 1 1 0 2 0 0 1 1 2 1 0 1 2 1 1 2 1 2 2 0 1 1 2 2 2 1 1 1 0 2 2 2 1 0 1 2 0 0 1 1 1 1 2 1 0 1 0 2 1 0 2 2 1 1 2 0 0 1 0 1 1 2 0 0 1 2 0 1 2 1 2
1 0 2 2 1 1 2 0 0 2 2 2 2 1 2 0 2 1 0 0 0 1 1 1 2 0 1 1 0 2 2 1 1 1 0 2 0 0 2 0 0 2 1 0 1 0 1 0 0 0 1 1 1 0 2 1 0 2 2 0 1 1 2 0 1 2 2 1 0 2 2 1 1 1 2 0 1 0 1 2 0 1 0 2 1 1 0 0 0 1 1 2 2 1 0 1 1 2 0 1 2 0 0 1 1 0 1 0 1 1 0 2 2 1 0 1
2 0 1 0 1 1 0 2 2 0 0 0 0 1 0 2 1 1 1 2 2 0 1 1 2 2 1 1 0 1 1 1 2 0 1 1 1 1 0 0 2 2 2 0 0 0 2 2 1 1 2 1 0 1 2 2 0 2 2 1 0 0 0 0 0 1 0 2 1 1 0 0 0 0 0 1 0 1 1 0 0 1 1 0 0 2 1 0 1 0 1 2 1 2 0 1 1 0 1 0 1 0 0 0 0 2 1 1 1 0 1 2 1 0 0 1
2 2 2 1 2 1 1 1 1 2 0 0 0 2 0 2 0 1 2 0 0 1 2 2 1 1 2 0 0 0 2 2 2 1 2 2 1 0 0 2 0 0 0 0 0 0 0 0 1 0 2 0 2 1 2 1 1 2 2 1 2 2 1 1 1 0 0 0 1 0 0 1 1 0 2 1 0 0 0 2 1 2 0 0 1 1 2 2 0 2 1 0 2 0 2 1 1 0 1 0 1 1 1 0 2 2 0 0 2 0 2 0 2 1 0 1
2 1 1 2 0 0 0 0 0 0 1 2 1 0 0 2 2 1 1 1 0 1 1 0 2 2 0 2 0 2 0 2 1 2 2 1 0 0 2 1 0 1 1 1 2 1 1 2 1 0 1 1 1 2 0 0 2 0 0 2 0 1 1 1 0 1 1 1 2 1 0 0 2 1 1 2 0 0 2 1 1 1 0 0 1 0 2 1 2 2 0 0 1 0 2 2 2 1 0 1 2 1 1 2 0 0 2 1 1 2 0 0 1 1 2 2
0 1 1 2 1 2 2 0 0 2 0 0 0 0 2 2 0 0 2 1 1 2 2 0 2 0 2 1 1 1 1 1 0 0 1 1 0 2 1 0 1 2 1 0 0 0 0 1 1 0 2 2 0 2 0 0 2 2 1 1 0 0 1 0 0 2 0 1 2 2 1 1 2 2 2 0 0 2 1 1 0 0 0 0 0 1 1 2 2 0 1 2 1 2 1 1 0 2 0 2 1 1 1 1 1 0 1 1 1 0 0 1 1 1 2 1
0 1 1 2 0 0 2 1 2 1 1 2 0 1 2 0 1 1 1 0 2 1 2 0 1 2 2 0 2 2 2 2 1 1 1 1 1 1 0 1 0 1 1 1 0 1 1 1 2 0 1 2 1 1 0 0 2 2 1 1 2 1 0 1 2 2 0 1 1 0 2 1 2 1 0 0 0 2 1 1 2 0 1 1 2 2 0 2 1 1 0 1 2 1 0 2 1 0 0 2 2 1 2 1 0 0 1 1 2 0 0 0 0 1 2 0
0 2 2 0 1 2 2 1 1 0 1 0 0 2 0 2 1 0 1 2 0 0 1 0 1 1 0 2 2 1 0 1 0 0 1 2 0 0 2 2 1 1 2 2 0 0 2 2 1 2 2 1 2 0 0 1 1 1 1 1 2 1 2 1 2 1 1 0 0 0 0 1 1 0 0 0 1 1 2 2 0 2 2 0 2 2 2 0 1 1 1 1 0 2 0 0 0 1 0 0 0 0 2 1 1 0 2 0 1 2 0 2 1 2 0 0
2 0 0 2 2 0 1 0 2 1 0 2 0 1 1 0 2 0 0 1 1 2 2 1 2 0 0 1 0 1 2 1 2 0 0 2 0 1 2 0 0 2 0 0 1 2 2 1 2 2 0 1 2 0 2 2 0 0 1 1 2 0 2 1 0 2 1 2 1 0 2 1 0 0 0 2 2 2 1 2 2 2 2 1 0 1 2 1 1 0 2 2 1 2 1 2 2 0 2 1 0 2 0 1 0 0 1 1 2 0 1 1 0 0 1 0
2 0 1 1 1 1 0 0 1 2 2 0 2 2 2 0 2 1 2 0 1 1 2 2 1 1 1 2 1 2 0 1 0 2 1 1 1 2 2 2 2 2 2 1 2 0 0 2 1 0 0 0 1 0 2 0 1 1 0 0 1 1 0 2 0 1 1 1 0 1 0 0 1 0 2 1 1 0 1 2 0 1 1 1 2 0 2 1 2 0 2 1 1 0 1 1 1 2 0 2 1 1 0 0 0 1 1 1 1 0 2 2 0 0 1 2
0 0 1 0 2 1 2 0 1 0 0 0 0 1 0 2 0 2 2 0 0 2 2 1 0 1 1 0 2 0 1 1 1 0 2 0 1 1 1 0 1 2 1 1 0 2 1 0 1 2 1 2 2 1 2 2 0 0 0 1 0 2 2 0 2 1 0 0 2 2 1 1 1 0 0 2 2 2 0 2 2 0 1 1 2 0 0 2 2 1 0 2 0 0 0 2 1 1 0 1 1 2 2 0 2 1 0 0 1 1 2 0 1 0 1 0
2 1 1 1 0 2 1 1 0 2 1 2 1 2 1 2 2 1 0 2 2 0 2 0 0 1 0 1 2 1 0 2 1 2 0 2 1 1 0 2 0 2 2 1 2 0 2 2 1 2 1 2 1 1 2 1 2 0 0 2 2 1 1 0 0 1 2 0 1 1 2 2 0 2 2 0 2 1 2 2 1 2 1 2 0 1 1 0 1 0 1 1 1 2 2 2 2 2 2 1 0 2 0 1 2 2 2 2 1 2 1 0 1 0 0 2
2 2 1 1 2 2 0 0 2 0 0 2 0 0 0 1 0 2 2 2 2 2 1 1 0 1 1 1 2 1 2 2 1 0 1 0 2 1 2 2 2 0 2 0 1 0 1 2 2 2 2 2 2 0 0 2 2 2 1 2 1 1 2 0 1 0 1 1 0 0 0 0 2 2 1 1 0 2 0 2 2 2 2 2 0 2 1 1 2 0 1 1 1 0 1 2 2 2 1 2 1 2 2 0 2 0 2 2 1 2 0 1 2 0 0 0
1 0 2 0 0 0 1 0 2 0 2 1 0 1 0 2 1 0 0 0 2 2 1 1 2 2 2 2 2 1 2 0 1 2 1 2 0 0 2 2 1 0 0 1 2 1 1 0 2 1 1 2 0 2 0 0 1 2 2 1 1 2 1 0 2 0 0 0 1 2 0 2 0 1 1 2 2 2 0 2 0 2 1 1 2 1 1 1 2 1 0 0 0 2 1 0 0 2 0 1 2 0 0 0 2 2 0 0 1 2 2 2 2 2 0 1
1 2 0 0 0 1 2 0 1 1 0 1 0 1 0 0 0 1 1 2 0 2 0 1 2 1 0 1 0 1 0 1 0 1 0 0 2 0 0 0 1 2 2 2 0 2 2 1 1 2 2 1 1 2 2 0 0 0 2 0 1 2 0 1 0 0 1 1 0 0 2 2 2 0 2 0 0 2 2 2 1 1 0 2 1 1 0 2 1 2 0 0 2 0 2 0 1 2 2 2 2 2 1 2 2 0 2 2 0 2 1 2 1 0 2 0
1 0 2 2 1 2 0 1 1 1 1 2 0 2 0 2 1 1 2 1 0 1 0 1 2 0 0 0 0 0 1 1 1 0 1 0 1 0 1 0 1 0 0 1 2 0 1 1 0 0 2 0 2 1 2 1 2 2 0 2 1 1 1 0 0 0 0 2 0 1 2 2 2 0 1 2 1 2 1 1 0 1 2 0 0 1 2 2 1 0 2 2 0 1 0 0 1 0 0 0 2 0 0 2 0 2 2 2 1 0 1 2 2 0 0 2
2 2 1 2 1 0 2 1 1 0 2 1 0 2 1 1 0 1 0 1 1 0 1 0 0 2 0 0 1 0 0 1 0 2 0 1 2 0 2 2 1 1 0 1 1 2 0 1 1 0 1 0 1 2 1 0 2 1 1 0 2 1 2 2 0 0 2 1 0 1 0 1 1 1 1 0 0 1 0 2 0 1 2 2 0 0 2 0 2 0 1 1 2 1 2 0 1 1 1 0 0 2 2 1 0 1 0 1 1 0 1 2 1 1 1 2
0 2 2 2 2 1 2 2 2 1 0 2 0 1 0 0 2 0 2 0 2 2 2 1 0 1 0 2 0 2 1 0 1 1 1 1 0 0 0 0 2 1 0 2 1 0 2 0 1 2 0 1 2 0 2 2 2 2 1 0 1 0 1 1 2 2 2 0 0 0 0 0 2 1 2 1 2 0 1 0 0 2 1 0 1 0 0 0 0 0 1 0 0 0 1 0 0 1 0 1 2 1 1 2 0 2 0 2 0 1 1 0 2 2 1 0
1 2 1 1 2 0 1 0 0 0 2 0 1 2 2 2 1 2 1 2 2 2 2 2 1 0 2 0 0 2 1 1 1 0 1 1 0 0 2 1 1 1 2 0 2 2 2 0 2 1 0 1 1 0 0 2 1 0 1 1 2 2 1 1 2 2 0 0 0 1 1 1 0 2 0 2 2 2 1 1 1 2 2 0 2 0 0 1 0 2 0 1 1 1 0 2 1 1 2 2 0 2 1 0 1 1 0 0 2 1 1 1 0 1 2 0
1 0 1 1 2 1 0 1 1 1 0 0 0 0 2 0 2 2 0 0 1 0 1 1 2 2 0 0 0 0 0 1 1 2 0 0 2 1 1 1 0 2 1 0 0 2 0 2 1 1 0 2 2 1 1 2 1 2 0 2 0 1 0 1 1 1 1 1 0 0 2 0 0 0 1 0 0 1 0 1 1 0 2 1 2 1 0 0 1 0 2 1 2 0 2 1 2 1 2 0 1 1 1 2 2 0 0 0 0 1 2 1 2 2 2 2
0 2 0 2 1 0 0 0 1 2 1 1 1 1 2 0 0 1 0 2 1 1 0 1 2 1 2 0 0 2 2 1 2 2 0 0 0 2 1 2 2 0 0 1 1 0 2 1 1 0 1 0 1 0 2 2 1 0 2 1 2 2 0 2 2 2 2 1 1 1 0 0 1 1 2 0 2 1 2 0 1 1 1 1 2 1 0 0 1 0 2 1 0 0 1 2 0 1 0 1 0 1 2 1 0 0 0 0 1 2 0 1 0 0 0 0
1 1 0 0 1 1 2 1 1 0 1 2 2 0 1 2 1 1 1 2 1 1 2 1 1 0 0 2 1 0 0 2 1 1 0 0 2 0 1 1 1 0 0 1 0 2 1 0 1 2 2 2 2 2 1 1 0 1 1 1 1 2 1 0 1 2 0 1 2 2 1 0 0 2 2 1 2 0 1 0 1 1 0 0 1 2 2 1 1 0 2 1 0 1 1 2 0 0 0 2 2 2 1 0 2 1 2 1 2 0 2 0 2 2 1 0
2 1 1 1 1 1 0 2 2 1 2 0 1 0 0 2 0 2 2 2 0 1 0 0 0 2 0 2 0 2 0 2 0 1 1 0 1 1 2 0 1 2 1 0 0 2 2 0 2 2 1 0 1 1 1 1 2 2 1 2 0 2 2 0 1 2 1 2 1 2 1 2 2 0 1 0 0 0 1 2 0 2 0 2 1 2 1 1 0 0 1 0 2 1 1 1 0 0 1 0 2 2 0 1 2 1 1 2 0 2 2 0 2 1 0 1
0 0 2 0 0 1 0 1 2 0 2 0 0 1 0 0 1 1 1 1 0 0 2 0 2 1 1 2 0 0 1 1 0 1 1 1 2 0 2 2 0 1 0 1 0 1 1 2 2 0 0 2 0 0 0 2 0 0 0 0 0 1 1 1 0 1 2 2 2 2 2 0 1 2 1 2 1 0 2 1 0 1 1 0 1 0 0 1 0 0 2 1 0 1 2 0 2 1 0 1 1 1 1 0 1 0 0 0 0 0 1 0 1 0 0 2
0 1 2 1 2 1 2 2 2 1 2 0 1 1 1 2 2 1 0 0 1 1 1 0 2 0 0 0 1 2 0 2 0 2 1 2 1 1 0 2 0 0 2 1 1 1 1 1 2 2 0 2 1 2 0 0 0 0 1 2 0 2 1 0 2 0 1 1 2 2 0 0 2 2 1 2 1 0 0 1 2 1 1 1 1 1 1 1 0 0 1 0 0 2 2 0 1 0 1 1 2 0 1 2 2 0 1 1 0 2 0 1 1 2 2 0
1 2 2 1 2 0 1 0 1 0 0 2 1 0 1 1 0 2 1 0 0 0 2 0 2 0 2 2 2 2 2 0 2 2 2 2 2 2 0 1 2 1 1 2 1 2 1 2 1 0 0 1 1 2 0 1 0 2 0 2 2 1 1 1 1 0 2 0 2 2 0 0 1 1 2 0 1 1 0 0 2 0 0 0 0 0 1 0 0 0 1 1 1 2 0 2 0 2 0 0 2 0 0 1 2 0 2 1 1 2 1 0 1 2 1 2
0 1 1 1 1 2 0 2 2 1 2 2 1 0 2 0 1 0 2 1 1 1 0 0 2 1 1 0 1 1 2 2 2 0 0 0 0 1 0 2 0 2 2 2 0 2 0 1 0 0 0 1 2 0 2 1 0 2 1 2 0 2 1 0 2 0 0 1 2 1 0 2 1 0 1 1 0 2 0 1 0 1 0 2 0 1 1 0 0 0 0 1 2 2 1 0 2 2 1 2 0 2 2 1 0 2 2 1 2 0 2 2 0 0 2 0
1 0 0 2 2 1 0 2 0 2 2 1 1 1 0 2 1 0 0 2 2 1 0 2 2 0 1 2 0 2 2 0 0 0 2 2 1 0 2 2 0 2 0 2 1 1 2 0 2 0 0 0 2 1 2 1 1 2 1 2 1 0 2 1 1 2 1 0 0 1 0 0 0 1 0 2 2 1 2 0 1 0 0 1 1 2 2 0 2 1 0 0 0 0 0 2 0 2 2 0 0 0 2 0 1 0 1 2 1 1 0 0 2 0 2 0
0 0 2 1 1 2 1 2 0 1 1 1 1 2 2 1 0 2 0 2 1 1 1 0 2 2 1 2 0 0 1 1 1 0 0 0 0 1 2 0 1 2 2 2 1 2 2 1 2 2 0 0 1 0 1 1 2 0 1 0 1 0 2 0 0 2 1 0 1 1 1 0 0 1 1 1 1 0 2 1 0 1 0 2 1 1 1 0 2 0 1 0 0 0 1 0 0 2 1 0 1 1 0 2 0 1 2 2 2 2 0 0 0 0 0 1
2 2 0 1 2 2 0 1 0 1 2 1 2 1 1 1 0 2 0 0 1 2 2 2 2 0 0 0 2 1 2 1 1 0 1 1 2 2 2 0 0 2 2 0 1 1 1 1 1 0 1 1 0 1 0 0 2 1 1 1 0 1 1 1 1 0 0 0 2 2 2 0 2 2 2 0 0 0 1 2 1 0 1 0 2 1 0 2 0 1 1 1 2 0 0 1 0 1 0 0 2 2 1 1 1 0 2 1 1 1 1 1 2 2 1 1
1 1 1 0 1 0 1 1 0 2 0 2 1 0 2 0 0 0 1 1 1 1 0 1 0 0 2 2 2 0 1 2 2 0 2 0 1 1 0 2 0 0 1 1 1 1 1 1 1 1 2 1 2 0 2 2 0 1 2 0 2 2 0 2 2 2 0 1 1 1 0 1 1 2 0 0 0 2 1 2 1 1 1 1 1 0 1 2 2 1 0 1 0 0 2 0 0 2 2 1 1 2 2 2 2 0 2 2 1 1 0 2 2 1 1 0
2 0 0 2 2 0 2 0 1 1 1 2 1 0 0 2 0 1 2 0 2 2 0 1 0 0 2 2 2 0 0 2 1 2 1 1 2 1 2 2 2 1 1 0 2 0 2 0 2 2 0 1 1 0 1 1 2 0 1 2 1 0 2 1 2 1 2 2 0 0 2 2 1 1 1 1 2 0 2 1 0 0 0 2 1 1 1 0 1 0 2 1 0 1 2 0 0 2 0 1 2 2 0 2 1 1 1 1 0 0 2 1 0 0 0 1
2 2 0 2 0 0 0 1 0 2 2 0 2 0 2 2 0 2 2 0 2 0 1 0 0 1 1 1 2 2 2 1 0 2 0 0 1 1 2 1 0 2 2 0 2 1 0 1 0 2 1 0 2 2 0 0 1 1 1 1 2 1 0 2 2 1 0 0 0 2 1 1 2 0 2 2 2 0 0 2 2 2 1 2 0 1 0 1 1 2 1 0 1 2 2 1 0 0 2 1 2 1 1 2 1 0 0 0 1 0 0 1 1 1 1 1
1 2 0 2 2 1 2 1 0 2 0 2 2 2 0 2 0 1 0 2 0 0 0 1 1 0 0 2 0 2 0 1 2 2 0 2 0 0 0 1 0 0 0 0 0 1 0 0 1 0 2 1 1 0 0 0 1 0 0 1 1 2 0 0 1 1 2 1 2 0 0 2 1 1 2 1 1 1 2 2 1 2 1 1 2 2 2 0 0 2 0 1 2 0 2 0 0 1 0 2 2 1 2 0 0 2 2 1 0 1 1 0 0 0 1 0
2 1 1 0 0 2 2 0 0 1 1 0 1 2 0 0 1 0 2 1 0 1 0 2 1 2 2 2 2 1 0 2 2 2 2 0 2 2 1 2 2 0 0 1 0 1 1 1 2 1 2 2 1 0 1 0 2 1 2 2 2 0 1 2 0 2 0 2 1 1 0 1 2 0 2 0 2 2 2 1 0 2 1 2 0 1 2 0 2 0 0 0 1 2 2 0 1 0 2 0 2 0 0 2 1 2 0 0 1 0 2 0 0 2 0 1
0 0 2 2 1 0 2 0 0 0 0 2 0 1 2 0 1 2 1 0 0 1 0 1 2 1 2 0 0 0 0 0 1 2 0 2 2 1 2 2 1 0 1 1 1 2 2 2 2 0 0 2 2 1 2 0 0 1 1 0 1 1 1 0 1 1 2 1 2 0 2 1 1 1 0 0 1 2 0 1 0 1 1 2 0 0 0 0 0 2 1 2 0 0 0 2 1 0 1 2 0 1 0 2 2 1 2 1 1 0 0 1 1 1 2 1
0 2 2 1 1 0 0 2 0 1 1 2 2 0 2 2 1 1 2 2 2 2 0 1 2 1 0 1 0 2 2 0 2 2 1 0 2 0 0 0 1 0 1 0 1 0 1 0 2 1 0 2 0 1 1 1 2 1 2 2 1 0 1 1 2 0 2 2 0 0 0 0 1 1 1 2 0 2 0 0 1 0 0 0 1 1 1 1 1 1 1 0 1 2 1 1 2 1 1 1 2 1 1 0 1 0 1 2 1 1 2 2 0 0 0 1
2 2 1 1 1 2 1 2 2 0 0 2 2 1 0 1 0 2 0 2 0 1 1 1 0 1 1 0 1 2 0 2 1 1 0 0 0 0 0 0 0 0 2 0 2 0 0 0 0 0 2 1 2 1 0 2 2 2 0 2 2 1 2 1 2 2 2 0 0 2 0 1 0 2 2 2 0 0 0 1 1 0 0 0 1 1 0 2 1 1 1 0 2 0 2 2 0 1 2 1 1 0 0 2 2 0 2 1 1 0 2 2 1 0 1 0
1 2 2 2 0 1 0 0 1 0 0 2 2 2 0 2 2 1 2 2 2 1 0 0 2 0 0 1 1 1 2 0 0 2 0 1 0 0 2 2 1 2 1 1 2 0 0 2 1 0 2 0 2 0 1 0 2 2 1 0 0 1 1 2 0 1 1 0 0 1 2 1 1 1 0 1 1 1 1 1 1 1 1 2 2 0 2 1 0 0 2 1 2 0 0 2 0 2 0 1 1 0 0 2 1 2 1 1 0 0 2 0 1 1 2 1
1 1 2 1 2 2 1 2 1 1 1 2 1 1 0 2 1 0 0 0 0 1 1 1 2 1 2 1 0 2 0 1 1 0 1 1 0 2 0 2 1 1 1 0 0 1 0 2 0 1 0 1 0 2 0 0 0 2 2 0 2 0 0 0 1 2 1 1 2 2 1 1 1 0 2 1 0 0 1 1 2 2 2 0 2 0 1 0 2 0 2 0 0 0 1 1 2 1 1 2 0 0 0 2 0 0 1 0 1 0 1 0 0 1 1 0
2 2 0 2 0 2 2 1 2 1 0 2 2 1 1 0 2 0 2 0 0 2 1 2 0 1 2 0 0 1 0 2 1 0 1 2 1 1 1 1 0 1 1 0 1 2 0 0 2 0 1 0 2 0 2 0 1 0 0 2 1 1 1 0 2 2 0 0 1 1 2 2 2 1 2 1 1 0 0 2 1 1 2 1 2 0 1 1 1 2 0 2 0 1 0 2 2 1 1 1 2 1 1 0 2 0 2 1 1 2 0 2 1 0 0 0
1 2 0 2 1 0 2 1 0 1 2 2 2 1 0 0 0 2 0 0 0 0 1 1 0 2 2 1 0 0 2 1 0 0 1 1 1 0 1 1 2 1 1 2 2 2 0 2 2 1 2 0 1 1 2 1 0 1 0 1 2 1 2 2 1 0 1 2 2 2 1 1 0 0 1 0 0 1 0 0 2 0 1 1 2 0 0 2 0 1 1 2 2 1 2 0 0 1 1 0 1 0 2 2 1 1 0 2 0 1 0 1 2 1 0 1
2 0 1 2 1 0 2 1 0 2 0 0 1 1 1 0 2 0 0 1 2 1 1 0 0 1 2 2 0 2 0 1 2 2 1 2 0 1 0 0 1 0 1 2 2 2 0 2 2 2 0 0 0 2 0 1 1 0 0 0 2 1 1 1 1 2 0 1 1 2 2 0 2 0 0 2 0 2 2 2 1 2 2 2 2 0 1 1 0 1 1 0 0 0 2 2 0 0 1 2 0 0 2 0 1 0 0 1 2 2 1 1 1 2 1 2
0 2 0 2 0 2 2 1 0 2 1 0 1 2 2 1 0 2 1 2 1 2 1 0 1 0 0 1 2 1 0 0 0 1 2 1 0 2 1 1 1 2 1 2 0 1 2 1 1 0 1 2 0 2 1 2 0 1 0 0 2 0 1 0 1 0 2 2 0 0 1 2 1 0 2 1 2 1 2 0 0 1 1 1 1 2 0 1 0 2 2 0 2 1 1 2 1 0 2 2 1 1 2 0 2 2 1 1 2 1 2 2 0 0 1 2
2 2 1 0 1 1 1 2 2 2 1 1 0 1 1 2 0 1 0 2 0 1 0 2 0 0 2 0 0 0 0 1 0 2 1 2 0 1 1 1 0 0 2 1 2 1 1 2 2 1 2 2 0 0 0 1 1 2 2 0 1 0 1 2 0 0 1 1 1 0 2 0 0 2 1 0 0 1 1 2 2 1 0 1 1 0 2 1 0 2 1 1 0 2 1 0 0 0 0 2 1 2 2 2 2 1 0 0 0 2 1 0 0 2 2 2
2 1 0 0 0 1 0 1 1 1 2 2 2 2 2 0 0 2 1 0 1 2 0 2 1 1 0 1 1 2 1 0 0 2 2 1 1 2 0 0 1 1 0 1 0 2 2 1 1 0 1 2 2 2 2 1 1 2 0 0 1 2 1 1 2 1 1 0 0 2 1 2 0 1 0 2 0 2 0 2 1 2 0 0 2 2 0 1 2 0 1 1 2 1 1 1 2 2 0 1 1 1 0 2 1 1 1 2 1 2 2 2 1 0 1 1
0 1 0 0 2 2 2 2 0 0 1 1 2 1 2 1 1 0 1 2 2 0 1 0 0 1 1 2 1 0 1 2 2 1 2 1 0 2 0 2 2 0 0 2 2 0 2 0 0 0 2 2 2 2 0 2 0 1 2 0 2 0 0 1 2 2 0 1 0 1 0 2 1 1 2 2 1 1 2 2 2 0 1 1 2 2 1 0 1 2 0 0 0 0 0 0 1 0 1 1 2 2 1 1 0 1 0 2 0 0 1 0 0 0 2 0
2 2 2 1 1 2 0 1 1 0 2 0 1 1 1 0 0 2 1 1 1 2 0 1 1 2 2 2 2 0 1 0 2 0 1 1 0 2 2 1 2 0 1 0 1 0 1 0 1 0 2 0 1 1 2 2 0 2 2 1 2 0 1 2 0 0 0 1 0 0 0 0 0 0 1 0 0 0 1 2 1 0 2 2 2 2 2 0 2 2 2 1 2 1 1 1 1 1 0 2 1 0 0 0 1 2 1 0 2 0 2 0 1 2 1 1
2 1 2 1 0 1 0 1 2 1 2 1 2 2 1 1 0 2 2 2 1 1 0 1 1 2 2 0 2 0 2 2 2 1 0 0 2 0 1 2 2 1 0 2 1 2 2 2 2 1 2 0 1 2 2 0 2 2 0 0 0 2 2 0 1 1 2 0 2 1 0 2 0 2 1 1 2 0 1 2 0 1 0 2 1 0 2 1 0 1 2 1 1 2 0 0 0 2 1 1 0 2 0 1 1 2 1 0 1 2 0 2 1 1 1 2
2 1 1 0 2 1 1 1 1 1 1 2 1 0 0 0 2 1 2 1 2 0 0 0 0 0 2 2 2 1 2 1 2 2 1 2 0 1 1 2 0 0 2 2 0 0 0 0 0 2 2 2 1 2 0 1 1 0 1 0 2 0 0 1 0 2 1 1 0 0 0 2 0 0 2 1 2 2 2 0 2 1 0 0 2 0 2 0 1 1 1 0 0 2 2 0 2 2 1 0 2 0 2 0 1 2 1 0 1 0 1 2 1 1 2 1
2 0 1 1 1 1 1 1 0 2 2 0 1 1 2 0 1 2 0 0 2 1 1 0 2 1 0 2 2 1 0 0 1 0 1 0 1 1 2 2 0 2 0 1 0 2 1 0 2 2 1 1 1 2 0 1 0 0 0 1 1 1 1 0 1 0 1 0 1 0 0 1 0 1 2 0 1 1 0 0 0 1 2 2 2 2 0 0 2 1 2 2 1 0 2 0 2 0 1 0 1 1 2 1 0 2 0 1 0 0 1 1 0 1 2 0
0 2 0 1 2 0 1 0 1 0 0 0 2 2 2 1 1 2 0 1 1 1 0 0 2 0 1 2 1 0 2 0 1 1 2 1 1 0 2 0 1 0 1 1 0 1 0 1 0 1 1 1 2 1 1 1 1 1 2 0 2 2 1 1 0 0 2 1 1 2 0 0 0 1 2 0 2 2 2 0 1 0 1 0 0 1 2 1 2 2 2 2 2 0 1 2 1 1 2 0 1 2 1 1 1 0 2 1 0 1 1 1 0 0 2 0
1 2 2 1 2 0 1 2 0 0 1 0 1 1 1 2 1 2 1 2 0 0 1 1 0 2 0 1 1 0 2 2 0 1 1 0 1 0 0 0 0 1 1 2 1 2 2 2 0 0 0 1 2 1 0 2 2 0 1 0 1 0 2 2 2 1 0 1 2 0 2 2 2 1 2 0 1 2 1 1 0 1 0 2 0 1 2 2 1 0 2 2 1 0 2 1 1 2 0 1 2 0 1 0 1 1 0 2 1 2 2 2 1 0 2 2
1 2 1 2 0 2 0 2 2 2 1 1 0 1 0 0 1 2 0 0 1 2 0 0 1 2 2 0 0 2 2 1 1 1 2 0 0 2 0 2 2 1 2 0 0 2 1 2 2 1 0 1 0 0 2 0 1 1 0 1 0 0 0 0 1 2 1 0 2 2 0 1 1 2 2 1 2 0 1 2 2 1 0 1 1 0 1 2 2 2 1 0 0 2 1 2 1 0 2 0 2 0 2 0 0 1 2 2 2 0 0 0 2 0 1 0
2 0 1 1 0 0 2 0 2 0 2 1 1 0 1 0 1 1 1 1 1 0 1 0 1 2 1 0 0 2 2 2 0 0 1 0 1 0 1 1 2 2 2 0 2 1 2 0 2 0 1 0 1 0 2 2 0 0 1 1 1 0 0 2 1 1 0 2 2 2 0 1 1 2 1 1 1 0 2 0 2 2 2 0 0 1 0 1 1 2 2 0 2 2 0 0 2 1 0 1 0 0 0 0 0 1 2 1 0 0 0 0 2 2 1 0
0 1 1 2 1 1 0 1 2 1 2 1 2 2 2 0 1 2 1 2 1 2 1 2 2 1 2 2 1 0 2 1 0 2 1 2 0 2 1 0 0 0 1 0 1 1 2 0 1 1 2 1 0 1 1 2 0 2 1 1 0 2 0 0 1 2 0 2 2 2 1 1 0 2 2 2 2 1 0 1 0 0 2 1 1 2 2 0 1 1 1 1 0 0 0 2 2 1 0 2 0 1 0 2 1 1 2 0 2 0 2 0 0 2 0 2
1 2 2 2 0 2 2 1 2 2 1 2 0 1 2 2 2 0 2 1 1 1 2 1 1 1 0 1 2 0 2 0 2 2 1 0 2 0 2 1 0 1 1 1 2 1 0 0 2 2 1 1 1 0 2 0 0 0 0 2 0 2 0 0 2 1 1 2 2 1 1 2 2 0 1 0 1 2 0 0 0 1 1 2 2 1 2 2 2 2 2 0 2 0 1 2 2 0 2 2 1 0 2 2 0 0 2 2 1 0 0 1 2 2 0 1
2 2 2 1 0 2 2 2 2 1 2 0 1 2 2 1 0 2 1 1 1 1 1 2 1 2 0 1 2 1 2 2 1 2 1 1 2 0 2 2 2 2 2 1 2 2 0 0 2 1 1 1 0 0 0 1 0 1 2 0 0 0 2 1 0 1 1 0 1 1 0 1 1 0 0 1 0 0 1 0 0 1 2 0 1 2 0 2 1 0 0 2 1 0 1 0 1 2 0 0 1 0 1 1 1 2 2 2 1 2 0 1 0 2 2 1
2 0 2 1 2 2 0 0 0 1 0 1 2 2 2 1 2 1 2 1 1 0 1 2 2 2 0 2 1 1 1 1 1 0 0 1 0 1 2 0 1 0 2 1 2 2 2 0 1 0 2 2 0 1 2 0 0 0 2 0 2 1 2 1 2 1 2 0 2 2 1 0 1 0 1 1 0 2 2 2 2 2 2 0 1 2 0 1 0 0 2 0 1 0 2 1 1 2 1 0 0 2 2 1 1 1 0 1 0 0 1 2 2 1 0 1
1 0 2 1 0 0 1 0 1 0 1 2 1 0 0 1 0 2 2 1 2 0 1 2 0 2 2 0 1 2 1 2 1 2 0 2 0 0 2 1 1 2 1 2 0 1 0 0 2 0 0 1 1 1 0 2 1 0 0 2 1 2 2 0 2 0 2 2 0 0 0 2 2 2 1 0 1 0 0 1 0 1 2 1 2 0 2 1 2 2 1 1 2 0 1 2 1 1 1 2 1 0 1 1 2 1 1 1 1 0 2 2 1 2 2 2
1 1 0 0 1 2 2 0 0 0 2 2 1 2 2 1 2 1 0 2 0 2 1 1 0 1 2 1 2 1 0 0 2 2 1 0 2 0 0 2 1 1 0 0 0 2 1 0 1 2 0 2 2 2 1 2 1 0 1 0 1 0 0 1 2 2 1 2 2 0 1 0 2 2 0 2 1 0 0 1 0 0 0 2 0 1 2 2 2 0 2 1 0 0 1 0 2 0 2 2 0 2 2 0 1 0 2 1 1 0 2 1 1 2 0 2
