3 117 19
1126293953 1160379782 69531751 238666660 1045689909 428242021 357293954 366500176 1025917402 717482542 795712701 448498262 545674707 766766819 398237820 636735649 118128065 211650448 219652993 1095722140 353876885 955129449 422460710 774104731 705412774 1072386367 283381048 447701810 832361888 488021818 96139356 300763813 420591829 452495586 455961190 348187767 466726280 400663518 997126620 910752738 987655599 1029011296 1075669883 297644873 776297861 941720768 55264761 366139425 295535091 737522674 628081237 424287019 389666973 387898231 295517871 252100438 119755025 903036704 521171644 1040043283 725020115 258205829 324223857 835517281 163560561 201562048 396181319 224444280 393214973 507313144 229837336 281657376 413964223 388127980 481055788 833204684 473920492 63569775 1155141861 137574355 264655980 839917205 28590134 432289513 990069167 69303325 581271748 27791253 835120415 1056999070 204940019 201142317 1062922023 551522576 247122106 431628909 673835261 111776539 1007566792 499698617 1122140480 277943749 954890713 123154590 1093498097 346045413 791031070 580606203 337626092 44383742 93812151 910717183 574793545 28888651 785630766 882674055 860576016
2 2 0 1 0 2 2 1 0 0 2 1 1 2 0 1 0 2 0 2 2 0 1 1 1 2 2 2 2 0 1 1 2 2 1 1 2 1 2 2 1 1 1 0 0 2 2 1 2 2 1 1 0 0 1 2 2 1 2 2 1 1 1 2 1 0 0 1 1 0 0 0 0 2 2 0 2 1 0 1 2 2 1 2 0 0 2 0 2 2 0 2 1 0 1 2 1 1 1 0 2 2 1 2 2 0 1 0 0 2 2 2 1 0 2 2 1
0 1 1 0 1 0 2 2 2 1 1 1 1 1 0 1 0 0 0 2 2 1 2 1 1 2 0 2 2 1 1 2 2 0 2 1 1 1 1 0 1 2 1 2 1 2 0 2 0 1 1 2 0 1 1 1 1 2 1 1 0 0 0 0 0 1 1 2 0 0 2 2 2 1 1 1 2 2 1 2 2 0 2 0 2 0 1 0 0 0 1 1 1 0 1 1 2 0 1 2 0 1 2 1 1 1 0 0 2 1 2 1 0 2 1 2 1
0 0 1 0 0 0 2 1 1 1 0 2 0 0 1 2 2 0 0 2 0 0 1 0 1 0 0 0 1 0 1 2 1 1 0 1 1 0 0 0 2 0 1 2 2 0 2 1 0 0 1 1 1 2 1 2 2 2 0 1 2 2 0 1 0 1 0 2 1 1 1 0 2 0 0 1 0 2 1 1 0 2 0 0 0 0 2 0 2 0 2 0 0 0 2 1 1 2 1 0 1 0 1 2 0 2 1 1 0 0 0 0 1 0 0 1 0
1 2 0 1 2 1 2 0 0 1 2 2 0 1 2 0 2 2 1 2 0 2 2 2 2 0 0 0 2 2 1 0 1 2 2 1 0 2 2 0 0 1 0 1 2 0 2 0 2 0 2 1 0 2 0 0 2 1 0 2 0 1 2 2 1 2 1 1 2 0 2 2 0 0 1 2 0 0 2 1 1 2 2 1 1 0 2 2 1 2 1 2 2 2 1 0 2 1 0 1 1 2 1 1 2 2 2 1 0 2 0 1 2 0 0 1 0
2 1 2 1 1 1 1 1 0 0 0 1 0 2 1 2 0 0 0 0 0 2 1 0 2 2 0 2 0 1 0 2 1 2 1 0 1 1 1 1 1 2 1 1 1 0 1 2 0 2 0 1 1 1 2 0 1 2 0 2 1 0 1 2 2 0 2 0 1 1 0 0 0 2 1 2 2 1 1 0 0 2 2 0 0 1 1 2 0 2 1 2 2 0 2 0 1 0 1 0 2 2 1 0 1 0 2 1 1 2 2 0 1 2 0 0 1
1 0 2 1 0 1 2 0 2 0 2 0 1 0 2 2 2 0 0 2 1 0 2 0 0 2 2 2 0 0 1 2 1 1 1 1 0 1 1 2 1 2 0 2 2 0 2 1 0 1 1 1 1 0 2 2 0 2 1 0 2 1 0 1 2 2 0 2 0 0 0 1 2 0 1 2 0 1 0 2 2 1 0 1 0 1 0 0 0 2 1 0 0 2 0 2 2 0 0 0 0 1 2 0 1 1 2 0 2 2 0 2 2 1 1 2 2
1 0 0 2 2 1 2 1 2 0 1 2 1 2 1 2 1 1 0 0 1 1 0 1 1 1 1 0 2 1 2 1 2 0 0 1 2 0 1 2 0 2 2 1 0 0 1 1 0 2 1 2 1 0 0 0 1 0 1 0 1 0 2 0 1 0 0 1 1 1 0 2 1 0 2 1 1 0 0 1 0 2 1 2 0 0 0 1 0 1 2 1 2 2 0 2 0 0 0 2 2 2 2 0 0 1 0 2 0 1 2 0 1 0 0 2 0
0 0 0 2 0 0 2 0 1 1 1 2 2 0 1 2 2 2 2 2 0 2 2 1 1 0 0 1 1 2 0 2 0 1 2 1 2 2 2 0 0 0 0 2 1 2 2 0 0 2 0 0 2 2 2 0 1 0 0 0 2 0 2 0 2 2 1 2 1 1 0 2 1 1 0 2 0 0 1 0 2 1 2 2 2 1 0 0 1 1 0 1 2 0 1 2 1 1 1 0 2 1 0 2 0 0 2 1 0 1 2 0 1 1 0 0 0
1 1 2 2 2 0 0 0 0 2 1 2 0 0 2 2 0 1 0 1 2 2 2 0 2 2 1 2 1 2 2 0 1 2 0 0 0 0 2 1 2 0 0 0 1 0 0 1 2 0 0 1 0 2 0 2 0 2 1 2 2 1 2 0 1 2 2 2 0 1 1 2 2 2 0 1 0 0 0 0 1 1 2 2 1 2 1 2 2 1 1 2 0 0 0 1 0 2 1 0 1 2 0 1 2 1 0 2 2 1 0 0 2 0 2 2 2
2 1 2 0 1 1 0 1 2 2 2 2 0 2 1 1 1 0 0 2 1 0 2 2 2 0 2 2 1 2 2 0 1 0 1 2 2 2 1 1 1 0 2 2 1 1 0 2 1 1 2 2 0 1 1 2 0 1 2 1 1 1 2 0 2 1 2 2 0 0 1 2 2 0 1 0 1 2 0 0 0 0 0 1 0 0 0 0 2 2 2 1 2 1 1 1 0 1 0 0 2 2 0 2 0 2 0 0 1 1 1 0 1 2 1 1 0
0 1 2 2 1 1 2 0 2 1 0 1 2 1 1 1 1 1 0 1 1 0 0 2 1 1 0 1 1 2 1 1 1 2 1 0 0 1 0 1 2 2 2 1 0 1 1 0 2 2 1 0 2 2 0 1 1 0 1 2 0 2 1 0 1 2 1 0 0 2 1 0 1 1 0 2 0 1 2 2 1 1 0 0 1 0 2 2 1 0 2 2 1 1 2 0 1 1 0 2 0 2 0 2 0 0 2 0 2 2 0 0 1 0 1 2 1
1 0 0 0 0 0 1 2 0 2 1 1 0 0 2 2 1 1 1 2 1 1 1 0 2 2 1 0 0 2 0 0 2 1 0 2 2 1 2 2 0 0 1 1 2 0 2 0 0 1 0 1 2 2 2 2 2 1 1 0 0 2 0 0 0 0 1 2 2 0 2 1 1 0 0 0 1 2 1 1 0 2 0 1 2 0 1 2 2 0 0 1 2 2 1 2 0 0 2 0 1 1 2 0 2 2 0 1 0 2 2 1 2 0 2 2 1
2 2 1 2 2 0 2 2 1 2 0 2 2 1 1 0 0 1 0 2 2 2 0 1 2 2 1 1 2 0 2 1 0 1 2 0 1 2 0 1 1 0 1 0 1 2 2 2 0 2 0 0 2 0 1 1 2 1 2 0 2 2 2 0 1 1 0 0 0 0 1 2 2 2 0 1 1 2 1 2 2 2 2 1 0 1 1 1 0 0 1 0 0 0 0 2 2 1 0 0 1 1 0 1 1 2 1 2 1 2 2 2 2 2 1 2 1
2 0 2 1 1 2 2 0 2 2 0 0 2 0 2 1 2 2 2 1 0 2 2 0 1 2 2 1 1 2 1 1 0 0 0 2 0 0 2 0 0 0 1 1 1 0 2 1 0 2 2 0 2 2 1 2 2 0 0 1 1 1 2 1 2 1 1 2 2 2 0 2 2 1 1 1 0 1 2 0 1 1 2 0 2 0 0 1 1 1 0 2 0 0 1 1 1 0 1 0 2 2 1 0 0 2 1 0 1 1 1 2 0 0 1 2 0
1 1 2 0 2 2 2 0 1 0 1 2 1 0 2 0 2 2 1 1 1 1 0 0 0 0 1 1 2 2 2 1 1 2 2 1 2 1 1 1 1 0 0 0 1 0 1 0 0 2 2 1 2 0 2 0 0 2 2 0 1 2 2 2 2 2 1 2 1 0 1 2 1 1 0 2 2 2 0 0 2 0 2 2 0 0 0 1 2 0 2 1 2 1 0 1 1 0 1 0 0 0 0 1 2 1 2 2 1 2 0 1 0 0 1 0 0
2 1 0 2 1 1 2 0 0 0 2 0 2 2 0 2 0 0 2 2 2 2 1 2 0 2 0 0 0 0 2 2 2 0 2 1 2 1 0 2 0 2 0 2 0 1 0 1 1 0 0 1 2 2 1 0 1 1 1 0 2 1 0 2 2 0 1 1 1 1 1 1 2 1 2 2 2 0 0 2 0 1 1 0 1 0 0 2 2 1 2 2 0 0 2 2 1 0 1 2 0 2 2 2 1 2 1 1 2 2 0 2 1 2 2 2 0
2 2 0 1 2 0 1 0 2 1 1 1 2 1 1 2 1 1 0 0 0 0 2 2 0 1 1 0 0 1 1 0 0 2 2 0 2 1 0 0 0 2 2 0 2 1 0 0 2 1 1 2 1 1 2 2 0 0 0 1 1 0 0 1 2 2 0 2 0 0 0 1 1 2 2 1 0 2 1 0 0 0 2 2 2 1 2 0 2 0 1 0 0 1 0 0 1 0 1 0 1 1 1 0 2 0 1 2 2 1 1 1 1 0 1 1 0
1 1 2 1 1 1 0 0 1 0 2 2 1 2 1 1 0 0 0 2 1 0 2 0 1 0 0 2 2 1 2 0 1 2 2 2 0 0 0 2 0 2 1 0 2 1 1 1 1 1 0 0 2 2 1 1 1 1 0 0 0 0 2 1 2 2 1 1 2 2 0 0 2 0 0 2 2 2 0 0 0 1 0 0 1 1 2 2 0 2 1 1 0 0 0 0 2 2 1 2 2 0 2 1 1 0 1 0 2 2 0 1 0 1 2 2 1
1 2 1 1 1 0 2 1 1 0 1 1 0 0 0 0 0 2 1 1 1 2 0 1 2 2 2 0 1 2 1 0 2 1 2 1 1 1 2 2 2 2 0 2 2 1 0 0 1 2 1 0 1 0 1 1 2 1 1 2 0 1 2 0 2 0 2 1 1 2 1 1 1 2 1 2 1 2 2 0 1 1 0 2 1 1 0 0 0 0 0 1 2 1 2 2 1 1 0 0 1 2 2 0 0 1 2 1 1 2 1 2 1 1 0 2 0
1 0 1 2 1 0 1 2 0 1 1 2 2 1 1 2 0 1 2 0 1 1 1 1 2 1 2 1 2 1 0 1 2 1 1 1 2 1 1 0 2 2 0 2 1 1 2 2 0 1 2 1 0 1 2 0 0 2 0 2 0 0 1 1 1 0 0 2 1 2 2 0 2 2 0 1 1 0 1 1 1 1 1 2 0 1 1 0 1 1 0 1 2 2 0 1 2 1 0 1 1 2 2 0 2 2 2 0 2 0 0 2 2 1 2 2 2
1 0 0 2 1 0 1 0 0 0 0 2 1 1 0 1 0 1 1 1 1 0 1 2 0 1 1 1 2 2 0 0 2 2 0 0 2 2 1 0 0 1 1 2 0 1 1 2 0 0 0 2 0 2 1 0 1 0 1 0 2 0 0 2 2 1 0 2 2 2 0 0 1 1 2 2 1 1 1 2 2 1 2 2 2 0 1 0 1 2 1 1 0 2 2 0 2 2 0 1 1 1 2 0 0 2 0 2 1 1 2 1 1 2 2 0 0
0 1 0 2 0 2 1 2 1 1 2 0 2 1 0 1 1 1 1 0 2 1 2 2 1 1 1 0 0 2 1 0 0 1 0 1 1 2 0 2 1 0 1 1 1 2 2 2 1 0 0 1 2 1 1 1 2 2 2 0 1 1 1 2 0 1 0 1 1 1 2 0 2 1 1 2 0 0 2 2 1 1 1 2 2 2 0 2 1 1 2 0 2 0 0 2 2 1 2 1 1 2 1 1 0 0 0 1 1 1 0 1 0 2 1 2 2
2 2 2 0 2 0 0 0 1 1 2 0 0 2 1 0 1 1 1 2 1 2 1 0 0 0 0 0 1 0 0 1 2 2 1 2 2 2 2 1 1 0 0 2 2 2 2 0 0 0 0 0 2 0 0 0 0 2 1 2 2 2 1 0 1 0 2 1 0 2 1 1 2 1 0 2 0 2 0 1 0 2 2 0 2 2 1 0 2 0 0 2 2 1 0 1 0 2 2 0 2 1 0 2 2 0 1 1 1 2 0 1 2 2 2 1 2
1 2 2 1 0 2 1 2 2 2 0 1 2 1 1 1 2 1 1 2 0 2 1 0 0 0 2 2 0 1 2 2 0 2 1 1 1 2 2 0 2 0 2 1 2 1 0 1 0 0 2 0 0 0 1 1 1 0 1 2 1 0 1 2 0 0 2 1 2 2 1 2 2 2 2 0 0 2 1 0 0 0 1 1 1 2 2 2 0 0 0 2 2 1 0 2 2 2 2 2 2 1 0 2 0 2 2 2 2 2 2 0 2 2 1 1 2
1 2 0 2 2 2 2 1 2 0 1 2 2 2 2 0 2 2 2 1 2 1 0 1 1 1 2 0 0 1 0 2 0 0 2 2 0 1 2 0 1 0 0 1 2 0 0 1 2 2 0 2 1 2 2 2 0 1 0 2 0 1 1 1 2 0 1 2 0 0 0 2 1 1 1 1 1 2 1 1 1 1 1 2 0 0 2 2 2 0 1 0 1 2 1 1 1 0 2 2 1 2 1 0 1 0 2 0 0 0 1 1 2 0 1 0 0
1 0 1 2 1 1 1 2 0 0 1 0 2 0 2 0 2 0 1 0 0 2 0 1 1 0 1 1 2 2 0 1 2 2 1 2 0 0 2 1 0 0 2 0 0 2 1 2 0 2 0 1 2 2 0 1 0 1 0 2 0 1 2 1 0 0 1 1 0 0 0 0 0 0 1 1 0 2 0 0 0 2 2 0 1 0 1 2 1 0 1 0 2 0 2 1 1 0 0 1 0 1 0 1 1 2 2 2 0 0 0 0 2 0 1 1 0
0 0 2 1 0 0 0 1 2 1 0 2 2 2 0 1 0 1 0 1 1 2 1 1 2 2 1 1 0 0 1 1 1 1 2 2 1 1 0 1 0 1 1 0 2 2 1 2 1 1 0 2 1 2 1 2 1 0 0 0 0 1 1 1 1 2 0 0 1 2 2 1 0 1 2 0 1 0 1 2 0 2 0 1 2 1 0 1 1 1 2 2 1 1 1 2 1 2 0 2 2 0 1 1 2 0 1 1 2 2 1 0 2 1 1 2 0
0 0 2 2 0 2 0 2 0 0 1 0 1 0 0 1 1 2 0 0 0 2 2 0 1 0 0 0 1 2 1 2 0 0 2 0 2 0 0 0 1 1 1 2 2 2 0 2 1 2 2 2 2 2 0 0 2 0 1 1 0 0 2 1 0 2 2 0 2 0 1 1 2 2 0 2 2 2 1 1 2 1 1 1 0 1 0 0 0 2 1 0 2 1 1 0 0 2 1 1 2 0 2 2 0 1 1 0 1 0 1 0 1 0 2 2 2
2 0 0 2 0 0 1 1 0 0 0 2 1 1 2 1 1 1 2 2 1 2 0 1 1 1 1 0 1 1 0 0 2 0 1 2 0 0 0 0 0 0 0 2 2 2 0 1 1 0 0 0 0 2 1 0 0 0 0 1 2 0 0 1 1 1 1 1 1 1 0 0 0 0 2 2 1 0 0 2 2 2 0 2 2 1 2 2 0 0 2 2 1 2 1 2 1 2 1 0 1 2 0 1 2 0 2 1 1 0 0 0 2 0 0 1 0
1 2 1 1 1 0 0 1 2 2 0 2 1 0 0 0 1 0 1 1 2 2 0 2 1 1 0 2 0 2 0 1 1 1 0 0 2 0 1 2 1 1 1 0 0 0 1 1 0 0 0 2 0 2 2 2 1 2 2 1 2 0 0 1 0 1 2 2 2 1 0 0 1 1 1 1 1 0 0 1 1 1 1 1 1 2 1 0 1 1 2 1 2 0 1 2 2 1 0 1 2 0 2 1 2 1 0 1 1 0 0 0 0 0 1 1 2
0 2 1 2 0 0 2 1 1 2 0 0 2 2 2 0 1 2 0 0 2 2 2 1 2 2 1 2 2 0 1 2 0 1 2 1 1 2 2 0 1 0 0 2 2 0 2 2 0 0 2 0 2 0 1 2 2 0 2 2 0 2 2 1 0 2 2 2 2 2 0 0 2 1 0 0 2 1 2 0 1 2 0 2 0 2 2 1 2 1 0 2 1 0 1 1 2 1 1 1 1 1 0 1 0 1 1 0 2 1 1 2 2 1 1 2 1
0 0 0 2 1 2 1 1 1 0 2 1 0 1 2 2 1 1 0 1 1 1 0 0 2 0 2 1 1 0 2 2 0 2 0 2 2 2 2 1 2 1 2 0 0 2 0 0 1 1 1 2 2 1 0 1 2 0 2 1 0 2 2 2 1 2 1 0 1 1 2 1 2 2 0 1 2 0 1 1 1 2 1 0 1 1 2 1 0 2 0 0 1 0 2 0 0 2 0 2 0 1 1 1 0 1 2 1 1 0 2 0 2 0 1 0 0
1 0 0 0 0 1 2 1 2 2 1 2 1 0 2 0 1 0 1 0 0 2 2 1 1 1 0 0 2 2 0 1 2 1 2 0 0 2 2 2 2 0 1 1 1 2 1 2 0 0 0 1 2 1 2 2 2 1 2 2 1 0 0 1 2 1 2 2 1 1 0 0 2 1 0 0 1 1 0 2 2 2 1 0 0 1 0 0 2 2 2 1 0 1 2 2 2 2 1 0 0 1 1 2 1 1 0 0 1 1 2 1 1 0 1 2 0
1 2 2 1 2 2 1 0 1 1 2 1 1 0 2 0 0 0 1 1 0 0 0 2 2 2 0 1 0 2 1 0 2 1 1 2 0 1 2 0 2 0 2 1 1 1 2 1 2 1 1 0 1 1 0 1 0 2 0 1 2 2 2 2 0 0 2 2 2 2 0 0 2 2 1 2 0 0 0 0 2 1 1 0 0 2 2 1 1 0 0 2 2 2 2 1 1 1 1 0 0 1 0 1 0 0 1 1 0 1 2 0 1 1 2 2 1
1 0 0 0 1 2 2 0 2 1 1 0 2 0 2 0 1 1 1 1 2 0 0 1 0 0 0 2 0 0 1 0 1 1 0 0 2 0 1 1 2 1 0 2 1 0 1 0 2 2 0 2 0 0 0 1 1 2 1 2 2 2 2 1 1 0 1 0 0 1 0 2 2 1 2 1 1 1 1 1 0 1 0 2 2 0 1 2 0 2 2 0 2 2 1 0 2 1 2 2 2 2 0 2 1 0 0 0 1 2 1 2 2 1 1 2 2
2 1 0 2 1 1 1 0 0 2 2 1 1 0 1 1 0 0 2 1 1 0 2 1 1 1 0 2 1 2 2 1 2 2 2 0 0 0 1 2 0 1 0 2 2 0 1 0 0 1 1 2 1 1 1 2 1 2 2 2 1 2 1 1 2 0 2 1 2 1 0 0 0 1 0 1 1 2 1 0 1 1 0 0 2 1 0 1 0 0 0 2 0 0 2 0 1 1 1 0 0 1 1 1 2 2 2 2 1 2 2 0 0 2 1 0 0
2 2 1 0 0 1 1 1 0 1 0 2 0 0 0 1 2 2 1 1 2 0 1 1 0 2 2 2 1 1 0 1 1 1 2 2 0 0 1 1 2 1 1 2 2 1 1 2 0 0 1 1 2 0 0 2 1 1 0 2 2 0 2 1 0 1 0 0 2 1 1 2 0 0 1 1 2 0 0 0 1 2 1 0 1 2 0 0 0 0 2 0 1 2 1 1 0 1 2 0 1 2 2 1 2 1 0 1 2 0 2 1 1 0 1 0 0
2 0 0 0 0 0 2 0 1 1 1 1 1 0 2 0 2 1 0 2 2 2 1 0 2 2 2 0 2 2 1 2 0 2 0 1 0 0 2 2 1 0 0 0 0 0 1 1 2 2 1 2 1 2 0 1 0 0 1 0 0 2 2 1 2 0 0 0 0 0 2 0 0 1 0 2 1 2 1 1 1 2 1 0 1 2 1 2 2 2 2 0 0 0 2 0 0 2 0 1 2 0 1 1 1 2 1 1 2 2 0 0 2 2 1 1 1
2 1 1 0 1 1 1 1 2 1 2 1 2 1 2 2 0 1 2 2 2 1 2 2 1 0 1 1 2 2 0 2 1 1 0 0 1 1 2 0 0 1 2 2 0 2 0 0 0 0 0 0 1 0 0 0 1 1 0 1 2 0 2 1 0 2 2 1 2 2 2 2 1 1 2 2 2 0 0 2 0 0 1 2 1 1 0 1 1 0 2 1 1 1 2 1 2 2 0 1 2 2 0 1 1 0 1 0 0 2 1 1 0 2 0 2 0
1 0 2 2 0 0 0 2 1 2 1 1 0 2 0 2 0 1 2 1 0 0 2 2 1 1 0 1 2 2 0 0 0 2 1 1 1 1 1 2 2 0 0 2 0 0 0 0 2 0 2 0 0 2 0 0 0 1 1 0 1 1 1 0 1 2 1 2 1 0 2 1 0 2 2 0 0 2 0 2 0 1 1 0 0 1 0 1 0 2 1 2 1 0 2 2 0 1 2 0 2 1 1 2 1 1 0 1 0 1 2 1 2 0 2 2 2
0 1 1 0 0 1 2 0 1 2 2 2 2 2 1 1 1 1 1 0 1 2 1 0 2 0 0 2 0 0 0 0 2 1 1 2 2 0 0 0 2 0 0 2 2 2 2 2 1 0 2 0 0 1 0 0 1 0 0 1 2 0 2 1 2 1 1 1 2 2 2 1 0 0 2 0 2 2 2 0 0 2 0 0 1 2 0 2 2 2 2 1 2 2 0 0 0 1 1 2 1 2 1 2 2 1 2 0 0 0 0 0 2 2 2 0 1
0 1 1 2 0 1 0 0 1 0 0 1 2 0 0 1 2 2 2 1 2 2 2 2 2 1 2 2 0 0 0 0 1 2 0 2 0 1 2 1 1 2 0 0 0 0 0 1 2 2 2 2 1 2 1 1 0 1 1 0 2 1 2 0 1 0 0 1 1 0 1 2 0 1 0 1 2 0 2 2 2 2 1 0 0 1 2 0 2 1 2 2 2 1 1 1 2 1 0 0 1 1 0 2 1 0 2 1 1 2 0 0 2 0 2 2 1
2 0 1 0 0 1 0 1 2 1 1 1 0 1 0 2 1 1 0 2 0 2 1 0 0 2 0 0 2 0 2 1 1 1 2 1 2 0 1 2 2 2 1 2 2 2 2 1 1 0 1 2 0 2 2 0 2 0 1 1 0 1 1 2 2 0 2 0 1 0 0 1 0 2 0 2 2 0 2 1 1 0 0 1 0 0 2 0 0 1 2 2 2 1 1 2 2 1 0 1 1 2 2 0 2 1 0 1 1 2 0 2 0 0 1 0 1
0 1 0 2 0 2 2 2 1 0 2 0 0 1 2 2 1 2 2 0 1 1 1 0 1 2 0 2 1 1 1 0 0 1 2 1 1 2 1 2 2 1 0 0 2 0 1 1 0 0 1 1 2 1 2 1 0 0 1 2 0 2 2 0 1 2 2 2 2 1 1 2 0 0 0 0 0 2 1 0 0 1 0 0 2 0 2 0 1 0 2 2 0 2 1 1 2 1 0 1 0 0 0 0 0 1 1 1 1 1 2 2 2 2 2 2 0
2 2 2 0 1 1 0 1 2 0 0 1 1 2 2 1 0 0 2 2 2 0 0 1 0 2 0 0 2 0 1 1 2 1 1 1 2 0 0 0 1 1 2 2 1 1 1 1 2 0 0 2 2 0 0 0 0 1 0 2 1 2 2 1 0 1 0 0 1 1 1 0 2 0 0 0 2 1 0 2 2 0 2 2 2 0 2 2 0 0 0 2 0 2 1 1 0 1 2 0 2 0 1 2 1 1 0 1 0 0 1 0 1 0 0 0 2
0 1 2 1 2 1 1 2 0 0 0 1 2 0 1 0 2 1 1 1 2 0 2 0 2 0 2 0 0 0 0 0 2 2 2 1 2 1 0 0 1 0 0 2 2 1 2 2 0 2 0 0 2 0 1 2 0 1 1 1 2 1 2 1 2 2 0 1 1 1 2 2 1 2 2 1 2 2 1 0 1 0 1 1 0 0 2 1 1 0 0 0 1 2 2 0 1 2 2 2 0 2 0 0 1 2 2 0 2 1 1 0 2 0 0 2 0
2 1 2 2 1 0 1 1 0 2 0 0 1 1 2 1 1 2 1 1 2 1 1 0 0 2 2 1 2 0 2 1 1 2 1 1 0 0 2 0 0 0 2 2 1 1 1 0 1 2 2 0 1 1 2 0 0 1 1 1 2 0 0 1 0 2 2 1 0 2 2 0 2 1 2 2 0 0 2 1 0 2 2 2 0 1 2 2 0 0 0 0 2 0 2 0 2 2 2 0 2 2 0 2 1 0 1 2 1 2 1 2 1 0 2 0 2
2 2 1 0 0 2 2 0 2 1 1 2 0 1 1 0 0 0 2 0 0 2 2 2 1 2 1 2 2 1 2 1 1 1 2 1 0 2 0 2 0 1 1 2 0 0 2 0 2 2 1 2 1 1 2 0 1 0 0 1 0 0 2 2 2 2 1 0 2 2 1 0 0 0 2 0 1 2 2 0 2 0 0 2 2 2 2 1 0 0 2 0 1 2 1 1 2 0 2 1 2 1 2 2 1 2 0 0 2 0 0 1 1 1 0 0 0
0 2 2 1 2 0 0 2 1 2 1 1 2 0 0 0 2 0 2 2 2 0 1 2 1 1 1 0 1 0 1 0 2 0 1 2 0 2 2 0 2 1 1 1 2 2 0 1 0 0 2 2 0 1 0 2 2 1 0 2 1 2 2 2 0 1 2 0 2 1 1 2 0 0 1 2 0 1 1 0 1 0 1 2 2 1 1 1 2 1 1 2 0 1 2 0 1 1 2 0 0 0 2 0 1 1 0 1 0 1 0 1 2 1 1 2 0
1 1 0 2 0 2 1 2 2 2 0 0 2 0 1 1 0 2 2 2 2 2 0 2 0 1 1 1 1 0 2 2 2 2 2 2 0 0 2 2 1 2 0 0 1 2 1 2 2 2 1 2 2 1 1 2 1 2 1 0 0 0 2 1 2 1 0 2 0 0 2 1 1 0 2 0 2 2 2 2 1 1 2 1 0 0 0 2 1 1 2 2 2 1 0 2 1 2 2 2 0 2 0 1 2 0 1 2 2 1 2 1 0 2 2 0 2
0 1 1 1 0 2 1 0 2 1 1 2 1 0 0 0 1 1 0 1 1 2 1 2 2 0 0 2 0 1 0 0 2 1 0 0 0 2 0 1 0 2 0 1 0 1 2 1 0 2 0 1 0 2 1 0 0 1 0 0 2 0 1 0 2 2 0 0 2 1 2 2 1 0 2 1 2 1 2 0 2 2 2 2 2 0 2 2 2 0 0 2 0 2 2 0 0 0 1 2 2 1 2 0 1 2 1 0 1 1 1 0 2 0 0 1 1
2 1 0 1 2 1 1 2 1 2 2 0 1 1 2 2 2 1 1 1 0 2 2 2 1 0 1 2 0 0 1 1 1 1 2 1 0 1 0 2 1 0 2 2 1 1 2 0 0 1 0 1 1 2 0 0 1 2 0 1 2 1 2 1 0 2 2 1 1 2 0 0 2 2 2 2 1 2 0 2 1 0 0 0 1 1 1 2 0 1 1 0 2 2 1 1 1 0 2 0 0 2 0 0 2 1 0 1 0 1 0 0 0 1 1 1 0
2 1 0 2 2 0 1 1 2 0 1 2 2 1 0 2 2 1 1 1 2 0 1 0 1 2 0 1 0 2 1 1 0 0 0 1 1 2 2 1 0 1 1 2 0 1 2 0 0 1 1 0 1 0 1 1 0 2 2 1 0 1 2 0 1 0 1 1 0 2 2 0 0 0 0 1 0 2 1 1 1 2 2 0 1 1 2 2 1 1 0 1 1 1 2 0 1 1 1 1 0 0 2 2 2 0 0 0 2 2 1 1 2 1 0 1 2
2 0 2 2 1 0 0 0 0 0 1 0 2 1 1 0 0 0 0 0 1 0 1 1 0 0 1 1 0 0 2 1 0 1 0 1 2 1 2 0 1 1 0 1 0 1 0 0 0 0 2 1 1 1 0 1 2 1 0 0 1 2 2 2 1 2 1 1 1 1 2 0 0 0 2 0 2 0 1 2 0 0 1 2 2 1 1 2 0 0 0 2 2 2 1 2 2 1 0 0 2 0 0 0 0 0 0 0 0 1 0 2 0 2 1 2 1
1 2 2 1 2 2 1 1 1 0 0 0 1 0 0 1 1 0 2 1 0 0 0 2 1 2 0 0 1 1 2 2 0 2 1 0 2 0 2 1 1 0 1 0 1 1 1 0 2 2 0 0 2 0 2 0 2 1 0 1 2 1 1 2 0 0 0 0 0 0 1 2 1 0 0 2 2 1 1 1 0 1 1 0 2 2 0 2 0 2 0 2 1 2 2 1 0 0 2 1 0 1 1 1 2 1 1 2 1 0 1 1 1 2 0 0 2
0 0 2 0 1 1 1 0 1 1 1 2 1 0 0 2 1 1 2 0 0 2 1 1 1 0 0 1 0 2 1 2 2 0 0 1 0 2 2 2 1 0 1 2 1 1 2 0 0 2 1 1 2 0 0 1 1 2 2 0 1 1 2 1 2 2 0 0 2 0 0 0 0 2 2 0 0 2 1 1 2 2 0 2 0 2 1 1 1 1 1 0 0 1 1 0 2 1 0 1 2 1 0 0 0 0 1 1 0 2 2 0 2 0 0 2 2
1 1 0 0 1 0 0 2 0 1 2 2 1 1 2 2 2 0 0 2 1 1 0 0 0 0 0 1 1 2 2 0 1 2 1 2 1 1 0 2 0 2 1 1 1 1 1 0 1 1 1 0 0 1 1 1 2 1 0 1 1 2 0 0 2 1 2 1 1 2 0 1 2 0 1 1 1 0 2 1 2 0 1 2 2 0 2 2 2 2 1 1 1 1 1 1 0 1 0 1 1 1 0 1 1 1 2 0 1 2 1 1 0 0 2 2 1
1 2 1 0 1 2 2 0 1 1 0 2 1 2 1 0 0 0 2 1 1 2 0 1 1 2 2 0 2 1 1 0 1 2 1 0 2 1 0 0 2 2 1 2 1 0 0 1 1 2 0 0 0 0 1 2 0 0 2 2 0 1 2 2 1 1 0 1 0 0 2 0 2 1 0 1 2 0 0 1 0 1 1 0 2 2 1 0 1 0 0 1 2 0 0 2 2 1 1 2 2 0 0 2 2 1 2 2 1 2 0 0 1 1 1 1 1
2 1 2 1 2 1 1 0 0 0 0 1 1 0 0 0 1 1 2 2 0 2 2 0 2 2 2 0 1 1 1 1 0 2 0 0 0 1 0 0 0 0 2 1 1 0 2 0 1 2 0 2 1 2 0 0 2 0 0 2 2 0 1 0 2 1 0 2 0 1 1 0 2 0 0 1 1 2 2 1 2 0 0 1 0 1 2 1 2 0 0 2 0 1 2 0 0 2 0 0 1 2 2 1 2 2 0 1 2 0 2 2 0 0 1 1 2
0 2 1 0 2 1 2 1 0 2 1 0 0 0 2 2 2 1 2 2 2 2 1 0 1 2 1 1 0 2 2 1 2 1 2 2 0 2 1 0 2 0 1 0 0 1 1 2 0 1 1 0 0 1 0 2 0 1 1 1 1 0 0 1 2 2 0 2 2 2 0 2 1 2 0 1 1 2 2 1 1 1 2 1 2 0 1 0 2 1 1 1 2 2 2 2 2 2 1 2 0 0 2 1 0 0 0 1 0 2 0 1 1 0 0 1 1
0 2 0 1 1 1 0 1 0 0 1 0 2 1 1 0 1 2 0 1 1 1 2 0 2 1 2 0 2 1 1 0 1 1 1 2 0 2 1 1 0 0 0 1 1 1 1 0 2 2 0 0 1 2 0 0 1 0 2 1 2 0 1 0 0 0 0 1 0 2 0 2 2 0 0 2 2 1 0 1 1 0 2 0 1 1 1 0 2 0 1 1 1 0 1 2 1 1 0 2 1 0 1 2 1 2 2 1 2 2 0 0 0 1 0 2 2
0 2 1 0 0 2 2 1 1 1 0 0 2 2 2 0 2 2 0 1 1 2 0 0 2 2 1 0 2 0 0 0 2 1 1 0 1 1 2 2 0 2 1 0 0 1 1 2 0 1 0 1 0 2 1 1 1 0 2 1 1 0 2 1 2 1 2 1 2 2 1 0 2 2 0 2 0 0 1 0 1 2 1 0 2 1 2 0 2 1 1 0 2 0 2 2 1 2 0 2 2 1 2 1 2 1 1 2 1 2 0 0 2 2 1 1 0
0 1 2 0 1 1 2 2 0 2 2 0 2 1 2 2 1 2 1 2 0 1 1 0 1 0 1 1 1 2 2 2 2 2 2 1 0 2 0 1 2 2 2 2 1 2 1 0 1 0 0 2 2 2 1 1 2 2 0 0 2 0 0 2 0 0 0 1 0 2 2 2 2 2 1 1 0 1 1 1 2 1 2 2 1 0 1 0 2 1 2 2 2 0 2 0 1 0 1 2 2 2 2 2 2 0 0 2 2 2 1 2 1 1 2 0 1
0 1 1 0 0 0 0 2 2 1 1 0 2 0 2 2 2 2 2 0 2 1 1 2 0 1 1 1 0 1 2 2 2 1 2 1 2 2 0 2 0 2 2 1 2 0 1 2 0 0 0 1 0 2 0 0 0 1 0 2 0 2 1 0 1 0 2 1 0 0 0 2 2 1 1 2 2 2 2 2 1 2 0 1 2 1 2 0 0 2 2 1 0 0 1 2 1 1 0 2 1 1 2 0 2 0 0 1 2 2 1 1 2 1 0 2 0
0 0 1 2 0 2 0 1 1 2 2 2 0 2 0 2 1 1 2 1 1 1 2 1 0 0 0 2 1 0 0 2 0 1 2 0 0 0 2 2 0 0 1 2 2 2 2 2 0 1 1 2 0 0 0 1 2 0 1 1 0 1 0 1 0 0 0 1 1 2 0 2 0 1 2 1 0 1 0 1 0 1 0 1 0 0 2 0 0 0 1 2 2 2 0 2 2 1 1 2 2 1 1 2 2 0 0 0 2 0 1 2 0 1 0 0 1
1 0 0 2 2 2 0 2 0 0 2 2 2 1 1 0 2 1 1 0 2 1 2 0 0 2 0 2 0 1 2 2 2 2 2 1 2 2 0 2 2 0 2 1 2 1 0 2 0 1 0 2 2 1 2 0 1 1 1 1 2 0 2 0 2 1 1 2 1 0 1 0 1 2 0 0 0 0 0 1 1 1 0 1 0 1 0 1 0 1 0 0 1 2 0 1 1 0 0 2 0 2 1 2 1 2 2 0 2 1 1 1 0 0 0 0 2
0 1 2 2 2 0 1 2 1 2 1 1 0 1 2 0 0 1 2 2 1 0 2 2 0 1 0 0 1 0 0 0 2 0 0 2 0 2 2 2 1 0 1 2 2 0 0 2 2 2 1 2 1 0 2 1 1 0 2 1 0 2 1 1 0 1 0 1 1 0 1 0 0 2 0 0 1 0 0 1 0 2 0 1 2 0 2 2 1 1 0 1 1 2 0 1 1 0 1 0 1 2 1 0 2 1 1 0 2 1 2 2 0 0 2 1 0
1 0 1 1 1 1 0 0 1 0 2 0 1 2 2 0 0 2 0 2 0 1 1 2 1 2 0 1 1 1 0 0 2 2 1 0 1 0 1 1 0 1 2 1 1 1 2 0 2 2 2 2 1 2 2 2 1 0 2 0 1 0 0 2 0 2 0 2 2 2 1 0 1 0 2 0 2 1 0 1 1 1 1 0 0 0 0 2 1 0 2 1 0 2 0 1 2 0 1 2 0 2 2 2 2 1 0 1 0 1 1 2 2 2 0 0 0
0 0 2 1 2 1 2 0 1 0 0 2 1 0 1 0 0 0 0 0 1 0 0 0 1 0 0 1 0 1 2 1 1 2 0 2 0 2 0 1 1 0 2 2 1 0 1 2 1 1 2 0 1 0 0 0 2 0 1 2 2 2 1 2 1 2 2 2 2 2 1 0 2 0 0 2 1 1 1 0 1 1 0 0 2 1 1 1 2 0 2 2 2 0 2 1 0 1 1 0 0 2 1 0 1 1 2 2 1 1 2 2 0 0 0 1 1
1 0 2 0 2 2 2 1 1 1 2 2 0 2 0 0 1 0 2 0 1 1 1 0 2 1 1 2 2 0 2 1 0 1 1 0 0 2 1 1 1 0 1 2 0 1 0 1 1 2 1 0 1 1 1 0 0 0 0 2 0 2 2 0 0 1 0 1 1 2 2 0 0 0 0 0 1 1 2 0 0 2 1 1 1 0 2 1 0 0 2 0 2 1 1 0 2 2 1 1 2 1 2 0 2 0 1 0 1 1 1 1 1 0 0 2 0
0 0 1 0 0 1 0 1 1 0 2 1 2 1 0 0 1 0 2 1 2 0 2 1 2 1 2 0 1 1 1 2 2 0 0 0 0 1 2 1 2 2 2 2 0 2 0 2 1 0 0 0 1 2 1 1 1 1 2 0 0 1 0 2 1 1 0 1 2 1 2 0 0 2 2 1 2 2 0 0 0 2 1 2 2 0 0 1 1 0 2 1 1 0 1 0 1 0 2 2 1 0 2 1 2 2 0 2 2 2 2 1 1 1 0 0 1
1 2 0 2 1 2 0 1 1 1 1 2 1 0 0 1 0 2 1 0 0 1 2 0 1 0 1 0 1 2 1 0 0 0 0 1 2 0 1 0 0 0 0 1 1 0 0 1 1 2 1 1 0 1 2 2 0 1 2 1 1 1 2 1 1 2 1 1 0 0 2 1 0 0 2 1 1 0 0 2 0 1 1 1 0 0 1 0 2 1 0 1 2 2 2 2 2 1 1 0 1 1 1 1 2 1 0 1 2 0 1 2 2 1 0 0 2
2 1 2 0 1 0 1 1 0 0 1 2 2 1 1 0 2 1 0 1 1 2 0 0 0 2 2 2 1 0 2 1 2 1 2 0 2 0 2 2 1 0 2 1 1 1 1 1 0 2 2 1 2 0 1 0 0 2 0 2 2 2 0 1 0 0 0 2 0 2 0 2 0 2 0 1 1 0 1 1 2 0 1 2 1 0 0 2 2 0 2 2 1 0 1 1 1 1 2 2 1 2 0 2 2 0 1 2 1 2 1 2 1 2 2 0 1
0 0 0 1 2 0 2 0 2 1 2 1 1 0 0 1 0 2 1 1 1 0 0 1 0 2 2 0 1 2 1 1 2 0 2 2 0 2 1 0 1 0 0 2 0 0 1 0 1 2 0 2 0 0 1 0 0 1 1 1 1 0 0 2 0 2 1 1 2 0 0 1 1 0 1 1 1 2 0 2 2 0 1 0 1 0 1 1 2 2 0 0 2 0 0 0 2 0 0 0 0 0 1 1 1 0 1 2 2 2 2 2 0 1 2 1 2
1 0 2 1 0 1 1 0 1 0 0 1 0 0 2 1 0 1 2 0 2 1 0 1 1 1 1 0 1 0 0 0 0 0 1 0 1 0 0 2 0 1 2 1 2 1 2 2 2 1 2 0 1 1 1 2 2 1 0 0 1 1 1 0 2 0 0 0 1 2 0 2 0 2 1 2 1 1 0 2 0 0 2 1 1 1 1 1 2 2 0 2 1 2 0 0 0 0 1 2 0 2 1 0 2 0 1 1 2 2 0 0 2 2 1 2 1
0 0 1 2 1 1 1 1 1 1 1 0 0 1 0 0 2 2 0 1 0 1 1 2 0 1 2 2 0 1 1 0 2 0 1 1 2 2 0 1 2 2 1 2 0 1 0 1 0 0 2 1 0 1 1 0 2 1 0 0 0 2 0 2 0 2 2 2 2 2 0 2 2 2 2 2 2 0 1 2 1 1 2 1 2 1 2 1 0 0 1 1 2 0 1 0 2 0 2 2 1 1 1 1 0 2 0 2 2 0 0 1 1 2 0 1 1
0 0 2 0 0 0 0 0 1 0 0 0 1 1 1 2 0 2 0 2 0 0 2 0 0 1 2 0 2 1 1 2 1 0 1 2 1 2 0 1 1 1 1 2 0 2 2 1 2 2 1 0 2 0 1 0 2 1 1 1 0 0 2 1 1 0 1 1 2 2 2 0 0 0 0 1 0 2 0 2 2 2 0 2 0 1 0 0 0 1 2 0 2 1 0 2 1 2 0 2 1 0 2 0 0 1 2 1 0 2 1 0 1 1 0 2 0
1 0 1 0 2 0 1 1 0 0 0 0 1 2 2 1 0 2 2 1 2 0 2 2 1 0 2 2 1 2 0 2 2 0 0 2 0 1 0 0 2 2 1 0 2 0 2 2 1 1 1 0 2 1 0 0 2 2 1 0 2 2 0 1 2 0 2 2 0 0 0 2 2 1 0 2 2 0 2 0 2 1 1 2 0 2 0 0 0 2 1 2 1 1 2 1 2 1 0 2 1 1 2 1 0 0 1 0 0 0 1 0 2 2 1 2 0
1 0 0 1 1 2 2 0 2 1 0 0 0 0 0 2 0 2 2 0 0 0 2 0 1 0 1 2 1 1 0 0 2 0 2 0 0 0 2 1 1 2 1 2 0 1 1 1 1 2 2 1 0 2 0 2 1 1 1 0 2 2 1 2 0 0 1 1 1 0 0 0 0 1 2 0 1 2 2 2 1 2 2 1 2 2 0 0 1 0 1 1 2 0 1 0 1 0 2 0 0 2 1 0 1 1 1 0 0 1 1 1 1 0 2 1 0
1 0 2 1 1 1 0 2 0 1 0 0 0 1 0 0 2 1 0 1 1 0 2 0 1 2 2 2 2 0 0 0 0 0 1 2 2 0 1 2 2 0 1 0 1 2 1 2 1 1 1 0 2 0 0 1 2 2 2 2 0 0 0 2 1 2 1 1 0 1 1 2 2 2 0 0 2 2 0 1 1 1 1 1 0 1 1 0 1 0 0 2 1 1 1 0 1 1 1 1 0 0 0 2 2 2 0 2 2 2 0 0 0 1 2 1 0
1 0 2 1 0 2 0 1 1 1 2 0 0 1 0 1 0 0 2 2 1 1 1 0 2 1 1 1 1 1 2 2 1 1 1 1 1 0 1 0 1 1 0 2 0 2 1 0 2 0 0 0 1 1 1 1 0 1 0 0 2 2 2 0 1 2 2 0 2 0 1 1 0 2 0 0 1 1 1 1 1 1 1 1 2 1 2 0 2 2 0 1 2 0 2 2 0 2 2 2 0 1 1 1 0 1 1 2 0 0 0 2 1 2 1 1 1
1 1 0 1 2 2 1 0 1 0 0 2 0 0 2 2 1 1 2 2 2 2 0 2 2 1 1 0 2 2 1 1 0 2 0 0 2 2 0 2 0 1 1 1 2 1 0 0 2 0 1 2 0 2 2 0 1 0 0 2 2 2 0 0 2 1 2 1 1 2 1 2 2 2 1 1 0 2 0 2 0 2 2 0 1 1 0 1 1 2 0 1 2 1 0 2 1 2 1 2 2 0 0 2 2 1 1 1 1 2 0 2 1 0 0 0 2
1 1 1 0 1 0 2 1 0 1 2 0 0 2 0 1 2 2 0 2 1 1 1 1 0 0 2 1 0 0 0 1 2 2 0 2 0 0 0 1 0 2 2 0 2 0 2 2 0 2 2 0 2 0 1 0 0 1 1 1 2 2 2 1 0 2 0 0 1 1 2 1 0 2 2 0 2 1 0 1 0 2 1 0 2 2 0 0 1 1 1 1 2 1 0 2 2 1 0 0 0 2 1 1 2 0 2 2 2 0 0 2 2 2 1 2 0
1 0 1 1 2 1 0 1 2 2 1 0 0 2 1 2 1 1 2 1 0 0 0 1 0 0 1 1 1 1 1 1 2 0 2 2 1 2 1 0 2 0 2 2 2 0 2 0 1 0 2 0 0 0 1 1 0 0 2 0 2 0 1 2 2 0 2 0 0 0 1 0 0 0 0 0 1 0 0 1 0 2 1 1 0 0 0 1 0 0 1 1 2 0 0 1 1 2 1 2 0 0 2 1 1 2 1 1 1 2 2 1 2 1 1 2 2
2 0 0 2 0 1 2 0 2 0 0 1 0 2 2 1 2 0 0 2 2 1 0 1 1 0 0 0 1 0 2 1 1 0 0 2 2 0 0 1 1 0 1 2 0 0 1 0 2 1 0 1 0 2 1 2 2 2 2 1 0 2 2 2 2 0 2 2 1 2 2 0 0 1 0 1 1 1 2 1 2 2 1 0 1 0 2 1 2 2 2 0 1 2 0 2 0 2 1 1 0 1 2 0 2 0 2 2 2 1 0 2 1 2 0 1 2
0 2 0 0 0 1 2 2 0 1 0 2 0 2 0 0 2 1 2 0 0 1 0 2 0 0 2 0 1 0 0 2 2 1 0 2 0 0 0 0 2 0 1 2 0 1 2 1 0 0 1 0 1 2 1 2 0 0 0 0 0 1 2 0 2 2 1 2 2 1 0 1 1 1 2 2 2 2 0 0 2 2 1 2 0 0 1 1 0 1 1 1 0 1 1 2 1 2 0 2 1 1 1 0 0 1 2 0 1 0 1 1 2 0 0 0 0
0 2 1 2 0 0 0 2 1 0 1 2 0 1 0 2 2 1 2 1 1 0 0 1 1 1 2 1 0 2 2 1 1 0 0 2 0 1 1 2 2 0 2 2 1 1 2 2 2 2 0 1 2 1 0 1 0 2 2 0 2 2 1 0 2 0 0 0 1 0 1 0 1 0 1 0 2 1 0 2 0 1 1 1 2 1 2 2 1 0 1 1 2 0 2 2 0 0 0 0 1 1 1 2 0 2 0 0 1 0 0 0 1 1 1 1 1
1 1 0 1 2 1 1 2 1 1 1 2 1 1 0 1 0 1 2 1 1 2 2 0 0 0 1 2 2 1 1 1 2 1 2 2 0 0 2 2 1 0 1 0 2 0 2 0 1 1 1 0 1 1 0 1 2 0 2 1 1 0 0 0 0 0 0 0 0 2 0 2 0 0 0 0 0 2 1 2 1 0 2 2 2 0 2 2 1 2 1 2 2 2 0 0 2 0 1 0 2 2 2 0 0 0 1 1 0 0 0 1 1 0 2 1 1
1 0 2 0 2 2 0 1 2 1 1 0 0 2 2 0 2 1 1 0 2 2 1 0 1 0 1 2 2 2 0 1 0 0 1 0 0 2 2 2 0 2 2 1 2 2 2 1 0 0 2 0 0 1 1 1 2 0 0 2 0 1 0 0 2 2 1 2 1 1 2 0 0 2 1 0 2 0 2 0 1 0 2 2 1 0 0 1 1 2 0 1 1 0 0 1 2 1 1 1 0 1 1 1 1 1 1 1 1 2 2 0 2 1 0 0 2
1 2 0 0 2 0 2 0 1 1 0 0 2 1 2 1 1 0 0 2 0 1 1 2 1 1 1 2 1 2 2 1 2 1 1 1 2 1 1 0 2 1 0 0 0 0 1 1 1 2 1 2 1 0 2 0 1 1 0 1 1 0 2 0 2 1 1 1 0 0 1 0 2 0 1 0 1 0 2 0 0 0 2 2 0 2 0 0 0 1 2 1 1 2 2 1 1 1 0 2 1 0 0 1 1 2 2 2 0 2 0 1 0 2 0 2 0
0 0 1 1 2 1 1 2 0 0 0 2 0 0 1 0 1 0 1 0 0 1 1 0 2 2 0 2 0 2 2 1 2 1 0 2 2 1 1 0 2 0 2 0 0 2 1 2 0 1 2 0 0 1 0 2 1 0 1 2 1 1 1 1 0 1 1 0 1 2 0 0 2 0 1 0 2 0 2 0 1 0 0 2 1 1 1 0 2 2 0 0 1 1 2 2 2 1 2 1 1 0 0 2 1 1 2 1 2 0 1 1 1 2 0 2 0
1 0 2 2 1 1 1 2 1 1 0 2 0 2 1 1 2 0 2 1 0 0 0 1 2 0 2 1 0 2 1 0 1 2 2 2 1 0 0 0 2 0 0 0 0 1 1 0 2 2 1 0 0 2 1 0 0 1 1 1 0 1 1 2 1 1 2 2 2 0 2 2 1 2 0 1 1 2 1 0 1 0 1 2 1 2 2 1 0 1 2 2 2 1 1 0 0 1 0 0 1 0 0 2 0 1 1 2 0 0 2 0 1 1 2 2 1
2 0 0 1 1 0 1 0 2 2 1 1 0 2 0 1 0 1 2 1 0 1 2 0 1 2 1 0 2 1 0 2 0 0 1 1 1 0 2 0 0 1 2 1 1 0 0 1 2 2 0 2 0 1 2 2 1 2 0 1 0 0 1 0 1 2 2 2 0 2 2 2 0 0 0 2 0 1 1 0 0 0 2 1 1 1 1 2 0 1 1 2 2 0 2 0 0 2 0 2 2 2 1 2 2 2 2 0 1 1 0 1 1 0 0 0 2
2 0 0 1 2 0 0 2 0 1 0 0 1 2 2 1 1 1 2 1 2 0 2 0 2 0 2 2 1 0 2 1 0 1 2 2 1 0 2 1 2 1 2 1 0 1 0 0 1 2 1 0 0 0 1 2 1 0 2 1 1 1 2 1 2 0 1 2 1 1 0 1 2 0 2 1 2 0 1 0 0 2 0 1 0 1 0 2 2 0 0 1 2 1 0 2 1 2 1 2 0 0 1 1 1 1 2 0 1 0 2 2 0 2 1 1 2
1 0 2 2 1 1 2 0 2 2 1 1 2 1 2 2 0 0 1 2 2 2 1 0 1 1 1 2 2 2 1 1 0 1 1 2 0 1 0 2 0 1 0 2 0 0 2 0 0 0 0 1 0 2 1 2 0 1 1 1 0 0 2 1 2 1 1 2 2 1 2 2 0 0 0 1 1 2 2 0 1 0 1 2 0 0 1 1 1 0 2 0 0 2 1 0 0 1 1 2 2 1 0 1 1 0 2 1 0 2 1 1 0 2 1 0 0
0 0 2 1 2 2 2 2 1 0 0 0 2 1 0 0 2 2 2 2 1 0 0 0 1 0 1 1 1 2 2 2 2 2 0 0 2 1 0 1 2 0 2 1 1 0 1 1 2 1 0 0 2 2 1 1 2 0 0 1 1 0 1 0 2 2 1 1 0 1 2 2 2 2 1 1 2 0 0 1 2 1 1 2 1 1 0 0 2 1 2 0 1 0 2 0 2 0 2 1 2 0 0 2 2 0 1 2 0 1 1 2 1 1 1 2 2
0 1 1 1 0 2 1 1 1 2 1 2 2 2 1 0 1 1 0 1 0 0 2 2 2 2 0 0 1 1 2 1 2 1 1 0 1 2 2 0 1 0 0 1 1 2 1 0 1 2 2 1 2 1 0 2 0 2 2 0 0 2 2 0 2 0 0 0 2 2 2 2 0 2 0 1 2 0 2 0 0 1 2 2 0 1 0 1 0 2 1 1 2 2 1 1 2 2 2 0 1 1 2 2 1 0 1 2 0 0 0 0 0 0 1 0 1
1 2 2 1 1 0 1 0 2 0 0 1 0 0 0 2 0 2 2 2 1 1 2 0 1 1 0 2 0 1 1 1 0 0 2 1 1 1 2 0 1 1 2 2 2 2 0 1 0 2 0 1 1 0 2 2 1 2 0 1 0 1 0 1 0 1 0 2 0 1 1 2 2 0 2 2 1 2 0 1 2 0 0 0 1 0 0 0 0 0 0 1 0 0 0 1 2 1 0 2 2 2 2 2 0 2 2 2 1 2 1 1 1 1 1 0 2
1 0 0 0 1 2 1 0 2 0 2 0 1 2 1 1 2 1 2 1 0 1 0 1 2 1 2 1 2 2 1 1 0 2 2 2 1 1 0 1 1 2 2 0 2 0 2 2 2 1 0 0 2 0 1 2 2 1 0 2 1 2 2 2 2 1 2 0 1 2 2 0 2 2 0 0 0 2 2 0 1 1 2 0 2 1 0 2 0 2 1 1 2 0 1 2 0 1 0 2 1 0 2 1 0 1 2 1 1 2 0 0 0 2 1 1 0
2 0 1 1 2 1 0 1 2 0 2 1 1 1 2 2 1 1 0 2 1 1 1 1 1 1 2 1 0 0 0 2 1 2 1 2 0 0 0 0 0 2 2 2 1 2 1 2 2 1 2 0 1 1 2 0 0 2 2 0 0 0 0 0 2 2 2 1 2 0 1 1 0 1 0 2 0 0 1 0 2 1 1 0 0 0 2 0 0 2 1 2 2 2 0 2 1 0 0 2 0 2 0 1 1 1 0 0 2 2 0 2 2 1 0 2 0
2 0 1 2 1 0 1 0 1 2 1 1 2 1 2 0 1 1 1 1 1 1 0 2 2 0 1 1 2 0 1 2 0 0 2 1 1 0 2 1 0 2 2 1 0 0 1 0 1 0 1 1 2 2 0 2 0 1 0 2 1 0 2 2 1 1 1 2 0 1 0 0 0 1 1 1 1 0 1 0 1 0 1 0 0 1 0 1 2 0 1 1 0 0 0 1 2 2 2 2 0 0 2 1 2 2 1 0 2 0 2 0 1 0 1 1 2
1 0 2 0 1 0 0 1 1 0 1 2 0 0 2 0 1 2 0 1 0 1 0 0 0 2 2 2 1 1 2 0 1 1 1 0 0 2 0 1 2 1 0 2 0 1 1 2 1 1 0 2 0 1 0 1 1 0 1 0 1 0 1 1 1 2 1 1 1 1 1 2 0 2 2 1 1 0 0 2 1 1 2 0 0 0 1 2 0 2 2 2 0 1 0 1 0 0 1 2 1 2 2 2 2 2 0 1 2 1 1 2 0 1 2 1 1
1 0 2 1 0 1 1 1 0 0 2 0 1 2 2 1 2 0 1 2 0 0 1 0 1 1 1 2 1 2 1 2 0 0 1 1 0 2 0 1 1 0 2 2 0 1 1 0 1 0 0 0 0 1 1 2 1 2 2 2 0 0 0 1 2 1 0 2 2 0 1 0 1 0 2 2 2 1 0 1 2 0 2 2 2 1 2 0 1 2 1 1 0 1 0 2 0 1 2 2 1 0 2 2 1 0 2 1 1 2 0 1 2 0 1 0 1
1 0 2 1 2 2 2 1 0 2 2 1 2 1 2 0 2 0 2 2 2 1 1 0 1 0 0 1 2 0 0 1 2 0 0 1 2 2 0 0 2 2 1 1 1 2 0 0 2 0 2 2 1 2 0 0 2 1 2 2 1 0 1 0 0 2 0 1 1 0 1 0 0 0 0 1 2 1 0 2 2 0 1 1 2 2 1 2 0 1 2 2 1 0 1 1 0 1 2 2 2 1 0 0 2 1 2 1 0 2 0 2 0 2 0 0 1
2 2 2 0 0 0 2 0 1 0 2 0 1 1 0 0 2 0 2 0 2 1 1 0 1 0 1 1 1 1 1 0 1 0 1 2 1 0 0 2 2 2 0 0 1 0 1 0 1 1 2 2 2 0 2 1 2 0 2 0 1 0 1 0 2 2 0 0 1 1 1 0 0 2 1 1 0 2 2 2 0 1 1 2 1 1 1 0 2 0 2 2 2 0 0 1 0 1 1 2 2 0 2 2 0 0 2 1 0 1 0 0 0 0 0 1 2
1 0 0 0 0 2 2 1 0 0 1 1 2 1 1 0 1 2 1 2 1 2 2 2 0 1 2 1 2 1 2 1 2 2 1 2 2 1 0 2 1 0 2 1 2 0 2 1 0 0 0 1 0 1 1 2 0 1 1 2 1 0 1 1 2 0 2 1 1 0 2 0 0 1 2 0 2 2 2 1 1 0 2 2 2 2 1 0 1 0 0 2 1 1 2 2 0 1 1 1 1 0 0 0 2 2 1 0 2 0 1 0 2 1 1 2 0
2 0 2 0 0 2 0 2 1 2 2 2 0 2 2 1 2 2 1 2 0 1 2 2 2 0 2 1 1 1 2 1 1 1 0 1 2 0 2 0 2 2 1 0 2 0 2 1 0 1 1 1 2 1 0 0 2 2 1 1 1 0 2 0 0 0 0 2 0 2 0 0 2 1 1 2 2 1 1 2 2 0 1 0 1 2 0 0 0 1 1 2 2 1 2 2 2 2 2 0 2 0 1 2 2 0 2 2 1 0 2 2 0 0 2 2 1
0 0 1 2 2 0 1 2 2 2 1 0 2 2 2 2 1 2 0 1 2 2 1 0 2 1 1 1 1 1 2 1 2 0 1 2 1 2 2 1 2 1 1 2 0 2 2 2 2 2 1 2 2 0 0 2 1 1 1 0 0 0 1 0 1 2 0 0 0 2 1 0 1 1 0 1 1 0 1 1 0 0 1 0 0 1 0 0 1 2 0 1 2 0 2 1 0 0 2 1 0 1 0 1 2 0 0 1 0 1 1 1 2 2 2 1 2
0 1 0 2 2 1 2 0 2 1 2 2 0 0 0 1 0 1 2 2 2 1 2 1 2 1 1 0 1 2 2 2 0 2 1 1 1 1 1 0 0 1 0 1 2 0 1 0 2 1 2 2 2 0 1 0 2 2 0 1 2 0 0 0 2 0 2 1 2 1 2 1 2 0 2 2 1 0 1 0 1 1 0 2 2 2 2 2 2 0 1 2 0 1 0 0 2 0 1 0 2 1 1 2 1 0 0 2 2 1 1 1 0 1 0 0 1
2 2 1 0 1 1 0 2 1 0 0 1 0 1 0 1 2 1 0 0 1 0 2 2 1 2 0 1 2 0 2 2 0 1 2 1 2 1 2 0 2 0 0 2 1 1 2 1 2 0 1 0 0 2 0 0 1 1 1 0 2 1 0 0 2 1 2 2 0 2 0 2 2 0 0 0 2 2 2 1 0 1 0 0 1 0 1 2 1 2 0 2 1 2 2 1 1 2 0 1 2 1 1 1 2 1 0 1 1 2 1 1 1 1 0 2 2
1 2 2 2 1 1 0 0 1 2 2 0 0 0 2 2 1 2 2 1 2 1 0 2 0 2 1 1 0 1 2 1 2 1 0 0 2 2 1 0 2 0 0 2 1 1 0 0 0 2 1 0 1 2 0 2 2 2 1 2 1 0 1 0 1 0 0 1 2 2 1 2 2 0 1 0 2 2 0 2 1 0 0 1 0 0 0 2 0 1 2 2 2 0 2 1 0 0 1 0 2 0 2 2 0 2 2 0 1 0 2 1 1 0 2 1 1
2 0 2 1 0 1 0 1 1 0 1 2 1 2 2 1 2 1 0 1 1 0 0 2 1 1 1 1 1 2 0 0 1 0 1 1 2 0 2 0 1 2 0 2 2 2 1 1 1 2 1 0 0 1 0 2 0 1 1 1 1 2 2 2 0 1 2 0 1 2 1 0 2 2 0 2 2 2 1 2 2 2 2 2 1 2 2 2 1 1 1 0 1 0 0 1 2 0 2 1 0 1 2 2 1 0 2 1 0 1 0 2 1 0 0 0 2
2 2 2 1 1 0 2 1 0 2 0 1 1 2 2 2 2 2 1 0 2 0 0 0 0 0 2 0 0 0 1 1 2 1 2 1 1 2 2 1 1 1 0 0 1 0 1 1 0 2 1 2 0 2 1 1 0 1 2 1 2 1 2 2 2 2 1 1 2 1 0 1 0 1 1 2 0 2 1 0 0 0 0 0 0 2 2 0 1 0 2 1 1 2 0 2 2 2 0 1 1 1 0 1 1 0 1 1 0 0 2 0 1 2 2 1 0
1 0 1 2 2 2 2 2 0 1 2 0 2 1 2 2 0 0 1 0 0 2 0 0 2 2 2 1 2 0 2 1 0 0 1 0 0 0 0 2 2 0 0 2 1 2 1 1 0 2 2 0 2 1 1 1 1 0 1 0 2 0 1 2 2 0 1 0 0 2 2 0 2 0 0 1 2 2 1 0 0 0 1 2 1 0 2 0 1 1 0 0 1 0 1 1 0 2 2 2 2 2 0 2 0 0 0 2 1 2 0 2 0 0 1 2 0
1 0 2 2 1 0 2 2 1 0 0 1 2 0 1 0 0 0 0 2 1 0 1 1 2 0 2 2 2 2 0 1 2 2 1 2 0 0 1 2 2 2 1 2 0 2 2 1 2 0 1 1 2 2 0 1 0 2 1 2 1 1 1 2 1 0 1 2 1 0 1 0 1 1 0 1 0 0 2 0 1 1 2 0 1 2 2 1 1 0 1 2 1 2 2 2 0 1 2 2 2 2 0 0 0 0 1 0 1 2 1 0 1 0 0 0 0
2 1 1 0 0 2 2 1 1 2 1 1 2 1 0 2 0 1 2 0 0 0 2 2 2 2 2 0 0 2 1 0 1 0 0 2 2 2 1 2 2 0 1 2 0 1 1 0 0 1 0 0 1 1 1 1 0 0 0 2 0 1 2 1 2 0 1 0 0 0 2 0 1 1 2 1 2 1 1 0 2 2 0 2 1 2 1 0 0 1 2 0 0 1 0 0 2 1 0 0 2 0 0 1 1 1 2 1 2 1 1 0 1 2 2 1 0
0 1 0 0 0 1 0 2 1 1 2 0 2 0 0 2 1 1 1 2 1 0 0 0 2 0 0 0 0 1 0 0 2 0 1 0 2 0 2 1 1 2 2 1 0 2 1 2 2 1 2 0 1 2 2 2 0 2 2 0 0 0 2 0 1 0 1 1 0 1 0 0 1 0 2 1 1 0 1 0 2 1 1 2 1 0 1 2 2 1 0 0 1 0 1 2 2 2 1 2 2 0 0 1 0 2 2 1 1 2 2 0 0 2 2 2 2
