3 118 19
483800299 1074681218 757712035 551938867 665108979 515363458 897420237 130549673 964441191 608583093 940394153 450305742 290658163 872612124 1093545945 419672410 350735609 635059150 713144298 911447068 186319989 948649524 351449625 743835193 858229339 739163771 143777483 490598472 612025510 725545656 1009583881 440730094 920215335 861222462 506594532 986519086 385010534 1079645594 1039335030 391380958 109980728 61476703 566050105 663001865 786344666 61086285 1103059535 989828929 692902710 224096901 756042976 802900910 663049638 87084807 459471645 323144243 1068815150 918767246 990942871 1110187340 620219330 865598474 919286791 1073637701 1151555400 711846003 509990891 843671164 108387944 208812040 356592156 839581111 134664510 499817321 53939739 192510155 56970610 594225397 827615365 79431462 1003051658 487610679 819122589 396406182 251648829 702089083 1060847750 1149459262 23494046 515276974 780662473 537190804 741431238 80296309 701974610 745831648 694243515 352472752 69793954 83336456 881640553 480478393 330094260 647024949 962382020 723288569 832877721 676333772 44025384 187256545 883430545 892004652 200581470 424305372 354469522 293138229 171928241 292605298
1 1 2 2 0 0 2 1 0 0 1 0 2 0 0 0 0 0 1 2 2 1 2 1 2 1 2 0 0 0 2 2 1 1 1 1 2 1 0 0 2 2 0 2 0 1 2 0 1 1 1 1 2 0 0 2 2 2 0 2 0 0 2 2 2 2 1 0 0 2 0 0 1 2 0 0 1 0 0 2 1 1 1 1 2 2 2 2 2 0 2 0 1 2 2 1 1 1 1 2 1 2 0 0 2 0 0 0 1 2 2 0 1 2 0 1 2 0
1 2 0 0 2 2 0 0 1 2 2 2 2 1 2 2 0 1 1 0 1 2 2 2 0 2 2 0 0 1 0 1 1 2 2 1 1 1 2 0 0 2 1 2 1 0 0 1 0 1 2 1 1 0 1 2 2 0 1 0 2 2 2 1 1 1 0 1 0 0 2 1 2 0 1 0 1 1 2 1 0 2 0 2 0 2 0 2 0 1 2 1 1 1 0 0 0 0 2 1 0 1 0 2 0 1 1 1 1 0 0 2 0 1 0 1 1 0
0 2 2 0 1 0 2 1 1 1 1 0 2 2 0 2 2 0 1 1 2 2 0 0 2 0 1 0 2 0 0 0 0 0 2 1 0 1 2 0 2 1 1 2 0 1 2 0 2 1 2 2 1 2 2 1 0 2 1 0 0 2 1 0 2 1 2 1 2 1 1 0 2 2 2 0 2 2 1 2 1 0 2 2 0 2 1 1 1 2 1 2 2 0 2 2 2 1 0 2 0 2 0 0 2 2 1 2 2 0 1 0 0 1 0 2 2 1
0 0 0 2 0 0 1 0 0 0 0 1 0 0 1 0 2 1 0 0 1 0 0 2 1 2 2 1 1 1 0 2 2 1 2 0 2 0 2 0 1 2 1 2 0 0 0 2 1 1 1 2 1 2 0 0 2 0 1 1 1 2 0 0 1 0 2 1 1 1 1 0 0 0 0 1 1 0 2 0 2 0 1 1 2 2 2 0 2 1 1 0 1 2 1 2 0 1 1 1 2 2 2 0 0 0 2 2 1 2 1 0 2 2 1 2 2 0
2 1 2 1 2 1 1 1 1 1 0 2 0 0 2 0 1 2 0 1 0 1 0 1 1 0 1 1 2 0 2 0 1 1 1 0 0 0 1 1 2 2 0 2 0 2 0 2 0 1 0 0 0 1 2 2 2 0 0 1 0 0 2 1 2 1 2 0 1 1 1 0 1 0 0 2 2 1 1 0 2 2 1 0 1 0 0 0 0 0 2 0 1 2 2 1 0 1 1 2 1 0 2 2 0 0 1 1 2 0 1 0 2 0 0 0 1 1
0 2 2 2 0 1 2 0 2 0 2 1 2 0 2 2 2 0 1 1 1 1 1 1 2 1 2 0 1 0 1 2 0 1 0 1 0 2 2 0 2 1 0 2 2 0 0 2 0 2 2 0 0 1 1 0 0 0 1 2 1 0 0 2 0 0 1 0 0 0 1 0 1 1 0 1 1 0 1 2 0 1 2 1 2 1 2 0 2 1 0 0 1 1 0 1 1 1 2 1 1 1 2 1 0 0 2 2 1 1 2 2 2 2 1 0 0 1
0 0 2 1 0 1 2 2 0 1 0 0 1 0 2 1 1 0 2 1 2 1 0 1 1 0 1 0 0 1 1 1 1 1 0 2 2 0 1 0 2 0 1 0 0 0 2 2 0 1 0 0 0 1 2 1 0 0 2 0 2 0 2 1 1 1 2 2 1 0 2 0 1 1 2 1 2 2 1 0 0 0 2 2 1 1 1 2 0 1 0 2 1 0 2 1 1 1 1 0 2 0 2 1 2 1 0 2 0 2 0 1 2 0 0 1 2 2
1 0 0 2 2 2 0 1 1 2 0 2 0 0 1 2 1 0 1 1 0 1 1 1 1 0 2 1 0 2 0 2 2 1 1 2 2 1 2 0 1 2 1 2 2 2 1 0 0 0 0 0 2 1 1 0 0 1 2 1 0 0 0 2 0 1 2 2 0 1 0 2 1 1 1 1 0 0 2 0 0 2 0 1 2 0 1 0 2 1 1 0 0 1 0 0 0 0 0 0 2 0 0 1 2 1 2 2 0 1 1 0 2 1 2 1 2 1
1 0 0 0 0 0 1 1 1 2 2 1 0 1 0 1 2 2 0 2 2 0 2 0 2 1 0 1 0 0 0 2 0 1 2 0 2 1 2 1 0 2 0 0 0 0 1 1 0 2 0 1 0 0 1 2 1 2 1 2 0 1 1 0 2 1 2 2 2 2 1 0 1 2 2 2 1 0 0 1 0 2 2 1 2 2 1 2 1 2 1 2 2 1 0 2 2 0 2 0 0 0 0 2 0 2 1 1 1 0 0 2 0 1 1 0 1 0
0 2 0 2 2 2 1 0 2 0 1 1 0 1 0 2 0 1 1 2 0 0 0 0 0 1 2 1 2 0 2 0 0 0 0 0 2 1 1 2 0 2 1 1 1 1 0 2 2 0 1 2 0 0 0 1 2 0 0 1 1 0 0 2 0 0 2 0 2 1 2 0 0 1 1 1 0 0 1 2 0 1 2 1 1 1 0 0 2 1 0 0 1 0 0 2 0 0 0 0 2 0 0 2 0 2 2 0 0 0 1 0 2 0 2 0 2 0
2 1 1 0 2 1 0 0 1 1 0 2 0 2 2 0 0 0 0 0 1 0 1 2 1 1 0 1 2 0 1 1 2 1 1 2 2 2 2 1 2 1 0 2 0 0 0 1 1 2 1 2 0 1 2 2 2 2 1 1 0 2 1 0 1 0 2 1 0 0 2 0 1 2 0 1 0 0 1 2 0 0 2 1 1 1 0 0 0 1 0 2 1 1 2 1 1 2 2 2 2 2 2 0 2 2 0 0 1 2 2 1 2 2 2 1 0 0
2 2 2 2 1 1 0 1 0 2 0 2 2 1 2 2 2 0 2 0 0 0 2 1 0 2 0 0 1 2 1 0 1 0 0 0 2 1 1 2 0 2 0 0 1 0 0 1 0 2 2 1 1 2 0 1 2 0 1 0 2 0 1 1 2 1 1 1 0 0 2 1 0 0 2 1 0 0 0 1 1 0 0 2 0 0 1 0 0 0 1 1 1 2 2 1 2 2 0 0 2 2 2 0 0 2 0 1 0 0 0 1 1 0 0 2 0 1
2 1 0 0 2 2 0 0 0 0 0 0 0 2 1 2 1 1 2 1 0 0 2 0 1 2 0 2 1 0 1 1 2 1 2 2 1 0 0 1 0 1 2 0 1 0 1 0 2 0 1 0 0 0 0 2 0 1 2 2 2 1 1 2 1 0 0 2 1 0 1 2 0 0 0 1 1 2 1 0 2 0 0 0 1 1 0 2 0 2 2 2 0 0 0 2 1 0 2 0 1 0 0 1 1 1 0 2 0 2 2 2 2 1 0 1 0 0
1 0 0 0 0 2 1 0 1 2 0 0 1 0 0 1 1 2 0 2 1 1 1 2 1 2 0 2 1 0 0 2 1 1 0 1 1 1 0 2 1 0 0 2 0 1 1 0 2 1 2 0 2 1 0 1 0 1 1 1 2 1 1 0 0 1 0 1 0 0 1 2 0 2 2 2 1 1 2 0 0 2 2 1 0 0 0 2 2 2 1 1 0 0 0 2 2 0 0 0 0 2 0 1 1 2 1 1 1 0 2 0 0 1 2 2 0 2
1 2 1 2 0 2 0 0 1 0 1 2 1 1 1 1 0 1 1 1 0 1 0 2 1 1 2 0 0 2 0 1 1 2 2 2 1 2 1 1 2 2 0 0 2 2 2 0 1 2 2 1 0 2 2 2 1 1 0 2 0 0 1 2 0 1 2 1 0 1 2 1 2 0 1 1 1 2 1 0 1 0 2 1 1 1 1 0 0 1 2 1 2 1 0 2 2 0 1 0 2 1 1 1 2 0 0 1 2 1 2 0 2 1 2 1 0 1
1 0 2 1 1 2 2 2 1 0 2 0 0 2 2 2 1 2 2 1 1 0 0 0 1 0 2 1 1 0 0 1 1 1 0 0 0 2 2 0 2 2 1 0 0 1 2 1 0 0 0 2 0 1 0 1 2 0 0 2 0 1 0 2 2 0 2 2 0 2 0 1 0 1 1 0 2 2 2 1 2 0 0 2 2 2 0 1 2 1 0 1 0 1 0 2 1 0 2 2 0 0 0 0 1 2 0 2 1 1 0 1 1 1 0 0 0 2
0 1 1 0 2 1 2 0 0 1 0 0 0 1 0 1 2 0 2 0 2 1 1 2 0 0 1 1 1 0 1 1 1 2 2 1 1 2 1 2 2 0 0 2 2 0 2 1 0 2 2 0 0 0 0 0 1 2 0 0 2 1 2 1 2 2 2 0 0 0 0 2 1 0 2 0 1 1 2 0 0 1 0 2 0 1 0 2 1 0 2 0 0 2 2 2 1 1 2 1 2 0 0 1 1 0 1 0 2 1 1 1 0 1 0 0 0 0
0 1 2 0 2 2 2 2 1 1 0 1 1 1 2 2 2 0 0 1 1 0 0 2 2 0 2 0 1 2 0 1 2 0 2 2 2 1 2 0 0 0 2 1 1 2 1 1 2 1 0 1 2 0 1 1 1 0 1 0 1 0 2 1 1 1 1 1 2 0 2 2 2 2 2 1 1 0 0 2 2 0 1 2 1 2 1 0 1 1 1 2 2 0 0 0 1 1 2 1 0 2 1 0 1 0 1 1 1 1 0 2 2 1 2 1 1 1
2 2 2 0 1 2 0 2 1 2 1 0 0 2 2 0 2 2 1 0 0 1 0 0 0 0 2 2 2 0 0 1 0 1 2 2 1 0 2 2 0 1 1 1 0 0 1 0 0 0 0 0 2 1 1 2 2 0 2 1 1 0 0 2 2 0 2 2 1 2 1 1 0 0 2 1 1 2 2 2 2 0 0 2 2 1 1 1 2 1 0 1 2 1 1 2 1 1 1 0 1 0 1 2 1 2 2 0 1 1 2 1 2 0 0 2 2 2
0 2 1 2 1 0 0 2 0 2 1 1 1 2 0 2 0 2 2 2 0 0 0 2 2 0 1 0 0 0 2 0 0 1 2 1 2 0 1 2 1 2 2 2 2 0 2 2 2 2 2 0 0 2 2 1 0 1 1 0 1 2 2 1 0 1 0 0 0 1 1 1 1 0 1 1 1 0 1 1 0 0 1 1 2 1 0 0 0 1 1 2 1 0 1 2 0 2 0 0 1 1 2 2 2 0 1 0 1 2 1 2 2 2 1 1 1 1
2 1 0 1 0 2 2 2 2 2 2 2 2 1 1 1 1 0 2 2 2 1 1 0 0 0 1 1 2 2 0 0 1 0 2 2 2 1 0 2 1 0 2 1 1 1 1 2 2 0 2 2 2 0 0 2 1 1 1 1 1 2 1 0 0 0 2 0 0 2 0 1 2 0 2 1 2 0 0 2 2 2 2 1 0 0 2 2 2 1 1 1 1 2 1 2 1 1 0 2 2 1 0 2 2 0 1 1 2 2 2 2 0 2 0 1 0 0
1 0 2 2 1 1 2 0 1 1 1 1 0 0 0 1 0 2 0 2 2 2 1 2 2 2 1 2 1 2 1 2 2 1 1 0 0 1 1 1 0 2 2 0 1 0 0 2 0 0 2 0 0 1 2 2 1 1 2 2 0 1 2 2 2 1 0 2 2 1 1 2 1 1 1 0 2 2 2 0 0 2 0 0 1 2 0 2 1 0 2 1 2 1 1 2 2 2 2 2 1 0 2 0 2 1 1 0 1 2 0 1 1 1 1 2 1 2
1 0 2 0 2 2 2 1 2 1 1 2 1 0 0 1 0 1 0 1 1 1 0 1 0 2 2 1 2 2 1 1 2 1 2 2 1 2 1 0 1 0 2 0 0 0 2 1 1 2 2 2 1 1 1 1 1 1 0 0 0 1 2 0 0 0 0 2 0 1 2 1 2 2 0 2 2 2 0 1 2 1 1 1 2 2 0 1 1 1 2 2 1 0 0 1 0 1 0 0 2 0 2 2 0 2 2 2 2 0 1 2 1 0 1 1 0 2
0 2 1 0 2 2 0 2 1 1 0 2 1 0 2 2 0 2 2 0 2 1 1 2 1 2 0 1 1 1 0 2 1 1 2 0 1 0 0 2 1 0 1 1 1 1 0 2 1 2 0 2 2 1 1 1 1 2 2 0 0 0 2 2 2 1 2 1 1 0 1 0 1 1 2 0 2 2 0 1 2 0 0 2 2 2 1 0 2 1 0 0 2 2 0 0 1 2 1 0 1 0 1 2 1 0 2 2 0 0 0 0 1 1 0 0 1 2
1 0 0 2 0 1 2 0 1 1 1 0 1 2 0 0 2 0 1 0 2 1 0 2 1 2 1 1 0 2 1 2 0 2 2 1 0 2 0 1 1 1 2 0 1 2 0 1 2 1 1 1 0 2 1 1 2 0 1 2 0 2 2 0 2 2 0 0 2 0 2 0 2 1 0 1 1 1 2 1 2 1 1 0 1 2 2 0 1 0 0 1 1 0 2 1 0 0 2 2 0 2 0 2 1 0 0 0 2 0 2 2 1 0 2 2 1 1
0 2 0 1 0 2 2 0 0 2 0 0 2 0 0 2 0 2 0 1 2 2 2 1 2 0 0 1 1 1 2 2 0 2 0 1 2 0 0 0 0 0 0 2 2 1 2 2 0 0 1 0 0 1 0 2 1 0 0 0 1 1 0 2 1 1 1 1 2 1 1 2 2 2 0 2 2 2 2 2 0 1 1 0 2 1 0 2 1 1 2 0 2 2 0 1 2 1 2 2 0 1 1 0 1 2 0 0 2 2 1 0 2 2 1 1 0 2
0 2 1 1 0 1 0 0 0 0 2 0 2 2 1 2 0 0 1 0 1 0 1 2 1 0 2 0 1 2 0 0 2 1 1 0 1 2 0 1 0 0 2 2 0 1 2 2 2 1 2 1 2 0 1 1 0 1 2 0 1 2 0 2 2 1 2 1 1 0 2 1 1 2 2 2 2 1 1 1 0 2 0 0 0 2 2 1 1 1 2 2 1 0 1 1 2 2 2 0 0 0 0 2 2 2 1 1 1 1 1 2 0 1 0 0 1 2
2 0 0 1 1 2 1 0 1 1 2 0 2 2 0 2 1 1 2 1 0 0 2 1 0 2 1 0 0 0 2 0 1 0 2 0 0 2 0 1 0 0 2 0 0 1 2 2 2 1 0 0 0 0 2 0 0 1 2 0 1 2 1 0 0 2 1 1 2 2 2 0 0 2 1 0 1 0 2 1 0 0 2 0 1 2 1 1 0 0 2 2 1 1 1 1 0 2 2 2 1 2 1 1 2 2 2 1 2 2 2 0 1 1 0 2 0 0
2 0 1 1 1 2 0 2 0 1 1 0 1 1 2 0 0 2 2 0 0 0 1 2 0 2 2 1 2 2 2 1 1 0 0 2 0 1 1 1 0 0 2 2 2 2 0 0 1 0 1 2 0 2 0 1 2 2 0 2 1 2 1 0 2 0 2 0 2 1 2 2 0 2 2 0 1 0 0 0 1 0 0 1 2 0 0 2 0 0 2 0 0 0 0 1 1 1 1 0 2 1 0 0 0 0 1 2 1 2 0 0 2 0 2 2 1 0
2 2 1 1 2 2 2 0 0 1 1 2 2 1 0 0 2 2 1 1 1 2 0 1 0 1 1 0 1 0 0 0 0 2 2 2 0 1 0 0 0 1 0 0 1 2 1 0 1 2 2 2 2 2 0 2 0 2 0 2 1 2 2 1 1 1 1 1 1 2 0 2 1 0 2 2 2 1 0 1 0 2 0 0 0 1 0 1 2 1 1 0 0 0 1 2 0 0 2 1 2 0 0 1 0 1 1 1 2 2 2 1 1 1 1 2 0 1
1 0 0 2 0 1 0 2 2 0 0 1 2 0 1 1 1 2 0 0 1 2 0 2 0 2 0 2 2 1 2 0 2 0 0 0 2 1 0 1 2 1 0 2 1 2 0 0 2 0 1 1 1 2 0 2 1 1 0 0 0 2 1 2 0 2 1 2 1 1 1 1 2 2 0 0 1 2 1 1 0 0 0 2 2 0 2 2 2 0 2 2 2 2 0 0 1 1 0 0 0 2 1 2 2 0 0 1 0 0 0 0 1 0 1 2 1 0
1 0 0 0 1 0 0 1 0 0 0 1 0 0 2 0 0 1 0 1 0 0 2 1 1 1 1 2 0 1 0 1 1 1 2 0 1 1 2 0 1 2 2 1 0 1 1 0 0 2 0 1 0 2 2 2 0 1 2 1 2 0 0 2 1 0 2 1 1 0 2 0 2 1 2 1 1 2 2 1 1 2 2 2 2 2 2 0 2 1 0 1 2 0 1 2 0 2 0 2 2 2 0 2 1 0 0 2 2 1 1 0 0 1 0 0 1 0
2 0 0 2 2 2 2 2 1 1 1 2 1 1 2 2 0 1 2 2 1 2 0 0 0 1 2 2 0 1 2 2 2 2 2 2 0 2 1 2 1 2 2 0 1 2 0 0 1 0 2 0 2 0 0 0 2 0 2 2 2 2 2 1 2 2 2 2 2 0 2 0 1 2 1 2 1 2 2 0 2 2 1 2 0 2 0 1 0 2 1 0 2 1 0 0 1 2 2 0 0 2 2 1 2 1 2 1 1 2 2 1 0 0 1 0 0 2
1 1 2 0 2 2 2 2 2 0 1 2 2 1 0 2 1 2 0 1 1 2 0 0 1 0 1 0 2 0 2 1 1 1 2 0 1 1 0 1 0 2 2 0 2 2 2 1 2 0 2 1 1 0 2 2 1 2 2 1 2 2 2 1 0 2 0 0 1 0 2 2 1 1 2 0 1 2 1 1 1 1 0 2 1 0 2 0 2 1 1 2 1 2 1 2 2 1 2 0 2 0 1 0 1 0 1 1 1 0 2 2 1 0 2 0 0 1
1 1 0 0 0 1 0 1 0 2 0 1 0 1 1 1 1 0 0 0 1 1 1 1 1 0 1 0 1 0 1 2 1 2 0 1 0 0 1 1 0 2 2 1 0 1 0 2 2 0 0 0 2 1 2 0 2 1 0 1 1 2 2 2 1 2 2 2 1 0 1 2 0 1 1 1 0 2 0 0 2 1 0 2 0 0 0 1 0 2 2 1 1 1 2 1 2 2 0 1 0 2 0 0 1 2 1 2 2 2 2 2 0 0 2 2 1 0
0 2 2 0 1 0 0 0 2 0 0 0 1 0 2 2 1 1 2 2 0 1 2 2 1 0 1 0 2 0 0 0 2 2 2 0 1 2 2 0 2 2 1 1 0 2 0 1 0 0 1 2 2 1 2 0 2 0 1 2 0 1 0 2 2 0 1 1 2 0 1 2 2 1 1 0 0 2 2 0 0 2 2 0 0 2 0 2 2 1 0 1 1 0 0 1 1 1 2 1 2 1 0 0 2 2 0 2 1 1 1 2 0 0 2 0 0 0
1 1 0 1 2 1 2 0 2 0 2 1 1 2 2 2 2 0 1 1 2 0 2 0 0 2 2 0 0 2 1 1 1 1 0 0 0 2 1 2 2 1 1 1 0 1 0 0 1 2 1 2 1 1 0 1 1 2 2 1 0 0 1 1 2 1 0 2 1 2 2 1 0 1 0 1 2 1 2 2 2 1 1 0 2 2 1 0 0 1 2 0 2 1 2 1 2 0 1 0 2 1 0 0 2 0 2 2 2 1 2 1 0 1 2 2 0 2
1 0 0 1 1 0 2 2 2 1 2 2 0 0 0 0 0 0 1 2 0 0 2 2 0 2 0 2 2 0 2 1 2 0 2 0 1 1 2 1 0 0 0 0 0 2 1 0 2 2 1 0 2 0 2 0 0 0 1 0 1 0 2 0 1 2 1 0 1 1 2 2 2 0 2 2 2 0 1 2 0 0 2 2 1 1 1 2 2 2 2 1 2 2 1 2 2 0 2 0 0 1 0 2 2 0 0 2 0 2 2 1 2 2 0 1 1 1
0 1 1 0 2 1 0 1 0 0 2 0 1 2 2 1 0 2 1 0 1 2 0 1 0 0 1 1 1 0 1 1 1 2 2 1 1 0 0 1 0 2 0 1 0 2 0 0 2 1 1 1 1 1 0 1 1 2 1 0 0 2 2 1 1 1 0 0 2 1 2 2 2 2 2 2 2 0 0 1 2 1 0 1 0 1 1 2 1 2 2 1 2 1 2 0 0 1 1 2 2 2 0 2 2 2 1 2 0 2 1 2 1 2 2 1 1 0
1 2 0 0 0 2 2 1 0 0 2 2 2 2 2 0 2 1 0 1 0 1 2 2 1 0 2 0 0 1 0 1 0 1 2 1 0 2 0 1 2 0 1 0 0 0 0 0 1 2 2 0 0 2 0 1 2 2 2 2 0 0 2 2 0 2 1 0 1 1 2 1 1 0 2 1 1 0 2 0 2 2 0 2 2 0 1 1 0 1 2 1 2 1 0 2 0 1 1 2 0 0 0 2 2 0 0 0 1 0 0 0 0 1 0 2 2 2
2 0 1 2 2 0 0 0 1 1 2 2 0 2 2 2 1 1 2 2 0 0 1 1 2 2 0 2 2 0 2 2 1 0 1 1 1 2 1 2 0 1 2 1 1 0 1 0 2 1 1 2 2 2 1 1 1 1 1 1 2 1 1 1 2 2 2 1 1 2 1 2 0 1 2 0 2 0 0 1 2 1 1 0 0 2 1 0 1 1 2 0 2 1 2 0 1 0 1 0 2 0 0 0 2 0 0 1 1 1 0 1 0 1 1 1 0 1
2 2 2 2 2 2 0 0 0 2 0 1 0 2 0 1 0 2 2 1 1 1 0 1 2 0 0 2 2 1 0 1 0 0 1 0 0 2 0 1 1 1 0 2 0 0 1 2 0 1 0 2 2 0 1 2 0 1 1 0 0 2 2 0 2 1 1 1 1 0 2 0 1 0 1 0 1 0 2 2 1 2 2 1 0 0 0 1 2 0 2 2 2 0 2 0 1 1 1 0 1 1 2 1 1 0 1 0 0 0 0 2 0 2 0 1 2 0
0 2 1 0 1 1 0 1 2 2 0 0 0 1 2 0 2 1 1 1 2 2 2 0 1 0 0 1 2 0 2 0 0 1 0 1 0 1 0 0 1 1 1 2 0 0 2 1 1 0 2 1 2 2 2 0 0 0 2 0 1 0 0 1 2 1 1 0 0 2 0 1 0 1 1 0 1 0 1 0 2 2 0 1 2 2 0 2 0 0 0 1 0 0 1 0 2 2 0 2 1 0 1 2 1 2 0 0 0 0 2 2 2 2 2 2 2 0
2 2 1 0 1 0 1 2 0 1 1 1 1 0 2 2 0 2 2 1 0 1 2 2 1 2 1 1 1 1 2 0 0 1 1 2 1 0 2 2 2 2 1 0 2 1 1 1 1 1 0 1 2 2 1 1 1 0 2 0 2 2 1 0 1 0 0 2 1 0 1 0 2 1 1 2 2 2 0 0 1 1 1 1 0 0 2 2 1 0 2 1 2 1 1 0 2 0 0 0 0 2 1 0 0 2 0 2 0 2 0 2 0 0 0 2 0 1
1 2 1 2 1 1 1 1 1 0 1 2 1 2 1 2 2 0 2 2 2 0 2 1 0 0 1 1 2 2 0 1 0 1 0 1 2 1 2 1 2 1 0 1 0 2 0 0 2 1 1 0 2 0 2 0 0 0 2 0 0 2 2 0 1 2 0 1 2 0 2 2 2 0 1 0 0 2 1 0 1 2 1 1 0 0 1 2 1 1 2 1 1 2 0 2 2 0 0 2 1 0 1 0 1 0 1 1 0 2 2 1 2 1 2 0 1 1
2 2 0 0 2 1 2 2 1 2 0 2 1 1 0 1 0 1 2 1 1 2 1 1 2 1 0 2 1 1 2 2 2 2 0 1 2 2 1 0 2 2 1 1 1 1 0 1 1 0 0 0 0 1 2 2 0 2 2 0 2 1 0 2 1 0 1 0 2 2 2 2 2 1 2 0 0 0 0 2 0 0 2 2 0 2 1 0 2 1 1 2 0 1 1 0 1 2 1 2 2 0 1 1 2 1 0 0 2 0 2 0 0 0 2 0 0 2
2 0 1 1 0 2 0 1 0 2 2 1 1 1 2 1 1 2 2 1 0 2 1 0 0 2 1 0 1 2 0 1 2 2 2 2 2 2 2 2 0 1 0 1 2 0 0 0 1 1 2 1 0 0 1 1 1 0 0 2 2 0 0 2 2 0 1 2 0 0 2 1 1 0 2 2 1 1 0 2 2 0 1 0 1 0 0 2 1 0 1 1 1 2 0 2 0 0 1 1 1 1 2 1 2 2 1 1 1 1 1 1 1 0 2 0 1 0
2 0 1 2 2 2 2 0 1 0 0 1 2 0 0 1 2 2 2 0 0 1 1 2 0 0 0 0 1 2 0 1 2 1 0 2 1 1 0 1 1 1 2 1 1 2 0 1 1 0 1 2 2 0 0 2 1 1 2 2 0 0 0 1 2 2 0 1 0 1 2 2 0 1 0 2 0 2 1 2 0 2 0 2 0 1 2 1 2 2 0 1 0 1 2 2 1 0 1 1 2 1 0 2 0 2 2 1 2 1 1 2 1 2 0 1 0 0
0 2 0 1 0 1 0 0 1 1 1 0 2 0 1 1 0 2 1 0 1 0 2 0 0 1 2 1 0 2 2 1 2 0 0 1 1 0 2 0 2 0 1 2 1 1 1 2 0 2 1 2 0 0 2 2 2 1 0 2 1 0 1 2 0 2 0 0 2 2 0 2 1 0 0 0 1 2 1 2 0 2 2 0 0 1 0 2 0 1 2 2 1 0 1 0 2 1 0 0 2 1 0 1 1 1 2 2 1 0 2 1 0 2 2 0 0 0
0 1 2 0 1 1 0 0 1 1 0 2 2 2 1 2 1 2 2 0 0 0 2 0 2 2 2 1 1 0 2 1 2 1 1 1 0 0 1 1 1 1 2 0 1 0 0 0 0 0 2 0 0 1 1 0 1 1 2 2 2 1 1 2 1 2 1 1 2 0 0 1 0 2 2 2 2 1 0 0 1 0 1 0 2 1 0 0 2 0 0 2 0 2 2 1 2 0 2 0 2 2 1 2 2 1 1 2 0 2 0 1 0 0 2 2 1 1
0 1 1 1 2 2 0 1 0 0 0 0 0 2 1 2 2 0 1 1 0 2 2 2 1 2 2 1 2 1 2 2 0 1 1 2 1 1 2 2 1 0 0 0 0 1 2 2 2 1 1 0 0 0 2 1 0 2 0 2 0 2 2 2 2 0 2 1 2 1 1 1 2 2 1 2 0 1 2 0 2 1 1 0 2 1 2 0 1 2 2 2 0 2 1 0 0 1 1 2 0 0 1 0 0 0 0 1 2 1 2 1 0 1 2 2 0 2
0 1 1 0 1 2 1 0 2 1 1 1 1 2 2 0 0 0 0 0 1 2 1 1 2 1 2 1 2 0 1 2 2 0 0 1 0 1 2 0 0 1 2 2 1 2 2 1 2 2 0 1 0 2 0 2 1 2 1 1 0 2 1 1 2 1 2 0 1 2 1 1 1 1 0 2 1 2 2 1 2 2 2 2 1 2 1 0 0 2 1 0 2 2 2 2 2 0 2 0 2 1 1 1 2 2 1 1 2 1 2 1 0 2 2 1 1 0
0 1 1 1 0 0 2 2 0 1 0 1 1 0 0 0 1 1 2 0 2 1 1 2 0 2 1 2 1 0 1 1 0 0 0 0 1 2 0 0 0 1 1 2 2 1 2 1 0 1 0 0 0 2 2 1 2 1 1 1 1 2 0 1 0 0 2 2 1 0 2 2 2 1 2 1 0 1 0 1 0 0 1 1 0 1 2 0 2 1 1 0 1 1 0 2 2 2 1 0 0 1 1 2 0 0 1 0 1 2 2 2 0 0 1 0 2 1
1 1 2 2 0 2 1 0 1 1 2 0 2 0 1 0 0 1 1 2 2 1 2 2 0 2 0 2 1 0 2 2 1 1 0 1 0 1 2 2 0 2 2 0 0 0 1 0 2 0 2 2 1 2 1 2 2 2 0 1 2 2 0 1 1 0 0 0 0 0 2 0 0 0 0 0 1 0 0 1 1 1 1 2 0 0 2 0 2 0 1 2 0 0 1 2 1 2 0 1 2 0 2 2 0 0 0 2 0 1 1 1 0 2 1 0 0 2
1 2 2 0 2 0 0 1 0 2 1 0 0 1 0 2 2 2 0 2 1 1 1 2 1 1 2 2 2 0 2 1 0 2 1 1 0 2 2 0 1 1 1 2 0 1 2 0 0 0 2 2 2 1 2 0 2 2 1 2 2 0 1 0 0 1 1 0 0 1 1 2 0 2 1 1 1 1 1 2 2 0 0 0 2 2 0 0 2 2 0 2 0 2 2 0 0 1 2 1 0 0 1 0 0 0 1 2 0 0 2 2 0 2 0 0 0 2
1 0 1 1 2 2 0 2 1 1 1 0 0 1 1 1 2 2 2 1 1 2 1 2 2 2 2 0 0 2 2 2 2 1 0 2 1 2 2 2 1 0 0 2 0 1 0 2 2 0 2 0 2 0 0 0 0 0 0 0 2 0 0 0 1 1 2 0 1 2 0 2 0 1 1 0 1 2 1 0 0 0 1 0 0 2 0 1 2 1 2 2 2 1 2 1 2 1 2 0 1 0 2 2 2 2 0 0 2 2 0 2 2 1 2 1 1 0
0 0 2 0 0 1 1 2 0 1 2 0 1 0 0 2 0 0 1 2 0 0 1 1 0 1 1 1 0 2 1 0 0 1 1 1 0 0 0 1 2 0 1 2 2 0 1 2 0 0 1 2 1 1 0 1 2 1 2 0 1 2 1 2 1 2 0 1 0 1 1 0 2 2 2 2 2 1 2 1 1 2 0 0 0 1 1 0 0 2 0 2 2 1 2 0 1 0 2 2 1 0 0 1 1 2 1 1 1 1 2 2 0 0 0 0 2 2
0 0 1 1 2 0 2 2 1 0 2 2 0 1 2 0 0 0 0 2 2 1 0 2 1 0 0 1 1 2 1 2 0 0 0 0 2 0 2 0 2 2 0 2 0 0 1 1 1 1 1 1 0 1 1 2 0 2 1 1 2 0 1 2 0 2 2 2 0 2 1 0 1 1 2 1 2 1 1 1 0 2 0 1 0 1 0 1 1 1 0 0 1 2 0 0 1 2 0 2 2 2 2 0 1 0 0 1 1 1 0 2 0 1 0 1 2 2
0 2 0 1 2 0 0 0 1 2 0 1 0 0 1 0 0 0 0 1 1 0 2 0 0 2 1 1 2 1 1 2 0 1 1 0 2 2 1 0 2 1 0 2 2 1 0 1 2 1 2 0 2 2 0 0 2 2 2 1 1 0 1 1 2 2 2 0 1 0 1 1 0 1 1 0 2 2 1 2 2 1 0 1 1 1 2 0 1 2 2 0 0 1 1 1 1 1 1 0 2 2 2 0 2 1 1 2 1 2 2 0 1 0 0 0 2 0
1 1 1 1 1 1 2 0 2 1 2 1 2 2 2 2 0 1 1 2 1 0 2 0 1 1 0 1 2 0 0 0 1 1 2 1 0 2 1 0 1 1 2 1 1 1 1 1 0 2 1 0 0 1 0 2 0 2 1 2 0 1 0 2 0 0 0 1 2 2 2 2 1 1 0 0 1 1 2 2 2 1 2 2 2 0 2 2 0 1 1 0 0 2 0 1 0 1 2 0 0 1 2 0 0 1 0 1 2 2 1 1 0 1 2 0 1 1
0 2 2 0 2 1 0 0 2 0 2 2 2 0 0 2 0 0 0 0 0 1 1 2 0 2 0 2 0 0 1 0 2 1 0 0 2 2 1 1 2 0 0 2 0 1 0 1 0 1 2 1 2 0 0 0 0 0 2 1 0 1 1 0 0 0 1 2 2 2 2 2 2 0 0 2 0 0 1 0 2 2 1 2 2 2 2 0 2 2 1 1 1 1 2 2 2 0 1 1 2 1 1 1 0 1 1 0 2 1 1 2 0 0 2 0 2 2
1 1 1 0 0 2 1 2 1 1 2 1 2 1 0 2 2 0 1 2 1 2 0 2 1 1 2 1 1 1 0 0 1 1 2 1 2 1 2 1 0 1 0 2 0 1 2 0 2 1 2 1 0 0 0 2 1 1 0 1 0 1 1 2 2 0 1 2 2 1 1 2 2 1 2 0 0 2 1 0 1 1 1 1 2 2 1 1 0 2 2 1 0 1 0 2 2 2 2 2 0 1 2 1 0 0 1 1 0 2 2 1 1 0 0 1 0 1
2 1 0 2 2 0 1 0 0 0 0 0 1 1 1 0 2 0 0 1 1 0 1 1 2 2 2 2 0 2 0 1 0 0 0 0 1 1 2 2 2 0 0 0 1 2 2 2 0 0 1 2 1 2 0 0 2 2 0 0 1 1 1 0 0 2 1 2 1 0 1 1 1 0 2 0 2 1 0 0 2 1 2 1 0 2 2 0 2 0 2 1 0 1 1 0 1 1 2 2 2 2 1 1 2 1 2 2 0 2 2 0 0 1 2 1 1 0
2 0 0 1 1 0 2 1 1 1 2 2 2 2 1 0 0 1 2 2 0 1 2 0 2 0 1 0 2 2 0 2 0 1 1 1 0 1 0 1 1 0 0 0 0 2 1 1 0 1 2 0 0 1 0 2 0 2 2 0 2 0 0 2 2 1 2 2 0 0 1 1 1 2 2 2 1 1 0 2 0 0 0 0 2 1 0 0 1 1 0 1 1 0 0 1 2 0 0 0 1 2 2 0 2 1 2 1 0 0 0 0 1 1 0 1 0 2
1 1 0 2 2 2 0 1 1 2 2 2 2 1 2 2 1 1 2 1 0 2 2 1 0 0 0 1 2 1 0 0 0 0 0 0 1 0 2 2 0 0 2 2 1 2 0 0 1 0 2 2 2 1 1 0 2 2 2 1 1 2 2 2 1 2 2 0 0 0 0 0 0 2 1 1 2 1 2 1 1 2 0 1 1 2 2 2 2 2 1 1 2 2 0 1 1 0 1 2 0 1 0 1 2 1 1 1 2 0 0 1 0 2 1 0 2 1
2 2 1 1 0 0 0 0 2 2 1 1 2 2 1 2 1 1 2 2 0 2 0 1 1 2 1 0 2 0 1 2 0 2 0 0 0 1 2 0 1 1 2 1 0 1 1 2 2 0 1 2 0 0 1 2 2 2 2 1 0 1 0 1 1 0 1 1 2 0 2 0 2 2 1 0 1 0 2 0 0 2 0 0 2 0 0 1 2 2 0 0 0 1 1 1 2 1 0 2 2 0 2 2 0 2 2 1 2 2 2 0 1 0 2 1 0 2
0 0 2 0 1 0 1 0 2 1 1 0 0 0 1 0 0 1 2 2 0 2 0 2 0 2 2 2 1 1 2 1 2 1 0 0 0 1 0 0 0 2 1 0 1 2 2 1 1 1 2 1 1 0 1 2 2 1 1 1 2 1 0 1 0 1 2 0 2 0 1 1 1 2 2 2 1 1 1 0 1 1 1 2 1 0 2 1 1 1 0 1 2 1 0 0 2 0 1 0 1 2 1 0 1 0 2 2 2 1 0 0 1 2 0 2 2 2
1 1 0 2 0 0 0 1 1 0 2 2 1 1 2 2 1 0 2 1 1 2 2 1 0 0 1 0 1 1 0 2 0 1 2 1 2 1 0 1 2 2 0 0 1 2 2 2 1 2 0 2 2 0 1 2 2 2 1 1 1 2 0 2 2 1 1 2 2 1 0 1 1 0 1 2 1 1 2 2 0 0 1 0 0 2 0 0 0 2 1 2 1 0 1 1 1 2 0 1 0 0 0 2 2 2 2 0 0 1 2 1 1 0 2 0 0 0
1 0 0 0 2 2 1 2 1 0 1 1 1 0 0 1 2 2 0 0 2 1 1 1 0 1 1 2 2 2 0 0 0 0 1 0 0 2 2 1 2 2 2 0 2 0 2 2 2 0 2 1 2 2 2 0 1 1 2 1 1 0 1 2 1 0 2 1 0 0 2 0 2 0 1 2 1 2 1 1 2 2 2 2 2 0 0 1 2 2 2 1 0 0 1 0 1 1 1 2 2 2 0 1 0 1 1 1 0 2 2 1 2 0 1 2 1 1
0 1 1 2 0 0 0 1 0 2 0 2 2 0 1 2 2 2 2 0 1 0 1 1 1 0 1 2 1 0 1 1 2 0 1 0 1 2 1 2 1 0 1 2 0 1 1 0 0 0 1 1 1 2 0 0 1 2 1 2 0 2 0 0 0 2 0 1 1 2 0 1 0 0 0 1 1 2 2 1 0 0 0 2 1 1 2 2 1 0 2 1 1 2 1 1 0 2 1 1 2 1 0 2 1 1 1 0 1 1 2 1 2 0 1 1 1 0
0 2 2 2 2 0 2 1 1 0 1 2 2 1 2 0 0 1 2 0 2 0 1 1 2 1 1 0 2 0 1 0 0 0 0 2 0 1 1 0 1 0 0 1 1 2 2 2 2 2 0 1 2 2 0 2 0 2 2 1 0 1 1 0 2 0 0 0 1 2 0 2 0 2 1 2 1 1 1 0 0 2 2 2 2 0 2 0 2 2 1 2 0 1 0 0 1 1 1 2 1 2 1 1 1 0 1 1 1 2 2 1 2 2 1 2 2 1
0 0 0 1 0 1 2 0 1 0 2 0 0 1 0 0 0 2 0 1 0 0 2 1 2 1 0 2 2 0 0 2 0 1 1 1 2 2 2 1 0 0 2 1 1 0 1 2 0 2 0 2 2 2 0 2 2 0 1 1 1 1 1 2 2 0 1 2 2 1 1 0 1 1 2 0 1 0 0 2 2 0 1 0 1 1 2 1 1 1 2 0 0 1 0 0 1 2 0 2 0 2 2 2 0 1 0 2 2 0 0 2 1 1 0 0 0 2
1 2 1 1 2 2 0 0 0 2 2 0 1 0 1 1 0 2 0 0 0 0 1 0 2 0 1 1 1 1 0 0 1 0 2 1 2 2 0 2 2 2 0 1 0 1 2 0 1 0 1 2 0 2 2 1 1 0 2 0 0 0 0 1 0 0 0 2 1 0 2 0 1 0 0 1 2 2 2 1 1 0 0 1 1 2 2 0 1 1 0 1 0 0 0 0 2 0 1 0 2 1 1 0 2 1 1 2 2 1 1 0 0 2 1 1 2 2
1 1 1 1 2 1 2 2 0 1 1 1 2 0 2 1 1 0 0 2 2 0 1 0 0 1 0 0 0 1 0 2 2 1 1 0 1 1 2 1 0 1 0 0 2 0 2 0 0 0 1 2 0 2 1 2 1 2 2 2 1 2 1 1 1 0 1 2 1 1 0 2 1 1 0 0 2 2 2 2 2 0 0 1 0 2 0 1 1 0 1 0 0 2 2 2 0 0 2 1 2 0 1 0 2 1 1 1 1 0 1 2 0 1 0 0 0 1
2 2 2 0 0 0 0 2 2 0 0 2 2 2 1 0 0 0 2 1 2 1 2 0 0 0 2 0 0 0 2 0 0 2 1 0 2 1 0 1 2 0 2 1 1 0 0 1 1 2 0 0 0 0 1 1 0 1 1 0 2 1 1 0 0 2 1 2 1 2 2 0 1 2 2 2 2 0 1 0 0 2 1 1 2 0 0 2 2 2 0 2 1 1 2 2 0 1 2 2 2 2 2 0 1 2 0 1 0 1 1 1 0 0 2 2 0 2
2 0 2 2 0 1 0 1 0 1 2 0 0 1 0 0 2 1 0 2 0 0 0 2 1 1 2 1 1 1 1 0 2 1 2 0 2 0 2 1 2 1 1 0 1 2 0 1 1 2 1 2 2 2 1 2 2 2 1 0 1 2 1 0 2 1 1 1 0 0 2 2 0 2 1 2 2 2 0 1 1 2 1 1 0 1 1 2 0 2 0 1 2 2 2 1 1 1 1 2 2 1 1 2 0 0 2 0 0 0 2 1 0 0 0 0 1 1
0 2 1 1 1 2 0 1 1 2 0 2 1 2 1 1 0 2 1 2 1 1 0 0 0 1 0 1 2 0 0 0 2 2 2 1 1 2 0 1 2 0 0 1 0 2 2 1 0 2 2 1 1 2 1 1 1 2 1 2 0 2 2 0 1 1 2 1 1 2 2 1 0 0 0 1 0 0 0 1 0 0 2 2 2 1 1 2 1 2 1 2 1 1 2 0 2 1 2 0 1 1 0 1 1 0 0 2 1 0 0 2 0 0 1 1 1 2
1 1 2 2 0 0 1 0 1 0 2 0 1 0 2 1 2 2 2 2 2 2 1 0 1 2 1 0 0 1 2 2 2 2 1 2 1 2 2 2 0 1 1 0 1 1 2 1 0 0 0 0 2 1 1 0 1 0 0 2 1 0 2 0 0 1 2 1 2 2 1 0 0 0 0 2 2 1 1 0 1 2 1 0 1 0 0 0 1 1 1 2 1 0 1 2 2 0 0 2 1 0 0 2 0 1 2 0 2 0 2 0 0 0 0 2 2 1
0 0 0 1 0 0 2 1 2 2 0 1 1 1 1 2 0 2 1 0 1 1 1 0 2 2 1 0 2 1 0 0 1 0 2 0 1 2 1 1 1 1 2 0 2 1 0 1 0 2 1 2 0 0 0 0 0 2 2 0 1 2 0 0 0 0 0 2 0 2 1 2 1 0 2 1 2 0 2 0 0 2 0 1 2 0 2 0 0 1 1 2 1 2 0 0 0 1 0 0 0 1 2 1 2 0 1 1 1 0 1 2 2 2 1 0 0 0
0 1 0 2 0 2 2 0 2 2 2 0 0 0 2 0 1 1 0 0 0 2 1 0 1 1 2 0 2 0 1 1 0 1 0 0 2 2 2 1 2 1 0 0 1 2 0 1 2 2 1 2 1 0 0 0 0 1 0 2 2 2 0 2 1 2 0 0 1 0 2 1 2 0 2 2 0 0 1 2 0 0 2 1 1 0 2 2 1 0 2 1 2 1 1 1 0 2 2 2 2 0 1 2 0 1 1 0 2 0 2 2 1 2 1 0 0 0
2 2 0 2 0 0 0 1 2 0 1 2 1 1 2 0 1 2 1 0 0 1 1 0 0 0 0 2 0 1 2 0 0 1 2 2 2 1 1 1 2 0 1 0 1 0 0 2 1 2 1 2 1 0 2 1 0 1 1 1 2 2 1 1 0 1 1 0 0 2 2 0 0 1 1 2 2 2 2 0 2 1 2 0 1 0 2 1 2 1 2 2 0 1 0 1 1 2 1 1 2 0 2 0 2 1 2 2 1 0 0 1 1 1 1 0 2 1
2 1 2 0 0 0 2 2 1 1 1 0 1 1 2 0 2 1 2 2 1 1 2 2 2 2 0 1 0 0 0 0 1 0 0 1 1 1 1 0 2 0 1 0 2 0 2 1 2 2 2 1 1 1 1 1 1 2 0 1 2 1 2 0 1 0 2 0 1 1 1 2 2 0 0 1 0 2 1 0 2 0 1 1 2 2 2 1 2 0 0 1 1 0 1 1 2 2 2 1 0 1 0 0 1 1 2 2 1 1 0 0 1 1 2 2 2 2
1 1 2 1 0 2 0 2 0 2 1 0 0 2 2 2 0 0 1 0 0 2 1 0 1 1 2 0 1 1 2 2 1 0 1 2 2 2 1 0 1 1 0 0 1 2 0 2 1 1 0 1 0 2 2 1 1 1 2 2 1 2 2 0 2 1 2 2 1 1 2 0 2 1 1 1 0 2 0 2 0 1 0 1 0 0 1 2 0 0 1 1 0 1 2 0 0 1 0 1 2 0 2 0 1 1 1 2 0 2 2 1 0 0 1 0 1 2
0 2 0 0 1 0 2 0 1 2 1 2 1 1 0 2 1 1 0 0 1 2 2 1 1 0 2 2 2 1 1 2 0 2 2 2 0 1 2 2 1 1 1 1 2 1 0 2 0 1 2 0 1 2 1 1 2 1 0 1 0 0 2 1 2 2 0 0 1 2 0 0 0 1 1 1 1 2 0 1 1 2 1 0 2 1 1 0 2 2 2 0 0 1 1 2 2 2 1 0 2 1 1 1 0 0 2 1 2 0 1 1 0 0 2 1 1 0
1 2 0 1 2 0 1 1 1 0 1 2 1 2 1 2 0 1 2 0 0 0 1 2 1 1 2 1 2 2 0 1 1 0 1 0 2 2 2 1 0 2 1 1 1 2 0 1 0 1 2 1 1 0 0 0 1 1 2 2 0 0 1 1 0 2 2 0 2 2 1 2 1 2 1 2 2 2 1 1 1 0 0 2 0 2 0 2 0 0 2 1 0 1 0 2 1 2 2 1 2 1 2 1 1 0 1 2 0 0 0 1 0 1 1 1 0 2
1 1 0 1 2 1 2 2 0 1 2 2 0 0 1 0 1 1 0 0 0 1 0 1 2 1 2 1 0 0 1 2 2 1 0 2 2 2 2 0 1 0 1 2 1 2 2 0 1 0 0 1 1 1 2 1 0 0 0 1 1 1 0 0 2 1 0 0 0 1 0 2 2 1 2 0 2 2 0 0 0 0 0 1 2 0 0 0 0 1 2 1 2 2 0 0 0 0 0 2 1 1 2 1 1 2 1 0 1 1 1 2 0 1 1 0 0 2
1 0 1 0 0 1 1 0 1 2 1 2 1 1 2 2 2 0 1 1 1 0 0 2 0 1 2 2 2 2 1 1 0 0 2 0 2 0 1 1 1 1 2 0 2 1 2 1 2 1 0 0 0 2 0 0 0 0 0 0 0 2 1 1 0 2 2 0 0 2 2 1 0 2 2 2 0 1 1 0 1 2 1 1 2 2 2 2 0 2 1 1 1 2 0 2 2 0 0 0 2 1 1 2 0 1 2 2 1 1 2 2 1 2 0 0 1 2
0 2 2 1 0 1 2 1 2 2 2 0 2 1 1 2 2 0 0 1 2 1 0 2 0 1 2 1 2 0 1 1 1 0 0 1 2 0 1 1 0 0 1 2 2 1 1 1 1 0 0 1 1 1 1 0 0 1 1 0 2 0 2 0 1 0 0 0 1 1 2 1 1 2 2 0 0 1 0 1 1 1 0 1 2 1 1 0 0 2 1 0 0 1 1 2 1 1 0 0 2 0 2 1 0 1 0 0 1 0 2 2 2 2 0 1 1 2
2 2 0 1 0 0 2 1 0 2 1 2 0 1 0 2 0 0 2 1 0 0 2 2 0 1 2 2 2 0 2 2 0 2 0 0 1 0 0 2 0 1 1 0 2 2 2 0 2 2 1 0 0 1 0 2 2 2 1 0 1 1 2 2 1 1 0 2 1 1 2 1 2 1 1 2 1 1 0 1 1 2 2 1 1 0 0 1 0 2 2 1 1 0 1 0 1 2 0 0 1 2 1 0 1 0 0 0 2 0 1 1 1 0 1 0 1 2
2 2 0 2 1 2 2 2 2 0 2 2 0 0 1 2 1 0 0 0 0 0 0 2 2 2 0 1 2 2 0 0 1 0 2 2 2 2 0 2 0 0 1 1 2 1 1 1 2 2 1 0 2 0 2 2 2 2 0 0 2 2 0 1 0 0 1 1 2 2 0 0 0 0 1 0 1 0 2 0 2 0 0 2 1 0 2 2 2 0 0 0 0 0 1 1 1 0 2 1 0 0 1 1 0 0 1 1 0 1 2 2 0 2 1 1 2 1
0 0 0 0 1 0 1 2 2 2 0 2 1 0 0 2 2 0 2 2 0 0 0 2 0 0 0 2 2 0 1 0 1 2 2 2 1 1 2 0 2 0 1 0 1 1 0 1 2 0 0 0 1 0 1 1 2 1 1 1 1 1 2 0 0 2 2 1 1 2 0 0 2 1 0 2 0 1 0 0 2 1 2 1 1 0 0 0 1 2 2 0 1 0 1 1 2 2 1 1 1 2 1 2 1 2 1 2 0 2 2 0 0 2 1 2 2 2
1 1 2 1 2 0 1 1 2 2 0 1 0 0 0 2 0 1 2 1 1 0 1 2 2 1 1 0 0 1 0 2 2 0 1 2 1 0 1 2 2 2 0 0 2 2 0 2 1 0 1 0 1 2 2 0 0 0 1 2 1 2 1 2 1 0 2 2 1 1 1 1 1 2 1 1 2 2 1 0 0 2 0 2 0 2 2 1 0 1 0 2 1 0 2 0 1 2 2 2 1 2 1 2 1 0 2 1 1 0 1 1 0 2 0 0 1 1
0 2 2 0 2 1 1 2 1 0 2 2 0 1 1 1 1 0 0 0 1 1 1 2 0 0 1 2 1 1 0 1 0 0 0 0 2 1 0 1 2 0 0 0 1 1 2 1 1 0 2 2 2 1 2 0 1 1 0 2 0 0 1 2 0 1 2 0 0 0 2 0 1 2 1 0 1 1 2 0 2 2 0 1 0 0 2 1 2 2 1 0 2 0 2 1 1 2 1 2 1 1 0 0 1 2 0 0 0 1 0 2 0 1 1 0 2 0
2 2 1 1 0 0 2 0 2 0 2 1 0 0 2 1 0 1 0 2 1 1 0 0 1 1 2 2 1 2 1 1 2 2 2 0 0 1 0 0 0 0 2 1 2 2 1 0 1 1 2 0 0 0 1 2 1 1 2 0 1 1 1 1 1 2 1 2 1 2 0 2 2 0 1 1 2 2 2 1 1 2 2 2 1 1 2 0 2 1 1 1 1 0 2 2 2 1 2 2 0 0 1 1 0 0 0 0 2 0 2 2 1 1 2 2 1 1
2 0 0 0 0 1 2 0 2 2 2 1 1 0 2 0 1 2 0 0 0 1 0 0 1 1 2 0 0 0 1 1 2 2 2 0 2 1 0 1 1 2 2 0 1 2 0 0 0 2 0 1 1 2 2 2 0 2 2 2 0 1 1 0 1 0 0 0 0 2 1 2 2 2 2 0 2 1 1 2 1 2 2 2 1 1 1 2 1 1 2 0 0 0 0 1 0 2 2 0 1 1 0 1 0 0 2 0 2 0 0 0 0 2 2 2 1 1
1 0 2 0 0 0 1 2 1 1 1 1 0 0 0 0 1 1 1 1 1 0 2 0 0 0 2 0 2 1 1 0 0 1 1 0 1 2 2 1 1 1 2 2 1 2 1 1 1 2 2 0 1 2 1 1 2 2 2 2 0 1 2 1 0 1 2 2 1 2 0 0 1 0 0 0 0 2 1 2 1 2 1 2 2 2 2 2 1 2 1 2 0 1 1 1 0 0 1 1 0 2 2 1 0 0 2 1 2 2 1 1 1 2 1 1 2 0
0 0 0 2 0 1 0 2 2 0 2 1 2 0 1 1 2 1 2 2 0 1 1 2 0 0 1 0 2 1 1 2 2 2 1 2 1 2 1 1 2 2 0 2 2 2 0 2 1 0 2 0 0 1 0 1 1 2 1 1 1 1 0 0 0 2 2 2 1 2 0 1 1 1 0 1 1 1 1 0 0 0 1 0 2 1 2 0 0 2 1 1 0 2 1 1 2 2 0 1 2 1 2 1 0 0 2 1 2 2 2 2 0 0 0 0 1 2
1 2 1 0 1 1 0 0 0 0 0 0 1 0 2 2 1 0 2 1 1 2 0 1 1 1 1 2 1 1 2 2 0 1 0 1 1 2 2 1 2 0 2 1 0 2 1 1 2 1 0 0 1 1 2 1 2 2 0 1 0 0 1 1 2 2 0 0 1 0 1 1 1 1 1 2 0 2 1 0 1 2 2 0 1 1 1 1 1 2 0 1 0 2 2 2 1 0 2 0 1 1 2 0 1 0 0 2 0 2 0 2 2 2 2 0 1 1
0 1 1 1 2 1 0 0 1 2 1 1 0 0 2 0 0 0 0 1 0 1 1 1 1 0 1 1 2 0 1 2 1 2 0 2 1 1 0 0 0 2 1 1 2 1 2 0 0 0 2 1 2 1 2 1 2 1 0 2 1 1 2 1 1 0 0 0 1 0 0 2 0 1 1 2 1 0 0 1 1 0 2 1 1 2 2 1 0 0 0 1 0 2 0 2 0 0 0 1 1 1 2 1 1 0 1 2 1 0 0 0 1 0 1 2 2 1
2 0 2 0 2 2 1 0 2 1 1 0 1 0 1 0 2 2 0 2 1 2 2 2 2 0 0 1 0 2 0 0 2 0 1 0 0 2 0 0 0 1 0 1 2 2 1 0 2 0 0 2 2 2 1 0 0 2 2 0 2 0 1 0 1 0 0 2 2 1 0 0 2 0 0 0 0 2 1 0 2 1 2 0 0 1 1 1 0 0 2 1 1 0 1 0 1 2 0 0 0 0 2 0 1 2 1 2 2 2 2 0 0 2 0 1 0 2
0 2 0 0 0 2 0 2 0 0 2 1 0 0 1 0 1 1 0 0 0 0 0 2 0 2 2 1 1 2 0 2 1 0 2 1 0 0 1 2 0 0 0 2 0 0 2 2 1 1 0 1 1 0 1 2 0 0 0 2 0 1 2 2 2 1 1 1 2 0 0 0 1 1 0 2 1 0 2 0 1 0 2 2 1 1 2 2 2 0 2 0 2 1 2 0 2 1 1 1 1 2 2 0 1 2 0 0 0 0 1 2 0 1 0 1 2 2
0 2 0 0 0 0 1 2 0 1 0 1 1 0 1 0 1 0 1 2 1 2 2 0 1 0 1 1 1 2 2 0 2 0 0 2 0 0 2 1 1 0 0 2 1 0 1 2 1 0 2 2 0 1 2 1 1 2 1 1 2 1 2 1 1 2 1 1 2 1 0 2 2 2 1 1 2 0 1 0 0 1 0 1 0 0 0 0 0 2 1 2 0 1 1 2 0 2 1 1 1 2 0 1 2 2 0 2 1 1 2 2 0 0 1 2 0 2
2 2 1 1 1 2 2 0 1 0 0 2 2 2 2 0 1 2 0 1 1 2 0 0 2 1 1 0 0 0 2 0 2 1 1 0 1 1 1 0 1 2 1 1 2 0 1 0 0 2 2 1 2 2 0 2 1 1 2 2 2 0 2 1 2 1 0 2 2 1 2 2 1 0 1 1 2 0 2 2 1 1 1 0 2 2 2 0 2 0 1 1 1 1 0 1 0 1 0 0 2 0 0 2 1 1 0 0 2 0 0 1 2 2 1 1 2 2
0 1 0 1 0 1 2 1 2 0 2 1 1 2 2 2 1 0 1 0 1 1 0 1 2 0 1 1 2 1 0 2 2 0 1 0 2 1 1 0 2 1 1 1 1 0 0 0 0 2 0 2 1 1 1 0 2 0 0 2 1 0 2 2 2 0 2 1 1 2 1 1 0 2 2 1 0 1 2 1 1 0 1 0 2 2 1 2 1 1 1 0 2 0 2 1 1 0 2 0 2 2 2 2 1 2 2 2 0 2 1 2 2 2 0 2 0 1
1 1 0 2 1 0 0 2 1 1 2 1 2 1 0 1 1 0 0 0 0 2 2 1 2 0 1 0 2 1 1 1 0 1 1 0 1 2 2 0 0 2 0 2 0 1 1 2 1 0 1 2 2 0 1 2 1 0 2 1 2 1 0 1 0 2 2 2 1 2 0 0 1 0 2 2 1 2 1 1 2 2 1 2 1 0 1 2 1 1 1 1 2 2 2 0 2 1 1 1 0 1 1 2 2 2 1 1 1 1 0 0 0 2 2 2 2 1
0 1 0 2 2 0 0 0 2 0 1 0 1 0 2 1 2 1 0 2 0 2 0 1 0 1 0 2 1 0 1 2 1 2 1 1 0 1 1 2 1 0 2 1 1 1 2 1 0 0 1 1 2 1 2 2 1 0 2 2 1 1 2 2 0 0 0 0 0 2 1 1 0 1 2 2 0 2 1 1 2 0 0 2 2 2 1 0 0 1 0 1 2 2 1 0 0 2 1 0 2 0 2 0 1 0 0 2 2 1 1 0 1 1 2 1 2 2
1 2 0 2 2 0 2 0 1 0 0 0 1 2 0 1 0 2 2 0 1 1 2 0 2 1 0 2 2 2 1 2 2 1 2 1 2 1 0 1 2 0 1 1 1 0 2 1 2 2 2 1 1 2 2 0 0 2 0 1 2 1 0 1 1 0 1 1 2 1 0 2 2 0 1 0 0 0 2 2 0 2 0 2 2 0 0 2 2 1 0 2 0 1 1 1 2 0 1 2 2 1 1 1 1 2 2 1 1 2 1 2 1 0 2 0 0 2
0 1 1 2 0 0 1 2 1 1 0 0 0 2 2 2 2 1 2 1 0 0 1 2 0 2 0 2 0 2 2 1 0 2 0 1 2 2 2 1 1 0 2 1 0 1 1 0 2 0 1 0 1 2 1 1 2 1 1 0 0 1 1 1 0 2 1 2 2 1 0 1 1 0 0 2 1 1 2 2 2 1 0 1 0 1 0 0 0 2 0 1 0 0 0 1 2 1 1 2 0 2 0 1 2 0 1 2 2 1 2 1 0 2 0 1 1 1
2 2 0 0 0 2 0 1 0 0 0 2 0 0 2 1 0 2 2 2 2 2 0 1 0 0 1 1 0 0 0 2 0 2 0 1 1 1 1 2 2 1 2 0 0 1 1 0 2 1 2 1 0 2 1 1 1 0 0 1 1 1 1 1 0 2 0 1 0 1 1 0 1 1 1 1 1 2 1 0 0 0 2 0 0 0 0 2 0 0 1 1 2 2 0 0 2 1 1 0 0 0 1 1 2 2 2 1 0 1 1 0 2 1 2 0 2 2
0 0 0 2 0 2 2 0 2 2 2 2 0 1 0 2 2 0 0 0 1 0 2 2 0 2 2 0 0 1 0 0 2 0 2 2 1 2 1 1 2 1 1 2 2 2 0 0 2 0 0 1 0 2 1 1 2 0 0 2 2 0 0 0 2 0 0 1 0 1 2 0 1 1 0 0 1 1 1 1 1 1 2 2 2 2 2 1 0 2 2 1 0 0 1 2 1 1 0 2 0 1 0 2 0 1 2 2 0 2 0 2 0 1 0 0 0 0
0 1 0 2 2 0 2 0 1 0 2 1 0 0 0 1 2 1 0 2 0 1 1 1 1 0 2 1 1 0 2 1 2 2 1 2 0 0 0 1 2 2 0 0 0 2 0 0 0 0 1 1 2 0 0 0 1 2 0 0 0 2 2 2 0 1 2 0 2 0 2 2 0 0 0 1 2 0 2 0 1 1 2 1 2 2 2 0 2 2 1 0 0 1 0 1 2 0 2 1 1 1 2 1 2 2 0 2 0 1 0 2 2 2 0 1 2 2
0 2 0 2 2 1 0 2 2 0 0 1 0 1 0 2 1 2 2 1 2 2 2 2 2 0 2 2 1 2 1 2 1 2 2 0 0 0 1 0 2 1 2 0 1 2 0 2 0 2 0 2 2 1 0 1 1 2 0 0 2 2 1 0 0 1 2 1 2 0 2 1 1 1 1 0 2 2 2 2 1 1 2 0 2 2 2 1 0 2 2 2 0 0 0 0 1 2 1 1 0 1 0 0 1 0 0 0 2 0 0 1 1 0 2 1 0 2
0 0 2 2 0 2 0 0 0 1 1 0 0 1 2 1 2 0 1 0 1 0 0 2 1 2 0 1 1 1 1 1 1 0 0 2 1 0 0 2 0 2 0 0 2 0 1 1 1 0 1 0 1 2 0 0 1 0 2 2 1 0 0 0 2 2 0 0 2 1 0 0 0 1 1 2 1 0 1 0 1 2 0 0 0 2 0 1 0 0 2 0 0 2 0 2 1 2 0 2 0 1 2 1 0 1 1 2 0 0 2 2 0 1 2 0 0 2
0 0 2 2 0 1 2 2 1 2 1 0 1 2 2 1 0 2 1 2 1 1 0 1 0 1 2 2 2 0 2 2 1 0 2 2 1 2 2 0 1 0 0 0 0 2 2 1 2 1 1 0 2 2 0 0 0 2 0 0 0 0 0 2 0 2 1 2 2 1 2 1 2 1 2 0 0 2 2 1 0 0 2 1 2 2 1 0 2 0 1 0 0 2 2 1 2 1 0 0 0 0 1 0 1 1 1 0 1 0 1 2 1 0 1 1 1 1
2 0 1 1 1 1 0 0 0 1 1 1 1 0 1 0 0 1 2 2 1 0 0 0 1 1 1 2 0 2 0 0 0 1 1 1 0 0 1 1 2 1 2 1 1 1 1 2 2 2 2 1 2 2 1 1 0 0 1 1 0 2 2 0 2 0 2 0 1 1 2 0 0 1 2 2 2 2 2 2 1 1 0 0 0 2 0 1 1 2 0 1 1 2 2 1 0 2 2 2 2 1 0 2 2 0 2 0 2 1 2 0 1 1 1 1 1 2
0 2 1 0 1 1 2 1 2 0 1 1 0 0 2 1 1 0 1 0 0 1 2 0 2 1 2 2 0 2 1 0 2 0 2 1 1 2 0 1 0 1 0 0 0 0 2 1 0 1 2 1 1 1 2 0 0 2 2 1 1 2 2 1 0 1 0 1 1 0 0 1 2 0 0 2 2 0 0 2 1 2 1 0 2 1 1 0 0 1 2 0 0 1 2 1 0 2 0 2 2 1 0 1 1 1 2 0 1 2 1 0 0 0 0 2 1 2
0 2 2 2 0 0 0 2 2 1 1 2 0 1 0 2 1 0 0 0 1 2 0 0 0 0 0 1 0 2 2 1 0 1 0 0 2 2 1 1 1 2 2 2 1 2 2 0 0 2 0 0 2 0 0 0 2 2 0 0 1 2 2 2 1 0 0 0 2 2 0 1 1 2 1 0 2 0 0 1 0 1 1 1 2 1 1 2 0 2 2 0 2 1 2 0 2 0 2 2 2 0 1 2 2 2 2 2 0 1 0 1 2 2 0 2 2 2
1 2 2 2 0 1 1 0 0 1 1 2 1 1 0 2 1 0 0 1 2 0 2 1 2 0 0 2 0 2 2 0 0 1 2 1 0 0 2 0 0 1 0 1 0 0 1 1 0 2 2 1 0 0 0 2 0 1 0 0 2 2 0 2 1 0 1 1 2 1 0 2 2 0 1 0 2 2 1 2 2 1 1 0 1 1 0 2 0 0 0 2 0 1 2 1 2 0 1 2 2 1 1 1 2 2 2 1 2 0 2 2 2 0 2 1 2 1
