3 119 19
1102475299 613025637 296451028 187316241 1046509805 1132527515 407876705 1153448835 960281833 859002130 3348230 396261373 135927321 360700668 546958536 916556619 310154255 803679711 1099022140 1158800317 687855072 390793088 772350668 570383481 1000254093 446683877 374262306 749949181 434106000 274966085 443596291 474760735 353945541 738406512 865695991 1053963006 512188522 1033992085 1016083011 572361005 1154975357 850531110 1156486177 632160709 1096449079 1119062793 412743610 108300347 1142915624 521731956 160649796 754055930 965140740 615558297 127462241 1077435517 86467785 327134806 502256731 249233582 1102373956 1123841804 837289154 644802373 660685518 1023682209 200587683 1137126006 148436695 154684100 1158162224 211079553 255678189 609336416 15009395 1144079288 426633120 597377937 345421678 214584952 255333874 1057198976 574906999 589900968 481534607 5230029 443917486 116316427 698831711 558227649 495943921 51375783 518929670 295757643 535019375 1102483797 359572979 915108635 782353135 775696501 1092588532 640282638 484319777 276039448 963853510 411753167 977559294 885295515 166249468 191427854 726876785 115080805 570569651 583782670 507089010 1144258211 743258714 50650454 996573844
1 1 2 2 0 0 2 1 0 0 1 0 2 0 0 0 0 0 1 2 2 1 2 1 2 1 2 0 0 0 2 2 1 1 1 1 2 1 0 0 2 2 0 2 0 1 2 0 1 1 1 1 2 0 0 2 2 2 0 2 0 0 2 2 2 2 1 0 0 2 0 0 1 2 0 0 1 0 0 2 1 1 1 1 2 2 2 2 2 0 2 0 1 2 2 1 1 1 1 2 1 2 0 0 2 0 0 0 1 2 2 0 1 2 0 1 2 0 1
2 0 0 2 2 0 0 1 2 2 2 2 1 2 2 0 1 1 0 1 2 2 2 0 2 2 0 0 1 0 1 1 2 2 1 1 1 2 0 0 2 1 2 1 0 0 1 0 1 2 1 1 0 1 2 2 0 1 0 2 2 2 1 1 1 0 1 0 0 2 1 2 0 1 0 1 1 2 1 0 2 0 2 0 2 0 2 0 1 2 1 1 1 0 0 0 0 2 1 0 1 0 2 0 1 1 1 1 0 0 2 0 1 0 1 1 0 0 2
2 0 1 0 2 1 1 1 1 0 2 2 0 2 2 0 1 1 2 2 0 0 2 0 1 0 2 0 0 0 0 0 2 1 0 1 2 0 2 1 1 2 0 1 2 0 2 1 2 2 1 2 2 1 0 2 1 0 0 2 1 0 2 1 2 1 2 1 1 0 2 2 2 0 2 2 1 2 1 0 2 2 0 2 1 1 1 2 1 2 2 0 2 2 2 1 0 2 0 2 0 0 2 2 1 2 2 0 1 0 0 1 0 2 2 1 0 0 0
2 0 0 1 0 0 0 0 1 0 0 1 0 2 1 0 0 1 0 0 2 1 2 2 1 1 1 0 2 2 1 2 0 2 0 2 0 1 2 1 2 0 0 0 2 1 1 1 2 1 2 0 0 2 0 1 1 1 2 0 0 1 0 2 1 1 1 1 0 0 0 0 1 1 0 2 0 2 0 1 1 2 2 2 0 2 1 1 0 1 2 1 2 0 1 1 1 2 2 2 0 0 0 2 2 1 2 1 0 2 2 1 2 2 0 2 1 2 1
2 1 1 1 1 1 0 2 0 0 2 0 1 2 0 1 0 1 0 1 1 0 1 1 2 0 2 0 1 1 1 0 0 0 1 1 2 2 0 2 0 2 0 2 0 1 0 0 0 1 2 2 2 0 0 1 0 0 2 1 2 1 2 0 1 1 1 0 1 0 0 2 2 1 1 0 2 2 1 0 1 0 0 0 0 0 2 0 1 2 2 1 0 1 1 2 1 0 2 2 0 0 1 1 2 0 1 0 2 0 0 0 1 1 0 2 2 2 0
1 2 0 2 0 2 1 2 0 2 2 2 0 1 1 1 1 1 1 2 1 2 0 1 0 1 2 0 1 0 1 0 2 2 0 2 1 0 2 2 0 0 2 0 2 2 0 0 1 1 0 0 0 1 2 1 0 0 2 0 0 1 0 0 0 1 0 1 1 0 1 1 0 1 2 0 1 2 1 2 1 2 0 2 1 0 0 1 1 0 1 1 1 2 1 1 1 2 1 0 0 2 2 1 1 2 2 2 2 1 0 0 1 0 0 2 1 0 1
2 2 0 1 0 0 1 0 2 1 1 0 2 1 2 1 0 1 1 0 1 0 0 1 1 1 1 1 0 2 2 0 1 0 2 0 1 0 0 0 2 2 0 1 0 0 0 1 2 1 0 0 2 0 2 0 2 1 1 1 2 2 1 0 2 0 1 1 2 1 2 2 1 0 0 0 2 2 1 1 1 2 0 1 0 2 1 0 2 1 1 1 1 0 2 0 2 1 2 1 0 2 0 2 0 1 2 0 0 1 2 2 1 0 0 2 2 2 0
1 1 2 0 2 0 0 1 2 1 0 1 1 0 1 1 1 1 0 2 1 0 2 0 2 2 1 1 2 2 1 2 0 1 2 1 2 2 2 1 0 0 0 0 0 2 1 1 0 0 1 2 1 0 0 0 2 0 1 2 2 0 1 0 2 1 1 1 1 0 0 2 0 0 2 0 1 2 0 1 0 2 1 1 0 0 1 0 0 0 0 0 0 2 0 0 1 2 1 2 2 0 1 1 0 2 1 2 1 2 1 1 0 0 0 0 0 1 1
1 2 2 1 0 1 0 1 2 2 0 2 2 0 2 0 2 1 0 1 0 0 0 2 0 1 2 0 2 1 2 1 0 2 0 0 0 0 1 1 0 2 0 1 0 0 1 2 1 2 1 2 0 1 1 0 2 1 2 2 2 2 1 0 1 2 2 2 1 0 0 1 0 2 2 1 2 2 1 2 1 2 1 2 2 1 0 2 2 0 2 0 0 0 0 2 0 2 1 1 1 0 0 2 0 1 1 0 1 0 0 2 0 2 2 2 1 0 2
0 1 1 0 1 0 2 0 1 1 2 0 0 0 0 0 1 2 1 2 0 2 0 0 0 0 0 2 1 1 2 0 2 1 1 1 1 0 2 2 0 1 2 0 0 0 1 2 0 0 1 1 0 0 2 0 0 2 0 2 1 2 0 0 1 1 1 0 0 1 2 0 1 2 1 1 1 0 0 2 1 0 0 1 0 0 2 0 0 0 0 2 0 0 2 0 2 2 0 0 0 1 0 2 0 2 0 2 0 2 1 1 0 2 1 0 0 1 1
0 2 0 2 2 0 0 0 0 0 1 0 1 2 1 1 0 1 2 0 1 1 2 1 1 2 2 2 2 1 2 1 0 2 0 0 0 1 1 2 1 2 0 1 2 2 2 2 1 1 0 2 1 0 1 0 2 1 0 0 2 0 1 2 0 1 0 0 1 2 0 0 2 1 1 1 0 0 0 1 0 2 1 1 2 1 1 2 2 2 2 2 2 0 2 2 0 0 1 2 2 1 2 2 2 1 0 0 2 2 2 2 1 1 0 1 0 2 0
2 2 1 2 2 2 0 2 0 0 0 2 1 0 2 0 0 1 2 1 0 1 0 0 0 2 1 1 2 0 2 0 0 1 0 0 1 0 2 2 1 1 2 0 1 2 0 1 0 2 0 1 1 2 1 1 1 0 0 2 1 0 0 2 1 0 0 0 1 1 0 0 2 0 0 1 0 0 0 1 1 1 2 2 1 2 2 0 0 2 2 2 0 0 2 0 1 0 0 0 1 1 0 0 2 0 1 2 1 0 0 2 2 0 0 0 0 0 0
0 2 1 2 1 1 2 1 0 0 2 0 1 2 0 2 1 0 1 1 2 1 2 2 1 0 0 1 0 1 2 0 1 0 1 0 2 0 1 0 0 0 0 2 0 1 2 2 2 1 1 2 1 0 0 2 1 0 1 2 0 0 0 1 1 2 1 0 2 0 0 0 1 1 0 2 0 2 2 2 0 0 0 2 1 0 2 0 1 0 0 1 1 1 0 2 0 2 2 2 2 1 0 1 0 0 1 0 0 0 0 2 1 0 1 2 0 0 1
0 0 1 1 2 0 2 1 1 1 2 1 2 0 2 1 0 0 2 1 1 0 1 1 1 0 2 1 0 0 2 0 1 1 0 2 1 2 0 2 1 0 1 0 1 1 1 2 1 1 0 0 1 0 1 0 0 1 2 0 2 2 2 1 1 2 0 0 2 2 1 0 0 0 2 2 2 1 1 0 0 0 2 2 0 0 0 0 2 0 1 1 2 1 1 1 0 2 0 0 1 2 2 0 2 1 2 1 2 0 2 0 0 1 0 1 2 1 1
1 1 0 1 1 1 0 1 0 2 1 1 2 0 0 2 0 1 1 2 2 2 1 2 1 1 2 2 0 0 2 2 2 0 1 2 2 1 0 2 2 2 1 1 0 2 0 0 1 2 0 1 2 1 0 1 2 1 2 0 1 1 1 2 1 0 1 0 2 1 1 1 1 0 0 1 2 1 2 1 0 2 2 0 1 0 2 1 1 1 2 0 0 1 2 1 2 0 2 1 2 1 0 1 1 0 2 1 1 2 2 2 1 0 2 0 0 2 2
2 1 2 2 1 1 0 0 0 1 0 2 1 1 0 0 1 1 1 0 0 0 2 2 0 2 2 1 0 0 1 2 1 0 0 0 2 0 1 0 1 2 0 0 2 0 1 0 2 2 0 2 2 0 2 0 1 0 1 1 0 2 2 2 1 2 0 0 2 2 2 0 1 2 1 0 1 0 1 0 2 1 0 2 2 0 0 0 0 1 2 0 2 1 1 0 1 1 1 0 0 0 2 0 1 1 0 2 1 2 0 0 1 0 0 0 1 0 1
2 0 2 0 2 1 1 2 0 0 1 1 1 0 1 1 1 2 2 1 1 2 1 2 2 0 0 2 2 0 2 1 0 2 2 0 0 0 0 0 1 2 0 0 2 1 2 1 2 2 2 0 0 0 0 2 1 0 2 0 1 1 2 0 0 1 0 2 0 1 0 2 1 0 2 0 0 2 2 2 1 1 2 1 2 0 0 1 1 0 1 0 2 1 1 1 0 1 0 0 0 0 0 1 2 0 2 2 2 2 1 1 0 1 1 1 2 2 2
0 0 1 1 0 0 2 2 0 2 0 1 2 0 1 2 0 2 2 2 1 2 0 0 0 2 1 1 2 1 1 2 1 0 1 2 0 1 1 1 0 1 0 1 0 2 1 1 1 1 1 2 0 2 2 2 2 2 1 1 0 0 2 2 0 1 2 1 2 1 0 1 1 1 2 2 0 0 0 1 1 2 1 0 2 1 0 1 0 1 1 1 1 0 2 2 1 2 1 1 1 2 2 2 0 1 2 0 2 1 2 1 0 0 2 2 0 2 2
1 0 0 1 0 0 0 0 2 2 2 0 0 1 0 1 2 2 1 0 2 2 0 1 1 1 0 0 1 0 0 0 0 0 2 1 1 2 2 0 2 1 1 0 0 2 2 0 2 2 1 2 1 1 0 0 2 1 1 2 2 2 2 0 0 2 2 1 1 1 2 1 0 1 2 1 1 2 1 1 1 0 1 0 1 2 1 2 2 0 1 1 2 1 2 0 0 2 2 2 0 2 1 2 1 0 0 2 0 2 1 1 1 2 0 2 0 2 2
2 0 0 0 2 2 0 1 0 0 0 2 0 0 1 2 1 2 0 1 2 1 2 2 2 2 0 2 2 2 2 2 0 0 2 2 1 0 1 1 0 1 2 2 1 0 1 0 0 0 1 1 1 1 0 1 1 1 0 1 1 0 0 1 1 2 1 0 0 0 1 1 2 1 0 1 2 0 2 0 0 1 1 2 2 2 0 1 0 1 2 1 2 2 2 1 1 1 1 2 1 0 1 0 2 2 2 2 2 2 2 2 1 1 1 1 0 2 2
2 1 1 0 0 0 1 1 2 2 0 0 1 0 2 2 2 1 0 2 1 0 2 1 1 1 1 2 2 0 2 2 2 0 0 2 1 1 1 1 1 2 1 0 0 0 2 0 0 2 0 1 2 0 2 1 2 0 0 2 2 2 2 1 0 0 2 2 2 1 1 1 1 2 1 2 1 1 0 2 2 1 0 2 2 0 1 1 2 2 2 2 0 2 0 1 0 0 1 0 2 2 1 1 2 0 1 1 1 1 0 0 0 1 0 2 0 2 2
2 1 2 2 2 1 2 1 2 1 2 2 1 1 0 0 1 1 1 0 2 2 0 1 0 0 2 0 0 2 0 0 1 2 2 1 1 2 2 0 1 2 2 2 1 0 2 2 1 1 2 1 1 1 0 2 2 2 0 0 2 0 0 1 2 0 2 1 0 2 1 2 1 1 2 2 2 2 2 1 0 2 0 2 1 1 0 1 2 0 1 1 1 1 2 1 2 1 0 2 0 2 2 2 1 2 1 1 2 1 0 0 1 0 1 0 1 1 1
0 1 0 2 2 1 2 2 1 1 2 1 2 2 1 2 1 0 1 0 2 0 0 0 2 1 1 2 2 2 1 1 1 1 1 1 0 0 0 1 2 0 0 0 0 2 0 1 2 1 2 2 0 2 2 2 0 1 2 1 1 1 2 2 0 1 1 1 2 2 1 0 0 1 0 1 0 0 2 0 2 2 0 2 2 2 2 0 1 2 1 0 1 1 0 2 0 2 1 0 2 2 0 2 1 1 0 2 1 0 2 2 0 2 2 0 2 1 1
2 1 2 0 1 1 1 0 2 1 1 2 0 1 0 0 2 1 0 1 1 1 1 0 2 1 2 0 2 2 1 1 1 1 2 2 0 0 0 2 2 2 1 2 1 1 0 1 0 1 1 2 0 2 2 0 1 2 0 0 2 2 2 1 0 2 1 0 0 2 2 0 0 1 2 1 0 1 0 1 2 1 0 2 2 0 0 0 0 1 1 0 0 1 2 1 0 0 2 0 1 2 0 1 1 1 0 1 2 0 0 2 0 1 0 2 1 0 2
1 2 1 1 0 2 1 2 0 2 2 1 0 2 0 1 1 1 2 0 1 2 0 1 2 1 1 1 0 2 1 1 2 0 1 2 0 2 2 0 2 2 0 0 2 0 2 0 2 1 0 1 1 1 2 1 2 1 1 0 1 2 2 0 1 0 0 1 1 0 2 1 0 0 2 2 0 2 0 2 1 0 0 0 2 0 2 2 1 0 2 2 1 1 0 2 0 1 0 2 2 0 0 2 0 0 2 0 0 2 0 2 0 1 2 2 2 1 2
0 0 1 1 1 2 2 0 2 0 1 2 0 0 0 0 0 0 2 2 1 2 2 0 0 1 0 0 1 0 2 1 0 0 0 1 1 0 2 1 1 1 1 2 1 1 2 2 2 0 2 2 2 2 2 0 1 1 0 2 1 0 2 1 1 2 0 2 2 0 1 2 1 2 2 0 1 1 0 1 2 0 0 2 2 1 0 2 2 1 1 0 2 0 2 1 1 0 1 0 0 0 0 2 0 2 2 1 2 0 0 1 0 1 0 1 2 1 0
2 0 1 2 0 0 2 1 1 0 1 2 0 1 0 0 2 2 0 1 2 2 2 1 2 1 2 0 1 1 0 1 2 0 1 2 0 2 2 1 2 1 1 0 2 1 1 2 2 2 2 1 1 1 0 2 0 0 0 2 2 1 1 1 2 2 1 0 1 1 2 2 2 0 0 0 0 2 2 2 1 1 1 1 1 2 0 1 0 0 1 2 2 0 0 1 1 2 1 0 1 1 2 0 2 2 0 2 1 1 2 1 0 0 2 1 0 2 1
0 0 0 2 0 1 0 2 0 0 2 0 1 0 0 2 0 0 1 2 2 2 1 0 0 0 0 2 0 0 1 2 0 1 2 1 0 0 2 1 1 2 2 2 0 0 2 1 0 1 0 2 1 0 0 2 0 1 2 1 1 0 0 2 2 1 1 1 1 0 2 2 2 1 2 1 1 2 2 2 1 2 2 2 0 1 1 0 2 0 0 2 0 1 1 1 2 0 2 0 1 1 0 1 1 2 0 0 2 2 0 0 0 1 2 0 2 2 1
2 2 2 1 1 0 0 2 0 1 1 1 0 0 2 2 2 2 0 0 1 0 1 2 0 2 0 1 2 2 0 2 1 2 1 0 2 0 2 0 2 1 2 2 0 2 2 0 1 0 0 0 1 0 0 1 2 0 0 2 0 0 2 0 0 0 0 1 1 1 1 0 2 1 0 0 0 0 1 2 1 2 0 0 2 0 2 2 1 0 2 2 1 1 2 2 2 0 0 1 1 2 2 1 0 0 2 2 1 1 1 2 0 1 0 1 1 0 1
0 0 0 0 2 2 2 0 1 0 0 0 1 0 0 1 2 1 0 1 2 2 2 2 2 0 2 0 2 0 2 1 2 2 1 1 1 1 1 1 2 0 2 1 0 2 2 2 1 0 1 0 2 0 0 0 1 0 1 2 1 1 0 0 0 1 2 0 0 2 1 2 0 0 1 0 1 1 1 2 2 2 1 1 1 1 2 0 1 1 0 0 2 0 1 0 2 2 0 0 1 2 0 1 1 1 2 0 0 1 2 0 2 0 2 0 2 2 1
2 0 2 0 0 0 2 1 0 1 2 1 0 2 1 2 0 0 2 0 1 1 1 2 0 2 1 1 0 0 0 2 1 2 0 2 1 2 1 1 1 1 2 2 0 0 1 2 1 1 0 0 0 2 2 0 2 2 2 0 2 2 2 2 0 0 1 1 0 0 0 2 1 2 2 0 0 1 0 0 0 0 1 0 1 2 1 0 1 0 0 0 1 0 0 1 0 0 0 1 0 0 2 0 0 1 0 1 0 0 2 1 1 1 1 2 0 1 0
1 1 1 2 0 1 1 2 0 1 2 2 1 0 1 1 0 0 2 0 1 0 2 2 2 0 1 2 1 2 0 0 2 1 0 2 1 1 0 2 0 2 1 2 1 1 2 2 1 1 2 2 2 2 2 2 0 2 1 0 1 2 0 1 2 0 2 0 2 2 2 0 2 1 0 0 2 2 1 1 0 0 1 0 0 1 0 2 0 0 2 2 2 2 2 1 1 1 2 1 1 2 2 0 1 2 2 1 2 0 0 0 1 2 2 0 1 2 2
2 2 2 2 0 2 1 2 1 2 2 0 1 2 0 0 1 0 2 0 2 0 0 0 2 0 2 2 2 2 2 1 2 2 2 2 2 0 2 0 1 2 1 2 1 2 2 0 2 2 1 2 0 2 0 1 0 2 1 0 2 1 0 0 1 2 2 0 0 2 2 1 2 1 2 1 1 2 2 1 0 0 1 0 0 2 1 1 2 0 2 2 2 2 2 0 1 2 2 1 0 2 1 2 0 1 1 2 0 0 1 0 1 0 2 0 2 1 1
1 2 0 1 1 0 1 0 2 2 0 2 2 2 1 2 0 2 1 1 0 2 2 1 2 2 1 2 2 2 1 0 2 0 0 1 0 2 2 1 1 2 0 1 2 1 1 1 1 0 2 1 0 2 0 2 1 1 2 1 2 1 2 2 1 2 0 2 0 1 0 1 0 1 1 1 0 2 2 1 0 2 0 0 1 1 1 0 0 0 1 0 1 0 2 0 1 0 1 1 1 1 0 0 0 1 1 1 1 1 0 1 0 1 0 1 2 1 2
0 1 0 0 1 1 0 2 2 1 0 1 0 2 2 0 0 0 2 1 2 0 2 1 0 1 1 2 2 2 1 2 2 2 1 0 1 2 0 1 1 1 0 2 0 0 2 1 0 2 0 0 0 1 0 2 2 1 1 1 2 1 2 2 0 1 0 2 0 0 1 2 1 2 2 2 2 2 0 0 2 2 1 0 0 2 2 0 1 0 0 0 2 0 0 0 1 0 2 2 1 1 2 2 0 1 2 2 1 0 1 0 2 0 0 0 2 2 2
0 1 2 2 0 2 2 1 1 0 2 0 1 0 0 1 2 2 1 2 0 2 0 1 2 0 1 0 2 2 0 1 1 2 0 1 2 2 1 1 0 0 2 2 0 0 2 2 0 0 2 0 2 2 1 0 1 1 0 0 1 1 1 2 1 2 1 0 0 2 2 0 2 1 1 1 2 0 0 2 0 0 0 1 1 0 1 2 1 2 0 2 0 2 1 1 2 2 2 2 0 1 1 2 0 2 0 0 2 2 0 0 2 1 1 1 1 0 0
0 2 1 2 2 1 1 1 0 1 0 0 1 2 1 2 1 1 0 1 1 2 2 1 0 0 1 1 2 1 0 2 1 2 2 1 0 1 0 1 2 1 2 2 2 1 1 0 2 2 1 0 0 1 2 0 2 1 2 1 2 0 1 0 2 1 0 0 2 0 2 2 2 1 2 1 0 1 2 2 0 2 1 0 0 1 1 0 2 2 2 1 2 2 0 0 0 0 0 0 1 2 0 0 2 2 0 2 0 2 2 0 2 1 2 0 2 0 1
1 2 1 0 0 0 0 0 2 1 0 2 2 1 0 2 0 2 0 0 0 1 0 1 0 2 0 1 2 1 0 1 1 2 2 2 0 2 2 2 0 1 2 0 0 2 2 1 1 1 2 2 2 2 1 2 2 1 2 2 0 2 0 0 1 0 2 2 0 0 2 0 2 2 1 2 2 0 1 1 1 0 1 1 0 2 1 0 1 0 0 2 0 1 2 2 1 0 2 1 0 1 2 0 1 0 0 1 1 1 0 1 1 1 2 2 1 1 0
0 1 0 2 0 1 0 2 0 0 2 1 1 1 1 1 0 1 1 2 1 0 0 2 2 1 1 1 0 0 2 1 2 2 2 2 2 2 2 0 0 1 2 1 0 1 0 1 1 2 1 2 2 1 2 1 2 0 0 1 1 2 2 2 0 2 2 2 1 2 0 2 1 2 1 2 2 1 1 0 1 2 0 0 0 2 2 1 0 0 2 2 2 2 2 0 2 1 0 1 0 1 2 2 1 0 2 0 0 1 0 1 0 1 2 1 0 2 0
1 2 0 1 0 0 0 0 0 1 2 2 0 0 2 0 1 2 2 2 2 0 0 2 2 0 2 1 0 1 1 2 1 1 0 2 1 1 0 2 0 2 2 0 2 2 0 1 1 0 1 2 1 2 1 0 2 0 1 1 2 0 0 0 2 2 0 0 0 1 0 0 0 0 1 0 2 2 2 2 0 1 2 2 0 0 0 1 1 2 2 0 2 2 2 1 1 2 2 0 0 1 1 2 2 0 2 2 0 2 2 1 0 1 1 1 2 1 2
0 1 2 1 1 0 1 0 2 1 1 2 2 2 1 1 1 1 1 1 2 1 1 1 2 2 2 1 1 2 1 2 0 1 2 0 2 0 0 1 2 1 1 0 0 2 1 0 1 1 2 0 2 1 2 0 1 0 1 0 2 0 0 0 2 0 0 1 1 1 0 1 0 1 1 1 0 1 2 2 2 2 2 2 0 0 0 2 0 1 0 2 0 1 0 2 2 1 1 1 0 1 2 0 0 2 2 1 0 1 0 0 1 0 0 2 0 1 1
1 0 2 0 0 1 2 0 1 0 2 2 0 1 2 0 1 1 0 0 2 2 0 2 1 1 1 1 0 2 0 1 0 1 0 1 0 2 2 1 2 2 1 0 0 0 1 2 0 2 2 2 0 2 0 1 1 1 0 1 1 2 1 1 0 1 0 0 0 0 2 0 2 0 1 2 0 0 2 1 0 1 1 0 1 2 2 0 0 0 1 2 0 2 1 1 1 2 2 2 0 1 0 0 1 2 0 2 0 0 1 0 1 0 1 0 0 1 1
1 2 0 0 2 1 1 0 2 1 2 2 2 0 0 0 2 0 1 0 0 1 2 1 1 0 0 2 0 1 0 1 1 0 1 0 1 0 2 2 0 1 2 2 0 2 0 0 0 1 0 0 1 0 2 2 0 2 1 0 1 2 1 2 0 0 0 0 2 2 2 2 2 2 2 0 2 2 1 0 1 0 1 2 0 1 1 1 1 0 2 2 0 2 2 1 0 1 2 2 1 2 1 1 1 1 2 0 0 1 1 2 1 0 2 2 2 2 1
0 2 1 1 1 1 1 0 1 2 2 1 1 1 0 2 0 2 2 1 0 1 0 0 2 1 0 1 0 2 1 1 2 2 2 0 0 1 1 1 1 0 0 2 2 1 0 2 1 2 1 1 0 2 0 0 0 0 2 1 0 0 2 0 2 0 2 0 2 0 0 0 2 0 1 1 2 1 2 1 1 1 1 1 0 1 2 1 2 1 2 2 0 2 2 2 0 2 1 0 0 1 1 2 2 0 1 0 1 0 1 2 1 2 1 2 1 0 1
0 2 0 0 2 1 1 0 2 0 2 0 0 0 2 0 0 2 2 0 1 2 0 1 2 0 2 2 2 0 1 0 0 2 1 0 1 2 1 1 0 0 1 2 1 1 2 1 1 2 0 2 2 0 0 2 1 0 1 0 1 0 1 1 0 2 2 1 2 1 2 0 1 1 2 2 0 0 2 1 2 2 1 2 0 2 1 1 0 1 0 1 2 1 1 2 1 1 2 1 0 2 1 1 2 2 2 2 0 1 2 2 1 0 2 2 1 1 1
1 0 1 1 0 0 0 0 1 2 2 0 2 2 0 2 1 0 2 1 0 1 0 2 2 2 2 2 1 2 0 0 0 0 2 0 0 2 2 0 2 1 0 2 1 1 2 0 1 1 0 1 2 1 2 2 0 1 1 2 1 0 0 2 0 2 0 0 0 2 0 0 2 2 0 1 1 0 2 0 1 0 2 2 1 1 1 2 1 1 2 2 1 0 2 1 0 0 2 1 0 1 2 0 1 2 2 2 2 2 2 2 2 0 1 0 1 2 0
0 0 1 1 2 1 0 0 1 1 1 0 0 2 2 0 0 2 2 0 1 2 0 0 2 1 1 0 2 2 1 1 0 2 2 0 1 0 1 0 0 2 1 0 1 1 1 2 0 2 0 0 1 1 1 1 2 1 2 2 1 1 1 1 1 1 1 0 2 0 1 0 2 0 1 2 2 2 2 0 1 0 0 1 2 0 0 1 2 2 2 0 0 1 1 2 0 0 0 0 1 2 0 1 2 1 0 2 1 1 0 1 1 1 2 1 1 2 0
1 1 0 1 2 2 0 0 2 1 1 2 2 0 0 0 1 2 2 0 1 0 1 2 2 0 1 0 2 0 2 1 2 0 2 0 2 0 1 2 1 2 2 0 1 0 1 2 2 1 0 1 1 2 1 0 2 0 2 2 1 2 1 1 2 1 2 0 1 0 0 0 2 0 1 0 1 0 0 1 1 1 0 2 0 1 1 0 2 1 0 1 0 2 0 0 1 2 1 0 2 2 1 2 0 0 1 1 0 2 0 2 0 1 2 1 1 1 2
0 2 1 2 0 0 2 2 2 1 0 2 1 0 1 2 0 2 0 0 2 2 0 2 1 0 0 0 1 2 1 2 0 2 2 0 0 1 0 2 0 1 2 2 1 0 1 0 2 1 0 0 2 1 0 1 1 1 2 2 1 0 2 1 0 2 2 0 0 0 0 1 2 0 1 1 0 0 1 1 0 2 2 2 1 2 1 2 2 0 0 0 2 0 2 2 2 1 1 0 2 1 2 1 1 1 0 0 1 1 1 1 2 0 1 0 0 0 0
0 2 0 0 1 1 0 1 1 2 2 2 1 1 2 1 2 1 1 2 0 0 1 0 2 2 2 2 1 0 0 1 0 1 0 2 1 0 0 2 0 0 2 0 2 2 1 2 0 2 0 2 2 1 2 2 1 1 2 0 2 0 1 0 0 2 2 1 1 0 1 1 1 2 2 0 1 0 0 0 0 0 2 1 2 2 0 1 1 0 2 2 2 1 2 2 1 2 1 2 2 0 1 1 2 1 1 2 2 1 0 0 0 0 1 2 2 2 1
1 0 0 0 2 1 0 2 0 2 0 2 2 2 2 0 2 1 2 1 1 1 2 2 1 2 0 1 2 0 2 1 1 0 2 1 2 0 1 2 2 2 0 2 1 0 0 1 1 2 0 0 1 0 0 0 0 1 2 1 2 1 0 1 2 2 0 2 0 1 1 0 1 2 1 0 2 1 1 1 1 2 2 0 0 0 0 0 1 2 1 1 2 1 2 1 2 0 1 2 2 0 0 1 0 1 2 0 0 1 2 2 1 2 2 1 2 2 0
1 0 2 0 2 1 2 1 1 0 2 1 1 2 1 2 0 1 2 1 1 1 1 0 2 1 2 2 1 2 2 2 2 1 2 1 0 0 2 1 0 2 2 2 2 2 0 2 0 2 1 1 1 2 2 1 1 2 1 2 1 0 2 2 1 1 0 0 1 1 1 0 0 2 2 0 1 0 1 1 0 0 0 1 1 2 0 2 1 1 2 0 2 1 2 1 0 1 1 0 0 0 0 1 2 0 0 0 1 1 2 2 1 2 1 0 1 0 0
0 2 2 1 2 1 1 1 1 2 0 1 0 0 2 2 1 0 2 2 2 1 2 1 0 1 0 1 0 0 1 1 0 1 2 0 2 1 1 0 1 1 0 2 2 2 1 0 0 1 1 2 0 0 1 0 1 2 2 2 0 0 1 0 2 1 1 1 2 2 0 2 1 0 1 1 2 0 2 0 1 0 0 1 1 2 2 1 2 2 0 2 0 2 1 0 2 2 1 1 0 1 0 1 2 2 0 2 2 0 0 0 1 0 2 0 2 2 1
2 1 2 2 2 0 1 2 2 0 1 1 0 0 0 0 0 2 0 0 0 0 0 1 0 0 1 1 1 1 2 0 0 2 0 2 0 1 2 0 0 1 2 1 2 0 1 2 0 2 2 0 0 0 2 0 1 1 1 0 2 1 0 0 2 1 2 2 0 2 0 0 1 0 2 1 0 0 1 0 2 2 2 0 2 1 1 1 2 1 1 2 2 2 0 2 1 0 2 1 1 0 2 2 0 1 1 1 2 0 1 2 0 0 0 2 2 2 1
2 0 2 2 1 2 2 0 1 0 0 1 1 0 0 1 1 2 0 2 1 1 1 1 1 2 2 0 0 0 2 2 0 0 2 2 0 2 0 2 2 0 0 1 2 1 0 0 1 0 0 0 1 2 0 0 2 2 0 2 0 0 0 2 1 0 1 1 2 2 0 2 1 1 1 0 0 1 1 1 2 2 2 1 1 2 1 2 2 2 2 0 0 2 2 2 2 1 0 2 1 2 2 2 1 0 0 2 0 1 0 2 2 0 2 0 2 0 0
0 0 0 0 0 2 0 0 0 1 1 2 0 1 2 0 2 0 1 1 0 1 2 1 0 0 0 1 0 0 2 0 1 2 1 2 2 2 1 2 1 2 1 2 0 1 0 2 2 2 2 0 0 2 2 0 2 2 1 2 1 1 0 0 0 2 0 0 1 1 2 0 1 2 0 1 0 0 2 0 0 1 2 0 0 1 1 0 1 1 1 0 2 1 0 0 1 1 1 0 0 0 1 2 0 1 2 2 0 1 2 0 0 1 2 1 1 0 1
2 1 2 0 1 2 1 2 1 2 0 1 0 1 1 0 2 2 2 2 2 1 2 1 1 2 0 0 0 1 1 0 0 2 0 2 2 1 2 0 1 0 2 2 1 0 0 1 1 2 1 1 1 1 2 2 0 0 0 0 2 2 0 0 1 1 2 0 2 2 1 0 2 2 0 1 2 0 0 0 0 2 2 1 0 2 1 0 0 1 1 2 1 2 0 0 0 0 2 0 2 0 2 2 0 2 0 0 1 1 1 1 1 1 0 1 1 2 0
2 1 1 2 0 1 2 0 2 2 2 0 2 1 0 1 1 2 1 2 1 1 1 0 2 0 1 0 1 0 1 1 1 0 0 1 2 0 0 1 2 0 2 2 2 2 0 1 0 0 1 1 1 0 2 0 1 0 1 2 2 0 2 0 1 2 0 0 0 1 2 0 1 0 0 1 0 0 0 0 1 1 0 2 0 0 2 1 1 2 1 1 2 0 1 1 0 2 2 1 0 2 1 0 2 2 1 0 1 2 1 2 0 2 2 0 0 2 2
2 1 1 0 1 1 2 2 2 0 1 0 1 1 0 1 1 0 2 2 1 2 2 1 0 1 1 1 2 0 1 2 2 0 0 1 1 1 1 1 1 0 2 2 2 0 2 1 1 2 1 2 2 0 1 0 0 0 2 0 1 1 1 1 1 1 2 0 2 1 2 1 2 2 2 2 0 1 1 2 1 0 2 0 1 1 0 1 2 0 0 0 1 1 2 1 0 2 1 0 1 1 2 1 1 1 1 1 0 2 1 0 0 1 0 2 0 2 1
2 0 1 0 2 0 0 0 1 2 2 2 2 1 1 0 0 1 1 2 2 2 1 2 2 2 0 2 2 0 1 1 0 0 2 0 1 0 1 2 0 0 1 2 0 0 1 0 1 2 2 1 1 0 1 2 0 1 1 0 2 2 0 2 1 0 0 2 0 2 2 2 0 0 2 0 0 0 0 0 1 1 2 0 2 0 2 0 0 1 0 2 1 0 0 2 2 1 1 2 0 0 2 0 1 0 1 0 1 2 1 2 0 0 0 0 0 2 1
0 1 1 0 0 0 1 2 2 2 2 2 2 0 0 2 0 0 1 0 2 2 1 2 2 2 2 0 2 2 1 1 1 1 2 2 2 0 1 1 2 1 1 1 0 1 1 0 2 1 1 2 0 0 2 0 2 2 1 1 1 0 0 2 1 2 1 1 2 1 2 1 0 2 2 0 1 2 1 2 0 2 1 1 2 1 1 1 0 0 1 1 2 1 2 1 2 1 0 1 0 2 0 1 2 0 2 1 2 1 0 0 0 2 1 1 0 1 0
1 1 2 2 0 1 2 2 1 1 2 2 1 2 0 0 2 1 0 1 1 1 1 2 2 1 1 0 2 2 1 0 1 0 2 2 2 2 2 0 1 2 1 0 0 1 1 0 2 2 1 1 0 0 1 0 1 2 1 0 2 2 0 1 0 0 0 0 0 1 1 1 0 2 0 0 1 1 0 1 1 2 2 2 2 0 2 0 1 0 0 0 0 1 1 2 2 2 0 0 0 1 2 2 2 0 0 1 2 1 2 0 0 2 2 0 0 1 1
1 0 0 2 1 2 1 0 1 1 1 0 2 0 2 1 0 0 2 1 2 1 0 2 2 0 2 0 2 1 0 1 1 0 1 1 2 2 2 2 1 1 2 1 2 2 0 2 2 0 0 1 2 1 1 0 2 0 0 1 1 0 2 1 1 1 2 2 2 2 1 0 0 1 2 2 0 1 2 0 2 0 1 0 2 2 0 2 0 1 1 1 0 1 0 1 1 0 0 0 0 2 1 1 0 1 2 0 0 1 0 2 0 2 2 0 2 0 0
2 2 1 2 2 0 0 1 1 1 2 2 2 1 1 0 2 0 0 0 0 2 1 0 0 1 1 0 1 1 0 0 1 2 0 0 0 1 2 2 0 2 1 2 1 0 0 0 0 1 1 0 1 0 2 1 1 0 2 2 2 0 1 1 2 2 2 2 1 2 2 1 1 2 1 0 2 2 1 0 0 0 1 2 1 0 0 0 0 0 0 1 0 2 2 0 0 2 2 1 2 0 0 1 0 2 2 2 1 1 0 2 2 2 1 1 2 2 2
1 2 2 0 0 0 0 0 0 2 1 1 2 1 2 1 1 2 0 1 1 2 2 2 2 2 1 1 2 2 0 1 1 0 1 2 0 1 0 1 2 1 1 1 2 0 0 1 0 2 1 0 2 1 2 2 1 1 0 0 0 0 2 2 1 1 2 2 1 2 1 1 2 2 0 2 0 1 1 2 1 0 2 0 1 2 0 2 0 0 0 1 2 0 1 1 2 1 0 1 1 2 2 0 1 2 0 0 1 2 2 2 2 1 0 1 0 1 1
0 1 1 2 0 2 0 2 2 1 0 1 0 2 0 0 2 0 0 2 0 0 1 2 2 0 0 0 1 1 1 2 1 0 2 2 0 2 2 0 2 2 1 2 2 2 0 1 0 2 1 0 2 0 0 2 0 1 0 1 0 2 1 1 0 0 0 1 0 0 1 2 2 0 2 0 2 0 2 2 2 1 1 2 1 2 1 0 0 0 1 0 0 0 2 1 0 1 2 2 1 1 1 2 1 1 0 1 2 2 1 1 1 2 1 0 1 0 1
2 0 2 0 1 1 1 2 2 2 1 1 1 0 1 1 1 2 1 0 2 1 1 1 0 1 2 1 0 0 2 0 1 0 1 2 1 0 1 0 2 2 2 1 0 0 1 2 0 2 2 2 1 1 0 2 0 0 0 1 1 0 2 2 1 1 2 2 1 0 2 1 1 2 2 1 0 0 1 0 1 1 0 2 0 1 2 1 2 1 0 1 2 2 0 0 1 2 2 2 1 2 0 2 2 0 1 2 2 2 1 1 1 2 0 2 2 1 1
2 2 1 0 1 1 0 1 2 1 1 2 2 0 0 1 0 0 2 0 0 0 2 1 2 1 0 1 1 1 2 0 1 0 0 0 2 2 2 2 0 0 1 2 1 1 0 2 0 0 0 1 0 0 0 2 2 1 2 1 0 1 1 1 0 0 1 2 2 0 0 2 1 1 1 0 1 1 2 2 2 0 0 0 0 1 0 0 2 2 1 2 2 2 0 2 0 2 2 2 0 2 1 2 2 2 0 1 1 2 1 1 0 1 2 1 0 2 1
0 0 2 0 2 0 1 2 1 2 1 1 2 2 2 2 2 0 0 1 2 2 2 1 0 0 1 0 1 1 1 2 2 2 0 1 0 1 1 1 0 2 2 1 2 0 1 2 1 1 0 1 1 2 0 0 0 1 0 2 0 2 2 0 1 2 2 2 2 0 1 0 1 1 1 0 1 2 1 0 1 1 2 0 1 0 1 2 1 2 1 0 1 2 0 1 1 0 0 0 1 1 1 2 0 0 1 2 1 2 0 2 0 0 0 2 0 1 1
2 0 1 0 0 0 1 1 2 2 1 0 0 0 2 1 1 2 2 1 0 2 1 1 2 1 1 0 2 1 1 2 1 0 2 1 1 1 0 1 1 2 1 2 0 1 1 1 0 0 2 2 2 2 0 2 1 1 0 1 2 2 1 2 0 0 1 2 0 2 0 1 1 2 1 1 0 2 0 1 0 0 0 0 2 0 1 1 0 1 0 0 1 1 2 2 2 2 2 0 1 2 2 0 2 0 2 2 1 0 1 1 0 2 0 0 0 1 2
0 2 0 2 1 2 1 1 1 0 0 2 2 2 2 0 2 0 2 2 1 2 0 1 0 0 1 1 1 2 1 2 1 1 1 0 1 1 1 2 2 1 2 2 1 2 2 1 0 0 0 1 0 1 2 0 1 0 2 0 0 1 0 0 0 2 0 1 0 0 2 1 2 1 0 2 2 0 0 2 0 1 1 1 2 2 2 1 0 0 2 1 1 0 1 2 0 2 0 2 2 2 0 2 2 0 1 1 1 1 1 2 2 0 1 2 2 1 1
0 1 1 2 0 1 0 0 2 2 0 1 0 1 1 2 1 1 1 2 0 0 1 0 0 1 2 0 2 0 2 2 2 0 1 0 2 2 0 0 2 1 1 0 0 0 2 1 2 1 1 2 2 0 0 0 2 2 0 1 0 1 1 0 2 0 0 0 0 1 0 2 0 1 1 1 1 0 0 1 0 2 1 2 2 0 2 2 2 0 1 0 1 2 0 1 0 1 2 0 2 2 1 1 0 2 0 0 0 0 1 0 0 0 2 1 0 2 0
1 0 0 1 2 2 2 1 1 0 0 1 1 2 2 0 1 1 0 1 0 0 0 0 2 0 1 0 2 1 1 0 2 1 1 2 2 1 1 0 0 2 1 1 2 2 1 1 1 1 2 1 2 2 0 1 1 1 2 0 2 1 1 0 0 2 2 0 1 0 0 1 0 0 0 1 0 2 2 1 1 0 1 1 2 1 0 1 0 0 2 0 2 0 0 0 1 2 0 2 1 2 1 2 2 2 1 2 1 1 1 0 1 2 1 1 0 2 1
1 0 0 2 2 2 2 2 0 0 1 0 2 0 1 1 0 1 0 0 2 2 2 0 0 2 1 2 0 1 0 2 1 1 1 1 0 1 2 0 1 0 0 0 1 2 2 2 0 0 0 0 2 2 0 0 2 2 2 1 0 0 0 2 1 2 1 2 0 0 0 2 0 0 0 2 0 0 2 1 0 2 1 0 1 2 0 2 1 1 0 0 1 1 2 0 0 0 0 1 1 0 1 1 0 2 1 1 0 0 2 1 2 1 2 2 0 1 2
2 2 2 0 1 0 0 2 1 1 2 0 0 2 2 2 0 2 1 1 2 2 0 1 2 2 2 2 2 0 1 2 0 1 0 1 1 1 0 0 2 2 0 2 2 0 2 2 0 1 0 1 0 1 2 0 0 1 0 0 2 1 0 2 0 0 0 2 1 1 2 1 1 1 1 0 2 1 2 0 2 0 2 1 2 1 1 0 1 2 0 1 1 2 1 2 2 2 1 2 2 2 1 0 1 2 1 0 2 1 1 1 0 0 2 2 0 2 1
2 2 2 0 1 1 2 1 1 0 1 1 2 0 2 0 1 2 2 2 1 1 1 1 2 2 1 1 2 0 0 2 0 0 0 2 1 0 0 0 0 1 1 0 2 1 1 1 2 0 1 1 2 0 2 1 2 1 1 0 2 1 2 1 1 0 0 0 1 0 1 2 0 0 0 2 2 2 1 1 2 0 1 2 0 0 1 0 2 2 1 0 2 2 1 1 2 1 1 1 2 1 2 0 2 2 0 1 1 2 1 1 2 2 1 0 0 0 1
0 0 0 1 0 0 2 2 2 1 1 2 1 2 1 2 1 1 2 0 2 1 2 0 1 1 0 1 1 0 0 2 1 0 0 2 0 0 1 1 1 2 1 1 2 2 0 0 1 0 1 0 2 0 1 0 2 1 2 2 2 2 2 2 1 0 1 2 1 0 0 1 2 2 2 2 1 2 1 2 2 2 0 1 1 0 1 1 2 1 0 0 0 0 2 1 1 0 1 0 0 2 1 0 2 0 0 1 2 1 2 2 1 0 0 0 0 2 2
1 1 0 1 2 1 0 1 0 0 0 1 1 1 2 1 0 1 2 2 0 0 2 1 0 0 2 0 1 2 0 2 0 2 0 0 0 0 2 2 1 0 0 0 1 0 0 2 1 2 2 0 1 1 1 1 2 0 2 1 0 1 1 1 0 2 2 1 0 2 1 0 0 1 0 2 0 1 2 1 1 1 1 2 0 2 1 0 1 0 2 1 2 0 0 0 0 0 2 2 0 1 2 0 0 0 0 0 2 0 2 1 2 1 0 2 1 2 0
2 0 0 2 0 1 2 0 2 0 0 1 1 2 1 2 0 0 0 1 0 0 0 1 2 1 2 0 1 1 1 0 1 2 2 2 1 0 0 0 0 1 0 2 0 2 2 0 2 2 2 0 0 0 2 0 1 1 0 0 0 2 1 0 1 1 2 0 2 0 1 1 0 1 0 0 2 2 2 1 2 1 0 0 1 2 0 1 2 2 1 2 1 0 0 0 0 1 0 2 2 2 0 2 1 2 0 0 1 0 2 1 2 0 2 2 0 0 1
2 0 0 2 1 1 0 2 2 1 0 2 1 2 1 1 1 0 2 2 2 2 0 1 2 0 1 1 0 2 0 2 2 1 2 1 0 0 0 2 2 0 2 0 0 0 1 2 0 1 2 1 1 2 0 1 2 1 0 0 1 1 0 0 0 0 2 0 1 2 0 0 1 2 2 2 1 1 1 2 0 1 0 1 0 0 2 1 2 1 2 1 0 2 1 0 1 1 1 2 2 1 1 0 1 1 0 0 2 2 0 0 1 1 2 2 2 2 0
2 1 2 0 1 0 2 1 2 1 2 2 0 1 0 1 1 2 1 1 2 0 2 0 2 1 2 2 1 0 0 1 1 1 1 0 2 1 2 1 2 0 0 0 2 2 1 1 1 0 1 1 2 0 2 1 2 2 1 1 2 2 2 2 0 1 0 0 0 0 1 0 0 1 1 1 1 0 2 0 1 0 2 0 2 1 2 2 2 1 1 1 1 1 1 2 0 1 2 1 2 0 1 0 2 0 1 1 1 2 2 0 0 1 0 2 1 0 2
0 1 1 2 2 2 1 2 0 0 1 1 0 1 1 2 2 2 1 0 1 0 0 1 1 2 2 1 1 0 0 1 1 2 2 2 2 1 1 2 1 0 2 0 2 0 2 1 0 0 2 2 2 0 0 1 0 0 2 1 0 1 1 2 0 1 1 2 2 1 0 1 2 2 2 1 0 1 1 0 0 1 2 0 2 1 1 0 1 0 2 2 1 1 1 2 2 1 2 2 0 2 1 2 2 1 1 2 0 2 1 1 1 0 2 0 2 0 1
0 1 0 0 1 2 0 0 1 1 0 1 2 0 0 1 0 1 2 0 2 0 1 1 1 2 0 2 2 1 0 0 1 0 1 2 0 2 0 0 1 0 2 0 1 2 1 2 1 1 0 2 1 1 0 0 1 2 2 1 1 0 2 2 2 1 1 2 0 2 2 2 0 1 2 2 1 1 1 1 2 1 0 2 0 1 2 0 1 2 1 1 2 1 0 1 0 0 2 1 2 2 0 0 1 2 0 0 0 1 1 1 1 2 0 1 1 2 1
0 2 1 1 0 2 2 2 0 0 1 1 2 2 2 1 0 2 1 1 1 0 0 2 1 2 0 1 1 0 0 2 1 1 0 1 2 0 1 2 0 1 1 1 0 1 2 1 2 1 2 0 1 2 0 0 0 1 2 1 1 2 1 2 2 0 1 1 0 1 0 2 2 2 1 0 2 1 1 1 2 0 1 0 1 2 1 1 0 0 0 1 1 2 2 0 0 1 1 0 2 2 0 2 2 1 2 1 2 1 2 2 2 1 1 1 0 0 2
0 2 0 2 0 0 2 1 0 1 0 2 1 2 2 1 2 1 2 1 1 0 1 2 0 0 0 1 0 1 1 1 0 2 1 1 0 1 2 1 2 2 0 1 2 2 0 0 1 0 1 1 0 0 0 1 0 1 2 1 2 1 0 0 1 2 2 1 0 2 2 2 2 0 1 0 1 2 1 2 2 0 1 0 0 1 1 1 2 1 0 0 0 1 1 1 0 0 2 1 0 0 0 1 0 2 2 1 2 0 2 2 0 0 0 0 0 1 2
0 0 0 0 1 2 1 2 2 0 0 0 0 0 2 1 1 2 1 1 2 1 0 1 1 1 2 0 1 1 0 0 2 1 0 1 0 0 1 1 0 1 2 1 2 1 1 2 2 2 0 1 1 1 0 0 2 0 1 2 2 2 2 1 1 0 0 2 0 2 0 1 1 1 1 2 0 2 1 2 1 2 1 0 0 0 2 0 0 0 0 0 0 0 2 1 1 0 2 2 0 0 2 2 1 0 2 2 2 0 1 1 0 1 2 1 1 2 2
2 2 0 2 1 1 1 2 0 2 2 0 0 0 2 1 1 2 0 1 2 2 1 1 2 2 1 2 0 0 1 2 0 2 2 1 0 1 2 1 2 2 2 0 2 1 1 2 2 0 0 1 2 1 0 2 0 1 2 1 2 0 1 1 1 0 0 1 2 0 1 1 0 0 1 2 2 1 1 1 1 0 0 1 1 1 1 0 0 1 1 0 2 0 2 0 1 0 0 0 1 1 2 1 1 2 2 0 0 1 0 1 1 1 0 1 2 1 1
0 0 2 1 0 0 1 1 2 1 1 0 0 2 0 2 1 0 1 0 0 1 0 2 2 2 2 0 1 1 2 2 2 0 1 0 0 2 1 0 2 1 2 0 1 0 2 0 0 2 1 0 0 2 2 0 1 2 2 2 0 2 2 0 2 0 0 1 0 0 2 0 1 1 0 2 2 2 0 2 2 1 0 0 1 0 2 2 2 1 0 1 1 2 2 1 1 0 2 1 1 2 1 2 1 1 2 1 1 0 1 1 2 2 1 1 0 0 1
0 2 2 1 1 0 1 0 1 2 0 0 1 2 1 0 1 0 0 0 2 0 1 1 1 0 1 0 1 2 2 2 0 2 1 2 2 2 2 0 2 2 0 0 1 2 1 0 0 0 0 0 0 2 2 2 0 1 2 2 0 0 1 0 2 2 2 2 0 2 0 0 1 1 2 1 1 1 2 2 1 0 2 0 2 2 2 2 0 0 2 2 0 1 0 0 1 1 2 2 0 0 0 0 1 0 1 0 2 0 2 0 0 2 1 0 2 2 2
0 0 0 0 0 1 1 1 0 2 1 0 0 1 1 0 0 1 1 0 1 2 2 0 2 1 1 2 1 0 0 0 0 1 0 1 2 2 2 0 2 1 0 0 2 2 0 2 2 0 0 0 2 0 0 0 2 2 0 1 0 1 2 2 2 1 1 2 0 2 0 1 0 1 1 0 1 2 0 0 0 1 0 1 1 2 1 1 1 1 1 2 0 0 2 2 1 1 2 0 0 2 1 0 2 0 1 0 0 2 1 2 1 1 0 0 0 1 2
2 0 1 0 1 1 2 2 1 1 1 2 1 2 1 2 1 2 0 2 2 0 0 2 1 2 2 2 1 1 2 1 2 0 1 1 2 2 0 1 0 0 0 2 0 1 2 1 1 0 1 2 2 1 1 0 0 1 0 2 2 0 1 2 1 0 1 2 2 2 0 0 2 2 0 2 1 0 1 0 1 2 2 0 0 0 1 2 1 2 1 2 1 0 2 2 1 1 1 1 1 2 1 1 2 2 1 0 0 2 0 2 0 2 2 1 0 1 0
2 1 0 2 0 1 2 2 2 1 2 1 2 1 0 2 1 1 0 1 1 0 2 0 0 1 1 0 2 2 0 2 1 1 2 1 0 2 2 0 1 1 1 1 0 0 0 1 1 1 2 0 0 1 2 1 1 0 1 0 0 0 0 2 1 0 1 2 0 0 0 1 1 2 1 1 0 2 2 2 1 2 0 1 1 0 2 0 0 1 2 0 1 2 0 0 0 2 0 1 2 1 0 1 1 2 0 2 2 0 1 0 0 2 1 2 2 1 0
2 0 2 1 1 2 1 2 1 1 0 0 1 2 0 0 0 1 0 2 0 1 1 0 2 0 2 2 1 1 0 0 2 0 2 0 2 1 0 0 2 1 0 1 0 2 1 1 0 0 1 1 2 2 1 2 1 1 2 2 2 0 0 1 0 0 0 0 2 1 2 2 1 0 1 1 2 0 0 0 1 2 1 1 2 0 1 1 1 1 1 2 1 2 1 2 0 2 2 0 1 1 2 2 2 1 1 2 2 2 1 1 2 0 2 1 1 1 1
0 2 2 2 1 2 2 0 0 1 1 0 0 0 0 2 0 2 2 1 1 2 2 1 1 2 0 0 0 0 1 2 0 2 2 2 1 1 0 2 0 1 2 0 0 0 1 0 0 1 1 2 0 0 0 1 1 2 2 2 0 2 1 0 1 1 2 2 0 1 2 0 0 0 2 0 1 1 2 2 2 0 2 2 2 0 1 1 0 1 0 0 0 0 2 1 2 2 2 2 0 2 1 1 2 1 2 2 2 1 1 1 2 1 1 2 0 0 0
0 1 0 2 2 0 1 1 0 1 0 0 2 0 2 0 0 0 0 2 2 2 1 1 1 0 2 0 0 0 1 2 1 1 1 1 0 0 0 0 1 1 1 1 1 0 2 0 0 0 2 0 2 1 1 0 0 1 1 0 1 2 2 1 1 1 2 2 1 2 1 1 1 2 2 0 1 2 1 1 2 2 2 2 0 1 2 1 0 1 2 2 1 2 0 0 1 0 0 0 0 2 1 2 1 2 1 2 2 2 2 2 1 2 1 2 0 1 1
1 0 0 1 1 0 2 2 1 0 0 2 1 2 2 1 1 1 2 1 1 2 0 0 0 0 2 0 1 0 2 2 0 2 1 2 0 1 1 2 1 2 2 0 1 1 2 0 0 1 0 2 1 1 2 2 2 1 2 1 2 1 1 2 2 0 2 2 2 0 2 1 0 2 0 0 1 0 1 1 2 1 1 1 1 0 0 0 2 2 2 1 2 0 1 1 1 0 1 1 1 1 0 0 0 1 0 2 1 2 0 0 2 1 1 0 2 1 1
2 2 0 1 2 1 2 1 0 0 2 1 2 2 2 2 0 0 0 0 1 2 1 2 1 0 1 1 0 0 0 0 0 0 1 0 2 2 1 0 2 1 1 2 0 1 1 1 1 2 1 1 2 2 0 1 0 1 1 2 2 1 2 0 2 1 0 2 1 1 2 1 0 0 1 1 2 1 2 2 0 1 0 0 1 1 2 2 0 0 1 0 1 1 1 1 1 2 0 2 1 0 1 2 2 0 1 1 1 1 1 2 0 1 0 2 2 2 1
0 2 0 1 1 2 0 1 0 0 2 0 2 0 2 2 2 2 0 1 1 0 1 1 1 2 1 0 0 1 2 1 1 0 0 2 0 0 0 0 1 0 1 1 1 1 0 1 1 2 0 1 2 1 2 0 2 1 1 0 0 0 2 1 1 2 1 2 0 0 0 2 1 2 1 2 1 2 1 0 2 1 1 2 1 1 0 0 0 1 0 0 2 0 1 1 2 1 0 0 1 1 0 2 1 1 2 2 1 0 0 0 1 0 2 0 2 0 0
0 1 1 1 2 1 1 0 1 2 1 0 0 0 1 0 1 2 2 1 2 0 2 0 2 2 1 0 2 1 1 0 1 0 1 0 2 2 0 2 1 2 2 2 2 0 0 1 0 2 0 0 2 0 1 0 0 2 0 0 0 1 0 1 2 2 1 0 2 0 0 2 2 2 1 0 0 2 2 0 2 0 1 0 1 0 0 2 2 1 0 0 2 0 0 0 0 2 1 0 2 1 2 0 0 1 1 1 0 0 2 1 1 0 1 0 1 2 0
0 0 0 2 0 1 2 1 2 2 2 2 0 0 2 0 1 0 2 0 2 0 0 0 2 0 2 0 0 2 1 0 0 1 0 1 1 0 0 0 0 0 2 0 2 2 1 1 2 0 2 1 0 2 1 0 0 1 2 0 0 0 2 0 0 2 2 1 1 0 1 1 0 1 2 0 0 0 2 0 1 2 2 2 1 1 1 2 0 0 0 1 1 0 2 1 0 2 0 1 0 2 2 1 1 2 2 2 0 2 0 2 1 2 0 2 1 1 1
1 2 2 0 1 2 0 0 0 0 1 2 0 1 0 1 2 2 0 2 0 0 0 0 1 2 0 1 0 1 1 0 1 0 1 0 1 2 1 2 2 0 1 0 1 1 1 2 2 0 2 0 0 2 0 0 2 1 1 0 0 2 1 0 1 2 1 0 2 2 0 1 2 1 1 2 1 1 2 1 2 1 1 2 1 1 2 1 0 2 2 2 1 1 2 0 1 0 0 1 0 1 0 0 0 0 0 2 1 2 0 1 1 2 0 2 1 1 1
2 0 1 2 2 0 2 1 1 2 2 0 0 1 2 0 2 2 2 1 1 1 2 2 0 1 0 0 2 2 2 2 0 1 2 0 1 1 2 0 0 2 1 1 0 0 0 2 0 2 1 1 0 1 1 1 0 1 2 1 1 2 0 1 0 0 2 2 1 2 2 0 2 1 1 2 2 2 0 2 1 2 1 0 2 2 1 2 2 1 0 1 1 2 0 2 2 1 1 1 0 2 2 2 0 2 0 1 1 1 1 0 1 0 1 0 0 2 0
0 2 1 1 0 0 2 0 0 1 2 2 1 1 2 2 0 1 0 1 0 1 2 1 2 0 2 1 1 2 2 2 1 0 1 0 1 1 0 1 2 0 1 1 2 1 0 2 2 0 1 0 2 1 1 0 2 1 1 1 1 0 0 0 0 2 0 2 1 1 1 0 2 0 0 2 1 0 2 2 2 0 2 1 1 2 1 1 0 2 2 1 0 1 2 1 1 0 1 0 2 2 1 2 1 1 1 0 2 0 2 1 1 0 2 0 2 2 2
2 1 2 2 2 0 2 1 2 2 2 0 2 0 1 1 1 0 2 1 0 0 2 1 1 2 1 2 1 0 1 1 0 0 0 0 2 2 1 2 0 1 0 2 1 1 1 0 1 1 0 1 2 2 0 0 2 0 2 0 1 1 2 1 0 1 2 2 0 1 2 1 0 2 1 2 1 0 1 0 2 2 2 1 2 0 0 1 0 2 2 1 2 1 1 2 2 1 2 1 0 1 2 1 1 1 1 2 2 2 0 2 1 1 1 0 1 1 2
2 2 1 1 1 1 0 0 0 2 2 2 2 1 0 1 0 2 2 0 0 0 2 0 1 0 1 0 2 1 2 1 0 2 0 2 0 1 0 1 0 2 1 0 1 2 1 2 1 1 0 1 1 2 1 0 2 1 1 1 2 1 0 0 1 1 2 1 2 2 1 0 2 2 1 1 2 2 0 0 0 0 0 2 1 1 0 1 2 2 0 2 1 1 2 0 0 2 2 2 1 0 0 1 0 1 2 2 1 0 0 2 1 0 2 0 2 0 1
0 0 2 2 1 1 0 1 1 2 1 2 2 1 2 0 2 2 0 2 0 1 0 0 0 1 2 0 1 0 2 2 0 1 1 2 0 2 1 0 2 2 2 1 2 2 1 2 1 2 1 0 1 2 0 1 1 1 0 2 1 2 2 2 1 1 2 2 0 0 2 0 1 2 1 0 1 1 0 1 1 2 1 0 2 2 0 1 0 0 0 2 2 0 2 0 2 2 0 0 2 2 1 0 2 0 1 1 1 2 0 1 2 2 1 1 1 1 2
2 1 1 2 1 2 1 0 2 0 0 2 0 1 1 2 0 0 1 2 1 1 0 0 0 2 2 2 2 1 2 1 0 0 1 2 0 2 0 2 0 2 2 1 0 2 0 1 2 2 2 1 1 0 2 1 0 1 1 0 2 0 1 0 1 2 1 1 2 1 1 0 0 1 1 1 0 2 1 2 2 1 0 1 1 0 0 2 1 1 2 2 2 1 0 1 0 1 0 0 0 2 0 1 0 0 0 1 2 1 1 2 0 2 0 1 2 0 1
2 2 1 2 1 0 2 0 1 1 1 2 2 0 0 0 2 0 1 0 0 0 2 0 0 2 1 0 2 2 2 2 2 0 1 0 0 1 1 0 0 0 2 0 2 0 1 1 1 1 2 2 1 2 0 0 1 1 0 2 1 2 1 0 2 1 1 1 0 0 1 1 1 1 1 0 2 0 1 0 1 1 0 1 1 1 1 1 2 1 0 0 0 2 0 0 0 0 2 0 0 1 1 2 2 0 0 2 1 1 0 0 0 1 1 2 2 2 1
0 1 1 0 2 1 2 0 2 2 0 0 0 2 0 2 2 0 2 2 2 2 0 1 0 2 2 0 0 0 1 0 2 2 0 2 2 0 0 1 0 0 2 0 2 2 1 2 1 1 2 1 1 2 2 2 0 0 2 0 0 1 0 2 1 1 2 0 0 2 2 0 0 0 2 0 0 1 0 1 2 0 1 1 0 0 1 1 1 1 1 1 2 2 2 2 2 1 0 2 2 1 0 0 1 2 1 1 0 2 0 1 0 2 0 1 2 2 0
2 0 2 0 1 0 0 0 0 0 1 0 2 2 0 2 0 1 0 2 1 0 0 0 1 2 1 0 2 0 1 1 1 1 0 2 1 1 0 2 1 2 2 1 2 0 0 0 1 2 2 0 0 0 2 0 0 0 0 1 1 2 0 0 0 1 2 0 0 0 2 2 2 0 1 2 0 2 0 2 2 0 0 0 1 2 0 2 0 1 1 2 1 2 2 2 0 2 2 1 0 0 1 0 1 2 0 2 1 1 1 2 1 2 2 0 2 0 1
0 2 2 2 0 1 2 2 0 2 0 2 2 1 0 2 2 0 0 1 0 1 0 2 1 2 2 1 2 2 2 2 2 0 2 2 1 2 1 2 1 2 2 0 0 0 1 0 2 1 2 0 1 2 0 2 0 2 0 2 2 1 0 1 1 2 0 0 2 2 1 0 0 1 2 1 2 0 2 1 1 1 1 0 2 2 2 2 1 1 2 0 2 2 2 1 0 2 2 2 0 0 0 0 1 2 1 1 0 1 0 0 1 0 0 0 2 0 0
1 1 0 2 1 0 2 0 0 2 2 0 2 0 0 0 1 1 0 0 1 2 1 2 0 1 0 1 0 0 2 1 2 0 1 1 1 1 1 1 0 0 2 1 0 0 2 0 2 0 0 2 0 1 1 1 0 1 0 1 2 0 0 1 0 2 2 1 0 0 0 2 2 0 0 2 1 0 0 0 1 1 2 1 0 1 0 1 2 0 0 0 2 0 1 0 0 2 0 0 2 0 2 1 2 0 2 0 1 2 1 0 1 1 2 0 0 2 2
0 1 2 0 0 2 0 0 2 2 0 1 2 2 1 2 1 0 1 2 2 1 0 2 1 2 1 1 0 1 0 1 2 2 2 0 2 2 1 0 2 2 1 2 2 0 1 0 0 0 0 2 2 1 2 1 1 0 2 2 0 0 0 2 0 0 0 0 0 2 0 2 1 2 2 1 2 1 2 1 2 0 0 2 2 1 0 0 2 1 2 2 1 0 2 0 1 0 0 2 2 1 2 1 0 0 0 0 1 0 1 1 1 0 1 0 1 2 1
0 1 1 1 1 2 0 1 1 1 1 0 0 0 1 1 1 1 0 1 0 0 1 2 2 1 0 0 0 1 1 1 2 0 2 0 0 0 1 1 1 0 0 1 1 2 1 2 1 1 1 1 2 2 2 2 1 2 2 1 1 0 0 1 1 0 2 2 0 2 0 2 0 1 1 2 0 0 1 2 2 2 2 2 2 1 1 0 0 0 2 0 1 1 2 0 1 1 2 2 1 0 2 2 2 2 1 0 2 2 0 2 0 2 1 2 0 1 1
1 1 1 2 0 2 1 0 1 1 2 1 2 0 1 1 0 0 2 1 1 0 1 0 0 1 2 0 2 1 2 2 0 2 1 0 2 0 2 1 1 2 0 1 0 1 0 0 0 0 2 1 0 1 2 1 1 1 2 0 0 2 2 1 1 2 2 1 0 1 0 1 1 0 0 1 2 0 0 2 2 0 0 2 1 2 1 0 2 1 1 0 0 1 2 0 0 1 2 1 0 2 0 2 2 1 0 1 1 1 2 0 1 2 1 0 0 0 0
2 1 2 0 2 2 2 0 0 0 2 2 1 1 2 0 1 0 2 1 0 0 0 1 2 0 0 0 0 0 1 0 2 2 1 0 1 0 0 2 2 1 1 1 2 2 2 1 2 2 0 0 2 0 0 2 0 0 0 2 2 0 0 1 2 2 2 1 0 0 0 2 2 0 1 1 2 1 0 2 0 0 1 0 1 1 1 2 1 1 2 0 2 2 0 2 1 2 0 2 0 2 2 2 0 1 2 2 2 2 2 0 1 0 1 2 2 0 2
2 2 1 2 2 2 0 1 1 0 0 1 1 2 1 1 0 2 1 0 0 1 2 0 2 1 2 0 0 2 0 2 2 0 0 1 2 1 0 0 2 0 0 1 0 1 0 0 1 1 0 2 2 1 0 0 0 2 0 1 0 0 2 2 0 2 1 0 1 1 2 1 0 2 2 0 1 0 2 2 1 2 2 1 1 0 1 1 0 2 0 0 0 2 0 1 2 1 2 0 1 2 2 1 1 1 2 2 2 1 2 0 2 2 2 0 2 1 2
1 1 0 2 2 0 1 1 0 0 1 1 1 0 1 0 1 0 0 0 0 1 0 1 0 2 1 1 0 0 1 2 2 2 1 1 0 2 2 0 0 1 1 2 2 2 0 1 1 0 2 1 2 0 2 0 1 1 2 2 2 1 1 1 1 2 2 1 0 2 1 1 1 0 0 1 1 1 0 2 1 0 1 2 1 1 0 0 2 2 2 2 1 0 0 0 0 0 1 1 0 0 2 2 1 1 1 2 2 1 2 2 0 0 1 1 2 1 2
2 1 1 2 0 2 2 0 2 1 2 2 1 0 1 1 1 0 0 2 0 2 1 2 2 0 1 1 0 0 0 2 1 2 2 2 1 0 2 1 1 2 1 0 0 2 1 1 1 2 1 1 2 1 1 2 1 0 2 1 0 0 1 1 0 1 1 1 1 0 0 2 0 1 2 0 2 1 2 0 1 1 2 1 0 0 1 1 0 0 0 1 1 2 2 1 0 0 2 2 1 1 2 2 2 2 2 1 1 2 2 0 1 1 1 1 2 0 2
