3 120 19
54874165 193368403 1132522495 877899690 773314280 660081984 666696446 145179572 624133871 514229961 1102894843 1115649211 913755968 254188113 322742734 680518623 536609798 891985269 577490396 511294443 412863324 498334611 882891144 567836331 693772201 678636175 960412872 13822524 431745662 757137011 1035796041 393984256 868742935 884912588 488568075 750096466 785932214 706745047 308752093 311901390 792557311 272876620 1144078804 337732415 242784934 1078106971 1059244176 157835177 255212049 773444684 1013493142 880928695 859349815 524577784 877008937 504474909 342178085 845111678 1091167520 1024068092 491332982 786961174 209927122 220472008 872240922 175466547 962223566 454515039 722573344 603485128 1010604909 812373858 745681349 642355902 641199116 954960993 1092535926 934221357 58112248 143706794 296606823 758437808 667326807 1155356182 601263007 663319889 735451412 832446103 734069163 56319898 104436563 990028788 659777637 496610721 180554985 285160951 696636504 953126856 1131530633 146663821 276002687 92271142 240331825 951668496 231434348 132893990 507514660 966770182 126919728 987328272 160062261 748789043 810497059 254191892 579552972 391505729 565736131 825361242 1115367794 1091643832
1 0 0 1 1 0 0 1 1 2 0 1 0 0 1 2 0 0 0 0 1 2 2 1 1 1 0 0 2 0 1 2 0 2 1 1 0 1 0 2 1 2 1 2 2 2 2 2 2 0 0 2 2 1 1 1 2 2 1 2 0 0 2 0 0 0 2 1 2 0 0 0 2 2 0 2 1 2 0 2 2 1 2 2 2 0 0 1 0 0 2 0 1 1 1 2 2 1 0 1 1 2 0 2 1 0 1 1 1 1 0 0 0 2 1 2 0 2 2 0
0 1 2 2 2 0 2 2 1 0 2 0 0 2 2 1 0 1 2 2 0 0 1 1 0 2 2 1 1 1 0 0 0 2 2 0 2 1 1 1 2 0 1 2 0 1 2 1 2 1 1 0 0 2 2 0 2 2 2 1 1 0 1 1 2 1 2 2 1 0 0 0 0 1 1 1 2 0 0 2 2 1 1 0 1 0 1 0 0 1 1 1 1 1 2 1 2 2 0 0 0 0 2 1 1 1 1 2 2 1 2 2 0 0 0 1 1 2 2 1
0 1 2 2 2 2 0 0 2 0 1 0 0 0 2 2 1 0 2 0 2 2 1 0 2 1 2 1 0 1 0 1 1 0 0 1 2 1 1 2 1 0 0 2 0 0 2 0 1 2 1 2 1 2 2 1 1 2 0 1 1 1 2 2 1 0 1 1 1 2 2 0 0 2 0 2 0 0 2 2 0 1 2 2 2 1 1 0 1 2 2 0 0 2 2 2 0 1 1 2 2 0 1 2 1 1 1 1 2 1 0 0 0 2 2 0 2 1 0 0
1 2 0 2 0 1 2 1 0 0 0 2 2 1 2 0 1 1 1 0 0 0 1 1 0 1 1 2 0 2 1 1 0 2 0 0 1 2 1 2 1 2 1 0 2 1 0 0 1 1 1 2 2 0 0 0 2 2 0 0 2 1 2 2 1 2 2 2 0 1 2 1 2 1 1 1 0 2 2 1 1 0 0 1 2 1 2 2 1 2 2 1 1 1 0 0 2 1 0 2 0 0 1 2 2 0 1 0 2 0 2 0 2 2 2 1 2 1 0 0
1 2 2 0 2 1 1 2 0 2 1 0 0 0 1 2 0 0 0 2 1 0 0 1 0 1 2 2 2 0 1 1 0 1 1 2 2 0 1 2 0 0 1 0 0 0 1 1 0 2 1 2 2 2 0 0 0 0 0 0 0 2 2 1 0 1 1 1 2 1 0 0 1 2 1 0 0 0 2 1 2 1 1 2 1 2 0 2 2 1 2 0 1 1 2 1 1 1 2 1 2 1 1 2 1 2 0 2 0 2 0 0 0 1 1 2 1 2 1 1
0 1 2 2 0 2 1 1 0 2 2 1 0 1 0 2 2 0 1 2 0 2 0 2 2 1 1 0 0 0 2 1 2 2 0 2 2 2 2 0 2 2 1 0 1 2 2 0 0 1 0 0 1 0 0 0 0 2 2 0 0 1 0 2 2 0 2 1 0 2 2 2 0 1 0 1 0 0 2 0 1 0 2 0 1 2 1 1 2 0 0 0 2 0 2 2 1 0 1 0 0 1 0 0 0 1 2 0 1 1 2 0 1 2 0 0 1 1 2 2
2 2 2 0 2 0 2 2 1 0 2 1 2 2 2 0 0 2 1 1 1 0 2 0 2 0 1 2 2 2 1 2 1 1 2 2 1 1 1 2 0 1 1 0 0 1 0 2 1 1 0 0 0 0 1 0 1 0 2 0 2 1 2 2 0 2 2 1 1 0 2 2 1 1 2 2 2 0 1 0 2 0 1 2 1 0 0 2 1 0 2 2 0 0 1 0 2 0 2 1 1 1 1 0 2 1 2 2 1 2 1 2 2 0 2 0 1 2 0 2
1 0 2 1 0 0 1 1 1 1 0 0 0 0 0 0 1 1 0 1 1 2 0 0 2 2 1 1 0 2 1 2 2 1 0 1 2 2 0 1 0 1 1 1 1 0 2 1 2 0 2 0 0 0 1 0 0 0 1 1 2 2 0 2 0 1 1 0 0 1 2 2 1 1 0 2 2 0 1 1 1 1 2 2 2 0 2 0 1 0 2 1 1 1 1 2 2 2 2 0 2 2 0 0 1 1 0 1 2 0 0 1 1 0 1 1 2 1 2 0
0 1 2 1 2 1 0 0 1 1 0 1 0 0 1 2 1 0 1 1 0 2 1 2 2 0 0 1 2 2 2 2 2 2 0 2 1 2 2 2 1 0 1 1 1 0 2 1 1 1 0 2 0 1 2 2 2 2 2 2 0 2 2 0 2 1 0 0 0 0 0 1 1 1 0 0 0 0 1 2 1 1 2 1 1 1 2 1 1 2 1 2 1 1 2 0 2 0 1 0 1 1 2 2 1 2 2 1 1 1 0 2 1 2 2 0 1 2 1 0
1 0 0 0 2 0 0 1 1 2 2 2 0 1 1 1 1 2 0 2 0 1 0 1 1 2 1 1 1 1 2 0 2 2 0 1 2 1 0 0 0 2 0 0 0 2 0 2 1 0 2 2 2 2 2 2 2 1 0 1 2 2 1 2 2 1 0 0 0 1 1 0 0 2 1 1 2 2 1 1 0 0 0 0 0 2 2 2 2 0 1 1 0 2 1 0 1 2 0 1 1 1 2 2 1 1 1 0 1 2 1 2 0 2 0 1 2 0 1 1
1 2 1 2 2 2 0 0 2 1 2 0 0 1 0 2 0 2 2 1 1 1 1 2 1 2 1 0 0 2 0 2 1 1 2 0 1 2 1 0 1 0 2 2 2 0 1 2 2 1 2 1 2 1 0 0 0 2 2 1 1 2 1 0 0 1 1 2 2 2 2 0 0 2 0 2 2 2 2 1 1 2 2 1 1 0 2 2 2 2 1 1 2 0 1 2 2 0 2 1 2 2 2 0 2 2 0 1 0 0 0 1 2 0 2 0 2 2 1 2
1 0 1 0 1 0 0 0 1 2 2 0 2 2 2 2 2 2 0 2 2 1 0 0 2 0 1 2 0 2 1 2 2 2 0 0 0 1 1 1 1 1 2 1 0 1 0 2 1 1 2 1 0 0 1 0 1 0 2 2 0 1 1 0 1 2 0 1 0 2 0 0 0 1 1 0 2 0 1 1 2 1 1 2 1 0 0 0 1 0 2 2 1 1 2 0 0 0 2 2 1 0 0 1 1 1 0 1 2 2 1 1 0 0 2 1 0 2 2 2
0 2 2 2 1 1 0 0 2 2 2 1 0 2 0 2 1 1 2 1 0 0 0 1 0 2 2 0 2 0 0 0 2 2 0 2 1 0 2 2 0 2 0 1 1 1 1 0 0 0 2 0 0 1 1 1 0 2 0 1 0 0 1 0 1 2 2 0 2 1 2 0 0 1 1 2 2 0 1 0 0 0 1 2 2 1 0 0 1 1 2 1 0 1 2 1 0 2 2 0 1 0 0 2 1 2 2 1 0 0 2 1 2 2 1 1 0 0 2 2
1 1 1 1 2 0 0 0 2 0 0 1 0 1 1 2 1 1 0 1 2 0 0 2 2 2 1 0 2 1 0 1 0 1 0 1 2 1 1 2 1 2 1 2 1 0 1 2 1 2 1 1 0 1 0 0 1 2 1 1 1 1 0 1 0 1 2 2 2 1 2 1 1 1 1 2 1 0 2 1 0 0 2 0 2 1 1 1 1 2 0 2 1 0 0 2 1 1 1 2 0 2 1 2 1 2 1 1 2 0 2 0 1 2 1 0 0 2 2 1
2 0 0 1 0 2 0 0 1 0 2 1 0 0 0 1 2 2 2 0 0 1 0 1 2 2 1 2 2 1 2 0 1 0 1 2 0 0 2 1 0 2 2 1 0 0 2 1 2 2 1 2 1 2 0 0 2 0 0 0 1 0 0 0 0 1 2 1 2 0 0 2 0 0 0 1 1 1 2 1 0 1 1 1 1 0 0 2 0 0 2 2 1 2 2 2 1 1 0 1 2 2 1 0 2 0 2 1 1 2 0 1 0 2 0 2 0 0 1 0
1 0 2 2 0 2 2 2 1 0 0 1 2 2 2 2 2 1 2 0 0 2 2 1 1 0 1 1 1 1 2 0 1 2 0 0 1 0 0 0 2 1 1 2 0 1 0 0 2 2 0 0 1 0 2 1 1 0 0 2 1 0 0 1 2 2 1 2 2 2 2 2 0 1 2 0 2 0 0 1 2 1 2 0 2 1 2 0 2 0 2 1 1 1 0 0 0 2 0 0 1 2 1 1 0 0 1 2 1 0 1 0 2 0 0 1 2 1 1 2
1 1 0 2 0 1 0 0 0 1 2 1 0 0 2 2 1 1 1 2 1 1 2 0 2 0 2 2 1 1 1 2 1 2 2 1 0 0 0 0 2 2 2 0 2 1 2 1 0 2 0 0 0 0 1 2 0 1 1 0 0 0 0 1 2 0 1 2 1 1 0 0 1 2 1 1 1 1 2 0 1 2 0 1 2 2 1 0 1 1 0 2 2 2 1 2 2 2 2 1 0 1 2 1 0 0 0 2 2 2 0 0 2 0 2 2 0 1 0 2
0 1 1 2 0 2 2 0 0 2 2 0 1 1 0 1 0 0 1 2 1 1 0 0 2 2 0 0 1 1 2 2 2 1 2 1 1 2 2 1 2 2 0 0 0 1 2 0 2 1 1 0 1 1 2 0 1 2 1 1 0 0 0 0 2 0 1 1 0 1 0 0 0 0 1 1 1 1 0 2 2 1 2 0 0 1 2 1 1 0 0 1 2 1 0 1 2 1 0 0 0 1 1 0 2 2 0 2 0 0 1 0 2 0 2 2 0 1 1 1
1 0 1 0 1 1 0 1 0 1 2 1 2 0 1 0 0 2 2 1 2 0 1 2 1 0 2 1 1 1 1 1 1 2 2 0 1 0 2 1 2 2 2 2 0 2 2 0 1 1 1 2 2 1 2 1 2 2 2 2 1 1 0 0 1 0 1 2 1 0 2 1 0 2 0 0 1 1 2 1 2 1 1 0 2 1 1 0 0 1 2 1 0 0 1 2 1 0 2 2 1 2 0 2 1 1 0 1 0 2 0 2 1 2 2 1 0 1 2 1
0 1 0 1 2 0 0 1 0 0 1 2 2 2 2 2 1 0 1 1 0 1 1 2 1 2 2 1 1 1 0 1 1 1 0 0 2 2 2 0 2 1 0 0 1 2 0 2 0 1 1 1 0 0 0 1 2 2 2 1 2 1 0 0 2 2 0 2 1 1 2 1 2 2 2 0 0 2 0 1 1 2 0 1 2 1 0 0 1 0 2 0 2 0 1 2 2 0 1 1 1 0 1 0 1 0 1 2 1 2 0 0 1 1 2 0 0 2 1 2
0 0 1 2 2 2 1 1 2 0 1 0 1 0 1 0 1 0 0 2 2 1 0 0 0 0 2 0 0 1 1 2 2 0 1 1 2 1 0 0 2 2 1 1 2 0 1 1 0 2 1 1 1 2 2 1 0 1 0 1 1 1 0 0 1 2 2 1 1 0 1 1 1 0 2 1 1 2 2 2 1 2 0 2 1 0 2 0 2 2 1 0 1 2 1 0 2 1 1 2 0 1 1 2 2 1 0 0 0 1 0 0 0 1 0 2 2 2 2 2
2 1 1 0 1 0 0 1 2 0 0 0 1 1 2 0 2 0 1 1 1 1 2 2 0 2 2 2 0 2 0 2 1 1 0 2 1 1 1 1 1 2 1 0 0 1 0 1 2 2 0 0 1 2 0 1 1 0 1 1 0 2 2 1 0 0 2 1 1 1 0 1 1 2 1 2 1 0 1 1 2 1 1 1 0 2 0 0 0 2 2 1 1 1 0 1 2 0 0 1 2 0 0 0 1 2 0 2 2 2 0 0 0 2 1 2 0 2 2 0
1 1 2 2 1 0 1 0 0 2 2 0 0 0 0 1 0 2 1 0 1 2 0 2 0 0 1 0 2 1 1 2 1 2 1 2 2 1 0 0 1 1 1 1 1 2 1 1 1 2 2 0 0 0 0 0 1 2 0 1 1 2 1 0 1 0 2 1 1 0 2 2 1 1 2 0 0 0 1 0 2 1 0 2 2 1 0 1 2 1 2 1 1 0 1 0 1 1 2 0 1 2 0 0 0 0 1 1 0 0 2 0 2 0 1 2 2 1 0 2
0 1 0 2 2 1 2 1 2 2 2 2 2 0 0 0 0 1 2 0 1 1 1 1 2 2 0 0 2 2 2 2 0 0 2 0 2 1 2 2 2 1 2 2 2 2 0 2 0 0 0 2 2 1 1 0 2 2 0 1 1 0 1 2 1 0 0 1 2 0 1 1 1 1 1 1 0 2 1 0 2 1 2 1 0 1 2 0 2 2 1 0 1 2 1 0 0 2 2 0 2 1 2 1 2 0 2 2 0 0 2 2 2 0 2 0 2 1 1 1
2 0 0 1 1 2 1 1 1 1 1 0 2 1 2 2 2 2 1 1 2 2 0 2 0 0 2 0 0 1 2 0 2 0 1 1 2 2 0 0 0 2 1 1 1 0 0 1 0 2 2 2 2 1 2 2 2 2 0 2 1 0 2 1 0 1 2 2 1 2 2 2 2 1 1 1 2 1 1 2 2 1 2 1 2 1 1 0 0 2 0 2 2 1 0 2 2 0 2 1 1 1 2 1 0 0 1 2 0 2 2 2 0 1 0 1 0 2 2 0
2 2 1 1 0 1 1 0 0 0 2 2 2 1 0 2 2 1 2 2 1 1 2 0 0 0 2 0 0 1 2 0 0 0 0 1 2 1 2 0 0 2 2 2 1 0 0 0 2 0 0 2 0 2 2 0 2 1 2 0 2 2 1 0 0 1 2 2 0 2 0 0 2 2 1 0 0 2 1 1 0 2 0 0 1 2 2 1 1 2 0 1 1 2 1 1 0 1 1 1 1 2 0 0 2 1 1 0 1 2 1 1 1 1 0 0 0 0 0 2
2 0 0 1 2 2 0 0 1 1 1 2 1 1 1 1 0 2 2 2 0 1 1 1 0 2 0 2 2 1 1 2 1 2 1 1 1 1 2 0 0 0 2 2 0 1 1 1 1 1 1 1 0 0 0 0 2 1 2 2 2 1 2 1 0 0 2 2 1 1 2 1 0 2 1 1 2 2 2 0 1 0 2 1 1 2 2 0 1 1 0 0 0 2 2 1 2 2 0 0 2 0 0 0 1 2 2 0 2 1 1 1 0 0 0 1 2 2 0 1
2 0 0 2 0 0 1 0 0 2 2 2 0 2 0 2 2 2 2 1 2 0 0 2 1 1 1 0 1 1 0 1 0 0 1 1 0 0 1 0 0 1 1 1 0 2 0 0 2 0 0 1 1 1 1 2 0 2 0 2 2 1 0 2 1 2 1 2 0 2 0 1 1 2 2 2 2 0 1 1 1 1 0 0 2 1 2 1 1 0 0 0 1 1 0 0 2 1 2 2 2 1 1 1 0 1 1 2 2 2 1 0 1 1 0 2 0 1 0 2
1 0 2 0 2 0 1 1 2 1 2 1 0 0 2 0 2 1 1 1 0 0 0 0 0 1 2 0 2 2 0 1 2 0 2 2 1 0 2 0 2 1 0 2 1 2 1 2 1 0 0 0 0 0 0 1 0 2 2 2 1 2 1 1 0 1 0 2 0 2 1 2 1 1 0 1 1 2 0 1 0 1 1 0 0 1 0 0 1 2 2 2 2 2 1 1 0 2 0 0 0 1 1 1 0 1 2 0 1 0 1 1 2 2 2 2 1 2 2 2
2 2 2 2 1 1 1 0 0 1 0 0 1 1 0 2 0 0 2 1 1 0 0 1 0 0 1 2 0 1 2 0 0 2 0 0 0 1 0 1 0 1 2 1 0 2 2 1 1 2 0 2 0 1 1 1 1 2 1 2 0 1 0 1 1 0 2 1 1 2 0 2 2 1 2 0 0 1 1 2 0 2 2 1 1 0 1 0 2 2 0 0 1 0 2 2 0 1 1 2 2 2 2 1 0 1 2 2 2 0 1 0 1 1 2 2 1 0 0 2
0 1 2 1 1 2 1 0 1 0 2 1 0 2 0 1 0 2 0 0 0 2 1 1 0 1 1 0 2 2 2 2 1 2 1 2 2 0 2 1 1 0 2 2 2 0 1 1 2 1 1 0 1 0 2 0 2 1 0 1 1 0 1 2 0 0 0 2 1 0 1 0 0 0 2 1 1 0 2 0 2 1 2 1 2 2 1 2 0 1 1 0 2 2 2 0 0 0 0 2 1 2 2 2 0 2 0 2 0 0 0 0 2 2 1 2 1 0 2 0
2 0 0 2 1 0 2 1 1 0 0 0 2 0 0 0 2 2 0 0 2 0 0 2 0 2 2 1 0 2 1 2 2 2 2 1 0 2 0 1 0 0 2 2 2 2 0 2 1 0 0 2 2 1 2 2 1 2 1 1 2 1 2 2 0 1 1 0 1 1 2 1 2 1 1 1 2 0 1 1 1 1 0 0 2 1 2 2 0 1 0 2 2 2 1 0 2 0 1 0 1 0 2 1 0 0 0 0 1 1 1 0 0 0 0 1 1 0 0 2
2 0 2 2 1 1 2 0 2 1 1 0 2 0 2 0 1 0 0 0 1 2 0 0 0 0 1 2 1 1 1 1 2 0 0 0 0 1 1 2 2 2 0 2 0 0 2 2 1 0 0 0 1 0 0 1 1 1 1 1 2 0 2 0 2 1 0 2 2 0 2 2 0 2 2 2 0 2 1 1 1 1 2 2 2 0 1 0 2 0 1 2 2 2 2 1 0 1 1 0 1 0 2 2 2 1 1 0 2 0 2 0 2 2 0 1 0 2 0 2
1 2 1 0 1 2 1 1 0 2 1 2 0 2 1 2 0 1 0 0 1 0 1 1 2 2 2 2 2 0 2 0 0 2 1 1 1 2 1 1 2 0 1 2 2 2 2 1 1 0 1 0 1 1 2 1 0 2 2 2 0 1 0 0 1 1 2 2 1 1 1 1 0 0 0 2 1 1 1 2 2 1 2 0 2 2 1 2 2 0 0 2 0 1 0 1 0 2 2 1 2 1 1 2 2 2 2 0 0 1 2 2 0 0 0 0 2 0 2 1
1 0 1 1 2 1 1 0 2 1 2 1 2 0 1 1 0 0 2 1 2 2 1 0 0 2 0 2 2 1 2 1 1 0 0 1 2 1 2 1 2 2 0 0 0 1 2 0 2 2 2 0 2 1 0 2 0 2 2 0 0 1 2 2 0 2 2 2 2 1 1 2 0 2 2 1 1 2 2 0 2 2 1 1 0 0 1 1 2 0 2 2 0 1 2 0 0 1 0 0 0 2 0 1 1 2 2 2 2 0 0 2 2 2 0 0 2 2 2 1
1 2 1 1 0 0 2 1 2 0 2 2 2 0 0 0 2 1 0 0 2 0 2 1 2 1 2 2 1 1 0 2 1 1 1 1 2 0 1 2 1 1 1 0 1 2 1 1 1 1 2 0 0 0 0 2 1 2 0 0 2 0 0 0 0 1 0 0 0 2 2 1 0 1 0 2 0 1 1 0 1 1 0 1 2 1 1 1 1 2 1 1 0 1 1 1 1 2 1 2 1 0 0 2 1 1 2 2 1 1 2 2 0 1 1 2 2 0 0 1
0 2 0 1 1 2 2 0 2 0 2 2 1 0 1 2 2 2 1 0 1 2 0 2 1 1 2 0 2 2 0 0 2 0 1 1 0 0 1 0 1 1 0 2 2 1 2 1 1 2 2 2 1 2 1 2 1 0 0 1 0 0 2 0 2 1 1 2 0 1 0 1 2 0 2 1 0 1 0 1 0 0 2 1 2 0 1 1 2 2 1 2 0 0 0 2 2 0 0 2 1 0 1 0 2 0 0 0 2 1 1 0 2 0 2 2 2 1 2 1
1 0 1 2 1 2 0 0 0 0 0 1 1 2 2 1 2 0 1 1 2 1 2 1 2 2 1 1 1 0 0 0 0 0 2 1 0 0 2 0 1 2 2 1 1 1 2 1 2 2 0 2 0 1 1 2 0 2 2 2 0 2 0 0 2 0 0 2 1 0 0 2 2 2 1 1 2 1 0 2 0 1 1 1 2 2 0 0 2 0 0 2 0 0 1 0 1 2 1 2 2 2 2 1 2 1 0 1 0 1 0 1 0 1 2 0 1 0 1 0
1 2 1 2 0 0 0 1 2 2 1 1 2 1 0 1 0 0 2 0 2 0 1 2 2 1 0 0 1 0 1 0 2 2 0 0 0 1 2 2 1 0 0 0 1 0 2 2 1 1 2 0 2 1 1 1 2 1 2 2 1 1 2 1 1 1 2 2 2 2 1 0 2 0 2 2 0 1 1 2 1 2 0 0 0 1 0 0 1 2 2 0 0 2 0 0 0 0 0 0 2 2 2 2 2 2 2 1 0 1 0 1 0 1 0 1 0 0 1 2
2 1 0 1 2 0 2 0 1 0 2 1 2 2 1 0 1 0 1 1 2 1 1 0 0 2 2 0 0 1 0 2 1 1 1 0 2 1 1 1 1 0 2 1 2 1 2 1 0 0 0 2 1 2 0 2 2 0 0 2 1 1 2 0 0 2 0 0 0 0 2 0 0 2 2 1 2 1 2 2 1 0 1 0 0 2 2 2 2 0 1 2 2 1 2 0 1 1 0 1 1 0 1 2 1 0 0 0 1 1 2 0 1 0 0 0 1 0 2 1
0 2 0 0 1 1 1 2 2 2 0 1 1 0 1 2 1 2 2 1 1 2 1 0 2 2 0 1 0 1 0 0 0 1 2 2 2 0 1 2 0 2 1 1 2 0 0 2 0 0 0 1 2 1 2 0 1 0 1 1 2 1 0 0 1 2 2 0 0 0 1 0 2 2 2 0 2 0 2 0 1 2 1 0 1 2 0 0 2 0 1 2 2 2 2 0 1 1 1 2 1 0 0 1 2 0 1 0 0 0 0 2 0 0 0 2 2 1 2 2
1 1 1 2 1 1 2 0 2 1 0 1 1 0 2 2 1 1 0 2 2 1 2 0 1 0 2 1 1 1 1 1 0 0 0 1 1 2 2 1 2 2 2 0 0 2 0 2 1 0 1 0 2 0 0 1 0 0 1 0 2 0 1 0 1 2 1 0 2 1 2 1 1 1 0 2 1 0 1 2 2 1 1 2 1 2 1 0 0 0 0 2 1 2 2 0 1 2 0 0 1 2 0 0 2 0 0 0 1 2 1 1 0 2 1 2 2 1 2 2
1 2 2 2 2 2 2 0 1 1 2 1 0 2 1 0 0 1 1 2 1 0 2 2 0 0 2 2 1 2 2 1 0 2 1 2 2 2 0 2 0 0 0 1 0 1 2 1 0 1 0 0 1 0 2 2 2 2 1 0 2 1 2 2 1 1 2 1 0 0 0 1 0 1 2 1 0 1 2 0 2 1 1 1 1 1 0 0 1 0 2 0 1 1 0 0 0 0 2 1 1 0 2 2 1 2 1 1 1 1 1 2 2 0 0 1 2 2 0 0
2 2 2 1 1 0 2 2 0 1 0 0 2 1 0 0 0 1 1 1 2 1 1 2 2 0 1 1 2 1 2 2 1 1 1 0 2 2 2 0 1 1 1 1 0 1 1 0 0 0 2 0 2 1 0 1 1 2 0 1 1 2 1 2 2 2 2 2 1 0 0 0 2 2 1 2 0 0 0 0 1 0 1 0 1 2 1 0 2 1 2 0 2 0 0 1 1 0 0 0 1 0 1 0 2 2 0 1 1 1 1 2 2 0 0 0 0 1 2 2
1 1 0 0 0 0 2 1 1 0 1 2 1 0 1 2 0 2 0 2 1 2 2 0 1 0 1 1 1 0 2 0 0 2 1 0 0 0 2 2 0 1 1 2 2 0 1 1 0 1 0 1 0 0 1 2 0 0 1 0 2 1 0 2 0 2 0 1 2 0 1 1 1 1 0 2 1 2 0 1 1 1 0 1 2 2 2 2 0 0 0 2 2 1 2 2 1 0 2 1 0 0 2 1 2 0 0 1 2 1 0 0 0 2 0 0 1 2 0 2
0 1 1 2 0 1 2 1 1 1 2 1 0 2 1 2 0 2 1 0 2 2 1 2 1 2 0 0 1 0 0 2 1 2 2 1 1 2 0 0 1 0 0 2 0 1 2 0 1 1 1 0 0 0 0 2 0 0 0 0 1 1 2 0 0 2 2 2 2 2 1 0 0 1 0 0 0 0 2 1 1 0 2 0 1 2 2 2 0 0 2 2 2 2 2 1 1 2 0 0 0 1 2 0 0 2 2 0 2 1 2 1 2 2 1 1 2 2 0 0
0 0 2 0 2 0 1 1 2 2 2 2 2 1 1 2 1 1 1 0 2 1 0 1 0 1 0 2 0 1 0 2 1 0 2 1 0 1 0 0 0 0 0 0 2 2 0 1 0 2 0 2 0 0 2 0 1 0 0 0 2 1 2 0 2 2 2 2 0 2 0 1 1 1 2 1 0 0 2 2 2 2 2 2 2 1 0 2 2 0 0 2 2 2 2 1 1 0 1 2 0 2 0 1 1 0 2 1 0 2 1 2 2 1 2 2 0 2 2 0
0 2 2 0 1 2 2 0 2 0 0 2 2 0 2 0 2 1 0 2 1 1 0 1 2 2 1 0 0 0 0 1 2 0 1 1 0 0 2 0 0 2 0 1 0 2 2 2 2 2 2 0 2 0 2 2 0 0 0 0 0 1 1 0 2 2 1 0 0 0 1 2 0 2 1 1 0 0 1 2 1 1 0 0 1 0 2 2 1 0 2 2 2 2 0 2 1 2 0 0 0 1 2 1 0 0 0 1 1 1 0 2 0 2 0 2 2 1 1 0
2 2 0 1 1 1 1 0 1 1 0 1 0 0 0 1 1 1 0 1 1 0 0 2 0 2 1 2 0 1 1 2 1 2 0 2 0 2 0 2 0 2 2 1 0 2 2 2 2 2 1 0 1 1 2 1 0 1 2 1 2 1 0 0 0 1 0 2 0 1 1 1 1 0 2 1 1 0 1 1 0 2 1 1 2 1 1 0 2 1 2 0 2 2 1 0 1 2 0 2 1 0 2 2 1 1 0 2 2 2 0 0 2 2 2 1 1 1 2 1
2 2 2 2 1 0 1 0 0 1 1 1 1 0 1 0 2 2 0 2 2 2 0 2 2 2 1 1 1 1 0 0 0 2 1 1 0 2 0 1 1 1 2 0 2 2 1 1 2 1 1 1 1 1 1 1 1 2 2 0 1 0 0 1 2 2 1 2 1 1 1 1 0 2 1 0 1 0 1 0 1 0 2 1 2 0 2 0 0 2 0 2 2 2 1 2 2 2 2 2 1 1 0 2 0 1 2 1 2 1 1 1 2 0 2 2 1 2 0 2
1 2 2 1 2 0 0 1 0 0 0 1 2 0 1 2 2 0 0 1 2 2 0 2 0 2 1 1 0 2 1 1 1 0 1 0 1 1 2 1 2 2 0 2 1 1 1 1 2 2 0 1 1 1 1 1 1 2 1 1 0 2 1 1 0 2 2 1 1 1 2 2 1 2 1 0 1 0 2 0 2 0 2 2 1 1 1 0 1 2 2 1 2 1 0 2 0 0 0 2 2 2 1 0 2 0 2 0 1 1 1 1 1 1 0 0 0 0 0 1
2 0 1 2 1 2 1 2 2 0 2 1 0 1 2 0 2 1 1 0 0 0 0 1 1 1 2 2 1 1 0 2 1 2 1 1 1 0 1 1 0 1 2 1 0 0 2 2 1 0 1 2 0 1 1 2 2 1 1 2 2 0 1 1 0 2 0 2 0 2 0 2 1 1 1 1 1 0 2 0 0 0 0 2 1 2 2 1 1 1 0 1 2 1 2 2 1 1 2 2 1 1 2 2 2 0 1 1 0 1 2 1 1 0 0 0 0 0 1 1
2 0 2 2 1 2 1 1 0 1 1 1 0 0 1 0 0 0 1 1 1 0 2 0 1 1 0 1 2 2 0 2 0 2 1 2 0 2 1 1 1 2 0 1 2 2 1 0 0 0 1 2 2 0 2 0 2 0 0 1 0 0 1 1 1 2 1 2 0 2 0 1 1 0 1 1 0 0 1 1 2 2 0 1 0 0 2 0 0 0 2 2 2 1 0 1 1 1 0 1 1 0 0 2 2 2 1 2 0 2 1 2 1 2 1 2 0 1 2 1
2 0 0 1 2 1 2 0 0 2 2 1 0 0 1 0 0 2 0 0 1 2 0 0 2 1 0 2 0 0 1 0 1 2 1 0 1 2 2 2 1 2 1 2 2 0 0 2 0 1 0 0 0 0 0 2 0 1 2 0 0 2 1 1 2 1 0 0 0 2 0 2 1 2 0 1 2 0 1 0 1 1 0 0 0 2 0 0 0 1 1 0 0 0 0 2 2 0 2 2 0 1 2 2 0 2 0 0 0 1 0 2 0 1 2 0 1 0 1 1
1 0 0 1 1 0 1 0 1 1 0 1 2 2 0 2 0 1 2 0 0 1 2 0 0 0 2 1 0 0 0 1 1 0 0 0 1 1 0 0 2 1 2 0 2 2 2 2 1 0 0 1 1 0 0 1 0 0 2 1 0 2 0 2 1 0 0 0 2 2 1 0 0 0 0 0 1 2 0 2 2 1 2 1 2 0 2 0 0 2 0 1 0 0 1 2 1 2 2 0 1 0 0 1 2 1 0 1 1 0 1 1 0 0 0 0 1 0 0 1
1 1 1 1 2 2 0 0 1 0 1 2 2 0 2 1 1 2 2 0 0 0 0 1 2 0 1 0 1 0 0 0 1 1 1 0 0 2 1 0 1 1 2 0 2 1 1 1 1 1 2 0 1 2 1 1 0 0 2 2 1 0 0 2 2 2 0 0 0 2 0 1 0 0 1 2 2 0 2 2 1 2 0 0 1 2 2 2 0 2 2 1 0 0 1 2 1 2 2 1 1 0 0 0 1 1 0 1 2 2 1 0 1 1 1 0 1 0 0 1
0 1 0 0 1 2 2 2 2 0 1 1 0 1 1 2 0 0 0 0 0 2 0 0 1 0 1 2 0 0 2 2 1 0 2 0 0 0 1 2 0 0 0 1 0 0 0 0 1 1 1 2 1 2 2 0 0 2 0 1 2 0 1 1 0 0 2 1 0 1 0 0 2 2 2 2 0 2 0 1 2 2 0 0 0 1 1 0 0 2 2 0 0 0 2 2 1 2 0 2 1 1 1 1 1 0 0 1 1 1 2 0 2 0 1 2 1 0 2 2
0 2 0 0 0 2 2 2 0 0 2 1 2 1 2 0 1 0 1 0 2 1 0 1 2 2 0 2 0 1 1 0 1 0 1 1 0 1 1 0 2 1 2 2 2 1 0 1 2 2 2 0 0 0 1 0 0 0 2 0 1 2 1 0 2 0 1 2 2 0 1 2 1 0 1 1 0 2 1 0 1 1 0 2 1 0 2 0 0 2 1 2 1 0 2 1 0 1 1 0 2 2 2 1 1 1 0 1 0 1 1 1 2 0 0 1 0 0 1 1
0 0 0 1 1 0 0 1 1 2 2 0 2 1 2 0 0 0 1 0 1 1 1 1 2 2 2 2 0 2 0 1 0 1 0 1 1 1 0 0 0 2 1 2 1 1 1 1 1 2 1 0 1 0 2 0 0 2 0 0 1 1 1 1 2 0 0 1 1 0 2 2 0 1 2 1 0 0 0 2 1 2 2 2 0 2 1 0 1 1 2 0 0 1 2 0 1 1 0 2 2 0 2 0 2 2 2 2 2 1 1 1 0 1 1 1 0 0 2 2
2 1 2 0 1 0 1 2 1 2 0 0 2 2 1 1 2 1 1 2 2 0 0 0 2 2 1 0 0 2 2 0 0 0 1 2 0 0 2 2 2 0 0 2 0 2 1 0 1 2 0 1 0 1 1 2 2 1 0 0 0 0 1 1 1 0 1 2 0 1 1 0 2 1 2 2 1 1 0 0 1 1 1 0 1 1 0 1 0 1 1 1 2 0 2 0 0 1 2 0 2 1 1 2 0 2 2 2 1 0 0 0 0 2 0 1 1 1 2 2
0 0 0 0 1 0 0 2 2 0 0 2 1 2 2 2 1 2 1 0 0 0 1 0 2 1 1 1 0 1 0 1 2 1 1 1 1 1 1 1 2 2 2 1 1 2 1 1 1 0 2 1 0 0 0 0 0 1 1 0 0 2 2 0 1 0 1 0 0 0 2 0 2 2 2 2 1 1 1 0 1 0 0 0 2 0 0 2 1 0 0 2 2 0 0 1 2 0 2 2 0 2 0 1 2 2 1 0 0 2 2 0 0 2 0 2 2 0 1 1
1 0 2 2 0 2 1 2 2 0 2 1 0 0 2 2 0 0 1 1 0 0 2 1 0 0 1 0 0 0 2 0 0 1 2 2 2 0 1 1 1 1 2 1 1 2 2 1 2 0 0 0 1 2 2 2 2 1 2 1 1 1 1 0 1 1 2 0 1 1 1 2 2 2 1 0 1 0 0 2 1 0 2 0 1 1 2 1 0 2 0 2 1 2 0 2 0 0 0 2 1 2 1 2 1 1 2 1 1 0 1 1 1 0 1 0 0 2 1 0
1 0 0 0 2 1 0 1 1 0 0 1 0 0 0 2 1 0 0 0 1 2 1 0 0 1 1 1 0 0 2 2 0 0 0 1 2 0 2 2 1 0 0 2 1 1 1 2 2 0 1 1 2 0 1 0 1 0 2 2 1 2 2 1 0 0 2 2 0 2 1 2 1 2 1 2 1 1 2 1 1 1 0 1 1 0 2 0 0 1 0 1 1 0 0 1 0 0 1 2 1 0 2 2 0 1 1 2 0 1 1 2 2 2 0 2 2 0 0 2
0 0 1 1 1 2 1 2 2 2 1 1 0 1 0 1 0 0 1 0 2 2 2 2 1 0 2 1 2 2 1 2 2 2 1 1 1 2 1 1 2 2 0 1 1 1 2 1 1 1 2 1 1 2 1 0 1 0 2 0 2 1 0 2 1 2 1 0 0 0 1 0 0 2 1 2 1 2 1 0 0 1 1 2 1 0 1 2 0 1 0 0 2 0 1 0 1 0 0 1 0 2 1 0 2 0 2 1 2 2 1 0 1 0 0 2 1 1 0 2
2 0 0 1 2 1 2 0 1 0 1 2 2 2 0 2 0 0 0 0 2 2 1 0 0 2 1 1 0 1 1 0 1 0 1 0 1 1 1 1 1 2 0 1 0 1 1 1 2 2 2 2 2 1 0 0 0 1 2 1 0 1 1 1 1 0 0 1 2 2 0 0 2 1 2 0 0 1 1 0 1 1 2 0 0 0 1 1 1 1 0 2 0 1 2 0 2 0 2 1 2 2 2 2 1 2 2 1 0 2 2 1 1 2 0 0 2 2 2 2
1 0 1 2 1 0 2 2 0 1 0 1 1 0 0 0 0 0 2 0 0 2 0 2 2 1 2 1 0 2 1 2 2 1 1 1 2 2 0 1 1 2 2 0 0 2 1 0 0 1 0 0 0 0 1 0 2 0 2 0 0 1 2 2 2 2 2 2 1 0 1 0 0 0 0 0 2 2 0 1 1 1 2 2 2 0 0 2 1 0 2 1 1 0 2 2 0 2 2 1 0 0 2 1 0 0 1 0 0 2 1 1 1 2 1 1 2 1 0 0
1 1 0 0 2 0 2 2 0 1 1 0 2 0 1 0 1 1 1 2 0 0 1 2 2 2 0 2 1 2 0 0 1 1 1 0 2 1 2 2 0 1 0 0 1 2 1 1 0 2 1 1 0 2 0 1 2 2 1 1 1 1 2 2 1 1 2 0 2 2 0 0 1 1 1 0 1 2 1 2 2 2 1 0 0 0 1 0 2 2 1 0 2 1 0 1 2 0 1 2 0 2 0 1 1 1 1 0 1 1 0 1 1 1 2 1 2 1 1 1
2 1 2 2 2 2 0 2 0 1 2 0 2 2 2 0 2 2 0 0 0 1 2 2 0 1 2 0 0 1 2 2 2 2 1 0 0 1 0 0 1 2 2 0 2 1 1 1 0 0 2 1 1 2 2 1 1 1 2 1 0 2 1 1 1 2 1 2 2 1 0 0 1 2 1 0 0 2 0 2 2 0 0 1 2 0 0 1 1 0 2 0 0 1 1 0 1 2 2 0 1 0 1 0 2 2 0 1 2 1 1 2 1 1 1 1 0 2 2 1
1 0 1 1 1 0 1 0 0 1 0 1 1 2 1 2 1 0 1 2 1 2 1 1 1 0 2 1 2 2 1 0 2 0 0 0 1 1 2 1 0 2 1 0 0 2 0 2 0 1 1 0 1 2 1 2 0 0 2 1 0 0 1 2 0 1 1 2 1 0 1 2 0 2 2 1 2 2 1 0 1 2 0 2 0 1 0 0 2 2 1 0 2 1 0 0 0 1 0 2 2 2 2 1 1 1 2 0 2 0 1 1 1 2 1 1 0 1 1 0
0 1 0 0 0 1 1 0 0 1 0 0 1 2 2 2 1 2 1 1 0 0 0 1 0 1 2 1 0 2 1 1 1 2 2 1 1 0 2 2 0 2 0 1 2 0 2 2 0 1 0 0 1 0 2 1 2 2 1 2 2 0 1 0 1 0 2 0 1 2 2 1 2 0 2 2 0 2 1 0 0 2 2 2 0 2 1 0 2 2 0 2 0 1 0 1 2 0 1 1 2 1 2 1 2 2 1 1 2 0 1 2 0 1 2 1 0 2 1 0
1 2 0 2 2 0 1 2 0 0 1 0 2 0 0 2 0 1 0 0 0 2 0 1 1 0 0 2 2 2 0 2 2 0 1 2 2 1 2 0 1 0 1 2 1 1 1 2 0 1 0 1 1 1 2 0 1 2 1 1 2 1 1 2 0 0 2 0 1 1 0 1 2 1 0 1 0 1 0 2 0 0 0 2 1 1 0 1 0 1 0 0 0 1 2 1 1 1 1 0 0 2 2 0 1 2 1 0 1 0 0 1 0 1 0 0 2 1 2 0
2 2 1 0 0 1 2 2 0 1 0 1 1 2 2 2 1 2 0 2 2 0 1 0 2 0 0 1 1 2 2 1 2 1 2 0 0 1 0 0 0 0 2 1 1 0 1 0 2 2 1 1 0 2 1 0 0 0 1 2 0 2 1 0 1 1 0 2 2 1 2 1 0 0 2 1 0 1 2 0 1 0 1 2 1 0 2 1 0 1 0 2 1 1 2 2 0 0 1 0 0 2 2 0 0 1 2 1 1 1 1 2 0 2 2 1 0 1 0 1
0 2 1 2 1 1 2 2 1 2 0 2 2 2 2 2 0 2 0 2 2 1 1 2 1 0 1 1 2 1 0 1 1 1 0 0 0 0 2 2 2 2 1 1 1 2 0 2 1 1 2 0 0 1 0 2 0 1 2 0 1 0 1 2 0 1 2 0 2 1 0 2 1 2 1 2 2 2 0 0 1 2 2 2 1 2 2 1 2 2 2 0 2 0 0 2 0 1 0 2 2 0 2 2 0 0 1 2 1 2 1 0 1 1 2 0 0 2 2 2
1 1 0 1 0 2 0 0 0 1 0 0 0 2 2 0 1 2 1 2 1 2 2 0 0 2 1 1 2 1 2 0 0 0 2 1 2 1 1 2 2 2 0 2 1 2 1 0 2 2 2 1 2 2 2 0 2 0 1 1 1 1 2 2 2 2 1 2 0 2 2 0 2 0 0 2 0 2 2 0 1 0 1 0 2 0 0 2 1 2 1 0 1 1 1 1 1 2 0 2 0 2 2 2 0 0 1 1 2 2 2 1 2 0 1 2 1 2 0 2
2 1 2 1 0 1 2 1 1 0 0 1 0 1 1 1 1 1 2 2 0 2 0 0 2 0 0 0 2 0 0 2 2 1 0 0 2 0 2 0 1 0 2 2 1 2 1 1 0 1 0 1 1 0 1 1 0 2 2 1 0 0 0 0 1 2 0 0 0 0 2 2 1 2 1 0 1 0 1 2 2 2 0 0 0 2 2 1 0 2 0 0 0 1 1 2 1 2 2 1 0 2 1 2 0 0 2 2 1 2 2 1 1 0 2 2 1 2 2 1
2 2 2 2 1 0 1 0 0 2 2 0 2 1 0 2 2 0 2 2 0 2 0 1 0 0 1 1 0 1 0 2 0 2 0 0 0 2 0 1 2 0 2 2 2 0 2 2 1 1 1 1 1 1 0 2 2 2 0 0 0 2 0 2 1 0 2 0 1 2 2 0 0 2 2 2 0 2 2 1 1 0 0 1 0 1 0 0 1 1 0 2 0 1 1 0 2 1 1 0 0 1 1 1 0 1 1 1 1 1 0 0 2 2 1 0 1 2 0 2
1 1 2 2 0 1 2 0 2 1 1 1 2 0 2 0 1 1 2 0 0 2 0 0 2 0 0 0 2 1 0 1 0 2 1 0 1 1 1 0 1 2 2 0 2 2 1 1 0 0 2 1 1 1 1 0 1 1 1 1 0 2 1 1 1 0 2 0 2 1 2 0 1 1 1 2 0 0 1 2 1 1 0 0 2 2 1 1 1 0 0 0 2 1 1 2 2 1 0 2 2 2 2 1 1 1 1 2 2 2 2 1 0 0 2 0 0 0 1 2
2 0 0 2 2 2 2 2 0 0 1 1 2 1 0 1 1 1 2 0 0 1 2 2 2 2 2 2 2 2 0 2 0 0 2 2 0 1 1 1 2 2 2 2 2 0 1 0 1 0 1 2 0 0 2 2 2 0 0 2 0 0 0 0 1 0 2 2 1 1 0 1 1 0 1 0 1 0 1 2 1 2 2 2 0 2 1 0 2 1 1 2 2 1 2 1 1 2 0 0 0 1 2 0 2 1 1 0 2 0 0 1 0 0 0 1 2 1 2 2
1 0 2 0 1 1 2 0 2 0 2 0 2 1 0 1 0 0 2 2 1 0 1 1 1 1 0 1 0 0 1 1 0 0 0 0 0 0 1 2 1 0 2 0 2 1 0 0 1 0 0 2 1 1 1 0 2 2 1 0 2 0 0 0 1 0 0 2 1 0 2 2 0 1 1 0 0 2 1 1 2 1 1 1 2 0 2 2 0 2 1 0 2 1 0 1 2 2 0 0 2 2 1 0 2 0 2 2 2 0 2 2 2 1 2 2 2 2 0 2
1 1 2 1 2 1 0 2 0 2 2 0 2 1 0 1 1 2 2 1 0 2 1 0 0 1 2 0 0 0 0 2 1 1 1 1 2 2 0 0 1 1 0 2 2 1 1 2 2 0 0 0 0 1 0 1 0 0 2 1 1 0 1 0 1 0 2 1 0 0 1 0 1 2 2 2 1 0 1 0 2 1 1 2 1 1 1 1 2 0 0 0 2 2 2 0 0 1 2 1 2 0 1 1 0 0 0 2 1 2 0 0 0 1 0 1 2 1 1 2
0 2 1 2 2 0 0 0 2 2 1 1 1 0 0 2 1 1 2 0 0 2 1 2 0 1 1 0 1 0 0 2 0 1 2 0 1 2 0 1 0 0 0 2 1 1 1 0 0 1 1 1 0 2 0 1 2 0 2 1 0 2 1 0 1 0 1 0 2 2 2 2 0 0 2 1 2 0 2 0 2 1 2 0 2 0 1 1 0 1 0 2 1 1 2 0 1 2 1 1 1 1 2 2 1 1 0 1 0 0 1 2 2 1 0 1 0 2 0 1
1 0 0 0 2 1 1 0 0 2 0 2 1 2 1 0 0 1 2 1 2 1 1 2 0 2 0 0 1 1 2 0 2 0 0 2 1 1 0 2 2 0 1 0 0 2 0 2 2 1 0 1 2 2 1 0 1 0 2 0 1 2 0 1 2 2 0 2 1 1 1 0 2 1 0 0 0 2 0 2 0 0 2 0 0 0 1 2 1 0 0 2 2 2 2 0 1 2 2 2 1 1 0 2 2 1 0 1 1 0 0 2 1 0 0 1 2 2 2 0
0 2 1 0 1 0 1 0 2 1 0 2 0 1 1 0 0 1 1 2 2 2 2 0 1 0 0 0 2 2 0 2 2 2 0 2 2 2 2 0 0 0 2 1 2 1 2 0 0 1 0 2 1 2 0 2 2 0 0 2 0 1 2 0 0 0 2 1 0 2 1 1 0 0 2 0 1 1 0 1 0 1 1 2 1 1 1 0 0 2 0 0 1 0 1 2 1 1 0 2 1 1 1 2 2 1 2 1 1 1 2 1 2 1 0 0 1 0 2 1
0 0 2 1 1 1 1 0 2 2 0 1 1 2 1 1 0 2 2 1 1 0 0 0 1 1 2 0 1 2 1 1 0 1 0 2 2 2 2 2 2 0 2 0 2 1 1 0 1 2 1 2 2 2 1 1 2 1 2 1 1 0 1 1 2 1 1 2 1 0 0 0 1 2 1 0 1 0 1 0 2 1 0 1 0 1 1 0 0 0 2 1 1 0 0 1 2 2 0 1 0 0 1 2 0 2 0 2 0 2 0 0 1 0 2 1 0 0 0 1
1 2 1 2 2 1 0 1 2 2 2 0 2 2 2 1 2 0 1 0 0 1 1 1 2 1 1 0 2 1 2 0 1 0 0 0 2 2 2 1 1 0 1 1 0 1 0 2 2 1 0 0 0 1 0 0 0 1 1 2 0 0 0 1 1 0 2 2 2 1 0 1 2 0 1 2 1 1 2 1 1 0 0 1 1 0 1 2 1 1 1 1 1 1 2 1 2 1 0 0 0 1 1 1 1 0 0 1 0 0 2 1 0 2 2 2 2 2 1 1
0 0 0 2 1 0 0 2 2 1 2 0 0 1 2 1 2 2 2 2 0 0 0 1 0 2 2 1 2 0 2 2 1 1 0 0 1 0 2 1 0 2 2 0 1 1 2 1 1 0 0 2 0 1 1 0 1 0 1 1 1 2 1 0 0 1 1 2 0 1 0 0 1 0 0 0 1 0 1 0 0 2 2 1 0 1 2 2 2 1 0 1 1 2 1 2 1 0 2 1 0 2 1 1 1 2 2 2 0 0 0 0 0 1 2 0 0 2 2 0
1 1 2 1 1 0 0 2 2 2 1 2 0 0 1 1 0 0 0 1 1 2 2 1 0 2 2 1 1 2 1 1 0 0 2 2 2 2 2 1 2 1 0 0 2 1 1 2 2 2 0 0 1 0 1 2 2 0 1 2 0 0 1 1 1 0 0 1 0 0 2 0 2 0 0 2 2 1 2 1 1 0 1 2 1 0 0 1 1 2 1 1 2 2 0 1 2 2 2 1 0 2 1 0 0 2 0 2 0 2 0 2 0 2 0 1 0 0 1 2
2 2 1 1 2 2 1 2 1 0 0 0 1 2 0 1 2 1 1 2 0 2 2 2 0 0 0 0 0 2 0 0 2 2 2 2 2 0 2 2 2 1 2 0 0 0 1 2 1 0 2 2 0 2 1 1 2 0 1 0 2 2 0 2 2 0 2 2 0 2 1 2 0 0 0 1 1 0 1 2 0 1 2 1 1 1 2 1 1 2 2 1 1 0 1 2 0 1 1 2 1 0 2 2 1 1 0 2 1 2 2 1 1 1 0 0 2 0 1 1
2 1 0 2 2 2 1 0 1 0 0 0 0 1 2 1 2 1 1 0 0 0 1 1 1 2 1 2 1 1 1 0 2 2 0 1 1 1 0 0 1 0 1 2 1 0 0 0 1 1 0 2 2 0 1 2 0 1 2 1 2 0 0 1 0 1 1 2 0 1 0 2 1 1 0 1 2 1 1 1 1 0 0 0 1 0 2 1 1 2 1 0 0 1 2 1 2 0 0 0 2 1 1 1 2 1 0 2 0 1 1 1 2 2 2 0 2 2 2 1
2 1 2 0 2 2 2 2 2 2 1 2 1 0 1 2 2 2 2 2 0 0 1 1 0 0 1 0 0 1 2 0 2 1 1 2 1 0 0 2 1 1 2 0 1 0 2 0 0 0 2 0 0 1 2 1 2 2 0 0 1 2 1 1 1 0 1 0 0 1 0 2 0 2 0 2 0 2 2 0 0 0 1 1 2 1 0 2 0 0 0 1 0 1 0 2 1 2 0 0 1 0 2 0 2 2 2 0 0 0 0 0 1 1 1 0 2 0 2 0
0 2 2 1 1 0 1 0 0 2 0 2 2 0 2 2 0 2 2 0 2 2 1 0 1 0 1 1 0 1 1 2 2 1 0 1 2 2 1 2 1 2 2 1 0 2 0 0 2 0 1 2 0 0 0 1 1 2 0 2 0 0 1 0 2 2 1 2 1 0 2 2 0 2 0 1 0 1 1 2 2 0 2 0 1 2 2 0 2 1 0 1 1 2 1 0 1 0 0 0 1 0 0 1 0 1 2 0 2 1 0 2 0 0 0 1 0 2 2 0
0 2 2 2 1 0 1 0 0 2 0 2 2 0 0 0 1 0 1 1 0 2 1 0 0 1 2 1 1 2 2 2 1 1 2 1 2 0 1 1 2 2 0 2 0 2 0 2 2 2 1 2 2 0 0 2 2 0 1 0 2 1 1 1 0 1 2 0 2 1 1 2 1 1 2 1 0 2 1 1 2 1 1 1 1 2 1 0 0 1 2 0 0 1 1 1 2 1 1 1 0 0 0 2 1 0 0 0 2 0 2 1 1 0 0 0 0 0 0 0
2 0 0 2 2 0 0 1 2 2 0 2 2 1 1 2 1 2 0 1 0 2 0 1 0 1 1 1 1 0 1 1 1 0 0 1 0 2 0 2 1 1 2 2 2 1 2 2 1 2 0 2 2 0 0 2 2 0 0 1 0 0 2 2 1 0 0 2 0 1 1 1 0 1 1 2 0 0 2 1 0 2 0 2 1 1 2 1 2 0 0 2 0 2 1 2 0 0 1 0 2 0 0 2 1 2 2 1 1 2 1 1 1 1 2 0 0 2 2 2
2 0 2 1 2 2 0 1 2 0 2 1 0 2 1 2 0 0 1 1 2 2 2 2 2 2 2 2 1 2 2 2 2 2 1 0 1 2 1 0 2 1 2 0 2 0 0 2 1 2 0 0 0 0 2 2 0 0 2 2 2 2 2 0 2 1 0 0 1 2 2 1 0 2 2 2 1 0 1 0 0 2 1 0 0 2 0 1 2 2 1 2 0 2 2 2 0 2 0 2 1 0 2 2 0 1 2 2 2 2 2 0 1 0 1 2 2 1 1 1
1 0 2 1 0 1 1 1 2 0 1 0 0 1 0 1 2 0 0 2 2 2 2 1 0 0 1 0 2 2 0 1 0 2 0 1 1 0 0 0 0 1 1 0 0 2 0 2 0 0 0 0 1 2 2 2 1 1 2 0 1 2 2 2 2 1 0 1 1 1 1 1 0 0 2 0 0 2 0 1 1 1 2 0 0 2 2 2 0 2 0 1 2 0 1 2 1 0 0 2 1 2 1 2 2 1 2 0 1 0 0 0 1 2 0 0 2 2 2 2
2 0 1 2 2 1 1 0 1 2 1 0 2 2 0 2 1 0 1 1 1 1 1 1 0 2 1 0 2 1 2 1 0 1 1 2 2 0 0 1 0 2 0 2 0 0 2 1 1 0 2 0 1 1 2 1 1 1 2 0 0 1 0 0 1 1 0 1 2 2 1 2 1 1 2 1 1 2 1 0 2 1 1 1 0 1 0 1 2 0 0 0 2 0 1 1 2 2 0 2 2 2 2 2 0 2 1 2 2 0 0 2 2 2 1 2 0 2 1 0
0 1 1 0 2 0 0 1 0 1 1 0 0 1 0 0 1 2 0 1 0 1 0 2 0 2 1 2 2 0 0 0 1 1 0 1 2 0 0 0 1 1 1 2 0 1 0 1 0 1 2 0 0 1 0 0 0 2 0 2 2 1 0 2 0 0 0 0 2 1 0 1 1 1 2 1 0 2 1 1 0 0 0 0 1 0 2 2 0 0 2 1 1 2 0 0 1 1 0 1 1 0 2 2 2 1 1 0 2 2 2 2 1 2 1 2 1 1 0 1
1 2 2 1 2 0 2 1 0 2 2 1 0 2 0 0 2 2 0 1 2 2 1 0 0 2 0 1 1 0 0 1 1 1 0 1 1 2 2 1 1 1 2 1 0 0 2 2 0 2 1 0 2 0 0 0 0 1 2 2 2 0 1 1 2 1 2 0 0 1 0 1 2 0 0 0 1 2 1 2 2 2 2 2 0 0 0 1 1 0 1 1 0 2 2 0 0 2 1 0 0 2 2 0 2 0 2 1 2 0 1 2 2 1 1 0 1 2 2 1
0 0 0 1 2 1 2 0 0 1 0 2 0 0 2 0 0 1 2 0 2 0 2 0 2 0 1 1 1 0 0 1 1 2 2 0 0 2 1 1 0 1 0 0 2 1 2 2 0 1 2 0 2 1 1 2 2 2 2 0 0 2 1 1 1 2 2 2 1 0 1 2 2 2 0 1 1 2 1 2 1 1 0 1 0 1 1 2 1 0 1 1 1 0 0 0 2 2 0 2 0 2 2 2 2 0 1 1 1 0 1 2 1 1 1 1 0 1 1 2
1 2 1 0 0 1 1 0 1 2 0 1 1 2 1 0 1 0 2 2 0 0 2 1 2 2 0 0 0 1 2 1 1 0 0 2 2 1 0 0 0 2 1 2 1 0 2 0 0 0 2 0 0 0 2 1 2 2 1 2 2 2 1 0 0 1 0 0 2 1 0 0 0 0 2 0 0 2 0 1 2 1 2 0 1 2 1 0 2 1 0 1 0 1 2 0 0 0 1 0 2 0 1 0 0 0 0 1 0 2 0 0 0 0 1 2 0 0 2 0
1 2 2 2 1 2 1 1 0 2 0 0 0 1 0 0 1 2 0 2 1 0 0 2 1 2 1 1 0 1 2 2 0 2 0 2 2 1 1 0 1 1 0 2 0 2 0 2 2 0 1 0 1 0 2 2 2 1 2 2 2 2 0 2 2 0 2 1 1 0 2 0 2 0 2 0 0 0 0 2 0 2 2 2 2 2 0 2 0 0 2 2 2 0 2 1 0 2 0 2 0 0 0 1 1 0 1 1 0 1 2 2 2 2 1 1 2 1 1 0
2 1 0 1 1 0 0 0 0 1 0 1 1 1 0 0 2 2 0 0 2 2 2 1 1 1 2 1 0 1 2 0 0 0 2 1 0 0 2 1 2 1 0 1 2 1 2 1 0 0 0 2 2 2 0 1 0 0 0 2 2 2 0 2 2 2 1 0 0 1 2 0 2 0 2 2 1 2 2 2 2 2 2 2 1 0 0 0 1 0 0 0 0 0 2 2 0 0 1 2 2 0 2 2 1 2 2 0 1 1 2 1 0 2 0 1 0 1 1 1
1 1 1 2 2 1 2 1 2 0 0 2 2 2 1 1 2 0 1 1 1 1 0 2 1 0 1 1 1 0 0 1 0 2 1 2 0 1 1 2 0 1 2 2 2 1 0 2 2 1 0 2 0 1 1 2 2 2 1 1 1 1 0 1 1 2 1 1 1 0 2 1 1 1 1 1 0 2 0 0 1 2 0 0 0 1 2 0 1 2 2 0 1 0 1 0 0 0 2 2 0 2 1 0 1 2 2 2 2 0 0 0 2 0 0 2 2 1 0 1
1 0 1 2 1 0 0 2 0 0 1 2 2 2 0 1 2 2 1 2 0 2 0 2 0 1 0 0 0 1 1 1 2 0 2 0 0 2 0 1 0 1 1 0 2 1 2 2 2 0 2 2 1 0 0 1 2 0 2 1 2 1 0 1 1 2 1 2 0 1 1 0 1 0 1 1 2 1 1 1 2 0 2 0 1 2 2 2 0 1 0 2 2 1 0 1 1 2 0 2 1 0 0 0 0 2 2 2 0 0 2 2 1 1 1 0 1 0 2 1
0 0 0 2 2 1 2 1 0 0 0 2 0 0 2 0 0 2 1 0 0 1 1 1 2 0 2 0 1 0 2 1 0 0 2 0 1 1 1 2 1 2 2 0 1 2 1 1 2 0 0 2 1 2 1 0 2 0 1 0 1 0 2 2 1 2 2 2 0 2 2 2 1 2 0 2 1 2 1 1 2 2 0 1 1 2 2 0 1 2 0 2 0 0 1 2 2 2 2 0 1 1 1 0 1 1 0 0 1 2 1 1 1 0 0 2 2 0 0 0
0 1 1 1 0 0 1 2 2 0 1 1 0 2 0 1 1 1 2 0 0 1 2 2 2 0 2 2 0 2 1 2 1 2 0 1 2 1 2 2 2 0 1 2 0 1 2 1 0 1 2 0 0 1 0 2 1 2 2 0 2 0 2 2 2 0 0 2 2 2 2 1 0 1 2 1 0 1 0 1 2 0 2 0 2 1 0 1 1 0 2 1 1 1 1 1 2 1 1 1 2 0 1 0 1 1 2 0 2 0 2 2 0 1 0 0 0 2 2 2
2 1 0 1 1 2 2 0 0 0 0 0 2 2 1 1 0 1 1 2 1 1 2 2 0 0 0 0 2 0 2 2 2 0 0 1 0 1 2 1 2 0 2 1 2 1 0 2 2 2 2 1 1 1 2 2 2 2 0 2 0 1 2 2 2 0 1 0 1 1 2 2 2 1 0 1 0 1 0 0 1 0 2 0 2 1 2 2 1 2 1 2 1 1 2 1 2 1 1 1 0 0 0 2 1 2 0 2 1 1 0 0 1 0 0 2 2 0 1 1
1 0 0 2 2 2 0 2 1 1 0 1 2 2 2 2 2 2 1 1 2 2 2 1 0 0 0 2 1 1 1 0 0 1 2 2 2 0 2 1 2 0 2 2 0 2 2 2 2 1 2 2 1 2 0 2 2 1 0 1 0 1 1 0 1 2 0 0 2 0 1 2 1 1 2 1 1 1 2 1 0 1 0 2 0 0 1 0 2 2 0 1 1 2 2 2 1 0 0 1 0 1 1 2 2 0 1 1 0 0 2 1 2 2 0 0 1 2 1 0
0 1 2 1 1 2 1 0 2 1 2 0 0 1 0 0 2 2 2 2 0 1 0 2 2 1 0 0 2 1 1 2 0 1 0 2 0 2 2 0 1 1 1 2 2 2 2 0 1 1 2 2 1 1 2 1 2 2 1 1 1 0 0 2 2 1 2 2 1 1 0 0 1 2 2 1 2 2 1 1 1 2 1 0 0 1 1 0 0 0 0 2 2 0 2 1 0 1 2 2 1 2 0 0 2 0 2 2 0 2 1 0 1 2 1 1 1 0 2 2
1 2 2 0 1 0 0 2 2 2 1 0 2 2 1 0 1 1 0 1 0 2 2 2 1 1 1 1 1 0 1 0 0 0 2 2 1 2 1 1 2 0 2 2 1 1 2 2 0 2 1 1 1 1 0 1 2 1 2 1 2 0 2 0 1 1 2 0 1 1 1 1 2 1 1 0 0 0 0 0 1 1 2 0 0 2 2 2 1 1 1 2 2 1 2 2 0 2 0 2 0 1 0 0 0 1 1 1 0 1 1 2 0 1 2 0 1 2 1 1
1 0 0 2 1 2 1 0 2 1 2 1 0 0 1 0 0 0 2 1 1 1 0 2 0 0 1 2 2 0 0 2 0 0 1 0 1 0 0 0 1 0 1 2 1 1 0 1 1 0 0 0 2 0 1 2 2 0 2 1 0 0 1 1 1 2 1 2 2 2 0 1 2 2 0 1 0 1 0 2 1 1 1 0 2 0 0 1 0 2 1 1 0 2 0 0 0 0 2 0 2 0 2 0 0 0 2 1 1 2 1 0 1 0 1 2 0 2 1 1
0 0 0 0 1 0 0 1 0 1 2 0 1 2 1 2 0 0 1 2 2 0 1 2 0 2 2 1 2 0 2 2 2 2 0 0 0 2 2 1 0 1 2 2 1 0 2 2 0 0 1 0 1 2 0 2 0 2 0 2 1 0 2 0 0 2 1 0 2 0 1 2 2 1 2 1 1 2 0 2 2 0 0 1 2 0 0 2 1 1 2 2 1 1 0 2 2 1 2 1 2 2 2 1 0 2 1 0 1 1 2 1 1 2 2 2 1 0 2 0
1 2 0 0 1 0 2 1 2 1 1 1 1 1 0 0 0 1 0 2 1 2 0 0 0 0 0 2 1 0 2 2 0 2 0 1 0 2 1 2 1 0 1 1 1 1 1 2 1 1 1 0 1 2 0 2 0 1 1 1 2 0 1 2 0 2 1 0 1 2 2 0 2 0 1 1 0 0 0 2 1 2 2 1 1 0 0 2 2 0 0 1 1 2 0 2 1 2 2 0 2 0 1 0 1 0 2 2 1 0 1 0 2 1 1 2 2 0 1 2
0 0 1 1 0 2 1 0 1 2 0 2 0 2 0 1 0 2 2 2 0 0 2 1 0 2 0 0 2 2 2 0 0 1 2 1 1 1 1 0 1 1 2 1 2 0 2 2 0 2 1 0 1 1 1 1 0 2 2 0 2 1 0 2 1 0 1 2 2 0 2 0 0 0 1 2 0 1 2 0 1 0 2 2 1 0 1 0 1 0 0 0 2 1 0 0 2 0 2 2 0 0 0 0 1 2 0 1 1 2 0 2 2 0 2 2 1 1 2 2
1 0 0 2 2 1 2 1 2 0 1 2 1 2 1 2 1 1 0 0 1 1 0 1 1 1 1 0 2 1 2 1 2 0 0 1 2 0 1 2 0 2 2 1 0 0 1 1 0 2 1 2 1 0 0 0 1 0 1 0 1 0 2 0 1 0 0 1 1 1 0 2 1 0 2 1 1 0 0 1 0 2 1 2 0 0 0 1 0 1 2 1 2 2 0 2 0 0 0 2 2 2 2 0 0 1 0 2 0 1 2 0 1 0 0 2 0 0 0 0
2 0 0 2 0 1 1 1 2 2 0 1 2 2 2 2 2 0 2 2 1 1 0 0 1 1 2 0 2 0 1 2 1 2 2 2 0 0 0 0 2 1 2 2 0 0 2 0 0 2 2 2 0 1 0 0 0 2 0 2 0 2 2 1 2 1 1 0 2 1 1 0 2 0 0 1 0 2 1 2 2 2 1 0 0 1 1 0 1 2 0 1 2 1 1 1 0 2 1 0 2 0 0 2 1 0 1 2 0 1 1 0 0 0 1 1 2 2 2 0
0 0 0 2 1 2 0 0 2 2 0 1 0 1 2 2 2 0 2 2 1 2 1 2 2 0 1 2 0 0 0 0 2 1 2 0 0 0 1 0 0 1 2 0 0 1 0 2 0 2 0 2 1 2 2 1 2 0 1 2 2 2 0 1 1 2 2 2 0 1 0 0 0 0 1 1 2 2 1 2 1 2 2 1 1 2 0 0 0 1 0 2 1 0 1 2 0 1 2 1 0 2 2 1 0 0 2 0 2 2 2 2 1 2 0 1 1 0 1 2
2 2 2 0 2 1 1 1 0 0 2 1 0 2 2 2 0 2 2 1 2 2 0 1 0 1 2 2 2 1 1 1 0 2 2 1 1 0 2 1 1 2 2 0 1 1 2 0 1 2 1 1 1 2 0 2 1 2 2 0 0 1 2 2 0 1 0 1 2 0 0 0 0 0 1 0 0 0 0 2 2 2 1 2 1 1 1 0 1 0 0 2 2 0 2 0 2 0 0 1 1 1 0 1 2 1 1 0 0 1 2 2 1 1 2 0 2 1 0 1
2 1 1 1 1 1 0 1 1 0 0 2 1 1 0 1 1 2 1 1 1 2 1 0 0 1 0 1 2 2 2 1 0 1 1 0 2 2 1 0 2 2 0 1 1 0 1 2 0 2 1 0 1 2 1 0 0 2 1 0 1 1 0 2 0 1 2 2 1 1 0 0 1 0 2 2 1 0 2 2 1 1 2 0 1 1 0 2 0 2 0 2 0 0 2 0 2 2 0 0 1 0 1 2 1 1 0 0 0 0 0 1 2 0 2 1 1 0 0 2
2 1 1 1 2 1 1 1 0 2 2 1 0 0 2 0 0 2 1 0 2 2 1 2 2 0 0 1 1 2 0 2 0 0 1 0 1 2 2 2 2 2 1 1 0 0 2 0 0 0 0 1 2 2 0 2 1 1 0 0 0 1 2 1 1 0 2 0 1 2 0 1 2 2 0 0 1 2 2 1 2 0 0 2 0 1 1 2 0 2 2 0 1 0 2 2 1 2 0 2 2 1 2 2 1 2 2 0 2 2 1 2 0 2 2 1 1 0 0 1
