3 121 19
798593339 689172864 129088261 331281655 78258503 765069659 848680617 1121950273 624072678 1117921445 596594013 112398644 616358693 748979792 931066866 1060898161 482329756 583578594 555431842 596887542 1097159565 660971291 269437317 300837016 398548386 926916424 696423950 216894381 119814963 448347217 897652281 247297226 1154111837 614709697 413829488 222670539 1097586601 449889544 536929840 264000920 161792869 80735865 1129994152 66135999 843256521 1033259857 52696084 466404353 62096065 862521846 198020870 734574887 788980868 3758651 1104205587 83660415 690983144 1159964567 101207628 623547216 371546006 1029654815 707939482 839333173 550654781 510286909 845923048 886869301 183450323 3230317 1143321317 280659267 477693091 19158187 1107042097 1117261718 1001022945 459164085 972901135 2291836 554205019 308435349 784700358 585536105 241797758 411022881 401563489 185838116 838321507 1111346811 329351917 214969438 179166392 452768568 965477352 889042385 32223494 1035724581 73376113 179132833 283927349 653843849 438211119 1072709237 878162067 583491056 966508154 395914932 904512384 360957965 963479459 964638447 891097013 1045365839 782106069 238602919 410689459 446250348 867851932 1120614263 259488324
1 2 2 2 2 0 0 2 0 1 0 0 0 2 2 1 0 2 0 2 2 1 0 2 1 2 1 0 1 0 1 1 0 0 1 2 1 1 2 1 0 0 2 0 0 2 0 1 2 1 2 1 2 2 1 1 2 0 1 1 1 2 2 1 0 1 1 1 2 2 0 0 2 0 2 0 0 2 2 0 1 2 2 2 1 1 0 1 2 2 0 0 2 2 2 0 1 1 2 2 0 1 2 1 1 1 1 2 1 0 0 0 2 2 0 2 1 0 0 1 2
0 2 0 1 2 1 0 0 0 2 2 1 2 0 1 1 1 0 0 0 1 1 0 1 1 2 0 2 1 1 0 2 0 0 1 2 1 2 1 2 1 0 2 1 0 0 1 1 1 2 2 0 0 0 2 2 0 0 2 1 2 2 1 2 2 2 0 1 2 1 2 1 1 1 0 2 2 1 1 0 0 1 2 1 2 2 1 2 2 1 1 1 0 0 2 1 0 2 0 0 1 2 2 0 1 0 2 0 2 0 2 2 2 1 2 1 0 0 1 2 2
0 2 1 1 2 0 2 1 0 0 0 1 2 0 0 0 2 1 0 0 1 0 1 2 2 2 0 1 1 0 1 1 2 2 0 1 2 0 0 1 0 0 0 1 1 0 2 1 2 2 2 0 0 0 0 0 0 0 2 2 1 0 1 1 1 2 1 0 0 1 2 1 0 0 0 2 1 2 1 1 2 1 2 0 2 2 1 2 0 1 1 2 1 1 1 2 1 2 1 1 2 1 2 0 2 0 2 0 0 0 1 1 2 1 2 1 1 0 1 2 2
0 2 1 1 0 2 2 1 0 1 0 2 2 0 1 2 0 2 0 2 2 1 1 0 0 0 2 1 2 2 0 2 2 2 2 0 2 2 1 0 1 2 2 0 0 1 0 0 1 0 0 0 0 2 2 0 0 1 0 2 2 0 2 1 0 2 2 2 0 1 0 1 0 0 2 0 1 0 2 0 1 2 1 1 2 0 0 0 2 0 2 2 1 0 1 0 0 1 0 0 0 1 2 0 1 1 2 0 1 2 0 0 1 1 2 2 2 2 2 0 2
0 2 2 1 0 2 1 2 2 2 0 0 2 1 1 1 0 2 0 2 0 1 2 2 2 1 2 1 1 2 2 1 1 1 2 0 1 1 0 0 1 0 2 1 1 0 0 0 0 1 0 1 0 2 0 2 1 2 2 0 2 2 1 1 0 2 2 1 1 2 2 2 0 1 0 2 0 1 2 1 0 0 2 1 0 2 2 0 0 1 0 2 0 2 1 1 1 1 0 2 1 2 2 1 2 1 2 2 0 2 0 1 2 0 2 1 0 2 1 0 0
1 1 1 1 0 0 0 0 0 0 1 1 0 1 1 2 0 0 2 2 1 1 0 2 1 2 2 1 0 1 2 2 0 1 0 1 1 1 1 0 2 1 2 0 2 0 0 0 1 0 0 0 1 1 2 2 0 2 0 1 1 0 0 1 2 2 1 1 0 2 2 0 1 1 1 1 2 2 2 0 2 0 1 0 2 1 1 1 1 2 2 2 2 0 2 2 0 0 1 1 0 1 2 0 0 1 1 0 1 1 2 1 2 0 0 1 2 1 2 1 0
0 1 1 0 1 0 0 1 2 1 0 1 1 0 2 1 2 2 0 0 1 2 2 2 2 2 2 0 2 1 2 2 2 1 0 1 1 1 0 2 1 1 1 0 2 0 1 2 2 2 2 2 2 0 2 2 0 2 1 0 0 0 0 0 1 1 1 0 0 0 0 1 2 1 1 2 1 1 1 2 1 1 2 1 2 1 1 2 0 2 0 1 0 1 1 2 2 1 2 2 1 1 1 0 2 1 2 2 0 1 2 1 0 1 0 0 0 2 0 0 1
1 2 2 2 0 1 1 1 1 2 0 2 0 1 0 1 1 2 1 1 1 1 2 0 2 2 0 1 2 1 0 0 0 2 0 0 0 2 0 2 1 0 2 2 2 2 2 2 2 1 0 1 2 2 1 2 2 1 0 0 0 1 1 0 0 2 1 1 2 2 1 1 0 0 0 0 0 2 2 2 2 0 1 1 0 2 1 0 1 2 0 1 1 1 2 2 1 1 1 0 1 2 1 2 0 2 0 1 2 0 1 1 1 2 1 2 2 2 0 0 2
1 2 0 0 1 0 2 0 2 2 1 1 1 1 2 1 2 1 0 0 2 0 2 1 1 2 0 1 2 1 0 1 0 2 2 2 0 1 2 2 1 2 1 2 1 0 0 0 2 2 1 1 2 1 0 0 1 1 2 2 2 2 0 0 2 0 2 2 2 2 1 1 2 2 1 1 0 2 2 2 2 1 1 2 0 1 2 2 0 2 1 2 2 2 0 2 2 0 1 0 0 0 1 2 0 2 0 2 2 1 2 1 0 1 0 1 0 0 0 1 2
2 0 2 2 2 2 2 2 0 2 2 1 0 0 2 0 1 2 0 2 1 2 2 2 0 0 0 1 1 1 1 1 2 1 0 1 0 2 1 1 2 1 0 0 1 0 1 0 2 2 0 1 1 0 1 2 0 1 0 2 0 0 0 1 1 0 2 0 1 1 2 1 1 2 1 0 0 0 1 0 2 2 1 1 2 0 0 0 2 2 1 0 0 1 1 1 0 1 2 2 1 1 0 0 2 1 0 2 2 2 0 2 2 2 1 1 0 0 2 2 2
1 0 2 0 2 1 1 2 1 0 0 0 1 0 2 2 0 2 0 0 0 2 2 0 2 1 0 2 2 0 2 0 1 1 1 1 0 0 0 2 0 0 1 1 1 0 2 0 1 0 0 1 0 1 2 2 0 2 1 2 0 0 1 1 2 2 0 1 0 0 0 1 2 2 1 0 0 1 1 2 1 0 1 2 1 0 2 2 0 1 0 0 2 1 2 2 1 0 0 2 1 2 2 1 1 0 0 2 2 1 1 1 1 2 0 0 0 2 0 0 1
0 1 1 2 1 1 0 1 2 0 0 2 2 2 1 0 2 1 0 1 0 1 0 1 2 1 1 2 1 2 1 2 1 0 1 2 1 2 1 1 0 1 0 0 1 2 1 1 1 1 0 1 0 1 2 2 2 1 2 1 1 1 1 2 1 0 2 1 0 0 2 0 2 1 1 1 1 2 0 2 1 0 0 2 1 1 1 2 0 2 1 2 1 2 1 1 2 0 2 0 1 2 1 0 0 2 2 1 2 0 0 1 0 2 0 0 1 0 2 1 0
0 0 1 2 2 2 0 0 1 0 1 2 2 1 2 2 1 2 0 1 0 1 2 0 0 2 1 0 2 2 1 0 0 2 1 2 2 1 2 1 2 0 0 2 0 0 0 1 0 0 0 0 1 2 1 2 0 0 2 0 0 0 1 1 1 2 1 0 1 1 1 1 0 0 2 0 0 2 2 1 2 2 2 1 1 0 1 2 2 1 0 2 0 2 1 1 2 0 1 0 2 0 2 0 0 1 0 1 0 2 2 0 2 2 2 1 0 0 1 2 2
2 2 2 1 2 0 0 2 2 1 1 0 1 1 1 1 2 0 1 2 0 0 1 0 0 0 2 1 1 2 0 1 0 0 2 2 0 0 1 0 2 1 1 0 0 2 1 0 0 1 2 2 1 2 2 2 2 2 0 1 2 0 2 0 0 1 2 1 2 0 2 1 2 0 2 0 2 1 1 1 0 0 0 2 0 0 1 2 1 1 0 0 1 2 1 0 1 0 2 0 0 1 2 1 1 2 1 1 0 2 0 1 0 0 0 1 2 1 0 0 2
2 1 1 1 2 1 1 2 0 2 0 2 2 1 1 1 2 1 2 2 1 0 0 0 0 2 2 2 0 2 1 2 1 0 2 0 0 0 0 1 2 0 1 1 0 0 0 0 1 2 0 1 2 1 1 0 0 1 2 1 1 1 1 2 0 1 2 0 1 2 2 1 0 1 1 0 2 2 2 1 2 2 2 2 1 0 1 2 1 0 0 0 2 2 2 0 0 2 0 2 2 0 1 0 2 0 1 1 2 0 2 2 0 0 2 2 0 1 1 0 1
0 0 1 2 1 1 0 0 2 2 0 0 1 1 2 2 2 1 2 1 1 2 2 1 2 2 0 0 0 1 2 0 2 1 1 0 1 1 2 0 1 2 1 1 0 0 0 0 2 0 1 1 0 1 0 0 0 0 1 1 1 1 0 2 2 1 2 0 0 1 2 1 1 0 0 1 2 1 0 1 2 1 0 0 0 1 1 0 2 2 0 2 0 0 1 0 2 0 2 2 0 1 1 1 1 0 1 0 1 1 0 1 0 1 2 1 2 0 1 0 0
2 2 1 2 0 1 2 1 0 2 1 1 1 1 1 1 2 2 0 1 0 2 1 2 2 2 2 0 2 2 0 1 1 1 2 2 1 2 1 2 2 2 2 1 1 0 0 1 0 1 2 1 0 2 1 0 2 0 0 1 1 2 1 2 1 1 0 2 1 1 0 0 1 2 1 0 0 1 2 1 0 2 2 1 2 0 2 1 1 0 1 0 2 0 2 1 2 2 1 0 1 2 1 0 1 0 1 2 0 0 1 0 0 1 2 2 2 2 2 1 0
1 1 0 1 1 2 1 2 2 1 1 1 0 1 1 1 0 0 2 2 2 0 2 1 0 0 1 2 0 2 0 1 1 1 0 0 0 1 2 2 2 1 2 1 0 0 2 2 0 2 1 1 2 1 2 2 2 0 0 2 0 1 1 2 0 1 2 1 0 0 1 0 2 0 2 0 1 2 2 0 1 1 1 0 1 0 1 0 1 2 1 2 0 0 1 1 2 0 0 2 1 2 0 0 1 2 2 2 1 1 2 0 1 0 1 0 1 0 1 0 0
2 2 1 0 0 0 0 2 0 0 1 1 2 2 0 1 1 2 1 0 0 2 2 1 1 2 0 1 1 0 2 1 1 1 2 2 1 0 1 0 1 1 1 0 0 1 2 2 1 1 0 1 1 1 0 2 1 1 2 2 2 1 2 0 2 1 0 2 0 2 2 1 0 1 2 1 0 2 1 1 2 0 1 1 2 2 1 0 0 0 1 0 0 0 1 0 2 2 2 2 2 2 1 1 0 1 0 0 1 2 0 0 0 1 1 2 0 2 0 1 1
1 1 2 2 0 2 2 2 0 2 0 2 1 1 0 2 1 1 1 1 1 2 1 0 0 1 0 1 2 2 0 0 1 2 0 1 1 0 1 1 0 2 2 1 0 0 2 1 1 1 0 1 1 2 1 2 1 0 1 1 2 1 1 1 0 2 0 0 0 2 2 1 1 1 0 1 2 0 0 1 2 0 0 0 1 2 0 2 2 2 0 0 0 2 1 2 0 2 2 0 1 1 2 2 1 0 1 0 0 2 2 0 0 0 0 1 0 2 1 0 1
2 0 2 0 0 1 0 2 1 1 2 1 2 1 2 2 1 0 0 1 1 1 1 1 2 1 1 1 2 2 0 0 0 0 0 1 2 0 1 1 2 1 0 1 0 2 1 1 0 2 2 1 1 2 0 0 0 1 0 2 1 0 2 2 1 0 1 2 1 2 1 1 0 1 0 1 1 2 0 1 2 0 0 0 0 1 1 0 0 2 0 2 0 1 2 2 1 0 2 0 1 0 2 2 1 2 1 2 2 2 2 2 0 0 0 0 1 2 0 1 1
1 1 2 2 0 0 2 2 2 2 0 0 2 0 2 1 2 2 2 1 2 2 2 2 0 2 0 0 0 2 2 1 1 0 2 2 0 1 1 0 1 2 1 0 0 1 2 0 1 1 1 1 1 1 0 2 1 0 2 1 2 1 0 1 2 0 2 2 1 0 1 2 1 0 0 2 2 0 2 1 2 1 2 0 2 2 0 0 2 2 2 0 2 0 2 1 1 1 2 0 0 1 1 2 1 1 1 1 1 0 2 1 2 2 2 2 1 1 2 2 0
2 0 0 2 0 0 1 2 0 2 0 1 1 2 2 0 0 0 2 1 1 1 0 0 1 0 2 2 2 2 1 2 2 2 2 0 2 1 0 2 1 0 1 2 2 1 2 2 2 2 1 1 1 2 1 1 2 2 1 2 1 2 1 1 0 0 2 0 2 2 1 0 2 2 0 2 1 1 1 2 1 0 0 1 2 0 2 2 2 0 1 0 1 0 2 2 0 2 2 1 1 0 1 1 0 0 0 2 2 2 1 0 2 2 1 2 2 1 1 2 0
0 0 2 0 0 1 2 0 0 0 0 1 2 1 2 0 0 2 2 2 1 0 0 0 2 0 0 2 0 2 2 0 2 1 2 0 2 2 1 0 0 1 2 2 0 2 0 0 2 2 1 0 0 2 1 1 0 2 0 0 1 2 2 1 1 2 0 1 1 2 1 1 0 1 1 1 1 2 0 0 2 1 1 0 1 2 1 1 1 1 0 0 0 0 0 2 2 0 0 1 2 2 0 0 1 1 1 2 1 1 1 1 0 2 2 2 0 1 1 1 0
2 0 2 2 1 1 2 1 2 1 1 1 1 2 0 0 0 2 2 0 1 1 1 1 1 1 1 0 0 0 0 2 1 2 2 2 1 2 1 0 0 2 2 1 1 2 1 0 2 1 1 2 2 2 0 1 0 2 1 1 2 2 0 1 1 0 0 0 2 2 1 2 2 0 0 2 0 0 0 1 2 2 0 2 1 1 1 0 0 0 1 2 2 0 1 2 0 0 2 0 0 1 0 0 2 2 2 0 2 0 2 2 2 2 1 2 0 0 2 1 1
1 0 1 1 0 1 0 0 1 1 0 0 1 0 0 1 1 1 0 2 0 0 2 0 0 1 1 1 1 2 0 2 0 2 2 1 0 2 1 2 1 2 0 2 0 1 1 2 2 2 2 0 1 1 1 1 0 0 2 1 2 1 1 0 0 0 1 1 0 0 2 1 2 2 2 1 1 1 0 1 1 2 2 2 1 0 1 1 0 2 0 1 0 2 1 0 2 0 2 0 1 1 2 1 2 1 0 0 2 0 2 1 1 1 0 0 0 0 0 1 2
0 2 2 0 1 2 0 2 2 1 0 2 0 2 1 0 2 1 2 1 2 1 0 0 0 0 0 0 1 0 2 2 2 1 2 1 1 0 1 0 2 0 2 1 2 1 1 0 1 1 2 0 1 0 1 1 0 0 1 0 0 1 2 2 2 2 2 1 1 0 2 0 0 0 1 1 1 0 1 2 0 1 0 1 1 2 2 2 2 1 2 2 2 2 2 2 2 1 1 1 0 0 1 0 0 1 1 0 2 0 0 2 1 1 0 0 1 0 0 1 2
0 1 2 0 0 2 0 0 0 1 0 1 0 1 2 1 0 2 2 1 1 2 0 2 0 1 1 1 1 2 1 2 0 1 0 1 1 0 2 1 1 2 0 2 2 1 2 0 0 1 1 2 0 2 2 1 1 0 1 0 2 2 0 0 1 0 2 2 0 1 1 2 2 2 2 1 0 1 2 2 2 0 1 0 1 1 2 2 1 0 0 2 0 1 2 1 1 2 1 0 1 0 2 1 0 2 0 1 0 2 0 0 0 2 1 1 0 1 1 0 2
2 2 2 1 2 1 2 2 0 2 1 1 0 2 2 2 0 1 1 2 1 1 0 1 0 2 0 2 1 0 1 1 0 1 2 0 0 0 2 1 0 1 0 0 0 2 1 1 0 2 0 2 1 2 1 2 2 1 2 0 1 1 0 2 2 2 0 0 0 0 2 1 2 2 2 0 2 0 2 0 0 0 0 2 2 1 2 1 0 2 0 2 0 0 2 1 0 2 1 1 0 0 0 2 0 0 0 2 2 0 0 2 0 0 2 0 2 2 1 0 2
1 2 2 2 2 1 0 2 0 1 0 0 2 2 2 2 0 2 1 0 0 2 2 1 2 2 1 2 1 1 2 1 2 2 0 1 1 0 1 1 2 1 2 1 1 1 2 0 1 1 1 1 0 0 2 1 2 2 0 1 0 2 2 2 1 0 2 0 1 0 1 0 2 1 0 0 0 0 1 1 1 0 0 0 0 1 1 0 0 2 2 0 2 2 1 1 2 0 2 1 1 0 2 0 2 0 1 0 0 0 1 2 0 0 0 0 1 2 1 1 1
1 2 0 0 0 0 1 1 2 2 2 0 2 0 0 2 2 1 0 0 0 1 0 0 1 1 1 1 1 2 0 2 0 2 1 0 2 2 0 2 2 0 2 2 2 0 2 1 1 1 1 2 2 2 0 1 0 2 0 1 2 2 2 2 1 0 1 1 0 1 0 2 2 2 1 1 0 2 0 2 0 2 2 0 1 0 2 0 2 1 2 1 0 1 2 1 1 0 2 1 2 0 2 1 2 0 1 0 0 1 0 1 1 2 2 2 2 2 0 2 0
0 2 1 1 1 2 1 1 2 0 1 2 2 2 2 1 1 0 1 0 1 1 2 1 0 2 2 2 0 1 0 0 1 1 2 2 1 1 1 1 0 0 0 2 1 1 1 2 2 1 2 0 2 2 1 2 2 0 0 2 0 1 0 1 0 2 2 1 2 1 1 2 2 2 2 0 0 1 2 2 0 0 0 0 2 0 2 1 1 0 1 1 2 1 1 0 2 1 2 1 2 0 1 1 0 0 2 1 2 2 1 0 0 2 0 2 2 1 2 1 1
0 0 1 2 1 2 1 2 2 0 0 0 1 2 0 2 2 2 0 2 1 0 2 0 2 2 0 0 1 2 2 0 2 2 2 2 1 1 2 0 2 2 1 1 2 2 0 2 2 1 1 0 0 1 1 2 0 2 2 0 1 2 0 0 1 0 0 0 2 0 1 1 2 2 2 2 0 0 2 2 2 0 0 2 2 2 1 1 2 1 1 0 0 2 1 2 0 2 2 2 0 0 0 2 1 0 0 2 0 2 1 2 1 2 2 1 1 0 2 1 1
1 1 2 0 1 2 1 1 1 0 1 2 1 1 1 1 2 0 0 0 0 2 1 2 0 0 2 0 0 0 0 1 0 0 0 2 2 1 0 1 0 2 0 1 1 0 1 1 0 1 2 1 1 1 1 2 1 1 0 1 1 1 1 2 1 2 1 0 0 2 1 1 2 2 1 1 2 2 0 1 1 2 2 0 0 1 0 2 0 1 1 2 2 0 2 0 2 2 1 0 1 2 2 2 1 0 1 2 0 2 1 1 2 0 2 2 0 0 2 0 1
1 0 0 1 0 1 1 0 2 2 1 2 1 1 2 2 2 1 2 1 2 1 0 0 1 0 0 2 0 2 1 1 2 0 1 0 1 2 0 2 1 0 1 0 1 0 0 2 1 2 0 1 1 2 2 1 2 0 0 0 2 2 0 0 2 1 0 1 0 2 0 0 0 2 1 1 0 2 0 2 2 2 1 2 1 1 0 1 2 1 2 0 0 0 0 0 1 1 2 2 1 2 0 1 1 2 1 2 1 2 2 1 1 1 0 0 0 0 0 2 1
0 0 2 0 1 2 2 1 1 1 2 1 2 2 0 2 0 1 1 2 0 2 2 2 0 2 0 0 2 0 0 2 1 0 0 2 2 2 1 1 2 1 0 2 0 1 1 1 2 2 0 0 2 0 0 2 0 0 1 0 1 2 1 2 2 2 2 1 2 1 0 1 0 1 0 1 0 1 2 0 1 0 1 0 1 2 1 2 0 0 0 1 2 2 1 1 2 1 0 1 0 0 2 0 2 0 1 2 2 1 0 0 1 0 1 0 2 2 0 0 0
1 2 2 1 0 0 0 1 0 2 2 1 1 2 0 2 1 1 1 2 1 2 2 1 1 2 1 1 1 2 2 2 2 1 0 2 0 2 2 0 1 1 2 1 2 0 0 0 1 0 0 1 2 2 0 0 2 0 0 0 0 0 0 2 2 2 2 2 2 2 1 0 1 0 1 0 1 0 1 0 0 1 2 2 1 0 1 2 0 2 0 1 0 2 1 2 2 1 0 1 0 1 1 2 1 1 0 0 2 2 0 0 1 0 2 1 1 1 0 2 1
1 1 1 0 2 1 2 1 2 1 0 0 0 2 1 2 0 2 2 0 0 2 1 1 2 0 0 2 0 0 0 0 2 0 0 2 2 1 2 1 2 2 1 0 1 0 0 2 2 2 2 0 1 2 2 1 2 0 1 1 0 1 1 0 1 2 1 0 0 0 1 1 2 0 1 0 0 0 1 0 2 1 0 2 0 0 1 1 1 2 2 2 0 1 1 0 1 2 1 2 2 1 1 2 1 0 2 2 0 1 0 1 0 0 0 1 2 2 2 0 1
2 0 2 1 1 2 0 0 2 0 0 0 1 2 1 2 0 1 0 1 1 2 1 0 0 1 2 2 0 0 0 1 0 2 2 2 0 2 0 2 0 1 2 1 0 1 2 0 0 2 0 1 2 2 2 2 0 1 1 1 2 1 0 0 1 2 0 1 0 0 0 0 2 0 0 0 2 2 1 2 2 1 1 1 2 1 1 2 0 2 1 0 1 1 0 2 2 1 1 0 2 2 1 2 0 1 0 2 1 1 1 1 1 0 0 0 1 1 2 2 1
2 2 2 0 0 2 0 2 1 0 1 0 2 0 0 1 0 0 1 0 2 0 1 0 1 2 1 0 2 1 2 1 1 1 0 2 1 0 1 2 2 1 1 2 1 2 1 0 0 0 0 2 1 2 2 0 1 2 0 0 1 2 0 0 2 0 0 0 1 2 1 1 0 2 1 2 2 1 2 2 1 2 2 2 2 2 2 0 1 1 2 1 0 2 1 0 0 1 1 2 1 0 2 2 0 0 2 2 1 2 2 1 0 2 1 2 2 2 0 2 0
0 0 1 0 1 2 1 0 1 0 0 1 0 2 2 2 2 1 0 2 1 2 2 1 1 2 1 0 0 0 1 0 1 2 1 0 1 2 0 2 1 1 1 1 1 0 0 1 0 2 0 1 1 0 0 0 0 2 1 1 0 2 2 1 2 1 1 1 1 1 2 2 0 0 1 2 2 0 0 2 2 2 1 1 0 2 2 0 1 0 0 2 1 0 0 0 1 1 1 2 1 1 2 2 0 1 1 2 1 2 2 1 1 1 0 2 2 2 0 1 1
1 1 0 1 1 0 0 0 2 0 2 1 0 1 1 2 0 1 1 2 1 2 2 2 2 2 1 0 0 0 2 2 1 2 0 0 0 0 1 0 1 0 1 2 1 0 2 1 2 0 2 0 0 1 1 0 0 0 1 0 1 0 2 2 0 1 1 1 1 2 2 0 0 0 0 1 2 2 1 1 0 0 0 0 2 1 1 0 1 2 1 0 1 2 0 2 0 2 1 2 2 0 1 0 1 1 1 0 2 0 0 2 1 0 0 0 2 2 0 1 1
2 2 0 1 1 0 1 0 1 0 0 1 2 0 0 1 0 2 1 0 2 0 2 0 1 2 0 1 1 1 1 0 2 1 2 0 1 1 1 0 1 2 2 2 2 0 0 0 2 2 1 2 2 1 0 2 1 0 0 2 1 2 0 0 1 2 1 0 0 0 2 0 0 1 2 0 2 0 1 1 2 0 1 2 1 1 1 2 1 0 2 1 2 0 2 1 0 2 2 1 2 1 2 0 0 1 0 0 2 1 2 2 1 1 2 0 0 1 0 0 2
0 1 2 0 1 1 1 0 0 0 0 2 0 0 0 0 1 1 2 0 0 2 2 2 2 2 1 0 0 1 0 0 0 0 2 1 1 0 2 0 1 2 2 2 0 0 2 2 2 2 2 1 1 2 0 0 0 1 2 0 0 2 2 0 2 1 2 1 2 2 1 1 2 2 0 0 0 0 2 0 2 0 1 1 2 2 2 2 2 1 1 2 1 1 1 0 2 1 0 1 0 1 0 2 0 1 0 2 1 0 2 1 0 1 0 0 0 0 0 0 2
2 0 1 0 2 0 2 0 0 2 0 1 0 0 0 2 1 2 0 2 2 2 2 0 2 0 1 1 1 2 1 0 0 2 2 2 2 2 2 2 1 0 2 2 0 0 2 2 2 2 1 1 0 1 2 0 2 0 1 1 0 2 1 0 2 1 2 2 1 2 2 0 2 2 0 0 2 2 0 1 2 2 0 2 0 0 2 2 0 2 0 2 1 0 2 1 1 0 1 2 2 1 0 0 0 0 1 2 0 1 1 0 0 2 0 0 2 0 1 0 2
2 2 2 2 2 0 2 0 2 2 0 0 0 0 0 1 1 0 2 2 1 0 0 0 1 2 0 2 1 1 0 0 1 2 1 1 0 0 1 0 2 2 1 0 2 2 2 2 0 2 1 2 0 0 0 1 2 1 0 0 0 1 1 1 0 2 0 2 0 2 2 1 1 0 2 2 0 1 1 1 1 0 1 1 0 1 0 0 0 1 1 1 0 1 1 0 0 2 0 2 1 2 0 1 1 2 1 2 0 2 0 2 0 2 0 2 2 1 0 2 2
2 2 2 1 0 1 1 2 1 0 1 2 1 2 1 0 0 0 1 0 2 0 1 1 1 1 0 2 1 1 0 1 1 0 2 1 1 2 1 1 0 2 1 2 0 2 2 1 0 1 2 0 2 1 0 2 2 1 1 0 2 2 2 0 0 2 2 2 1 1 1 2 1 2 2 2 2 1 0 1 0 0 1 1 1 1 0 1 0 2 2 0 2 2 2 0 2 2 2 1 1 1 1 0 0 0 2 1 1 0 2 0 1 1 1 2 0 2 2 1 1
2 1 1 1 1 1 1 1 1 2 2 0 1 0 0 1 2 2 1 2 1 1 1 1 0 2 1 0 1 0 1 0 1 0 2 1 2 0 2 0 0 2 0 2 2 2 1 2 2 2 2 2 1 1 0 2 0 1 2 1 2 1 1 1 2 0 2 2 1 2 0 2 1 2 2 1 2 0 0 1 0 0 0 1 2 0 1 2 2 0 0 1 2 2 0 2 0 2 1 1 0 2 1 1 1 0 1 0 1 1 2 1 2 2 0 2 1 1 1 1 2
2 0 1 1 1 1 1 1 2 1 1 0 2 1 1 0 2 2 1 1 1 2 2 1 2 1 0 1 0 2 0 2 0 2 2 1 1 1 0 1 2 2 1 2 1 0 2 0 0 0 2 2 2 1 0 2 0 2 0 1 1 1 1 1 1 0 0 0 0 0 1 2 0 1 2 1 2 1 2 2 0 2 1 0 1 2 0 2 1 1 0 0 0 0 1 1 1 2 2 1 1 0 2 1 2 1 1 1 0 1 1 0 1 2 1 0 0 2 2 1 0
1 2 0 1 1 2 2 1 1 2 2 0 1 1 0 2 0 2 0 2 0 2 1 1 1 1 1 0 2 0 0 0 0 2 1 2 2 1 1 1 0 1 2 1 2 2 1 1 2 2 1 1 2 2 2 0 1 1 0 1 2 1 1 0 0 0 0 0 1 1 2 0 2 2 1 2 1 1 0 1 1 1 0 0 1 0 0 0 1 1 1 0 2 0 1 1 0 1 2 2 0 2 0 2 1 2 0 2 1 1 1 2 0 1 2 2 1 0 0 0 1
2 2 0 2 0 2 0 0 1 0 0 1 1 1 2 1 2 0 2 0 1 1 0 1 1 0 0 1 1 2 2 0 1 0 0 2 0 0 0 2 2 2 1 0 1 1 1 0 1 1 0 0 2 2 2 1 2 0 2 1 2 1 2 1 2 0 1 2 1 2 0 0 1 2 1 2 0 0 2 2 1 0 0 1 0 0 2 0 0 1 2 0 0 2 1 0 2 0 0 1 0 1 2 1 0 1 2 2 2 1 2 1 2 2 0 0 2 0 1 0 0
0 0 0 2 0 1 2 0 0 2 1 1 2 1 0 0 0 2 0 2 1 2 0 1 2 0 1 0 1 1 0 0 0 2 0 0 0 1 1 0 0 0 0 2 2 0 2 2 0 1 2 2 0 2 0 0 0 1 0 2 0 1 2 0 1 0 1 1 1 0 0 1 1 0 1 0 1 1 0 1 2 2 0 2 0 1 2 0 0 1 2 0 0 0 2 1 0 0 0 1 1 0 0 0 1 1 0 0 2 1 2 0 2 2 2 2 1 0 0 1 1
0 0 1 0 0 2 1 0 2 0 2 1 0 0 0 2 2 1 0 0 0 0 0 1 2 0 2 2 1 2 1 2 0 2 0 0 2 0 1 0 0 1 2 1 2 2 0 1 0 0 1 2 1 0 1 1 0 1 1 0 0 0 0 1 0 0 1 1 1 1 1 2 2 0 0 1 0 1 2 2 0 2 1 1 2 2 0 0 0 0 1 2 0 1 0 1 0 0 0 1 1 1 0 0 2 1 0 1 1 2 0 2 1 1 1 1 1 2 0 1 2
1 1 0 0 2 2 1 0 0 2 2 2 0 0 0 2 0 1 0 0 1 2 2 0 2 2 1 2 0 0 1 2 2 2 0 2 2 1 0 0 1 2 1 2 2 1 1 0 0 0 1 1 0 1 2 2 1 0 1 1 1 0 1 0 0 1 0 1 0 0 1 2 2 2 2 0 1 1 0 1 1 2 0 0 0 0 0 2 0 0 1 0 1 2 0 0 2 2 1 0 2 0 0 0 1 2 0 0 0 1 0 0 0 0 1 1 1 2 1 2 2
0 0 2 0 1 2 0 1 1 0 0 2 1 0 1 0 0 2 2 2 2 0 2 0 1 2 2 0 0 0 1 1 0 0 2 2 0 0 0 2 2 1 2 0 2 1 1 1 1 1 0 0 1 1 1 2 0 2 0 1 2 1 0 2 2 0 2 0 0 0 2 2 2 0 0 2 1 2 1 2 0 1 0 1 0 2 1 0 1 2 2 0 2 0 1 1 0 1 0 1 1 0 1 1 0 2 1 2 2 2 1 0 1 2 2 2 0 0 0 1 0
0 0 2 0 1 2 1 0 2 0 1 2 2 0 1 2 1 0 1 1 0 2 1 0 1 1 0 2 1 0 2 0 0 2 1 2 1 0 2 1 0 1 1 0 2 2 2 1 1 1 0 1 0 1 1 1 2 0 0 1 0 0 1 1 0 0 0 1 1 0 0 1 1 2 2 0 2 1 2 0 0 0 1 0 1 1 1 1 2 2 2 2 0 2 0 1 0 1 0 1 1 1 0 0 0 2 1 2 1 1 1 1 1 2 1 0 1 0 2 0 0
2 0 0 1 1 1 1 2 0 0 1 1 0 2 2 0 1 2 1 0 0 0 2 1 2 2 2 0 2 1 0 1 1 2 0 0 1 2 0 1 1 0 2 2 0 2 0 2 2 2 2 2 1 1 1 0 1 1 1 0 0 2 2 2 1 2 0 1 0 1 2 1 2 0 0 2 2 1 1 2 1 1 2 2 0 0 0 2 2 1 0 0 2 2 0 0 0 1 2 0 0 2 2 2 0 0 2 0 2 1 0 1 2 0 1 0 1 1 2 2 1
0 0 0 0 1 1 1 0 1 2 0 1 1 0 2 1 2 2 1 1 0 0 1 1 1 0 1 1 0 1 0 1 1 1 2 0 2 0 0 1 2 0 2 1 1 2 0 2 2 2 1 0 0 0 0 2 0 1 1 1 2 2 0 0 0 0 1 0 0 2 2 0 0 2 1 2 2 2 1 2 1 0 0 0 1 0 2 1 1 1 0 1 0 1 2 1 1 1 1 1 1 1 2 2 2 1 1 2 1 1 1 0 2 1 0 0 0 0 0 1 1
0 0 2 2 0 1 0 1 0 0 0 2 0 2 2 2 2 1 1 1 0 1 0 0 0 2 0 0 2 1 0 0 2 2 0 0 1 2 0 2 2 0 2 0 1 2 2 1 0 0 2 2 0 0 2 0 2 2 0 1 1 1 0 2 2 0 2 1 2 2 0 2 1 0 0 2 2 0 0 1 1 0 0 2 1 0 0 1 0 0 0 2 0 0 1 2 2 2 0 1 1 1 1 2 1 1 2 2 1 2 0 0 0 1 2 2 2 2 1 2 1
1 1 1 0 1 1 2 0 1 1 1 2 2 2 1 0 1 0 0 2 1 0 2 0 1 1 2 1 0 2 0 2 1 2 0 2 0 0 0 2 1 2 1 2 1 1 2 1 1 0 1 1 1 0 1 0 0 2 1 0 1 0 0 0 2 1 0 1 1 0 0 1 0 0 0 2 1 0 0 0 1 2 1 0 0 1 1 1 0 0 2 2 0 0 0 1 2 0 2 2 1 0 0 2 1 1 1 2 2 0 1 1 2 0 1 0 1 0 2 2 1
2 2 1 0 0 2 2 0 2 1 2 1 2 1 2 1 1 2 1 1 1 0 1 1 0 2 0 0 1 0 1 1 0 0 1 0 0 1 2 1 0 2 2 0 1 1 2 0 1 1 2 2 2 0 2 2 0 0 2 0 0 1 1 1 2 1 2 2 2 1 1 0 1 0 1 0 0 1 0 2 2 2 2 1 0 2 1 2 2 1 2 2 2 1 1 1 2 1 1 2 2 0 1 1 1 2 1 1 1 2 1 1 2 1 0 1 0 2 0 2 1
0 2 1 2 1 0 0 0 1 0 0 2 1 2 1 2 1 0 0 1 1 2 1 0 1 2 0 1 0 0 2 0 1 0 1 0 0 1 0 2 1 0 2 0 2 1 2 2 1 0 1 0 0 2 1 1 0 2 2 0 0 1 2 1 2 0 1 0 1 2 2 2 0 2 0 0 0 0 2 2 1 0 0 2 1 1 0 1 1 0 1 0 1 0 1 1 1 1 1 2 0 1 0 1 1 1 2 2 2 2 2 1 0 0 0 1 2 1 0 1 1
1 1 0 0 1 2 2 0 0 2 1 2 0 0 1 1 0 1 1 2 0 0 0 1 1 1 1 0 2 0 1 2 0 2 0 2 1 2 2 2 2 1 2 2 1 0 2 2 1 1 2 0 0 2 2 2 2 1 0 1 2 1 0 2 2 0 1 0 1 1 0 0 0 0 0 2 0 0 2 0 2 2 1 2 1 0 2 1 2 2 1 1 1 2 2 0 1 1 2 2 0 0 2 1 0 0 1 0 0 0 0 1 0 2 0 2 0 0 1 2 2
2 2 2 2 1 0 1 0 0 0 0 0 2 2 0 1 1 1 2 2 2 0 0 2 1 0 2 1 1 0 2 2 0 2 2 1 0 0 2 1 0 0 1 0 0 2 1 1 1 2 1 1 2 1 0 0 1 1 0 0 2 0 2 2 0 1 1 0 2 0 1 0 1 1 1 2 0 0 1 2 2 2 0 2 1 2 0 0 1 1 1 0 2 1 2 2 0 1 0 0 1 2 1 1 0 2 1 1 0 2 0 1 2 2 1 1 1 1 2 2 1
1 2 0 2 2 0 0 1 1 1 0 1 2 1 2 2 2 1 0 0 0 1 0 2 2 1 0 2 1 0 1 2 0 1 2 0 2 0 1 1 1 1 0 1 1 0 1 1 1 2 1 2 1 1 1 2 1 2 2 2 2 0 2 0 1 2 0 2 2 2 0 2 2 0 0 0 1 2 2 0 1 2 0 0 1 2 2 2 2 1 0 0 1 0 0 1 2 2 0 2 1 1 1 0 0 2 1 1 2 2 1 1 1 2 1 0 2 1 1 1 2
1 2 2 1 0 0 1 2 1 0 0 2 0 2 2 0 0 1 2 0 0 1 1 0 2 0 0 1 1 0 1 2 2 0 1 0 1 0 2 2 0 1 2 1 1 2 1 1 1 1 0 2 2 1 1 0 1 1 1 0 1 0 0 1 0 1 1 2 1 2 1 0 1 2 1 2 1 1 1 0 2 1 2 2 1 0 2 0 0 0 1 1 2 1 0 2 1 0 0 2 0 2 0 1 1 0 1 2 1 2 0 0 2 1 0 0 1 2 0 1 1
2 1 0 1 2 0 2 2 1 2 2 1 0 1 2 0 2 0 1 0 0 2 2 1 0 2 1 0 0 0 1 0 2 2 2 2 1 1 1 2 0 2 0 1 1 1 2 1 1 0 1 1 0 0 1 0 0 0 1 1 0 0 1 0 0 1 2 2 2 1 2 1 1 0 0 0 1 0 1 2 1 0 2 1 1 1 2 2 1 1 0 2 2 0 2 0 1 2 0 2 2 0 1 0 0 1 0 2 1 2 2 1 2 2 0 1 0 1 0 2 0
1 2 2 1 2 0 2 2 0 2 1 0 0 2 2 2 0 2 1 0 2 2 0 2 0 1 0 1 2 0 1 1 2 1 2 1 2 2 1 1 2 0 1 2 0 1 2 1 0 2 1 0 1 2 0 2 2 0 1 2 0 0 1 0 2 0 0 2 0 1 0 0 0 2 0 1 1 0 0 2 2 2 0 2 2 0 1 2 2 1 2 0 1 0 1 2 1 1 1 2 0 1 0 1 1 1 2 0 1 2 1 1 2 1 1 2 0 0 2 0 1
1 0 1 2 1 0 1 0 1 0 2 0 0 0 2 1 1 0 1 0 1 0 0 0 1 2 1 1 1 1 0 0 2 2 0 1 2 1 0 1 0 0 1 0 1 0 0 2 1 2 0 2 2 1 0 0 1 2 2 0 1 0 1 1 2 2 2 1 2 0 2 2 0 1 0 2 0 0 1 1 2 2 1 2 1 2 0 0 1 0 0 0 0 2 1 1 0 1 0 2 2 1 1 0 2 1 0 0 0 1 2 0 2 1 0 1 1 0 2 2 1
2 1 0 0 2 1 0 1 2 0 1 0 1 2 1 0 2 1 0 1 0 2 1 1 2 2 0 0 1 0 0 2 2 0 0 1 2 1 1 1 1 2 0 2 2 1 0 1 0 1 0 2 1 2 1 1 2 2 1 2 0 2 2 2 2 2 0 2 0 2 2 1 1 2 1 0 1 1 2 1 0 1 1 1 0 0 0 0 2 2 2 2 1 1 1 2 0 2 1 1 2 0 0 1 0 2 0 1 2 0 1 0 1 2 0 1 2 0 2 1 0
2 1 2 1 2 2 2 0 0 1 2 2 2 1 2 2 1 2 2 2 0 2 0 0 2 0 1 0 2 2 0 2 2 0 0 1 2 1 2 1 0 1 1 2 0 0 2 2 2 1 1 0 1 0 2 0 0 0 1 0 0 0 2 2 0 1 2 1 2 1 2 2 0 0 2 1 1 2 1 2 0 0 0 2 1 2 1 1 2 2 2 0 2 1 2 1 0 2 2 2 1 2 2 2 0 2 0 1 1 1 1 2 2 2 2 1 2 0 2 2 0
2 0 0 2 0 2 2 0 1 0 1 0 2 0 0 2 1 2 1 0 1 1 1 1 1 2 0 2 0 2 2 2 0 0 1 1 2 2 2 1 2 0 1 2 1 2 0 2 2 1 2 1 0 1 2 1 1 0 0 1 0 1 1 1 1 1 2 2 0 2 0 0 2 0 0 0 2 0 0 2 2 1 0 0 2 0 2 0 1 0 2 2 1 2 1 1 0 1 0 1 1 0 1 1 0 2 2 1 0 0 0 0 1 2 0 0 0 0 2 2 1
2 1 0 1 0 1 2 2 2 0 0 0 2 2 1 0 2 0 0 0 1 1 2 1 2 2 1 0 2 1 2 0 0 2 2 1 2 2 1 1 0 2 2 1 2 2 1 2 2 2 2 1 0 1 0 0 2 2 0 2 1 0 2 2 0 2 2 0 2 0 1 0 0 1 1 0 1 0 2 0 2 0 0 0 2 0 1 2 0 2 2 2 0 2 2 1 1 1 1 1 1 0 2 2 2 0 0 0 2 0 2 1 0 2 0 1 2 2 0 0 2
2 2 0 2 2 1 1 0 0 1 0 1 0 0 1 1 0 2 0 1 1 0 2 1 1 0 0 1 1 1 0 1 1 1 1 1 0 0 2 2 1 0 1 2 0 2 1 1 2 2 0 1 2 0 2 1 1 1 2 0 2 0 1 1 2 0 0 2 0 0 2 0 0 0 2 1 0 1 0 2 1 0 1 1 1 0 1 2 2 0 2 2 1 1 0 0 2 1 1 1 1 0 1 1 1 1 0 2 1 1 1 0 2 0 2 1 2 0 1 1 1
2 0 0 1 2 1 1 0 0 2 2 1 1 1 0 0 0 2 1 1 2 2 1 0 2 2 2 2 1 1 1 1 2 2 2 2 1 0 0 2 0 0 0 1 2 2 0 0 2 2 2 2 2 0 0 1 1 2 1 0 1 1 1 2 0 0 1 2 2 2 2 2 2 2 2 0 2 0 0 2 2 0 1 1 1 2 2 2 2 2 0 1 0 1 0 1 2 0 0 2 2 2 0 0 2 0 0 0 0 1 0 2 2 1 1 0 1 1 0 1 0
1 0 1 2 1 2 2 2 0 2 1 0 2 1 1 2 2 1 2 1 1 2 0 0 0 1 2 0 2 1 1 0 2 0 0 1 0 0 0 1 2 1 2 2 1 0 2 0 1 1 2 0 2 0 2 0 2 1 0 1 0 0 2 2 1 0 1 1 1 1 0 1 0 0 1 1 0 0 0 0 0 0 1 2 1 0 2 0 2 1 0 0 1 0 0 2 1 1 1 0 2 2 1 0 2 0 0 0 1 0 0 2 1 0 2 2 0 1 1 0 0
2 1 1 2 1 1 1 2 0 2 2 0 2 1 0 2 1 0 1 2 2 0 0 2 2 1 0 2 0 2 2 2 0 2 2 2 1 2 2 2 2 0 2 1 1 2 1 2 1 0 2 0 2 2 0 2 1 0 1 1 2 2 1 0 2 1 0 0 1 2 0 0 0 0 2 1 1 1 1 2 2 0 0 1 1 0 2 2 1 1 2 2 0 0 0 0 1 0 1 0 0 2 1 1 0 1 0 1 0 2 1 0 0 1 0 1 2 2 2 1 0
1 0 2 1 1 2 1 1 1 1 2 0 0 0 2 2 2 0 0 1 2 1 2 0 1 1 0 0 0 2 1 2 0 0 0 1 0 1 2 1 1 2 0 2 1 2 2 0 0 0 2 2 1 1 1 0 0 2 1 1 2 0 0 2 1 2 0 1 1 0 1 0 0 2 0 1 2 0 1 2 0 1 0 0 0 2 1 1 1 0 0 1 1 1 0 2 0 1 2 0 2 1 0 2 1 0 1 0 1 0 2 2 2 2 0 0 2 1 2 0 2
0 2 1 2 0 2 0 1 1 0 1 0 2 1 1 2 0 1 2 1 1 1 1 2 2 1 1 0 1 0 0 1 2 2 1 0 1 0 2 0 1 1 0 0 0 2 1 1 0 0 2 0 2 1 2 1 0 0 1 2 1 2 1 1 2 0 2 0 0 1 1 2 0 2 0 0 2 1 1 0 2 2 0 1 0 0 2 0 2 2 1 0 1 2 2 1 0 1 0 2 0 1 2 0 1 2 2 0 2 1 1 1 0 2 1 0 0 0 2 0 2
0 0 2 0 0 0 1 2 1 0 0 2 2 2 2 0 1 2 2 2 1 1 0 2 2 1 0 1 1 0 0 2 1 0 0 1 2 2 2 0 0 2 1 0 1 0 1 0 2 1 0 2 0 1 1 0 0 1 1 2 2 2 2 0 1 0 0 0 2 2 0 2 2 2 0 2 2 2 2 0 0 0 2 1 2 1 2 0 0 1 0 2 1 2 0 2 2 0 0 2 0 1 2 0 0 0 2 1 0 2 1 1 0 0 2 0 1 1 0 1 0
1 1 2 1 1 1 0 0 2 0 0 1 0 1 2 1 1 0 2 1 1 1 2 2 1 2 1 1 1 2 1 2 1 0 0 1 0 2 1 0 0 2 1 1 1 1 0 2 2 0 1 1 2 1 1 0 2 2 1 1 0 0 0 1 1 2 0 1 2 1 1 0 1 0 2 2 2 2 2 2 0 2 0 2 1 1 0 1 2 1 2 2 2 1 1 2 1 2 1 1 0 1 1 2 1 1 2 1 0 0 0 1 2 1 0 1 0 1 0 2 1
0 1 0 1 1 0 0 0 2 1 1 0 0 1 2 2 0 1 0 0 1 2 0 2 0 2 0 2 0 0 1 0 2 1 0 0 0 1 1 2 1 2 2 1 0 1 2 2 2 0 2 2 2 1 2 0 1 0 0 1 1 1 2 1 1 0 2 1 2 0 1 0 0 0 2 2 2 1 1 0 1 1 0 1 0 2 2 1 0 0 0 1 0 0 0 1 1 2 0 0 0 1 1 0 2 2 2 1 0 1 2 0 1 2 1 1 2 1 1 0 0
1 1 0 1 2 1 1 1 1 1 1 2 1 2 1 0 0 0 1 1 1 1 0 0 1 0 0 2 1 0 2 2 2 2 2 1 1 0 0 0 2 1 0 0 2 2 1 2 0 0 1 2 1 2 2 2 2 0 0 0 1 0 2 2 1 2 0 2 2 1 1 0 0 1 0 2 1 0 2 2 0 1 1 2 1 1 0 0 2 0 1 1 0 1 0 1 1 1 2 1 0 0 1 1 2 0 1 0 0 1 0 0 0 1 0 1 0 0 2 2 1
0 1 2 2 2 1 0 1 1 2 1 2 1 0 2 1 0 2 1 1 1 2 2 2 0 0 0 0 0 1 2 0 0 2 2 0 1 1 2 1 1 0 0 2 2 2 1 2 0 0 1 1 0 0 0 1 1 2 2 1 0 2 2 1 1 2 1 1 0 0 2 2 2 2 2 1 2 1 0 0 2 1 1 2 2 2 0 0 1 0 1 2 2 0 1 2 0 0 1 1 1 0 0 1 0 0 2 0 2 0 0 2 2 1 2 1 1 0 1 2 1
0 0 1 1 2 1 1 2 2 0 1 2 2 2 1 0 2 1 0 0 2 0 2 0 2 0 2 0 2 0 1 0 0 1 2 2 2 1 1 2 2 1 2 1 0 0 0 1 2 0 1 2 1 1 2 0 2 2 2 0 0 0 0 0 2 0 0 2 2 2 2 2 0 2 2 2 1 2 0 0 0 1 2 1 0 2 2 0 2 1 1 2 0 1 0 2 2 0 2 2 0 2 2 0 2 1 2 0 0 0 1 1 0 1 2 0 1 2 1 1 1
2 1 1 2 2 1 1 0 1 2 0 1 1 2 1 0 2 2 1 1 0 2 1 2 2 1 1 1 0 0 2 0 1 1 2 1 0 2 2 2 1 0 1 0 0 0 0 1 2 1 2 1 1 0 0 0 1 1 1 2 1 2 1 1 1 0 2 2 0 1 1 1 0 0 1 0 1 2 1 0 0 0 1 1 0 2 2 0 1 2 0 1 2 1 2 0 0 1 0 1 1 2 0 1 0 2 1 1 0 1 2 1 1 1 1 0 0 0 1 0 2
1 1 2 1 0 0 1 2 1 2 0 0 0 2 1 1 1 2 1 0 2 0 1 1 1 2 2 2 0 2 2 2 1 2 1 2 0 2 2 2 2 2 2 1 2 1 0 1 2 2 2 2 2 0 0 1 1 0 0 1 0 0 1 2 0 2 1 1 2 1 0 0 2 1 1 2 0 1 0 2 0 0 0 2 0 0 1 2 1 2 2 0 0 1 2 1 1 1 0 1 0 0 1 0 2 0 2 0 2 0 2 2 0 0 0 1 1 2 1 0 2
0 0 0 1 0 1 0 2 1 2 0 0 1 0 2 0 2 2 2 0 0 0 0 0 1 1 1 0 2 0 2 0 0 2 2 1 1 0 1 0 0 2 0 2 2 0 2 2 0 2 2 0 2 2 1 0 1 0 1 1 0 1 1 2 2 1 0 1 2 2 1 2 1 2 2 1 0 2 0 0 2 0 1 2 0 0 0 1 1 2 0 2 0 0 1 0 2 2 1 2 1 0 2 2 0 2 0 1 0 1 1 2 2 0 2 0 1 2 2 0 2
1 0 1 1 2 1 0 1 0 0 0 1 0 0 1 0 1 2 0 2 1 0 2 0 0 0 1 0 2 2 0 0 2 2 2 1 0 1 0 0 2 0 2 2 0 0 0 1 0 1 1 0 2 1 0 0 1 2 1 1 2 2 2 1 1 2 1 2 0 1 1 2 2 0 2 0 2 0 2 2 2 1 2 2 0 0 2 2 0 1 0 2 1 1 1 0 1 2 0 2 1 1 2 1 1 2 1 0 2 1 1 2 1 1 1 1 2 1 0 0 1
2 0 0 1 1 1 2 1 1 1 0 0 0 2 1 0 0 0 2 0 2 1 1 0 0 0 0 0 0 0 2 0 0 2 2 0 0 1 2 2 0 2 2 1 1 2 1 2 0 1 0 2 0 1 0 1 1 1 1 0 1 1 1 0 0 1 0 2 0 2 1 1 2 2 2 1 2 2 1 2 0 2 2 0 0 2 2 0 0 1 0 0 2 2 1 0 0 2 0 1 1 1 0 1 1 2 0 0 2 1 0 2 0 2 1 1 2 1 2 0 0
2 0 2 1 2 0 0 1 0 2 0 0 2 1 2 2 1 1 2 1 1 1 1 2 0 0 2 2 2 2 0 2 1 2 2 0 1 2 0 2 1 0 2 1 2 0 0 1 1 2 2 2 2 2 2 2 2 1 2 2 2 2 2 1 0 1 2 1 0 2 1 2 0 2 0 0 2 1 2 0 0 0 0 2 2 0 0 2 2 2 2 2 0 2 1 0 0 1 2 2 1 0 2 2 2 1 0 1 0 0 2 1 0 0 2 0 1 2 2 1 2
0 2 2 2 0 2 0 2 1 0 2 2 0 1 2 2 2 2 2 0 1 0 1 2 2 1 1 1 1 0 2 1 0 1 1 1 2 0 1 0 0 1 0 1 2 0 0 2 2 2 2 1 0 0 1 0 2 2 0 1 0 2 0 1 1 0 0 0 0 1 1 0 0 2 0 2 0 0 0 0 1 2 2 2 1 1 2 0 1 2 2 2 2 1 0 1 1 1 1 1 0 0 2 0 0 2 0 1 1 1 2 0 0 2 2 2 0 2 0 1 2
0 1 2 1 0 0 2 1 2 1 2 2 1 2 0 1 0 0 0 1 2 0 0 2 2 2 2 2 0 1 2 2 1 1 0 1 2 1 0 2 2 0 2 1 0 1 1 1 1 1 1 0 2 1 0 2 1 2 1 0 1 1 2 2 0 0 1 0 2 0 2 0 0 2 1 1 0 2 0 1 1 2 1 1 1 2 0 0 1 0 0 1 1 0 1 2 2 1 2 1 1 2 1 1 2 1 0 2 1 1 1 0 1 0 1 2 0 0 0 2 0
1 1 2 2 0 2 2 2 2 2 0 2 1 2 2 0 0 2 2 2 1 2 0 2 1 0 0 1 1 0 2 0 0 1 0 1 1 0 0 1 0 0 1 2 0 1 0 1 0 2 0 2 1 2 2 0 0 0 1 1 0 1 2 0 0 0 1 1 1 2 0 1 0 1 0 1 2 0 0 1 0 0 0 2 0 2 2 1 0 2 0 0 0 0 2 1 0 1 1 1 2 1 0 2 1 1 0 0 0 0 1 0 2 2 0 0 2 1 1 2 0
0 1 1 0 1 1 0 2 2 2 1 1 0 2 2 2 2 1 2 1 2 1 1 0 1 1 2 2 1 2 0 2 1 0 2 2 1 0 2 0 0 2 2 0 1 2 2 1 0 0 2 0 1 1 0 0 1 1 1 0 1 1 2 2 1 1 1 2 1 0 0 2 2 0 2 1 0 2 0 0 0 0 1 2 2 2 0 1 1 2 1 2 0 0 1 0 1 2 0 0 0 1 2 1 2 2 2 2 2 0 0 0 1 1 0 1 1 0 2 2 0
0 2 1 0 0 2 2 0 2 0 2 1 2 0 1 2 2 1 1 0 1 2 2 1 0 0 0 1 2 1 2 0 0 1 0 2 0 0 2 0 0 1 2 0 2 0 2 0 2 0 1 1 1 0 0 1 1 2 2 0 0 2 1 1 0 1 0 0 2 1 2 2 0 1 2 0 2 1 1 2 2 2 2 0 0 2 1 1 1 2 2 2 1 0 1 2 2 2 0 1 1 2 1 2 1 1 0 1 0 1 1 2 1 0 1 1 1 0 0 0 2
2 0 2 0 2 2 2 2 0 1 1 1 0 1 2 1 1 1 1 0 1 1 2 1 2 1 0 0 1 1 0 1 2 0 1 1 2 1 0 1 0 2 2 0 0 2 1 2 2 0 0 0 1 2 1 1 0 0 2 2 1 0 0 0 2 1 2 1 0 2 0 0 0 2 0 0 0 2 1 2 2 1 2 2 2 1 0 0 1 0 0 2 1 0 0 0 0 2 0 0 2 0 1 2 1 2 0 1 2 1 0 2 1 0 1 0 1 2 0 0 0
1 0 2 0 1 0 0 0 0 1 0 2 0 0 0 0 1 2 0 0 2 0 1 2 2 2 1 2 1 1 0 2 0 0 0 1 0 0 1 2 0 2 1 0 0 2 1 2 1 1 0 1 2 2 0 2 0 2 2 1 1 0 1 1 0 2 0 2 0 2 2 0 1 0 1 0 2 2 2 1 2 2 2 2 0 2 2 0 2 1 1 0 2 0 2 0 2 0 0 0 0 2 0 2 2 2 2 2 0 2 0 0 2 2 2 0 2 1 0 2 0
2 0 0 0 1 1 0 1 1 0 1 2 2 2 2 1 1 2 1 1 0 2 1 0 1 1 0 0 0 0 1 0 1 1 1 0 0 2 2 0 0 2 2 2 1 1 1 2 1 0 1 2 0 0 0 2 1 0 0 2 1 2 1 0 1 2 1 2 1 0 0 0 2 2 2 0 1 0 0 0 2 2 2 0 2 2 2 1 0 0 1 2 0 2 0 2 2 1 2 2 2 2 2 2 2 1 0 0 0 1 0 0 0 0 0 2 2 0 0 1 2
2 0 2 2 1 2 2 0 1 1 2 1 0 2 0 1 0 1 1 1 1 1 1 2 2 1 2 1 2 0 0 2 2 2 1 1 2 0 1 1 1 1 0 2 1 0 1 1 1 0 0 1 0 2 1 2 0 1 1 2 0 1 2 2 2 1 0 2 2 1 0 2 0 1 1 2 2 2 1 1 1 1 0 1 1 2 1 1 1 0 2 1 1 1 1 1 0 2 0 0 1 2 0 0 0 1 2 0 1 2 2 0 1 0 1 0 0 0 2 2 0
2 1 0 1 2 2 2 2 0 0 0 2 0 0 2 2 1 0 1 1 0 1 2 1 0 0 2 0 0 1 2 2 2 0 1 2 2 1 2 0 2 0 2 0 1 0 0 0 1 1 1 2 0 2 0 0 2 0 1 0 1 1 0 2 1 2 2 2 0 2 2 1 0 0 1 2 0 2 1 2 1 0 1 1 2 1 2 0 1 1 0 1 0 1 1 2 1 1 1 2 0 2 0 1 2 2 2 0 1 0 2 2 1 0 1 1 2 0 2 1 0
0 0 0 2 2 2 0 0 2 2 1 1 1 0 1 0 2 1 0 0 0 2 2 1 2 1 0 0 0 2 0 0 2 0 0 2 1 0 0 1 1 1 2 0 2 0 1 0 2 1 0 0 2 0 1 1 1 2 1 2 2 0 1 2 1 1 2 0 0 2 1 2 1 0 2 0 1 0 1 0 2 2 1 2 2 2 0 2 2 2 1 2 0 2 1 2 1 1 2 2 0 1 1 2 2 0 1 2 0 2 0 0 1 2 2 2 2 0 1 1 1
0 1 1 0 0 1 2 1 1 1 0 0 2 2 0 0 0 0 1 1 1 0 0 1 2 2 0 1 1 0 2 0 1 1 1 2 0 0 1 2 2 2 0 2 2 0 2 1 2 1 2 0 1 2 1 2 2 2 0 1 2 0 1 2 1 0 1 2 0 0 1 0 2 1 2 2 0 2 0 2 2 2 0 0 2 2 2 2 1 0 1 2 1 0 1 0 1 2 0 2 0 2 1 0 1 1 0 2 1 1 1 1 1 2 1 1 1 2 0 1 0
1 1 2 0 2 0 2 2 0 1 0 0 0 2 2 2 2 1 0 1 1 2 2 0 0 0 0 0 2 2 1 1 0 1 1 2 1 1 2 2 0 0 0 0 2 0 2 2 2 0 0 1 0 1 2 1 2 0 2 1 2 1 0 2 2 2 2 1 1 1 2 2 2 2 0 2 0 1 2 2 2 0 1 0 1 1 2 2 2 1 0 1 0 1 0 0 1 0 2 0 2 1 2 2 1 2 1 2 1 1 2 1 2 1 1 1 0 0 0 2 1
2 0 2 1 1 0 0 1 0 0 2 2 0 1 1 1 0 0 2 2 2 0 2 1 1 0 1 2 2 2 2 2 2 1 1 2 2 2 1 0 0 0 2 1 1 1 0 0 1 2 2 2 0 2 1 2 0 2 2 0 2 2 2 2 1 2 2 1 2 0 2 2 1 0 1 0 1 1 0 1 2 0 0 2 0 1 2 1 1 2 1 1 1 2 1 0 1 0 2 0 0 1 0 2 2 0 1 1 2 2 2 1 0 0 1 0 1 1 2 2 0
1 1 0 0 2 1 2 2 0 0 1 2 1 0 0 1 2 1 1 2 1 0 2 1 2 0 0 1 0 0 2 2 2 2 0 1 0 2 2 1 0 0 2 1 1 2 0 1 0 2 0 2 2 0 1 1 1 2 2 2 2 0 1 1 2 2 1 1 2 1 2 2 1 1 1 0 0 2 2 1 2 2 1 1 0 0 1 2 2 1 2 2 1 1 1 2 1 0 0 1 1 0 0 0 0 2 2 0 2 1 0 1 2 2 1 2 0 0 2 0 2
2 0 2 1 0 1 2 1 1 1 0 2 2 1 2 2 0 1 0 0 2 2 2 1 0 2 2 1 0 1 1 0 1 0 2 2 2 1 1 1 1 1 0 1 0 0 0 2 2 1 2 1 1 2 0 2 2 1 1 2 2 0 2 1 1 1 1 0 1 2 1 2 1 2 0 2 0 1 1 2 0 1 1 1 1 2 1 1 0 0 0 0 0 1 1 2 0 0 2 2 2 1 1 1 2 2 1 2 2 0 2 0 2 0 1 0 0 0 1 1 1
0 1 1 2 0 1 2 0 1 2 1 1 1 0 0 2 1 2 1 0 2 1 2 1 0 0 1 0 0 0 2 1 1 1 0 2 0 0 1 2 2 0 0 2 0 0 1 0 1 0 0 0 1 0 1 2 1 1 0 1 1 0 0 0 2 0 1 2 2 0 2 1 0 0 1 1 1 2 1 2 2 2 0 1 2 2 0 1 0 1 0 2 1 1 1 0 2 0 0 1 0 2 1 1 0 2 0 0 0 0 2 0 2 0 2 0 0 0 2 1 1
2 1 0 1 0 1 2 0 2 1 1 0 0 0 0 1 0 0 1 0 1 2 0 1 2 1 2 0 0 1 2 2 0 1 2 0 2 2 1 2 0 2 2 2 2 0 0 0 2 2 1 0 1 2 2 1 0 2 2 0 0 1 0 1 2 0 2 0 2 0 2 1 0 2 0 0 2 1 0 2 0 1 2 2 1 2 1 1 2 0 2 2 0 0 1 2 0 0 2 1 1 2 2 1 1 0 2 2 1 2 1 2 2 2 1 0 2 1 0 1 1
2 1 1 2 2 2 1 0 2 0 1 2 0 0 1 0 2 1 2 1 1 1 1 1 0 0 0 1 0 2 1 2 0 0 0 0 0 2 1 0 2 2 0 2 0 1 0 2 1 2 1 0 1 1 1 1 1 2 1 1 1 0 1 2 0 2 0 1 1 1 2 0 1 2 0 2 1 0 1 2 2 0 2 0 1 1 0 0 0 2 1 2 2 1 1 0 0 2 2 0 0 1 1 2 0 2 1 2 2 0 2 0 1 0 1 0 2 2 1 0 1
0 2 1 1 2 2 0 1 2 0 0 1 1 0 2 1 0 1 2 0 2 0 2 0 1 0 2 2 2 0 0 2 1 0 2 0 0 2 2 2 0 0 1 2 1 1 1 1 0 1 1 2 1 2 0 2 2 0 2 1 0 1 1 1 1 0 2 2 0 2 1 0 2 1 0 1 2 2 0 2 0 0 0 1 2 0 1 2 0 1 0 2 2 1 0 1 0 1 0 0 0 2 1 0 0 2 0 2 2 0 0 0 0 1 2 0 1 1 2 0 2
2 0 2 2 1 1 2 2 1 0 0 2 2 1 2 1 2 0 1 2 1 2 1 2 1 1 0 0 1 1 0 1 1 1 1 0 2 1 2 1 2 0 0 1 2 0 1 2 0 2 2 1 0 0 1 1 0 2 1 2 1 0 0 0 1 0 1 0 1 0 2 0 1 0 0 1 1 1 0 2 1 0 2 1 1 0 0 1 0 2 1 2 0 0 0 1 0 1 2 1 2 2 0 2 0 0 0 2 2 2 2 0 0 1 0 2 0 1 2 0 1
0 0 2 0 0 0 0 2 0 0 2 0 1 1 1 2 2 0 1 2 2 2 2 2 0 2 2 1 1 0 0 1 1 2 0 2 0 1 2 1 2 2 2 0 0 0 0 2 1 2 2 0 0 2 0 0 2 2 2 0 1 0 0 0 2 0 2 0 2 2 1 2 1 1 0 2 1 1 0 2 0 0 1 0 2 1 2 2 2 1 0 0 1 1 0 1 2 0 1 2 1 1 1 0 2 1 0 2 0 0 2 1 0 1 2 0 1 1 0 0 0
1 1 2 2 2 0 0 0 0 2 1 2 0 0 2 2 0 1 0 1 2 2 2 0 2 2 1 2 1 2 2 0 1 2 0 0 0 0 2 1 2 0 0 0 1 0 0 1 2 0 0 1 0 2 0 2 0 2 1 2 2 1 2 0 1 2 2 2 0 1 1 2 2 2 0 1 0 0 0 0 1 1 2 2 1 2 1 2 2 1 1 2 0 0 0 1 0 2 1 0 1 2 0 1 2 1 0 2 2 1 0 0 2 0 2 2 2 2 1 2 0
1 1 0 1 2 2 2 2 0 2 1 1 1 0 0 2 1 0 2 2 2 0 2 2 1 2 2 0 1 0 1 2 2 2 1 1 1 0 2 2 1 1 0 2 1 1 2 2 0 1 1 2 0 1 2 1 1 1 2 0 2 1 2 2 0 0 1 2 2 0 1 0 1 2 0 0 0 0 0 1 0 0 0 0 2 2 2 1 2 1 1 1 0 1 0 0 2 2 0 2 0 2 0 0 1 1 1 0 1 2 1 1 0 0 1 2 2 1 1 2 0
2 1 0 1 2 1 1 1 1 1 0 1 1 0 0 2 1 1 0 1 1 2 1 1 1 2 1 0 0 1 0 1 2 2 2 1 0 1 1 0 2 2 1 0 2 2 0 1 1 0 1 2 0 2 1 0 1 2 1 0 0 2 1 0 1 1 0 2 0 1 2 2 1 1 0 0 1 0 2 2 1 0 2 2 1 1 2 0 1 1 0 2 0 2 0 2 0 0 2 0 2 2 0 0 1 0 1 2 1 1 0 0 0 0 0 1 2 0 2 1 1
0 0 2 2 1 1 1 2 1 1 1 0 2 2 1 0 0 2 0 0 2 1 0 2 2 1 2 2 0 0 1 1 2 0 2 0 0 1 0 1 2 2 2 2 2 1 1 0 0 2 0 0 0 0 1 2 2 0 2 1 1 0 0 0 1 2 1 1 0 2 0 1 2 0 1 2 2 0 0 1 2 2 1 2 0 0 2 0 1 1 2 0 2 2 0 1 0 2 2 1 2 0 2 2 1 2 2 1 2 2 0 2 2 1 2 0 2 2 1 1 0
0 1 0 2 2 2 0 1 2 2 1 1 2 0 2 1 0 1 2 0 1 2 0 1 1 0 1 0 1 2 2 2 0 2 0 0 2 0 1 1 2 1 2 0 2 2 2 0 1 1 0 0 0 0 1 2 2 2 0 1 1 2 1 2 2 2 2 1 0 1 1 1 0 0 1 0 0 0 0 2 2 1 0 0 1 1 0 1 1 2 1 2 1 2 2 2 2 2 1 2 1 2 0 2 1 1 2 2 0 2 2 0 0 2 0 2 1 2 2 2 1
0 2 2 0 1 2 2 1 1 2 1 1 0 0 0 2 0 0 2 0 0 0 1 1 1 0 2 1 0 2 2 0 2 2 1 2 2 0 0 1 1 1 2 1 2 1 1 2 2 2 0 2 2 1 1 1 0 1 2 0 1 1 2 0 2 0 0 1 1 1 0 2 0 0 1 1 1 0 1 0 2 2 1 0 0 2 1 0 1 1 1 2 0 0 1 2 0 1 1 2 0 2 2 2 0 1 0 1 2 1 0 2 0 2 2 1 1 1 1 0 0
0 0 1 1 2 2 2 1 1 2 2 1 2 1 1 1 1 0 0 0 1 0 1 0 0 2 2 1 2 0 2 0 0 2 2 0 1 2 2 2 2 2 1 2 1 0 1 2 1 1 0 2 2 2 0 0 2 0 2 2 0 0 0 1 2 0 2 1 2 1 0 1 1 0 1 0 0 0 0 1 2 1 2 2 1 2 0 1 0 0 1 0 0 2 1 0 2 1 1 2 0 0 0 2 0 2 2 0 2 0 0 2 2 2 2 1 2 0 2 0 0
0 0 2 2 2 0 2 1 2 1 0 2 0 2 0 2 0 1 0 1 1 0 0 1 2 2 1 0 1 1 1 0 2 1 0 2 2 0 1 1 1 1 1 1 2 1 2 2 2 0 0 2 0 1 1 0 1 0 0 2 2 1 2 2 0 0 2 2 1 0 1 2 0 2 2 2 1 2 1 1 2 2 0 2 1 2 2 2 0 2 2 0 1 2 0 1 0 2 1 1 1 2 1 1 2 1 1 0 0 0 0 2 2 0 1 1 0 0 1 1 0
