3 122 19
391344494 817473915 1015594903 418094682 220088874 400496909 372342811 824901981 370763338 1147233941 265226793 711338240 675132907 724962778 87420838 333563902 157424239 916144612 579932474 58385948 942220032 137948549 1033045034 598142313 48097901 919242427 106845155 36126110 939652290 842409917 552160346 272512533 347497107 897701513 1152625000 29493388 199340859 352273352 384144993 223993992 577424235 618989028 875358297 474527501 330842781 1034854392 247318795 263324043 38552466 944468912 167507105 651833549 1059144934 1082872371 628414426 199631636 295437904 642735873 1067815113 915971388 363471772 299031490 349629817 971388970 1095511136 329094772 539142270 1107273681 645919409 1089395988 564335822 1069222097 106602532 476045264 504323506 173259508 421149281 324179537 175159921 116768640 380269072 659291250 790018024 514064792 627977768 580974791 867476182 1132134179 1039669278 960822351 977701967 682546862 128047909 131740682 874681355 1156273876 496206732 299733215 341141219 850013412 959117776 1045498772 878455174 627977272 1046432936 596170601 866349406 934679911 1060752158 263814534 235855917 1139245687 1003715500 139225917 260980862 911391675 1129563636 387124857 1158674721 71179656 568247 99665991
2 1 1 2 0 2 1 0 0 0 1 2 0 0 0 2 1 0 0 1 0 1 2 2 2 0 1 1 0 1 1 2 2 0 1 2 0 0 1 0 0 0 1 1 0 2 1 2 2 2 0 0 0 0 0 0 0 2 2 1 0 1 1 1 2 1 0 0 1 2 1 0 0 0 2 1 2 1 1 2 1 2 0 2 2 1 2 0 1 1 2 1 1 1 2 1 2 1 1 2 1 2 0 2 0 2 0 0 0 1 1 2 1 2 1 1 0 1 2 2 0 2
1 1 0 2 2 1 0 1 0 2 2 0 1 2 0 2 0 2 2 1 1 0 0 0 2 1 2 2 0 2 2 2 2 0 2 2 1 0 1 2 2 0 0 1 0 0 1 0 0 0 0 2 2 0 0 1 0 2 2 0 2 1 0 2 2 2 0 1 0 1 0 0 2 0 1 0 2 0 1 2 1 1 2 0 0 0 2 0 2 2 1 0 1 0 0 1 0 0 0 1 2 0 1 1 2 0 1 2 0 0 1 1 2 2 2 2 2 0 2 0 2 2
1 0 2 1 2 2 2 0 0 2 1 1 1 0 2 0 2 0 1 2 2 2 1 2 1 1 2 2 1 1 1 2 0 1 1 0 0 1 0 2 1 1 0 0 0 0 1 0 1 0 2 0 2 1 2 2 0 2 2 1 1 0 2 2 1 1 2 2 2 0 1 0 2 0 1 2 1 0 0 2 1 0 2 2 0 0 1 0 2 0 2 1 1 1 1 0 2 1 2 2 1 2 1 2 2 0 2 0 1 2 0 2 1 0 2 1 0 0 1 1 1 1
0 0 0 0 0 0 1 1 0 1 1 2 0 0 2 2 1 1 0 2 1 2 2 1 0 1 2 2 0 1 0 1 1 1 1 0 2 1 2 0 2 0 0 0 1 0 0 0 1 1 2 2 0 2 0 1 1 0 0 1 2 2 1 1 0 2 2 0 1 1 1 1 2 2 2 0 2 0 1 0 2 1 1 1 1 2 2 2 2 0 2 2 0 0 1 1 0 1 2 0 0 1 1 0 1 1 2 1 2 0 0 1 2 1 2 1 0 0 1 1 0 1
0 0 1 2 1 0 1 1 0 2 1 2 2 0 0 1 2 2 2 2 2 2 0 2 1 2 2 2 1 0 1 1 1 0 2 1 1 1 0 2 0 1 2 2 2 2 2 2 0 2 2 0 2 1 0 0 0 0 0 1 1 1 0 0 0 0 1 2 1 1 2 1 1 1 2 1 1 2 1 2 1 1 2 0 2 0 1 0 1 1 2 2 1 2 2 1 1 1 0 2 1 2 2 0 1 2 1 0 1 0 0 0 2 0 0 1 1 2 2 2 0 1
1 1 1 2 0 2 0 1 0 1 1 2 1 1 1 1 2 0 2 2 0 1 2 1 0 0 0 2 0 0 0 2 0 2 1 0 2 2 2 2 2 2 2 1 0 1 2 2 1 2 2 1 0 0 0 1 1 0 0 2 1 1 2 2 1 1 0 0 0 0 0 2 2 2 2 0 1 1 0 2 1 0 1 2 0 1 1 1 2 2 1 1 1 0 1 2 1 2 0 2 0 1 2 0 1 1 1 2 1 2 2 2 0 0 2 1 2 0 0 1 0 2
0 2 2 1 1 1 1 2 1 2 1 0 0 2 0 2 1 1 2 0 1 2 1 0 1 0 2 2 2 0 1 2 2 1 2 1 2 1 0 0 0 2 2 1 1 2 1 0 0 1 1 2 2 2 2 0 0 2 0 2 2 2 2 1 1 2 2 1 1 0 2 2 2 2 1 1 2 0 1 2 2 0 2 1 2 2 2 0 2 2 0 1 0 0 0 1 2 0 2 0 2 2 1 2 1 0 1 0 1 0 0 0 1 2 2 0 2 2 2 2 2 2
0 2 2 1 0 0 2 0 1 2 0 2 1 2 2 2 0 0 0 1 1 1 1 1 2 1 0 1 0 2 1 1 2 1 0 0 1 0 1 0 2 2 0 1 1 0 1 2 0 1 0 2 0 0 0 1 1 0 2 0 1 1 2 1 1 2 1 0 0 0 1 0 2 2 1 1 2 0 0 0 2 2 1 0 0 1 1 1 0 1 2 2 1 1 0 0 2 1 0 2 2 2 0 2 2 2 1 1 0 0 2 2 2 1 0 2 0 2 1 1 2 1
0 0 0 1 0 2 2 0 2 0 0 0 2 2 0 2 1 0 2 2 0 2 0 1 1 1 1 0 0 0 2 0 0 1 1 1 0 2 0 1 0 0 1 0 1 2 2 0 2 1 2 0 0 1 1 2 2 0 1 0 0 0 1 2 2 1 0 0 1 1 2 1 0 1 2 1 0 2 2 0 1 0 0 2 1 2 2 1 0 0 2 1 2 2 1 1 0 0 2 2 1 1 1 1 2 0 0 0 2 0 0 1 0 1 1 2 1 1 0 1 2 0
0 2 2 2 1 0 2 1 0 1 0 1 0 1 2 1 1 2 1 2 1 2 1 0 1 2 1 2 1 1 0 1 0 0 1 2 1 1 1 1 0 1 0 1 2 2 2 1 2 1 1 1 1 2 1 0 2 1 0 0 2 0 2 1 1 1 1 2 0 2 1 0 0 2 1 1 1 2 0 2 1 2 1 2 1 1 2 0 2 0 1 2 1 0 0 2 2 1 2 0 0 1 0 2 0 0 1 0 2 1 0 0 0 1 2 2 2 0 0 1 0 1
2 2 1 2 2 1 2 0 1 0 1 2 0 0 2 1 0 2 2 1 0 0 2 1 2 2 1 2 1 2 0 0 2 0 0 0 1 0 0 0 0 1 2 1 2 0 0 2 0 0 0 1 1 1 2 1 0 1 1 1 1 0 0 2 0 0 2 2 1 2 2 2 1 1 0 1 2 2 1 0 2 0 2 1 1 2 0 1 0 2 0 2 0 0 1 0 1 0 2 2 0 2 2 2 1 0 0 1 2 2 2 2 2 1 2 0 0 2 2 1 1 0
1 1 1 1 2 0 1 2 0 0 1 0 0 0 2 1 1 2 0 1 0 0 2 2 0 0 1 0 2 1 1 0 0 2 1 0 0 1 2 2 1 2 2 2 2 2 0 1 2 0 2 0 0 1 2 1 2 0 2 1 2 0 2 0 2 1 1 1 0 0 0 2 0 0 1 2 1 1 0 0 1 2 1 0 1 0 2 0 0 1 2 1 1 2 1 1 0 2 0 1 0 0 0 1 2 1 0 0 2 2 1 1 1 2 1 1 2 0 2 0 2 2
1 1 1 2 1 2 2 1 0 0 0 0 2 2 2 0 2 1 2 1 0 2 0 0 0 0 1 2 0 1 1 0 0 0 0 1 2 0 1 2 1 1 0 0 1 2 1 1 1 1 2 0 1 2 0 1 2 2 1 0 1 1 0 2 2 2 1 2 2 2 2 1 0 1 2 1 0 0 0 2 2 2 0 0 2 0 2 2 0 1 0 2 0 1 1 2 0 2 2 0 0 2 2 0 1 1 0 1 0 0 1 2 1 1 0 0 2 2 0 0 1 1
2 2 2 1 2 1 1 2 2 1 2 2 0 0 0 1 2 0 2 1 1 0 1 1 2 0 1 2 1 1 0 0 0 0 2 0 1 1 0 1 0 0 0 0 1 1 1 1 0 2 2 1 2 0 0 1 2 1 1 0 0 1 2 1 0 1 2 1 0 0 0 1 1 0 2 2 0 2 0 0 1 0 2 0 2 2 0 1 1 1 1 0 1 0 1 1 0 1 0 1 2 1 2 0 1 0 0 2 2 1 2 0 1 2 1 0 2 1 1 1 1 1
1 2 2 0 1 0 2 1 2 2 2 2 0 2 2 0 1 1 1 2 2 1 2 1 2 2 2 2 1 1 0 0 1 0 1 2 1 0 2 1 0 2 0 0 1 1 2 1 2 1 1 0 2 1 1 0 0 1 2 1 0 0 1 2 1 0 2 2 1 2 0 2 1 1 0 1 0 2 0 2 1 2 2 1 0 1 2 1 0 1 0 1 2 0 0 1 0 0 1 2 2 2 2 2 1 0 1 1 0 1 1 2 1 2 2 1 1 1 0 1 1 1
0 0 2 2 2 0 2 1 0 0 1 2 0 2 0 1 1 1 0 0 0 1 2 2 2 1 2 1 0 0 2 2 0 2 1 1 2 1 2 2 2 0 0 2 0 1 1 2 0 1 2 1 0 0 1 0 2 0 2 0 1 2 2 0 1 1 1 0 1 0 1 0 1 2 1 2 0 0 1 1 2 0 0 2 1 2 0 0 1 2 2 2 1 1 2 0 1 0 1 0 1 0 1 0 0 2 2 1 0 0 0 0 2 0 0 1 1 2 2 0 1 1
2 1 0 0 2 2 1 1 2 0 1 1 0 2 1 1 1 2 2 1 0 1 0 1 1 1 0 0 1 2 2 1 1 0 1 1 1 0 2 1 1 2 2 2 1 2 0 2 1 0 2 0 2 2 1 0 1 2 1 0 2 1 1 2 0 1 1 2 2 1 0 0 0 1 0 0 0 1 0 2 2 2 2 2 2 1 1 0 1 0 0 1 2 0 0 0 1 1 2 0 2 0 1 1 1 1 2 2 0 2 2 2 0 2 0 2 1 1 0 2 1 1
1 1 1 2 1 0 0 1 0 1 2 2 0 0 1 2 0 1 1 0 1 1 0 2 2 1 0 0 2 1 1 1 0 1 1 2 1 2 1 0 1 1 2 1 1 1 0 2 0 0 0 2 2 1 1 1 0 1 2 0 0 1 2 0 0 0 1 2 0 2 2 2 0 0 0 2 1 2 0 2 2 0 1 1 2 2 1 0 1 0 0 2 2 0 0 0 0 1 0 2 1 0 1 2 0 2 0 0 1 0 2 1 1 2 1 2 1 2 2 1 0 0
1 1 1 1 1 2 1 1 1 2 2 0 0 0 0 0 1 2 0 1 1 2 1 0 1 0 2 1 1 0 2 2 1 1 2 0 0 0 1 0 2 1 0 2 2 1 0 1 2 1 2 1 1 0 1 0 1 1 2 0 1 2 0 0 0 0 1 1 0 0 2 0 2 0 1 2 2 1 0 2 0 1 0 2 2 1 2 1 2 2 2 2 2 0 0 0 0 1 2 0 1 1 1 1 2 2 0 0 2 2 2 2 0 0 2 0 2 1 2 2 2 1
2 2 2 2 0 2 0 0 0 2 2 1 1 0 2 2 0 1 1 0 1 2 1 0 0 1 2 0 1 1 1 1 1 1 0 2 1 0 2 1 2 1 0 1 2 0 2 2 1 0 1 2 1 0 0 2 2 0 2 1 2 1 2 0 2 2 0 0 2 2 2 0 2 0 2 1 1 1 2 0 0 1 1 2 1 1 1 1 1 0 2 1 2 2 2 2 1 1 2 2 0 2 0 0 2 0 0 1 2 0 2 0 1 1 2 2 0 0 0 2 1 1
1 0 0 1 0 2 2 2 2 1 2 2 2 2 0 2 1 0 2 1 0 1 2 2 1 2 2 2 2 1 1 1 2 1 1 2 2 1 2 1 2 1 1 0 0 2 0 2 2 1 0 2 2 0 2 1 1 1 2 1 0 0 1 2 0 2 2 2 0 1 0 1 0 2 2 0 2 2 1 1 0 1 1 0 0 0 2 2 2 1 0 2 2 1 2 2 1 1 2 0 0 0 2 0 0 1 2 0 0 0 0 1 2 1 2 0 0 2 2 2 1 0
0 0 2 0 0 2 0 2 2 0 2 1 2 0 2 2 1 0 0 1 2 2 0 2 0 0 2 2 1 0 0 2 1 1 0 2 0 0 1 2 2 1 1 2 0 1 1 2 1 1 0 1 1 1 1 2 0 0 2 1 1 0 1 2 1 1 1 1 0 0 0 0 0 2 2 0 0 1 2 2 0 0 1 1 1 2 1 1 1 1 0 2 2 2 0 1 1 1 0 2 0 2 2 1 1 2 1 2 1 1 1 1 2 0 0 0 2 2 0 1 1 1
1 1 1 1 0 0 0 0 2 1 2 2 2 1 2 1 0 0 2 2 1 1 2 1 0 2 1 1 2 2 2 0 1 0 2 1 1 2 2 0 1 1 0 0 0 2 2 1 2 2 0 0 2 0 0 0 1 2 2 0 2 1 1 1 0 0 0 1 2 2 0 1 2 0 0 2 0 0 1 0 0 2 2 2 0 2 0 2 2 2 2 1 2 0 0 2 1 1 1 0 1 1 0 1 0 0 1 1 0 0 1 0 0 1 1 1 0 2 0 0 2 0
0 1 1 1 1 2 0 2 0 2 2 1 0 2 1 2 1 2 0 2 0 1 1 2 2 2 2 0 1 1 1 1 0 0 2 1 2 1 1 0 0 0 1 1 0 0 2 1 2 2 2 1 1 1 0 1 1 2 2 2 1 0 1 1 0 2 0 1 0 2 1 0 2 0 2 0 1 1 2 1 2 1 0 0 2 0 2 1 1 1 0 0 0 0 0 1 2 0 2 2 0 1 2 0 2 2 1 0 2 0 2 1 0 2 1 2 1 2 1 0 0 0
0 0 0 1 0 2 2 2 1 2 1 1 0 1 0 2 0 2 1 2 1 1 0 1 1 2 0 1 0 1 1 0 0 1 0 0 1 2 2 2 2 2 1 1 0 2 0 0 0 1 1 1 0 1 2 0 1 0 1 1 2 2 2 2 1 2 2 2 2 2 2 2 1 1 1 0 0 1 0 0 1 1 0 2 0 0 2 1 1 0 0 1 0 0 1 2 0 1 2 0 0 2 0 0 0 1 0 1 0 1 2 1 0 2 2 1 1 2 0 2 0 1
1 1 1 2 1 2 0 1 0 1 1 0 2 1 1 2 0 2 2 1 2 0 0 1 1 2 0 2 2 1 1 0 1 0 2 2 0 0 1 0 2 2 0 1 1 2 2 2 2 1 0 1 2 2 2 0 1 0 1 1 2 2 1 0 0 2 0 1 2 1 1 2 1 0 1 0 2 1 0 2 0 1 0 2 0 0 0 2 1 1 0 1 1 0 2 2 2 2 1 2 1 2 2 0 2 1 1 0 2 2 2 0 1 1 2 1 1 0 1 0 2 0
2 1 0 1 1 0 1 2 0 0 0 2 1 0 1 0 0 0 2 1 1 0 2 0 2 1 2 1 2 2 1 2 0 1 1 0 2 2 2 0 0 0 0 2 1 2 2 2 0 2 0 2 0 0 0 0 2 2 1 2 1 0 2 0 2 0 0 2 1 0 2 1 1 0 0 0 2 0 0 0 2 2 0 0 2 0 0 2 0 2 2 1 0 2 1 2 2 2 2 1 0 2 0 1 0 0 2 2 2 2 0 2 1 0 0 2 2 1 2 2 1 2
1 1 2 1 2 2 0 1 1 0 1 1 2 1 2 1 1 1 2 0 1 1 1 1 0 0 2 1 2 2 0 1 0 2 2 2 1 0 2 0 1 0 1 0 2 1 0 0 0 0 1 1 1 0 0 0 0 1 1 0 0 2 2 0 2 2 1 1 2 0 2 1 1 0 2 0 2 0 1 0 0 0 1 2 0 0 0 0 1 2 1 1 1 1 2 0 0 0 0 1 1 2 2 2 0 2 0 0 2 2 1 0 0 0 1 0 0 1 1 1 1 1
2 0 2 0 2 1 0 2 2 0 2 2 0 2 2 2 0 2 1 1 1 1 2 2 2 0 1 0 2 0 1 2 2 2 2 1 0 1 1 0 1 0 2 2 2 1 1 0 2 0 2 0 2 2 0 1 0 2 0 2 1 2 1 0 1 2 1 1 0 2 1 2 0 2 1 2 0 1 0 0 1 0 1 1 2 2 2 2 2 0 2 0 0 2 1 1 1 2 1 1 2 0 1 2 2 2 2 1 1 0 1 0 1 1 2 1 0 2 2 2 0 1
0 0 1 1 2 2 1 1 1 1 0 0 0 2 1 1 1 2 2 1 2 0 2 2 1 2 2 0 0 2 0 1 0 1 0 2 2 1 2 1 1 2 2 2 2 0 0 1 2 2 0 0 0 0 2 0 2 1 1 0 1 1 2 1 1 0 2 1 2 1 2 0 1 1 0 0 2 1 2 2 1 0 0 2 0 2 2 1 2 1 1 0 0 1 2 1 2 1 2 2 0 0 0 1 2 0 2 2 2 0 2 1 0 2 0 2 2 0 0 1 2 2
0 2 2 2 2 1 1 2 0 2 2 1 1 2 2 0 2 2 1 1 0 0 1 1 2 0 2 2 0 1 2 0 0 1 0 0 0 2 0 1 1 2 2 2 2 0 0 2 2 2 0 0 2 2 2 1 1 2 1 1 0 0 2 1 2 0 2 2 2 0 0 0 2 1 0 0 2 0 2 1 2 1 2 2 1 1 0 2 1 1 1 1 2 0 1 2 1 1 1 0 1 2 1 1 1 1 2 0 0 0 0 2 1 2 0 0 2 0 0 0 0 1
0 0 0 2 2 1 0 1 0 2 0 1 1 0 1 1 0 1 2 1 1 1 1 2 1 1 0 1 1 1 1 2 1 2 1 0 0 2 1 1 2 2 1 1 2 2 0 1 1 2 2 0 0 1 0 2 0 1 1 2 2 0 2 0 2 2 1 0 1 2 2 2 1 0 1 2 0 2 1 1 2 0 2 2 0 0 2 0 1 1 0 0 1 0 1 1 0 2 2 1 2 1 1 2 2 2 1 2 1 2 1 0 0 1 0 0 2 0 2 1 1 2
0 1 0 1 2 0 2 1 0 1 0 1 0 0 2 1 2 0 1 1 2 2 1 2 0 0 0 2 2 0 0 2 1 0 1 0 2 0 0 0 2 1 1 0 2 0 2 2 2 1 2 1 1 0 1 2 1 2 0 0 0 0 0 1 1 2 2 1 2 0 1 1 2 1 2 1 2 2 1 1 1 0 0 0 0 0 2 1 0 0 2 0 1 2 2 1 1 1 2 1 2 2 0 2 0 1 1 2 0 2 2 2 0 2 0 0 2 0 0 2 1 0
0 2 2 2 1 1 2 1 0 2 0 1 1 1 2 2 0 0 2 0 0 2 0 0 1 0 1 2 1 2 2 2 2 1 2 1 0 1 0 1 0 1 0 1 2 0 1 0 1 0 1 2 1 2 0 0 0 1 2 2 1 1 2 1 0 1 0 0 2 0 2 0 1 2 2 1 0 0 1 0 1 0 2 2 0 0 0 1 2 2 1 0 0 0 1 0 2 2 1 1 2 0 2 1 1 1 2 1 2 2 1 1 2 1 1 1 2 2 2 2 1 0
2 0 2 2 0 1 1 2 1 2 0 0 0 1 0 0 1 2 2 0 0 2 0 0 0 0 0 0 2 2 2 2 2 2 2 1 0 1 0 1 0 1 0 1 0 0 1 2 2 1 0 1 2 0 2 0 1 0 2 1 2 2 1 0 1 0 1 1 2 1 1 0 0 2 2 0 0 1 0 2 1 1 1 0 2 1 1 1 1 0 2 1 2 1 2 1 0 0 0 2 1 2 0 2 2 0 0 2 1 1 2 0 0 2 0 0 0 0 2 0 0 2
2 1 2 1 2 2 1 0 1 0 0 2 2 2 2 0 1 2 2 1 2 0 1 1 0 1 1 0 1 2 1 0 0 0 1 1 2 0 1 0 0 0 1 0 2 1 0 2 0 0 1 1 1 2 2 2 0 1 1 0 1 2 1 2 2 1 1 2 1 0 2 2 0 1 0 1 0 0 0 1 2 2 2 0 1 2 0 2 1 1 2 0 0 2 0 0 0 1 2 1 2 0 1 0 1 1 2 1 0 0 1 2 2 0 0 0 1 0 2 2 2 0
2 0 2 0 1 2 1 0 1 2 0 0 2 0 1 2 2 2 2 0 1 1 1 2 1 0 0 1 2 0 1 0 0 0 0 2 0 0 0 2 2 1 2 2 1 1 1 2 1 1 2 0 2 1 0 1 1 0 2 2 1 1 0 2 2 1 2 0 1 0 2 1 1 1 1 1 0 0 0 1 1 2 2 1 2 2 2 0 0 2 0 2 1 0 1 0 2 0 0 1 0 0 1 0 2 0 1 0 1 2 1 0 2 1 2 1 1 1 0 2 1 0
1 2 2 1 1 2 1 2 1 0 0 0 0 2 1 2 2 0 1 2 0 0 1 2 0 0 2 0 0 0 1 2 1 1 0 2 1 2 2 1 2 2 1 2 2 2 2 2 2 0 1 1 2 1 0 2 1 0 0 1 1 2 1 0 2 2 0 0 2 2 1 2 2 1 0 2 1 2 2 2 0 2 0 0 0 1 0 1 2 1 0 1 0 0 1 0 2 2 2 2 1 0 2 1 2 2 1 1 2 1 0 0 0 1 0 1 2 1 0 1 2 0
2 1 1 1 1 1 0 0 1 0 2 0 1 1 0 0 0 0 2 1 1 0 2 2 1 2 1 1 1 1 1 2 2 0 0 1 2 2 0 0 2 2 2 1 1 0 2 2 0 1 0 0 2 1 0 0 0 1 1 1 2 1 1 2 2 0 1 1 2 1 2 2 1 1 1 0 2 2 2 0 1 1 1 1 0 1 1 0 0 0 2 0 2 1 0 1 1 2 0 1 1 2 1 2 2 2 2 2 1 0 0 0 2 2 1 2 0 0 0 0 1 0
1 0 1 2 1 0 2 1 2 0 2 0 0 1 1 0 0 0 1 0 1 0 2 2 0 1 1 1 1 2 2 0 0 0 0 1 2 2 1 1 0 0 0 0 2 1 1 0 1 2 1 0 1 2 0 2 0 2 1 2 2 0 1 0 1 1 1 0 2 0 0 2 1 0 0 0 2 2 0 1 1 2 2 0 1 1 0 1 0 1 0 0 1 2 0 0 1 0 2 1 0 2 0 2 0 1 2 0 1 1 1 1 0 2 1 2 0 1 1 1 0 1
2 2 2 2 0 0 0 2 2 1 2 2 1 0 2 1 0 0 2 1 2 0 0 1 2 1 0 0 0 2 0 0 1 2 0 2 0 1 1 2 0 1 2 1 1 1 2 1 0 2 1 2 0 2 1 0 2 2 1 2 1 2 0 0 1 0 0 2 1 2 2 1 1 2 0 0 1 0 0 2 0 1 2 0 1 1 1 0 0 0 0 2 0 0 0 0 1 1 2 0 0 2 2 2 2 2 1 0 0 1 0 0 0 0 2 1 1 0 2 0 1 2
2 2 0 0 2 2 2 2 2 1 1 2 0 0 0 1 2 0 0 2 2 0 2 1 2 1 2 2 1 1 2 2 0 0 0 0 2 0 2 0 1 1 2 2 2 2 2 1 1 2 1 1 1 0 2 1 0 1 0 1 0 2 0 1 0 2 1 0 2 1 0 1 0 0 0 0 0 0 2 2 0 1 0 2 0 2 0 0 2 0 1 0 0 0 2 1 2 0 2 2 2 2 0 2 0 1 1 1 2 1 0 0 2 2 2 2 2 2 2 1 0 2
2 0 0 2 2 2 2 1 1 0 1 2 0 2 0 1 1 0 2 1 0 2 1 2 2 1 2 2 0 2 2 0 0 2 2 0 1 2 2 0 2 0 0 2 2 0 2 0 2 1 0 2 1 1 0 1 2 2 1 0 0 0 0 1 2 0 1 1 0 0 2 0 0 2 0 1 0 2 2 2 2 2 2 0 2 0 2 2 0 0 0 0 0 1 1 0 2 2 1 0 0 0 1 2 0 2 1 1 0 0 1 2 1 1 0 0 1 0 2 2 1 0
2 2 2 2 0 2 1 2 0 0 0 1 2 1 0 0 0 1 1 1 0 2 0 2 0 2 2 1 1 0 2 2 0 1 1 1 1 0 1 1 0 1 0 0 0 1 1 1 0 1 1 0 0 2 0 2 1 2 0 1 1 2 1 2 0 2 0 2 0 2 0 2 2 1 0 2 2 2 2 2 1 0 1 1 2 1 0 1 2 1 2 1 0 0 0 1 0 2 0 1 1 1 1 0 2 1 1 0 1 1 0 2 1 1 2 1 1 0 2 1 2 0
2 2 1 0 1 2 0 2 1 0 2 2 1 1 0 2 2 2 0 0 2 2 2 1 1 1 2 1 2 2 2 2 1 0 1 0 0 1 1 1 1 0 1 0 2 2 0 2 2 2 0 2 2 2 1 1 1 1 0 0 0 2 1 1 0 2 0 1 1 1 2 0 2 2 1 1 2 1 1 1 1 1 1 1 1 2 2 0 1 0 0 1 2 2 1 2 1 1 1 1 0 2 1 0 1 0 1 0 1 0 2 1 2 0 2 0 0 2 0 2 2 2
1 2 2 2 2 2 1 1 0 2 0 1 2 1 2 1 1 1 2 0 2 2 1 2 0 2 1 2 2 1 2 0 0 1 0 0 0 1 2 0 1 2 2 0 0 1 2 2 0 2 0 2 1 1 0 2 1 1 1 0 1 0 1 1 2 1 2 2 0 2 1 1 1 1 2 2 0 1 1 1 1 1 1 2 1 1 0 2 1 1 0 2 2 1 1 1 2 2 1 2 1 0 1 0 2 0 2 0 2 2 1 1 1 0 1 2 2 1 2 1 0 2
0 0 0 2 2 2 1 0 2 0 2 0 1 1 1 1 1 1 0 0 0 0 0 1 2 0 1 2 1 2 1 2 2 0 2 1 0 1 2 0 2 1 1 0 0 0 0 1 1 1 2 2 1 1 0 2 1 2 1 1 1 0 1 1 0 1 2 1 0 0 2 2 1 0 1 2 0 1 1 2 2 1 1 2 2 0 1 1 0 2 0 2 0 2 0 2 1 1 1 1 1 0 2 0 0 0 0 2 1 2 2 1 1 1 0 1 2 1 2 2 1 1
2 2 1 1 2 2 2 0 1 1 0 1 2 1 1 0 0 0 0 0 1 1 2 0 2 2 1 2 1 1 0 1 1 1 0 0 1 0 0 0 1 1 1 0 2 0 1 1 0 1 2 2 0 2 0 2 1 2 0 2 1 1 1 2 0 1 2 2 1 0 0 0 1 2 2 0 2 0 2 0 0 1 0 0 1 1 1 2 1 2 0 2 0 1 1 0 1 1 0 0 1 1 2 2 0 1 0 0 2 0 0 0 2 2 2 1 0 1 1 1 0 1
1 0 0 2 2 2 1 2 0 2 1 2 1 2 1 2 0 1 2 1 2 0 0 1 2 1 2 0 0 2 2 1 0 0 1 0 0 2 0 0 1 2 0 0 2 1 0 2 0 0 1 0 1 2 1 0 1 2 2 2 1 2 1 2 2 0 0 2 0 1 0 0 0 0 0 2 0 1 2 0 0 2 1 1 2 1 0 0 0 2 0 2 1 2 0 1 2 0 1 0 1 1 0 0 0 2 0 0 0 1 1 0 0 0 0 2 2 0 2 2 0 1
2 2 0 2 0 0 0 1 0 2 0 1 2 0 1 0 1 1 1 0 0 1 1 0 1 0 1 1 0 1 2 2 0 2 0 1 2 0 0 1 2 0 0 0 2 1 0 0 0 1 1 0 0 0 1 1 0 0 2 1 2 0 2 2 2 2 1 0 0 1 1 0 0 1 0 0 2 1 0 2 0 2 1 0 0 0 2 2 1 0 0 0 0 0 1 2 0 2 2 1 2 1 2 0 2 0 0 2 0 1 0 0 1 2 1 2 2 0 1 0 0 1
2 1 0 1 1 0 1 1 0 0 0 0 1 0 0 1 1 1 1 1 2 2 0 0 1 0 1 2 2 0 2 1 1 2 2 0 0 0 0 1 2 0 1 0 1 0 0 0 1 1 1 0 0 2 1 0 1 1 2 0 2 1 1 1 1 1 2 0 1 2 1 1 0 0 2 2 1 0 0 2 2 2 0 0 0 2 0 1 0 0 1 2 2 0 2 2 1 2 0 0 1 2 2 2 0 2 2 1 0 0 1 2 1 2 2 1 1 0 0 0 1 1
0 1 2 2 1 0 1 1 1 0 1 0 0 1 0 1 0 0 1 2 2 2 2 0 1 1 0 1 1 2 0 0 0 0 0 2 0 0 1 0 1 2 0 0 2 2 1 0 2 0 0 0 1 2 0 0 0 1 0 0 0 0 1 1 1 2 1 2 2 0 0 2 0 1 2 0 1 1 0 0 2 1 0 1 0 0 2 2 2 2 0 2 0 1 2 2 0 0 0 1 1 0 0 2 2 0 0 0 2 2 1 2 0 2 1 1 1 1 1 0 0 1
1 1 2 0 2 0 1 2 1 0 2 2 0 2 0 0 0 2 2 2 0 0 2 1 2 1 2 0 1 0 1 0 2 1 0 1 2 2 0 2 0 1 1 0 1 0 1 1 0 1 1 0 2 1 2 2 2 1 0 1 2 2 2 0 0 0 1 0 0 0 2 0 1 2 1 0 2 0 1 2 2 0 1 2 1 0 1 1 0 2 1 0 1 1 0 2 1 0 2 0 0 2 1 2 1 0 2 1 0 1 1 0 2 2 2 1 1 1 0 1 0 1
1 1 2 0 0 1 0 0 1 1 0 0 0 1 1 0 0 1 1 2 2 0 2 1 2 0 0 0 1 0 1 1 1 1 2 2 2 2 0 2 0 1 0 1 0 1 1 1 0 0 0 2 1 2 1 1 1 1 1 2 1 0 1 0 2 0 0 2 0 0 1 1 1 1 2 0 0 1 1 0 2 2 0 1 2 1 0 0 0 2 1 2 2 2 0 2 1 0 1 1 2 0 0 1 2 0 1 1 0 2 2 0 2 0 2 2 2 2 2 1 1 1
0 1 1 1 0 0 2 2 2 1 2 0 1 0 1 2 1 2 0 0 2 2 1 1 2 1 1 2 2 0 0 0 2 2 1 0 0 2 2 0 0 0 1 2 0 0 2 2 2 0 0 2 0 2 1 0 1 2 0 1 0 1 1 2 2 1 0 0 0 0 1 1 1 0 1 2 0 1 1 0 2 1 2 2 1 1 0 0 1 1 1 0 1 1 0 1 0 1 1 1 2 0 2 0 0 1 2 0 2 1 1 2 0 2 2 2 1 0 0 0 0 2
0 1 1 1 2 2 0 0 0 0 1 0 0 2 2 0 0 2 1 2 2 2 1 2 1 0 0 0 1 0 2 1 1 1 0 1 0 1 2 1 1 1 1 1 1 1 2 2 2 1 1 2 1 1 1 0 2 1 0 0 0 0 0 1 1 0 0 2 2 0 1 0 1 0 0 0 2 0 2 2 2 2 1 1 1 0 1 0 0 0 2 0 0 2 1 0 0 2 2 0 0 1 2 0 2 2 0 2 0 1 2 2 1 0 0 2 2 0 0 2 0 2
2 0 1 1 1 0 2 2 0 2 1 2 2 0 2 1 0 0 2 2 0 0 1 1 0 0 2 1 0 0 1 0 0 0 2 0 0 1 2 2 2 0 1 1 1 1 2 1 1 2 2 1 2 0 0 0 1 2 2 2 2 1 2 1 1 1 1 0 1 1 2 0 1 1 1 2 2 2 1 0 1 0 0 2 1 0 2 0 1 1 2 1 0 2 0 2 1 2 0 2 0 0 0 2 1 2 1 2 1 1 2 1 1 0 1 1 1 0 1 0 0 2
1 0 1 0 0 0 2 1 0 1 1 0 0 1 0 0 0 2 1 0 0 0 1 2 1 0 0 1 1 1 0 0 2 2 0 0 0 1 2 0 2 2 1 0 0 2 1 1 1 2 2 0 1 1 2 0 1 0 1 0 2 2 1 2 2 1 0 0 2 2 0 2 1 2 1 2 1 2 1 1 2 1 1 1 0 1 1 0 2 0 0 1 0 1 1 0 0 1 0 0 1 2 1 0 2 2 0 1 1 2 0 1 1 2 2 2 0 2 2 0 0 2
0 0 1 1 1 2 1 2 2 2 1 1 0 1 0 1 0 0 1 0 2 2 2 2 1 0 2 1 2 2 1 2 2 2 1 1 1 2 1 1 2 2 0 1 1 1 2 1 1 1 2 1 1 2 1 0 1 0 2 0 2 1 0 2 1 2 1 0 0 0 1 0 0 2 1 2 1 2 1 0 0 1 1 2 1 0 1 2 0 1 0 0 2 0 1 0 1 0 0 1 0 2 1 0 2 0 2 1 2 2 1 0 1 0 0 2 1 1 0 2 2 0
0 1 2 1 2 0 1 0 1 2 2 2 0 2 0 0 0 0 2 2 1 0 0 2 1 1 0 1 1 0 1 0 1 0 1 1 1 1 1 2 0 1 0 1 1 1 2 2 2 2 2 1 0 0 0 1 2 1 0 1 1 1 1 0 0 1 2 2 0 0 2 1 2 0 0 1 1 0 1 1 2 0 0 0 1 1 1 1 0 2 0 1 2 0 2 0 2 1 2 2 2 2 1 2 2 1 0 2 2 1 1 2 0 0 2 2 2 2 1 0 1 2
1 0 2 2 0 1 0 1 1 0 0 0 0 0 2 0 0 2 0 2 2 1 2 1 0 2 1 2 2 1 1 1 2 2 0 1 1 2 2 0 0 2 1 0 0 1 0 0 0 0 1 0 2 0 2 0 0 1 2 2 2 2 2 2 1 0 1 0 0 0 0 0 2 2 0 1 1 1 2 2 2 0 0 2 1 0 2 1 1 0 2 2 0 2 2 1 0 0 2 1 0 0 1 0 0 2 1 1 1 2 1 1 2 1 0 0 1 1 0 0 2 0
2 2 0 1 1 0 2 0 1 0 1 1 1 2 0 0 1 2 2 2 0 2 1 2 0 0 1 1 1 0 2 1 2 2 0 1 0 0 1 2 1 1 0 2 1 1 0 2 0 1 2 2 1 1 1 1 2 2 1 1 2 0 2 2 0 0 1 1 1 0 1 2 1 2 2 2 1 0 0 0 1 0 2 2 1 0 2 1 0 1 2 0 1 2 0 2 0 1 1 1 1 0 1 1 0 1 1 1 2 1 2 1 1 1 2 1 2 2 2 2 0 2
0 1 2 0 2 2 2 0 2 2 0 0 0 1 2 2 0 1 2 0 0 1 2 2 2 2 1 0 0 1 0 0 1 2 2 0 2 1 1 1 0 0 2 1 1 2 2 1 1 1 2 1 0 2 1 1 1 2 1 2 2 1 0 0 1 2 1 0 0 2 0 2 2 0 0 1 2 0 0 1 1 0 2 0 0 1 1 0 1 2 2 0 1 0 1 0 2 2 0 1 2 1 1 2 1 1 1 1 0 2 2 1 1 0 1 1 1 0 1 0 0 1
0 1 1 2 1 2 1 0 1 2 1 2 1 1 1 0 2 1 2 2 1 0 2 0 0 0 1 1 2 1 0 2 1 0 0 2 0 2 0 1 1 0 1 2 1 2 0 0 2 1 0 0 1 2 0 1 1 2 1 0 1 2 0 2 2 1 2 2 1 0 1 2 0 2 0 1 0 0 2 2 1 0 2 1 0 0 0 1 0 2 2 2 2 1 1 1 2 0 2 0 1 1 1 2 1 1 0 1 1 0 0 1 0 0 0 1 1 0 0 1 0 0
1 2 2 2 1 2 1 1 0 0 0 1 0 1 2 1 0 2 1 1 1 2 2 1 1 0 2 2 0 2 0 1 2 0 2 2 0 1 0 0 1 0 2 1 2 2 1 2 2 0 1 0 1 0 2 0 1 2 2 1 2 0 2 2 0 2 1 0 0 2 2 2 0 2 1 0 2 2 0 2 0 1 0 1 2 0 1 1 2 1 2 1 2 2 1 1 2 0 1 2 0 1 2 1 0 2 1 0 1 2 0 2 2 0 1 2 0 0 1 0 2 0
0 2 0 1 0 0 0 2 0 1 1 0 0 2 2 2 0 2 2 0 1 2 2 1 2 0 1 0 1 2 1 1 1 2 0 1 0 1 1 1 2 0 1 2 1 1 2 1 1 2 0 0 2 0 1 1 0 1 2 1 0 1 0 1 0 2 0 0 0 2 1 1 0 1 0 1 0 0 0 1 2 1 1 1 1 0 0 2 2 0 1 2 1 0 1 0 0 1 0 1 0 0 2 1 2 0 2 2 1 0 0 1 2 2 0 1 0 1 1 2 2 2
1 2 0 2 2 0 1 0 2 0 0 1 1 2 2 1 2 1 2 0 0 1 0 0 0 0 2 1 1 0 1 0 2 2 1 1 0 2 1 0 0 0 1 2 0 2 1 0 1 1 0 2 2 1 2 1 0 0 2 1 0 1 2 0 1 0 1 2 1 0 2 1 0 1 0 2 1 1 2 2 0 0 1 0 0 2 2 0 0 1 2 1 1 1 1 2 0 2 2 1 0 1 0 1 0 2 1 2 1 1 2 2 1 2 0 2 2 2 2 2 0 2
0 2 2 1 1 2 1 0 1 1 2 1 0 1 1 1 0 0 0 0 2 2 2 2 1 1 1 2 0 2 1 1 2 0 0 1 0 2 0 1 2 0 1 0 1 2 0 1 2 0 2 1 0 2 1 2 1 2 2 2 0 0 1 2 2 2 1 2 2 1 2 2 2 0 2 0 0 2 0 1 0 2 2 0 2 2 0 0 1 2 1 2 1 0 1 1 2 0 0 2 2 2 1 1 0 1 0 2 0 0 0 1 0 0 0 2 2 0 1 2 1 2
1 2 2 0 0 2 1 1 2 1 2 0 0 0 2 1 2 1 1 2 2 2 0 2 1 2 1 0 2 2 2 1 2 2 2 0 2 0 1 1 1 1 2 2 2 2 1 2 0 2 2 0 2 0 0 2 0 2 2 0 1 0 1 0 2 0 0 2 1 2 1 0 1 1 1 1 1 2 0 2 0 2 2 2 0 0 1 1 2 2 2 1 2 0 1 2 1 2 0 2 2 1 2 1 0 1 2 1 1 0 0 1 0 1 1 1 1 1 2 2 0 2
0 0 2 0 0 0 2 0 0 2 2 1 0 0 2 0 2 0 1 0 2 2 1 2 1 1 0 1 0 1 1 0 1 1 0 2 2 1 0 0 0 0 1 2 0 0 0 0 2 2 1 2 1 0 1 0 1 2 2 2 0 0 0 2 2 1 0 2 0 0 0 1 1 2 1 2 2 1 0 2 1 2 0 0 2 2 1 2 2 1 1 0 2 2 1 2 2 1 2 2 2 2 1 0 1 0 0 2 2 0 2 1 0 2 2 0 2 2 0 2 0 1
0 0 1 1 0 1 0 2 0 2 0 0 0 2 0 1 2 0 2 2 2 0 2 2 1 1 1 1 1 1 0 2 2 2 0 0 0 2 0 2 1 0 2 0 1 2 2 0 0 2 2 2 0 2 2 1 1 0 0 1 0 1 0 0 1 1 0 2 0 1 1 0 2 1 1 0 0 1 1 1 0 1 1 1 1 1 0 0 2 2 1 0 1 2 0 2 1 1 2 2 0 1 2 0 2 1 1 1 2 0 2 0 1 1 2 0 0 2 0 0 2 0
0 0 2 1 0 1 0 2 1 0 1 1 1 0 1 2 2 0 2 2 1 1 0 0 2 1 1 1 1 0 1 1 1 1 0 2 1 1 1 0 2 0 2 1 2 0 1 1 1 2 0 0 1 2 1 1 0 0 2 2 1 1 1 0 0 0 2 1 1 2 2 1 0 2 2 2 2 1 1 1 1 2 2 2 2 1 0 0 2 0 0 0 1 2 2 0 0 2 2 2 2 2 0 0 1 1 2 1 0 1 1 1 2 0 0 1 2 2 2 2 2 2
2 2 0 2 0 0 2 2 0 1 1 1 2 2 2 2 2 0 1 0 1 0 1 2 0 0 2 2 2 0 0 2 0 0 0 0 1 0 2 2 1 1 0 1 1 0 1 0 1 0 1 2 1 2 2 2 0 2 1 0 2 1 1 2 2 1 2 1 1 2 0 0 0 1 2 0 2 1 1 0 2 0 0 1 0 0 0 1 2 1 2 2 1 0 2 0 1 1 2 0 2 0 2 0 2 1 0 1 0 0 2 2 1 0 1 1 1 1 0 1 0 0
1 1 0 0 0 0 0 0 1 2 1 0 2 0 2 1 0 0 1 0 0 2 1 1 1 0 2 2 1 0 2 0 0 0 1 0 0 2 1 0 2 2 0 1 1 0 0 2 1 1 2 1 1 1 2 0 2 2 0 2 1 0 2 1 0 1 2 2 0 0 2 2 1 0 2 0 2 2 2 0 2 2 2 1 2 2 2 2 0 2 1 1 2 1 2 1 0 2 0 2 2 0 2 1 0 1 1 2 2 1 0 2 1 0 0 1 2 0 0 0 0 2
1 1 1 1 2 2 0 0 1 1 0 2 2 1 1 2 2 0 0 0 0 1 0 1 0 0 2 1 1 0 1 0 1 0 2 1 0 0 1 0 1 2 2 2 1 0 1 0 2 1 1 2 1 1 1 1 2 0 0 0 2 2 2 0 0 1 2 1 2 0 1 1 0 0 0 2 1 2 0 0 0 1 0 1 2 1 1 2 0 2 1 2 2 0 0 0 2 2 1 1 1 0 0 2 1 1 2 0 0 2 1 2 0 1 1 0 1 0 0 2 0 1
2 0 1 2 0 1 0 0 0 2 1 1 1 0 0 1 1 1 0 2 0 1 2 0 2 1 0 2 1 0 1 0 1 0 2 2 2 2 0 0 2 1 2 0 2 0 2 1 2 0 2 0 1 1 0 1 0 2 1 1 2 0 1 2 1 1 1 1 2 2 1 1 0 1 0 0 1 2 2 1 0 1 0 2 0 1 1 0 0 0 2 1 1 0 0 2 0 2 1 2 1 0 0 1 2 1 2 1 1 2 0 2 0 0 1 1 2 0 2 0 0 2
1 1 0 2 2 0 1 0 0 2 0 2 2 1 0 1 2 2 1 0 1 0 2 0 1 2 0 1 2 2 0 2 1 1 1 0 2 1 0 0 0 2 0 2 0 0 2 0 0 0 1 2 1 0 0 2 2 2 2 0 1 2 2 2 1 1 0 2 2 1 0 1 1 0 0 2 1 0 0 1 2 2 2 0 0 2 1 0 1 0 1 0 2 1 0 2 0 1 1 0 0 1 1 2 2 2 2 0 1 0 0 0 2 2 0 2 2 2 0 2 2 2
2 0 0 0 2 1 2 1 2 0 0 1 0 2 1 2 0 2 2 0 0 2 0 1 2 0 0 0 2 1 0 2 1 1 0 0 2 0 1 1 0 1 0 1 1 2 1 1 1 0 0 2 0 0 1 0 1 2 1 1 0 2 1 1 1 2 2 1 2 1 1 1 2 1 2 1 0 0 1 0 2 1 0 0 2 1 1 1 1 0 2 2 0 1 1 2 1 1 0 2 2 1 1 0 0 0 1 1 2 0 1 2 1 1 0 1 0 2 2 2 2 2
2 0 2 0 2 1 1 0 1 2 1 2 2 2 1 1 2 1 2 1 1 0 1 1 2 1 1 2 1 0 0 0 1 2 1 0 1 0 1 0 2 1 0 1 0 1 1 0 0 0 2 1 1 0 0 1 2 2 0 1 0 0 1 2 0 2 0 2 0 2 0 0 1 0 2 1 0 0 0 1 1 2 1 2 2 1 0 1 2 2 2 0 2 2 2 1 2 0 1 0 0 1 1 1 2 1 1 0 2 1 2 0 1 0 0 0 2 2 2 1 1 0
1 1 0 1 0 2 2 1 0 0 0 1 0 0 0 1 1 2 0 0 0 1 1 0 2 2 2 1 0 1 2 0 1 2 1 1 2 1 1 0 0 1 1 0 1 2 1 1 1 1 1 1 2 1 2 1 0 0 0 1 1 1 1 0 0 1 0 0 2 1 0 2 2 2 2 2 1 1 0 0 0 2 1 0 0 2 2 1 2 0 0 1 2 1 2 2 2 2 0 0 0 1 0 2 2 1 2 0 2 2 1 1 0 0 1 0 2 1 0 2 2 0
1 1 2 1 1 0 0 2 0 1 1 0 1 0 1 1 1 2 1 0 0 1 1 2 0 1 0 0 1 0 0 0 1 0 1 0 0 2 2 1 0 1 2 2 2 1 0 1 1 2 1 2 1 0 2 1 0 2 1 1 1 2 2 2 0 0 0 0 0 1 2 0 0 2 2 0 1 1 2 1 1 0 0 2 2 2 1 2 0 0 1 1 0 0 0 1 1 2 2 1 0 2 2 1 1 2 1 1 0 0 2 2 2 2 2 1 2 1 0 0 2 1
1 2 2 2 0 0 1 0 1 2 2 0 1 2 0 0 1 1 1 0 0 1 0 0 2 0 2 0 0 2 2 1 2 1 1 0 1 2 1 0 0 1 1 2 1 1 2 2 0 1 2 2 2 1 0 2 1 0 0 2 0 2 0 2 0 2 0 2 0 1 0 0 1 2 2 2 1 1 2 2 1 2 1 0 0 0 1 2 0 1 2 1 1 2 0 2 2 2 0 0 0 0 0 2 0 0 2 2 2 2 2 0 2 2 2 1 2 0 0 0 1 2
1 0 2 2 0 2 1 1 2 0 1 0 2 2 0 2 2 0 2 2 0 2 1 2 0 0 0 1 1 0 1 2 0 1 2 1 1 1 2 1 1 2 2 1 1 0 1 2 0 1 1 2 1 0 2 2 1 1 0 2 1 2 2 1 1 1 0 0 2 0 1 1 2 1 0 2 2 2 1 0 1 0 0 0 0 1 2 1 2 1 1 0 0 0 1 1 1 2 1 2 1 1 1 0 2 2 0 1 1 1 0 0 1 0 1 2 1 0 0 0 1 1
0 2 2 0 1 2 0 1 2 1 2 0 0 1 0 1 1 2 0 1 0 2 1 1 0 1 2 1 1 1 1 0 0 0 1 0 2 1 1 2 1 0 0 1 2 1 2 0 0 0 2 1 1 1 2 1 0 2 0 1 1 1 2 2 2 0 2 2 2 1 2 1 2 0 2 2 2 2 2 2 1 2 1 0 1 2 2 2 2 2 0 0 1 1 0 0 1 0 0 1 2 0 2 1 1 2 1 0 0 2 1 1 2 0 1 0 2 0 0 0 2 0
0 1 2 1 2 2 0 0 1 2 1 1 1 0 1 0 0 1 0 2 0 2 0 2 0 2 2 0 0 0 1 1 2 1 0 2 0 0 0 1 0 1 0 2 1 2 0 0 1 0 2 0 2 2 2 0 0 0 0 0 1 1 1 0 2 0 2 0 0 2 2 1 1 0 1 0 0 2 0 2 2 0 2 2 0 2 2 0 2 2 1 0 1 0 1 1 0 1 1 2 2 1 0 1 2 2 1 2 1 2 2 1 0 2 0 0 2 0 1 2 0 0
0 1 1 2 0 2 0 0 1 0 2 2 1 2 1 0 2 2 0 2 0 1 0 1 1 2 2 0 2 0 1 2 2 0 2 1 0 1 1 2 1 0 1 0 0 0 1 0 0 1 0 1 2 0 2 1 0 2 0 0 0 1 0 2 2 0 0 2 2 2 1 0 1 0 0 2 0 2 2 0 0 0 1 0 1 1 0 2 1 0 0 1 2 1 1 2 2 2 1 1 2 1 2 0 1 1 2 2 0 2 0 2 0 2 2 2 1 2 2 0 0 2
2 0 1 0 2 1 1 1 0 1 2 0 2 1 1 2 1 1 2 1 0 2 1 1 2 1 1 1 1 2 1 0 0 1 2 0 0 1 1 1 2 1 1 1 0 0 0 2 1 0 0 0 2 0 2 1 1 0 0 0 0 0 0 0 2 0 0 2 2 0 0 1 2 2 0 2 2 1 1 2 1 2 0 1 0 2 0 1 0 1 1 1 1 0 1 1 1 0 0 1 0 2 0 2 1 1 2 2 2 1 2 2 1 2 0 2 2 0 0 2 2 0
0 1 0 0 2 2 1 0 0 2 0 1 1 1 0 1 1 2 0 0 2 1 0 2 0 2 1 1 2 1 2 0 0 2 0 2 1 2 0 0 1 0 2 0 0 2 1 2 2 1 1 2 1 1 1 1 2 0 0 2 2 2 2 0 2 1 2 2 0 1 2 0 2 1 0 2 1 2 0 0 1 1 2 2 2 2 2 2 2 2 1 2 2 2 2 2 1 0 1 2 1 0 2 1 2 0 2 0 0 2 1 2 0 0 0 0 2 2 0 0 2 2
2 2 2 0 2 1 0 0 1 2 2 1 0 2 2 2 1 0 1 0 0 2 1 0 0 2 0 1 2 2 1 2 0 2 2 2 0 2 0 2 1 0 2 2 0 1 2 2 2 2 2 0 1 0 1 2 2 1 1 1 1 0 2 1 0 1 1 1 2 0 1 0 0 1 0 1 2 0 0 2 2 2 2 1 0 0 1 0 2 2 0 1 0 2 0 1 1 0 0 0 0 1 1 0 0 2 0 2 0 0 0 0 1 2 2 2 1 1 2 0 1 2
2 2 2 1 0 1 1 1 1 1 0 0 2 0 0 2 0 1 1 1 2 0 0 2 2 2 0 2 0 1 2 0 1 2 1 0 0 2 1 2 1 2 2 1 2 0 1 0 0 0 1 2 0 0 2 2 2 2 2 0 1 2 2 1 1 0 1 2 1 0 2 2 0 2 1 0 1 1 1 1 1 1 0 2 1 0 2 1 2 1 0 1 1 2 2 0 0 1 0 2 0 2 0 0 2 1 1 0 2 0 1 1 2 1 1 1 2 0 0 1 0 0
1 1 0 1 2 2 1 2 1 1 2 1 1 2 1 0 2 1 1 1 0 1 0 1 2 0 0 0 2 0 1 1 2 2 0 2 2 2 2 2 0 2 1 2 2 0 0 2 2 2 1 2 0 2 1 0 0 1 1 0 2 0 0 1 0 1 1 0 0 1 0 0 1 2 0 1 0 1 0 2 0 2 1 2 2 0 0 0 1 1 0 1 2 0 0 0 1 1 1 2 0 1 0 1 0 1 2 0 0 1 0 0 0 2 0 2 2 1 0 2 0 0
0 0 2 1 0 1 1 1 2 1 0 2 1 1 0 0 0 0 1 0 2 2 0 0 2 1 1 2 0 0 1 1 0 1 1 0 2 2 2 1 1 0 2 2 2 2 1 2 1 2 1 1 0 1 1 2 2 1 2 0 2 1 0 2 2 1 0 2 0 0 2 2 0 1 2 2 1 0 0 2 0 1 1 0 0 1 1 1 0 1 1 2 2 1 1 1 2 1 0 0 2 2 0 2 1 0 2 0 0 0 0 1 2 2 2 0 1 1 2 1 2 0
0 1 0 1 2 0 0 0 1 2 1 2 2 2 2 2 0 0 0 1 1 0 1 1 0 2 2 0 0 2 1 0 0 2 2 0 2 0 2 1 2 0 1 2 2 1 1 0 1 2 2 1 0 0 0 1 2 1 2 0 0 1 0 2 0 0 2 0 0 1 2 0 2 0 2 0 2 0 1 1 1 0 0 1 1 2 2 0 0 2 1 1 0 1 0 0 2 1 2 2 0 1 2 0 2 1 1 2 2 2 2 0 0 2 1 1 1 2 2 2 1 0
1 2 2 2 0 1 1 2 1 2 1 1 0 1 0 1 1 2 1 0 1 1 1 0 0 0 2 2 0 2 0 2 2 2 2 0 1 1 1 0 1 2 1 1 1 1 0 1 1 2 1 2 1 0 0 1 1 0 1 2 0 1 1 2 1 0 1 0 2 2 0 0 2 1 2 2 0 0 0 1 2 1 1 0 0 2 2 1 0 0 0 2 1 2 1 0 2 0 0 0 2 0 0 0 2 1 2 2 1 2 2 2 1 0 0 1 0 0 2 1 0 0
0 0 2 0 0 2 0 1 2 1 2 0 1 2 1 0 2 1 0 1 0 1 2 0 0 0 1 0 2 0 1 0 0 0 0 1 0 2 0 0 0 0 1 2 0 0 2 0 1 2 2 2 1 2 1 1 0 2 0 0 0 1 0 0 1 2 0 2 1 0 0 2 1 2 1 1 0 1 2 2 0 2 0 2 2 1 1 0 1 1 0 2 0 2 0 2 2 0 1 0 1 0 2 2 2 1 2 2 2 2 0 2 2 0 2 1 1 0 2 0 2 0
2 0 0 0 0 2 0 2 2 2 2 2 0 2 0 0 2 2 2 0 2 1 0 2 0 2 0 0 0 1 1 0 1 1 0 1 2 2 2 2 1 1 2 1 1 0 2 1 0 1 1 0 0 0 0 1 0 1 1 1 0 0 2 2 0 0 2 2 2 1 1 1 2 1 0 1 2 0 0 0 2 1 0 0 2 1 2 1 0 1 2 1 2 1 0 0 0 2 2 2 0 1 0 0 0 2 2 2 0 2 2 2 1 0 0 1 2 0 2 0 2 2
1 2 2 2 2 2 2 2 1 0 0 0 1 0 0 0 0 0 2 2 0 0 1 2 2 0 2 2 1 2 2 0 1 1 2 1 0 2 0 1 0 1 1 1 1 1 1 2 2 1 2 1 2 0 0 2 2 2 1 1 2 0 1 1 1 1 0 2 1 0 1 1 1 0 0 1 0 2 1 2 0 1 1 2 0 1 2 2 2 1 0 2 2 1 0 2 0 1 1 2 2 2 1 1 1 1 0 1 1 2 1 1 1 0 2 1 1 1 1 1 0 2
0 0 1 2 0 0 0 1 2 0 1 2 2 0 1 0 1 0 0 0 2 2 0 2 1 0 1 2 2 2 2 0 0 0 2 0 0 2 2 1 0 1 1 0 1 2 1 0 0 2 0 0 1 2 2 2 0 1 2 2 1 2 0 2 0 2 0 1 0 0 0 1 1 1 2 0 2 0 0 2 0 1 0 1 1 0 2 1 2 2 2 0 2 2 1 0 0 1 2 0 2 1 2 1 0 1 1 2 1 2 0 1 1 0 1 0 1 1 2 1 1 1
2 0 2 0 1 2 2 2 0 1 0 2 2 1 0 1 1 2 0 2 1 0 0 0 0 2 2 2 0 0 2 2 1 1 1 0 1 0 2 1 0 0 0 2 2 1 2 1 0 0 0 2 0 0 2 0 0 2 1 0 0 1 1 1 2 0 2 0 1 0 2 1 0 0 2 0 1 1 1 2 1 2 2 0 1 2 1 1 2 0 0 2 1 2 1 0 2 0 1 0 1 0 2 2 1 2 2 2 0 2 2 2 1 2 0 2 1 2 1 1 2 2
0 1 1 2 2 0 1 2 0 2 0 0 1 2 2 2 2 0 1 1 1 0 1 1 0 0 1 2 1 1 1 0 0 2 2 0 0 0 0 1 1 1 0 0 1 2 2 0 1 1 0 2 0 1 1 1 2 0 0 1 2 2 2 0 2 2 0 2 1 2 1 2 0 1 2 1 2 2 2 0 1 2 0 1 2 1 0 1 2 0 0 1 0 2 1 2 2 0 2 0 2 2 2 0 0 2 2 2 2 1 0 1 2 1 0 1 0 1 2 0 2 0
2 1 0 1 1 0 2 1 1 1 1 1 2 1 1 1 2 0 1 0 1 1 2 0 2 0 2 2 0 1 0 0 0 2 2 2 2 1 0 1 1 2 2 0 0 0 0 0 2 2 1 1 0 1 1 2 1 1 2 2 0 0 0 0 2 0 2 2 2 0 0 1 0 1 2 1 2 0 2 1 2 1 0 2 2 2 2 1 1 1 2 2 2 2 0 2 0 1 2 2 2 0 1 0 1 1 2 2 2 1 0 1 0 1 0 0 1 0 2 0 2 1
2 2 1 2 1 2 1 1 2 1 2 1 1 1 0 0 0 2 1 2 0 2 1 1 0 0 1 0 0 2 2 0 1 1 1 0 0 2 2 2 0 2 1 1 0 1 2 2 2 2 2 2 1 1 2 2 2 1 0 0 0 2 1 1 1 0 0 1 2 2 2 0 2 1 2 0 2 2 0 2 2 2 2 1 2 2 1 2 0 2 2 1 0 1 0 1 1 0 1 2 0 0 2 0 1 2 1 1 2 1 1 1 2 1 0 1 0 2 0 0 1 0
2 2 0 1 1 2 2 2 1 0 0 1 0 1 1 2 2 0 1 1 0 0 2 1 2 2 0 0 1 2 1 0 0 1 2 1 1 2 1 0 2 1 2 0 0 1 0 0 2 2 2 2 0 1 0 2 2 1 0 0 2 1 1 2 0 1 0 2 0 2 2 0 1 1 1 2 2 2 2 0 1 1 2 2 1 1 2 1 2 2 1 1 1 0 0 2 2 1 2 2 1 1 0 0 1 2 2 1 2 2 1 1 1 2 1 0 0 1 1 0 0 0
0 2 2 0 2 1 0 1 2 2 1 2 0 0 2 0 2 2 0 2 1 0 1 2 1 1 1 0 2 2 1 2 2 0 1 0 0 2 2 2 1 0 2 2 1 0 1 1 0 1 0 2 2 2 1 1 1 1 1 0 1 0 0 0 2 2 1 2 1 1 2 0 2 2 1 1 2 2 0 2 1 1 1 1 0 1 2 1 2 1 2 0 2 0 1 1 2 0 1 1 1 1 2 1 1 0 0 0 0 0 1 1 2 0 0 2 2 2 1 1 1 2
2 1 2 2 0 2 0 2 0 1 0 0 0 1 1 1 0 1 1 2 0 1 2 0 1 2 1 1 1 0 0 2 1 2 1 0 2 1 2 1 0 0 1 0 0 0 2 1 1 1 0 2 0 0 1 2 2 0 0 2 0 0 1 0 1 0 0 0 1 0 1 2 1 1 0 1 1 0 0 0 2 0 1 2 2 0 2 1 0 0 1 1 1 2 1 2 2 2 0 1 2 2 0 1 0 1 0 2 1 1 1 0 2 0 0 1 0 2 1 1 0 2
0 0 0 0 2 0 2 0 2 0 0 0 2 1 1 2 1 0 1 0 1 2 0 2 1 1 0 0 0 0 1 0 0 1 0 1 2 0 1 2 1 2 0 0 1 2 2 0 1 2 0 2 2 1 2 0 2 2 2 2 0 0 0 2 2 1 0 1 2 2 1 0 2 2 0 0 1 0 1 2 0 2 0 2 0 2 1 0 2 0 0 2 1 0 2 0 1 2 2 1 2 1 1 2 0 2 2 0 0 1 2 0 0 2 1 1 2 2 1 1 0 2
2 1 2 1 2 2 2 1 0 2 1 0 1 1 2 1 1 2 2 2 1 0 2 0 1 2 0 0 1 0 2 1 2 1 1 1 1 1 0 0 0 1 0 2 1 2 0 0 0 0 0 2 1 0 2 2 0 2 0 1 0 2 1 2 1 0 1 1 1 1 1 2 1 1 1 0 1 2 0 2 0 1 1 1 2 0 1 2 0 2 1 0 1 2 2 0 2 0 1 1 0 0 0 2 1 2 2 1 1 0 0 2 2 0 0 1 1 2 0 2 1 2
2 0 2 0 1 0 1 0 2 2 1 0 1 0 2 1 1 2 2 0 1 2 0 0 1 1 0 2 1 0 1 2 0 2 0 2 0 1 0 2 2 2 0 0 2 1 0 2 0 0 2 2 2 0 0 1 2 1 1 1 1 0 1 1 2 1 2 0 2 2 0 2 1 0 1 1 1 1 0 2 2 0 2 1 0 2 1 0 1 2 2 0 2 0 0 0 1 2 0 1 2 0 1 0 2 2 1 0 1 0 1 0 0 0 2 1 0 0 2 0 2 2
0 0 0 0 1 2 0 1 1 2 0 2 2 0 2 2 1 1 2 2 1 0 0 2 2 1 2 1 2 0 1 2 1 2 1 2 1 1 0 0 1 1 0 1 1 1 1 0 2 1 2 1 2 0 0 1 2 0 1 2 0 2 2 1 0 0 1 1 0 2 1 2 1 0 0 0 1 0 1 0 1 0 2 0 1 0 0 1 1 1 0 2 1 0 2 1 1 0 0 1 0 2 1 2 0 0 0 1 0 1 2 1 2 2 0 2 0 0 0 2 2 2
2 0 0 1 0 2 0 1 2 0 1 0 0 2 0 0 0 0 2 0 0 2 0 1 1 1 2 2 0 1 2 2 2 2 2 0 2 2 1 1 0 0 1 1 2 0 2 0 1 2 1 2 2 2 0 0 0 0 2 1 2 2 0 0 2 0 0 2 2 2 0 1 0 0 0 2 0 2 0 2 2 1 2 1 1 0 2 1 1 0 2 0 0 1 0 2 1 2 2 2 1 0 0 1 1 0 1 2 0 1 2 1 1 1 0 2 1 0 2 0 0 2
1 0 1 2 0 1 1 0 0 0 1 1 2 2 2 0 0 0 0 2 1 2 0 0 2 2 0 1 0 1 2 2 2 0 2 2 1 2 1 2 2 0 1 2 0 0 0 0 2 1 2 0 0 0 1 0 0 1 2 0 0 1 0 2 0 2 0 2 1 2 2 1 2 0 1 2 2 2 0 1 1 2 2 2 0 1 0 0 0 0 1 1 2 2 1 2 1 2 2 1 1 2 0 0 0 1 0 2 1 0 1 2 0 1 2 1 0 2 2 1 0 0
2 0 2 2 2 2 1 2 0 1 1 0 1 2 2 2 2 0 2 1 1 1 0 0 2 1 0 2 2 2 0 2 2 1 2 2 0 1 0 1 2 2 2 1 1 1 0 2 2 1 1 0 2 1 1 2 2 0 1 1 2 0 1 2 1 1 1 2 0 2 1 2 2 0 0 1 2 2 0 1 0 1 2 0 0 0 0 0 1 0 0 0 0 2 2 2 1 2 1 1 1 0 1 0 0 2 2 0 2 0 2 0 0 1 1 1 0 1 2 1 1 0
0 1 2 2 1 1 2 0 2 1 0 1 2 1 1 1 1 1 0 1 1 0 0 2 1 1 0 1 1 2 1 1 1 2 1 0 0 1 0 1 2 2 2 1 0 1 1 0 2 2 1 0 2 2 0 1 1 0 1 2 0 2 1 0 1 2 1 0 0 2 1 0 1 1 0 2 0 1 2 2 1 1 0 0 1 0 2 2 1 0 2 2 1 1 2 0 1 1 0 2 0 2 0 2 0 0 2 0 2 2 0 0 1 0 1 2 1 1 0 0 0 0
0 1 2 0 2 1 1 0 0 2 2 1 1 1 2 1 1 1 0 2 2 1 0 0 2 0 0 2 1 0 2 2 1 2 2 0 0 1 1 2 0 2 0 0 1 0 1 2 2 2 2 2 1 1 0 0 2 0 0 0 0 1 2 2 0 2 1 1 0 0 0 1 2 1 1 0 2 0 1 2 0 1 2 2 0 0 1 2 2 1 2 0 0 2 0 1 1 2 0 2 2 0 1 0 2 2 1 2 0 2 2 1 2 2 1 2 2 0 2 2 1 2
0 2 2 1 1 0 0 1 0 2 2 2 0 1 2 2 1 1 2 0 2 1 0 1 2 0 1 2 0 1 1 0 1 0 1 2 2 2 0 2 0 0 2 0 1 1 2 1 2 0 2 2 2 0 1 1 0 0 0 0 1 2 2 2 0 1 1 2 1 2 2 2 2 1 0 1 1 1 0 0 1 0 0 0 0 2 2 1 0 0 1 1 0 1 1 2 1 2 1 2 2 2 2 2 1 2 1 2 0 2 1 1 2 2 0 2 2 0 0 2 0 2
1 2 2 2 1 0 2 2 0 1 2 2 1 1 2 1 1 0 0 0 2 0 0 2 0 0 0 1 1 1 0 2 1 0 2 2 0 2 2 1 2 2 0 0 1 1 1 2 1 2 1 1 2 2 2 0 2 2 1 1 1 0 1 2 0 1 1 2 0 2 0 0 1 1 1 0 2 0 0 1 1 1 0 1 0 2 2 1 0 0 2 1 0 1 1 1 2 0 0 1 2 0 1 1 2 0 2 2 2 0 1 0 1 2 1 0 2 0 2 2 1 1
1 1 0 0 0 0 1 1 2 2 2 1 1 2 2 1 2 1 1 1 1 0 0 0 1 0 1 0 0 2 2 1 2 0 2 0 0 2 2 0 1 2 2 2 2 2 1 2 1 0 1 2 1 1 0 2 2 2 0 0 2 0 2 2 0 0 0 1 2 0 2 1 2 1 0 1 1 0 1 0 0 0 0 1 2 1 2 2 1 2 0 1 0 0 1 0 0 2 1 0 2 1 1 2 0 0 0 2 0 2 2 0 2 0 0 2 2 2 2 1 2 0
2 0 0 0 0 2 2 2 0 2 1 2 1 0 2 0 2 0 2 0 1 0 1 1 0 0 1 2 2 1 0 1 1 1 0 2 1 0 2 2 0 1 1 1 1 1 1 2 1 2 2 2 0 0 2 0 1 1 0 1 0 0 2 2 1 2 2 0 0 2 2 1 0 1 2 0 2 2 2 1 2 1 1 2 2 0 2 1 2 2 2 0 2 2 0 1 2 0 1 0 2 1 1 1 2 1 1 2 1 1 0 0 0 0 2 2 0 1 1 0 0 1
1 0 0 2 2 0 2 1 0 0 0 2 2 0 2 1 0 0 2 1 1 2 1 1 2 2 0 0 0 1 1 0 0 1 2 2 0 2 0 0 0 1 1 2 2 1 0 2 1 0 0 0 2 2 2 1 2 0 2 0 1 0 0 1 0 0 1 0 1 0 1 1 1 0 2 0 1 2 2 1 1 1 1 0 1 1 0 1 1 2 1 1 1 0 0 1 0 2 2 1 2 1 1 0 0 0 2 1 0 2 0 1 0 0 2 2 1 2 0 1 2 2
2 0 0 0 2 0 2 1 0 2 1 1 1 1 1 0 0 2 2 1 1 1 1 0 0 0 0 2 1 2 2 1 1 2 2 0 0 2 0 0 2 2 2 0 0 0 1 0 0 1 1 2 2 0 2 1 1 0 0 0 0 2 2 1 2 2 0 2 1 1 0 1 0 2 2 0 1 0 1 2 2 1 1 2 1 1 1 0 2 1 1 0 1 1 0 0 0 0 0 2 1 1 1 2 0 1 2 2 2 0 1 2 1 0 2 1 2 1 1 1 2 2
2 2 0 2 2 1 0 0 1 2 1 0 1 0 1 1 2 1 1 2 0 1 2 0 2 0 2 1 1 2 1 1 1 2 1 2 1 2 2 0 1 1 0 2 1 1 0 0 0 0 0 1 2 1 2 2 1 1 0 0 1 2 2 0 0 1 2 1 1 2 1 2 1 1 0 2 0 1 0 1 2 1 0 1 2 0 1 1 2 2 1 1 2 0 1 2 0 1 1 1 1 2 1 2 1 2 1 0 1 2 1 1 1 2 1 1 0 2 2 0 2 1
1 2 2 0 1 2 1 0 1 2 0 0 2 0 2 0 0 1 1 1 0 0 2 1 2 2 0 2 2 0 1 1 0 1 1 1 1 1 2 0 1 1 0 1 1 0 1 2 2 0 1 2 1 0 1 1 2 2 0 2 2 2 0 2 0 0 2 2 1 2 2 2 1 0 0 2 1 0 1 0 0 0 0 2 1 1 0 1 0 1 1 1 1 0 1 2 0 1 1 1 2 2 0 0 2 2 0 0 2 2 1 0 0 1 1 2 0 1 1 2 0 0
