3 123 19
570280776 400026860 928996 322580605 907281332 930852659 421852885 956865613 119664701 1139825664 861320241 258557696 917695424 162532662 203491493 32706260 714858059 1058355417 786593527 269674261 1027744399 1056355183 756538400 282551543 817443471 333693303 195599051 1085448869 460128927 861423007 656510625 806928596 488712017 414519124 302406305 792772416 964762493 763691187 373268051 124975643 780545353 60197847 970545326 932684637 495702659 617593717 769436496 610281820 1084274663 784429027 232257902 767397279 584484768 987496375 273327041 280646724 1096581940 291800060 32642254 678371255 796574290 191844744 961687533 1116693723 816684315 451649504 1158881534 245217495 427575930 989318472 942185213 796701655 141567499 358808076 177603370 1089631175 851827455 547739130 860864768 1117058546 141847277 610840818 704257749 479077366 223193206 158863201 186400285 271911060 1052441684 1073881936 788386949 695989210 993369734 505790332 161337383 963251405 664811123 138945560 526474098 741688970 1041961246 1148713555 599874528 689633992 996352417 658366724 498577993 617763107 857715059 656711541 355662219 287406951 826880213 179244732 648873814 12289722 53680620 499039789 704575782 797928742 899526912 522210408 552212227
1 1 1 1 1 2 1 1 1 1 1 2 0 0 2 2 2 0 1 0 1 2 1 1 1 0 2 2 1 2 1 0 1 0 2 0 0 0 1 1 2 0 1 0 0 1 0 1 2 1 1 1 2 0 0 1 0 2 0 2 0 2 0 1 0 0 2 0 1 1 0 1 1 2 2 0 1 2 2 1 2 0 0 2 1 0 0 2 0 0 2 1 2 0 2 0 1 2 2 0 1 0 1 0 2 0 1 2 1 0 0 1 1 0 0 0 0 0 0 1 1 0 2
0 0 0 2 2 0 1 0 1 2 1 0 1 0 2 0 2 1 1 0 0 1 0 1 0 1 1 2 2 2 0 0 0 0 2 0 1 1 0 0 0 2 1 0 0 0 1 2 1 0 2 2 2 0 1 0 1 0 1 1 2 1 1 2 2 1 1 0 0 1 1 1 1 2 2 1 1 0 1 0 1 1 0 2 2 1 2 1 1 0 2 1 2 1 2 1 0 0 0 0 1 1 1 1 2 0 0 1 2 2 1 0 1 2 0 1 0 1 2 0 2 0 1
2 1 0 1 1 1 2 2 1 1 1 2 1 2 0 2 2 0 1 1 2 0 1 1 2 2 1 0 2 1 1 2 0 0 0 2 2 0 2 0 2 0 0 1 0 1 0 0 1 1 2 0 0 0 2 2 0 1 0 0 0 1 2 1 2 0 0 2 0 2 0 0 0 1 1 1 2 2 2 0 2 1 2 2 2 2 2 0 0 2 0 1 1 0 0 2 1 0 2 2 0 2 0 1 1 2 2 0 2 2 2 1 1 2 1 1 1 0 1 0 0 0 2
1 0 2 1 1 0 0 2 1 1 2 0 2 2 0 1 1 0 1 0 1 0 1 0 2 2 2 2 0 0 2 0 0 1 1 0 0 0 2 1 1 2 1 1 1 2 2 1 2 0 1 1 1 1 0 1 1 0 0 2 0 1 2 0 0 0 0 0 0 0 2 2 2 0 1 1 0 0 0 0 2 1 0 0 0 0 1 2 0 0 1 1 1 1 1 1 1 0 0 0 0 2 2 1 0 0 2 2 2 0 2 2 1 2 2 0 0 2 2 1 2 1 2
1 2 1 0 1 2 0 1 2 0 2 1 1 0 0 0 2 0 0 1 0 1 2 1 1 1 0 0 1 2 2 0 2 1 0 0 0 1 0 1 1 2 2 0 2 1 1 0 2 0 2 0 1 1 1 0 0 2 0 1 2 1 1 1 0 0 0 1 1 0 0 0 2 0 2 2 2 1 2 2 1 2 0 0 1 0 1 2 2 2 1 0 0 1 1 1 1 1 0 0 1 1 1 1 1 1 2 1 0 1 1 2 1 2 0 1 2 2 1 0 1 2 0
2 1 2 1 0 1 1 0 0 0 0 0 1 1 2 0 2 1 2 0 0 2 1 1 2 0 0 2 2 2 0 1 2 0 0 2 2 2 1 2 2 1 2 2 0 1 2 0 1 2 1 1 2 2 0 1 0 0 2 2 0 2 2 0 0 2 0 2 0 1 2 2 0 2 2 0 2 2 1 0 2 2 2 2 2 0 0 2 1 0 0 2 1 2 0 1 2 0 2 0 2 2 1 2 1 0 2 1 0 1 1 2 1 1 1 1 1 0 1 0 1 1 0
2 1 1 2 2 1 1 2 1 0 0 0 2 1 2 1 1 1 0 2 1 0 1 2 2 1 1 0 1 1 1 0 0 2 0 2 1 1 0 2 2 0 2 0 2 2 2 2 1 2 1 2 0 0 2 0 0 1 1 1 2 2 1 0 1 2 0 2 1 0 2 2 2 1 2 1 0 1 1 2 1 2 2 0 1 2 0 1 1 1 2 1 0 1 1 2 1 0 2 0 0 1 0 2 0 0 2 0 2 0 1 1 1 0 1 2 1 1 0 2 0 2 0
1 0 0 1 0 0 0 0 1 2 1 2 2 1 2 1 0 2 0 1 0 1 0 0 2 2 1 1 1 0 0 2 2 0 1 2 1 2 0 0 2 2 2 2 0 1 1 1 2 1 2 0 0 0 1 2 1 2 2 2 1 2 2 1 0 0 1 2 1 2 2 1 1 0 0 2 1 0 0 1 1 0 2 2 2 1 0 0 1 0 0 2 2 2 1 0 1 2 2 2 2 1 0 0 1 1 2 1 1 0 0 1 1 2 1 1 0 1 2 0 1 2 2
1 2 2 1 0 1 1 2 1 1 0 2 0 0 0 1 1 0 0 0 2 2 2 0 1 0 2 1 0 2 1 1 2 0 1 2 0 2 0 2 1 1 1 2 1 2 1 1 0 1 1 0 1 0 2 0 1 2 2 2 2 0 0 2 2 2 2 0 0 2 2 1 2 0 0 0 0 2 1 1 0 0 2 2 1 1 0 0 2 2 2 2 1 1 1 1 0 0 1 0 1 0 0 1 1 0 1 2 0 1 1 2 2 1 1 0 0 0 1 2 2 0 2
1 1 0 2 0 2 0 1 1 1 1 2 0 0 1 0 0 0 2 0 0 1 0 1 1 0 0 2 0 1 1 2 1 0 2 1 0 1 0 2 2 0 2 0 0 0 1 1 2 1 2 2 2 2 1 1 0 1 0 0 1 0 2 2 1 2 1 1 1 1 1 0 1 0 2 2 0 1 2 0 2 2 0 2 2 1 0 2 1 2 2 2 2 0 2 1 0 0 0 1 2 1 2 2 1 1 2 2 2 1 0 2 1 1 1 0 0 2 2 1 1 0 1
1 0 0 2 1 1 0 2 1 1 1 0 2 1 2 2 1 2 2 2 0 0 0 1 2 0 1 0 2 2 0 1 0 0 1 1 2 1 1 1 2 1 2 2 2 1 2 1 1 2 0 2 1 2 1 0 0 0 1 0 1 1 2 1 0 1 1 0 0 2 1 0 1 0 0 0 2 0 0 2 0 1 1 1 0 0 1 1 1 2 2 2 2 1 2 2 0 0 2 1 0 0 2 2 1 0 0 1 1 1 0 1 0 2 0 0 0 1 2 2 1 1 2
0 1 1 0 2 2 2 1 1 0 1 1 1 2 2 0 0 1 1 2 1 1 2 2 1 1 2 0 0 1 1 2 0 0 2 1 1 0 2 2 0 2 1 0 1 0 0 2 1 1 2 0 0 1 1 2 0 0 0 1 2 1 0 1 2 0 0 0 0 2 0 1 2 1 1 0 1 2 0 1 2 2 1 2 1 0 1 2 0 2 1 1 0 1 0 0 2 0 0 0 0 0 2 0 1 1 1 1 1 0 2 0 2 1 0 2 2 2 1 0 2 2 2
0 2 2 1 2 0 2 0 1 0 0 2 2 1 0 0 0 0 0 1 1 2 2 1 2 1 2 0 1 0 0 1 0 0 2 2 1 2 0 0 0 0 0 2 0 0 1 0 2 1 2 1 1 1 2 1 0 1 2 1 2 2 2 2 0 0 0 2 0 0 2 0 1 2 0 1 1 1 2 1 1 2 2 0 0 2 2 1 1 1 2 1 1 0 1 1 1 1 2 1 2 1 2 1 2 2 0 1 2 2 2 1 2 2 1 0 1 1 2 2 0 2 1
1 0 0 1 1 2 0 0 1 2 2 0 2 0 0 0 0 0 0 1 0 0 0 1 1 0 1 2 0 2 1 0 2 2 1 2 2 2 2 1 1 2 2 2 0 0 2 0 0 1 2 1 1 0 1 1 0 2 1 1 1 2 1 2 2 0 1 2 2 0 1 1 0 1 0 0 2 1 1 0 2 0 2 0 1 0 2 2 0 0 0 2 1 2 1 1 0 2 0 2 0 1 2 1 0 0 2 2 1 1 0 1 2 2 0 0 0 2 1 1 1 1 1
2 2 0 0 2 0 0 0 0 2 0 2 0 0 2 0 0 0 1 1 0 1 1 1 0 1 2 1 2 1 0 2 1 0 2 2 0 0 2 0 2 0 1 1 0 0 1 0 1 0 2 1 2 1 0 2 2 0 1 2 0 2 1 1 2 1 1 0 1 0 1 2 1 2 0 2 2 2 0 1 1 0 0 1 2 0 1 2 2 2 2 2 1 1 1 1 1 0 1 2 1 0 2 0 0 2 0 0 0 0 2 1 1 2 2 0 0 0 2 0 0 2 2
2 2 2 1 0 2 0 0 1 0 0 1 0 0 1 2 0 2 1 2 1 1 1 2 2 2 1 0 0 2 0 2 2 2 0 0 2 0 0 1 2 0 2 2 2 2 1 2 2 0 0 0 1 1 2 1 2 1 2 2 1 2 0 0 0 0 0 2 2 2 0 1 0 1 1 2 0 1 0 0 1 0 0 1 2 0 0 1 2 2 2 1 2 2 2 2 2 1 2 2 0 0 0 0 1 2 0 2 0 1 2 1 1 2 0 0 0 0 0 1 2 2 2
2 1 2 1 1 0 1 1 0 2 1 2 0 1 0 0 1 1 0 1 2 0 1 0 1 2 0 2 2 2 2 1 0 0 1 2 0 2 1 2 2 2 1 1 1 2 1 0 0 1 1 0 2 1 0 2 1 1 2 0 0 2 0 2 2 1 2 0 1 0 0 1 0 1 2 1 1 1 0 1 0 2 1 1 0 2 0 2 1 0 0 2 0 0 2 0 2 1 1 1 2 1 2 0 1 2 2 2 1 2 2 2 2 1 1 0 1 2 0 2 2 0 2
0 1 1 0 1 1 2 2 0 2 0 1 0 0 1 0 2 0 2 2 0 2 1 1 0 0 1 0 0 2 0 0 1 2 2 2 1 1 2 2 1 0 1 1 2 2 0 2 1 0 1 1 2 0 2 0 0 1 0 1 0 1 0 2 0 2 2 2 1 0 2 0 0 1 2 2 1 2 2 0 1 1 1 0 1 2 0 2 1 1 1 0 0 1 2 1 1 2 1 2 2 1 0 0 2 0 1 1 0 0 1 1 2 1 2 1 0 0 1 2 0 2 2
0 1 2 2 2 2 1 1 2 0 0 0 0 0 2 1 0 0 1 0 0 2 0 2 0 1 0 2 2 0 2 1 1 2 1 0 1 0 0 0 0 0 1 1 1 1 1 2 2 2 2 2 2 0 2 2 2 0 1 1 0 1 2 0 0 1 1 2 2 1 0 0 2 2 2 0 0 1 0 2 0 0 2 0 1 1 2 1 1 1 2 0 0 0 1 1 2 2 1 1 1 1 2 0 0 2 2 0 0 0 0 1 0 2 1 2 2 1 0 1 0 0 1
1 1 0 2 0 0 0 2 1 0 2 2 0 2 2 2 0 2 2 0 0 0 2 0 2 1 1 0 1 2 0 2 0 1 2 1 1 0 1 0 0 1 0 1 0 0 0 2 0 1 2 1 2 1 1 2 0 0 0 1 2 0 1 0 2 1 1 1 2 0 2 0 2 0 2 0 0 0 0 0 2 2 2 1 2 1 0 0 1 0 0 2 2 1 2 2 0 2 0 0 2 0 1 2 0 1 1 1 2 1 2 1 2 2 0 1 1 1 2 2 1 2 2
1 2 2 1 0 1 0 1 1 0 0 2 1 1 0 0 0 1 2 2 0 1 2 2 2 0 2 0 0 1 2 2 0 2 1 1 0 2 0 0 2 0 2 1 2 2 1 0 1 1 0 2 0 0 1 1 2 1 1 2 1 1 2 1 1 0 0 2 2 1 2 0 2 1 1 2 1 1 0 0 2 0 0 0 2 2 1 1 1 0 1 2 2 0 1 1 2 0 0 1 1 1 2 0 0 1 0 2 2 1 0 2 2 0 2 1 2 2 0 0 2 1 0
2 2 2 0 1 2 2 0 0 0 0 2 0 2 0 2 2 2 0 2 2 0 2 1 0 1 2 1 2 1 2 1 0 2 0 2 2 2 1 0 0 2 2 0 2 1 1 2 0 1 1 0 0 0 2 0 0 2 2 2 1 2 1 2 2 1 2 1 1 1 2 1 0 2 0 2 0 1 1 2 0 0 2 0 2 2 1 2 1 1 2 0 1 0 0 1 0 0 2 2 2 2 1 0 2 2 1 0 0 0 2 0 1 2 2 0 2 0 0 2 2 2 2
1 0 0 2 0 1 2 1 1 2 0 2 1 2 1 2 2 1 2 0 0 2 0 0 1 1 1 0 0 0 0 2 2 1 2 0 0 2 1 2 1 1 2 0 0 0 2 0 2 2 2 0 1 2 1 1 1 0 1 0 1 0 2 0 1 2 0 2 2 0 2 1 1 1 2 2 0 1 0 0 2 2 0 1 0 2 2 1 0 2 1 2 2 2 0 1 2 0 2 1 1 2 0 0 1 2 0 1 1 0 1 0 1 2 2 1 1 1 2 1 1 2 0
1 2 0 1 1 2 0 0 0 2 0 1 1 0 1 0 1 0 1 2 1 1 2 0 1 1 0 2 0 2 1 2 2 2 0 0 2 0 1 1 0 2 2 2 2 2 0 2 0 1 1 1 1 0 2 2 2 2 2 2 0 0 2 2 1 2 0 0 1 2 1 2 2 2 1 2 2 1 1 2 1 2 1 0 0 0 2 1 2 1 0 2 0 0 2 1 1 0 2 0 2 2 2 2 1 1 2 1 0 0 0 2 1 1 2 2 2 1 0 2 1 2 2
2 0 2 0 1 2 0 1 2 2 1 2 1 0 2 2 0 2 0 1 1 1 0 2 1 0 2 1 1 2 1 0 0 0 1 1 0 1 1 2 1 2 2 0 0 2 0 1 0 0 2 1 0 0 0 2 0 1 0 2 0 1 0 1 2 1 0 2 0 1 0 2 1 0 0 1 0 0 2 0 1 0 2 2 0 0 2 1 2 2 1 0 2 1 2 1 2 0 2 2 2 2 2 0 2 2 2 0 0 2 0 2 2 0 0 0 1 2 2 1 2 0 1
2 1 0 1 1 1 0 2 0 0 1 1 2 1 0 1 2 1 1 2 1 2 2 0 1 1 2 2 2 1 1 1 0 2 2 2 1 0 1 2 0 0 1 1 1 1 2 1 0 1 0 2 1 0 2 2 1 1 2 0 0 1 0 1 1 2 0 0 1 2 0 1 2 1 2 1 0 2 2 1 1 2 0 0 2 2 2 2 1 2 0 2 1 0 0 0 1 1 1 2 0 1 1 0 2 2 1 1 1 0 2 0 0 2 0 0 2 1 0 1 0 1 0
0 0 1 1 1 0 2 1 0 2 2 0 1 1 2 0 1 2 2 1 0 2 2 1 1 1 2 0 1 0 1 2 0 1 0 2 1 1 0 0 0 1 1 2 2 1 0 1 1 2 0 1 2 0 0 1 1 0 1 0 1 1 0 2 2 1 0 1 2 0 1 0 1 1 0 2 2 0 0 0 0 1 0 2 1 1 1 2 2 0 1 1 2 2 1 1 0 1 1 1 2 0 1 1 1 1 0 0 2 2 2 0 0 0 2 2 1 1 2 1 0 1 2
2 0 2 2 1 0 0 0 0 0 1 0 2 1 1 0 0 0 0 0 1 0 1 1 0 0 1 1 0 0 2 1 0 1 0 1 2 1 2 0 1 1 0 1 0 1 0 0 0 0 2 1 1 1 0 1 2 1 0 0 1 2 2 2 1 2 1 1 1 1 2 0 0 0 2 0 2 0 1 2 0 0 1 2 2 1 1 2 0 0 0 2 2 2 1 2 2 1 0 0 2 0 0 0 0 0 0 0 0 1 0 2 0 2 1 2 1 1 2 2 1 2 2
1 1 1 0 0 0 1 0 0 1 1 0 2 1 0 0 0 2 1 2 0 0 1 1 2 2 0 2 1 0 2 0 2 1 1 0 1 0 1 1 1 0 2 2 0 0 2 0 2 0 2 1 0 1 2 1 1 2 0 0 0 0 0 0 1 2 1 0 0 2 2 1 1 1 0 1 1 0 2 2 0 2 0 2 0 2 1 2 2 1 0 0 2 1 0 1 1 1 2 1 1 2 1 0 1 1 1 2 0 0 2 0 0 2 0 1 1 1 0 1 1 1 2
1 0 0 2 1 1 2 0 0 2 1 1 1 0 0 1 0 2 1 2 2 0 0 1 0 2 2 2 1 0 1 2 1 1 2 0 0 2 1 1 2 0 0 1 1 2 2 0 1 1 2 1 2 2 0 0 2 0 0 0 0 2 2 0 0 2 1 1 2 2 0 2 0 2 1 1 1 1 1 0 0 1 1 0 2 1 0 1 2 1 0 0 0 0 1 1 0 2 2 0 2 0 0 2 2 1 1 0 0 1 0 0 2 0 1 2 2 1 1 2 2 2 0
0 2 1 1 0 0 0 0 0 1 1 2 2 0 1 2 1 2 1 1 0 2 0 2 1 1 1 1 1 0 1 1 1 0 0 1 1 1 2 1 0 1 1 2 0 0 2 1 2 1 1 2 0 1 2 0 1 1 1 0 2 1 2 0 1 2 2 0 2 2 2 2 1 1 1 1 1 1 0 1 0 1 1 1 0 1 1 1 2 0 1 2 1 1 0 0 2 2 1 1 2 1 0 1 2 2 0 1 1 0 2 1 2 1 0 0 0 2 1 1 2 0 1
1 2 2 0 2 1 1 0 1 2 1 0 2 1 0 0 2 2 1 2 1 0 0 1 1 2 0 0 0 0 1 2 0 0 2 2 0 1 2 2 1 1 0 1 0 0 2 0 2 1 0 1 2 0 0 1 0 1 1 0 2 2 1 0 1 0 0 1 2 0 0 2 2 1 1 2 2 0 0 2 2 1 2 2 1 2 0 0 1 1 1 1 1 2 1 2 1 2 1 1 0 0 0 0 1 1 0 0 0 1 1 2 2 0 2 2 0 2 2 2 0 1 1
1 1 0 2 0 0 0 1 0 0 0 0 2 1 1 0 2 0 1 2 0 2 1 2 0 0 2 0 0 2 2 0 1 0 2 1 0 2 0 1 1 0 2 0 0 1 1 2 2 1 2 0 0 1 0 1 2 1 2 0 0 2 0 1 2 0 0 2 0 0 1 2 2 1 2 2 0 1 2 0 2 2 0 0 1 1 2 0 2 1 0 2 1 2 1 0 2 1 0 0 0 2 2 2 1 2 2 2 2 1 0 1 2 1 1 0 2 2 1 2 1 2 2
0 2 1 0 2 0 1 0 0 1 1 2 0 1 1 0 0 1 0 2 0 1 1 1 1 0 0 1 2 2 0 2 2 2 0 2 1 2 0 1 1 2 2 1 1 1 2 1 2 0 1 0 2 1 1 1 2 2 2 2 2 2 1 2 0 0 2 1 0 0 0 1 0 2 0 1 1 0 0 1 1 0 2 0 1 1 1 0 1 0 0 1 0 2 1 1 0 1 2 0 1 1 1 2 0 2 1 2 0 2 1 1 0 1 1 1 2 0 2 1 1 0 0
0 1 1 1 1 0 2 2 0 0 1 2 0 0 1 0 2 1 2 0 1 0 0 0 0 1 0 2 0 2 2 0 0 2 2 1 0 1 1 0 2 0 1 1 1 0 2 0 1 1 1 0 1 2 1 1 0 2 1 0 1 2 1 2 2 1 2 2 0 0 0 1 0 2 2 0 2 1 0 0 2 2 1 1 1 0 0 2 2 2 0 2 2 0 1 1 2 0 0 2 2 1 0 2 0 0 0 2 1 1 0 1 1 2 2 0 2 1 0 0 1 1 2
0 1 0 1 0 2 1 1 1 0 2 1 1 0 2 1 2 1 2 1 2 2 1 0 2 2 0 2 0 0 1 0 1 2 1 0 2 1 2 0 2 1 1 0 2 0 2 2 1 2 0 2 2 1 2 1 2 1 1 2 1 2 0 0 2 2 1 1 0 0 1 2 0 1 1 2 2 0 2 2 0 2 1 2 2 1 2 1 2 0 1 1 0 1 0 1 1 1 2 2 2 2 2 2 1 0 2 0 1 2 2 2 2 1 2 1 0 1 0 0 2 2 2
1 1 2 2 0 0 2 0 0 2 0 0 0 1 0 2 2 2 2 2 1 1 0 1 1 1 2 1 2 2 1 0 1 0 2 1 2 2 2 0 2 0 1 0 1 2 2 2 2 2 2 0 0 2 2 2 1 2 1 1 2 0 1 0 1 1 0 0 0 0 2 2 1 1 0 2 0 2 2 2 2 2 0 2 1 1 2 0 1 1 1 0 1 2 2 2 1 2 1 2 2 0 2 0 2 2 1 2 0 1 2 0 0 0 1 0 2 0 0 0 1 0 2
0 2 1 0 1 0 2 1 0 0 0 2 2 1 1 2 2 2 2 2 1 2 0 1 2 1 2 0 0 2 2 1 0 0 1 2 1 1 0 2 1 1 2 0 2 0 0 1 2 2 1 1 2 1 0 2 0 0 0 1 2 0 2 0 1 1 2 2 2 0 2 0 2 1 1 2 1 1 1 2 1 0 0 0 2 1 0 0 2 0 1 2 0 0 0 2 2 0 0 1 2 2 2 2 2 0 1 1 2 0 0 0 1 2 0 1 1 0 1 0 1 0 0
0 1 1 2 0 2 0 1 2 1 0 1 0 1 0 1 0 1 0 0 2 0 0 0 1 2 2 2 0 2 2 1 1 2 2 1 1 2 2 0 0 0 2 0 1 2 0 1 0 0 1 1 0 0 2 2 2 0 2 0 0 2 2 2 1 1 0 2 1 1 0 2 1 2 0 0 2 0 2 0 1 2 2 2 2 2 1 2 2 0 2 2 0 2 1 2 1 0 2 0 1 0 2 2 1 2 0 1 1 1 1 2 0 2 0 2 1 1 2 1 0 1 0
1 2 0 0 0 0 0 1 1 1 0 1 0 1 0 1 0 1 0 0 1 2 0 1 1 0 0 2 0 2 1 2 1 2 2 0 2 1 1 1 0 0 0 0 2 0 1 2 2 2 0 1 2 1 2 1 1 0 1 2 0 0 1 2 2 1 0 2 2 0 1 0 0 1 0 0 0 2 0 0 2 0 2 2 2 1 0 1 2 2 0 0 2 2 2 1 2 1 0 2 1 1 0 2 1 0 2 1 1 0 1 0 1 1 0 1 0 0 2 0 0 1 0
0 1 0 2 0 1 2 0 2 2 1 1 0 1 1 2 0 1 1 0 1 0 1 2 1 0 2 1 1 0 2 1 2 2 0 0 2 1 0 1 0 1 1 1 1 0 0 1 0 2 0 1 2 2 0 0 2 0 2 0 1 1 2 1 2 0 1 1 1 0 0 2 2 1 0 1 0 1 1 0 1 2 1 1 1 2 0 2 2 2 2 1 2 2 2 1 0 2 0 1 0 0 2 0 2 0 2 2 2 1 0 1 0 2 0 2 1 0 1 1 1 1 0
0 0 0 2 1 0 2 1 0 2 0 1 2 0 1 2 0 2 2 2 2 1 0 1 0 1 1 2 2 2 0 0 0 0 0 2 1 2 1 2 0 1 0 0 2 1 0 1 0 0 0 0 0 1 0 0 0 1 0 0 1 0 1 2 1 1 2 0 2 0 2 0 1 1 0 2 2 1 0 1 2 1 1 2 0 1 0 0 0 2 0 1 2 2 2 1 2 1 2 2 2 2 2 1 0 2 0 0 2 1 1 1 0 1 1 0 0 2 1 1 1 2 0
2 2 2 0 2 1 0 1 1 0 0 2 1 0 1 1 2 2 1 1 2 2 0 0 0 1 1 1 0 2 0 2 2 2 1 1 1 2 2 0 2 0 0 1 0 2 0 1 1 1 0 2 1 1 2 2 0 2 1 0 1 1 0 0 2 1 1 1 0 1 2 0 1 0 1 1 2 1 0 1 1 1 0 0 0 0 2 0 2 2 0 0 1 0 1 1 2 2 0 0 0 0 0 1 1 2 0 0 2 1 1 1 0 2 1 0 0 2 0 2 1 1 0
2 2 1 1 2 1 2 0 2 0 1 0 1 1 1 1 1 0 0 2 0 0 0 1 0 0 1 0 1 1 0 2 1 2 1 0 0 1 0 2 1 2 0 2 1 2 1 2 0 1 1 1 2 2 0 0 0 0 1 2 1 2 2 2 2 0 2 0 2 1 0 0 0 1 2 1 1 1 1 2 0 0 1 0 2 1 1 0 1 2 1 2 0 0 2 2 1 2 2 0 0 0 2 1 2 2 0 0 1 1 0 2 1 1 0 1 0 1 0 2 2 1 0
2 1 2 2 0 2 2 2 2 1 1 1 0 0 1 1 2 0 2 1 2 0 1 1 1 1 2 1 0 0 1 0 2 1 0 0 1 2 0 1 0 1 0 1 2 1 0 0 0 0 1 2 0 1 0 0 0 0 1 1 0 0 1 1 2 1 1 0 1 2 2 0 1 2 1 1 1 2 1 1 2 1 1 0 0 2 1 0 0 2 1 1 0 0 2 0 1 1 1 0 0 1 0 2 1 0 1 2 2 2 2 2 1 1 0 1 1 1 1 2 1 0 1
2 0 1 2 2 1 0 0 2 2 1 2 0 1 0 1 1 0 0 1 2 2 1 1 0 2 1 0 1 1 2 0 0 0 2 2 2 1 0 2 1 2 1 2 0 2 0 2 2 1 0 2 1 1 1 1 1 0 2 2 1 2 0 1 0 0 2 0 2 2 2 0 1 0 0 0 2 0 2 0 2 0 2 0 1 1 0 1 1 2 0 1 2 1 0 0 2 2 0 2 2 1 0 1 1 1 1 2 2 1 2 0 2 2 0 1 2 1 2 1 2 1 2
2 0 1 0 0 0 1 2 0 2 0 2 1 2 1 1 0 0 1 0 2 1 1 1 0 0 1 0 2 2 0 1 2 1 1 2 0 2 2 0 2 1 0 1 0 0 2 0 0 1 0 1 2 0 2 0 0 1 0 0 1 1 1 1 0 0 2 0 2 1 1 2 0 0 1 1 0 1 1 1 2 0 2 2 0 1 0 1 0 1 1 2 2 0 0 2 0 0 0 2 0 0 0 0 0 1 1 1 0 1 2 2 2 2 2 0 1 2 1 2 1 0 2
1 0 1 1 0 1 0 0 1 0 0 2 1 0 1 2 0 2 1 0 1 1 1 1 0 1 0 0 0 0 0 1 0 1 0 0 2 0 1 2 1 2 1 2 2 2 1 2 0 1 1 1 2 2 1 0 0 1 1 1 0 2 0 0 0 1 2 0 2 0 2 1 2 1 1 0 2 0 0 2 1 1 1 1 1 2 2 0 2 1 2 0 0 0 0 1 2 0 2 1 0 2 0 1 1 2 2 0 0 2 2 1 2 1 0 0 1 2 1 1 1 1 1
1 1 0 0 1 0 0 2 2 0 1 0 1 1 2 0 1 2 2 0 1 1 0 2 0 1 1 2 2 0 1 2 2 1 2 0 1 0 1 0 0 2 1 0 1 1 0 2 1 0 0 0 2 0 2 0 2 2 2 2 2 0 2 2 2 2 2 2 0 1 2 1 1 2 1 2 1 2 1 0 0 1 1 2 0 1 0 2 0 2 2 1 1 1 1 0 2 0 2 2 0 0 1 1 2 0 1 1 0 0 2 0 0 0 0 0 1 0 0 0 1 1 1
2 0 2 0 2 0 0 2 0 0 1 2 0 2 1 1 2 1 0 1 2 1 2 0 1 1 1 1 2 0 2 2 1 2 2 1 0 2 0 1 0 2 1 1 1 0 0 2 1 1 0 1 1 2 2 2 0 0 0 0 1 0 2 0 2 2 2 0 2 0 1 0 0 0 1 2 0 2 1 0 2 1 2 0 2 1 0 2 0 0 1 2 1 0 2 1 0 1 1 0 2 0 1 0 1 0 2 0 1 1 0 0 0 0 1 2 2 1 0 2 2 1 2
0 2 2 1 0 2 2 1 2 0 2 2 0 0 2 0 1 0 0 2 2 1 0 2 0 2 2 1 1 1 0 2 1 0 0 2 2 1 0 2 2 0 1 2 0 2 2 0 0 0 2 2 1 0 2 2 0 2 0 2 1 1 2 0 2 0 0 0 2 1 2 1 1 2 1 2 1 0 2 1 1 2 1 0 0 1 0 0 0 1 0 2 2 1 2 0 1 0 0 1 1 2 2 0 2 1 0 0 0 0 0 2 0 2 2 0 0 0 2 0 1 0 1
2 1 1 0 0 2 0 2 0 0 0 2 1 1 2 1 2 0 1 1 1 1 2 2 1 0 2 0 2 1 1 1 0 2 2 1 2 0 0 1 1 1 0 0 0 0 1 2 0 1 2 2 2 1 2 2 1 2 2 0 0 1 0 1 1 2 0 1 0 1 0 2 0 0 2 1 0 1 1 1 0 0 1 1 1 1 0 2 1 0 1 0 2 1 1 1 0 2 0 1 0 0 0 1 0 0 2 1 0 1 1 0 2 0 1 2 2 2 2 0 0 0 0
0 1 2 2 0 1 2 2 0 1 0 1 2 1 2 1 1 1 0 2 0 0 1 2 2 2 2 0 0 0 2 1 2 1 1 0 1 1 2 2 2 0 0 2 2 0 1 1 1 1 1 0 1 1 0 1 0 0 2 1 1 1 0 1 1 1 1 0 0 0 2 2 2 0 2 2 2 0 0 0 1 2 1 0 1 0 2 1 0 2 0 1 1 1 2 0 0 1 0 1 0 0 2 2 1 1 1 0 2 1 1 1 1 1 2 2 1 1 1 1 1 0 1
0 1 1 0 2 0 2 1 0 2 0 0 0 1 1 1 1 0 1 0 0 2 2 2 0 1 2 2 0 2 0 1 1 0 2 0 0 1 1 1 1 1 1 1 1 2 1 2 0 2 2 0 1 2 0 2 2 0 2 2 2 0 1 1 1 0 1 1 2 0 0 0 2 1 2 1 1 1 1 1 0 1 2 2 1 0 1 0 0 2 0 0 2 2 1 1 2 2 2 2 0 2 2 1 1 0 2 2 1 1 0 2 0 0 2 2 0 2 0 1 1 1 2
1 0 0 2 0 1 2 0 2 2 0 1 0 0 2 2 2 0 0 2 1 2 1 1 2 1 2 2 2 1 1 0 2 0 2 0 2 2 0 1 1 0 1 1 2 0 1 2 1 0 2 1 2 1 2 2 0 0 2 2 1 1 1 1 2 0 2 1 0 0 0 2 1 1 1 0 1 0 2 1 0 1 2 0 0 2 0 1 2 2 0 2 1 1 1 1 0 0 2 1 0 0 0 1 2 2 0 2 0 0 0 1 0 2 2 0 2 0 2 2 0 2 2
0 2 0 1 0 0 1 1 1 2 2 2 1 0 2 0 0 1 1 2 1 0 2 2 0 2 1 0 1 0 2 1 0 2 2 0 0 1 1 1 1 2 1 0 2 2 1 0 0 0 2 1 1 2 0 2 2 2 0 0 2 2 2 1 2 0 1 0 1 1 2 1 0 1 2 2 1 0 0 2 1 2 1 1 2 1 0 0 0 1 0 0 1 1 1 1 1 1 2 0 2 2 1 2 1 0 2 0 2 2 2 0 2 0 1 0 2 0 0 0 1 1 0
0 2 0 2 0 1 2 2 0 2 0 0 0 1 0 0 0 0 0 1 0 0 1 0 2 1 1 0 0 0 1 0 0 1 1 2 0 0 1 1 2 1 2 0 0 2 1 1 2 1 1 1 2 2 1 2 1 1 2 2 2 0 0 2 0 1 2 0 2 0 0 1 0 2 2 1 2 0 0 2 2 1 0 1 1 0 0 0 1 0 2 1 1 0 0 2 2 0 0 1 1 0 1 2 0 0 1 0 2 1 0 1 0 2 1 2 2 2 2 1 0 2 2
2 2 0 2 2 1 2 2 0 0 1 0 1 1 1 2 1 2 2 1 0 1 0 2 1 2 2 2 0 1 2 0 2 0 2 1 1 0 1 2 0 2 0 2 2 2 1 0 2 1 2 0 1 2 0 2 0 0 0 1 2 2 0 1 0 2 0 2 0 0 2 1 2 0 0 1 0 2 0 0 2 0 1 0 0 2 2 1 0 2 0 0 0 0 2 0 1 2 0 1 2 1 0 0 1 0 1 2 1 2 0 0 0 0 0 1 2 0 2 2 1 2 2
1 0 1 1 1 2 2 2 2 0 0 2 2 1 2 0 0 1 1 0 1 1 1 0 1 1 2 1 2 0 2 1 1 1 0 0 1 2 0 1 0 1 1 2 0 0 0 0 0 2 1 2 0 0 0 2 1 0 1 2 0 1 0 2 2 1 2 1 1 0 0 1 1 1 2 1 0 2 2 1 1 0 0 2 0 1 1 2 2 0 2 2 1 1 2 2 2 2 0 1 2 1 0 1 0 2 2 0 2 2 1 0 2 0 0 0 1 0 1 0 1 0 1
0 2 1 0 2 0 1 1 1 2 1 2 2 1 0 1 1 2 0 2 2 0 0 0 0 1 1 1 2 0 2 0 0 1 0 0 0 1 1 1 1 1 1 1 0 1 2 1 1 2 1 1 1 2 1 1 0 1 0 1 2 1 1 2 2 0 0 0 1 2 2 1 1 1 2 1 2 2 0 0 2 2 1 0 1 0 2 0 2 0 1 1 1 0 1 1 0 1 2 0 2 1 1 0 0 0 0 0 0 0 0 2 0 2 0 0 0 0 0 2 1 2 1
0 2 2 2 0 2 2 1 2 1 2 2 2 0 0 2 0 1 0 2 2 2 0 0 0 1 1 0 0 0 1 1 0 2 1 1 1 0 2 0 2 2 0 1 2 1 1 0 0 2 2 0 2 1 1 0 2 2 1 0 1 0 1 2 2 2 0 1 0 0 1 0 0 2 2 2 0 2 2 1 2 2 2 1 0 0 2 0 0 1 1 1 2 0 0 2 0 1 0 0 2 2 1 2 1 1 2 0 0 2 1 0 2 0 2 0 1 0 2 2 1 0 0
1 1 2 0 1 1 0 0 1 2 1 1 1 0 1 1 1 1 1 1 1 1 2 2 0 2 1 0 0 2 1 2 0 0 2 0 2 0 1 1 0 0 2 1 2 1 1 0 0 2 0 1 1 2 1 1 1 2 1 2 2 1 2 1 1 1 2 1 1 0 2 1 0 0 0 0 1 1 1 2 1 2 1 0 2 0 1 1 0 1 1 0 2 0 2 1 1 1 0 0 1 0 2 0 1 0 1 0 2 0 0 0 2 2 0 2 0 0 0 1 2 1 1
2 2 1 1 1 0 2 1 0 0 1 1 2 2 2 0 2 0 1 0 2 0 2 0 0 0 1 1 2 1 1 2 0 0 0 2 0 0 1 0 1 0 1 0 0 1 1 0 2 2 0 2 0 2 2 1 2 1 0 2 2 1 1 0 2 0 2 0 0 2 1 2 0 1 2 0 0 1 0 2 1 0 1 2 1 1 1 1 0 1 1 0 1 2 0 0 2 0 1 0 2 0 2 0 1 0 0 2 1 1 1 0 2 2 0 0 1 1 2 2 2 1 2
1 1 0 0 2 1 1 2 1 2 0 1 1 1 2 0 2 0 1 0 2 2 1 1 1 2 1 1 0 2 0 2 1 1 2 0 2 1 0 0 0 1 2 0 2 1 0 2 1 0 1 2 2 2 1 0 0 0 2 0 0 0 0 1 1 0 2 2 1 0 0 2 1 0 0 1 1 1 0 1 1 2 1 1 2 2 2 0 2 2 1 2 0 1 1 2 1 0 1 0 1 2 1 2 2 1 0 1 2 2 2 1 1 0 0 1 0 0 1 0 0 2 0
1 1 2 0 0 2 0 1 1 2 2 1 2 0 0 1 1 0 1 0 2 2 1 1 0 2 0 1 0 1 2 1 0 1 2 0 1 2 1 0 2 1 0 2 0 0 1 1 1 0 2 0 0 1 2 1 1 0 0 1 2 2 0 2 0 1 2 2 1 2 0 1 0 0 1 0 1 2 2 2 0 2 2 2 0 0 0 2 0 1 1 0 0 0 2 1 1 1 1 2 0 1 1 2 2 0 2 0 0 2 0 2 2 2 1 2 2 2 2 0 1 1 0
1 1 0 0 0 2 2 0 0 1 2 0 0 2 0 1 0 0 1 2 2 1 1 1 2 1 2 0 2 0 2 0 2 2 1 0 2 1 0 1 2 2 1 0 2 1 2 1 2 1 0 1 0 0 1 2 1 0 0 0 1 2 1 0 2 1 1 1 2 1 2 0 1 2 1 1 0 1 2 0 2 1 2 0 1 0 0 2 0 1 0 1 0 2 2 0 0 1 2 1 0 2 1 2 1 2 0 0 1 1 1 1 2 0 1 0 2 2 0 2 1 1 2
1 0 2 2 1 1 2 0 2 2 1 1 2 1 2 2 0 0 1 2 2 2 1 0 1 1 1 2 2 2 1 1 0 1 1 2 0 1 0 2 0 1 0 2 0 0 2 0 0 0 0 1 0 2 1 2 0 1 1 1 0 0 2 1 2 1 1 2 2 1 2 2 0 0 0 1 1 2 2 0 1 0 1 2 0 0 1 1 1 0 2 0 0 2 1 0 0 1 1 2 2 1 0 1 1 0 2 1 0 2 1 1 0 2 1 0 0 0 0 2 1 2 2
2 2 1 0 0 0 2 1 0 0 2 2 2 2 1 0 0 0 1 0 1 1 1 2 2 2 2 2 0 0 2 1 0 1 2 0 2 1 1 0 1 1 2 1 0 0 2 2 1 1 2 0 0 1 1 0 1 0 2 2 1 1 0 1 2 2 2 2 1 1 2 0 0 1 2 1 1 2 1 1 0 0 2 1 2 0 1 0 2 0 2 0 2 1 2 0 0 2 2 0 1 2 0 1 1 2 1 1 1 2 2 0 1 1 1 0 2 1 1 1 2 1 2
2 2 1 0 1 1 0 1 0 0 2 2 2 2 0 0 1 1 2 1 2 1 1 0 1 2 2 0 1 0 0 1 1 2 1 0 1 2 2 1 2 1 0 2 0 2 2 0 0 2 2 0 2 0 0 0 2 2 2 2 0 2 0 1 2 0 2 0 0 1 2 2 0 1 0 1 0 2 1 1 2 2 1 1 2 2 2 0 1 1 2 2 1 0 1 2 0 0 0 0 0 0 1 0 1 1 2 2 1 1 0 1 0 2 0 0 1 0 0 0 2 0 2
2 2 1 1 2 0 1 1 0 2 0 1 1 1 0 0 2 1 1 1 2 0 1 1 2 2 2 2 0 1 0 2 0 1 1 0 2 2 1 2 0 1 0 1 0 1 0 1 0 2 0 1 1 2 2 0 2 2 1 2 0 1 2 0 0 0 1 0 0 0 0 0 0 1 0 0 0 1 2 1 0 2 2 2 2 2 0 2 2 2 1 2 1 1 1 1 1 0 2 1 0 0 0 1 2 1 0 2 0 2 0 1 2 1 1 2 1 2 1 0 1 0 1
2 1 2 1 2 2 1 1 0 2 2 2 1 1 0 1 1 2 2 0 2 0 2 2 2 1 0 0 2 0 1 2 2 1 0 2 1 2 2 2 2 1 2 0 1 2 2 0 2 2 0 0 0 2 2 0 1 1 2 0 2 1 0 2 0 2 1 1 2 0 1 2 0 1 0 2 1 0 2 1 0 1 2 1 1 2 0 0 0 2 1 1 0 2 0 1 1 2 1 0 1 2 0 2 1 1 1 2 2 1 1 0 2 1 1 1 1 1 1 2 1 0 0
0 2 1 2 1 2 0 0 0 0 0 2 2 2 1 2 1 2 2 1 2 0 1 1 2 0 0 2 2 0 0 0 0 0 2 2 2 1 2 0 1 1 0 1 0 2 0 0 1 0 2 1 1 0 0 0 2 0 0 2 1 2 2 2 0 2 1 0 0 2 0 2 0 1 1 1 0 0 2 2 0 2 2 1 0 2 0 2 0 1 2 1 0 1 0 1 2 1 1 2 1 2 0 1 1 1 1 1 1 0 2 2 0 1 1 2 0 1 2 0 0 2 1
1 0 2 1 0 2 2 1 0 0 1 0 1 0 1 1 2 2 0 2 0 1 0 2 1 0 2 2 1 1 1 2 0 1 0 0 0 1 1 1 1 0 1 0 1 0 1 0 0 1 0 1 2 0 1 1 0 0 0 1 2 2 2 2 0 0 2 1 2 2 1 0 2 0 2 0 1 0 1 1 2 1 0 2 0 1 0 0 1 1 0 1 2 0 0 2 0 1 2 0 1 0 1 0 0 0 2 2 2 1 1 2 0 1 1 1 0 0 2 0 1 2 1
0 2 0 1 1 2 1 1 0 2 0 1 0 1 1 0 1 0 1 0 1 1 1 2 1 1 1 1 1 2 0 2 2 1 1 0 0 2 1 1 2 0 0 0 1 2 0 2 2 2 0 1 0 1 0 0 1 2 1 2 2 2 2 2 0 1 2 1 1 2 0 1 2 1 1 1 0 2 1 0 1 1 1 0 0 2 0 1 2 2 1 2 0 1 2 0 0 1 0 1 1 1 2 1 2 1 2 0 0 1 1 0 2 0 1 1 0 2 2 0 1 1 0
1 0 0 0 0 1 1 2 1 2 2 2 0 0 0 1 2 1 0 2 2 0 1 0 1 0 2 2 2 1 0 1 2 0 2 2 2 1 2 0 1 2 1 1 0 1 0 2 0 1 2 2 1 0 2 2 1 0 2 1 1 2 0 1 2 0 1 0 1 1 0 2 1 2 2 2 1 0 2 2 1 2 1 2 0 2 0 2 2 2 1 1 0 1 0 0 1 2 0 0 1 2 0 0 1 2 2 0 0 2 2 1 1 1 2 0 0 2 0 2 2 1 2
0 0 2 1 2 2 1 0 1 0 0 2 0 1 1 0 1 0 0 0 0 1 2 1 0 2 2 0 1 1 2 2 1 2 0 1 2 2 1 0 1 1 0 1 2 2 2 1 0 0 2 1 2 1 0 2 0 2 0 2 0 0 1 2 2 2 0 0 0 2 0 1 0 2 0 1 1 0 0 2 0 2 0 2 1 1 0 1 0 1 1 1 1 1 0 1 0 1 2 1 0 0 2 2 2 0 0 1 0 1 0 1 1 2 2 2 0 2 1 2 0 2 0
1 0 1 0 2 2 0 0 1 1 1 0 0 2 1 1 0 2 2 2 0 1 1 2 1 1 1 0 2 0 2 2 2 0 0 1 0 1 1 2 2 0 2 2 0 0 2 1 0 1 0 0 0 0 0 1 2 1 0 0 0 0 2 2 1 0 0 1 1 2 1 1 0 1 2 1 2 1 2 2 2 0 1 2 1 2 1 2 1 2 2 1 2 2 1 0 2 1 0 2 1 2 0 2 1 0 0 0 1 0 1 1 2 0 1 1 2 1 0 1 1 2 0
2 1 1 0 2 0 0 1 2 0 2 2 2 1 1 0 2 2 2 2 1 0 1 0 0 2 1 1 2 2 0 1 1 1 1 0 0 0 2 2 1 0 2 0 1 0 2 1 1 2 0 2 0 2 0 0 2 0 2 1 2 2 2 0 2 2 1 2 2 1 2 0 1 2 2 2 0 2 1 1 1 2 1 1 1 0 1 2 0 2 0 2 2 1 0 2 0 2 1 0 1 1 1 2 1 0 0 2 2 1 1 1 0 2 0 0 0 0 2 0 2 0 0
2 1 1 2 2 1 1 2 2 0 1 0 1 2 0 0 0 1 1 2 2 1 2 2 2 2 2 0 2 0 1 2 2 0 2 2 1 0 2 2 0 0 2 2 1 0 0 1 2 2 0 1 2 2 2 1 0 2 2 2 2 1 2 0 1 2 2 1 0 2 1 1 1 1 1 2 1 2 0 1 2 1 2 2 1 2 1 1 2 0 2 2 2 2 2 1 2 2 0 0 2 1 1 1 0 0 0 1 0 1 2 0 0 0 2 1 0 1 1 0 1 1 0
1 1 0 0 1 0 0 1 0 0 1 2 0 1 2 0 2 1 0 0 2 1 0 1 0 1 2 0 0 1 0 1 1 1 2 2 2 1 2 0 1 0 2 2 1 2 0 2 1 2 2 0 0 0 1 0 1 2 2 2 1 2 1 2 1 1 0 1 2 2 2 0 2 1 1 1 1 1 0 0 1 0 1 2 0 1 0 2 1 2 2 2 0 1 0 2 2 0 1 2 0 0 0 2 0 2 1 2 1 2 1 2 0 2 2 1 0 1 0 1 1 0 2
2 2 2 2 2 0 1 2 0 1 0 0 2 0 1 0 2 1 1 2 1 0 0 2 2 1 1 1 0 1 0 0 1 2 2 1 0 1 1 0 2 1 0 0 1 0 1 0 1 2 1 0 0 1 0 2 2 1 2 0 1 2 0 2 2 0 1 2 1 2 1 2 0 2 0 0 2 1 1 2 1 2 0 1 0 0 2 0 0 1 1 1 0 2 1 0 0 2 1 2 2 0 2 0 2 2 0 0 0 2 2 2 1 0 1 0 0 1 0 1 2 1 2
0 2 1 2 2 1 1 2 0 1 2 1 1 1 2 1 0 1 1 2 1 1 1 1 0 2 2 1 2 2 2 1 1 0 0 1 2 2 0 0 0 2 2 1 2 2 1 2 1 0 2 0 2 1 1 0 1 2 1 2 1 0 0 2 2 1 0 2 0 0 2 1 1 0 0 0 2 1 0 1 2 0 2 2 2 1 2 1 0 1 0 1 0 0 1 2 2 1 2 2 0 1 0 2 2 0 2 1 0 0 1 0 0 0 2 0 1 2 2 2 0 2 1
0 0 1 0 2 0 2 2 0 2 2 0 1 0 2 1 1 0 2 1 1 2 0 2 1 0 1 0 1 1 0 1 2 1 2 2 1 2 1 0 1 1 0 0 2 1 1 1 1 1 2 0 0 1 0 1 1 2 0 2 0 1 2 0 2 2 2 1 1 1 2 1 0 0 1 0 2 0 1 1 1 1 2 2 2 0 1 2 0 1 2 1 0 2 2 0 2 2 2 1 2 2 2 2 2 1 2 2 2 1 1 1 0 1 0 0 1 2 0 2 1 0 1
2 2 1 0 2 1 0 1 0 2 1 0 0 0 2 2 2 2 1 1 0 2 1 0 2 0 1 1 2 2 2 2 2 1 0 2 0 0 0 0 0 2 0 0 0 1 1 2 1 2 1 1 2 2 1 1 1 0 0 1 0 1 1 0 2 1 2 0 2 1 1 0 1 2 1 2 1 2 2 2 2 1 1 2 1 0 1 0 1 1 2 0 2 1 0 0 0 0 0 0 2 2 0 1 0 2 1 1 2 0 2 2 2 0 1 1 1 0 1 1 0 1 1
0 0 2 0 1 2 2 1 0 1 0 1 2 2 2 2 2 0 1 2 0 2 1 2 2 0 0 1 0 0 2 0 0 2 2 2 1 2 0 2 1 0 0 1 0 0 0 0 2 2 0 0 2 1 2 1 1 0 2 2 0 2 1 1 1 1 0 1 0 2 0 1 2 2 0 1 0 0 2 2 0 2 0 0 1 2 2 1 0 0 0 1 2 1 0 2 0 1 1 0 0 1 0 1 1 0 2 2 2 2 2 0 2 0 0 0 2 1 2 0 2 0 0
1 2 0 1 0 2 2 1 0 2 2 1 0 0 1 2 0 1 0 0 0 0 2 1 0 1 1 2 0 2 2 2 2 0 1 2 2 1 2 0 0 1 2 2 2 1 2 0 2 2 1 2 0 1 1 2 2 0 1 0 2 1 2 1 1 1 2 1 0 1 2 1 0 1 0 1 1 0 1 0 0 2 0 1 1 2 0 1 2 2 1 1 0 1 2 1 2 2 2 0 1 2 2 2 2 0 0 0 0 1 0 1 2 1 0 1 0 0 0 0 2 1 1
0 0 2 2 1 1 2 1 1 2 1 0 2 0 1 2 0 0 0 2 2 2 2 2 0 0 2 1 0 1 0 0 2 2 2 1 2 2 0 1 2 0 1 1 0 0 1 0 0 1 1 1 1 0 0 0 2 0 1 2 1 2 0 1 0 0 0 2 0 1 1 2 1 2 1 1 0 2 2 0 2 1 2 1 0 0 1 2 0 0 1 0 0 2 1 0 0 2 0 0 1 1 1 2 1 2 1 1 0 1 2 2 1 0 0 1 0 0 0 1 0 2 1
1 2 0 2 0 0 2 1 1 1 2 1 0 0 0 2 0 0 0 0 1 0 0 2 0 1 0 2 0 2 1 1 2 2 1 0 2 1 2 2 1 2 0 1 2 2 2 0 2 2 0 0 0 2 0 1 0 1 1 0 1 0 0 1 0 2 1 1 0 1 0 2 1 1 2 1 0 1 2 2 1 0 0 1 0 1 2 2 2 1 2 2 0 0 1 0 2 2 1 1 2 2 0 0 2 2 2 2 1 2 0 2 0 0 0 0 0 1 2 0 0 0 2
0 1 0 2 1 1 1 2 0 2 2 1 1 0 0 0 1 0 0 1 1 2 2 2 0 1 0 0 2 1 1 0 2 1 0 0 0 2 2 1 2 0 2 0 0 1 0 2 1 2 0 0 2 1 2 2 2 0 2 2 1 0 1 1 0 2 2 0 1 0 2 0 0 2 1 1 0 2 0 2 2 2 2 1 1 0 0 0 0 0 1 0 2 0 1 2 2 0 0 2 1 0 0 1 1 2 0 1 2 2 1 1 2 1 2 0 2 0 1 0 0 2 0
2 0 2 2 0 0 1 2 2 2 2 1 0 2 0 2 1 0 1 2 2 0 1 2 0 2 0 1 0 1 1 0 2 1 0 2 2 2 2 2 1 0 1 2 2 2 2 1 2 0 0 1 1 0 1 1 2 2 2 0 1 1 1 1 0 2 0 0 1 1 2 2 1 1 1 0 0 1 1 0 1 0 2 1 1 0 2 1 1 0 2 2 1 1 1 2 0 0 0 2 1 2 1 2 2 1 2 0 2 2 1 2 0 0 1 1 2 0 0 0 0 0 0
0 1 2 0 2 2 1 1 0 0 1 0 0 0 0 1 0 2 2 0 0 0 1 2 0 0 0 0 1 0 2 2 0 2 2 2 2 1 2 0 0 1 0 0 2 0 1 0 1 1 2 1 0 1 2 0 1 2 2 1 0 2 0 0 1 1 1 0 2 1 0 2 0 0 0 0 1 2 1 2 2 0 2 2 2 1 0 1 1 0 0 1 2 1 0 0 0 2 1 2 0 1 0 1 2 1 1 1 1 0 1 0 1 1 0 1 2 2 0 0 2 1 0
2 0 0 0 0 2 2 0 0 1 0 2 2 2 0 0 1 0 2 2 2 1 1 1 1 0 2 0 2 0 1 2 1 1 1 1 1 1 2 2 2 1 1 1 0 2 2 2 0 0 2 1 2 0 2 0 1 1 1 1 2 2 2 0 1 0 2 0 1 2 2 1 0 1 0 1 0 0 1 2 0 1 0 2 2 2 1 0 2 2 1 2 0 0 1 1 1 0 2 2 0 1 1 1 1 2 0 1 0 1 0 2 0 1 1 2 1 0 2 1 1 1 0
1 0 1 2 1 0 1 2 1 1 1 0 2 1 1 1 1 0 0 0 0 1 0 2 0 0 2 2 1 0 0 0 0 2 0 2 0 2 2 2 1 0 0 1 1 1 0 2 1 1 0 2 0 1 1 2 2 0 1 2 1 1 2 2 2 0 2 2 0 1 2 2 2 0 1 0 1 2 2 0 0 0 0 1 2 1 0 2 2 2 1 1 1 0 1 0 1 1 1 2 0 0 1 2 1 0 2 0 2 2 2 0 1 2 2 1 2 2 0 2 1 1 1
0 0 0 1 2 1 2 1 2 1 0 1 0 1 1 0 0 2 0 1 1 1 1 2 1 0 0 0 0 2 2 1 0 2 2 2 2 2 1 1 1 2 1 1 0 2 1 1 2 0 0 0 1 1 1 2 0 2 0 0 1 2 1 2 0 1 2 2 1 1 0 2 0 1 0 1 2 0 0 2 0 1 0 2 0 2 2 0 1 0 0 0 1 2 0 1 2 0 1 0 1 2 0 2 2 1 0 1 1 0 0 2 2 1 2 0 0 2 0 2 0 2 0
1 2 0 0 1 0 1 0 2 0 1 1 0 2 1 1 2 0 0 2 2 2 2 0 1 2 1 0 0 1 1 2 0 2 2 2 0 1 2 0 0 0 2 0 0 2 0 2 2 1 2 2 0 2 0 2 2 2 1 0 0 0 2 1 2 0 1 1 2 0 2 2 1 1 1 0 0 1 2 0 0 2 1 1 2 2 1 2 1 0 2 2 0 2 0 1 0 2 2 1 0 2 0 0 1 2 0 2 1 0 0 1 0 1 0 0 1 2 2 2 2 2 2
0 0 0 1 1 0 1 2 1 1 1 1 0 0 2 0 2 0 0 1 1 0 1 1 1 1 1 2 1 1 1 2 2 2 1 1 0 1 0 2 2 1 1 2 2 1 2 2 1 1 0 2 2 0 0 0 1 2 0 0 2 0 0 1 0 1 2 1 2 0 0 0 2 1 2 1 0 0 1 1 2 2 0 1 0 2 2 1 2 0 2 2 1 2 1 1 2 1 2 2 2 0 2 2 0 2 1 0 0 0 2 2 0 0 1 1 0 0 2 1 1 0 0
2 0 2 1 2 2 1 2 1 2 1 1 0 1 0 0 2 1 0 1 2 2 0 0 0 1 0 2 2 0 1 0 1 0 2 1 2 0 0 2 0 0 0 0 2 1 2 2 2 0 1 1 0 2 2 1 1 0 0 1 0 1 1 2 0 0 1 0 2 2 2 2 2 1 1 0 2 1 0 0 1 1 2 0 1 2 1 2 2 2 1 0 2 0 1 0 2 2 0 1 1 1 1 2 0 0 0 2 1 0 2 1 2 0 1 1 2 0 1 2 2 0 0
2 1 1 2 1 1 1 0 1 0 2 1 0 0 1 0 1 1 1 0 0 1 1 2 0 1 1 0 2 2 0 1 1 0 2 2 1 1 0 2 1 0 0 2 0 1 2 2 0 1 0 2 2 1 1 0 0 0 0 0 0 2 1 1 2 1 2 0 2 2 1 1 2 1 0 2 1 1 2 2 2 2 1 0 1 0 0 2 0 2 2 1 1 2 1 1 0 0 2 1 0 0 2 0 0 1 0 2 2 0 1 2 0 0 2 2 1 0 1 2 0 1 1
1 0 2 0 1 0 2 2 0 0 2 1 1 0 2 0 0 2 1 2 1 2 2 0 0 0 2 0 0 1 1 2 2 1 2 1 2 1 1 0 2 0 2 0 1 2 0 2 2 0 2 0 2 2 0 0 0 0 0 0 2 2 0 2 1 0 0 0 2 2 1 2 0 0 0 2 2 2 0 2 2 2 2 1 2 1 2 2 2 0 0 1 0 1 0 1 1 1 2 0 1 1 0 2 2 1 2 2 0 2 2 2 2 1 1 1 2 2 1 2 2 2 1
0 0 2 2 1 2 2 0 0 1 0 0 0 1 0 0 1 0 2 1 0 1 1 0 1 0 1 1 0 2 0 0 2 2 1 2 1 1 2 2 2 2 0 0 2 1 1 1 2 0 1 2 2 2 2 2 0 2 1 1 1 1 2 1 1 1 0 1 2 0 0 2 1 1 2 0 0 1 2 2 0 0 1 0 0 2 2 0 1 1 0 0 2 0 1 2 1 0 0 0 0 1 0 2 0 2 2 0 2 0 2 2 0 2 0 1 2 1 2 1 2 2 2
0 2 0 2 1 1 2 1 0 1 1 2 2 2 0 2 2 0 0 2 0 0 2 2 2 0 0 1 0 0 0 1 1 1 0 2 0 0 2 0 1 0 0 0 0 0 1 2 0 1 2 2 2 2 2 2 0 0 0 1 1 1 2 2 2 2 1 2 0 0 0 2 2 1 0 0 2 1 1 1 0 0 1 2 0 0 2 1 2 2 2 0 1 2 0 1 2 2 1 0 1 2 0 1 1 1 1 0 0 0 1 1 1 0 2 2 1 1 0 0 2 1 1
0 1 1 2 0 1 1 1 2 1 2 0 2 1 0 0 2 0 0 0 1 0 0 1 2 0 2 0 2 1 1 0 2 0 0 1 2 1 0 2 0 0 0 0 1 1 0 1 1 1 2 1 2 0 0 2 0 2 0 0 1 2 0 1 1 1 2 0 2 0 0 0 0 1 0 2 2 1 0 1 0 2 2 0 0 2 0 0 2 1 1 1 0 2 0 1 0 0 2 1 0 0 1 1 1 2 1 1 1 2 0 2 0 2 0 0 2 0 2 2 1 0 2
2 0 2 1 1 0 1 0 2 1 2 0 1 2 0 0 1 2 0 1 2 0 1 1 0 2 0 0 0 1 2 2 2 2 1 0 0 0 1 2 2 0 0 0 0 0 1 2 0 2 0 0 0 1 1 0 0 2 1 1 1 0 2 0 1 0 1 1 1 0 0 1 0 1 2 1 2 1 1 0 1 1 1 2 1 1 0 2 0 1 2 2 0 1 0 1 1 1 0 0 1 1 2 0 2 1 1 2 0 0 0 2 0 2 1 2 0 1 1 1 1 0 1
2 2 1 1 2 1 1 0 0 0 2 0 0 0 0 0 1 0 0 1 1 0 0 0 0 1 2 2 0 0 1 2 0 0 1 2 1 0 2 2 0 2 2 1 2 0 2 1 1 0 0 2 1 0 0 1 2 0 1 0 1 0 1 2 1 2 2 0 0 1 0 1 1 1 0 1 1 0 0 2 1 1 0 2 1 1 1 1 2 1 2 0 1 1 1 0 0 0 1 1 0 1 1 1 2 1 0 1 0 1 1 1 0 2 1 1 1 2 1 0 0 1 2
0 2 0 0 0 0 2 0 0 2 1 2 1 0 2 0 0 1 0 2 1 2 0 1 1 1 0 2 2 1 1 2 1 1 1 1 0 1 1 0 0 0 0 0 1 1 1 2 2 1 2 2 2 2 0 1 1 1 0 1 2 0 0 1 2 2 2 2 1 2 1 1 2 1 2 1 0 1 1 0 0 1 0 2 1 0 1 0 1 0 1 1 0 2 2 2 0 2 0 1 2 1 0 0 0 1 1 1 2 0 2 2 2 2 0 1 0 1 1 2 1 0 1
2 0 0 0 0 0 0 2 0 2 1 0 0 2 2 2 1 0 1 1 2 1 1 1 2 1 0 1 2 0 0 2 2 0 2 2 2 0 2 2 0 0 0 0 0 2 0 1 0 2 0 1 2 2 2 1 0 0 1 0 1 1 0 0 0 2 1 2 0 0 2 0 1 2 1 1 1 2 0 0 1 0 1 1 0 1 0 0 2 1 2 1 0 2 2 0 0 0 2 0 1 2 1 0 1 0 1 1 2 2 1 1 0 0 0 0 1 1 2 2 2 1 0
0 0 0 1 1 1 1 2 2 1 1 0 2 1 2 1 1 2 0 2 0 1 0 1 1 1 0 0 1 2 0 2 1 0 1 2 2 2 2 0 0 0 0 1 1 0 0 0 0 1 1 0 2 1 2 0 1 0 0 0 1 1 0 2 0 1 2 2 1 2 0 2 2 1 0 2 2 1 2 2 0 1 1 0 0 0 2 2 1 0 2 2 2 0 2 0 2 2 0 0 1 1 0 1 2 1 0 2 0 1 2 0 2 1 1 0 1 1 0 0 1 1 0
1 2 2 1 1 2 0 2 0 1 0 0 1 1 1 1 2 2 1 0 0 2 2 1 1 0 2 1 2 0 2 0 2 2 2 1 1 2 0 0 1 1 0 0 0 1 1 0 2 0 0 0 2 0 1 0 0 1 0 2 1 2 1 1 2 1 1 2 0 2 2 2 1 0 2 1 2 2 2 2 2 2 2 0 0 2 0 1 0 1 1 0 1 2 1 1 0 2 0 1 2 0 1 1 0 2 0 1 1 2 0 0 2 0 1 0 2 2 2 0 1 1 0
0 1 0 2 2 0 2 2 2 0 1 1 1 0 1 2 2 0 0 1 0 1 2 1 1 2 0 1 1 1 2 1 0 2 1 1 2 1 1 0 2 2 1 1 1 1 1 0 1 2 1 2 0 1 1 1 0 1 0 1 1 0 1 2 0 2 0 1 1 2 2 1 2 1 0 1 2 2 1 2 1 0 2 1 2 1 0 2 2 1 2 1 2 1 1 2 1 2 1 1 2 0 0 2 2 0 0 1 0 2 0 1 0 0 0 2 1 1 0 1 0 0 1
0 2 2 0 0 2 2 2 2 2 0 1 1 1 2 0 2 0 1 0 0 1 2 1 0 0 1 0 1 2 1 1 1 1 0 2 1 2 2 1 1 2 0 1 0 1 2 2 1 0 1 1 0 1 2 1 1 1 1 1 0 0 0 2 2 0 2 1 2 1 0 2 1 0 1 2 1 0 0 0 1 1 2 1 2 2 1 1 2 2 2 2 1 1 2 0 1 2 2 2 1 2 2 2 1 0 2 0 1 2 1 2 1 1 2 1 1 0 0 0 0 0 0
1 1 0 0 1 0 0 0 1 0 0 1 1 0 0 2 2 0 0 1 1 2 0 0 1 1 1 1 2 2 2 0 2 2 1 0 2 2 1 1 0 1 2 2 2 0 1 1 1 2 0 0 1 2 0 0 0 2 2 2 0 1 1 2 2 2 0 2 2 1 1 2 0 1 1 2 1 0 1 0 0 1 1 2 0 2 0 1 2 0 1 0 1 2 2 1 0 2 1 0 1 0 0 1 1 2 0 1 0 1 1 1 0 0 1 1 0 2 0 0 2 1 0
1 2 2 0 0 2 2 0 0 2 1 1 1 1 2 2 2 1 2 1 1 2 0 2 0 2 2 0 2 2 1 1 2 1 1 2 0 0 2 1 0 2 0 2 1 2 2 0 0 2 1 0 0 1 2 0 1 0 2 1 0 1 0 2 0 2 1 0 0 1 0 1 0 0 1 1 1 2 0 2 1 1 2 2 1 2 0 2 0 0 2 0 1 2 0 2 1 1 0 2 0 1 1 1 2 0 0 0 2 0 0 1 0 2 0 1 2 1 1 0 2 0 1
2 0 1 1 2 2 2 2 1 0 0 2 0 2 0 1 1 2 1 0 0 2 2 1 2 1 0 1 1 2 2 1 0 1 2 2 1 0 2 2 0 0 2 1 2 1 1 2 0 2 2 1 2 1 0 0 0 0 1 2 0 1 0 1 0 0 1 0 0 0 0 2 2 0 0 2 2 1 1 0 2 1 1 2 0 1 0 1 2 2 0 0 1 1 2 1 2 0 2 2 2 0 1 2 0 0 1 0 2 0 0 1 2 1 2 2 2 2 1 1 2 2 2
1 1 1 0 1 0 0 0 0 0 0 2 1 0 0 1 0 1 1 2 0 0 2 1 2 2 0 1 1 2 2 0 1 1 1 2 1 1 1 1 2 1 1 0 2 2 1 2 0 0 2 2 0 1 0 0 2 0 2 0 0 1 2 2 0 0 2 2 2 0 2 1 1 0 2 1 2 0 1 1 1 1 1 2 1 1 2 0 2 1 1 0 1 0 2 1 1 0 1 0 0 0 2 0 1 1 1 1 2 0 0 0 2 1 2 0 0 1 1 0 1 2 1
2 0 1 1 2 1 2 0 2 1 2 0 2 2 1 1 1 0 2 2 2 1 2 0 2 2 1 2 0 1 1 0 2 0 2 2 2 2 2 2 0 2 2 0 1 1 2 1 2 2 0 2 1 0 2 0 2 1 1 0 2 0 1 2 1 0 2 1 0 1 0 1 1 0 2 1 2 2 2 1 1 0 0 0 0 0 2 0 1 1 1 1 1 0 1 0 0 0 1 1 2 1 0 2 2 0 0 1 2 0 0 1 0 0 1 1 1 0 2 0 1 1 0
1 1 1 1 2 0 2 2 0 1 0 0 1 0 1 0 0 1 1 1 2 2 0 1 1 1 0 1 0 2 1 1 0 1 2 1 2 2 1 0 2 1 1 1 1 2 1 2 2 0 0 1 1 0 0 2 2 2 1 1 1 1 2 0 0 0 1 2 0 0 0 2 1 1 0 0 2 0 2 1 1 0 0 2 1 1 1 1 0 1 2 1 0 2 1 0 2 0 0 0 0 0 0 2 2 2 2 2 2 2 0 0 2 0 1 1 1 0 0 2 1 0 1
1 2 0 1 0 2 2 1 2 0 1 0 0 0 0 2 0 0 0 2 0 0 0 2 0 0 2 2 0 0 1 1 0 0 1 1 2 0 2 2 1 1 2 1 0 0 1 0 1 1 0 1 2 0 1 0 2 0 0 2 2 0 1 0 0 0 1 2 2 1 1 0 2 2 0 2 2 1 1 1 0 1 2 0 0 0 1 2 2 1 2 1 2 1 1 2 0 0 1 0 1 1 1 1 1 1 1 1 1 0 2 1 1 1 2 2 2 1 2 2 0 2 0
0 1 2 2 2 2 2 2 1 0 0 2 2 0 1 0 1 1 2 0 1 0 2 0 0 1 0 2 1 0 0 1 1 0 1 1 0 0 0 1 1 2 2 0 2 1 0 0 1 0 0 2 0 0 0 2 1 1 2 2 2 1 1 1 1 0 0 0 1 1 2 2 0 1 0 2 1 1 0 2 1 0 1 2 1 2 1 2 1 2 0 1 0 2 2 2 2 0 2 0 2 2 0 0 1 1 0 2 2 1 1 1 0 0 0 1 0 0 2 2 2 0 0
2 2 0 1 1 1 2 2 1 2 2 1 0 0 2 1 0 1 2 1 1 0 2 0 1 0 2 1 2 0 1 2 2 2 2 1 0 2 0 1 1 0 0 1 0 0 2 1 1 0 2 0 1 0 1 2 0 1 1 1 2 0 0 1 2 0 0 1 2 1 2 0 2 0 0 0 1 2 2 0 2 1 1 1 2 2 1 0 0 2 1 0 2 2 2 2 0 0 0 0 2 0 1 1 1 1 2 0 1 1 0 2 0 1 0 0 1 2 0 0 1 2 0
2 1 0 1 2 1 1 0 1 2 2 0 1 1 2 1 2 1 0 2 2 2 1 0 2 0 1 2 2 0 2 1 2 1 0 2 2 2 0 1 2 0 2 0 1 1 0 1 1 1 1 1 1 0 1 0 1 2 2 0 2 0 0 2 2 1 2 1 1 2 0 1 2 2 2 1 1 0 0 2 1 2 0 1 2 2 1 0 1 2 1 1 0 2 1 2 1 0 0 0 1 1 1 1 1 1 0 1 2 1 0 1 1 2 2 1 2 1 2 1 1 0 0
1 1 1 0 0 0 1 0 2 1 2 0 2 1 1 0 0 2 2 0 0 2 2 1 1 1 1 2 2 2 1 1 1 2 1 1 0 1 2 2 2 2 1 2 0 2 0 2 2 0 2 0 2 1 0 0 1 1 1 1 1 2 0 2 2 2 1 0 0 0 0 0 0 1 0 1 1 1 0 1 1 0 1 0 2 1 1 0 1 2 2 2 2 2 2 2 1 1 0 0 0 1 1 0 0 1 1 2 0 2 0 1 0 1 2 0 1 1 0 2 1 0 2
2 2 2 1 2 1 2 0 1 0 1 1 1 1 1 0 1 1 1 1 2 1 0 2 0 2 0 2 2 1 1 1 1 2 0 1 0 2 1 1 0 1 0 0 2 2 1 1 1 0 2 0 1 0 0 1 0 0 1 2 2 0 0 1 2 0 2 0 0 2 2 2 0 0 2 0 0 0 1 1 1 1 2 0 2 2 2 2 1 1 2 0 2 0 1 2 2 2 0 2 2 0 1 0 1 1 0 2 0 1 0 1 0 0 2 0 0 1 0 1 0 0 2
0 0 1 0 2 1 1 0 0 2 2 0 0 1 0 2 1 0 1 0 1 2 2 2 2 2 0 1 0 0 1 1 1 0 1 1 2 0 2 2 0 1 1 0 2 2 1 1 2 2 2 2 1 2 2 1 2 2 0 0 2 1 1 1 2 1 2 1 2 2 1 2 1 2 0 1 2 1 0 2 1 0 2 2 0 1 1 0 0 1 0 0 1 0 2 1 1 2 2 0 2 1 2 1 2 2 2 1 2 2 1 0 0 1 0 1 2 2 1 1 1 2 2
