3 124 19
991277139 1028051887 741181270 710376872 383620552 499316657 1132712767 818843363 815139225 929737190 684817833 13204775 829642629 754500792 140165225 701342081 224299506 70001664 608650233 714974138 1114699373 104125039 313885774 956298578 896230866 409932746 604880223 422204551 1103171271 674671343 888576115 1109299511 1072000368 544307455 624466773 596609252 797022542 1029818605 828688474 464384056 939982845 406782943 884752894 372366255 1143560789 333878375 1083558026 1131895437 71459481 482022193 1086706177 212358611 34234719 661811132 78182341 878397110 803062168 865220077 793187719 579620666 334604777 218073174 608860419 441792212 669876707 540563763 910709095 710672008 552366588 596423142 811146800 409011798 426681927 722886387 848172360 397280242 716705918 906119965 646855413 257101315 306101546 305849704 807041794 691611384 810727357 832713783 402227352 633314923 406910504 649387227 476640677 972712332 139816402 949595879 454341415 40895235 1104837699 462633545 260469927 935256808 921576799 1039883969 246210464 315413368 935953848 12927164 234640848 3529284 683337305 1038317543 948129966 1000581217 90141821 339026781 737530112 84413382 252326565 416227130 610964416 536537466 624016893 380568081 965813244 1157580396
1 0 1 2 0 1 2 0 2 1 1 0 0 0 2 0 0 1 0 1 2 1 1 1 0 0 1 2 2 0 2 1 0 0 0 1 0 1 1 2 2 0 2 1 1 0 2 0 2 0 1 1 1 0 0 2 0 1 2 1 1 1 0 0 0 1 1 0 0 0 2 0 2 2 2 1 2 2 1 2 0 0 1 0 1 2 2 2 1 0 0 1 1 1 1 1 0 0 1 1 1 1 1 1 2 1 0 1 1 2 1 2 0 1 2 2 1 0 1 2 0 2 1 2
1 0 1 1 0 0 0 0 0 1 1 2 0 2 1 2 0 0 2 1 1 2 0 0 2 2 2 0 1 2 0 0 2 2 2 1 2 2 1 2 2 0 1 2 0 1 2 1 1 2 2 0 1 0 0 2 2 0 2 2 0 0 2 0 2 0 1 2 2 0 2 2 0 2 2 1 0 2 2 2 2 2 0 0 2 1 0 0 2 1 2 0 1 2 0 2 0 2 2 1 2 1 0 2 1 0 1 1 2 1 1 1 1 1 0 1 0 1 1 0 2 1 1 2
2 1 1 2 1 0 0 0 2 1 2 1 1 1 0 2 1 0 1 2 2 1 1 0 1 1 1 0 0 2 0 2 1 1 0 2 2 0 2 0 2 2 2 2 1 2 1 2 0 0 2 0 0 1 1 1 2 2 1 0 1 2 0 2 1 0 2 2 2 1 2 1 0 1 1 2 1 2 2 0 1 2 0 1 1 1 2 1 0 1 1 2 1 0 2 0 0 1 0 2 0 0 2 0 2 0 1 1 1 0 1 2 1 1 0 2 0 2 0 1 0 0 1 0
0 0 0 1 2 1 2 2 1 2 1 0 2 0 1 0 1 0 0 2 2 1 1 1 0 0 2 2 0 1 2 1 2 0 0 2 2 2 2 0 1 1 1 2 1 2 0 0 0 1 2 1 2 2 2 1 2 2 1 0 0 1 2 1 2 2 1 1 0 0 2 1 0 0 1 1 0 2 2 2 1 0 0 1 0 0 2 2 2 1 0 1 2 2 2 2 1 0 0 1 1 2 1 1 0 0 1 1 2 1 1 0 1 2 0 1 2 2 1 2 2 1 0 1
1 2 1 1 0 2 0 0 0 1 1 0 0 0 2 2 2 0 1 0 2 1 0 2 1 1 2 0 1 2 0 2 0 2 1 1 1 2 1 2 1 1 0 1 1 0 1 0 2 0 1 2 2 2 2 0 0 2 2 2 2 0 0 2 2 1 2 0 0 0 0 2 1 1 0 0 2 2 1 1 0 0 2 2 2 2 1 1 1 1 0 0 1 0 1 0 0 1 1 0 1 2 0 1 1 2 2 1 1 0 0 0 1 2 2 0 2 1 1 0 2 0 2 0
1 1 1 1 2 0 0 1 0 0 0 2 0 0 1 0 1 1 0 0 2 0 1 1 2 1 0 2 1 0 1 0 2 2 0 2 0 0 0 1 1 2 1 2 2 2 2 1 1 0 1 0 0 1 0 2 2 1 2 1 1 1 1 1 0 1 0 2 2 0 1 2 0 2 2 0 2 2 1 0 2 1 2 2 2 2 0 2 1 0 0 0 1 2 1 2 2 1 1 2 2 2 1 0 2 1 1 1 0 0 2 2 1 1 0 1 1 0 0 2 1 1 0 2
1 1 1 0 2 1 2 2 1 2 2 2 0 0 0 1 2 0 1 0 2 2 0 1 0 0 1 1 2 1 1 1 2 1 2 2 2 1 2 1 1 2 0 2 1 2 1 0 0 0 1 0 1 1 2 1 0 1 1 0 0 2 1 0 1 0 0 0 2 0 0 2 0 1 1 1 0 0 1 1 1 2 2 2 2 1 2 2 0 0 2 1 0 0 2 2 1 0 0 1 1 1 0 1 0 2 0 0 0 1 2 2 1 1 2 0 1 1 0 2 2 2 1 1
0 1 1 1 2 2 0 0 1 1 2 1 1 2 2 1 1 2 0 0 1 1 2 0 0 2 1 1 0 2 2 0 2 1 0 1 0 0 2 1 1 2 0 0 1 1 2 0 0 0 1 2 1 0 1 2 0 0 0 0 2 0 1 2 1 1 0 1 2 0 1 2 2 1 2 1 0 1 2 0 2 1 1 0 1 0 0 2 0 0 0 0 0 2 0 1 1 1 1 1 0 2 0 2 1 0 2 2 2 1 0 2 2 2 0 2 2 1 2 0 2 0 1 0
0 2 2 1 0 0 0 0 0 1 1 2 2 1 2 1 2 0 1 0 0 1 0 0 2 2 1 2 0 0 0 0 0 2 0 0 1 0 2 1 2 1 1 1 2 1 0 1 2 1 2 2 2 2 0 0 0 2 0 0 2 0 1 2 0 1 1 1 2 1 1 2 2 0 0 2 2 1 1 1 2 1 1 0 1 1 1 1 2 1 2 1 2 1 2 2 0 1 2 2 2 1 2 2 1 0 1 1 2 2 0 2 1 1 0 0 1 1 2 0 0 1 2 2
0 2 0 0 0 0 0 0 1 0 0 0 1 1 0 1 2 0 2 1 0 2 2 1 2 2 2 2 1 1 2 2 2 0 0 2 0 0 1 2 1 1 0 1 1 0 2 1 1 1 2 1 2 2 0 1 2 2 0 1 1 0 1 0 0 2 1 1 0 2 0 2 0 1 0 2 2 0 0 0 2 1 2 1 1 0 2 0 2 0 1 2 1 0 0 2 2 1 1 0 1 2 2 0 0 0 2 1 1 1 1 1 2 2 0 0 2 0 0 0 0 2 0 2
0 0 2 0 0 0 1 1 0 1 1 1 0 1 2 1 2 1 0 2 1 0 2 2 0 0 2 0 2 0 1 1 0 0 1 0 1 0 2 1 2 1 0 2 2 0 1 2 0 2 1 1 2 1 1 0 1 0 1 2 1 2 0 2 2 2 0 1 1 0 0 1 2 0 1 2 2 2 2 2 1 1 1 1 1 0 1 2 1 0 2 0 0 2 0 0 0 0 2 1 1 2 2 0 0 0 2 0 0 2 2 2 2 2 1 0 2 0 0 1 0 0 1 0
0 1 2 0 2 1 2 1 1 1 2 2 2 1 0 0 2 0 2 2 2 0 0 2 0 0 1 2 0 2 2 2 2 1 2 2 0 0 0 1 1 2 1 2 1 2 2 1 2 0 0 0 0 0 2 2 2 0 1 0 1 1 2 0 1 0 0 1 0 0 1 2 0 0 1 2 2 2 1 2 2 2 2 2 1 2 2 0 0 0 0 1 2 0 2 0 1 2 1 1 2 0 0 0 0 0 1 2 2 2 2 1 2 1 1 0 1 1 0 2 1 2 0 1
0 0 1 1 0 1 2 0 1 0 1 2 0 2 2 2 2 1 0 0 1 2 0 2 1 2 2 2 1 1 1 2 1 0 0 1 1 0 2 1 0 2 1 1 2 0 0 2 0 2 2 1 2 0 1 0 0 1 0 1 2 1 1 1 0 1 0 2 1 1 0 2 0 2 1 0 0 2 0 0 2 0 2 1 1 1 2 1 2 0 1 2 2 2 1 2 2 2 2 1 1 0 1 2 0 2 2 0 2 0 1 1 0 1 1 2 2 0 2 0 1 0 0 1
0 2 0 2 2 0 2 1 1 0 0 1 0 0 2 0 0 1 2 2 2 1 1 2 2 1 0 1 1 2 2 0 2 1 0 1 1 2 0 2 0 0 1 0 1 0 1 0 2 0 2 2 2 1 0 2 0 0 1 2 2 1 2 2 0 1 1 1 0 1 2 0 2 1 1 1 0 0 1 2 1 1 2 1 2 2 1 0 0 2 0 1 1 0 0 1 1 2 1 2 1 0 0 1 2 0 2 2 0 1 2 2 2 2 1 1 2 0 0 0 0 0 2 1
0 0 1 0 0 2 0 2 0 1 0 2 2 0 2 1 1 2 1 0 1 0 0 0 0 0 1 1 1 1 1 2 2 2 2 2 2 0 2 2 2 0 1 1 0 1 2 0 0 1 1 2 2 1 0 0 2 2 2 0 0 1 0 2 0 0 2 0 1 1 2 1 1 1 2 0 0 0 1 1 2 2 1 1 1 1 2 0 0 2 2 0 0 0 0 1 0 2 1 2 2 1 0 1 0 0 1 1 1 0 2 0 0 0 2 1 0 2 2 0 2 2 2 0
2 2 0 0 0 2 0 2 1 1 0 1 2 0 2 0 1 2 1 1 0 1 0 0 1 0 1 0 0 0 2 0 1 2 1 2 1 1 2 0 0 0 1 2 0 1 0 2 1 1 1 2 0 2 0 2 0 2 0 0 0 0 0 2 2 2 1 2 1 0 0 1 0 0 2 2 1 2 2 0 2 0 0 2 0 1 2 0 1 1 1 2 1 2 1 2 2 0 1 1 1 2 2 1 2 2 1 2 2 1 0 1 0 1 1 0 0 2 1 1 0 0 0 1
2 2 0 1 2 2 2 0 2 0 0 1 2 2 0 2 1 1 0 2 0 0 2 0 2 1 2 2 1 0 1 1 0 2 0 0 1 1 2 1 1 2 1 1 2 1 1 0 0 2 2 1 2 0 2 1 1 2 1 1 0 0 2 0 0 0 2 2 1 1 1 0 1 2 2 0 1 1 2 0 0 1 1 1 2 0 0 1 0 2 2 1 0 2 2 0 2 1 2 2 0 0 2 1 0 2 2 2 0 1 2 2 0 0 0 0 2 0 2 0 2 2 2 0
2 2 0 2 1 0 1 2 1 2 1 2 1 0 2 0 2 2 2 1 0 0 2 2 0 2 1 1 2 0 1 1 0 0 0 2 0 0 2 2 2 1 2 1 2 2 1 2 1 1 1 2 1 0 2 0 2 0 1 1 2 0 0 2 0 2 2 1 2 1 1 2 0 1 0 0 1 0 0 2 2 2 2 1 0 2 2 1 0 0 0 2 0 1 2 2 0 2 0 0 2 2 2 2 1 0 0 2 0 1 2 1 1 2 0 2 1 2 1 2 2 1 2 0
0 2 0 0 1 1 1 0 0 0 0 2 2 1 2 0 0 2 1 2 1 1 2 0 0 0 2 0 2 2 2 0 1 2 1 1 1 0 1 0 1 0 2 0 1 2 0 2 2 0 2 1 1 1 2 2 0 1 0 0 2 2 0 1 0 2 2 1 0 2 1 2 2 2 0 1 2 0 2 1 1 2 0 0 1 2 0 1 1 0 1 0 1 2 2 1 1 1 2 1 1 2 0 1 2 0 1 1 2 0 0 0 2 0 1 1 0 1 0 1 0 1 2 1
1 2 0 1 1 0 2 0 2 1 2 2 2 0 0 2 0 1 1 0 2 2 2 2 2 0 2 0 1 1 1 1 0 2 2 2 2 2 2 0 0 2 2 1 2 0 0 1 2 1 2 2 2 1 2 2 1 1 2 1 2 1 0 0 0 2 1 2 1 0 2 0 0 2 1 1 0 2 0 2 2 2 2 1 1 2 1 0 0 0 2 1 1 2 2 2 1 0 2 1 2 2 2 0 2 0 1 2 0 1 2 2 1 2 1 0 2 2 0 2 0 1 1 1
0 2 1 0 2 1 1 2 1 0 0 0 1 1 0 1 1 2 1 2 2 0 0 2 0 1 0 0 2 1 0 0 0 2 0 1 0 2 0 1 0 1 2 1 0 2 0 1 0 2 1 0 0 1 0 0 2 0 1 0 2 2 0 0 2 1 2 2 1 0 2 1 2 1 2 0 2 2 2 2 2 0 2 2 2 0 0 2 0 2 2 0 0 0 1 2 2 1 2 0 1 2 1 0 1 1 1 0 2 0 0 1 1 2 1 0 1 2 1 1 2 1 2 2
0 1 1 2 2 2 1 1 1 0 2 2 2 1 0 1 2 0 0 1 1 1 1 2 1 0 1 0 2 1 0 2 2 1 1 2 0 0 1 0 1 1 2 0 0 1 2 0 1 2 1 2 1 0 2 2 1 1 2 0 0 2 2 2 2 1 2 0 2 1 0 0 0 1 1 1 2 0 1 1 0 2 2 1 1 1 0 2 0 0 2 0 0 2 1 0 1 0 1 0 0 0 1 1 1 0 2 1 0 2 2 0 1 1 2 0 1 2 2 1 0 2 2 1
1 1 2 0 1 0 1 2 0 1 0 2 1 1 0 0 0 1 1 2 2 1 0 1 1 2 0 1 2 0 0 1 1 0 1 0 1 1 0 2 2 1 0 1 2 0 1 0 1 1 0 2 2 0 0 0 0 1 0 2 1 1 1 2 2 0 1 1 2 2 1 1 0 1 1 1 2 0 1 1 1 1 0 0 2 2 2 0 0 0 2 2 1 1 2 1 0 1 2 2 0 2 2 1 0 0 0 0 0 1 0 2 1 1 0 0 0 0 0 1 0 1 1 0
0 1 1 0 0 2 1 0 1 0 1 2 1 2 0 1 1 0 1 0 1 0 0 0 0 2 1 1 1 0 1 2 1 0 0 1 2 2 2 1 2 1 1 1 1 2 0 0 0 2 0 2 0 1 2 0 0 1 2 2 1 1 2 0 0 0 2 2 2 1 2 2 1 0 0 2 0 0 0 0 0 0 0 0 1 0 2 0 2 1 2 1 1 2 2 1 2 2 1 1 1 0 0 0 1 0 0 1 1 0 2 1 0 0 0 2 1 2 0 0 1 1 2 2
0 2 1 0 2 0 2 1 1 0 1 0 1 1 1 0 2 2 0 0 2 0 2 0 2 1 0 1 2 1 1 2 0 0 0 0 0 0 1 2 1 0 0 2 2 1 1 1 0 1 1 0 2 2 0 2 0 2 0 2 1 2 2 1 0 0 2 1 0 1 1 1 2 1 1 2 1 0 1 1 1 2 0 0 2 0 0 2 0 1 1 1 0 1 1 1 2 1 0 0 2 1 1 2 0 0 2 1 1 1 0 0 1 0 2 1 2 2 0 0 1 0 2 2
2 1 0 1 2 1 1 2 0 0 2 1 1 2 0 0 1 1 2 2 0 1 1 2 1 2 2 0 0 2 0 0 0 0 2 2 0 0 2 1 1 2 2 0 2 0 2 1 1 1 1 1 0 0 1 1 0 2 1 0 1 2 1 0 0 0 0 1 1 0 2 2 0 2 0 0 2 2 1 1 0 0 1 0 0 2 0 1 2 2 1 1 2 2 2 0 0 2 1 1 0 0 0 0 0 1 1 2 2 0 1 2 1 2 1 1 0 2 0 2 1 1 1 1
1 0 1 1 1 0 0 1 1 1 2 1 0 1 1 2 0 0 2 1 2 1 1 2 0 1 2 0 1 1 1 0 2 1 2 0 1 2 2 0 2 2 2 2 1 1 1 1 1 1 0 1 0 1 1 1 0 1 1 1 2 0 1 2 1 1 0 0 2 2 1 1 2 1 0 1 2 2 0 1 1 0 2 1 2 1 0 0 0 2 1 1 2 0 1 1 2 2 0 2 1 1 0 1 2 1 0 2 1 0 0 2 2 1 2 1 0 0 1 1 2 0 0 0
0 1 2 0 0 2 2 0 1 2 2 1 1 0 1 0 0 2 0 2 1 0 1 2 0 0 1 0 1 1 0 2 2 1 0 1 0 0 1 2 0 0 2 2 1 1 2 2 0 0 2 2 1 2 2 1 2 0 0 1 1 1 1 1 2 1 2 1 2 1 1 0 0 0 0 1 1 0 0 0 1 1 2 2 0 2 2 0 2 2 2 0 1 1 1 1 0 2 0 0 0 1 0 0 0 0 2 1 1 0 2 0 1 2 0 2 1 2 0 0 2 0 0 2
2 0 1 0 2 1 0 2 0 1 1 0 2 0 0 1 1 2 2 1 2 0 0 1 0 1 2 1 2 0 0 2 0 1 2 0 0 2 0 0 1 2 2 1 2 2 0 1 2 0 2 2 0 0 1 1 2 0 2 1 0 2 1 2 1 0 2 1 0 0 0 2 2 2 1 2 2 2 2 1 0 1 2 1 1 0 2 2 1 2 1 2 2 0 2 1 0 2 0 1 0 0 1 1 2 0 1 1 0 0 1 0 2 0 1 1 1 1 0 0 1 2 2 0
2 2 2 0 2 1 2 0 1 1 2 2 1 1 1 2 1 2 0 1 0 2 1 1 1 2 2 2 2 2 2 1 2 0 0 2 1 0 0 0 1 0 2 0 1 1 0 0 1 1 0 2 0 1 1 1 0 1 0 0 1 0 2 1 1 0 1 2 0 1 1 1 2 0 2 1 2 0 2 1 1 0 1 1 1 2 0 2 1 1 0 0 0 1 1 1 1 0 2 2 0 0 1 2 0 0 1 0 2 1 2 0 1 0 0 0 0 1 0 2 0 2 2 0
0 2 2 1 0 1 1 0 2 0 1 1 1 0 2 0 1 1 1 0 1 2 1 1 0 2 1 0 1 2 1 2 2 1 2 2 0 0 0 1 0 2 2 0 2 1 0 0 2 2 1 1 1 0 0 2 2 2 0 2 2 0 1 1 2 0 0 2 2 1 0 2 0 0 0 2 1 1 0 1 1 2 2 0 2 1 0 0 1 1 2 0 1 0 1 0 2 1 1 1 0 2 1 1 0 2 1 2 1 2 1 2 2 1 0 2 2 0 2 0 0 1 0 1
2 1 0 2 1 2 0 2 1 1 0 2 0 2 2 1 2 0 2 2 1 2 1 2 1 1 2 1 2 0 0 2 2 1 1 0 0 1 2 0 1 1 2 2 0 2 2 0 2 1 2 2 1 2 1 2 0 1 1 0 1 0 1 1 1 2 2 2 2 2 2 1 0 2 0 1 2 2 2 2 1 2 1 0 1 0 0 2 2 2 1 1 2 2 0 0 2 0 0 2 0 0 0 1 0 2 2 2 2 2 1 1 0 1 1 1 2 1 2 2 1 0 1 0
2 1 2 2 2 0 2 0 1 0 1 2 2 2 2 2 2 0 0 2 2 2 1 2 1 1 2 0 1 0 1 1 0 0 0 0 2 2 1 1 0 2 0 2 2 2 2 2 0 2 1 1 2 0 1 1 1 0 1 2 2 2 1 2 1 2 2 0 2 0 2 2 1 2 0 1 2 0 0 0 1 0 2 0 0 0 1 0 2 0 2 1 0 1 0 2 1 0 0 0 2 2 1 1 2 2 2 2 2 1 2 0 1 2 1 2 0 0 2 2 1 0 0 1
2 1 1 0 2 1 1 2 0 2 0 0 1 2 2 1 1 2 1 0 2 0 0 0 1 2 0 2 0 1 1 2 2 2 0 2 0 2 1 1 2 1 1 1 2 1 0 0 0 2 1 0 0 2 0 1 2 0 0 0 2 2 0 0 1 2 2 2 2 2 0 1 1 2 0 0 0 1 2 0 1 1 0 1 0 1 0 0 0 1 1 2 0 2 0 1 2 1 0 1 0 1 0 1 0 1 0 0 2 0 0 0 1 2 2 2 0 2 2 1 1 2 2 1
1 2 2 0 0 0 2 0 1 2 0 1 0 0 1 1 0 0 2 2 2 0 2 0 0 2 2 2 1 1 0 2 1 1 0 2 1 2 0 0 2 0 2 0 1 2 2 2 2 2 1 2 2 0 2 2 0 2 1 2 1 0 2 0 1 0 2 2 1 2 0 1 1 1 1 2 0 2 0 2 1 1 2 1 0 1 0 1 2 0 0 0 0 0 1 1 1 0 1 0 1 0 1 0 1 0 0 1 2 0 1 1 0 0 2 0 2 1 2 1 2 2 0 2
1 1 1 0 0 0 0 2 0 1 2 2 2 0 1 2 1 2 1 1 0 1 2 0 0 1 2 2 1 0 2 2 0 1 0 0 1 0 0 0 2 0 0 2 0 2 2 2 1 0 1 2 2 0 0 2 2 2 1 2 1 0 2 1 1 0 2 1 0 2 1 1 0 1 0 1 1 0 1 0 0 2 0 0 1 0 0 1 0 2 0 1 2 0 2 2 1 1 0 1 1 2 0 1 1 0 1 0 1 2 1 0 2 1 1 0 2 1 2 2 0 0 2 1
0 1 0 1 1 1 1 0 0 1 0 2 0 1 2 2 0 0 2 0 2 0 1 1 2 1 2 0 1 1 1 0 0 2 2 1 0 1 0 1 1 0 1 2 1 1 1 2 0 2 2 2 2 1 2 2 2 1 0 2 0 1 0 0 2 0 2 0 2 2 2 1 0 1 0 2 0 2 1 0 1 1 1 1 0 0 0 0 2 1 0 2 1 0 2 0 1 2 0 1 2 0 2 2 2 2 1 0 1 0 1 1 2 2 2 0 0 0 0 0 2 1 2 1
2 0 1 0 0 2 1 0 1 0 0 0 0 0 1 0 0 0 1 0 0 1 0 1 2 1 1 2 0 2 0 2 0 1 1 0 2 2 1 0 1 2 1 1 2 0 1 0 0 0 2 0 1 2 2 2 1 2 1 2 2 2 2 2 1 0 2 0 0 2 1 1 1 0 1 1 0 0 2 1 1 1 2 0 2 2 2 0 2 1 0 1 1 0 0 2 1 0 1 1 2 2 1 1 2 2 0 0 0 1 1 1 0 2 0 2 2 2 1 1 1 2 2 0
2 0 0 1 0 2 0 1 1 1 0 2 1 1 2 2 0 2 1 0 1 1 0 0 2 1 1 1 0 1 2 0 1 0 1 1 2 1 0 1 1 1 0 0 0 0 2 0 2 2 0 0 1 0 1 1 2 2 0 0 0 0 0 1 1 2 0 0 2 1 1 1 0 2 1 0 0 2 0 2 1 1 0 2 2 1 1 2 1 2 0 2 0 1 0 1 1 1 1 1 0 0 2 0 0 0 1 0 0 1 0 1 1 0 2 1 2 1 0 0 1 0 2 1
2 0 2 1 2 1 2 0 1 1 1 2 2 0 0 0 0 1 2 1 2 2 2 2 0 2 0 2 1 0 0 0 1 2 1 1 1 1 2 0 0 1 0 2 1 1 0 1 2 1 2 0 0 2 2 1 2 2 0 0 0 2 1 2 2 0 0 1 1 0 2 1 1 0 1 0 1 0 2 2 1 0 2 1 2 2 0 2 2 2 2 1 1 1 0 0 1 1 2 0 2 1 2 0 1 1 1 1 2 1 0 0 1 0 2 1 0 0 1 2 0 1 0 1
0 1 2 1 0 0 0 0 1 2 0 1 0 0 0 0 1 1 0 0 1 1 2 1 1 0 1 2 2 0 1 2 1 1 1 2 1 1 2 1 1 0 0 2 1 0 0 2 1 1 0 0 2 0 1 1 1 0 0 1 0 2 1 0 1 2 2 2 2 2 1 1 0 1 1 1 1 2 1 0 1 2 0 1 2 2 1 0 0 2 2 1 2 0 1 0 1 1 0 0 1 2 2 1 1 0 2 1 0 1 1 2 0 0 0 2 2 2 1 0 2 1 2 1
2 0 2 0 2 2 1 0 2 1 1 1 1 1 0 2 2 1 2 0 1 0 0 2 0 2 2 2 0 1 0 0 0 2 0 2 0 2 0 2 0 1 1 0 1 1 2 0 1 2 1 0 0 2 2 0 2 2 1 0 1 1 1 1 2 2 1 2 0 2 2 0 1 2 1 2 1 2 1 2 2 0 1 0 0 0 1 2 0 2 0 2 1 2 1 1 0 0 1 0 2 1 1 1 0 0 1 0 2 2 0 1 2 1 1 2 0 2 2 0 2 1 0 1
0 0 2 0 0 1 0 1 2 0 2 0 0 1 0 0 1 1 1 1 0 0 2 0 2 1 1 2 0 0 1 1 0 1 1 1 2 0 2 2 0 1 0 1 0 1 1 2 2 0 0 2 0 0 0 2 0 0 0 0 0 1 1 1 0 1 2 2 2 2 2 0 1 2 1 2 1 0 2 1 0 1 1 0 1 0 0 1 0 0 2 1 0 1 2 0 2 1 0 1 1 1 1 0 1 0 0 0 0 0 1 0 1 0 0 2 0 1 2 1 2 1 2 2
2 1 2 0 1 1 1 2 2 1 0 0 1 1 1 0 2 0 0 0 1 2 0 2 0 2 1 2 1 1 0 2 0 0 2 1 1 1 1 1 2 2 0 2 1 2 0 0 0 0 1 2 0 2 1 0 2 0 1 1 2 2 0 0 2 2 1 2 1 0 0 1 2 1 1 1 1 1 1 1 0 0 1 0 0 2 2 0 1 0 1 1 2 0 1 2 2 0 1 1 0 2 0 1 1 2 2 0 1 2 2 1 2 0 1 0 1 0 0 2 1 0 1 1
0 2 1 0 0 0 2 0 2 0 2 2 2 2 2 0 2 2 2 2 2 2 0 1 2 1 1 2 1 2 1 2 1 0 0 1 1 2 0 1 0 2 0 2 2 1 1 1 1 0 2 0 2 2 0 0 1 1 2 0 1 1 0 0 2 0 0 0 0 0 1 0 0 0 1 1 1 2 0 2 0 2 0 0 2 0 0 1 2 0 2 1 1 2 1 0 1 2 1 2 0 1 1 1 1 2 0 2 2 1 2 2 1 0 2 0 1 0 2 1 1 1 0 0
2 1 1 0 1 1 2 2 2 0 0 0 0 1 0 2 0 2 2 2 0 2 0 1 0 0 0 1 2 0 2 1 0 2 1 2 0 2 1 0 2 0 0 1 2 1 0 2 1 0 1 1 0 2 0 1 0 1 0 2 0 1 1 0 0 0 0 1 2 2 1 0 2 2 1 2 0 2 2 1 0 2 2 1 2 0 2 2 0 0 2 0 1 0 0 2 2 1 0 2 0 2 2 1 1 1 0 2 1 0 0 2 2 1 0 2 2 0 1 2 0 2 2 0
0 0 2 2 1 0 2 2 0 2 0 2 1 1 2 0 2 0 0 0 2 1 2 1 1 2 1 2 1 0 2 1 1 2 1 0 0 1 0 0 0 1 0 2 2 1 2 0 1 0 0 1 1 2 2 0 2 1 0 0 0 0 0 2 0 2 2 0 0 0 2 0 1 0 1 2 1 1 0 0 2 0 2 0 0 0 2 1 1 2 1 2 0 1 1 1 1 2 2 1 0 2 0 2 1 1 1 0 2 2 1 2 0 0 1 1 1 0 0 0 0 1 2 0
1 2 2 2 1 2 2 1 2 2 0 0 1 0 1 1 2 0 1 0 1 0 2 0 0 2 1 0 1 1 1 0 0 1 1 1 1 0 2 1 0 1 0 2 1 1 1 0 2 0 1 0 0 0 1 0 0 2 1 0 1 1 0 2 0 1 2 2 2 2 0 0 0 0 0 1 2 2 0 1 2 2 0 1 0 1 2 1 2 1 1 1 0 2 0 0 1 2 2 2 2 0 0 0 2 1 2 1 1 0 1 1 2 2 2 0 0 2 2 0 1 1 1 1
1 0 1 1 0 1 0 0 2 1 1 1 0 1 1 1 1 0 0 0 2 2 2 0 2 2 2 0 0 0 1 2 1 0 1 0 2 1 0 2 0 1 1 1 2 0 0 1 0 1 0 0 2 2 1 1 1 0 2 1 1 1 1 1 2 2 1 1 1 1 1 0 1 0 1 1 0 2 0 2 1 0 2 0 0 0 1 1 1 1 0 1 0 0 2 2 2 0 1 2 2 0 2 0 1 1 0 2 0 0 1 1 1 1 1 1 1 1 2 1 2 0 2 2
0 1 2 0 2 2 0 2 2 2 0 1 1 1 0 1 1 2 0 0 0 2 1 2 1 1 1 1 1 0 1 2 2 1 0 1 0 0 2 0 0 2 2 1 1 2 2 2 2 0 2 2 1 1 0 2 2 1 1 0 2 0 0 2 2 0 2 0 1 1 1 2 1 0 0 2 0 1 2 0 2 2 0 1 0 0 2 2 2 0 0 2 1 2 1 1 2 1 2 2 2 1 1 0 2 0 2 0 2 2 0 1 1 0 1 1 2 0 1 2 1 0 2 1
2 1 2 2 0 0 2 2 1 1 1 1 2 0 2 1 0 0 0 2 1 1 1 0 1 0 2 1 0 1 2 0 0 2 0 1 2 2 0 2 1 1 1 1 0 0 2 1 0 0 0 1 2 2 0 2 0 0 0 1 0 2 2 0 2 0 2 2 0 2 2 0 2 0 1 0 0 1 1 1 2 2 2 1 0 2 0 0 1 1 2 1 0 2 2 0 2 1 0 1 0 2 1 0 2 2 0 0 1 1 1 1 2 1 0 2 2 1 0 0 0 2 1 1
2 0 2 2 2 0 0 2 2 2 1 2 0 1 0 1 1 2 1 0 1 2 2 1 0 0 2 1 2 1 1 2 1 0 0 0 1 0 0 1 1 1 1 1 1 2 0 2 2 1 2 1 0 2 0 2 2 2 0 2 0 1 0 2 0 0 0 1 1 0 0 2 0 2 0 1 2 2 0 2 0 0 0 1 0 0 0 0 0 1 0 0 1 0 2 1 1 0 0 0 1 0 0 1 1 2 0 0 1 1 2 1 2 0 0 2 1 1 2 1 1 1 2 2
1 2 1 1 2 2 2 0 0 2 0 1 2 0 2 0 0 1 0 2 2 1 2 0 0 2 2 1 0 1 1 0 0 0 1 0 2 1 1 0 0 2 2 0 0 1 1 0 1 2 0 0 1 0 2 1 0 1 0 2 1 2 2 2 2 1 0 2 2 2 2 0 2 2 1 2 2 0 0 1 0 1 1 1 2 1 2 2 1 0 1 0 2 1 2 2 2 0 1 2 0 2 0 2 1 1 0 1 2 0 2 0 2 2 2 1 0 2 1 2 0 1 2 0
2 0 0 0 1 2 2 0 1 0 2 0 2 0 0 2 1 2 0 0 1 0 2 0 0 2 0 1 0 0 2 2 1 0 2 0 0 0 0 2 0 1 2 0 1 2 1 0 0 1 0 1 2 1 2 0 0 0 0 0 1 2 0 2 2 1 2 2 1 0 1 1 1 2 2 2 2 0 0 2 2 1 2 0 0 1 1 0 1 1 1 0 1 1 2 1 2 0 2 1 1 1 0 0 1 2 0 1 0 1 1 2 0 0 0 0 0 2 1 2 0 0 0 2
1 0 1 2 0 1 0 2 2 1 2 1 1 0 0 1 1 1 2 1 0 2 2 1 1 0 0 2 0 1 1 2 2 0 2 2 1 1 2 2 2 2 0 1 2 1 0 1 0 2 2 0 2 2 1 0 2 0 0 0 1 0 1 0 1 0 1 0 2 1 0 2 0 1 1 1 2 1 2 2 1 0 1 1 2 0 2 2 0 0 0 0 1 1 1 2 0 2 0 0 1 0 0 0 1 1 1 1 1 1 1 0 1 2 1 1 2 1 1 1 2 1 1 0
1 0 1 2 1 1 2 2 0 0 0 1 2 2 1 1 1 2 1 2 2 0 0 2 2 1 0 1 0 2 0 2 0 1 1 1 0 1 1 0 1 2 0 2 1 1 0 0 0 0 0 0 0 0 2 0 2 0 0 0 0 0 2 1 2 1 0 2 2 2 0 2 2 1 2 1 2 2 2 0 0 2 0 1 0 2 2 2 0 0 0 1 1 0 0 0 1 1 0 2 1 1 1 0 2 0 2 2 0 1 2 1 1 0 0 2 2 0 2 1 1 0 2 2
1 0 1 0 1 2 2 2 0 1 0 0 1 0 0 2 2 2 0 2 2 1 2 2 2 1 0 0 2 0 0 1 1 1 2 0 0 2 0 1 0 0 2 2 1 2 1 1 2 0 0 2 1 0 2 0 2 0 1 0 2 2 1 0 0 1 1 2 0 1 1 0 0 1 2 1 1 1 0 1 1 1 1 1 1 1 1 2 2 0 2 1 0 0 2 1 2 0 0 2 0 2 0 1 1 0 0 2 1 2 1 1 0 0 2 0 1 1 2 1 1 1 2 1
2 2 1 2 1 1 1 2 1 1 0 2 1 0 0 0 0 1 1 1 2 1 2 1 0 2 0 1 1 0 1 1 0 2 0 2 1 1 1 0 0 1 0 2 0 1 0 1 0 2 0 0 0 2 2 0 2 0 0 0 1 2 1 1 2 2 1 1 1 0 2 1 0 0 1 1 2 2 2 0 2 0 1 0 2 0 2 0 0 0 1 1 2 1 1 2 0 0 0 2 0 0 1 0 1 0 1 0 0 1 1 0 2 2 0 2 0 2 2 1 2 1 0 2
2 1 1 0 2 0 2 0 0 2 1 2 0 1 2 0 0 1 0 2 1 0 1 2 1 1 1 1 0 1 1 0 1 2 0 0 2 0 1 0 2 0 2 0 1 0 0 2 1 1 1 0 2 2 0 0 1 1 2 2 2 1 2 1 1 0 0 2 1 1 2 1 2 0 1 1 1 2 0 2 0 1 0 2 2 1 1 1 2 1 1 0 2 0 2 1 1 2 0 2 1 0 0 0 1 2 0 2 1 0 2 1 0 1 2 2 2 1 0 0 0 2 0 0
0 0 1 1 0 2 2 1 0 0 2 1 0 0 1 1 1 0 1 1 2 1 1 2 2 2 0 2 2 1 2 0 1 1 2 1 0 1 0 1 2 1 2 2 1 0 1 2 2 2 1 1 0 0 1 0 0 1 0 0 2 0 1 1 2 0 0 2 0 1 1 2 2 1 2 0 0 1 1 0 1 0 2 2 1 1 0 2 0 1 0 1 2 1 0 1 2 0 1 2 1 0 2 1 0 2 0 0 1 1 1 0 2 0 0 1 2 1 1 0 0 1 2 2
0 2 0 1 2 2 1 2 0 1 0 0 1 0 1 2 2 2 0 2 2 2 0 0 0 2 0 1 1 0 0 0 2 1 1 1 1 2 0 1 1 2 2 0 2 0 0 2 0 2 2 2 1 2 2 2 2 0 1 1 0 1 1 0 0 0 2 2 0 0 1 2 0 0 2 0 1 0 0 1 2 2 1 1 1 2 1 2 0 2 0 2 0 2 2 1 0 2 1 0 1 2 2 1 0 2 1 2 1 2 1 0 1 0 0 1 2 1 0 0 0 1 2 1
0 2 1 1 1 2 1 2 0 1 2 1 1 0 1 2 0 2 1 2 0 1 0 0 2 0 1 0 1 0 2 2 0 0 1 2 1 0 2 1 2 1 2 0 0 1 1 1 1 2 0 1 0 2 2 0 2 1 1 2 1 0 2 2 1 1 2 0 2 2 1 1 2 1 2 2 0 0 1 2 2 2 1 0 1 1 1 2 2 2 1 1 0 1 1 2 0 1 0 2 0 1 0 2 0 0 2 0 0 0 0 1 0 2 1 2 0 1 1 1 0 0 2 1
2 1 1 2 2 1 2 2 0 0 0 1 1 2 2 0 1 0 1 2 0 0 1 1 1 0 2 0 0 2 1 0 0 1 1 2 2 1 0 1 1 0 2 1 0 2 1 1 0 2 1 0 0 0 0 2 1 2 2 2 2 1 0 0 0 2 1 0 0 2 2 2 2 1 0 0 0 1 0 1 1 1 2 2 2 2 2 0 0 2 1 0 1 2 0 2 1 1 0 1 1 2 1 0 0 2 2 1 1 2 0 0 1 1 0 1 0 2 2 1 1 0 1 2
2 2 2 1 1 2 0 0 1 2 1 1 2 1 1 0 0 2 1 2 0 1 0 2 0 2 0 2 1 2 0 0 2 2 0 1 2 0 1 1 2 1 1 1 2 2 0 1 1 1 0 2 1 1 1 2 1 2 2 2 1 0 1 1 0 1 0 0 2 2 2 2 0 0 1 1 2 1 2 1 1 0 1 2 2 0 1 0 0 1 1 2 1 0 1 2 2 1 2 1 0 2 0 2 2 0 0 2 2 0 2 0 0 0 2 2 2 2 0 2 0 1 2 0
2 0 0 1 2 2 0 1 0 1 0 2 1 1 2 2 1 1 2 2 2 0 1 1 2 2 1 0 1 2 0 0 0 0 0 0 1 0 1 1 2 2 1 1 0 1 0 2 0 0 1 0 0 0 2 0 2 2 2 1 1 2 0 1 1 0 2 0 1 1 1 0 0 2 1 1 1 2 0 1 1 2 2 2 2 0 1 0 2 0 1 1 0 2 2 1 2 0 1 0 1 0 1 0 1 0 2 0 1 1 2 2 0 2 2 1 2 0 1 2 0 0 0 1
0 0 0 0 0 0 1 0 0 0 1 2 1 0 2 2 2 2 2 0 2 2 2 1 2 1 1 1 1 1 0 2 1 0 0 0 1 2 1 0 2 0 2 0 1 2 1 1 2 1 2 1 0 1 0 1 2 1 2 1 2 2 1 1 0 2 2 2 1 1 0 1 1 2 2 0 2 0 2 2 2 1 0 0 2 0 1 2 2 1 0 2 1 2 2 2 2 1 2 0 1 2 2 0 2 2 0 0 0 2 2 0 1 1 2 0 2 1 0 2 0 2 1 1
2 0 1 2 0 1 0 2 1 0 2 1 0 1 2 1 1 2 0 0 0 2 1 1 0 2 0 1 1 2 1 0 1 2 0 2 1 1 1 2 2 1 1 0 2 1 1 1 1 1 1 2 1 0 0 0 2 1 2 1 2 0 0 0 0 0 2 2 2 1 2 1 2 2 1 2 0 1 1 2 0 0 2 2 0 0 0 0 0 2 2 2 1 2 0 1 1 0 1 0 2 0 0 1 0 2 1 1 0 0 0 2 0 0 2 1 2 2 2 0 2 1 0 0
2 0 2 0 1 1 1 0 0 2 2 0 2 2 1 0 2 0 2 0 1 2 1 0 1 0 1 2 1 1 2 1 2 0 1 1 1 1 1 1 0 2 2 0 1 1 2 0 1 2 0 0 2 1 1 0 2 1 0 2 2 1 0 0 1 0 1 0 1 1 2 2 0 2 0 1 0 2 1 0 2 2 1 1 1 2 0 1 0 0 0 1 1 1 1 0 1 0 1 0 1 0 0 1 0 1 2 0 1 1 0 0 0 1 2 2 2 2 0 0 2 1 2 2
1 0 2 0 2 0 1 0 1 1 2 1 0 2 0 1 0 0 1 1 0 1 2 0 0 2 0 1 2 0 1 0 1 0 0 0 2 2 2 1 1 2 0 1 1 1 0 0 2 0 1 2 1 0 2 0 1 1 2 1 1 0 2 0 1 0 1 1 0 1 0 1 0 1 1 1 2 1 1 1 1 1 2 0 2 2 1 1 0 0 2 1 1 2 0 0 0 1 2 0 2 2 2 0 1 0 1 0 0 1 2 1 2 2 2 2 2 0 1 2 1 1 2 0
1 2 1 1 1 0 2 1 0 1 1 1 0 0 2 0 1 2 2 1 2 0 1 2 0 0 1 0 1 1 1 2 1 2 1 2 0 0 1 1 0 2 0 1 1 0 2 2 0 1 1 0 1 0 0 0 0 1 1 2 1 2 2 2 0 0 0 1 2 1 0 2 2 0 1 0 1 0 2 2 2 1 0 1 2 0 2 2 2 1 2 0 1 2 1 1 0 1 0 2 0 1 2 2 1 0 2 2 1 0 2 1 1 2 0 1 2 0 1 0 1 1 0 2
1 2 2 2 1 0 2 2 1 2 1 2 0 2 0 2 2 2 1 1 0 1 0 0 1 2 0 0 1 2 0 0 1 2 2 0 0 2 2 1 1 1 2 0 0 2 0 2 2 1 2 0 0 2 1 2 2 1 0 1 0 0 2 0 1 1 0 1 0 0 0 0 1 2 1 0 2 2 0 1 1 2 2 1 2 0 1 2 2 1 0 1 1 0 1 2 2 2 1 0 0 2 1 2 1 0 2 0 2 0 2 0 0 1 2 2 2 0 0 0 2 0 1 0
2 0 1 1 0 0 2 0 2 0 2 1 1 0 1 0 1 1 1 1 1 0 1 0 1 2 1 0 0 2 2 2 0 0 1 0 1 0 1 1 2 2 2 0 2 1 2 0 2 0 1 0 1 0 2 2 0 0 1 1 1 0 0 2 1 1 0 2 2 2 0 1 1 2 1 1 1 0 2 0 2 2 2 0 0 1 0 1 1 2 2 0 2 2 0 0 2 1 0 1 0 0 0 0 0 1 2 1 0 0 0 0 2 2 1 0 0 1 1 2 1 1 0 1
2 1 2 1 2 2 2 0 1 2 1 2 1 2 1 2 2 1 2 2 1 0 2 1 0 2 1 2 0 2 1 0 0 0 1 0 1 1 2 0 1 1 2 1 0 1 1 2 0 2 1 1 0 2 0 0 1 2 0 2 2 2 1 1 0 2 2 2 2 1 0 1 0 0 2 1 1 2 2 0 1 1 1 1 0 0 0 2 2 1 0 2 0 1 0 2 1 1 2 0 2 0 2 0 0 2 0 2 1 2 2 2 0 2 2 1 2 2 1 2 0 1 2 2
2 0 2 1 1 1 2 1 1 1 0 1 2 0 2 0 2 2 1 0 2 0 2 1 0 1 1 1 2 1 0 0 2 2 1 1 1 0 2 0 0 0 0 2 0 2 0 0 2 1 1 2 2 1 1 2 2 0 1 0 1 2 0 0 0 1 1 2 2 1 2 2 2 2 2 0 2 0 1 2 2 0 2 2 1 0 2 2 0 0 2 2 1 0 0 1 2 2 0 1 2 2 2 1 0 2 2 2 2 1 2 0 1 2 2 1 0 2 1 1 1 1 1 2
1 2 0 1 2 1 2 2 1 2 1 1 2 0 2 2 2 2 2 1 2 2 0 0 2 1 1 1 0 0 0 1 0 1 2 0 0 0 2 1 0 1 1 0 1 1 0 1 1 0 0 1 0 0 1 0 0 1 2 0 1 2 0 2 1 0 0 2 1 0 1 0 1 2 0 0 1 0 1 1 1 2 2 2 1 2 0 1 0 2 2 1 2 0 2 1 2 2 0 0 0 1 0 1 2 2 2 1 2 1 2 1 1 0 1 2 2 2 0 2 1 1 1 1
1 0 0 1 0 1 2 0 1 0 2 1 2 2 2 0 1 0 2 2 0 1 2 0 0 0 2 0 2 1 2 1 2 1 2 0 2 2 1 0 1 0 1 1 0 2 2 2 2 2 2 0 1 2 0 1 0 0 2 0 1 0 2 1 1 2 1 0 0 2 2 1 1 1 0 1 0 0 1 2 2 1 0 1 1 0 2 1 0 0 1 0 1 0 1 2 1 0 0 1 0 2 2 1 2 0 1 2 0 2 2 0 1 2 1 2 1 2 0 2 0 0 2 1
1 2 1 2 0 1 0 0 2 0 0 1 1 1 0 2 1 0 0 2 1 2 2 0 2 0 2 2 0 0 0 2 2 2 1 0 1 0 0 1 0 1 2 1 2 0 2 1 2 2 1 1 2 0 1 2 1 1 1 2 1 0 1 1 2 1 1 1 1 0 2 2 1 2 2 2 1 1 0 0 1 2 2 0 0 0 2 2 1 2 2 1 2 1 0 2 0 2 1 1 0 1 2 1 2 1 0 0 2 2 1 0 2 0 0 2 1 1 0 0 0 2 1 0
1 2 0 2 2 2 1 2 1 0 1 0 1 0 0 1 2 2 1 2 2 0 1 0 2 2 0 2 1 0 0 1 0 0 0 2 0 1 2 2 2 0 2 1 0 0 1 0 2 0 2 2 0 2 2 0 1 0 2 1 1 0 2 1 1 2 0 2 1 0 1 0 1 1 0 1 2 1 2 2 1 2 1 0 1 1 0 0 2 1 1 1 1 1 2 0 0 1 0 1 1 2 0 2 0 1 2 0 2 2 2 1 1 1 2 1 0 0 1 0 2 0 1 1
1 1 2 2 2 0 1 2 0 1 2 1 0 2 2 0 2 2 2 1 2 2 2 2 2 1 2 2 2 1 1 1 0 1 0 0 1 2 0 2 1 0 1 2 2 1 0 2 1 0 1 0 2 1 0 0 0 2 2 2 2 1 1 0 2 1 0 2 0 1 1 2 2 2 2 2 1 0 2 0 0 0 0 0 2 0 0 0 1 1 2 1 2 1 1 2 2 1 1 1 0 0 1 0 1 1 0 2 1 2 0 2 1 1 0 1 2 1 2 1 2 2 2 2
1 1 2 1 0 1 0 1 1 2 0 2 1 0 0 0 0 0 0 2 2 0 1 0 2 1 1 2 0 2 2 2 0 1 1 1 0 1 1 0 1 1 0 0 2 0 1 2 2 1 0 1 0 1 2 2 2 2 2 0 1 2 0 2 1 2 2 0 0 1 0 0 2 0 0 2 2 2 1 2 0 2 1 0 0 1 0 0 0 0 2 2 0 0 2 1 2 1 1 0 2 2 0 2 1 1 1 1 0 1 0 2 0 1 2 2 0 1 0 0 2 2 0 2
0 0 1 2 2 1 0 0 0 1 2 1 0 2 0 1 1 0 0 1 0 1 1 0 2 2 2 2 2 0 2 0 0 0 2 1 2 0 2 0 0 1 2 0 1 0 2 2 1 0 2 2 1 0 0 1 2 0 1 0 0 0 0 2 1 0 1 1 2 0 2 2 2 2 0 1 2 2 1 2 0 0 1 2 2 2 1 2 0 2 2 1 2 0 1 1 2 2 0 1 0 2 1 2 1 1 1 2 1 0 1 2 1 0 1 0 1 1 0 1 0 0 2 0
1 1 2 0 1 2 2 1 1 0 1 2 1 2 2 2 0 1 2 2 2 2 0 0 0 0 1 0 1 2 1 0 1 0 0 0 0 2 1 1 0 0 2 2 1 1 2 1 1 2 1 0 2 0 1 2 0 0 0 2 2 2 2 2 0 0 2 1 0 1 0 0 2 2 2 1 2 2 0 1 2 0 1 1 0 0 1 0 0 1 1 1 1 0 0 0 2 0 1 2 1 2 0 1 0 0 0 2 0 1 1 2 1 2 1 1 0 2 2 0 2 1 2 1
0 0 1 2 0 0 1 0 0 2 1 0 0 2 0 0 1 1 1 2 1 2 1 1 0 1 2 2 1 0 0 1 0 0 0 1 0 2 1 1 2 0 2 0 0 2 1 1 1 2 1 0 0 0 2 0 0 0 0 1 0 0 2 0 1 0 2 0 2 1 1 2 2 1 0 2 1 2 2 1 2 0 1 2 2 2 0 2 2 0 0 0 2 0 1 0 1 1 0 1 0 0 1 0 2 1 1 0 1 0 2 1 1 2 1 0 1 2 2 1 0 0 1 0
1 2 2 2 1 2 2 0 0 1 0 2 2 1 1 2 2 0 0 2 2 2 2 1 2 0 2 0 0 0 0 0 1 2 0 0 0 2 0 1 0 2 1 1 1 2 0 2 2 1 1 0 0 0 1 0 0 1 1 2 2 2 0 1 0 0 2 1 1 0 2 1 0 0 0 2 2 1 2 0 2 0 0 1 0 2 1 2 0 0 2 1 2 2 2 0 2 2 1 0 1 1 0 2 2 0 1 0 2 0 0 2 1 1 0 2 0 2 2 2 2 1 1 0
0 0 0 0 1 0 2 0 1 2 2 0 0 2 1 0 0 1 1 2 0 1 2 2 1 1 2 1 2 0 2 0 1 0 0 2 0 2 0 2 2 0 0 1 2 2 2 2 1 0 2 0 2 1 0 1 2 2 0 1 2 0 2 0 1 0 1 1 0 2 1 0 2 2 2 2 2 1 0 1 2 2 2 2 1 2 0 0 1 1 0 1 1 2 2 2 0 1 1 1 1 0 2 0 0 1 1 2 2 1 1 1 0 0 1 1 0 1 0 2 1 1 0 2
1 1 0 2 2 1 1 1 2 0 0 0 2 1 2 1 2 2 1 2 0 2 2 1 2 0 0 1 1 2 0 0 0 0 0 0 0 1 2 0 2 2 1 1 0 0 1 0 0 0 0 1 0 2 2 0 0 0 1 2 0 0 0 0 1 0 2 2 0 2 2 2 2 1 2 0 0 1 0 0 2 0 1 0 1 1 2 1 0 1 2 0 1 2 2 1 0 2 0 0 1 1 1 0 2 1 0 2 0 0 0 0 1 2 1 2 2 0 2 2 2 1 0 1
1 0 0 1 2 1 0 0 0 2 1 2 0 1 0 1 2 1 1 1 1 0 1 0 1 1 0 1 2 2 0 0 2 1 0 2 0 0 0 0 2 2 0 0 1 0 2 2 2 0 0 1 0 2 2 2 1 1 1 1 0 2 0 2 0 1 2 1 1 1 1 1 1 2 2 2 1 1 1 0 2 2 2 0 0 2 1 2 0 2 0 1 1 1 1 2 2 2 0 1 0 2 0 1 2 2 1 0 1 0 1 0 0 1 2 0 1 0 2 2 2 1 0 2
2 1 2 0 0 1 1 1 0 2 2 0 1 1 1 1 2 0 1 0 1 0 2 0 1 1 2 1 0 2 1 1 1 0 1 0 1 2 1 0 1 2 1 1 1 0 2 1 1 1 1 0 0 0 0 1 0 2 0 0 2 2 1 0 0 0 0 2 0 2 0 2 2 2 1 0 0 1 1 1 0 2 1 1 0 2 0 1 1 2 2 0 1 2 1 1 2 2 2 0 2 2 0 1 2 2 2 0 1 0 1 2 2 0 0 0 0 1 2 1 0 2 2 2
1 1 1 0 1 0 1 1 1 2 0 0 1 2 1 0 2 0 2 2 2 0 1 2 2 1 2 2 0 2 1 1 1 0 0 0 1 2 1 2 1 2 1 0 1 0 1 1 0 0 2 0 1 1 1 1 2 1 0 0 0 0 2 2 1 0 2 2 2 2 2 1 1 1 2 1 1 0 2 1 1 2 0 0 0 1 1 1 2 0 2 0 0 1 2 1 2 0 1 2 2 1 1 0 2 0 1 0 1 2 0 0 2 0 1 0 2 0 2 2 0 1 0 0
0 1 2 0 1 2 0 1 0 1 2 0 2 2 1 0 1 1 0 0 2 2 1 2 0 0 2 0 2 0 2 0 1 2 0 0 1 0 1 0 2 0 1 1 0 2 1 1 2 0 0 2 2 2 2 0 1 2 1 0 0 1 1 2 0 2 2 2 0 1 2 0 0 0 2 0 0 2 0 2 2 1 2 2 0 2 0 2 2 2 1 0 0 0 2 1 2 0 1 1 2 0 2 2 1 1 1 0 0 1 2 0 0 2 1 1 2 2 1 2 1 0 2 2
0 2 0 1 0 2 2 1 0 2 0 0 1 2 0 2 1 0 0 1 0 1 0 0 1 2 2 2 2 2 2 0 0 0 1 1 0 1 2 1 1 1 1 0 0 2 0 2 0 0 1 1 0 1 1 1 1 1 2 1 1 1 2 2 2 1 1 0 1 0 2 2 1 1 2 2 1 2 2 1 1 0 2 2 0 0 0 1 2 0 0 2 0 0 1 0 1 2 1 2 0 0 0 2 1 2 1 0 0 1 1 2 2 0 1 0 2 2 1 2 0 2 2 1
2 1 1 2 1 2 2 2 0 2 2 0 2 1 0 0 0 2 2 0 0 1 1 0 0 2 1 1 0 0 2 0 2 1 2 2 1 2 1 2 1 1 0 1 0 0 2 1 0 1 2 2 0 0 0 1 0 2 2 0 1 0 1 0 2 1 2 0 0 2 0 0 0 0 2 1 2 2 2 0 1 1 0 2 2 1 1 0 0 1 0 1 1 2 0 0 1 0 2 2 2 2 2 1 1 0 2 1 0 0 1 1 2 0 1 2 1 2 2 2 1 0 2 0
1 0 2 2 0 1 1 1 1 2 0 0 0 2 1 0 2 1 2 0 1 1 2 0 1 2 2 0 0 2 1 1 2 1 1 1 0 1 0 2 1 0 0 1 0 1 1 1 0 0 1 1 2 0 1 1 0 2 2 0 1 1 0 2 2 1 1 0 2 1 0 0 2 0 1 2 2 0 1 0 2 2 1 1 0 0 0 0 0 0 2 1 1 2 1 2 0 2 2 1 1 2 1 0 2 1 1 2 2 2 2 1 0 1 0 0 2 0 2 2 1 1 2 1
1 0 0 2 1 0 0 2 0 0 1 0 2 2 0 1 2 0 0 2 2 1 0 1 2 0 1 1 1 0 2 0 1 0 2 2 0 0 2 1 1 0 2 0 0 2 1 2 1 2 2 0 0 0 2 0 0 1 1 2 2 1 2 1 2 1 1 0 2 0 2 0 1 2 0 2 2 0 2 0 2 2 0 0 0 0 0 0 2 2 0 2 1 0 0 0 2 2 1 2 0 0 0 2 2 2 0 2 2 2 2 1 2 1 2 2 2 0 0 1 0 1 0 1
1 1 2 0 1 1 0 2 2 1 2 2 0 2 2 2 2 1 1 1 2 2 1 2 2 2 1 0 0 2 2 1 2 2 0 0 1 0 0 0 1 0 0 1 0 2 1 0 1 1 0 1 0 1 1 0 2 0 0 2 2 1 2 1 1 2 2 2 2 0 0 2 1 1 1 2 0 1 2 2 2 2 2 0 2 1 1 1 1 2 1 1 1 0 1 2 0 0 2 1 1 2 0 0 1 2 2 0 0 1 0 0 2 2 0 1 1 0 0 2 0 1 2 1
0 0 0 0 1 0 2 0 2 2 0 2 0 2 2 0 2 0 1 2 1 2 1 2 2 2 0 2 0 2 1 1 2 1 0 1 1 2 2 2 0 2 2 0 0 2 0 0 2 2 2 0 0 1 0 0 0 1 1 1 0 2 0 0 2 0 1 0 0 0 0 0 1 2 0 1 2 2 2 2 2 2 0 0 0 1 1 1 2 2 2 2 1 2 0 0 0 2 2 1 0 0 2 1 1 1 0 0 1 2 0 0 2 1 2 2 2 0 1 2 0 1 2 2
1 0 1 2 0 1 1 1 1 0 0 0 1 1 1 0 2 2 1 1 0 0 2 1 1 0 1 1 2 0 1 1 1 2 1 2 0 2 1 0 0 2 0 0 0 1 0 0 1 2 0 2 0 2 1 1 0 2 0 0 1 2 1 0 2 0 0 0 0 1 1 0 1 1 1 2 1 2 0 0 2 0 2 0 0 1 2 0 1 1 1 2 0 2 0 0 0 0 1 0 2 2 1 0 1 0 2 2 0 0 2 0 0 2 1 1 1 0 2 0 1 0 0 2
1 0 0 1 1 1 2 1 1 1 2 0 2 0 2 0 0 2 0 2 2 1 0 2 2 0 2 1 1 0 1 0 2 1 2 0 1 2 0 0 1 2 0 1 2 0 1 1 0 2 0 0 0 1 2 2 2 2 1 0 0 0 1 2 2 0 0 0 0 0 1 2 0 2 0 0 0 1 1 0 0 2 1 1 1 0 2 0 1 0 1 1 1 0 0 1 0 1 2 1 2 1 1 0 1 1 1 2 1 1 0 2 0 1 2 2 0 1 0 1 1 1 0 0
1 1 2 0 2 1 1 2 0 0 0 2 0 2 1 2 0 1 1 1 1 0 1 2 2 1 1 2 1 1 0 0 0 2 0 0 0 0 0 1 0 0 1 1 0 0 0 0 1 2 2 0 0 1 2 0 0 1 2 1 0 2 2 0 2 2 1 2 0 2 1 1 0 0 2 1 0 0 1 2 0 1 0 1 0 1 2 1 2 2 0 0 1 0 1 1 1 0 1 1 0 0 2 1 1 0 2 1 1 1 1 2 1 2 0 1 1 1 0 0 0 1 1 0
1 1 1 2 1 0 1 0 1 1 1 0 2 1 1 1 2 1 0 0 1 2 0 2 0 0 0 0 2 0 0 2 1 2 1 0 2 0 0 1 0 2 1 2 0 1 1 1 0 2 2 1 1 2 1 1 1 1 0 1 1 0 0 0 0 0 1 1 1 2 2 1 2 2 2 2 0 1 1 1 0 1 2 0 0 1 2 2 2 2 1 2 1 1 2 1 2 1 0 1 1 0 0 1 0 2 1 0 1 0 1 0 1 1 0 2 2 2 0 2 0 1 2 1
0 0 0 1 1 1 2 0 2 2 2 2 0 1 0 1 1 2 1 0 1 2 0 0 0 0 0 0 2 0 2 1 0 0 2 2 2 1 0 1 1 2 1 1 1 2 1 0 1 2 0 0 2 2 0 2 2 2 0 2 2 0 0 0 0 0 2 0 1 0 2 0 1 2 2 2 1 0 0 1 0 1 1 0 0 0 2 1 2 0 0 2 0 1 2 1 1 1 2 0 0 1 0 1 1 0 1 0 0 2 1 2 1 0 2 2 0 0 0 2 0 1 2 1
0 1 0 1 1 2 2 1 1 0 0 0 0 1 1 2 2 2 1 0 0 0 0 1 1 1 1 2 2 1 1 0 2 1 2 1 1 2 0 2 0 1 0 1 1 1 0 0 1 2 0 2 1 0 1 2 2 2 2 0 0 0 0 1 1 0 0 0 0 1 1 0 2 1 2 0 1 0 0 0 1 1 0 2 0 1 2 2 1 2 0 2 2 1 0 2 2 1 2 2 0 1 1 0 0 0 2 2 1 0 2 2 2 0 2 0 2 2 0 0 1 1 0 1
2 1 0 2 0 1 2 0 2 1 1 0 1 1 0 0 1 1 0 1 2 2 1 1 2 0 2 0 1 0 0 1 1 1 1 2 2 1 0 0 2 2 1 1 0 2 1 2 0 2 0 2 2 2 1 1 2 0 0 1 1 0 0 0 1 1 0 2 0 0 0 2 0 1 0 0 1 0 2 1 2 1 1 2 1 1 2 0 2 2 2 1 0 2 1 2 2 2 2 2 2 2 0 0 2 0 1 0 1 1 0 1 2 1 1 0 2 0 1 2 0 1 1 0
2 0 1 1 2 0 0 2 0 1 0 2 2 2 0 1 1 0 0 1 0 2 2 0 2 2 2 0 1 1 1 0 1 2 2 0 0 1 0 1 2 1 1 2 0 1 1 1 2 1 0 2 1 1 2 1 1 0 2 2 1 1 1 1 1 0 1 2 1 2 0 1 1 1 0 1 0 1 1 0 1 2 0 2 0 1 1 2 2 1 2 1 0 1 2 2 1 2 1 0 2 1 2 1 0 2 2 1 2 1 2 1 1 2 1 2 1 1 2 0 0 2 2 0
0 1 0 2 0 1 0 0 0 2 1 1 0 1 0 0 1 0 2 2 0 0 2 2 2 2 2 0 1 1 1 2 0 2 0 1 0 0 1 2 1 0 0 1 0 1 2 1 1 1 1 0 2 1 2 2 1 1 2 0 1 0 1 2 2 1 0 1 1 0 1 2 1 1 1 1 1 0 0 0 2 2 0 2 1 2 1 0 2 1 0 1 2 1 0 0 0 1 1 2 1 2 2 1 1 2 2 2 2 1 1 2 0 1 2 2 2 1 2 2 2 1 0 2
0 1 2 1 2 1 1 2 1 1 0 0 0 0 0 0 1 1 0 0 1 0 0 0 1 0 0 1 1 0 0 2 2 0 0 1 1 2 0 0 1 1 1 1 2 2 2 0 2 2 1 0 2 2 1 1 0 1 2 2 2 0 1 1 1 2 0 0 1 2 0 0 0 2 2 2 0 1 1 2 2 2 0 2 2 1 1 2 0 1 1 2 1 0 1 0 0 1 1 2 0 2 0 1 2 0 1 0 1 2 2 1 0 2 1 0 1 0 0 1 1 2 0 1
0 1 1 1 0 0 1 1 0 2 0 0 2 1 0 1 2 2 0 0 2 2 0 0 2 1 1 1 1 2 2 2 1 2 1 1 2 0 2 0 2 2 0 2 2 1 1 2 1 1 2 0 0 2 1 0 2 0 2 1 2 2 0 0 2 1 0 0 1 2 0 1 0 2 1 0 1 0 2 0 2 1 0 0 1 0 1 0 0 1 1 1 2 0 2 1 1 2 2 1 2 0 2 0 0 2 0 1 2 0 2 1 1 0 2 0 1 1 1 2 0 0 0 2
0 0 1 0 2 0 1 2 1 1 0 2 0 1 2 0 1 1 2 2 2 2 1 0 0 2 0 2 0 1 1 2 1 0 0 2 2 1 2 1 0 1 1 2 2 1 0 1 2 2 1 0 2 2 0 0 2 1 2 1 1 2 0 2 2 1 2 1 0 0 0 0 1 2 0 1 0 1 0 0 1 0 0 0 0 2 2 0 0 2 2 1 1 0 2 1 1 2 0 1 0 1 2 2 0 0 1 1 2 1 2 0 2 2 2 0 1 2 0 0 1 0 2 0
0 1 2 1 2 2 2 2 1 1 2 2 2 1 1 1 0 1 0 0 0 0 0 0 2 1 0 0 1 0 1 1 2 0 0 2 1 2 2 0 1 1 2 2 0 1 1 1 2 1 1 1 1 2 1 1 0 2 2 1 2 0 0 2 2 0 1 0 0 2 0 2 0 0 1 2 2 0 0 2 2 2 0 2 1 1 0 2 1 2 0 1 1 1 1 1 2 1 1 2 0 2 1 1 0 1 0 2 1 1 0 1 0 0 0 2 0 1 1 1 1 2 0 0
0 2 1 2 0 0 1 1 0 1 2 1 2 0 1 1 2 1 2 0 2 1 2 0 2 2 1 1 1 0 2 2 2 1 2 0 2 2 1 2 0 1 1 0 2 0 2 2 2 2 2 2 0 2 2 0 1 1 2 1 2 2 0 2 1 0 2 0 2 1 1 0 2 0 1 2 1 0 2 1 0 1 0 1 1 0 2 1 2 2 2 1 1 0 0 0 0 0 2 0 1 1 1 1 1 0 1 0 0 0 1 1 2 1 0 2 2 0 0 1 2 0 0 1
0 0 1 1 1 0 2 0 1 1 0 1 1 1 1 2 0 2 2 0 1 0 0 1 0 1 0 0 1 1 1 2 2 0 1 1 1 0 1 0 2 1 1 0 1 2 1 2 2 1 0 2 1 1 1 1 2 1 2 2 0 0 1 1 0 0 2 2 2 1 1 1 1 2 0 0 0 1 2 0 0 0 2 1 1 0 0 2 0 2 1 1 0 0 2 1 1 1 1 0 1 2 1 0 2 1 0 2 0 0 0 0 0 0 2 2 2 2 2 2 2 0 0 2
0 1 1 1 0 0 2 1 0 1 1 2 0 1 0 2 2 1 2 0 1 0 0 0 0 2 0 0 0 2 0 0 0 2 0 0 2 2 0 0 1 1 0 0 1 1 2 0 2 2 1 1 2 1 0 0 1 0 1 1 0 1 2 0 1 0 2 0 0 2 2 0 1 0 0 0 1 2 2 1 1 0 2 2 0 2 2 1 1 1 0 1 2 0 0 0 1 2 2 1 2 1 2 1 1 2 0 0 1 0 1 1 1 1 1 1 1 1 1 0 2 1 1 1
2 2 2 1 2 2 0 2 0 0 1 2 2 2 2 2 2 1 0 0 2 2 0 1 0 1 1 2 0 1 0 2 0 0 1 0 2 1 0 0 1 1 0 1 1 0 0 0 1 1 2 2 0 2 1 0 0 1 0 0 2 0 0 0 2 1 1 2 2 2 1 1 1 1 0 0 0 1 1 2 2 0 1 0 2 1 1 0 2 1 0 1 2 1 2 1 2 1 2 0 1 0 2 2 2 2 0 2 0 2 2 0 0 1 1 0 2 2 1 1 1 0 0 0
1 0 0 2 2 2 0 0 2 2 0 1 1 1 2 2 1 2 2 1 0 0 2 1 0 1 2 1 1 0 2 0 1 0 2 1 2 0 1 2 2 2 2 1 0 2 0 1 1 0 0 1 0 0 2 1 1 0 2 0 1 0 1 2 0 1 1 1 2 0 0 1 2 0 0 1 2 1 2 0 2 0 0 0 1 2 2 0 2 1 1 1 2 2 1 0 0 2 1 0 2 2 2 2 0 0 0 0 2 0 1 1 1 1 2 0 1 1 0 2 0 1 0 0
1 2 0 0 1 2 0 2 1 0 1 2 1 1 0 1 2 2 0 1 1 2 1 2 1 0 2 2 2 1 0 2 0 1 2 2 0 2 1 2 1 0 2 2 2 0 1 2 0 2 0 1 1 0 1 1 1 1 1 1 0 1 0 1 2 2 0 2 0 0 2 2 1 2 1 1 2 0 1 2 2 2 1 1 0 0 2 1 2 0 1 2 2 1 0 1 2 1 1 0 2 1 2 1 0 0 0 1 1 1 1 1 1 0 1 2 1 0 1 1 2 2 1 2
1 2 1 1 0 0 1 1 1 0 0 0 1 0 2 1 2 0 2 1 1 0 0 2 2 0 0 2 2 1 1 1 1 2 2 2 1 1 1 2 1 1 0 1 2 2 2 2 1 2 0 2 0 2 2 0 2 0 2 1 0 0 1 1 1 1 1 2 0 2 2 2 1 0 0 0 0 0 0 1 0 1 1 1 0 1 1 0 1 0 2 1 1 0 1 2 2 2 2 2 2 2 1 1 0 0 0 1 1 0 0 1 1 2 0 2 0 1 0 1 2 0 1 1
0 2 1 0 2 2 2 2 1 2 1 2 0 1 0 1 1 1 1 1 0 1 1 1 1 2 1 0 2 0 2 0 2 2 1 1 1 1 2 0 1 0 2 1 1 0 1 0 0 2 2 1 1 1 0 2 0 1 0 0 1 0 0 1 2 2 0 0 1 2 0 2 0 0 2 2 2 0 0 2 0 0 0 1 1 1 1 2 0 2 2 2 2 1 1 2 0 2 0 1 2 2 2 0 2 2 0 1 0 1 1 0 2 0 1 0 1 0 0 2 0 0 1 0
1 0 0 2 0 0 1 0 2 1 1 0 0 2 2 0 0 1 0 2 1 0 1 0 1 2 2 2 2 2 0 1 0 0 1 1 1 0 1 1 2 0 2 2 0 1 1 0 2 2 1 1 2 2 2 2 1 2 2 1 2 2 0 0 2 1 1 1 2 1 2 1 2 2 1 2 1 2 0 1 2 1 0 2 1 0 2 2 0 1 1 0 0 1 0 0 1 0 2 1 1 2 2 0 2 1 2 1 2 2 2 1 2 2 1 0 0 1 0 1 2 2 1 1
1 2 2 0 2 1 1 0 2 1 1 2 0 0 0 2 1 0 1 0 1 2 0 1 1 1 2 2 0 1 0 0 1 2 0 1 2 2 2 2 1 1 2 1 2 0 1 1 0 2 1 1 0 1 0 2 1 0 1 2 2 1 2 1 2 1 2 2 1 2 1 2 2 0 1 1 0 0 2 1 1 1 0 1 2 0 0 1 0 0 1 0 1 0 2 1 1 0 0 0 0 2 0 2 0 2 1 0 2 0 0 0 1 0 2 2 0 1 0 1 1 2 0 0
0 0 2 2 0 0 0 1 0 0 1 0 0 0 2 2 1 2 1 1 0 0 0 1 1 1 2 0 1 0 1 2 1 1 2 2 2 2 1 2 0 0 1 0 0 1 1 1 1 2 0 1 0 0 2 2 0 2 0 2 1 1 2 2 0 1 2 0 2 1 0 0 1 1 2 2 2 0 1 1 0 2 2 0 0 1 0 1 2 1 1 0 0 0 0 1 0 2 1 2 0 1 0 1 1 2 0 1 0 0 0 0 2 2 2 2 2 2 1 1 1 2 1 2
1 1 0 1 1 1 1 2 0 1 0 1 1 2 0 2 0 1 1 2 0 0 1 0 0 0 1 2 1 0 1 2 2 1 0 1 0 1 1 1 2 1 0 1 1 1 1 1 2 0 1 0 0 1 1 0 1 0 0 2 2 1 2 2 0 2 1 1 1 2 0 2 2 1 1 0 0 0 0 0 0 2 0 1 0 2 0 0 0 0 0 0 0 0 2 1 0 1 0 2 0 1 2 2 2 0 1 0 2 2 0 2 1 1 1 0 1 1 0 2 2 0 2 2
0 1 1 2 0 2 1 2 0 1 1 0 2 0 0 1 0 0 2 0 2 1 0 0 0 0 2 2 1 2 0 0 2 1 2 2 0 1 1 0 2 1 1 2 2 1 2 0 2 1 0 1 0 1 2 0 2 2 2 0 2 2 1 1 1 0 1 2 2 1 0 2 0 1 2 2 2 1 0 2 0 1 1 0 2 1 0 2 0 0 1 0 1 2 2 2 1 2 2 0 0 2 0 1 1 2 0 1 1 2 1 2 0 2 2 1 1 0 0 2 0 2 0 2
2 0 2 0 0 2 1 0 1 1 2 0 1 0 2 0 0 1 2 0 0 2 1 2 2 0 1 1 2 2 0 2 0 0 0 0 2 2 2 2 1 1 2 1 2 2 1 2 0 2 1 1 1 0 0 2 1 2 0 1 1 1 1 2 2 2 1 1 2 1 0 1 2 1 2 0 0 2 0 1 1 1 2 0 2 1 2 1 0 2 2 2 2 1 2 1 1 1 0 1 2 2 2 2 0 2 2 1 2 1 0 1 2 1 1 2 2 1 1 0 1 1 2 0
0 2 1 2 0 0 0 2 2 0 2 0 0 2 2 2 0 0 0 1 1 1 1 1 0 0 1 2 2 0 2 0 0 2 0 1 2 0 2 2 1 2 0 1 1 2 1 0 2 2 2 1 2 0 2 2 1 1 2 1 2 2 1 0 2 1 1 2 0 1 1 1 0 1 1 0 1 2 0 2 2 0 0 1 0 1 1 2 2 1 0 2 1 0 2 0 1 2 0 2 0 1 1 2 0 2 2 1 2 0 0 2 0 2 1 1 0 0 1 0 2 2 0 0
