3 125 19
369226200 703490040 572085581 713897532 565767236 242869136 992951151 631274740 779248164 203766771 341960425 596265814 548959172 594231603 461455617 173260674 349104685 14276739 1137935094 594814962 415618560 843404688 653585813 133826150 251496915 449452324 846476874 635013771 861452090 302714359 643316451 855686115 372557544 377634115 763735054 592264889 442008676 99976476 641406571 1068208459 769684511 173686504 349563541 922486309 1156989112 182079821 323034054 536702353 226003582 300076675 1145901905 777459129 589758336 1042335203 46807205 997009240 786939865 305298243 24026715 744682306 16452519 17452605 758734728 1155694073 1086261743 648331130 1145435906 108833306 105161444 32760370 221524993 347342016 794250070 853033598 694220729 765251281 346517509 265480132 1020376993 317678311 920946618 604904702 944061989 925376943 1158206771 398669385 486848683 559545436 874974320 679037947 770433252 1104857680 18930183 899883706 15612033 1061629974 709287918 1065780379 772469395 1134181683 933218718 7494055 543791247 329697760 783529723 916196053 529135597 759021726 33211855 763787238 782141159 237730868 501308277 68614319 805331810 842495872 491913975 475706197 527488166 191381201 463720740 202912802 708496172 387653314 1027972606
1 1 0 2 0 0 0 1 1 0 0 0 2 2 2 0 1 0 2 1 0 2 1 1 2 0 1 2 0 2 0 2 1 1 1 2 1 2 1 1 0 1 1 0 1 0 2 0 1 2 2 2 2 0 0 2 2 2 2 0 0 2 2 1 2 0 0 0 0 2 1 1 0 0 2 2 1 1 0 0 2 2 2 2 1 1 1 1 0 0 1 0 1 0 0 1 1 0 1 2 0 1 1 2 2 1 1 0 0 0 1 2 2 0 2 1 1 0 2 0 2 0 1 1 1
1 2 0 0 1 0 0 0 2 0 0 1 0 1 1 0 0 2 0 1 1 2 1 0 2 1 0 1 0 2 2 0 2 0 0 0 1 1 2 1 2 2 2 2 1 1 0 1 0 0 1 0 2 2 1 2 1 1 1 1 1 0 1 0 2 2 0 1 2 0 2 2 0 2 2 1 0 2 1 2 2 2 2 0 2 1 0 0 0 1 2 1 2 2 1 1 2 2 2 1 0 2 1 1 1 0 0 2 2 1 1 0 1 1 0 0 2 1 1 0 2 1 1 1 0
2 1 2 2 1 2 2 2 0 0 0 1 2 0 1 0 2 2 0 1 0 0 1 1 2 1 1 1 2 1 2 2 2 1 2 1 1 2 0 2 1 2 1 0 0 0 1 0 1 1 2 1 0 1 1 0 0 2 1 0 1 0 0 0 2 0 0 2 0 1 1 1 0 0 1 1 1 2 2 2 2 1 2 2 0 0 2 1 0 0 2 2 1 0 0 1 1 1 0 1 0 2 0 0 0 1 2 2 1 1 2 0 1 1 0 2 2 2 1 1 0 1 1 1 2
2 0 0 1 1 2 1 1 2 2 1 1 2 0 0 1 1 2 0 0 2 1 1 0 2 2 0 2 1 0 1 0 0 2 1 1 2 0 0 1 1 2 0 0 0 1 2 1 0 1 2 0 0 0 0 2 0 1 2 1 1 0 1 2 0 1 2 2 1 2 1 0 1 2 0 2 1 1 0 1 0 0 2 0 0 0 0 0 2 0 1 1 1 1 1 0 2 0 2 1 0 2 2 2 1 0 2 2 2 0 2 2 1 2 0 2 0 1 0 0 2 2 1 0 0
0 0 0 1 1 2 2 1 2 1 2 0 1 0 0 1 0 0 2 2 1 2 0 0 0 0 0 2 0 0 1 0 2 1 2 1 1 1 2 1 0 1 2 1 2 2 2 2 0 0 0 2 0 0 2 0 1 2 0 1 1 1 2 1 1 2 2 0 0 2 2 1 1 1 2 1 1 0 1 1 1 1 2 1 2 1 2 1 2 2 0 1 2 2 2 1 2 2 1 0 1 1 2 2 0 2 1 1 0 0 1 1 2 0 0 1 2 2 0 2 0 0 0 0 0
0 1 0 0 0 1 1 0 1 2 0 2 1 0 2 2 1 2 2 2 2 1 1 2 2 2 0 0 2 0 0 1 2 1 1 0 1 1 0 2 1 1 1 2 1 2 2 0 1 2 2 0 1 1 0 1 0 0 2 1 1 0 2 0 2 0 1 0 2 2 0 0 0 2 1 2 1 1 0 2 0 2 0 1 2 1 0 0 2 2 1 1 0 1 2 2 0 0 0 2 1 1 1 1 1 2 2 0 0 2 0 0 0 0 2 0 2 0 0 2 0 0 0 1 1
0 1 1 1 0 1 2 1 2 1 0 2 1 0 2 2 0 0 2 0 2 0 1 1 0 0 1 0 1 0 2 1 2 1 0 2 2 0 1 2 0 2 1 1 2 1 1 0 1 0 1 2 1 2 0 2 2 2 0 1 1 0 0 1 2 0 1 2 2 2 2 2 1 1 1 1 1 0 1 2 1 0 2 0 0 2 0 0 0 0 2 1 1 2 2 0 0 0 2 0 0 2 2 2 2 2 1 0 2 0 0 1 0 0 1 0 0 1 2 0 2 1 2 1 1
1 2 2 2 1 0 0 2 0 2 2 2 0 0 2 0 0 1 2 0 2 2 2 2 1 2 2 0 0 0 1 1 2 1 2 1 2 2 1 2 0 0 0 0 0 2 2 2 0 1 0 1 1 2 0 1 0 0 1 0 0 1 2 0 0 1 2 2 2 1 2 2 2 2 2 1 2 2 0 0 0 0 1 2 0 2 0 1 2 1 1 2 0 0 0 0 0 1 2 2 2 2 1 2 1 1 0 1 1 0 2 1 2 0 1 0 0 1 1 0 1 2 0 1 0
1 2 0 2 2 2 2 1 0 0 1 2 0 2 1 2 2 2 1 1 1 2 1 0 0 1 1 0 2 1 0 2 1 1 2 0 0 2 0 2 2 1 2 0 1 0 0 1 0 1 2 1 1 1 0 1 0 2 1 1 0 2 0 2 1 0 0 2 0 0 2 0 2 1 1 1 2 1 2 0 1 2 2 2 1 2 2 2 2 1 1 0 1 2 0 2 2 0 2 0 1 1 0 1 1 2 2 0 2 0 1 0 0 1 0 2 0 2 2 0 2 1 1 0 0
1 0 0 2 0 0 1 2 2 2 1 1 2 2 1 0 1 1 2 2 0 2 1 0 1 1 2 0 2 0 0 1 0 1 0 1 0 2 0 2 2 2 1 0 2 0 0 1 2 2 1 2 2 0 1 1 1 0 1 2 0 2 1 1 1 0 0 1 2 1 1 2 1 2 2 1 0 0 2 0 1 1 0 0 1 1 2 1 2 1 0 0 1 2 0 2 2 0 1 2 2 2 2 1 1 2 0 0 0 0 0 2 1 0 0 1 0 0 2 0 2 0 1 0 2
2 0 2 1 1 2 1 0 1 0 0 0 0 0 1 1 1 1 1 2 2 2 2 2 2 0 2 2 2 0 1 1 0 1 2 0 0 1 1 2 2 1 0 0 2 2 2 0 0 1 0 2 0 0 2 0 1 1 2 1 1 1 2 0 0 0 1 1 2 2 1 1 1 1 2 0 0 2 2 0 0 0 0 1 0 2 1 2 2 1 0 1 0 0 1 1 1 0 2 0 0 0 2 1 0 2 2 0 2 2 2 0 2 2 0 0 0 2 0 2 1 1 0 1 2
0 2 0 1 2 1 1 0 1 0 0 1 0 1 0 0 0 2 0 1 2 1 2 1 1 2 0 0 0 1 2 0 1 0 2 1 1 1 2 0 2 0 2 0 2 0 0 0 0 0 2 2 2 1 2 1 0 0 1 0 0 2 2 1 2 2 0 2 0 0 2 0 1 2 0 1 1 1 2 1 2 1 2 2 0 1 1 1 2 2 1 2 2 1 2 2 1 0 1 0 1 1 0 0 2 1 1 0 0 0 1 2 2 0 1 2 2 2 0 2 0 0 1 2 2
0 2 1 1 0 2 0 0 2 0 2 1 2 2 1 0 1 1 0 2 0 0 1 1 2 1 1 2 1 1 2 1 1 0 0 2 2 1 2 0 2 1 1 2 1 1 0 0 2 0 0 0 2 2 1 1 1 0 1 2 2 0 1 1 2 0 0 1 1 1 2 0 0 1 0 2 2 1 0 2 2 0 2 1 2 2 0 0 2 1 0 2 2 2 0 1 2 2 0 0 0 0 2 0 2 0 2 2 2 0 2 2 0 2 1 0 1 2 1 2 1 2 1 0 2
0 2 2 2 1 0 0 2 2 0 2 1 1 2 0 1 1 0 0 0 2 0 0 2 2 2 1 2 1 2 2 1 2 1 1 1 2 1 0 2 0 2 0 1 1 2 0 0 2 0 2 2 1 2 1 1 2 0 1 0 0 1 0 0 2 2 2 2 1 0 2 2 1 0 0 0 2 0 1 2 2 0 2 0 0 2 2 2 2 1 0 0 2 0 1 2 1 1 2 0 2 1 2 1 2 2 1 2 0 0 2 0 0 1 1 1 0 0 0 0 2 2 1 2 0
0 2 1 2 1 1 2 0 0 0 2 0 2 2 2 0 1 2 1 1 1 0 1 0 1 0 2 0 1 2 0 2 2 0 2 1 1 1 2 2 0 1 0 0 2 2 0 1 0 2 2 1 0 2 1 2 2 2 0 1 2 0 2 1 1 2 0 0 1 2 0 1 1 0 1 0 1 2 2 1 1 1 2 1 1 2 0 1 2 0 1 1 2 0 0 0 2 0 1 1 0 1 0 1 0 1 2 1 1 2 0 1 1 0 2 0 2 1 2 2 2 0 0 2 0
1 1 0 2 2 2 2 2 0 2 0 1 1 1 1 0 2 2 2 2 2 2 0 0 2 2 1 2 0 0 1 2 1 2 2 2 1 2 2 1 1 2 1 2 1 0 0 0 2 1 2 1 0 2 0 0 2 1 1 0 2 0 2 2 2 2 1 1 2 1 0 0 0 2 1 1 2 2 2 1 0 2 1 2 2 2 0 2 0 1 2 0 1 2 2 1 2 1 0 2 2 0 2 0 1 1 1 0 2 1 0 2 1 1 2 1 0 0 0 1 1 0 1 1 2
1 2 2 0 0 2 0 1 0 0 2 1 0 0 0 2 0 1 0 2 0 1 0 1 2 1 0 2 0 1 0 2 1 0 0 1 0 0 2 0 1 0 2 2 0 0 2 1 2 2 1 0 2 1 2 1 2 0 2 2 2 2 2 0 2 2 2 0 0 2 0 2 2 0 0 0 1 2 2 1 2 0 1 2 1 0 1 1 1 0 2 0 0 1 1 2 1 0 1 2 1 1 2 1 2 2 0 1 1 2 2 2 1 1 1 0 2 2 2 1 0 1 2 0 0
1 1 1 1 2 1 0 1 0 2 1 0 2 2 1 1 2 0 0 1 0 1 1 2 0 0 1 2 0 1 2 1 2 1 0 2 2 1 1 2 0 0 2 2 2 2 1 2 0 2 1 0 0 0 1 1 1 2 0 1 1 0 2 2 1 1 1 0 2 0 0 2 0 0 2 1 0 1 0 1 0 0 0 1 1 1 0 2 1 0 2 2 0 1 1 2 0 1 2 2 1 0 2 2 1 1 1 2 0 1 0 1 2 0 1 0 2 1 1 0 0 0 1 1 2
2 1 0 1 1 2 0 1 2 0 0 1 1 0 1 0 1 1 0 2 2 1 0 1 2 0 1 0 1 1 0 2 2 0 0 0 0 1 0 2 1 1 1 2 2 0 1 1 2 2 1 1 0 1 1 1 2 0 1 1 1 1 0 0 2 2 2 0 0 0 2 2 1 1 2 1 0 1 2 2 0 2 2 1 0 0 0 0 0 1 0 2 1 1 0 0 0 0 0 1 0 1 1 0 0 1 1 0 0 2 1 0 1 0 1 2 1 2 0 1 1 0 1 0 1
0 0 0 0 2 1 1 1 0 1 2 1 0 0 1 2 2 2 1 2 1 1 1 1 2 0 0 0 2 0 2 0 1 2 0 0 1 2 2 1 1 2 0 0 0 2 2 2 1 2 2 1 0 0 2 0 0 0 0 0 0 0 0 1 0 2 0 2 1 2 1 1 2 2 1 2 2 1 1 1 0 0 0 1 0 0 1 1 0 2 1 0 0 0 2 1 2 0 0 1 1 2 2 0 2 1 0 2 0 2 1 1 0 1 0 1 1 1 0 2 2 0 0 2 0
2 0 2 1 0 1 2 1 1 2 0 0 0 0 0 0 1 2 1 0 0 2 2 1 1 1 0 1 1 0 2 2 0 2 0 2 0 2 1 2 2 1 0 0 2 1 0 1 1 1 2 1 1 2 1 0 1 1 1 2 0 0 2 0 0 2 0 1 1 1 0 1 1 1 2 1 0 0 2 1 1 2 0 0 2 1 1 1 0 0 1 0 2 1 2 2 0 0 1 0 2 2 2 1 0 1 2 1 1 2 0 0 2 1 1 2 0 0 1 1 2 2 0 1 1
2 1 2 2 0 0 2 0 0 0 0 2 2 0 0 2 1 1 2 2 0 2 0 2 1 1 1 1 1 0 0 1 1 0 2 1 0 1 2 1 0 0 0 0 1 1 0 2 2 0 2 0 0 2 2 1 1 0 0 1 0 0 2 0 1 2 2 1 1 2 2 2 0 0 2 1 1 0 0 0 0 0 1 1 2 2 0 1 2 1 2 1 1 0 2 0 2 1 1 1 1 1 0 1 1 1 0 0 1 1 1 2 1 0 1 1 2 0 0 2 1 2 1 1 2
0 1 2 0 1 1 1 0 2 1 2 0 1 2 2 0 2 2 2 2 1 1 1 1 1 1 0 1 0 1 1 1 0 1 1 1 2 0 1 2 1 1 0 0 2 2 1 1 2 1 0 1 2 2 0 1 1 0 2 1 2 1 0 0 0 2 1 1 2 0 1 1 2 2 0 2 1 1 0 1 2 1 0 2 1 0 0 2 2 1 2 1 0 0 1 1 2 0 0 0 0 1 2 0 0 2 2 0 1 2 2 1 1 0 1 0 0 2 0 2 1 0 1 2 0
0 1 0 1 1 0 2 2 1 0 1 0 0 1 2 0 0 2 2 1 1 2 2 0 0 2 2 1 2 2 1 2 0 0 1 1 1 1 1 2 1 2 1 2 1 1 0 0 0 0 1 1 0 0 0 1 1 2 2 0 2 2 0 2 2 2 0 1 1 1 1 0 2 0 0 0 1 0 0 0 0 2 1 1 0 2 0 1 2 0 2 1 2 0 0 2 0 0 2 2 0 1 0 2 1 0 2 0 1 1 0 2 0 0 1 1 2 2 1 2 0 0 1 0 1
2 1 2 0 0 2 0 1 2 0 0 2 0 0 1 2 2 1 2 2 0 1 2 0 2 2 0 0 1 1 2 0 2 1 0 2 1 2 1 0 2 1 0 0 0 2 2 2 1 2 2 2 2 1 0 1 2 1 1 0 2 2 1 2 1 2 2 0 2 1 0 2 0 1 0 0 1 1 2 0 1 1 0 0 1 0 2 0 1 1 1 1 0 0 1 2 2 0 2 2 2 0 2 1 2 0 1 1 2 2 1 1 1 2 1 2 0 1 0 2 1 1 1 2 2
2 2 2 2 1 2 0 0 2 1 0 0 0 1 0 2 0 1 1 0 0 1 1 0 2 0 1 1 1 0 1 0 0 1 0 2 1 1 0 1 2 0 1 1 1 2 0 2 1 2 0 2 1 1 0 1 1 1 2 0 2 1 1 0 0 0 1 1 1 1 0 2 2 0 0 1 2 0 0 1 0 2 1 2 0 1 0 0 0 0 1 0 2 0 2 2 0 0 2 2 1 0 1 1 0 2 0 1 1 1 0 2 0 1 1 1 0 1 2 1 1 0 2 1 0
1 2 1 2 2 1 2 2 0 0 0 1 0 2 2 0 2 1 0 0 2 2 1 1 1 0 0 2 2 2 0 2 2 0 1 1 2 0 0 2 2 1 0 2 0 0 0 2 1 1 0 1 1 2 2 0 2 1 0 0 1 1 2 0 1 0 1 0 2 1 1 1 0 2 1 1 0 2 1 2 1 2 1 2 2 1 0 2 2 0 2 0 0 1 0 1 2 1 0 2 1 2 0 2 1 1 0 2 0 2 2 1 2 0 2 2 1 2 1 2 1 1 2 1 2
0 0 2 2 1 1 0 0 1 2 0 1 1 2 2 0 2 2 0 2 1 2 2 1 2 1 2 0 1 1 0 1 0 1 1 1 2 2 2 2 2 2 1 0 2 0 1 2 2 2 2 1 2 1 0 1 0 0 2 2 2 1 1 2 2 0 0 2 0 0 2 0 0 0 1 0 2 2 2 2 2 1 1 0 1 1 1 2 1 2 2 1 0 1 0 2 1 2 2 2 0 2 0 1 0 1 2 2 2 2 2 2 0 0 2 2 2 1 2 1 1 2 0 1 0
1 1 0 0 0 0 2 2 1 1 0 2 0 2 2 2 2 2 0 2 1 1 2 0 1 1 1 0 1 2 2 2 1 2 1 2 2 0 2 0 2 2 1 2 0 1 2 0 0 0 1 0 2 0 0 0 1 0 2 0 2 1 0 1 0 2 1 0 0 0 2 2 1 1 2 2 2 2 2 1 2 0 1 2 1 2 0 0 2 2 1 0 0 1 2 1 1 0 2 1 1 2 0 2 0 0 1 2 2 1 1 2 1 0 2 0 0 0 1 2 0 2 0 1 1
2 2 2 0 2 0 2 1 1 2 1 1 1 2 1 0 0 0 2 1 0 0 2 0 1 2 0 0 0 2 2 0 0 1 2 2 2 2 2 0 1 1 2 0 0 0 1 2 0 1 1 0 1 0 1 0 0 0 1 1 2 0 2 0 1 2 1 0 1 0 1 0 1 0 1 0 0 2 0 0 0 1 2 2 2 0 2 2 1 1 2 2 1 1 2 2 0 0 0 2 0 1 2 0 1 0 0 1 1 0 0 2 2 2 0 2 0 0 2 2 2 1 1 0 2
1 1 0 2 1 2 0 0 2 0 2 0 1 2 2 2 2 2 1 2 2 0 2 2 0 2 1 2 1 0 2 0 1 0 2 2 1 2 0 1 1 1 1 2 0 2 0 2 1 1 2 1 0 1 0 1 2 0 0 0 0 0 1 1 1 0 1 0 1 0 1 0 1 0 0 1 2 0 1 1 0 0 2 0 2 1 2 1 2 2 0 2 1 1 1 0 0 0 0 2 0 1 2 2 2 0 1 2 1 2 1 1 0 1 2 0 0 1 2 2 1 0 2 2 0
1 0 0 1 0 0 0 2 0 0 2 0 2 2 2 1 0 1 2 2 0 0 2 2 2 1 2 1 0 2 1 1 0 2 1 0 2 1 1 0 1 0 1 1 0 1 0 0 2 0 0 1 0 0 1 0 2 0 1 2 0 2 2 1 1 0 1 1 2 0 1 1 0 1 0 1 2 1 0 2 1 1 0 2 1 2 2 0 0 2 1 0 1 0 1 1 1 1 0 0 1 0 2 0 1 2 2 0 0 2 0 2 0 1 1 2 1 2 0 1 1 1 0 0 2
2 1 0 1 0 1 1 0 1 2 1 1 1 2 0 2 2 2 2 1 2 2 2 1 0 2 0 1 0 0 2 0 2 0 2 2 2 1 0 1 0 2 0 2 1 0 1 1 1 1 0 0 0 0 2 1 0 2 1 0 2 0 1 2 0 1 2 0 2 2 2 2 1 0 1 0 1 1 2 2 2 0 0 0 0 0 2 1 2 1 2 0 1 0 0 2 1 0 1 0 0 0 0 0 1 0 0 0 1 0 0 1 0 1 2 1 1 2 0 2 0 2 0 1 1
0 2 2 1 0 1 2 1 1 2 0 1 0 0 0 2 0 1 2 2 2 1 2 1 2 2 2 2 2 1 0 2 0 0 2 1 1 1 0 1 1 0 0 2 1 1 1 2 0 2 2 2 0 2 1 0 1 1 0 0 2 1 0 1 1 2 2 1 1 2 2 0 0 0 1 1 1 0 2 0 2 2 2 1 1 1 2 2 0 2 0 0 1 0 2 0 1 1 1 0 2 1 1 2 2 0 2 1 0 1 1 0 0 2 1 1 1 0 1 2 0 1 0 1 1
2 1 0 1 1 1 0 0 0 0 2 0 2 2 0 0 1 0 1 1 2 2 0 0 0 0 0 1 1 2 0 0 2 1 1 1 0 2 1 0 0 2 0 2 1 1 0 2 2 1 1 2 1 2 0 2 0 1 0 1 1 1 1 1 0 0 2 0 0 0 1 0 0 1 0 1 1 0 2 1 2 1 0 0 1 0 2 1 2 0 2 1 2 1 2 0 1 1 1 2 2 0 0 0 0 1 2 1 2 2 2 2 0 2 0 2 1 0 0 0 1 2 1 1 1
1 2 0 0 1 0 2 1 1 0 1 2 1 2 0 0 2 2 1 2 2 0 0 0 2 1 2 2 0 0 1 1 0 2 1 1 0 1 0 1 0 2 2 1 0 2 1 2 2 0 2 2 2 2 1 1 1 0 0 1 1 2 0 2 1 2 0 1 1 1 1 2 1 0 0 1 0 2 1 0 0 1 2 0 1 0 1 0 1 2 1 0 0 0 0 1 2 0 1 0 0 0 0 1 1 0 0 1 1 2 1 1 0 1 2 2 0 1 2 1 1 1 2 1 1
2 1 1 0 0 2 1 0 0 2 1 1 0 0 2 0 1 1 1 0 0 1 0 2 1 0 1 2 2 2 2 2 1 1 0 1 1 1 1 2 1 0 1 2 0 1 2 2 1 0 0 2 2 1 2 0 1 0 1 1 0 0 1 2 2 1 1 0 2 1 0 1 1 2 0 0 0 2 2 2 1 0 2 1 2 1 2 0 2 0 2 2 1 0 2 1 1 1 1 1 0 2 2 1 2 0 1 0 0 2 0 2 2 2 0 1 0 0 0 2 0 2 0 2 0
2 0 1 1 0 1 1 2 0 1 2 1 0 0 2 2 0 2 2 1 0 1 1 1 1 2 2 1 2 0 2 2 0 1 2 1 2 1 2 1 2 2 0 1 0 0 0 1 2 0 2 0 2 1 2 1 1 0 0 1 0 2 1 1 1 0 0 1 0 2 2 0 1 2 1 1 2 0 2 2 0 2 1 0 1 0 0 2 0 0 1 0 1 2 0 2 0 0 1 0 0 1 1 1 1 0 0 2 0 2 1 1 2 0 0 1 1 0 1 1 1 2 0 2 2
0 1 0 1 0 1 1 2 2 0 0 2 0 0 0 2 0 0 0 0 0 1 1 1 0 1 2 2 2 2 2 0 1 2 1 2 1 0 2 1 0 1 1 0 1 0 0 1 0 0 2 1 0 1 2 0 2 1 0 1 1 1 1 0 1 0 0 0 0 0 1 0 1 0 0 2 0 1 2 1 2 1 2 2 2 1 2 0 1 1 1 2 2 1 0 0 1 1 1 0 2 0 0 0 1 2 0 2 0 2 1 2 1 1 0 2 0 0 2 1 1 1 1 1 2
2 0 2 1 2 0 0 0 0 1 2 0 2 1 0 2 0 1 1 2 2 0 0 2 2 1 2 1 0 0 1 2 1 1 1 1 1 1 1 0 0 1 0 0 2 2 0 1 0 1 1 2 0 1 2 2 0 1 1 0 2 0 1 1 2 2 0 1 2 2 1 2 0 1 0 1 0 0 2 1 0 1 1 0 2 1 0 0 0 2 0 2 0 2 2 2 2 2 0 2 2 2 2 2 2 0 1 2 1 1 2 1 2 1 2 1 0 0 1 1 2 0 1 0 2
0 2 2 1 1 1 1 0 2 0 2 2 0 0 1 1 2 0 1 1 0 0 2 0 0 0 0 0 1 0 0 0 1 1 1 2 0 2 0 2 0 0 2 0 0 1 2 0 2 1 1 2 1 0 1 2 1 2 0 1 1 1 1 2 0 2 2 1 2 2 1 0 2 0 1 0 2 1 1 1 0 0 2 1 1 0 1 1 2 2 2 0 0 0 0 1 0 2 0 2 2 2 0 2 0 1 0 0 0 1 2 0 2 1 0 2 1 2 0 2 1 0 2 0 0
1 2 1 0 2 1 0 1 1 0 2 0 1 0 1 0 2 0 1 1 0 0 0 0 1 2 2 1 0 2 2 1 2 0 2 2 1 0 2 2 1 2 0 2 2 0 0 2 0 1 0 0 2 2 1 0 2 0 2 2 1 1 1 0 2 1 0 0 2 2 1 0 2 2 0 1 2 0 2 2 0 0 0 2 2 1 0 2 2 0 2 0 2 1 1 2 0 2 0 0 0 2 1 2 1 1 2 1 2 1 0 2 1 1 2 1 0 0 1 0 0 0 1 0 2
2 1 2 0 1 0 0 1 1 2 2 0 2 1 0 0 0 0 0 2 0 2 2 0 0 0 2 0 1 0 1 2 1 1 0 0 2 0 2 0 0 0 2 1 1 2 1 2 0 1 1 1 1 2 2 1 0 2 0 2 1 1 1 0 2 2 1 2 0 0 1 1 1 0 0 0 0 1 2 0 1 2 2 2 1 2 2 1 2 2 0 0 1 0 1 1 2 0 1 0 1 0 2 0 0 2 1 0 1 1 1 0 0 1 1 1 1 0 2 1 0 1 0 2 1
1 1 0 2 0 1 0 0 0 1 0 0 2 1 0 1 1 0 2 0 1 2 2 2 2 0 0 0 0 0 1 2 2 0 1 2 2 0 1 0 1 2 1 2 1 1 1 0 2 0 0 1 2 2 2 2 0 0 0 2 1 2 1 1 0 1 1 2 2 2 0 0 2 2 0 1 1 1 1 1 0 1 1 0 1 0 0 2 1 1 1 0 1 1 1 1 0 0 0 2 2 2 0 2 2 2 0 0 0 1 2 1 0 1 0 2 1 0 2 0 1 1 1 2 0
0 1 0 1 0 0 2 2 1 1 1 0 2 1 1 1 1 1 2 2 1 1 1 1 1 0 1 0 1 1 0 2 0 2 1 0 2 0 0 0 1 1 1 1 0 1 0 0 2 2 2 0 1 2 2 0 2 0 1 1 0 2 0 0 1 1 1 1 1 1 1 1 2 1 2 0 2 2 0 1 2 0 2 2 0 2 2 2 0 1 1 1 0 1 1 2 0 0 0 2 1 2 1 1 1 1 1 0 1 2 2 1 0 1 0 0 2 0 0 2 2 1 1 2 2
2 2 0 2 2 1 1 0 2 2 1 1 0 2 0 0 2 2 0 2 0 1 1 1 2 1 0 0 2 0 1 2 0 2 2 0 1 0 0 2 2 2 0 0 2 1 2 1 1 2 1 2 2 2 1 1 0 2 0 2 0 2 2 0 1 1 0 1 1 2 0 1 2 1 0 2 1 2 1 2 2 0 0 2 2 1 1 1 1 2 0 2 1 0 0 0 2 1 1 1 0 1 0 2 1 0 1 2 0 0 2 0 1 2 2 0 2 1 1 1 1 0 0 2 1
0 0 0 1 2 2 0 2 0 0 0 1 0 2 2 0 2 0 2 2 0 2 2 0 2 0 1 0 0 1 1 1 2 2 2 1 0 2 0 0 1 1 2 1 0 2 2 0 2 1 0 1 0 2 1 0 2 2 0 0 1 1 1 1 2 1 0 2 2 1 0 0 0 2 1 1 2 0 2 2 2 0 0 2 2 2 1 2 0 1 0 1 1 2 1 0 1 2 2 1 0 0 2 1 2 1 1 2 1 0 0 0 1 0 0 1 1 1 1 1 1 2 0 2 2
1 2 1 0 2 0 2 2 2 0 2 0 1 0 2 0 0 0 1 1 0 0 2 0 2 0 1 2 2 0 2 0 0 0 1 0 0 0 0 0 1 0 0 1 0 2 1 1 0 0 0 1 0 0 1 1 2 0 0 1 1 2 1 2 0 0 2 1 1 2 1 1 1 2 2 1 2 1 1 2 2 2 0 0 2 0 1 2 0 2 0 0 1 0 2 2 1 2 0 0 2 2 1 0 1 1 0 0 0 1 0 2 1 1 0 0 2 2 0 0 1 1 0 1 2
0 0 1 0 2 1 0 1 0 2 1 2 2 2 2 1 0 2 2 2 2 0 2 2 1 2 2 0 0 1 0 1 1 1 2 1 2 2 1 0 1 0 2 1 2 2 2 0 1 2 0 2 0 2 1 1 0 1 2 0 2 0 2 2 2 1 0 2 1 2 0 1 2 0 2 0 0 0 1 2 2 0 1 0 2 0 2 0 0 2 1 2 0 0 1 0 2 0 0 2 0 1 0 0 2 2 1 0 2 0 0 0 0 2 0 1 2 0 1 2 1 0 0 1 0
1 2 1 2 0 0 0 0 0 1 2 0 2 2 1 2 2 1 0 1 1 1 2 2 2 2 0 0 2 2 1 2 0 0 1 1 0 1 1 1 0 1 1 2 1 2 0 2 1 1 1 0 0 1 2 0 1 0 1 1 2 0 0 0 0 0 2 1 2 0 0 0 2 1 0 1 2 0 1 0 2 2 1 2 1 1 0 0 1 1 1 2 1 0 2 2 1 1 0 0 2 0 1 1 2 2 0 2 2 1 1 2 2 2 2 0 1 2 1 0 1 0 2 2 0
2 2 1 0 2 0 0 0 1 0 1 0 1 0 1 0 2 1 0 2 0 1 1 1 2 1 2 2 1 0 1 1 2 0 2 2 0 0 0 0 1 1 1 2 0 2 0 0 1 0 0 0 1 1 1 1 1 1 1 0 1 2 1 1 2 1 1 1 2 1 1 0 1 0 1 2 1 1 2 2 0 0 0 1 2 2 1 1 1 2 1 2 2 0 0 2 2 1 0 1 0 2 0 2 0 1 1 1 0 1 1 0 1 2 0 2 1 1 0 0 0 0 0 0 0
0 2 0 2 0 0 0 0 0 2 1 2 1 0 2 2 2 0 2 2 1 2 1 2 2 2 0 0 2 0 1 0 2 2 2 0 0 0 1 1 0 0 0 1 1 0 2 1 1 1 0 2 0 2 2 0 1 2 1 1 0 0 2 2 0 2 1 1 0 2 2 1 0 1 0 1 2 2 2 0 1 0 0 1 0 0 2 2 2 0 2 2 1 2 2 2 1 0 0 2 0 0 1 1 1 2 0 0 2 0 1 0 0 2 2 1 2 1 1 2 0 0 2 1 0
2 0 2 0 1 0 2 2 1 0 0 1 1 2 0 1 1 0 0 1 2 1 1 1 0 1 1 1 1 1 1 1 1 2 2 0 2 1 0 0 2 1 2 0 0 2 0 2 0 1 1 0 0 2 1 2 1 1 0 0 2 0 1 1 2 1 1 1 2 1 2 2 1 2 1 1 1 2 1 1 0 2 1 0 0 0 0 1 1 1 2 1 2 1 0 2 0 1 1 0 1 1 0 2 0 2 1 1 1 0 0 1 0 2 0 1 0 1 0 2 0 0 0 2 2
0 2 0 0 0 1 2 1 1 2 2 1 1 1 0 2 1 0 0 1 1 2 2 2 0 2 0 1 0 2 0 2 0 0 0 1 1 2 1 1 2 0 0 0 2 0 0 1 0 1 0 1 0 0 1 1 0 2 2 0 2 0 2 2 1 2 1 0 2 2 1 1 0 2 0 2 0 0 2 1 2 0 1 2 0 0 1 0 2 1 0 1 2 1 1 1 1 0 1 1 0 1 2 0 0 2 0 1 0 2 0 2 0 1 0 0 2 1 1 1 0 2 2 0 0
1 1 2 2 2 1 2 1 1 0 0 2 1 1 2 1 2 0 1 1 1 2 0 2 0 1 0 2 2 1 1 1 2 1 1 0 2 0 2 1 1 2 0 2 1 0 0 0 1 2 0 2 1 0 2 1 0 1 2 2 2 1 0 0 0 2 0 0 0 0 1 1 0 2 2 1 0 0 2 1 0 0 1 1 1 0 1 1 2 1 1 2 2 2 0 2 2 1 2 0 1 1 2 1 0 1 0 1 2 1 2 2 1 0 1 2 2 2 1 1 0 0 1 0 0
1 0 0 2 0 1 1 2 0 0 2 0 1 1 2 2 1 2 0 0 1 1 0 1 0 2 2 1 1 0 2 0 1 0 1 2 1 0 1 2 0 1 2 1 0 2 1 0 2 0 0 1 1 1 0 2 0 0 1 2 1 1 0 0 1 2 2 0 2 0 1 2 2 1 2 0 1 0 0 1 0 1 2 2 2 0 2 2 2 0 0 0 2 0 1 1 0 0 0 2 1 1 1 1 2 0 1 1 2 2 0 2 0 0 2 0 2 2 2 1 2 2 2 2 0
1 1 0 1 1 0 0 0 2 2 0 0 1 2 0 0 2 0 1 0 0 1 2 2 1 1 1 2 1 2 0 2 0 2 0 2 2 1 0 2 1 0 1 2 2 1 0 2 1 2 1 2 1 0 1 0 0 1 2 1 0 0 0 1 2 1 0 2 1 1 1 2 1 2 0 1 2 1 1 0 1 2 0 2 1 2 0 1 0 0 2 0 1 0 1 0 2 2 0 0 1 2 1 0 2 1 2 1 2 0 0 1 1 1 1 2 0 1 0 2 2 0 2 1 1
2 1 0 2 2 1 1 2 0 2 2 1 1 2 1 2 2 0 0 1 2 2 2 1 0 1 1 1 2 2 2 1 1 0 1 1 2 0 1 0 2 0 1 0 2 0 0 2 0 0 0 0 1 0 2 1 2 0 1 1 1 0 0 2 1 2 1 1 2 2 1 2 2 0 0 0 1 1 2 2 0 1 0 1 2 0 0 1 1 1 0 2 0 0 2 1 0 0 1 1 2 2 1 0 1 1 0 2 1 0 2 1 1 0 2 1 0 0 0 0 2 1 2 2 2
2 1 0 0 0 2 1 0 0 2 2 2 2 1 0 0 0 1 0 1 1 1 2 2 2 2 2 0 0 2 1 0 1 2 0 2 1 1 0 1 1 2 1 0 0 2 2 1 1 2 0 0 1 1 0 1 0 2 2 1 1 0 1 2 2 2 2 1 1 2 0 0 1 2 1 1 2 1 1 0 0 2 1 2 0 1 0 2 0 2 0 2 1 2 0 0 2 2 0 1 2 0 1 1 2 1 1 1 2 2 0 1 1 1 0 2 1 1 1 2 1 2 2 2 1
0 1 1 0 1 0 0 2 2 2 2 0 0 1 1 2 1 2 1 1 0 1 2 2 0 1 0 0 1 1 2 1 0 1 2 2 1 2 1 0 2 0 2 2 0 0 2 2 0 2 0 0 0 2 2 2 2 0 2 0 1 2 0 2 0 0 1 2 2 0 1 0 1 0 2 1 1 2 2 1 1 2 2 2 0 1 1 2 2 1 0 1 2 0 0 0 0 0 0 1 0 1 1 2 2 1 1 0 1 0 2 0 0 1 0 0 0 2 0 2 2 2 1 1 2
0 1 1 0 2 0 1 1 1 0 0 2 1 1 1 2 0 1 1 2 2 2 2 0 1 0 2 0 1 1 0 2 2 1 2 0 1 0 1 0 1 0 1 0 2 0 1 1 2 2 0 2 2 1 2 0 1 2 0 0 0 1 0 0 0 0 0 0 1 0 0 0 1 2 1 0 2 2 2 2 2 0 2 2 2 1 2 1 1 1 1 1 0 2 1 0 0 0 1 2 1 0 2 0 2 0 1 2 1 1 2 1 2 1 0 1 0 1 2 1 2 1 2 2 1
1 0 2 2 2 1 1 0 1 1 2 2 0 2 0 2 2 2 1 0 0 2 0 1 2 2 1 0 2 1 2 2 2 2 1 2 0 1 2 2 0 2 2 0 0 0 2 2 0 1 1 2 0 2 1 0 2 0 2 1 1 2 0 1 2 0 1 0 2 1 0 2 1 0 1 2 1 1 2 0 0 0 2 1 1 0 2 0 1 1 2 1 0 1 2 0 2 1 1 1 2 2 1 1 0 2 1 1 1 1 1 1 2 1 0 0 0 2 1 2 1 2 0 0 0
0 0 2 2 2 1 2 1 2 2 1 2 0 1 1 2 0 0 2 2 0 0 0 0 0 2 2 2 1 2 0 1 1 0 1 0 2 0 0 1 0 2 1 1 0 0 0 2 0 0 2 1 2 2 2 0 2 1 0 0 2 0 2 0 1 1 1 0 0 2 2 0 2 2 1 0 2 0 2 0 1 2 1 0 1 0 1 2 1 1 2 1 2 0 1 1 1 1 1 1 0 2 2 0 1 1 2 0 1 2 0 0 2 1 1 0 2 1 0 2 2 1 0 0 1
0 1 0 1 1 2 2 0 2 0 1 0 2 1 0 2 2 1 1 1 2 0 1 0 0 0 1 1 1 1 0 1 0 1 0 1 0 0 1 0 1 2 0 1 1 0 0 0 1 2 2 2 2 0 0 2 1 2 2 1 0 2 0 2 0 1 0 1 1 2 1 0 2 0 1 0 0 1 1 0 1 2 0 0 2 0 1 2 0 1 0 1 0 0 0 2 2 2 1 1 2 0 1 1 1 0 0 2 0 1 2 1 0 2 0 1 1 2 1 1 0 2 0 1 0
1 1 0 1 0 1 0 1 1 1 2 1 1 1 1 1 2 0 2 2 1 1 0 0 2 1 1 2 0 0 0 1 2 0 2 2 2 0 1 0 1 0 0 1 2 1 2 2 2 2 2 0 1 2 1 1 2 0 1 2 1 1 1 0 2 1 0 1 1 1 0 0 2 0 1 2 2 1 2 0 1 2 0 0 1 0 1 1 1 2 1 2 1 2 0 0 1 1 0 2 0 1 1 0 2 2 0 1 1 0 1 0 0 0 0 1 1 2 1 2 2 2 0 0 0
1 2 1 0 2 2 0 1 0 1 0 2 2 2 1 0 1 2 0 2 2 2 1 2 0 1 2 1 1 0 1 0 2 0 1 2 2 1 0 2 2 1 0 2 1 1 2 0 1 2 0 1 0 1 1 0 2 1 2 2 2 1 0 2 2 1 2 1 2 0 2 0 2 2 2 1 1 0 1 0 0 1 2 0 0 1 2 0 0 1 2 2 0 0 2 2 1 1 1 2 0 0 2 0 2 2 1 2 0 0 2 1 2 2 1 0 1 0 0 2 0 1 1 0 1
0 0 0 0 1 2 1 0 2 2 0 1 1 2 2 1 2 0 1 2 2 1 0 1 1 0 1 2 2 2 1 0 0 2 1 2 1 0 2 0 2 0 2 0 0 1 2 2 2 0 0 0 2 0 1 0 2 0 1 1 0 0 2 0 2 0 2 1 1 0 1 0 1 1 1 1 1 0 1 0 1 2 1 0 0 2 2 2 0 0 1 0 1 0 1 1 2 2 2 0 2 1 2 0 2 0 1 0 1 0 2 2 0 0 1 1 1 0 0 2 1 1 0 2 2
2 0 1 1 2 1 1 1 0 2 0 2 2 2 0 0 1 0 1 1 2 2 0 2 2 0 0 2 1 0 1 0 0 0 0 0 1 2 1 0 0 0 0 2 2 1 0 0 1 1 2 1 1 0 1 2 1 2 1 2 2 2 0 1 2 1 2 1 2 1 2 2 1 2 2 1 0 2 1 0 2 1 2 0 2 1 0 0 0 1 0 1 1 2 0 1 1 2 1 0 1 1 2 0 2 1 1 0 2 0 0 1 2 0 2 2 2 1 1 0 2 2 2 2 1
0 1 0 0 2 1 1 2 2 0 1 1 1 1 0 0 0 2 2 1 0 2 0 1 0 2 1 1 2 0 2 0 2 0 0 2 0 2 1 2 2 2 0 2 2 1 2 2 1 2 0 1 2 2 2 0 2 1 1 1 2 1 1 1 0 1 2 0 2 0 2 2 1 0 2 0 2 1 0 1 1 1 2 1 0 0 2 2 1 1 1 0 2 0 0 0 0 2 0 2 0 0 2 1 1 2 2 1 1 2 2 0 1 0 1 2 0 0 0 1 1 2 2 1 2
2 2 2 2 0 2 0 1 2 2 0 2 2 1 0 2 2 0 0 2 2 1 0 0 1 2 2 0 1 2 2 2 1 0 2 2 2 2 1 2 0 1 2 2 1 0 2 1 1 1 1 1 2 1 2 0 1 2 1 2 2 1 2 1 1 2 0 2 2 2 2 2 1 2 2 0 0 2 1 1 1 0 0 0 1 0 1 2 0 0 0 2 1 0 1 1 0 1 1 0 1 1 0 0 1 0 0 1 0 0 1 2 0 1 2 0 2 1 0 0 2 1 0 1 0
1 2 0 0 1 0 1 1 1 2 2 2 1 2 0 1 0 2 2 1 2 0 2 1 2 2 0 0 0 1 0 1 2 2 2 1 2 1 2 1 1 0 1 2 2 2 0 2 1 1 1 1 1 0 0 1 0 1 2 0 1 0 2 1 2 2 2 0 1 0 2 2 0 1 2 0 0 0 2 0 2 1 2 1 2 1 2 0 2 2 1 0 1 0 1 1 0 2 2 2 2 2 2 0 1 2 0 1 0 0 2 0 1 0 2 1 1 2 1 0 0 2 2 1 1
1 0 1 0 0 1 2 2 1 0 1 1 0 2 1 0 0 1 0 1 0 1 2 1 0 0 1 0 2 2 1 2 0 1 2 0 2 2 0 1 2 1 2 1 2 0 2 0 0 2 1 1 2 1 2 0 1 0 0 2 0 0 1 1 1 0 2 1 0 0 2 1 2 2 0 2 0 2 2 0 0 0 2 2 2 1 0 1 0 0 1 0 1 2 1 2 0 2 1 2 2 1 1 2 0 1 2 1 1 1 2 1 0 1 1 2 1 1 1 1 0 2 2 1 2
2 2 1 1 0 0 1 2 2 0 0 0 2 2 1 2 2 1 2 1 0 2 0 2 1 1 0 1 2 1 2 1 0 0 2 2 1 0 2 0 0 2 1 1 0 0 0 2 1 0 1 2 0 2 2 2 1 2 1 0 1 0 1 0 0 1 2 2 1 2 2 0 1 0 2 2 0 2 1 0 0 1 0 0 0 2 0 1 2 2 2 0 2 1 0 0 1 0 2 0 2 2 0 2 2 0 1 0 2 1 1 0 2 1 1 2 0 2 1 0 1 0 1 1 0
1 2 1 2 2 1 2 1 0 1 1 0 0 2 1 1 1 1 1 2 0 0 1 0 1 1 2 0 2 0 1 2 0 2 2 2 1 1 1 2 1 0 0 1 0 2 0 1 1 1 1 2 2 2 0 1 2 0 1 2 1 0 2 2 0 2 2 2 1 2 2 2 2 2 1 2 2 2 1 1 1 0 1 0 0 1 2 0 2 1 0 1 2 2 1 0 2 1 0 1 0 2 1 0 0 0 2 2 2 2 1 1 0 2 1 0 2 0 1 1 2 2 2 2 2
1 0 2 0 0 0 0 0 2 0 0 0 1 1 2 1 2 1 1 2 2 1 1 1 0 0 1 0 1 1 0 2 1 2 0 2 1 1 0 1 2 1 2 1 2 2 2 2 1 1 2 1 0 1 0 1 1 2 0 2 1 0 0 0 0 0 0 2 2 0 1 0 2 1 1 2 0 2 2 2 0 1 1 1 0 1 1 0 1 1 0 0 2 0 1 2 2 1 0 1 0 1 2 2 2 2 2 0 1 2 0 2 1 2 2 0 0 1 0 0 2 0 0 2 2
2 1 2 0 2 1 0 0 1 0 0 0 0 2 2 0 0 2 1 2 1 1 0 2 2 0 2 1 1 1 1 0 1 0 2 0 1 2 2 0 1 0 0 2 2 0 2 0 0 1 2 2 1 0 0 0 1 2 1 0 2 0 1 1 0 0 1 0 1 1 0 2 2 2 2 2 0 2 0 0 0 2 1 2 0 2 0 0 1 2 0 1 0 2 2 1 0 2 2 1 0 0 1 2 0 1 0 0 0 0 2 1 0 1 1 2 0 2 2 2 2 0 1 2 2
1 2 0 0 1 2 2 2 1 2 0 2 2 1 2 0 1 1 2 2 0 1 0 2 1 2 1 1 1 2 1 0 1 2 1 0 1 0 1 1 0 1 0 0 2 0 1 1 2 0 1 2 2 1 1 0 1 2 1 2 2 2 0 1 2 2 2 2 0 0 0 0 1 0 1 2 1 0 1 0 0 0 0 2 1 1 0 0 2 2 1 1 2 1 1 2 1 0 2 0 1 2 0 0 0 2 2 2 2 2 0 0 2 1 0 1 0 0 2 2 2 1 2 2 0
1 2 0 1 1 0 0 1 0 0 1 1 1 1 0 0 0 2 0 1 2 1 2 0 1 0 0 0 2 0 1 1 2 1 2 1 1 0 2 2 0 2 1 2 1 0 0 1 2 0 0 1 0 0 2 1 0 0 2 0 0 1 1 1 2 1 2 1 1 0 1 2 2 1 0 0 1 0 0 0 1 0 2 1 1 2 0 2 0 0 2 1 1 1 2 1 0 0 0 2 0 0 0 0 1 0 0 2 0 1 0 2 0 2 1 1 2 2 1 0 2 1 2 2 1
2 0 1 2 2 2 0 2 2 0 0 0 2 0 1 0 1 1 0 1 0 0 1 0 2 1 1 0 1 0 2 1 1 2 1 0 1 2 2 1 0 0 1 0 1 2 2 2 1 2 2 0 0 1 0 2 2 1 1 2 2 0 0 2 2 2 2 1 2 0 2 0 0 0 0 0 1 2 0 0 0 2 0 1 0 2 1 1 1 2 0 2 2 1 1 0 0 0 1 0 0 1 1 2 2 2 0 1 0 0 2 1 1 0 2 1 0 0 0 2 2 1 2 0 2
0 0 1 0 2 1 2 0 0 2 1 2 2 2 0 2 2 1 0 1 1 0 2 2 0 1 0 2 0 0 2 1 1 0 2 0 2 2 2 2 1 1 0 0 0 0 0 1 0 2 0 1 2 2 0 0 2 1 0 0 1 1 2 0 1 2 2 1 1 2 1 2 0 2 0 1 0 0 2 0 2 0 2 2 0 0 1 2 2 2 2 1 0 2 0 2 1 0 1 2 2 0 1 2 0 2 0 1 0 1 1 0 2 1 0 2 2 2 2 2 1 0 1 2 2
2 2 1 2 0 0 1 1 0 1 1 2 2 2 0 1 1 1 1 0 2 0 0 1 1 2 2 1 1 1 0 0 1 1 0 1 0 2 1 1 0 2 1 1 0 2 2 1 1 1 2 0 0 0 2 1 2 1 2 2 1 2 0 2 2 1 2 0 0 1 1 2 0 0 0 0 0 0 0 1 2 0 2 2 1 1 0 0 1 0 0 0 0 1 0 2 2 0 0 0 1 2 0 0 0 0 1 0 2 2 0 2 2 2 2 1 2 0 0 1 0 0 2 0 1
0 1 1 2 1 0 1 2 0 1 2 2 1 0 2 0 0 1 1 1 0 2 1 0 2 0 0 0 0 1 2 1 2 2 0 2 2 2 1 0 1 1 0 0 1 2 1 0 0 0 2 1 2 0 1 0 1 2 1 1 1 1 0 1 0 1 1 0 1 2 2 0 0 2 1 0 2 0 0 0 0 2 2 0 0 1 0 2 2 2 0 0 1 0 2 2 2 1 1 1 1 0 2 0 2 0 1 2 1 1 1 1 1 1 2 2 2 1 1 1 0 2 2 2 0
0 2 1 2 0 2 0 1 1 1 1 2 2 2 0 1 0 2 0 1 2 2 1 0 1 0 1 0 0 1 2 0 1 0 2 2 2 1 0 2 2 1 2 0 0 1 1 1 0 2 2 0 1 1 1 1 2 0 1 0 1 0 2 0 1 1 2 1 0 2 1 1 1 0 1 0 1 2 1 0 1 2 1 1 1 0 2 1 1 1 1 0 0 0 0 1 0 2 0 0 2 2 1 0 0 0 0 2 0 2 0 2 2 2 1 0 0 1 1 1 0 2 1 1 0
2 0 1 1 2 2 0 1 2 1 1 2 2 2 0 2 2 0 1 2 2 2 0 1 0 1 2 2 0 0 0 0 1 2 1 0 2 2 2 1 1 1 0 1 0 1 1 1 2 0 0 1 2 1 0 2 0 2 2 2 0 1 2 2 1 2 2 0 2 1 1 1 0 0 0 1 2 1 2 1 2 1 0 1 0 1 1 0 0 2 0 1 1 1 1 2 1 0 0 0 0 2 2 1 0 2 2 2 2 2 1 1 1 2 1 1 0 2 1 1 2 0 0 0 1
1 1 2 0 2 0 0 1 2 1 2 0 1 2 2 1 1 0 2 0 1 0 1 2 0 0 2 0 1 0 2 0 2 2 0 1 0 0 0 1 2 0 1 2 0 1 0 1 2 0 2 2 1 0 1 1 0 0 2 2 1 2 0 0 2 0 2 0 2 0 1 2 0 0 1 0 1 0 2 0 1 1 0 2 1 1 2 0 0 2 2 2 2 0 1 2 1 0 0 1 1 2 0 2 2 2 0 1 2 0 0 0 2 0 0 2 0 2 2 1 2 2 0 2 0
2 2 2 1 0 0 0 2 1 2 0 1 1 2 0 2 2 1 1 1 0 0 1 2 0 0 2 1 1 2 2 1 2 1 0 2 2 0 2 0 1 0 2 2 1 0 2 0 0 1 2 0 2 1 0 0 1 0 1 0 0 1 2 2 2 2 2 2 0 0 0 1 1 0 1 2 1 1 1 1 0 0 2 0 2 0 0 1 1 0 1 1 1 1 1 2 1 1 1 2 2 2 1 1 0 1 0 2 2 1 1 2 2 1 2 2 1 1 0 2 2 0 0 0 1
2 0 0 2 0 0 1 0 1 2 1 2 0 0 0 2 1 2 1 0 0 1 1 2 2 0 1 0 2 2 1 2 0 2 2 1 2 1 1 2 1 2 2 2 0 2 2 0 2 1 0 0 0 2 2 0 0 1 1 0 0 2 1 1 0 0 2 0 2 1 2 2 1 2 1 2 1 1 0 1 0 0 2 1 0 1 2 2 0 0 0 1 0 2 2 0 1 0 1 0 2 1 2 0 0 2 0 0 0 0 2 1 2 2 2 0 1 1 0 2 2 1 1 0 0
1 0 1 1 2 0 0 1 0 2 2 2 2 2 1 1 0 2 1 0 0 1 1 2 0 1 2 1 2 2 2 1 0 2 0 1 0 2 2 0 1 1 1 1 2 0 0 0 2 1 0 2 1 2 0 1 1 2 0 1 2 2 0 0 2 1 1 2 1 1 1 0 1 0 2 1 0 0 1 0 1 1 1 0 0 1 1 2 0 1 1 0 2 2 0 1 1 0 2 2 1 1 0 2 1 0 0 2 0 1 2 2 0 1 0 2 2 1 1 0 0 0 0 0 0
2 1 1 2 1 2 0 2 2 1 1 2 1 0 2 1 1 2 2 2 2 1 0 1 0 0 2 0 2 2 1 1 2 1 1 0 0 2 1 0 0 2 0 0 1 0 2 2 0 1 2 0 0 2 2 1 0 1 2 0 1 1 1 0 2 0 1 0 2 2 0 0 2 1 1 0 2 0 0 2 1 2 1 2 2 0 0 0 2 0 0 1 1 2 2 1 2 1 2 1 1 0 2 0 2 0 1 2 0 2 2 0 2 0 2 2 0 0 0 0 0 0 2 2 0
2 1 0 0 0 2 2 1 2 0 0 0 2 2 2 0 2 2 2 2 1 2 1 2 2 2 0 0 1 0 1 0 1 1 1 2 0 1 1 0 2 2 1 2 2 0 2 2 2 2 1 1 1 2 2 1 2 2 2 1 0 0 2 2 1 2 2 0 0 1 0 0 0 1 0 0 1 0 2 1 0 1 1 0 1 0 1 1 0 2 0 0 2 2 1 2 1 1 2 2 2 2 0 0 2 1 1 1 2 0 1 2 2 2 2 2 0 2 1 1 1 1 2 1 1
1 0 1 2 0 0 2 1 1 2 0 0 1 2 2 0 0 1 0 0 2 2 0 1 1 0 0 2 0 1 2 1 0 0 0 0 1 0 2 0 2 2 0 2 0 2 2 0 2 0 1 2 1 2 1 2 2 2 0 2 0 2 1 1 2 1 0 1 1 2 2 2 0 2 2 0 0 2 0 0 2 2 2 0 0 1 0 0 0 1 1 1 0 2 0 0 2 0 1 0 0 0 0 0 1 2 0 1 2 2 2 2 2 2 0 0 0 1 1 1 2 2 2 2 1
2 0 0 0 2 2 1 0 0 2 1 1 1 0 0 1 2 0 0 2 1 2 2 2 0 1 2 0 1 2 2 1 0 1 2 0 1 1 1 1 0 0 0 1 1 1 0 2 2 1 1 0 0 2 1 1 0 1 1 2 0 1 1 1 2 1 2 0 2 1 0 0 2 0 0 0 1 0 0 1 2 0 2 0 2 1 1 0 2 0 0 1 2 1 0 2 0 0 0 0 1 1 0 1 1 1 2 1 2 0 0 2 0 2 0 0 1 2 0 1 1 1 2 0 2
0 0 0 0 1 0 2 2 1 0 1 0 2 2 0 0 2 0 0 2 1 1 1 0 2 0 1 0 0 2 1 0 0 1 1 1 2 1 1 1 2 0 2 0 2 0 0 2 0 2 2 1 0 2 2 0 2 1 1 0 1 0 2 1 2 0 1 2 0 0 1 2 0 1 2 0 1 1 0 2 0 0 0 1 2 2 2 2 1 0 0 0 1 2 2 0 0 0 0 0 1 2 0 2 0 0 0 1 1 0 0 2 1 1 1 0 2 0 1 0 1 1 1 0 0
1 0 1 2 1 2 1 1 0 1 1 1 2 1 1 0 2 0 1 2 2 0 1 0 1 1 1 0 0 1 1 2 0 2 1 1 2 0 0 0 2 0 2 1 2 0 1 1 1 1 0 1 2 2 1 1 2 1 1 0 0 0 2 0 0 0 0 0 1 0 0 1 1 0 0 0 0 1 2 2 0 0 1 2 0 0 1 2 1 0 2 2 0 2 2 1 2 0 2 1 1 0 0 2 1 0 0 1 2 0 1 0 1 0 1 2 1 2 2 0 0 1 0 1 1
1 0 1 1 0 0 2 1 1 0 2 1 1 1 1 2 1 2 0 1 1 1 0 0 0 1 1 0 1 1 1 2 1 0 1 0 1 1 1 0 2 1 1 1 2 1 0 0 1 2 0 2 0 0 0 0 2 0 0 2 1 2 1 0 2 0 0 1 0 2 1 2 0 1 1 1 0 2 2 1 1 2 1 1 1 1 0 1 1 0 0 0 0 0 1 1 1 2 2 1 2 2 2 2 0 1 1 1 0 1 2 0 0 1 2 2 2 2 1 2 1 1 2 1 2
1 0 1 1 0 0 1 0 2 1 0 1 0 1 0 1 1 0 2 2 2 0 2 0 1 2 1 0 0 0 1 1 1 2 0 2 2 2 2 0 1 0 1 1 2 1 0 1 2 0 0 0 0 0 0 2 0 2 1 0 0 2 2 2 1 0 1 1 2 1 1 1 2 1 0 1 2 0 0 2 2 0 2 2 2 0 2 2 0 0 0 0 0 2 0 1 0 2 0 1 2 2 2 1 0 0 1 0 1 1 0 0 0 2 1 2 0 0 2 0 1 2 1 1 1
2 0 0 1 0 1 1 0 1 0 0 2 1 2 1 0 2 2 0 0 0 2 0 1 2 1 0 1 0 1 1 2 2 1 1 0 0 0 0 1 1 2 2 2 1 0 0 0 0 1 1 1 1 2 2 1 1 0 2 1 2 1 1 2 0 2 0 1 0 1 1 1 0 0 1 2 0 2 1 0 1 2 2 2 2 0 0 0 0 1 1 0 0 0 0 1 1 0 2 1 2 0 1 0 0 0 1 1 0 2 0 1 2 2 1 2 0 2 2 1 0 2 2 1 2
2 0 1 1 0 0 0 2 2 1 0 2 2 2 0 2 0 2 2 0 0 1 1 0 1 2 1 0 2 0 1 2 0 2 1 1 0 1 1 0 0 1 1 0 1 2 2 1 1 2 0 2 0 1 0 0 1 1 1 1 2 2 1 0 0 2 2 1 1 0 2 1 2 0 2 0 2 2 2 1 1 2 0 0 1 1 0 0 0 1 1 0 2 0 0 0 2 0 1 0 0 1 0 2 1 2 1 1 2 1 1 2 0 2 2 2 1 0 2 1 2 2 2 2 2
2 2 0 0 2 0 1 0 1 1 0 1 2 1 1 0 2 0 1 2 0 1 1 0 2 0 1 1 2 0 0 2 0 1 0 2 2 2 0 1 1 0 0 1 0 2 2 0 2 2 2 0 1 1 1 0 1 2 2 0 0 1 0 1 2 1 1 2 0 1 1 1 2 1 0 2 1 1 2 1 1 0 2 2 1 1 1 1 1 0 1 2 1 2 0 1 1 1 0 1 0 1 1 0 1 2 0 2 0 1 1 2 2 1 2 1 0 1 2 2 1 2 1 0 2
1 2 1 0 2 2 1 2 1 2 1 1 2 1 2 1 1 2 0 0 2 2 0 0 1 0 2 0 1 0 0 0 2 1 1 0 1 0 0 1 0 2 2 0 0 2 2 2 2 2 0 1 1 1 2 0 2 0 1 0 0 1 2 1 0 0 1 0 1 2 1 1 1 1 0 2 1 2 2 1 1 2 0 1 0 1 2 2 1 0 1 1 0 1 2 1 1 1 1 1 0 0 0 2 2 0 2 1 2 1 0 2 1 0 1 2 1 0 0 0 1 1 2 1 2
2 1 1 2 2 2 2 1 1 2 0 1 2 2 2 1 2 2 2 1 0 2 0 1 2 1 2 1 1 2 1 1 0 0 0 0 0 0 1 1 0 0 1 0 0 0 1 0 0 1 1 0 0 2 2 0 0 1 1 2 0 0 1 1 1 1 2 2 2 0 2 2 1 0 2 2 1 1 0 1 2 2 2 0 1 1 1 2 0 0 1 2 0 0 0 2 2 2 0 1 1 2 2 2 0 2 2 1 1 2 0 1 1 2 1 0 1 0 0 1 1 2 0 2 0
1 2 0 1 0 1 2 2 1 0 2 1 0 1 0 0 1 1 2 0 1 0 1 1 1 0 0 1 1 0 2 0 0 2 1 0 1 2 2 0 0 2 2 0 0 2 1 1 1 1 2 2 2 1 2 1 1 2 0 2 0 2 2 0 2 2 1 1 2 1 1 2 0 0 2 1 0 2 0 2 1 2 2 0 0 2 1 0 0 1 2 0 1 0 2 1 0 1 0 2 0 2 1 0 0 1 0 1 0 0 1 1 1 2 0 2 1 1 2 2 1 2 0 2 0
0 2 0 1 2 0 2 1 1 0 2 0 1 1 1 2 0 0 0 2 0 0 1 0 2 0 1 2 1 1 0 2 0 1 2 0 1 1 2 2 2 2 1 0 0 2 0 2 0 1 1 2 1 0 0 2 2 1 2 1 0 1 1 2 2 1 0 1 2 2 1 0 2 2 0 0 2 1 2 1 1 2 0 2 2 1 2 1 0 0 0 0 1 2 0 1 0 1 0 0 1 0 0 0 0 2 2 0 0 2 2 1 1 0 2 1 1 2 0 1 0 1 2 2 0
0 1 1 2 1 2 0 2 2 2 0 1 2 0 0 1 0 2 0 0 1 2 1 2 2 2 2 1 1 2 2 2 1 1 1 0 1 0 0 0 0 0 0 2 1 0 0 1 0 1 1 2 0 0 2 1 2 2 0 1 1 2 2 0 1 1 1 2 1 1 1 1 2 1 1 0 2 2 1 2 0 0 2 2 0 1 0 0 2 0 2 0 0 1 2 2 0 0 2 2 2 0 2 1 1 0 2 1 2 0 1 1 1 1 1 2 1 1 2 0 2 1 1 0 1
0 2 1 1 0 1 0 0 0 2 0 1 1 1 1 2 0 0 0 2 1 2 0 0 1 1 0 1 2 1 2 0 1 1 2 1 2 0 2 1 2 0 2 2 1 1 1 0 2 2 2 1 2 0 2 2 1 2 0 1 1 0 2 0 2 2 2 2 2 2 0 2 2 0 1 1 2 1 2 2 0 2 1 0 2 0 2 1 1 0 2 0 1 2 1 0 2 1 0 1 0 1 1 0 2 1 2 2 2 1 1 0 0 0 0 0 2 0 1 1 1 1 1 0 1
0 0 0 1 1 2 1 0 2 2 0 0 1 2 0 0 1 0 0 1 1 1 0 2 0 1 1 0 1 1 1 1 2 0 2 2 0 1 0 0 1 0 1 0 0 1 1 1 2 2 0 1 1 1 0 1 0 2 1 1 0 1 2 1 2 2 1 0 2 1 1 1 1 2 1 2 2 0 0 1 1 0 0 2 2 2 1 1 1 1 2 0 0 0 1 2 0 0 0 2 1 1 0 0 2 0 2 1 1 0 0 2 1 1 1 1 0 1 2 1 0 2 1 0 2
0 0 0 0 0 0 2 2 2 2 2 2 2 0 0 2 0 1 1 1 0 0 2 1 0 1 1 2 0 1 0 2 2 1 2 0 1 0 0 0 0 2 0 0 0 2 0 0 0 2 0 0 2 2 0 0 1 1 0 0 1 1 2 0 2 2 1 1 2 1 0 0 1 0 1 1 0 1 2 0 1 0 2 0 0 2 2 0 1 0 0 0 1 2 2 1 1 0 2 2 0 2 2 1 1 1 0 1 2 0 0 0 1 2 2 1 2 1 2 1 1 2 0 0 1
0 1 1 1 1 1 1 1 1 1 0 2 1 1 1 2 2 2 1 2 2 0 2 0 0 1 2 2 2 2 2 2 1 0 0 2 2 0 1 0 1 1 2 0 1 0 2 0 0 1 0 2 1 0 0 1 1 0 1 1 0 0 0 1 1 2 2 0 2 1 0 0 1 0 0 2 0 0 0 2 1 1 2 2 2 1 1 1 1 0 0 0 1 1 2 2 0 1 0 2 1 1 0 2 1 0 1 2 1 2 1 2 1 2 0 1 0 2 2 2 2 0 2 0 2
2 0 0 1 1 0 2 2 1 1 1 0 0 0 1 0 0 2 2 2 0 0 2 2 0 1 1 1 2 2 1 2 2 1 0 0 2 1 0 1 2 1 1 0 2 0 1 0 2 1 2 0 1 2 2 2 2 1 0 2 0 1 1 0 0 1 0 0 2 1 1 0 2 0 1 0 1 2 0 1 1 1 2 0 0 1 2 0 0 1 2 1 2 0 2 0 0 0 1 2 2 0 2 1 1 1 2 2 1 0 0 2 1 0 2 2 2 2 0 0 0 0 2 0 1
1 1 1 2 0 1 1 0 2 0 1 0 0 1 2 0 0 1 2 0 2 1 0 1 2 1 1 0 1 2 2 0 1 1 2 1 2 1 0 2 2 2 1 0 2 0 1 2 2 0 2 1 2 1 0 2 2 2 0 1 2 0 2 0 1 1 0 1 1 1 1 1 1 0 1 0 1 2 2 0 2 0 0 2 2 1 2 1 1 2 0 1 2 2 2 1 1 0 0 2 1 2 0 1 2 2 1 0 1 2 1 1 0 2 1 2 1 0 0 0 1 1 1 1 1
1 0 1 2 1 0 1 1 2 2 1 2 1 2 1 1 0 0 1 1 1 0 0 0 1 0 2 1 2 0 2 1 1 0 0 2 2 0 0 2 2 1 1 1 1 2 2 2 1 1 1 2 1 1 0 1 2 2 2 2 1 2 0 2 0 2 2 0 2 0 2 1 0 0 1 1 1 1 1 2 0 2 2 2 1 0 0 0 0 0 0 1 0 1 1 1 0 1 1 0 1 0 2 1 1 0 1 2 2 2 2 2 2 2 1 1 0 0 0 1 1 0 0 1 1
2 0 2 0 1 0 1 2 0 1 1 0 2 1 0 2 2 2 2 1 2 1 2 0 1 0 1 1 1 1 1 0 1 1 1 1 2 1 0 2 0 2 0 2 2 1 1 1 1 2 0 1 0 2 1 1 0 1 0 0 2 2 1 1 1 0 2 0 1 0 0 1 0 0 1 2 2 0 0 1 2 0 2 0 0 2 2 2 0 0 2 0 0 0 1 1 1 1 2 0 2 2 2 2 1 1 2 0 2 0 1 2 2 2 0 2 2 0 1 0 1 1 0 2 0
1 0 1 0 0 2 0 0 1 0 1 0 0 2 0 0 1 0 2 1 1 0 0 2 2 0 0 1 0 2 1 0 1 0 1 2 2 2 2 2 0 1 0 0 1 1 1 0 1 1 2 0 2 2 0 1 1 0 2 2 1 1 2 2 2 2 1 2 2 1 2 2 0 0 2 1 1 1 2 1 2 1 2 2 1 2 1 2 0 1 2 1 0 2 1 0 2 2 0 1 1 0 0 1 0 0 1 0 2 1 1 2 2 0 2 1 2 1 2 2 2 1 2 2 1
0 0 1 0 1 2 2 1 1 1 2 2 0 2 1 1 0 2 1 1 2 0 0 0 2 1 0 1 0 1 2 0 1 1 1 2 2 0 1 0 0 1 2 0 1 2 2 2 2 1 1 2 1 2 0 1 1 0 2 1 1 0 1 0 2 1 0 1 2 2 1 2 1 2 1 2 2 1 2 1 2 2 0 1 1 0 0 2 1 1 1 0 1 2 0 0 1 0 0 1 0 1 0 2 1 1 0 0 0 0 2 0 2 0 2 1 0 2 0 0 0 1 0 2 2
0 1 0 1 1 2 0 0 0 0 2 2 0 0 0 1 0 0 1 0 0 0 2 2 1 2 1 1 0 0 0 1 1 1 2 0 1 0 1 2 1 1 2 2 2 2 1 2 0 0 1 0 0 1 1 1 1 2 0 1 0 0 2 2 0 2 0 2 1 1 2 2 0 1 2 0 2 1 0 0 1 1 2 2 2 0 1 1 0 2 2 0 0 1 0 1 2 1 1 0 0 0 0 1 0 2 1 2 0 1 0 1 1 2 0 1 0 0 0 0 2 2 2 2 2
2 1 1 1 2 1 2 1 1 0 1 1 1 1 2 0 1 0 1 1 2 0 2 0 1 1 2 0 0 1 0 0 0 1 2 1 0 1 2 2 1 0 1 0 1 1 1 2 1 0 1 1 1 1 1 2 0 1 0 0 1 1 0 1 0 0 2 2 1 2 2 0 2 1 1 1 2 0 2 2 1 1 0 0 0 0 0 0 2 0 1 0 2 0 0 0 0 0 0 0 0 2 1 0 1 0 2 0 1 2 2 2 0 1 0 2 2 0 2 1 1 1 0 1 1
0 2 2 0 2 2 0 1 1 2 0 2 1 2 0 1 1 0 2 0 0 1 0 0 2 0 2 1 0 0 0 0 2 2 1 2 0 0 2 1 2 2 0 1 1 0 2 1 1 2 2 1 2 0 2 1 0 1 0 1 2 0 2 2 2 0 2 2 1 1 1 0 1 2 2 1 0 2 0 1 2 2 2 1 0 2 0 1 1 0 2 1 0 2 0 0 1 0 1 2 2 2 1 2 2 0 0 2 0 1 1 2 0 1 1 2 1 2 0 2 2 1 1 0 0
2 0 2 0 2 2 0 2 0 0 2 1 0 1 1 2 0 1 0 2 0 0 1 2 0 0 2 1 2 2 0 1 1 2 2 0 2 0 0 0 0 2 2 2 2 1 1 2 1 2 2 1 2 0 2 1 1 1 0 0 2 1 2 0 1 1 1 1 2 2 2 1 1 2 1 0 1 2 1 2 0 0 2 0 1 1 1 2 0 2 1 2 1 0 2 2 2 2 1 2 1 1 1 0 1 2 2 2 2 0 2 2 1 2 1 0 1 2 1 1 2 2 1 1 0
1 1 2 0 0 2 1 2 0 0 0 2 2 0 2 0 0 2 2 2 0 0 0 1 1 1 1 1 0 0 1 2 2 0 2 0 0 2 0 1 2 0 2 2 1 2 0 1 1 2 1 0 2 2 2 1 2 0 2 2 1 1 2 1 2 2 1 0 2 1 1 2 0 1 1 1 0 1 1 0 1 2 0 2 2 0 0 1 0 1 1 2 2 1 0 2 1 0 2 0 1 2 0 2 0 1 1 2 0 2 2 1 2 0 0 2 0 2 1 1 0 0 1 0 2
2 0 0 2 0 1 2 0 2 1 1 0 0 0 1 0 0 0 1 0 2 0 0 1 2 1 2 0 0 0 2 0 0 0 0 2 2 2 2 1 2 1 2 0 2 0 1 2 1 2 2 0 0 0 1 2 2 1 2 2 2 2 0 0 2 1 2 2 1 0 0 0 1 0 2 2 0 0 1 0 0 2 0 0 2 0 1 2 2 0 0 1 1 0 0 0 2 0 1 1 1 1 2 0 2 1 0 0 2 1 1 2 0 2 1 1 0 2 0 2 0 1 2 1 2
2 0 2 0 1 0 2 0 0 0 0 2 0 2 2 2 0 2 1 0 0 2 0 0 0 0 2 2 2 1 2 2 1 1 0 0 2 0 1 0 0 1 2 1 1 2 1 2 2 2 2 0 2 1 2 2 1 1 2 1 2 1 1 2 1 2 2 0 0 1 1 1 0 1 0 2 1 1 1 1 1 2 1 0 0 0 0 2 2 1 1 2 2 0 2 0 2 1 1 2 0 0 1 1 2 1 0 1 0 0 2 2 0 0 0 1 2 1 1 1 2 2 1 0 2
1 1 1 0 0 2 1 1 0 0 0 2 1 2 0 2 1 0 2 0 0 0 0 1 1 1 2 1 1 2 0 0 0 0 0 1 2 2 0 0 0 0 0 2 0 1 1 2 1 1 2 2 2 2 0 2 2 2 0 1 2 2 1 0 2 0 1 2 0 1 0 1 0 0 0 0 2 1 0 0 0 0 2 1 0 0 0 0 1 1 1 0 0 1 0 0 1 2 0 2 1 0 0 1 1 0 2 0 0 0 0 1 1 0 2 2 1 0 0 2 2 2 2 2 0
0 1 2 0 1 2 1 2 0 0 0 2 0 1 2 0 2 1 2 0 1 2 1 1 2 1 1 2 0 2 0 1 0 0 2 2 0 2 1 1 2 0 0 0 2 0 1 1 1 0 2 0 0 1 0 2 2 1 2 1 0 0 0 1 1 1 1 2 0 0 1 0 0 2 0 0 2 2 0 1 0 2 0 1 2 0 1 2 1 1 1 0 2 0 2 1 1 0 0 1 2 2 1 2 2 2 1 2 2 1 1 0 1 1 1 0 2 0 1 0 2 2 1 1 2
1 0 0 2 1 2 1 2 1 2 1 1 0 1 0 2 0 1 0 1 2 2 0 1 0 1 0 0 1 2 0 0 0 1 2 2 1 1 1 2 1 0 1 1 2 2 0 2 0 1 1 1 0 2 2 1 0 2 2 2 2 2 2 0 1 2 0 2 1 2 0 2 2 1 1 2 1 2 1 2 0 2 0 2 1 0 0 0 1 2 2 1 2 2 2 1 2 2 1 0 1 1 0 2 1 1 1 2 0 1 2 0 0 0 0 0 1 1 0 2 1 0 1 1 0
0 0 2 0 1 0 2 1 0 2 2 2 2 2 2 0 1 1 1 2 1 1 1 0 2 1 2 0 2 1 0 0 1 1 1 0 1 2 1 0 2 1 2 1 0 0 2 2 2 1 2 1 0 1 2 0 0 2 0 2 0 0 1 2 2 0 0 1 2 2 1 2 1 1 1 2 2 1 2 1 2 1 1 2 0 0 2 0 0 0 0 0 2 2 0 1 0 0 2 0 0 1 2 2 1 1 2 0 0 1 0 2 2 1 2 0 2 0 1 2 1 0 0 0 2
