3 127 19
240816023 261676588 517160356 251064744 82476731 1147745765 779361345 614779876 975144742 667106788 122956484 884028991 103411516 716601837 161799556 149121835 215283751 109808594 700138727 284565590 1086770421 250316780 881507331 710007048 715553082 701107780 459420287 1045151899 780405549 684166625 232820119 310154248 31364328 962499805 1137660135 254066292 544302938 372803378 573704970 586425109 246342482 405779424 1128791991 159687691 95021196 1111591645 53189377 259839424 837695630 49918931 351597120 962491001 1106051340 547091515 902408809 716868979 1112922006 124035018 163502813 640457911 423250212 747739436 782243078 254586647 405876204 237765937 153645140 423435383 79853545 1120400222 443087447 421291132 451195921 1097915607 586904248 491563599 246698792 559347011 910384034 635952492 1074722448 606854192 358104585 117560252 1078478317 203396288 180885020 63506342 1159251045 418889181 1077815834 1059441080 118679934 661547848 437462243 1038109187 600017661 35874524 1015695884 812119158 818344785 684303722 375584160 1049134260 586322362 285647242 307582964 521677706 180551355 863522222 9266805 655179411 1049604913 147171056 1057397475 864530310 433681111 1075130601 284867551 366572534 167432323 834137257 75241902 464415551 917522357 735317703 1000221207
1 1 2 2 0 0 2 1 0 0 1 0 2 0 0 0 0 0 1 2 2 1 2 1 2 1 2 0 0 0 2 2 1 1 1 1 2 1 0 0 2 2 0 2 0 1 2 0 1 1 1 1 2 0 0 2 2 2 0 2 0 0 2 2 2 2 1 0 0 2 0 0 1 2 0 0 1 0 0 2 1 1 1 1 2 2 2 2 2 0 2 0 1 2 2 1 1 1 1 2 1 2 0 0 2 0 0 0 1 2 2 0 1 2 0 1 2 0 1 2 0 0 2 2 0 0 1
2 2 2 2 1 2 2 0 1 1 0 1 2 2 2 0 2 2 0 0 1 0 1 1 2 2 1 1 1 2 0 0 2 1 2 1 0 0 1 0 1 2 1 1 0 1 2 2 0 1 0 2 2 2 1 1 1 0 1 0 0 2 1 2 0 1 0 1 1 2 1 0 2 0 2 0 2 0 2 0 1 2 1 1 1 0 0 0 0 2 1 0 1 0 2 0 1 1 1 1 0 0 2 0 1 0 1 1 0 0 2 2 0 1 0 2 1 1 1 1 0 2 2 0 2 2 0
1 1 2 2 0 0 2 0 1 0 2 0 0 0 0 0 2 1 0 1 2 0 2 1 1 2 0 1 2 0 2 1 2 2 1 2 2 1 0 2 1 0 0 2 1 0 2 1 2 1 2 1 1 0 2 2 2 0 2 2 1 2 1 0 2 2 0 2 1 1 1 2 1 2 2 0 2 2 2 1 0 2 0 2 0 0 2 2 1 2 2 0 1 0 0 1 0 2 2 1 0 0 0 2 0 0 1 0 0 0 0 1 0 0 1 0 2 1 0 0 1 0 0 2 1 2 2
1 1 1 0 2 2 1 2 0 2 0 2 0 1 2 1 2 0 0 0 2 1 1 1 2 1 2 0 0 2 0 1 1 1 2 0 0 1 0 2 1 1 1 1 0 0 0 0 1 1 0 2 0 2 0 1 1 2 2 2 0 2 1 1 0 1 2 1 2 0 1 1 1 2 2 2 0 0 0 2 2 1 2 1 0 2 2 1 2 2 0 2 1 2 1 2 1 1 1 1 1 0 2 0 0 2 0 1 2 0 1 0 1 0 1 1 0 1 1 2 0 2 0 1 1 1 0
0 0 1 1 2 2 0 2 0 2 0 2 0 1 0 0 0 1 2 2 2 0 0 1 0 0 2 1 2 1 2 0 1 1 1 0 1 0 0 2 2 1 1 0 2 2 1 0 1 0 0 0 0 0 2 0 1 2 2 1 0 1 1 2 1 0 2 2 0 0 1 1 2 0 1 0 2 0 0 0 1 1 0 2 2 2 0 1 2 0 2 0 2 1 2 0 2 2 2 0 1 1 1 1 1 1 2 1 2 0 1 0 1 2 0 1 0 1 0 2 2 0 2 1 0 2 2
0 0 2 0 2 2 0 0 1 1 0 0 0 1 2 1 0 0 2 0 0 1 0 0 0 1 0 1 1 0 1 1 0 1 2 0 1 2 1 2 1 2 0 2 1 0 0 1 1 0 1 1 1 2 1 1 1 2 1 0 0 2 2 1 1 2 2 2 2 1 0 0 1 0 0 2 1 0 1 2 2 0 1 0 0 1 0 2 1 1 0 2 1 2 1 0 1 1 0 1 0 0 1 1 1 1 1 0 2 2 0 1 0 2 0 1 0 0 0 2 2 0 1 0 0 0 1
2 1 0 0 2 0 2 0 2 1 1 1 2 2 1 0 2 0 1 1 2 1 2 2 1 0 0 0 2 2 1 1 1 2 0 1 0 2 1 0 2 1 1 1 1 0 2 0 2 1 2 1 0 2 0 2 0 1 2 0 0 1 2 2 1 0 0 2 2 2 0 1 1 2 0 2 0 0 1 2 1 0 1 1 0 1 1 1 1 0 2 1 0 2 0 2 2 1 1 2 2 1 2 0 1 2 1 2 2 2 1 0 0 0 0 0 2 1 1 0 0 1 2 1 0 0 0
2 0 1 2 2 0 1 0 2 1 1 1 1 0 0 2 0 0 2 0 1 2 0 1 0 2 1 1 0 0 1 0 0 0 0 0 0 2 0 0 1 2 1 2 2 0 1 1 0 2 1 2 1 2 1 1 0 0 0 0 0 1 1 1 2 2 1 0 1 0 1 2 2 0 2 2 0 2 0 2 1 0 1 0 0 0 2 0 1 2 0 2 1 2 1 0 2 0 0 0 0 1 1 0 2 0 1 0 0 1 2 1 2 1 2 0 1 1 0 2 1 2 2 2 2 1 0
1 2 2 2 1 0 0 1 0 2 2 1 2 2 1 2 1 2 1 2 2 1 0 2 2 0 2 0 0 0 0 2 0 2 1 1 1 0 0 2 0 1 1 0 1 0 0 2 0 2 2 2 1 0 2 0 1 1 0 1 0 2 0 1 1 2 0 0 0 0 0 1 2 1 2 0 2 0 0 0 0 0 2 1 1 2 0 2 1 1 1 1 0 2 2 0 1 2 0 0 0 1 2 0 0 1 1 0 0 2 0 0 2 0 2 1 2 0 0 1 1 1 0 0 1 2 0
1 2 1 1 1 0 0 2 1 0 0 1 0 0 2 0 0 0 0 2 0 0 2 0 2 2 0 0 0 1 0 2 0 2 0 2 0 2 1 1 0 2 1 0 0 1 1 0 2 0 2 2 0 0 0 0 0 1 0 1 2 1 1 0 1 2 0 1 1 2 1 1 2 2 2 2 1 2 1 0 2 0 0 0 1 1 2 1 2 0 1 2 2 2 2 1 1 0 2 1 0 1 0 2 1 0 0 2 0 1 2 0 1 0 0 1 2 0 0 2 1 1 1 0 0 0 1
0 2 1 1 2 1 1 2 2 2 2 2 2 0 2 2 0 0 1 2 2 1 2 2 2 1 0 0 2 2 2 2 1 1 0 1 0 2 0 2 2 1 2 2 2 0 2 0 0 0 2 1 0 2 0 0 1 2 1 0 1 0 0 0 2 1 1 2 0 2 0 0 1 0 0 1 0 2 2 1 1 2 0 1 2 0 1 0 2 0 1 1 2 1 1 1 0 0 2 1 0 0 2 1 0 0 0 1 1 0 0 2 0 0 1 0 0 0 1 1 1 2 2 1 2 2 0
0 2 2 2 0 0 2 0 1 0 0 0 1 1 0 0 2 0 1 2 1 0 0 2 2 0 0 0 0 0 0 0 2 1 2 1 1 2 1 0 0 2 0 1 2 0 2 1 0 1 1 2 1 2 2 1 0 0 1 0 1 2 0 1 0 1 0 2 0 1 0 0 0 0 2 0 1 2 2 2 1 1 2 1 0 0 2 1 0 1 2 0 0 0 1 1 2 1 0 2 0 0 0 1 1 0 2 0 2 2 2 0 0 0 2 1 0 2 0 1 0 0 1 1 1 0 2
0 2 2 2 2 1 0 1 0 0 1 0 0 0 0 2 1 0 1 2 0 0 1 0 0 1 1 2 0 2 1 1 1 2 1 2 0 2 1 0 0 2 1 1 0 1 1 1 0 2 1 0 0 2 0 1 1 0 2 1 2 0 2 1 0 1 0 1 1 1 2 1 1 0 0 1 0 1 0 0 1 2 0 2 2 2 1 1 2 0 0 2 2 1 0 0 0 2 2 2 1 1 0 0 0 2 2 0 0 0 0 2 0 1 1 2 1 1 1 0 2 0 0 1 2 2 0
2 1 2 1 2 0 2 0 0 1 0 1 2 1 1 1 1 0 1 1 1 0 1 0 2 1 1 2 0 0 2 0 1 1 2 2 2 1 2 1 1 2 2 0 0 2 2 2 0 1 2 2 1 0 2 2 2 1 1 0 2 0 0 1 2 0 1 2 1 0 1 2 1 2 0 1 1 1 2 1 0 1 0 2 1 1 1 1 0 0 1 2 1 2 1 0 2 2 0 1 0 2 1 1 1 2 0 0 1 2 1 2 0 2 1 2 1 0 1 1 0 2 1 1 2 2 2
1 0 2 0 0 2 2 2 1 2 2 1 1 0 0 0 1 0 2 1 1 0 0 1 1 1 0 0 0 2 2 0 2 2 1 0 0 1 2 1 0 0 0 2 0 1 0 1 2 0 0 2 0 1 0 2 2 0 2 2 0 2 0 1 0 1 1 0 2 2 2 1 2 0 0 2 2 2 0 1 2 1 0 1 0 1 0 2 1 0 2 2 0 0 0 0 1 2 0 2 1 1 0 1 1 1 0 0 0 2 0 1 1 0 2 1 2 0 0 1 0 0 0 1 0 1 2
0 2 0 2 1 1 2 0 0 1 1 1 0 1 1 1 2 2 1 1 2 1 2 2 0 0 2 2 0 2 1 0 2 2 0 0 0 0 0 1 2 0 0 2 1 2 1 2 2 2 0 0 0 0 2 1 0 2 0 1 1 2 0 0 1 0 2 0 1 0 2 1 0 2 0 0 2 2 2 1 1 2 1 2 0 0 1 1 0 1 0 2 1 1 1 0 1 0 0 0 0 0 1 2 0 2 2 2 2 1 1 0 1 1 1 2 2 2 0 0 1 1 0 0 2 2 0
2 0 1 2 0 1 2 0 2 2 2 1 2 0 0 0 2 1 1 2 1 1 2 1 0 1 2 0 1 1 1 0 1 0 1 0 2 1 1 1 1 1 2 0 2 2 2 2 2 1 1 0 0 2 2 0 1 2 1 2 1 0 1 1 1 2 2 0 0 0 1 1 2 1 0 2 1 0 1 0 1 1 1 1 0 2 2 1 2 1 1 1 2 2 2 0 1 2 0 2 1 2 1 0 0 2 2 0 2 2 1 0 0 1 0 0 0 0 2 2 2 0 0 1 0 1 2
2 1 0 2 2 0 1 1 1 0 0 1 0 0 0 0 0 2 1 1 2 2 0 2 1 1 0 0 2 2 0 2 2 1 2 1 1 0 0 2 1 1 2 2 2 2 0 0 2 2 1 1 1 2 1 0 1 2 1 1 2 1 1 1 0 1 0 1 2 1 2 2 0 1 1 2 1 2 0 0 2 2 2 0 2 1 2 1 0 0 2 0 2 1 1 1 2 0 2 0 2 2 2 0 0 0 2 2 0 1 0 0 0 2 0 0 1 2 1 2 0 1 2 1 2 2 2
2 0 2 2 2 2 2 0 0 2 2 1 0 1 1 0 1 2 2 1 0 1 0 0 0 1 1 1 1 0 1 1 1 0 1 1 0 0 1 1 2 1 0 0 0 1 1 2 1 0 1 2 0 2 0 0 1 1 2 2 2 0 1 0 1 2 1 2 2 2 1 1 1 1 2 1 0 1 0 2 2 2 2 2 2 2 2 1 1 1 1 0 2 2 2 1 1 0 0 0 1 1 2 2 0 0 1 0 2 2 2 1 0 2 1 0 2 1 1 1 1 2 2 0 2 2 2
0 0 2 1 1 1 1 1 2 1 0 0 0 2 0 0 2 0 1 2 0 2 1 2 0 0 2 2 2 2 1 0 0 2 2 2 1 1 1 1 2 1 2 1 1 0 2 2 1 0 2 2 0 1 1 2 2 2 2 0 2 0 1 0 0 1 0 2 2 1 1 2 0 1 1 1 1 0 0 0 1 0 2 0 2 2 2 1 2 2 2 1 2 1 2 1 2 2 1 1 0 0 1 1 1 0 2 2 0 1 0 0 2 0 0 2 0 0 1 2 2 1 1 2 2 0 1
2 2 2 1 0 2 2 1 1 2 1 1 1 0 2 2 2 0 0 2 0 0 1 2 0 2 1 0 2 1 2 1 1 2 2 2 2 2 1 0 2 0 2 1 1 0 1 2 0 1 1 1 1 2 1 2 1 0 2 0 2 2 2 1 2 1 1 2 1 0 0 1 0 1 0 1 1 1 0 1 0 2 2 1 2 2 1 1 2 1 2 2 1 2 1 0 1 0 2 0 0 0 2 1 1 2 2 2 1 1 1 1 1 1 0 0 0 1 2 0 0 0 0 2 0 1 2
1 2 2 0 2 2 2 0 1 2 1 1 1 2 2 0 1 1 1 2 2 1 0 0 1 0 1 0 0 2 0 2 2 0 2 2 2 2 0 1 2 1 0 1 1 0 2 0 2 1 0 2 2 0 2 1 1 0 2 1 0 2 2 0 2 2 0 2 1 1 2 1 2 0 1 1 1 0 2 1 1 2 0 1 0 0 2 1 0 1 1 1 1 0 2 1 2 0 2 2 1 1 1 1 2 2 0 0 0 2 2 2 1 2 1 1 0 1 0 1 1 2 0 2 2 0 1
2 0 0 2 2 2 1 0 2 1 0 0 2 2 0 0 1 2 1 0 1 0 1 2 1 0 2 2 0 0 0 0 1 1 0 0 1 2 1 0 0 2 0 1 2 0 1 1 1 0 1 2 0 0 2 0 1 0 2 1 0 2 1 2 1 1 0 2 1 2 0 2 2 1 0 2 0 1 1 1 2 0 1 2 0 1 2 1 1 1 0 2 1 1 2 0 1 2 0 2 2 0 2 2 0 0 2 0 2 0 2 1 0 1 1 1 2 1 2 1 1 0 1 2 2 0 1
0 0 1 1 0 2 1 0 0 2 2 0 2 0 2 1 0 0 0 2 0 2 2 1 0 2 2 1 1 0 2 0 1 0 2 2 0 0 2 0 0 2 0 0 2 0 2 0 1 2 2 2 1 2 0 0 1 1 1 2 2 0 2 0 1 2 0 0 0 0 0 0 2 2 1 2 2 0 0 1 0 0 1 0 2 1 0 0 0 1 1 0 2 1 1 1 1 2 1 1 2 2 2 0 2 2 2 2 2 0 1 1 0 2 1 0 2 1 1 2 0 2 2 0 1 2 1
2 2 0 1 1 0 1 2 0 0 2 2 1 0 2 2 1 1 0 2 0 2 1 1 0 1 0 0 0 0 2 0 2 2 1 2 0 0 1 0 1 0 1 2 1 0 2 0 1 2 0 0 2 1 1 0 1 2 0 1 0 0 2 2 0 1 2 2 2 1 2 1 2 0 1 1 0 1 2 0 1 2 0 2 2 1 2 1 1 0 2 1 1 2 2 2 2 1 1 1 0 2 0 0 0 2 2 1 1 1 2 2 1 0 1 1 2 2 2 0 0 0 0 2 2 2 1
1 1 1 1 2 0 1 0 0 1 2 2 0 0 1 1 2 1 0 1 1 2 0 2 2 0 2 1 1 2 1 0 0 2 1 0 2 1 0 0 0 2 0 1 0 2 0 0 2 0 1 0 0 2 0 0 1 2 2 2 1 0 0 0 0 2 0 0 1 2 0 1 2 1 0 0 2 1 1 2 2 2 0 0 2 1 0 1 0 2 1 0 0 2 0 1 2 1 1 0 0 2 2 1 1 1 1 0 2 2 2 1 2 1 1 2 2 2 1 2 2 2 0 1 1 0 2
0 0 2 0 1 1 1 2 0 2 0 1 1 0 1 1 2 0 0 2 2 0 0 0 1 2 0 2 2 1 2 2 2 1 1 0 0 2 0 1 1 1 0 0 2 2 2 2 0 0 1 0 1 2 0 2 0 1 2 2 0 2 1 2 1 0 2 0 2 0 2 1 2 2 0 2 2 0 1 0 0 0 1 0 0 1 2 0 0 2 0 0 2 0 0 0 0 1 1 1 1 0 2 1 0 0 0 0 1 2 1 2 0 0 2 0 2 2 1 0 2 2 1 1 2 2 2
0 0 1 1 2 2 1 0 0 2 2 1 1 1 2 0 1 0 1 1 0 1 0 0 0 0 2 2 2 0 1 0 0 0 1 0 0 1 2 1 0 1 2 2 2 2 2 0 2 0 2 0 2 1 2 2 1 1 1 1 1 1 2 0 2 1 0 2 2 2 1 0 1 0 2 0 0 0 1 0 1 2 1 1 0 0 0 1 2 0 0 2 1 2 0 0 1 0 1 1 1 2 2 2 1 1 1 1 2 0 1 1 0 0 2 0 1 0 2 2 0 0 1 2 0 1 1
1 2 0 0 1 2 0 2 0 2 0 2 2 1 2 0 2 0 0 0 2 1 0 1 2 1 0 2 1 2 0 0 2 0 1 1 1 2 0 2 1 1 0 0 0 2 1 2 0 2 1 2 1 1 1 1 2 2 0 0 1 2 1 1 0 0 0 2 2 0 2 2 2 0 2 2 2 2 0 0 1 1 0 0 0 2 1 2 2 0 0 1 0 0 0 0 1 0 1 2 1 0 1 0 0 0 1 0 0 1 0 0 0 1 0 0 2 0 0 1 0 1 0 0 2 1 1
1 1 2 0 1 0 1 1 1 2 0 1 1 2 0 1 2 2 1 0 1 1 0 0 2 0 1 0 2 2 2 0 1 2 1 2 0 0 2 1 0 2 1 1 0 2 0 2 1 2 1 1 2 2 1 1 2 2 2 2 2 2 0 2 1 0 1 2 0 1 2 0 2 0 2 2 2 0 2 1 0 0 2 2 1 1 0 0 1 0 0 1 0 2 0 0 2 2 2 2 2 1 1 1 2 1 1 2 2 0 1 2 2 1 2 0 0 0 1 2 2 0 1 2 2 2 2
2 2 0 2 1 2 1 2 2 0 1 2 0 0 1 0 2 0 2 0 0 0 2 0 2 2 2 2 2 1 2 2 2 2 2 0 2 0 1 2 1 2 1 2 2 0 2 2 1 2 0 2 0 1 0 2 1 0 2 1 0 0 1 2 2 0 0 2 2 1 2 1 2 1 1 2 2 1 0 0 1 0 0 2 1 1 2 0 2 2 2 2 2 0 1 2 2 1 0 2 1 2 0 1 1 2 0 0 1 0 1 0 2 0 2 1 1 1 2 0 1 1 0 1 0 2 2
0 2 2 2 1 2 0 2 1 1 0 2 2 1 2 2 1 2 2 2 1 0 2 0 0 1 0 2 2 1 1 2 0 1 2 1 1 1 1 0 2 1 0 2 0 2 1 1 2 1 2 1 2 2 1 2 0 2 0 1 0 1 0 1 1 1 0 2 2 1 0 2 0 0 1 1 1 0 0 0 1 0 1 0 2 0 1 0 1 1 1 1 0 0 0 1 1 1 1 1 0 1 0 1 0 1 2 1 2 0 1 0 0 1 1 0 2 2 1 0 1 0 2 2 0 0 0
2 1 2 0 2 1 0 1 1 2 2 2 1 2 2 2 1 0 1 2 0 1 1 1 0 2 0 0 2 1 0 2 0 0 0 1 0 2 2 1 1 1 2 1 2 2 0 1 0 2 0 0 1 2 1 2 2 2 2 2 0 0 2 2 1 0 0 2 2 0 1 0 0 0 2 0 0 0 1 0 2 2 1 1 2 2 0 1 2 2 1 0 1 0 2 0 0 0 2 2 2 0 1 2 2 0 2 2 1 1 0 2 0 1 0 0 1 2 2 1 2 0 2 0 1 2 0
1 0 2 2 0 1 1 2 0 1 2 2 1 1 0 0 2 2 0 0 2 2 0 0 2 0 2 2 1 0 1 1 0 0 1 1 1 2 1 2 1 0 0 2 2 0 2 1 1 1 2 0 0 2 0 0 0 1 1 0 1 2 1 2 0 2 0 2 1 1 2 2 2 2 0 1 1 2 0 2 0 0 2 2 0 0 2 1 1 1 1 0 0 0 2 1 2 2 1 1 1 0 1 0 0 1 2 1 2 1 1 0 1 1 2 2 1 0 0 1 1 2 1 0 2 1 2
2 1 0 1 0 1 2 1 2 2 2 1 1 0 2 2 1 0 0 1 2 0 2 1 2 1 2 0 1 0 2 1 0 0 2 0 2 2 2 1 2 1 0 1 2 2 0 2 1 0 0 1 1 0 2 2 2 1 2 2 0 0 0 0 0 0 1 2 0 0 2 2 0 2 0 2 2 0 2 1 2 0 2 0 1 1 2 1 0 0 0 0 0 2 1 0 2 2 1 0 2 0 2 0 0 0 1 0 1 0 2 0 1 2 1 0 1 1 2 2 2 0 2 2 2 0 1
2 0 0 2 2 1 1 1 2 2 2 2 1 2 2 1 2 2 0 2 0 0 1 0 2 2 0 0 2 0 2 2 1 2 2 0 1 1 1 0 1 1 0 2 1 0 1 0 0 2 0 1 2 2 1 0 2 1 0 1 2 0 1 0 0 1 1 1 0 1 1 1 2 2 1 1 0 0 1 0 2 0 1 0 2 0 0 2 1 1 1 1 1 0 1 1 2 1 0 0 2 2 1 1 1 0 0 2 1 2 2 2 2 2 2 2 0 0 1 2 1 0 1 0 1 1 2
1 2 2 1 2 1 2 0 0 1 1 2 2 2 0 2 2 2 1 2 0 2 1 2 1 2 2 1 1 0 1 2 0 0 0 2 2 1 0 0 2 2 2 2 2 0 2 1 0 1 0 1 2 2 1 0 2 0 0 1 0 1 0 1 2 1 0 2 0 1 2 0 1 0 0 0 0 0 1 2 2 0 0 2 0 1 2 2 2 2 0 0 2 2 0 2 1 0 1 1 2 1 1 0 2 1 1 0 2 0 2 2 0 2 2 0 1 1 0 1 2 1 2 1 0 2 0
1 1 2 0 0 0 2 2 0 0 0 1 0 0 0 0 1 0 2 2 2 2 0 1 2 2 0 0 0 1 1 2 2 0 2 2 2 1 1 2 2 0 0 1 1 2 2 0 2 2 0 2 2 1 0 1 1 1 2 1 2 0 1 2 1 1 0 1 0 2 1 1 2 2 2 1 1 1 1 1 1 2 1 1 1 2 2 2 1 1 2 1 2 0 1 2 0 2 0 0 1 2 1 1 0 0 2 1 0 1 1 2 0 2 1 2 0 1 0 1 0 2 0 0 0 2 0
0 1 1 1 0 1 0 1 1 1 0 1 2 2 2 2 2 2 0 0 0 2 0 1 0 2 0 1 0 2 2 1 1 1 0 1 2 0 0 2 2 1 0 1 0 0 1 0 0 2 0 1 1 1 0 2 0 0 1 2 0 1 0 2 2 0 1 2 0 1 1 0 0 2 2 0 2 1 1 1 1 0 2 0 1 0 1 0 1 0 2 2 1 2 2 1 0 0 0 1 2 0 2 2 2 0 2 0 1 1 1 0 1 1 2 1 1 0 1 0 0 0 0 2 0 2 0
1 2 0 0 2 1 0 1 1 0 1 2 2 0 0 0 1 2 0 2 1 1 1 2 2 2 0 1 0 0 1 2 0 2 0 0 1 0 1 0 1 0 0 1 1 1 2 0 0 2 1 1 0 2 1 2 2 2 0 0 0 2 0 1 0 0 1 2 1 1 0 0 2 0 1 0 1 1 0 1 0 1 0 2 2 0 1 2 2 0 2 0 0 0 1 0 0 1 0 2 2 0 2 1 0 1 2 1 2 0 0 0 0 2 2 2 2 2 2 2 0 2 2 1 0 1 0
1 2 0 1 1 1 1 0 2 2 0 2 2 1 0 1 2 2 1 2 1 1 1 1 2 0 0 1 1 2 1 0 2 2 2 2 1 0 2 1 1 1 1 1 0 1 2 2 1 1 1 0 2 0 2 2 1 0 1 0 0 2 1 0 1 0 2 1 1 2 2 2 0 0 1 1 1 1 0 0 2 2 1 0 2 1 2 1 1 0 2 0 0 0 0 2 1 0 0 2 0 2 0 2 0 2 0 0 0 2 0 1 1 2 1 2 1 1 1 1 1 0 1 2 1 2 1
2 2 0 2 2 2 0 2 1 0 0 1 1 2 2 0 1 0 1 0 1 2 1 2 1 2 1 0 1 0 2 0 0 2 1 1 0 2 0 2 0 0 0 2 0 0 2 2 0 1 2 0 1 2 0 2 2 2 0 1 0 0 2 1 0 1 2 1 1 0 0 1 2 1 1 2 1 1 2 0 2 2 0 0 2 1 0 1 0 1 0 1 1 0 2 2 1 2 1 2 0 1 1 2 2 0 0 2 1 2 2 1 2 0 2 1 1 0 1 0 1 2 1 1 2 1 1
2 1 0 2 1 1 2 2 2 2 0 1 2 2 1 0 2 2 1 1 1 1 0 1 1 0 0 0 0 1 2 2 0 2 2 0 2 1 0 2 1 0 1 0 2 2 2 2 2 1 2 0 0 0 0 2 0 0 2 2 0 2 1 0 2 1 1 2 0 1 1 0 1 2 1 2 2 0 1 1 2 1 0 0 2 0 2 0 0 0 2 0 0 2 2 0 1 1 0 2 0 1 0 2 2 1 1 1 2 1 1 2 2 1 0 2 1 0 0 2 1 0 1 2 0 1 2
2 2 2 2 2 2 2 0 1 0 1 2 0 0 0 1 1 2 1 0 0 1 1 1 0 0 2 2 0 0 2 2 0 1 2 0 0 2 1 1 0 2 2 1 1 0 2 2 0 1 0 1 0 0 2 1 0 1 1 1 2 0 2 0 0 1 1 1 1 2 1 2 2 1 1 1 1 1 1 1 0 2 0 1 0 2 0 1 2 2 2 2 0 1 0 0 1 2 0 0 1 2 2 2 0 0 1 1 2 0 0 0 0 1 2 0 1 2 1 0 2 1 1 0 1 1 1
2 1 1 2 0 1 1 0 1 2 2 0 0 2 1 1 2 2 0 0 0 1 2 2 0 1 0 1 2 2 0 1 0 2 0 2 1 2 0 2 0 2 0 1 2 1 2 2 0 1 0 1 2 2 1 0 1 1 2 1 0 2 0 2 2 1 2 1 1 2 1 2 0 1 0 0 0 2 0 1 0 1 0 0 1 1 1 0 2 0 1 1 0 2 1 0 1 0 2 0 0 1 2 1 0 2 2 1 2 0 0 1 1 0 2 0 2 0 1 2 1 1 1 2 0 2 1
2 0 0 2 2 2 1 0 2 1 0 1 2 0 2 0 0 2 2 0 2 1 0 0 0 1 2 1 2 0 2 2 0 0 1 0 2 0 1 2 2 1 0 1 0 2 1 0 0 2 1 0 1 1 1 2 2 1 0 2 1 0 2 2 0 0 0 0 1 2 0 1 1 0 0 1 1 0 2 2 2 1 2 1 2 2 0 0 0 2 0 2 2 2 1 1 0 2 1 2 1 1 1 0 0 1 1 1 1 2 0 1 0 0 0 0 0 2 0 0 1 1 0 1 1 2 2
2 1 1 2 1 2 1 1 2 0 0 1 0 2 2 2 2 1 0 0 1 0 1 0 2 1 0 0 2 0 0 2 0 2 2 1 2 0 2 0 2 2 1 2 2 1 1 2 0 2 0 1 0 0 2 2 1 1 0 1 1 1 2 2 0 1 0 0 0 0 0 2 1 2 2 0 1 1 0 2 2 2 1 2 2 1 2 1 2 2 0 1 1 2 1 1 2 2 1 0 0 0 0 1 2 2 2 1 1 0 0 0 2 1 0 2 0 2 0 2 2 2 2 0 2 1 2
1 1 1 2 2 1 2 0 1 2 0 2 1 1 0 2 1 2 0 1 2 2 2 0 2 1 0 0 1 1 2 0 0 1 0 0 0 0 1 2 1 2 1 0 1 2 2 0 2 0 1 1 0 1 2 1 0 2 1 1 1 1 2 2 0 0 0 0 0 1 2 1 1 2 1 2 1 2 0 1 2 2 0 0 1 0 1 2 0 0 1 2 2 1 2 2 1 2 2 0 1 0 2 0 2 1 2 1 1 0 2 1 1 2 1 2 0 1 2 1 1 1 1 0 2 1 2
2 1 2 2 2 2 1 2 1 0 0 2 1 0 2 2 2 2 2 0 2 0 2 1 1 1 2 2 1 1 2 1 2 1 0 2 2 1 1 0 0 1 1 1 0 0 2 2 0 1 0 1 1 0 0 0 1 1 2 0 2 1 1 2 0 2 1 2 1 0 1 1 0 0 0 0 1 2 0 0 0 1 1 2 2 1 2 1 0 1 0 0 0 2 2 1 2 1 1 1 1 2 0 1 0 0 2 2 1 0 2 2 2 1 2 1 0 1 0 1 0 0 1 1 0 1 2
0 2 1 1 0 1 1 0 2 2 2 1 0 0 1 1 2 0 0 1 0 1 2 2 2 0 0 1 0 2 1 1 1 2 2 0 2 1 0 1 1 2 0 2 0 1 0 0 1 1 2 2 1 2 2 0 2 0 2 1 0 2 2 1 1 0 1 0 1 2 2 0 2 2 0 0 0 1 0 2 0 2 2 1 2 1 2 2 2 0 1 2 2 0 1 1 0 0 0 0 0 2 0 0 0 0 0 1 0 0 1 1 1 1 2 0 0 2 0 2 0 1 2 0 0 1 2
1 2 0 1 2 0 2 2 0 0 0 2 0 1 1 1 0 2 1 0 0 2 1 2 2 0 2 0 0 1 0 2 1 0 0 1 0 2 2 2 0 2 1 1 1 2 1 1 2 2 2 0 2 1 0 2 1 1 0 2 2 0 1 1 1 2 0 1 2 0 0 0 2 2 2 1 2 0 2 2 1 2 2 0 1 0 0 1 1 0 0 1 1 2 0 2 1 1 1 1 1 2 2 0 0 0 2 2 0 0 2 2 0 2 0 2 2 0 0 1 2 1 0 0 1 0 0
0 1 2 0 0 2 2 0 2 0 0 0 2 1 0 1 1 2 2 0 2 1 1 1 0 0 1 1 1 2 2 2 1 1 2 1 2 2 2 2 0 0 2 2 2 2 1 0 2 1 2 2 2 1 0 0 2 0 1 0 2 2 0 2 0 2 0 0 0 0 0 0 0 2 0 0 0 1 1 2 0 1 2 0 2 0 1 1 0 1 2 1 0 0 0 1 0 0 2 0 1 2 1 2 2 2 1 2 1 2 1 2 0 1 0 2 2 2 2 0 0 2 2 0 2 2 1
2 1 1 0 0 0 2 0 0 1 1 2 0 1 2 0 1 0 0 2 0 0 1 2 0 0 1 1 0 1 1 1 0 2 1 0 0 1 1 1 0 0 0 1 2 0 1 2 2 0 1 2 0 0 1 2 1 1 0 1 2 1 2 0 1 2 1 2 1 2 0 1 0 1 1 0 2 2 2 2 2 1 2 1 1 2 0 0 0 1 1 0 0 2 0 2 2 1 2 0 1 0 2 2 1 0 0 1 1 2 1 1 1 1 2 2 0 0 0 0 2 2 0 0 1 1 2
0 2 2 1 0 2 2 0 1 2 0 0 0 0 2 2 1 0 2 1 0 0 1 1 2 1 2 0 0 0 0 2 0 2 0 2 2 0 2 0 0 1 1 1 1 1 1 0 1 1 2 0 2 1 1 2 0 1 2 0 2 2 2 0 2 1 0 1 1 2 1 2 1 1 1 0 2 0 1 0 1 0 1 1 1 0 0 1 2 0 0 1 2 0 2 2 2 2 0 1 0 0 1 1 1 0 2 0 1 0 1 2 2 0 2 0 1 2 0 0 0 1 2 0 1 0 0
1 0 0 0 0 1 1 0 2 0 0 2 1 1 2 1 1 2 0 1 1 0 2 2 1 0 2 1 0 2 2 1 0 1 2 1 2 0 2 2 0 0 2 2 2 1 1 0 1 1 2 2 2 0 1 0 1 1 0 1 1 0 2 2 1 2 2 1 0 1 1 1 2 0 1 2 2 0 0 1 1 1 1 1 1 0 2 2 2 0 2 1 1 2 1 2 2 0 1 0 0 0 2 0 1 1 1 1 1 1 2 0 2 1 2 1 2 2 2 2 0 1 1 2 1 0 2
0 1 1 0 1 2 0 0 0 1 1 2 1 0 2 1 0 1 1 2 1 1 1 1 1 0 2 1 0 0 1 0 2 0 2 1 2 0 1 0 2 0 0 0 1 2 2 2 2 1 1 0 0 1 1 2 2 2 1 2 2 2 0 2 2 0 1 1 0 0 2 0 1 0 1 2 0 0 1 2 0 0 1 0 1 2 2 1 1 0 1 2 0 1 1 0 2 2 0 2 1 0 0 2 0 2 2 2 0 0 2 0 0 0 0 0 1 1 2 0 2 0 2 0 0 1 0
2 1 0 0 2 2 1 1 2 0 0 2 0 1 0 1 0 1 2 1 2 0 0 0 0 0 2 1 0 1 1 0 0 0 1 2 2 2 2 2 2 0 0 2 0 0 1 0 2 2 1 2 2 2 2 0 2 2 1 1 1 1 2 2 2 0 1 1 2 1 1 1 0 1 1 0 2 1 1 2 0 0 2 0 2 2 1 1 1 0 0 2 1 2 1 1 2 1 2 1 0 2 2 0 1 2 1 2 0 2 1 1 2 1 1 1 0 0 1 1 2 1 2 1 2 1 0
1 0 2 0 1 2 0 2 1 2 1 0 0 0 2 1 1 0 1 0 1 1 2 2 0 1 2 2 1 1 2 2 1 2 0 0 2 1 0 1 1 1 1 2 2 1 1 0 2 2 1 0 1 0 2 2 2 2 2 0 1 2 1 0 0 1 1 0 2 2 1 1 0 0 1 0 1 2 1 0 2 2 0 1 0 0 0 0 0 1 1 1 0 2 0 0 1 1 0 1 1 2 2 2 2 0 2 0 1 0 0 0 0 1 1 2 2 2 0 0 0 1 2 2 2 0 0
1 2 1 2 0 0 2 2 0 0 1 1 1 0 0 2 1 2 1 0 1 1 1 0 2 0 2 1 0 0 2 1 2 1 0 2 2 0 2 0 2 1 0 1 1 0 1 1 2 2 2 2 1 1 2 1 2 2 0 2 2 0 0 1 2 1 1 0 2 0 0 1 1 0 2 1 1 1 2 2 2 2 1 0 0 1 2 2 0 1 2 0 2 0 1 0 2 2 0 2 0 1 1 1 0 1 0 1 1 0 0 0 0 2 1 1 0 1 2 0 0 1 0 2 0 2 2
0 2 0 0 2 2 1 2 2 0 0 1 1 1 2 2 2 1 1 0 2 0 0 0 0 2 1 0 0 1 1 0 1 1 0 0 1 2 0 0 0 1 2 2 0 2 1 2 1 0 0 0 0 1 1 0 1 0 2 1 1 0 2 2 2 0 1 1 2 2 2 2 1 2 2 1 1 2 1 0 2 2 1 0 0 0 1 2 1 0 0 0 0 0 0 1 0 2 2 0 0 2 2 1 2 0 0 1 0 2 2 2 1 1 0 2 2 2 1 1 2 2 2 1 2 2 0
0 0 0 0 0 2 1 1 2 1 2 1 1 2 0 1 1 2 2 2 2 2 1 1 2 2 0 1 1 0 1 2 0 1 0 1 2 1 1 1 2 0 0 1 0 2 1 0 2 1 2 2 1 1 0 0 0 0 2 2 1 1 2 2 1 2 1 1 2 2 0 2 0 1 1 2 1 0 2 0 1 2 0 2 0 0 0 1 2 0 1 1 2 1 0 1 1 2 2 0 1 2 0 0 1 2 2 2 2 1 0 1 0 1 1 0 1 1 2 0 2 0 2 2 1 0 1
0 2 0 0 2 0 0 2 0 0 1 2 2 0 0 0 1 1 1 2 1 0 2 2 0 2 2 0 2 2 1 2 2 2 0 1 0 2 1 0 2 0 0 2 0 1 0 1 0 2 1 1 0 0 0 1 0 0 1 2 2 0 2 0 2 0 2 2 2 1 1 2 1 2 1 0 0 0 1 0 0 0 2 1 0 1 2 2 1 1 1 2 1 1 0 1 2 2 1 1 1 2 1 0 1 0 1 2 0 2 0 1 1 1 2 2 2 1 1 1 0 1 1 1 2 1 0
2 1 1 1 0 1 2 1 0 0 2 0 1 0 1 2 1 0 1 0 2 2 2 1 0 0 1 2 0 2 2 2 1 1 0 2 0 0 0 1 1 0 2 2 1 1 2 2 1 0 2 1 1 2 2 1 0 0 1 0 1 1 0 2 0 1 2 1 2 1 0 1 2 2 0 0 1 2 2 2 1 2 0 2 2 0 1 2 2 2 1 1 1 2 0 2 2 1 1 2 2 1 0 1 1 0 1 2 1 1 2 2 0 0 1 0 0 2 0 0 0 2 1 2 1 0 1
1 1 2 0 1 0 0 0 2 2 2 2 0 0 1 2 1 1 0 2 0 0 0 1 0 0 0 2 2 1 2 1 0 1 1 1 0 0 1 2 2 0 0 2 1 1 1 0 1 1 2 2 2 0 0 0 0 1 0 0 2 2 1 2 2 2 0 2 0 2 2 2 0 2 1 2 2 2 0 1 1 2 1 1 0 1 2 1 0 2 1 0 0 2 0 2 0 1 2 1 2 1 1 2 2 2 2 2 0 0 1 2 2 2 1 0 0 1 0 1 1 1 2 2 2 0 1
0 1 1 1 0 2 2 1 2 0 1 2 1 1 0 1 1 2 0 0 0 1 0 2 0 2 2 0 1 2 2 2 2 0 1 0 1 1 1 0 1 2 1 0 1 1 2 0 1 0 1 2 1 2 1 0 1 2 0 1 1 0 0 0 1 1 1 2 0 0 1 2 1 2 0 2 0 0 0 2 0 1 1 2 0 1 0 0 0 1 1 2 2 1 0 0 0 2 1 1 2 2 1 0 2 1 1 2 1 1 0 2 1 1 2 1 0 2 1 1 1 0 1 1 2 1 2
0 1 1 1 0 0 2 2 2 2 0 2 1 1 0 1 2 2 1 2 0 0 1 2 0 2 0 1 1 2 1 1 0 2 0 1 0 0 0 0 2 0 1 1 0 1 0 0 1 1 2 2 2 2 2 0 1 2 2 0 2 0 2 2 1 0 1 1 0 2 0 0 0 1 2 0 2 0 2 1 2 1 1 1 0 0 2 2 2 2 0 2 0 2 2 1 2 0 1 0 0 1 1 1 2 1 2 1 1 1 0 1 1 1 2 2 1 2 2 1 2 2 1 0 0 0 1
0 1 2 0 1 0 2 0 0 1 0 0 0 2 0 1 0 0 2 1 2 1 0 2 2 0 0 2 0 1 1 1 2 2 2 1 0 0 2 1 1 0 1 2 0 2 0 2 2 2 0 2 2 0 1 1 1 1 1 2 2 0 1 2 2 1 1 0 1 1 2 0 1 0 0 2 2 0 1 0 1 1 2 1 1 1 2 0 0 1 0 0 1 2 0 2 0 2 2 2 0 1 0 2 2 0 0 2 1 1 0 0 0 2 1 2 1 1 2 2 0 0 0 2 2 0 1
0 1 1 0 2 0 0 0 0 1 0 2 0 1 1 1 1 0 0 1 0 2 1 2 2 0 2 2 2 0 1 0 1 2 0 1 0 1 2 0 2 2 1 1 0 2 0 0 0 0 1 0 0 0 2 1 0 2 0 1 0 0 1 2 2 2 1 1 0 0 1 1 2 2 0 1 1 0 1 0 0 0 0 2 0 1 0 2 1 1 0 2 1 1 2 2 1 1 0 0 2 1 1 2 2 1 1 1 1 2 1 2 2 0 1 1 1 2 0 2 1 1 0 0 2 2 0
1 0 0 1 0 0 0 1 0 2 2 1 1 0 1 1 2 1 0 1 0 0 2 0 2 0 0 0 1 2 0 2 1 2 1 2 2 2 1 2 1 1 1 0 1 2 1 1 0 2 1 1 0 0 2 2 2 2 2 0 0 1 0 2 0 1 1 0 1 0 0 2 2 2 0 0 2 1 2 0 1 0 2 1 1 1 1 0 1 2 0 1 0 0 0 1 2 2 2 0 0 0 0 2 2 0 0 2 2 2 1 0 0 0 2 1 2 1 2 0 0 0 2 0 0 0 2
0 0 2 1 0 2 1 0 1 2 0 2 1 1 0 0 1 1 2 0 0 0 0 1 1 0 1 1 0 2 1 1 0 0 2 1 2 1 2 2 0 1 2 2 2 2 0 1 0 0 2 1 1 2 0 0 2 2 2 0 2 1 1 2 2 0 1 2 2 2 2 2 0 1 2 0 1 0 1 1 1 0 0 2 2 0 2 2 0 2 2 0 1 0 1 0 1 2 0 0 1 0 0 2 1 0 2 0 0 0 2 1 1 2 1 1 1 1 0 2 1 2 0 2 0 2 1
2 1 1 0 1 2 0 1 1 2 1 2 2 2 1 2 2 2 1 0 1 2 1 0 2 1 1 1 0 0 2 2 0 2 1 2 2 2 0 1 1 2 1 1 0 1 1 2 0 2 0 1 2 2 2 1 1 1 1 2 2 1 1 2 0 0 2 0 0 0 2 1 0 0 0 0 1 1 0 2 1 1 1 2 0 1 1 2 0 2 1 2 1 1 0 2 1 2 1 1 0 0 0 1 0 1 2 0 0 0 2 2 2 1 1 2 0 1 2 0 0 1 0 2 2 1 0
2 2 1 1 2 1 1 1 2 1 2 0 2 2 0 1 1 2 1 1 2 2 1 0 0 0 1 0 0 0 1 0 0 2 2 2 1 1 2 1 2 1 2 1 1 2 0 2 1 2 0 1 1 0 1 1 0 0 2 1 0 0 2 0 0 1 1 1 2 1 1 2 2 0 0 1 0 1 0 2 0 1 0 2 1 2 2 2 2 2 2 1 0 1 2 1 0 0 1 2 2 2 2 1 2 1 2 2 2 0 1 1 0 1 1 2 1 0 0 0 0 2 1 1 0 1 0
0 2 1 0 2 0 0 1 2 1 2 2 1 0 0 0 0 2 2 1 1 0 1 2 1 0 1 0 0 0 1 1 1 2 1 0 1 2 2 0 0 2 1 0 0 2 0 1 2 0 2 0 2 0 0 0 0 2 2 1 0 0 0 1 0 0 2 1 2 2 0 1 1 1 1 2 0 2 1 0 1 1 1 0 2 2 1 0 2 1 0 0 1 0 2 0 1 2 1 1 1 1 2 0 2 1 0 1 0 2 1 2 0 0 0 0 0 2 2 0 1 2 0 0 0 0 0
2 0 2 1 2 1 0 2 1 2 0 2 0 0 2 0 1 2 0 2 0 0 1 1 2 1 2 0 0 0 1 0 0 0 1 2 1 2 0 1 1 1 0 1 2 2 2 1 0 0 0 0 1 0 2 0 2 2 0 2 2 2 0 0 0 2 0 1 1 0 0 0 2 1 0 1 1 2 0 2 0 1 1 0 1 0 0 2 2 2 1 2 1 0 0 1 2 0 1 2 2 1 2 1 0 0 0 0 1 0 2 2 2 0 2 1 2 0 0 1 0 2 1 2 0 2 2
0 0 1 2 0 0 2 1 1 0 2 2 1 0 2 1 2 1 1 1 0 2 2 2 2 0 1 2 0 1 1 0 2 0 2 2 1 2 1 0 0 0 2 2 0 2 0 0 0 1 2 0 1 2 1 1 2 0 1 2 1 0 0 1 1 0 0 0 0 2 0 1 2 0 0 1 2 2 2 1 1 1 2 0 1 0 1 0 0 2 1 2 1 2 1 0 2 1 0 1 1 1 2 2 1 1 0 1 1 0 0 2 2 0 0 1 1 2 2 2 2 0 2 1 2 0 1
0 2 1 2 1 2 2 0 1 0 1 1 2 1 1 2 0 2 0 2 1 2 2 1 0 0 1 1 1 1 0 2 1 2 1 2 0 0 0 2 2 1 1 1 0 1 1 2 0 2 1 2 2 1 1 2 2 2 2 0 1 0 0 0 0 1 0 0 1 1 1 1 0 2 0 1 0 2 0 2 1 2 2 2 1 1 1 1 1 1 2 0 1 2 1 2 0 1 0 2 0 1 1 1 2 2 0 0 1 0 2 1 0 2 0 1 1 2 2 2 1 2 0 0 1 1 0
1 1 2 2 2 1 0 1 0 0 1 1 2 2 1 1 0 0 1 1 2 2 2 2 1 1 2 1 0 2 0 2 0 2 1 0 0 2 2 2 0 0 1 0 0 2 1 0 1 1 2 0 1 1 2 2 1 0 1 2 2 2 1 0 1 1 0 0 1 2 0 2 1 1 0 1 0 2 2 1 1 1 2 2 1 2 2 0 2 1 2 2 1 1 2 0 2 1 1 1 0 2 0 2 0 1 0 1 0 0 1 2 0 0 1 1 0 1 2 0 0 1 0 1 2 0 2
0 1 1 1 2 0 2 2 1 0 0 1 0 1 2 0 2 0 0 1 0 2 0 1 2 1 2 1 1 0 2 1 1 0 0 1 2 2 1 1 0 2 2 2 1 1 2 0 2 2 2 0 1 2 2 1 1 1 1 2 1 0 2 0 1 2 0 1 2 1 1 2 1 0 1 0 0 2 1 2 2 0 0 1 2 0 0 0 1 1 1 1 2 0 1 1 2 1 0 2 1 1 0 2 2 2 0 0 1 1 2 2 2 1 0 2 1 1 1 0 0 2 1 2 0 1 1
0 0 2 1 1 0 1 2 0 1 2 0 1 1 1 0 1 2 1 2 1 2 0 1 2 0 0 0 1 2 1 1 2 1 2 2 0 1 1 0 1 0 2 2 2 1 0 2 1 1 1 2 0 1 0 1 2 1 1 0 0 0 1 1 2 2 0 0 1 1 0 2 2 0 2 2 1 2 1 2 1 2 2 2 1 1 1 0 0 2 0 2 0 2 0 0 2 1 0 1 0 2 1 2 2 1 2 1 2 1 1 0 1 2 0 0 0 1 0 1 1 1 0 2 1 1 0
1 2 1 2 2 0 1 2 2 0 0 1 0 1 1 0 0 0 1 0 1 2 1 2 1 0 0 1 2 2 1 0 2 2 2 2 0 1 0 1 2 1 2 2 0 1 0 0 1 1 1 2 1 0 0 0 1 1 1 0 0 2 1 0 0 0 1 0 2 2 1 2 0 2 2 0 0 0 0 0 1 2 0 0 0 0 1 2 1 2 2 0 0 0 0 0 2 1 1 2 1 1 2 1 0 1 1 1 2 0 1 1 0 0 2 1 0 1 0 0 1 1 0 1 2 1 2
1 1 2 2 2 0 1 1 1 0 0 2 0 1 2 2 2 2 1 1 0 0 2 0 2 0 1 1 1 1 2 0 2 1 2 1 2 1 0 0 0 2 0 0 0 0 0 0 0 2 1 1 0 2 2 0 0 2 2 1 0 2 2 2 0 1 1 0 1 2 1 1 2 2 2 2 0 2 1 1 1 2 0 2 2 0 0 0 2 1 1 2 0 1 2 2 1 1 2 2 1 2 0 0 1 2 0 2 2 1 0 1 2 1 2 2 2 0 2 1 1 2 2 0 0 1 2
1 0 2 0 1 2 1 2 0 1 1 1 0 0 1 2 0 1 1 0 0 1 2 2 1 1 1 1 0 0 1 1 1 1 0 0 1 1 0 2 0 2 0 1 0 0 0 1 1 2 1 1 2 2 0 0 1 0 1 1 1 0 1 2 1 1 0 0 2 1 0 0 1 1 2 1 1 0 0 2 0 2 1 0 1 0 0 1 0 2 2 2 2 0 1 1 2 2 2 0 1 0 0 2 1 0 2 1 2 0 1 0 2 0 0 2 1 0 0 2 2 0 1 2 2 2 0
2 2 0 2 0 0 1 0 0 2 0 1 1 0 2 2 2 0 2 2 1 0 0 1 0 2 2 2 1 0 1 1 2 2 1 1 0 2 1 1 2 1 2 1 1 2 1 1 0 1 1 2 2 1 1 0 0 1 0 2 2 1 1 0 1 0 1 2 0 0 1 2 1 0 1 0 0 0 2 0 1 1 1 0 1 0 1 2 2 2 0 2 1 2 2 2 2 0 2 2 0 0 1 2 1 0 0 0 0 0 0 2 2 2 0 1 2 2 0 0 1 0 2 2 2 2 0
2 0 0 1 1 2 1 1 1 2 2 1 0 2 0 2 2 2 2 0 0 2 2 0 1 0 0 1 1 2 2 0 0 0 0 1 0 1 0 2 0 2 0 0 2 1 0 2 2 2 0 0 0 0 0 1 1 1 0 2 1 0 0 1 1 0 0 1 1 0 1 2 2 0 2 1 1 2 1 0 0 0 0 1 0 1 2 2 2 0 2 1 0 0 2 2 0 2 2 0 0 0 2 0 0 0 2 2 0 1 0 1 2 2 2 1 1 2 0 2 0 1 0 1 1 0 1
2 0 0 0 1 0 1 1 2 1 1 1 1 1 2 0 0 2 2 1 1 2 0 0 2 1 0 2 0 1 0 0 2 1 2 1 1 0 0 0 1 2 2 0 1 0 1 1 2 2 1 1 1 2 1 2 1 2 1 2 0 2 2 0 0 2 1 2 2 2 1 1 2 1 2 0 1 1 2 2 0 1 0 0 0 2 0 1 2 1 1 0 1 2 2 1 1 0 0 1 0 2 2 0 1 2 1 0 1 2 2 2 0 0 2 2 0 2 1 0 1 0 1 2 2 0 0
0 1 2 1 2 1 2 1 0 2 2 1 1 1 1 1 2 1 1 2 2 1 0 0 2 0 2 0 2 2 1 0 1 0 2 1 0 2 0 1 2 2 2 1 2 1 2 1 0 2 1 1 0 1 1 0 2 0 0 1 1 0 2 2 0 2 1 1 2 1 0 2 2 0 1 1 1 1 0 0 0 1 1 1 2 0 0 1 2 1 1 0 1 0 0 0 0 2 1 0 1 2 0 0 0 1 1 2 1 1 0 2 2 2 1 2 0 1 1 0 2 0 0 1 2 0 1
2 0 0 0 2 0 1 2 1 0 1 1 2 0 2 2 0 1 0 0 2 1 2 2 1 0 2 0 2 1 1 2 1 2 1 1 0 0 1 2 0 0 0 1 0 2 0 1 1 0 2 0 2 2 1 1 0 0 2 0 2 0 2 1 0 0 2 1 0 1 0 2 1 1 0 0 1 1 2 2 1 2 1 1 2 2 2 0 0 1 0 0 0 0 2 1 2 2 1 0 1 1 2 0 0 0 1 2 1 1 2 0 1 1 1 1 1 2 1 2 1 2 0 2 2 0 1
1 2 2 2 1 1 2 2 2 1 1 2 0 2 1 1 1 1 0 2 2 2 1 2 2 0 0 1 1 0 0 0 0 2 0 2 2 1 1 2 2 1 1 2 0 0 0 0 1 2 0 2 2 2 1 1 0 2 0 1 2 0 0 0 1 0 0 1 1 2 0 0 0 1 1 2 2 2 0 2 1 0 1 1 2 2 0 1 2 0 0 0 2 0 1 1 2 2 2 0 2 2 2 0 1 1 0 1 0 0 0 0 2 1 2 2 2 2 0 2 1 1 2 1 2 2 2
1 1 1 2 1 1 2 0 0 0 0 1 0 2 2 0 1 1 0 1 0 0 2 0 2 0 0 0 0 2 2 2 1 1 1 0 2 0 0 0 1 2 1 1 1 1 0 0 0 0 1 1 1 1 1 0 2 0 0 0 2 0 2 1 1 0 0 1 1 0 1 2 2 1 1 1 2 2 1 2 1 1 1 2 2 0 1 2 1 1 2 2 2 2 0 1 2 1 0 1 2 2 1 2 0 0 1 0 0 0 0 2 1 2 1 2 1 2 2 2 2 2 1 2 1 2 0
1 1 1 0 0 1 1 0 2 2 1 0 0 2 1 2 2 1 1 1 2 1 1 2 0 0 0 0 2 0 1 0 2 2 0 2 1 2 0 1 1 2 1 2 2 0 1 1 2 0 0 1 0 2 1 1 2 2 2 1 2 1 2 1 1 2 2 0 2 2 2 0 2 1 0 2 0 0 1 0 1 1 2 1 1 1 1 0 0 0 2 2 2 1 2 0 1 1 1 0 1 1 1 1 0 0 0 1 0 2 1 2 0 0 2 1 1 0 2 1 1 2 2 0 1 2 1
2 1 0 0 2 1 2 2 2 2 0 0 0 0 1 2 1 2 1 0 1 1 0 0 0 0 0 0 1 0 2 2 1 0 2 1 1 2 0 1 1 1 1 2 1 1 2 2 0 1 0 1 1 2 2 1 2 0 2 1 0 2 1 1 2 1 0 0 1 1 2 1 2 2 0 1 0 0 1 1 2 2 0 0 1 0 1 1 1 1 1 2 0 2 1 0 1 2 2 0 1 1 1 1 1 2 0 1 0 2 2 2 1 0 2 0 1 1 2 0 1 0 0 2 0 2 0
2 2 2 2 0 1 1 0 1 1 1 2 1 0 0 1 2 1 1 0 0 2 0 0 0 0 1 0 1 1 1 1 0 1 1 2 0 1 2 1 2 0 2 1 1 0 0 0 2 1 1 2 1 2 0 0 0 2 1 2 1 2 1 2 1 0 2 1 1 2 1 1 0 0 0 1 0 0 2 0 1 1 2 1 0 0 1 1 0 2 1 1 2 2 1 0 0 0 1 0 2 0 2 0 0 0 1 1 1 2 1 1 0 1 2 1 0 0 0 1 0 1 2 2 1 2 0
2 0 2 2 1 0 2 1 1 0 1 0 1 0 2 2 0 2 1 2 2 2 2 0 0 1 0 2 0 0 2 0 1 0 0 2 0 0 0 1 0 1 2 2 1 0 2 0 0 2 2 2 1 0 0 2 2 0 2 0 1 0 1 0 0 2 2 1 0 0 2 0 0 0 0 2 1 0 2 1 2 0 0 1 1 1 0 0 2 1 1 0 1 0 1 2 0 0 0 0 2 0 1 2 1 2 2 2 2 0 0 2 0 1 0 2 0 2 0 0 0 2 0 2 0 0 2
1 0 0 1 0 1 1 0 0 0 0 0 2 0 2 2 1 1 2 0 2 1 0 2 1 0 0 1 2 0 0 0 2 0 0 2 2 1 1 0 1 1 0 1 2 0 0 0 2 0 1 2 2 2 1 1 1 2 0 0 0 1 1 0 2 1 0 2 0 1 0 2 2 1 1 2 2 2 0 2 0 2 1 2 0 2 1 1 1 1 2 2 0 1 2 0 0 0 0 1 2 0 1 0 1 2 2 0 2 0 0 0 0 1 2 0 1 0 1 1 0 1 0 1 0 1 2
1 2 2 0 1 0 1 1 1 2 2 0 2 0 0 2 0 0 2 1 1 0 0 2 1 0 1 2 1 0 2 2 0 1 2 1 1 2 1 1 2 1 2 1 1 2 1 1 2 1 0 2 2 2 1 1 2 0 1 0 0 1 0 1 0 0 0 0 0 2 1 2 0 1 1 2 0 2 1 1 1 2 0 1 2 2 0 2 1 1 2 2 0 0 1 2 0 2 2 2 1 1 1 2 2 0 1 0 0 2 2 2 2 0 1 2 0 1 1 2 0 0 2 1 1 0 0
0 2 0 2 1 1 0 1 1 1 0 1 2 1 1 2 0 1 0 0 2 2 1 2 2 0 2 1 1 2 2 2 0 2 1 2 1 0 2 2 1 2 2 1 0 1 1 2 0 2 2 1 1 1 0 2 2 2 0 2 0 1 1 1 1 0 1 0 1 0 0 2 0 0 2 1 1 0 0 2 0 0 1 2 2 1 1 2 2 0 1 0 1 0 1 2 1 2 0 2 1 1 2 2 2 1 0 1 0 1 1 0 1 2 0 1 1 2 1 0 2 2 0 1 0 2 1
1 0 2 1 1 1 1 0 0 0 0 2 0 2 1 1 1 0 2 0 0 2 1 0 2 2 2 0 2 1 1 2 1 1 0 2 2 1 0 1 2 1 1 0 1 0 2 2 1 2 1 1 1 0 2 0 2 1 1 0 2 0 2 2 2 2 1 2 2 2 0 2 1 2 2 2 0 2 0 1 1 1 0 2 1 0 0 2 1 1 2 1 2 1 0 1 1 0 0 0 0 2 2 1 2 0 1 0 2 1 1 1 0 1 1 0 1 2 2 0 0 2 0 2 0 1 1
2 1 0 1 2 2 0 1 2 1 0 2 1 2 1 0 1 0 2 2 2 1 2 0 0 1 0 2 2 1 2 1 1 2 2 1 2 1 0 1 2 1 1 1 1 2 2 2 0 2 1 1 1 0 1 1 2 2 2 1 1 1 1 0 0 0 2 2 2 2 1 0 1 0 2 2 0 0 0 2 0 1 0 1 0 2 1 2 1 0 2 0 2 0 1 0 1 0 2 1 0 1 2 1 2 1 1 0 1 1 2 1 0 2 1 1 1 2 1 0 0 1 1 2 1 2 2
1 0 2 2 1 1 2 2 0 0 0 0 0 2 1 1 0 1 2 2 0 2 1 1 2 0 0 2 2 2 1 0 0 1 0 1 2 2 1 0 0 2 1 0 2 0 2 0 1 0 0 2 2 1 1 0 1 1 2 1 2 2 1 2 0 2 2 0 2 0 1 0 0 0 1 2 0 1 0 2 2 0 1 1 2 0 2 1 0 2 2 2 1 2 2 1 2 1 2 1 0 1 2 0 1 1 1 0 2 1 2 2 2 1 1 2 2 0 0 2 0 1 2 1 0 1 1
0 1 1 2 1 0 2 2 0 1 0 0 0 2 2 0 2 0 2 2 0 0 2 2 1 0 2 0 1 1 1 2 0 1 2 2 1 1 1 1 2 2 1 1 2 1 2 1 0 2 0 0 2 0 1 1 2 0 0 1 2 1 1 0 0 0 2 2 2 2 1 2 1 0 0 1 2 0 2 0 2 0 2 2 1 0 2 0 1 2 2 2 1 1 0 2 1 0 1 1 0 2 0 1 0 1 2 1 1 2 1 1 0 0 1 1 1 0 2 1 2 2 1 0 1 1 0
0 2 1 1 2 2 2 1 0 1 0 1 0 0 0 2 0 1 0 0 0 1 2 1 1 2 0 2 0 1 2 0 1 2 2 1 2 1 0 2 0 1 1 1 2 2 0 0 0 2 0 1 0 0 0 2 0 0 2 1 0 2 2 2 2 2 0 1 0 0 1 1 0 0 0 2 0 2 0 1 1 1 1 2 2 1 2 0 0 1 1 0 2 1 2 1 0 2 1 1 1 0 0 1 1 1 1 1 0 2 0 1 0 1 1 0 1 1 1 1 1 2 1 0 0 0 2
0 0 0 0 2 0 0 1 1 2 2 0 0 2 1 1 0 0 0 1 1 2 2 2 1 0 1 1 0 2 1 2 0 2 2 0 0 0 2 0 2 2 0 2 2 2 2 0 1 0 2 2 0 0 0 1 0 2 2 0 2 2 0 0 1 0 0 2 0 2 2 1 2 1 1 2 1 1 2 2 2 0 0 2 0 0 1 0 2 1 1 2 0 0 2 2 0 0 0 2 0 0 1 0 1 2 0 1 1 0 0 1 1 1 1 1 1 2 2 2 2 2 1 0 2 2 1
0 0 1 2 1 1 0 2 0 1 0 2 0 1 2 2 0 2 0 2 0 1 0 0 0 0 0 1 0 2 2 0 2 0 1 0 2 1 0 0 0 1 2 1 0 2 0 1 1 1 1 0 2 1 1 0 2 1 2 2 1 2 0 0 0 1 2 2 0 0 0 2 0 0 0 0 1 1 2 0 0 0 1 2 0 0 0 2 2 2 0 1 2 0 2 0 2 2 0 0 0 1 2 0 2 0 1 1 2 1 2 2 2 0 2 2 1 0 0 1 0 1 2 0 2 1 1
1 2 1 2 2 0 2 0 1 0 2 2 2 0 1 2 2 0 2 0 2 2 1 0 2 2 0 0 1 0 1 0 2 1 2 2 1 2 2 2 2 2 0 2 2 1 2 1 2 1 2 2 0 0 0 1 0 2 1 2 0 1 2 0 2 0 2 0 2 2 1 0 1 1 2 0 0 2 2 1 0 0 1 2 1 2 0 2 1 1 1 1 0 2 2 2 2 1 1 2 0 2 2 2 1 0 2 2 2 0 0 0 0 1 2 1 1 0 1 0 0 1 0 0 0 2 0
0 1 1 0 2 1 0 2 0 0 2 2 0 2 0 0 0 1 1 0 0 1 2 1 2 0 1 0 1 0 0 2 1 2 0 1 1 1 1 1 1 0 0 2 1 0 0 2 0 2 0 0 2 0 1 1 1 0 1 0 1 2 0 0 1 0 2 2 1 0 0 0 2 2 0 0 2 1 0 0 0 1 1 2 1 0 1 0 1 2 0 0 0 2 0 1 0 0 2 0 0 2 0 2 1 2 0 2 0 1 2 1 0 1 1 2 0 0 2 2 0 1 2 0 0 2 0
0 2 2 0 1 2 2 1 2 1 0 1 2 2 1 0 2 1 2 1 1 0 1 0 1 2 2 2 0 2 2 1 0 2 2 1 2 2 0 1 0 0 0 0 2 2 1 2 1 1 0 2 2 0 0 0 2 0 0 0 0 0 2 0 2 1 2 2 1 2 1 2 1 2 0 0 2 2 1 0 0 2 1 2 2 1 0 2 0 1 0 0 2 2 1 2 1 0 0 0 0 1 0 1 1 1 0 1 0 1 2 1 0 1 1 1 1 2 0 1 1 1 1 0 0 0 1
1 1 1 0 1 0 0 1 2 2 1 0 0 0 1 1 1 2 0 2 0 0 0 1 1 1 0 0 1 1 2 1 2 1 1 1 1 2 2 2 2 1 2 2 1 1 0 0 1 1 0 2 2 0 2 0 2 0 1 1 2 0 0 1 2 2 2 2 2 2 1 1 0 0 0 2 0 1 1 2 0 1 1 2 2 1 0 2 2 2 2 1 0 2 2 0 2 0 2 1 2 0 1 1 1 1 1 2 0 2 1 0 1 1 2 1 2 0 1 1 0 0 2 1 1 0 1
0 0 1 2 0 2 1 2 2 0 2 1 0 2 0 2 1 1 2 0 1 0 1 0 0 0 0 2 1 0 1 2 1 1 1 2 0 0 2 2 1 1 2 2 1 0 1 0 1 1 0 0 1 2 0 0 2 2 0 0 2 1 2 1 0 2 1 1 0 0 1 2 0 0 1 2 1 0 2 0 2 2 1 0 1 1 1 2 0 1 2 1 0 0 0 0 2 1 2 0 2 2 2 0 0 0 2 2 1 1 2 0 1 0 2 1 0 0 0 1 2 0 0 0 0 0 1
0 2 2 1 0 1 0 0 2 2 1 1 1 2 2 2 1 2 2 0 0 2 0 0 2 0 0 0 2 2 0 0 1 2 2 2 1 0 0 0 2 2 0 1 1 2 1 0 2 0 0 1 0 1 1 1 2 1 1 2 0 2 2 0 2 1 2 0 2 0 2 2 2 0 1 2 2 2 2 2 0 1 0 1 2 2 0 2 2 2 1 2 2 2 0 1 1 0 0 1 1 2 1 1 0 2 1 0 0 1 2 0 2 1 2 0 0 2 0 2 2 0 0 1 2 1 0
0 2 0 0 1 0 1 0 0 1 1 0 2 2 1 0 0 0 2 0 1 0 0 2 2 0 2 1 0 1 1 2 1 0 2 2 0 1 0 2 2 1 2 2 1 1 0 1 1 0 2 0 0 0 2 0 1 2 1 2 0 1 2 2 1 1 1 2 2 2 1 2 0 2 2 2 0 2 1 2 1 1 0 2 2 0 1 1 0 0 1 1 1 0 1 0 1 0 0 0 0 1 0 1 0 2 1 1 0 0 1 2 2 2 1 1 0 2 2 0 0 1 1 2 2 2 0
1 1 0 2 1 2 0 2 0 1 1 2 2 2 1 1 1 1 2 2 1 0 2 1 1 1 0 0 1 1 1 0 2 1 0 1 2 1 1 0 0 2 2 2 2 1 0 0 0 0 0 1 1 0 0 2 2 1 1 1 2 2 1 2 2 0 0 1 1 2 1 2 2 1 1 2 0 2 2 0 2 1 2 2 1 0 1 1 1 0 0 2 0 2 1 2 2 0 1 1 0 0 0 2 1 2 2 2 1 0 2 1 1 2 1 0 0 2 1 1 1 2 1 1 2 1 1
2 1 0 2 1 0 0 1 1 0 1 1 1 1 0 0 2 0 1 2 0 2 1 2 0 1 1 2 1 0 0 1 1 0 0 0 1 1 2 2 1 0 0 2 2 1 1 2 2 2 2 2 1 1 2 2 0 1 1 1 1 2 0 2 2 1 0 0 0 0 0 1 1 1 1 2 0 0 1 2 0 2 2 2 1 2 2 1 0 0 0 2 0 0 2 0 2 1 2 2 1 0 1 0 2 1 2 0 1 1 1 2 1 0 2 2 0 1 1 2 2 2 2 0 0 2 2
0 0 1 0 2 1 0 0 1 1 2 0 0 1 1 0 2 2 2 1 1 1 0 0 1 2 0 2 0 2 1 1 1 0 1 0 2 1 0 2 0 0 2 1 1 1 1 2 0 1 0 2 2 2 0 1 1 0 1 2 1 2 1 2 0 0 0 0 2 1 0 1 2 2 2 1 1 1 0 2 2 2 2 2 1 0 1 0 1 0 1 0 0 2 0 1 0 0 2 1 2 2 2 1 2 1 1 1 0 1 0 0 0 0 0 2 1 1 0 0 1 2 0 0 1 1 1
2 2 1 0 2 1 0 1 1 2 0 2 2 2 0 0 0 1 0 0 2 2 1 0 1 0 1 2 1 2 0 1 1 2 2 1 0 2 1 2 1 1 1 1 1 1 1 2 0 1 0 0 1 1 0 0 1 1 2 0 1 0 0 1 2 0 0 0 0 1 2 2 1 1 1 0 0 2 0 1 2 0 2 1 1 0 1 0 2 1 2 1 2 2 2 2 2 2 0 0 2 2 1 1 1 2 2 1 2 0 0 2 0 0 0 2 1 2 0 0 0 2 2 0 2 1 2
0 2 2 1 2 2 2 0 0 1 0 0 2 0 1 1 1 2 2 1 0 1 1 2 0 2 1 0 1 1 1 1 0 0 0 2 1 2 0 2 2 0 0 1 2 2 2 0 2 2 1 0 2 0 0 2 2 1 0 1 2 2 0 0 1 1 0 2 2 1 1 1 0 0 0 2 2 0 2 1 1 1 2 0 1 2 0 1 2 1 2 1 1 0 0 2 2 0 2 2 2 1 1 0 1 1 2 1 2 2 1 0 0 0 0 1 1 1 2 0 0 2 2 1 1 0 1
0 1 0 0 1 1 1 1 1 2 1 2 2 0 0 0 0 2 1 1 1 1 2 2 1 2 2 0 0 0 1 1 2 2 1 0 1 2 2 2 2 0 0 2 0 1 0 0 0 2 2 1 0 2 0 2 2 1 0 2 1 2 1 0 1 0 1 1 0 0 1 2 1 1 2 1 0 0 2 0 0 2 0 1 2 1 2 1 2 2 1 1 2 0 1 1 1 2 2 1 0 1 1 1 2 2 0 0 2 0 2 0 0 2 2 0 1 2 2 2 1 1 0 1 2 2 0
0 2 2 2 0 1 1 2 2 0 1 2 1 1 1 1 2 1 0 0 0 2 2 0 2 1 0 0 1 2 0 2 0 1 2 1 0 0 0 2 2 1 2 0 1 1 1 0 0 0 1 1 0 1 1 2 0 2 1 1 0 2 0 0 1 2 1 2 1 2 1 0 2 1 0 0 1 1 1 2 2 0 0 0 2 2 0 0 2 1 2 2 1 2 2 2 0 1 2 1 2 1 1 1 0 2 2 1 1 0 0 1 2 1 2 2 1 2 2 1 1 1 0 0 2 1 0
2 0 0 1 2 2 0 1 0 2 0 2 0 2 2 2 1 2 1 0 0 1 2 2 0 2 1 1 2 0 2 1 0 0 0 1 2 0 0 0 2 1 0 0 1 0 1 2 2 2 0 1 1 0 1 1 2 2 0 1 2 0 0 1 0 0 0 1 1 0 2 1 2 2 2 0 0 0 0 0 0 0 2 2 1 0 1 1 1 2 1 0 0 1 2 1 0 0 0 2 1 2 1 1 2 1 2 0 2 2 1 2 0 1 1 2 1 1 1 2 1 2 1 1 2 1 2
0 2 0 2 0 0 0 1 1 2 1 2 1 1 0 1 2 2 0 2 1 1 0 2 2 1 0 1 0 2 2 0 1 2 0 2 0 2 2 1 1 0 0 0 2 1 2 2 0 2 2 2 2 0 2 2 1 0 1 2 2 0 0 1 0 0 1 0 0 0 0 2 2 0 0 1 0 2 2 0 2 1 0 2 2 2 0 1 0 1 0 0 2 0 1 0 2 0 1 2 1 1 2 0 0 0 2 0 2 2 1 0 1 0 0 1 0 0 0 1 2 0 1 1 2 0 1
2 0 0 1 1 2 2 2 2 2 0 2 0 2 2 1 0 2 1 2 2 2 0 0 2 1 1 1 0 2 0 2 0 1 2 2 2 1 2 1 1 2 2 1 1 1 2 0 1 1 0 0 1 0 2 1 1 0 0 0 0 1 0 1 0 2 0 2 1 2 2 0 2 2 1 1 0 2 2 1 1 2 2 2 0 1 0 2 0 1 2 1 0 0 2 1 0 2 2 0 0 1 0 2 0 2 1 1 1 1 0 2 1 2 2 1 2 1 2 2 0 2 0 1 2 0 2
1 0 2 1 0 0 1 1 1 1 0 0 0 0 0 0 1 1 0 1 1 2 0 0 2 2 1 1 0 2 1 2 2 1 0 1 2 2 0 1 0 1 1 1 1 0 2 1 2 0 2 0 0 0 1 0 0 0 1 1 2 2 0 2 0 1 1 0 0 1 2 2 1 1 0 2 2 0 1 1 1 1 2 2 2 0 2 0 1 0 2 1 1 1 1 2 2 2 2 0 2 2 0 0 1 1 0 1 2 0 0 1 1 0 1 1 2 1 2 0 0 1 2 1 2 1 0
0 1 1 0 1 0 0 1 2 1 0 1 1 0 2 1 2 2 0 0 1 2 2 2 2 2 2 0 2 1 2 2 2 1 0 1 1 1 0 2 1 1 1 0 2 0 1 2 2 2 2 2 2 0 2 2 0 2 1 0 0 0 0 0 1 1 1 0 0 0 0 1 2 1 1 2 1 1 1 2 1 1 2 1 2 1 1 2 0 2 0 1 0 1 1 2 2 1 2 2 1 1 1 0 2 1 2 2 0 1 2 1 0 1 0 0 0 2 0 0 1 1 2 2 2 0 1
1 1 1 2 0 2 0 1 0 1 1 2 1 1 1 1 2 0 2 2 0 1 2 1 0 0 0 2 0 0 0 2 0 2 1 0 2 2 2 2 2 2 2 1 0 1 2 2 1 2 2 1 0 0 0 1 1 0 0 2 1 1 2 2 1 1 0 0 0 0 0 2 2 2 2 0 1 1 0 2 1 0 1 2 0 1 1 1 2 2 1 1 1 0 1 2 1 2 0 2 0 1 2 0 1 1 1 2 1 2 2 2 0 0 2 1 2 0 0 1 0 2 0 2 2 1 1
1 1 2 1 2 1 0 0 2 0 2 1 1 2 0 1 2 1 0 1 0 2 2 2 0 1 2 2 1 2 1 2 1 0 0 0 2 2 1 1 2 1 0 0 1 1 2 2 2 2 0 0 2 0 2 2 2 2 1 1 2 2 1 1 0 2 2 2 2 1 1 2 0 1 2 2 0 2 1 2 2 2 0 2 2 0 1 0 0 0 1 2 0 2 0 2 2 1 2 1 0 1 0 1 0 0 0 1 2 2 0 2 2 2 2 2 2 0 2 2 1 0 0 2 0 1 2
0 2 1 2 2 2 0 0 0 1 1 1 1 1 2 1 0 1 0 2 1 1 2 1 0 0 1 0 1 0 2 2 0 1 1 0 1 2 0 1 0 2 0 0 0 1 1 0 2 0 1 1 2 1 1 2 1 0 0 0 1 0 2 2 1 1 2 0 0 0 2 2 1 0 0 1 1 1 0 1 2 2 1 1 0 0 2 1 0 2 2 2 0 2 2 2 1 1 0 0 2 2 2 1 0 2 0 2 1 1 2 1 0 0 0 1 0 2 2 0 2 0 0 0 2 2 0
2 1 0 2 2 0 2 0 1 1 1 1 0 0 0 2 0 0 1 1 1 0 2 0 1 0 0 1 0 1 2 2 0 2 1 2 0 0 1 1 2 2 0 1 0 0 0 1 2 2 1 0 0 1 1 2 1 0 1 2 1 0 2 2 0 1 0 0 2 1 2 2 1 0 0 2 1 2 2 1 1 0 0 2 2 1 1 1 1 2 0 0 0 2 0 0 1 0 1 1 2 1 1 0 1 2 0 0 2 2 2 1 0 2 1 0 1 0 1 0 1 2 1 1 2 1 2
1 2 1 0 1 2 1 2 1 1 0 1 0 0 1 2 1 1 1 1 0 1 0 1 2 2 2 1 2 1 1 1 1 2 1 0 2 1 0 0 2 0 2 1 1 1 1 2 0 2 1 0 0 2 1 1 1 2 0 2 1 2 1 2 1 1 2 0 2 0 1 2 1 0 0 2 2 1 2 0 0 1 0 2 0 0 1 0 2 1 0 0 0 1 2 2 2 0 0 1 0 1 2 2 1 2 2 1 2 0 1 0 1 2 0 0 2 1 0 2 2 1 0 0 2 1 2
