3 129 19
375029779 729174134 907471600 790156710 1012742882 1050314490 960210124 93913611 1042075051 503220258 586786924 712992027 1062377893 911563917 706471982 189682034 1090413200 755343906 537261234 734815217 619985026 515839341 957528717 1082485712 533586343 792158688 38934594 694154465 771028763 871648693 126538051 744732801 62835306 301291777 1116973600 1105977758 50222079 112148809 628039338 688941311 721597856 162095949 902313312 790951401 44525673 449614061 839309326 802079238 446066085 582699516 1067577175 233803948 168454306 859228655 348152828 540262810 881577271 328830834 675507585 906478823 659279915 458835322 1144456706 6580583 829595927 23122521 481040444 632424051 39442314 1110359698 277607322 1059611552 1051360612 250617009 978416345 327643998 1083879178 944754093 566062676 842276672 414069984 32635466 570592833 29287452 487991624 1063620680 987243038 867547455 906242648 963367064 837796281 1067893366 815883158 507351703 604391416 803564005 903802284 231835687 229464550 970346944 257545764 100968727 1037081467 168933687 872271018 1044020365 288566608 37220084 994112082 924219951 949181429 754688715 111918765 286477414 387474703 127573745 790623120 508340972 1071952377 525569449 756597379 208780546 239880314 1024188997 7230838 866632014 265880550 911760945 1075614816
1 1 2 2 0 0 2 1 0 0 1 0 2 0 0 0 0 0 1 2 2 1 2 1 2 1 2 0 0 0 2 2 1 1 1 1 2 1 0 0 2 2 0 2 0 1 2 0 1 1 1 1 2 0 0 2 2 2 0 2 0 0 2 2 2 2 1 0 0 2 0 0 1 2 0 0 1 0 0 2 1 1 1 1 2 2 2 2 2 0 2 0 1 2 2 1 1 1 1 2 1 2 0 0 2 0 0 0 1 2 2 0 1 2 0 1 2 0 1 2 0 0 2 2 0 0 1 2 2
2 2 1 2 2 0 1 1 0 1 2 2 2 0 2 2 0 0 1 0 1 1 2 2 1 1 1 2 0 0 2 1 2 1 0 0 1 0 1 2 1 1 0 1 2 2 0 1 0 2 2 2 1 1 1 0 1 0 0 2 1 2 0 1 0 1 1 2 1 0 2 0 2 0 2 0 2 0 1 2 1 1 1 0 0 0 0 2 1 0 1 0 2 0 1 1 1 1 0 0 2 0 1 0 1 1 0 0 2 2 0 1 0 2 1 1 1 1 0 2 2 0 2 2 0 1 1 2 2
0 0 2 0 1 0 2 0 0 0 0 0 2 1 0 1 2 0 2 1 1 2 0 1 2 0 2 1 2 2 1 2 2 1 0 2 1 0 0 2 1 0 2 1 2 1 2 1 1 0 2 2 2 0 2 2 1 2 1 0 2 2 0 2 1 1 1 2 1 2 2 0 2 2 2 1 0 2 0 2 0 0 2 2 1 2 2 0 1 0 0 1 0 2 2 1 0 0 0 2 0 0 1 0 0 0 0 1 0 0 1 0 2 1 0 0 1 0 0 2 1 2 2 1 1 1 0 2 2
1 2 0 2 0 2 0 1 2 1 2 0 0 0 2 1 1 1 2 1 2 0 0 2 0 1 1 1 2 0 0 1 0 2 1 1 1 1 0 0 0 0 1 1 0 2 0 2 0 1 1 2 2 2 0 2 1 1 0 1 2 1 2 0 1 1 1 2 2 2 0 0 0 2 2 1 2 1 0 2 2 1 2 2 0 2 1 2 1 2 1 1 1 1 1 0 2 0 0 2 0 1 2 0 1 0 1 0 1 1 0 1 1 2 0 2 0 1 1 1 0 0 0 1 1 2 2 0 2
0 2 0 2 0 1 0 0 0 1 2 2 2 0 0 1 0 0 2 1 2 1 2 0 1 1 1 0 1 0 0 2 2 1 1 0 2 2 1 0 1 0 0 0 0 0 2 0 1 2 2 1 0 1 1 2 1 0 2 2 0 0 1 1 2 0 1 0 2 0 0 0 1 1 0 2 2 2 0 1 2 0 2 0 2 1 2 0 2 2 2 0 1 1 1 1 1 1 2 1 2 0 1 0 1 2 0 1 0 1 0 2 2 0 2 1 0 2 2 0 0 2 0 2 2 0 0 1 1
0 0 0 1 2 1 0 0 2 0 0 1 0 0 0 1 0 1 1 0 1 1 0 1 2 0 1 2 1 2 1 2 0 2 1 0 0 1 1 0 1 1 1 2 1 1 1 2 1 0 0 2 2 1 1 2 2 2 2 1 0 0 1 0 0 2 1 0 1 2 2 0 1 0 0 1 0 2 1 1 0 2 1 2 1 0 1 1 0 1 0 0 1 1 1 1 1 0 2 2 0 1 0 2 0 1 0 0 0 2 2 0 1 0 0 0 1 2 1 0 0 2 0 2 0 2 1 1 1
2 2 1 0 2 0 1 1 2 1 2 2 1 0 0 0 2 2 1 1 1 2 0 1 0 2 1 0 2 1 1 1 1 0 2 0 2 1 2 1 0 2 0 2 0 1 2 0 0 1 2 2 1 0 0 2 2 2 0 1 1 2 0 2 0 0 1 2 1 0 1 1 0 1 1 1 1 0 2 1 0 2 0 2 2 1 1 2 2 1 2 0 1 2 1 2 2 2 1 0 0 0 0 0 2 1 1 0 0 1 2 1 0 0 0 2 0 1 2 2 0 1 0 2 1 1 1 1 0
0 2 0 0 2 0 1 2 0 1 0 2 1 1 0 0 1 0 0 0 0 0 0 2 0 0 1 2 1 2 2 0 1 1 0 2 1 2 1 2 1 1 0 0 0 0 0 1 1 1 2 2 1 0 1 0 1 2 2 0 2 2 0 2 0 2 1 0 1 0 0 0 2 0 1 2 0 2 1 2 1 0 2 0 0 0 0 1 1 0 2 0 1 0 0 1 2 1 2 1 2 0 1 1 0 2 1 2 2 2 2 1 0 1 2 2 2 1 0 0 1 0 2 2 1 2 2 1 2
1 2 1 2 2 1 0 2 2 0 2 0 0 0 0 2 0 2 1 1 1 0 0 2 0 1 1 0 1 0 0 2 0 2 2 2 1 0 2 0 1 1 0 1 0 2 0 1 1 2 0 0 0 0 0 1 2 1 2 0 2 0 0 0 0 0 2 1 1 2 0 2 1 1 1 1 0 2 2 0 1 2 0 0 0 1 2 0 0 1 1 0 0 2 0 0 2 0 2 1 2 0 0 1 1 1 0 0 1 2 0 1 2 1 1 1 0 0 2 1 0 0 1 0 0 2 0 0 0
0 2 0 0 2 0 2 2 0 0 0 1 0 2 0 2 0 2 0 2 1 1 0 2 1 0 0 1 1 0 2 0 2 2 0 0 0 0 0 1 0 1 2 1 1 0 1 2 0 1 1 2 1 1 2 2 2 2 1 2 1 0 2 0 0 0 1 1 2 1 2 0 1 2 2 2 2 1 1 0 2 1 0 1 0 2 1 0 0 2 0 1 2 0 1 0 0 1 2 0 0 2 1 1 1 0 0 0 1 0 2 1 1 2 1 1 2 2 2 2 2 2 0 2 2 0 0 1 2
2 1 2 2 2 1 0 0 2 2 2 2 1 1 0 1 0 2 0 2 2 1 2 2 2 0 2 0 0 0 2 1 0 2 0 0 1 2 1 0 1 0 0 0 2 1 1 2 0 2 0 0 1 0 0 1 0 2 2 1 1 2 0 1 2 0 1 0 2 0 1 1 2 1 1 1 0 0 2 1 0 0 2 1 0 0 0 1 1 0 0 2 0 0 1 0 0 0 1 1 1 2 2 1 2 2 0 0 2 2 2 0 0 2 0 1 0 0 0 1 1 0 0 2 0 1 2 1 0
0 2 2 0 0 0 0 0 0 0 2 1 2 1 1 2 1 0 0 2 0 1 2 0 2 1 0 1 1 2 1 2 2 1 0 0 1 0 1 2 0 1 0 1 0 2 0 1 0 0 0 0 2 0 1 2 2 2 1 1 2 1 0 0 2 1 0 1 2 0 0 0 1 1 2 1 0 2 0 0 0 1 1 0 2 0 2 2 2 0 0 0 2 1 0 2 0 1 0 0 1 1 1 0 2 0 2 2 2 2 1 0 1 0 0 1 0 0 0 0 2 1 0 1 2 0 0 1 0
0 1 1 2 0 2 1 1 1 2 1 2 0 2 1 0 0 2 1 1 0 1 1 1 0 2 1 0 0 2 0 1 1 0 2 1 2 0 2 1 0 1 0 1 1 1 2 1 1 0 0 1 0 1 0 0 1 2 0 2 2 2 1 1 2 0 0 2 2 1 0 0 0 2 2 2 1 1 0 0 0 2 2 0 0 0 0 2 0 1 1 2 1 1 1 0 2 0 0 1 2 2 0 2 1 2 1 2 0 2 0 0 1 0 1 2 1 1 1 1 0 1 1 1 0 1 0 2 1
1 2 0 0 2 0 1 1 2 2 2 1 2 1 1 2 2 0 0 2 2 2 0 1 2 2 1 0 2 2 2 1 1 0 2 0 0 1 2 0 1 2 1 0 1 2 1 2 0 1 1 1 2 1 0 1 0 2 1 1 1 1 0 0 1 2 1 2 1 0 2 2 0 1 0 2 1 1 1 2 0 0 1 2 1 2 0 2 1 2 1 0 1 1 0 2 1 1 2 2 2 1 0 2 0 0 2 2 2 1 2 2 1 1 0 0 0 1 0 2 1 1 0 0 1 1 1 0 0
0 2 2 0 2 2 1 0 0 1 2 1 0 0 0 2 0 1 0 1 2 0 0 2 0 1 0 2 2 0 2 2 0 2 0 1 0 1 1 0 2 2 2 1 2 0 0 2 2 2 0 1 2 1 0 1 0 1 0 2 1 0 2 2 0 0 0 0 1 2 0 2 1 1 0 1 1 1 0 0 0 2 0 1 1 0 2 1 2 0 0 1 0 0 0 1 0 1 2 0 2 0 2 1 1 2 0 0 1 1 1 0 1 1 1 2 2 1 1 2 1 2 2 0 0 2 2 0 2
1 0 2 2 0 0 0 0 0 1 2 0 0 2 1 2 1 2 2 2 0 0 0 0 2 1 0 2 0 1 1 2 0 0 1 0 2 0 1 0 2 1 0 2 0 0 2 2 2 1 1 2 1 2 0 0 1 1 0 1 0 2 1 1 1 0 1 0 0 0 0 0 1 2 0 2 2 2 2 1 1 0 1 1 1 2 2 2 0 0 1 1 0 0 2 2 0 2 0 1 2 0 1 2 0 2 2 2 1 2 0 0 0 2 1 1 2 1 1 2 1 0 1 2 0 1 1 1 0
1 0 1 0 2 1 1 1 1 1 2 0 2 2 2 2 2 1 1 0 0 2 2 0 1 2 1 2 1 0 1 1 1 2 2 0 0 0 1 1 2 1 0 2 1 0 1 0 1 1 1 1 0 2 2 1 2 1 1 1 2 2 2 0 1 2 0 2 1 2 1 0 0 2 2 0 2 2 1 0 0 1 0 0 0 0 2 2 2 0 0 1 0 1 2 2 1 0 2 2 0 1 1 1 0 0 1 0 0 0 0 0 2 1 1 2 2 0 2 1 1 0 0 2 2 0 2 2 1
2 1 1 0 0 2 1 1 2 2 2 2 0 0 2 2 1 1 1 2 1 0 1 2 1 1 2 1 1 1 0 1 0 1 2 1 2 2 0 1 1 2 1 2 0 0 2 2 2 0 2 1 2 1 0 0 2 0 2 1 1 1 2 0 2 0 2 2 2 0 0 0 2 2 0 1 0 0 0 2 0 0 1 2 1 2 0 1 2 1 2 2 2 2 0 2 2 2 2 2 0 0 2 2 1 0 1 1 0 1 2 2 1 0 1 0 0 0 1 1 1 1 0 1 1 1 0 1 1
0 0 1 1 2 1 0 0 0 1 1 2 1 0 1 2 0 2 0 0 1 1 2 2 2 0 1 0 1 2 1 2 2 2 1 1 1 1 2 1 0 1 0 2 2 2 2 2 2 2 2 1 1 1 1 0 2 2 2 1 1 0 0 0 1 1 2 2 0 0 1 0 2 2 2 1 0 2 1 0 2 1 1 1 1 2 2 0 2 2 2 0 0 2 1 1 1 1 1 2 1 0 0 0 2 0 0 2 0 1 2 0 2 1 2 0 0 2 2 2 2 1 0 0 2 2 2 1 1
1 1 2 1 2 1 1 0 2 2 1 0 2 2 0 1 1 2 2 2 2 0 2 0 1 0 0 1 0 2 2 1 1 2 0 1 1 1 1 0 0 0 1 0 2 0 2 2 2 1 2 2 2 1 2 1 2 1 2 2 1 1 0 0 1 1 1 0 2 2 0 1 0 0 2 0 0 2 0 0 1 2 2 1 1 2 2 0 1 2 2 2 1 0 2 2 1 1 2 1 1 1 0 2 2 2 0 0 2 0 0 1 2 0 2 1 0 2 1 2 1 1 2 2 2 2 2 1 0
2 0 2 1 1 0 1 2 0 1 1 1 1 2 1 2 1 0 2 0 2 2 2 1 2 1 1 2 1 0 0 1 0 1 0 1 1 1 0 1 0 2 2 1 2 2 1 1 2 1 2 2 1 2 1 0 1 0 2 0 0 0 2 1 1 2 2 2 1 1 1 1 1 1 0 0 0 1 2 0 0 0 0 2 0 1 2 1 2 2 0 2 2 2 0 1 2 1 1 1 2 2 0 1 1 1 2 2 1 0 0 1 0 1 0 0 2 0 2 2 0 2 2 2 2 0 1 2 1
0 1 1 0 2 0 2 1 0 2 2 0 2 1 1 0 2 1 0 2 2 0 2 2 0 2 1 1 2 1 2 0 1 1 1 0 2 1 1 2 0 1 0 0 2 1 0 1 1 1 1 0 2 1 2 0 2 2 1 1 1 1 2 2 0 0 0 2 2 2 1 2 1 1 0 1 0 1 1 2 0 2 2 0 1 2 0 0 2 2 2 1 0 2 1 0 0 2 2 0 0 1 2 1 0 1 0 1 2 1 0 2 2 0 0 0 0 1 1 0 0 1 2 1 0 0 2 0 1
2 0 1 1 1 0 1 2 0 0 2 0 1 0 2 1 0 2 1 2 1 1 0 2 1 2 0 2 2 1 0 2 0 1 1 1 2 0 1 2 0 1 2 1 1 1 0 2 1 1 2 0 1 2 0 2 2 0 2 2 0 0 2 0 2 0 2 1 0 1 1 1 2 1 2 1 1 0 1 2 2 0 1 0 0 1 1 0 2 1 0 0 2 2 0 2 0 2 1 0 0 0 2 0 2 2 1 0 2 2 1 1 0 2 0 1 0 2 2 0 0 2 0 0 2 0 0 2 0
2 0 1 2 2 2 1 2 0 0 1 1 1 2 2 0 2 0 1 2 0 0 0 0 0 0 2 2 1 2 2 0 0 1 0 0 1 0 2 1 0 0 0 1 1 0 2 1 1 1 1 2 1 1 2 2 2 0 2 2 2 2 2 0 1 1 0 2 1 0 2 1 1 2 0 2 2 0 1 2 1 2 2 0 1 1 0 1 2 0 0 2 2 1 0 2 2 1 1 0 2 0 2 1 1 0 1 0 0 0 0 2 0 2 2 1 2 0 0 1 0 1 0 1 2 1 0 2 0
1 2 0 0 2 1 1 0 1 2 0 1 0 0 2 2 0 1 2 2 2 1 2 1 2 0 1 1 0 1 2 0 1 2 0 2 2 1 2 1 1 0 2 1 1 2 2 2 2 1 1 1 0 2 0 0 0 2 2 1 1 1 2 2 1 0 1 1 2 2 2 0 0 0 0 2 2 2 1 1 1 1 1 2 0 1 0 0 1 2 2 0 0 1 1 2 1 0 1 1 2 0 2 2 0 2 1 1 2 1 0 0 2 1 0 2 1 0 0 0 2 0 1 0 2 0 0 2 0
1 0 0 2 0 0 1 2 2 2 1 0 0 0 0 2 0 0 1 2 0 1 2 1 0 0 2 1 1 2 2 2 0 0 2 1 0 1 0 2 1 0 0 2 0 1 2 1 1 0 0 2 2 1 1 1 1 0 2 2 2 1 2 1 1 2 2 2 1 2 2 2 0 1 1 0 2 0 0 2 0 1 1 1 2 0 2 0 1 1 0 1 1 2 0 0 2 2 0 0 0 1 2 0 2 2 1 2 2 2 1 1 0 0 2 0 1 1 1 0 0 2 2 2 2 0 0 1 0
1 2 0 2 0 1 2 2 0 2 1 2 1 0 2 0 2 0 2 1 2 2 0 2 2 0 1 0 0 0 1 0 0 1 2 0 0 2 0 0 2 0 0 0 0 1 1 1 1 0 2 1 0 0 0 0 1 2 1 2 0 0 2 0 2 2 1 0 2 2 1 1 2 2 2 0 0 1 1 2 2 1 0 0 2 2 1 1 1 2 0 1 0 1 1 0 1 0 0 0 0 2 2 2 0 1 0 0 0 1 0 0 1 2 1 0 1 2 2 2 2 2 0 2 0 2 0 2 1
2 2 1 1 1 1 1 1 2 0 2 1 0 2 2 2 1 0 1 0 2 0 0 0 1 0 1 2 1 1 0 0 0 1 2 0 0 2 1 2 0 0 1 0 1 1 1 2 2 2 1 1 1 1 2 0 1 1 0 0 2 0 1 0 2 2 0 0 1 2 0 1 1 1 2 0 0 1 2 0 2 0 2 0 2 2 1 2 0 2 0 0 0 2 1 0 1 2 1 0 2 1 2 0 0 2 0 1 1 1 2 0 2 1 1 0 0 0 2 1 2 0 2 1 2 1 1 1 1
2 2 0 0 1 2 1 1 0 0 0 2 2 0 2 2 2 0 2 2 2 2 0 0 1 1 0 0 0 2 1 2 2 0 0 1 0 0 0 0 1 0 1 2 1 0 1 0 0 0 1 0 0 1 0 0 0 1 0 0 2 0 0 1 0 1 0 0 2 1 1 1 1 2 0 1 0 1 1 1 2 0 1 1 2 0 1 2 2 1 0 1 1 0 0 2 0 1 0 2 2 2 0 1 2 1 2 0 0 2 1 0 2 1 1 0 2 0 2 1 2 1 1 2 2 1 1 2 2
2 2 2 2 0 2 1 0 1 2 0 1 2 0 2 0 2 2 2 0 2 1 0 0 2 2 1 1 0 0 1 0 0 1 0 2 0 0 2 2 2 2 2 1 1 1 2 1 1 2 2 0 1 2 2 1 2 0 0 0 1 2 2 0 1 2 2 2 2 2 2 0 2 1 2 1 2 2 0 1 2 0 0 1 0 2 0 2 0 0 0 2 0 2 2 2 2 2 1 2 2 2 2 2 0 2 0 1 2 1 2 1 2 2 0 2 2 1 2 0 2 0 1 0 2 1 0 2 1
0 0 1 2 2 0 0 2 2 1 2 1 2 1 1 2 2 1 0 0 1 0 0 2 1 1 2 0 2 2 2 2 2 0 1 2 2 1 0 2 1 2 0 1 1 2 0 0 1 0 1 0 2 0 2 1 1 1 2 0 1 1 0 1 0 2 2 0 2 2 2 1 2 0 2 1 1 0 2 2 1 2 2 1 2 2 2 1 0 2 0 0 1 0 2 2 1 1 2 0 1 2 1 1 1 1 0 2 1 0 2 0 2 1 1 2 1 2 1 2 2 1 2 0 2 0 1 0 1
0 1 1 1 0 2 2 1 0 2 0 0 1 1 1 0 0 0 1 0 1 0 2 0 1 0 1 1 1 1 0 0 0 1 1 1 1 1 0 1 0 1 0 1 2 1 2 0 1 0 0 1 1 0 2 2 1 0 1 0 2 2 0 0 0 2 1 2 0 2 1 0 1 1 2 2 2 1 2 2 2 1 0 1 2 0 1 1 1 0 2 0 0 2 1 0 2 0 0 0 1 0 2 2 1 1 1 2 1 2 2 0 1 0 2 0 0 1 2 1 2 2 2 2 2 0 0 2 2
1 0 0 2 2 0 1 0 0 0 2 0 0 0 1 0 2 2 1 1 2 2 0 1 2 2 1 0 1 0 2 0 0 0 2 2 2 0 1 2 2 0 2 2 1 1 0 2 0 1 0 0 1 2 2 1 2 0 2 0 1 2 0 1 0 2 2 0 1 1 2 0 1 2 2 1 1 0 0 2 2 0 0 2 2 0 0 2 0 2 2 1 0 1 1 0 0 1 1 1 2 1 2 1 0 0 2 2 0 2 1 1 1 2 0 0 2 0 0 0 1 1 0 1 2 1 2 0 2
0 2 1 1 2 2 2 2 0 1 1 2 0 2 0 0 2 2 0 0 2 1 1 1 1 0 0 0 2 1 2 2 1 1 1 0 1 0 0 1 2 1 2 1 1 0 1 1 2 2 1 0 0 1 1 2 1 0 2 1 2 2 1 0 1 0 1 2 1 2 2 2 1 1 0 2 2 1 0 0 1 2 0 2 1 2 1 2 0 1 0 2 1 0 0 2 0 2 2 2 1 2 1 0 1 2 2 0 2 1 0 0 1 1 0 2 2 2 1 2 2 0 0 0 0 0 0 1 2
0 0 2 2 0 2 0 2 2 0 2 1 2 0 2 0 1 1 2 1 0 0 0 0 0 2 1 0 2 2 1 0 2 0 2 0 0 0 1 0 1 0 2 0 1 2 1 0 1 1 2 2 2 0 2 2 2 0 1 2 0 0 2 2 1 1 1 2 2 2 2 1 2 2 1 2 2 0 2 0 0 1 0 2 2 0 0 2 0 2 2 1 2 2 0 1 1 1 0 1 1 0 2 1 0 1 0 0 2 0 1 2 2 1 0 2 1 0 1 2 0 1 0 0 1 1 1 0 1
1 1 2 2 1 1 0 0 1 0 2 0 1 0 2 0 0 2 1 1 1 1 1 0 1 1 2 1 0 0 2 2 1 1 1 0 0 2 1 2 2 2 2 2 2 2 0 0 1 2 1 0 1 0 1 1 2 1 2 2 1 2 1 2 0 0 1 1 2 2 2 0 2 2 2 1 2 0 2 1 2 1 2 2 1 1 0 1 2 0 0 0 2 2 1 0 0 2 2 2 2 2 0 2 1 0 1 0 1 2 2 1 0 2 0 0 1 0 1 0 1 2 1 0 2 0 1 2 0
1 0 0 0 0 0 1 2 2 0 0 2 0 1 2 2 2 2 0 0 2 2 0 2 1 0 1 1 2 1 1 0 2 1 1 0 2 0 2 2 0 2 2 0 1 1 0 1 2 1 2 1 0 2 0 1 1 2 0 0 0 2 2 0 0 0 1 0 0 0 0 1 0 2 2 2 2 0 1 2 2 0 0 0 1 1 2 2 0 2 2 2 1 1 2 2 0 0 1 1 2 2 0 2 2 0 2 2 1 0 1 1 1 2 1 2 0 1 2 1 1 0 1 0 2 1 1 2 2
2 1 1 1 1 1 1 2 1 1 1 2 2 2 1 1 2 1 2 0 1 2 0 2 0 0 1 2 1 1 0 0 2 1 0 1 1 2 0 2 1 2 0 1 0 1 0 2 0 0 0 2 0 0 1 1 1 0 1 0 1 1 1 0 1 2 2 2 2 2 2 0 0 0 2 0 1 0 2 0 1 0 2 2 1 1 1 0 1 2 0 0 2 2 1 0 1 0 0 1 0 0 2 0 1 1 1 0 2 0 0 1 2 0 1 0 2 2 0 1 2 0 1 1 0 0 2 2 0
2 1 1 1 1 0 2 0 1 0 1 0 1 0 2 2 1 2 2 1 0 0 0 1 2 0 2 2 2 0 2 0 1 1 1 0 1 1 2 1 1 0 1 0 0 0 0 2 0 2 0 1 2 0 0 2 1 0 1 1 0 1 2 2 0 0 0 1 2 0 2 1 1 1 2 2 2 0 1 0 0 1 2 0 2 0 0 1 0 1 0 1 0 0 1 1 1 2 0 0 2 1 1 0 2 1 2 2 2 0 0 0 2 0 1 0 0 1 2 1 1 0 0 2 0 1 0 1 1
0 1 0 1 0 2 2 0 1 2 2 0 2 0 0 0 1 0 0 1 0 2 2 0 2 1 0 1 2 1 2 0 0 0 0 2 2 2 2 2 2 2 0 2 2 1 0 1 0 1 2 0 1 1 1 1 0 2 2 0 2 2 1 0 1 2 2 1 2 1 1 1 1 2 0 0 1 1 2 1 0 2 2 2 2 1 0 2 1 1 1 1 1 0 1 2 2 1 1 1 0 2 0 2 2 1 0 1 0 0 2 1 0 1 0 2 1 1 2 2 2 0 0 1 1 1 1 0 0
2 2 1 0 2 1 2 1 1 0 2 0 0 0 0 2 1 0 0 2 0 2 0 2 0 2 0 0 0 2 0 1 1 2 1 2 1 1 1 1 1 0 1 2 1 2 1 2 2 0 2 2 2 0 2 1 0 0 1 1 2 2 0 1 0 1 0 1 2 1 2 1 2 1 0 1 0 2 0 0 2 1 1 0 2 0 2 0 0 0 2 0 0 2 2 0 1 2 0 1 2 0 2 2 2 0 1 0 0 2 1 0 1 2 1 1 0 0 1 2 1 1 2 1 1 2 0 2 2
0 0 2 1 0 1 0 1 0 1 1 0 2 2 1 2 1 2 0 1 1 2 2 0 0 2 1 2 2 1 2 0 2 1 1 0 1 0 1 2 1 1 2 1 1 2 1 0 2 1 1 2 2 2 2 0 1 2 2 1 0 2 2 1 1 1 1 0 1 1 0 0 0 0 1 2 2 0 2 2 0 2 1 0 2 1 0 1 0 2 2 2 2 2 1 2 0 0 0 0 2 0 0 2 2 0 2 1 0 2 1 1 2 0 1 1 0 1 2 1 2 2 0 1 1 2 1 0 0
2 0 2 0 0 0 2 0 0 2 2 0 1 1 0 2 0 1 0 2 2 1 1 1 2 1 1 2 2 1 0 2 1 0 0 2 1 0 1 2 0 1 2 2 2 2 2 2 2 2 0 1 0 1 2 0 0 0 1 1 2 1 0 0 1 1 1 0 0 2 2 0 0 2 2 0 1 2 0 0 2 1 1 0 2 2 1 1 0 2 2 0 1 0 1 0 0 2 1 0 1 1 1 2 0 2 0 0 1 1 1 1 2 1 2 2 1 1 1 1 1 1 1 0 2 0 1 0 2
0 1 2 2 2 2 0 1 0 0 1 2 0 0 1 2 2 2 0 0 1 1 2 0 0 0 0 1 2 0 1 2 1 0 2 1 1 0 1 1 1 2 1 1 2 0 1 1 0 1 2 2 0 0 2 1 1 2 2 0 0 0 1 2 2 0 1 0 1 2 2 0 1 0 2 0 2 1 2 0 2 0 2 0 1 2 1 2 2 0 1 0 1 2 2 1 0 1 1 2 1 0 2 0 2 2 1 2 1 1 2 1 2 0 1 0 0 0 2 0 1 0 1 0 0 1 1 1 0
2 0 1 1 0 2 1 0 1 0 2 0 0 1 2 1 0 2 2 1 2 0 0 1 1 0 2 0 2 0 1 2 1 1 1 2 0 2 1 2 0 0 2 2 2 1 0 2 1 0 1 2 0 2 0 0 2 2 0 2 1 0 0 0 1 2 1 2 0 2 2 0 0 1 0 2 0 1 2 2 1 0 1 0 2 1 0 0 2 1 0 1 1 1 2 2 1 0 2 1 0 2 2 0 0 0 0 1 2 0 1 1 0 0 1 1 0 2 2 2 1 2 1 2 2 0 0 0 2
0 2 2 2 1 1 0 2 1 2 1 1 1 0 0 1 1 1 1 2 0 1 0 0 0 0 0 2 0 0 1 1 0 1 1 2 2 2 1 1 2 1 2 1 1 2 0 0 1 0 2 2 2 2 1 0 0 1 0 1 0 2 1 0 0 2 0 0 2 0 2 2 1 2 0 2 0 2 2 1 2 2 1 1 2 0 2 0 1 0 0 2 2 1 1 0 1 1 1 2 2 0 1 0 0 0 0 0 2 1 2 2 0 1 1 0 2 2 2 1 2 2 1 2 1 2 2 0 1
1 2 1 1 2 2 1 0 0 0 0 1 2 2 2 1 1 0 0 0 2 1 0 2 0 2 0 2 2 2 2 0 2 1 2 1 1 1 2 2 1 2 0 1 2 0 2 1 1 0 2 1 2 0 1 2 2 2 0 2 1 0 0 1 1 2 0 0 1 0 0 0 0 1 2 1 2 1 0 1 2 2 0 2 0 1 1 0 1 2 1 0 2 1 1 1 1 2 2 0 0 0 0 0 1 2 1 1 2 1 2 1 2 0 1 2 2 0 0 1 0 1 2 0 0 1 2 2 1
2 2 1 2 2 0 1 0 2 0 2 1 2 1 1 0 2 1 1 2 1 2 0 1 2 1 1 1 1 0 2 1 2 2 1 2 2 2 2 1 2 1 0 0 2 1 0 2 2 2 2 2 0 2 0 2 1 1 1 2 2 1 1 2 1 2 1 0 2 2 1 1 0 0 1 1 1 0 0 2 2 0 1 0 1 1 0 0 0 1 1 2 0 2 1 1 2 0 2 1 2 1 0 1 1 0 0 0 0 1 2 0 0 0 1 1 2 2 1 2 1 0 1 0 0 0 2 2 1
2 1 1 1 1 2 0 1 0 0 2 2 1 0 2 2 2 1 2 1 0 1 0 1 0 0 1 1 0 1 2 0 2 1 1 0 1 1 0 2 2 2 1 0 0 1 1 2 0 0 1 0 1 2 2 2 0 0 1 0 2 1 1 1 2 2 0 2 1 0 1 1 2 0 2 0 1 0 0 1 1 2 2 1 2 2 0 2 0 2 1 0 2 2 1 1 0 1 0 1 2 2 0 2 2 0 0 0 1 0 2 0 2 2 1 2 1 2 2 2 0 1 2 2 0 1 1 0 0
0 0 0 2 0 0 0 0 0 1 0 0 1 1 1 1 2 0 0 2 0 2 0 1 2 0 0 1 2 1 2 0 1 2 0 2 2 0 0 0 2 0 1 1 1 0 2 1 0 0 2 1 2 2 0 2 0 0 1 0 2 1 0 0 1 0 2 2 2 0 2 1 1 1 2 1 1 2 2 2 0 2 1 0 2 1 1 0 2 2 0 1 1 1 2 0 1 2 0 0 0 2 2 2 1 2 0 2 2 1 2 2 0 1 0 0 1 1 0 0 1 1 2 0 2 1 1 1 1
1 2 2 0 0 0 2 2 0 0 2 2 0 2 0 2 2 0 0 1 2 1 0 0 1 0 0 0 1 2 0 0 2 2 0 2 0 0 0 2 1 0 1 1 2 2 0 2 1 1 1 0 0 1 1 1 2 2 2 1 1 2 1 2 2 2 2 0 0 2 2 2 2 1 0 2 1 2 2 2 1 0 0 2 0 1 0 2 2 0 2 0 2 0 0 0 0 0 0 0 2 0 0 0 1 1 2 0 1 2 0 2 0 1 1 0 1 2 1 0 0 0 1 0 0 2 0 1 2
1 2 2 2 1 2 1 2 1 2 0 1 0 2 2 2 2 0 0 2 2 0 2 2 1 2 1 1 0 0 0 2 0 0 1 1 2 0 1 2 0 1 0 0 2 0 0 1 2 0 0 1 1 0 1 1 1 0 2 1 0 0 1 1 1 0 0 0 1 2 0 1 2 2 0 1 2 0 0 1 2 1 1 0 1 2 1 2 0 1 2 1 2 1 2 0 1 0 1 1 0 2 2 2 2 2 1 2 1 1 2 0 0 0 1 1 0 0 2 0 2 2 1 2 0 1 0 2 2
1 0 0 1 1 2 1 1 1 1 2 2 0 0 0 0 2 2 0 0 1 1 2 0 2 2 1 0 2 2 0 1 2 0 0 0 0 2 2 1 0 2 1 0 0 1 1 2 1 2 0 0 0 0 2 0 2 0 2 2 0 2 0 0 1 1 1 1 1 1 0 1 1 2 0 2 1 1 2 0 1 2 0 2 2 2 0 2 1 0 1 1 2 1 2 1 1 1 0 2 0 1 0 1 0 1 1 1 0 0 1 2 0 0 1 2 0 2 2 2 2 0 1 0 0 1 1 1 0
2 0 1 0 1 2 2 0 2 0 1 2 0 0 0 1 2 0 1 0 0 1 0 0 0 0 1 1 0 2 0 0 2 1 1 2 1 1 2 0 1 1 0 2 2 1 0 2 1 0 2 2 1 0 1 2 1 2 0 2 2 0 0 2 2 2 1 1 0 1 1 2 2 2 0 1 0 1 1 0 1 1 0 2 2 1 2 2 1 0 1 1 1 2 0 1 2 2 0 0 1 1 1 1 1 1 0 2 2 2 0 2 1 1 2 1 2 2 0 1 0 0 0 2 0 1 1 1 1
1 1 2 0 2 1 2 1 2 2 2 2 0 1 1 2 1 0 2 0 1 1 0 1 2 0 0 0 1 1 2 1 0 2 1 0 1 1 2 1 1 1 1 1 0 2 1 0 0 1 0 2 0 2 1 2 0 1 0 2 0 0 0 1 2 2 2 2 1 1 0 0 1 1 2 2 2 1 2 2 2 0 2 2 0 1 1 0 0 2 0 1 0 1 2 0 0 1 2 0 0 1 0 1 2 2 1 1 0 1 2 0 1 1 0 2 2 0 2 1 0 0 2 0 2 2 2 0 0
2 0 0 0 0 0 1 1 2 0 2 0 2 0 0 1 0 2 1 0 0 2 2 1 1 2 0 0 2 0 1 0 1 0 1 2 1 2 0 0 0 0 0 2 1 0 1 1 0 0 0 1 2 2 2 2 2 2 0 0 2 0 0 1 0 2 2 1 2 2 2 2 0 2 2 1 1 1 1 2 2 2 0 1 1 2 1 1 1 0 1 1 0 2 1 1 2 0 0 2 0 2 2 1 1 1 0 0 2 1 2 1 1 2 1 2 1 0 2 2 0 1 2 1 2 0 2 1 1
2 1 1 1 0 0 1 1 2 1 2 1 2 1 0 1 0 2 0 1 2 0 2 1 2 1 0 0 0 2 1 1 0 1 0 1 1 2 2 0 1 2 2 1 1 2 2 1 2 0 0 2 1 0 1 1 1 1 2 2 1 1 0 2 2 1 0 1 0 2 2 2 2 2 0 1 2 1 0 0 1 1 0 2 2 1 1 0 0 1 0 1 2 1 0 2 2 0 1 0 0 0 0 0 1 1 1 0 2 0 0 1 1 0 1 1 2 2 2 2 0 2 0 1 0 0 0 0 1
1 2 2 2 0 0 0 1 2 2 2 0 0 1 2 1 2 0 0 2 2 0 0 1 1 1 0 0 2 1 2 1 0 1 1 1 0 2 0 2 1 0 0 2 1 2 1 0 2 2 0 2 0 2 1 0 1 1 0 1 1 2 2 2 2 1 1 2 1 2 2 0 2 2 0 0 1 2 1 1 0 2 0 0 1 1 0 2 1 1 1 2 2 2 2 1 0 0 1 2 2 0 1 2 0 2 0 1 0 2 2 0 2 0 1 1 1 0 1 0 1 1 0 0 0 0 2 1 1
0 1 2 0 0 1 0 2 0 2 2 0 2 0 0 2 2 1 2 2 0 0 1 1 1 2 2 2 1 1 0 2 0 0 0 0 2 1 0 0 1 1 0 1 1 0 0 1 2 0 0 0 1 2 2 0 2 1 2 1 0 0 0 0 1 1 0 1 0 2 1 1 0 2 2 2 0 1 1 2 2 2 2 1 2 2 1 1 2 1 0 2 2 1 0 0 0 1 2 1 0 0 0 0 0 0 1 0 2 2 0 0 2 2 1 2 0 0 1 0 2 2 2 1 1 0 2 2 2
1 1 2 2 2 1 2 2 0 0 0 0 0 0 2 1 1 2 1 2 1 1 2 0 1 1 2 2 2 2 2 1 1 2 2 0 1 1 0 1 2 0 1 0 1 2 1 1 1 2 0 0 1 0 2 1 0 2 1 2 2 1 1 0 0 0 0 2 2 1 1 2 2 1 2 1 1 2 2 0 2 0 1 1 2 1 0 2 0 1 2 0 2 0 0 0 1 2 0 1 1 2 1 0 1 1 2 2 0 1 2 0 0 1 2 2 2 2 1 0 1 0 1 1 0 1 1 2 0
2 0 2 2 1 0 1 0 2 0 0 2 0 0 2 0 0 1 2 2 0 0 0 1 1 1 2 1 0 2 2 0 2 2 0 2 2 1 2 2 2 0 1 0 2 1 0 2 0 0 2 0 1 0 1 0 2 1 1 0 0 0 1 0 0 1 2 2 0 2 0 2 0 2 2 2 1 1 2 1 2 1 0 0 0 1 0 0 0 2 1 0 1 2 2 1 1 1 2 1 1 0 1 2 2 1 1 1 2 1 0 1 0 1 2 0 2 0 1 1 1 2 2 2 1 1 1 0 1
1 1 2 1 0 2 1 1 1 0 1 2 1 0 0 2 0 1 0 1 2 1 0 1 0 2 2 2 1 0 0 1 2 0 2 2 2 1 1 0 2 0 0 0 1 1 0 2 2 1 1 2 2 1 0 2 1 1 2 2 1 0 0 1 0 1 1 0 2 0 1 2 1 2 1 0 1 2 2 0 0 1 2 2 2 1 2 0 2 2 0 1 2 2 2 1 1 1 2 0 2 2 1 1 2 2 1 0 1 1 0 1 2 1 1 2 2 0 0 1 0 0 2 0 0 0 2 1 2
1 0 1 1 1 2 0 1 0 0 0 2 2 2 2 0 0 1 2 1 1 0 2 0 0 0 1 0 0 0 2 2 1 2 1 0 1 1 1 0 0 1 2 2 0 0 2 1 1 1 0 1 1 2 2 2 0 0 0 0 1 0 0 2 2 1 2 2 2 0 2 0 2 2 2 0 2 1 2 2 2 0 1 1 2 1 1 0 1 2 1 0 2 1 0 0 2 0 2 0 1 2 1 2 1 1 2 2 2 2 2 0 0 1 2 2 2 1 0 0 1 0 1 1 1 2 2 2 0
1 0 1 1 1 0 2 2 1 2 0 1 2 1 1 0 1 1 2 0 0 0 1 0 2 0 2 2 0 1 2 2 2 2 0 1 0 1 1 1 0 1 2 1 0 1 1 2 0 1 0 1 2 1 2 1 0 1 2 0 1 1 0 0 0 1 1 1 2 0 0 1 2 1 2 0 2 0 0 0 2 0 1 1 2 0 1 0 0 0 1 1 2 2 1 0 0 0 2 1 1 2 2 1 0 2 1 1 2 1 1 0 2 1 1 2 1 0 2 1 1 1 0 1 1 2 1 2 0
1 1 1 0 0 2 2 2 2 0 2 1 1 0 1 2 2 1 2 0 0 1 2 0 2 0 1 1 2 1 1 0 2 0 1 0 0 0 0 2 0 1 1 0 1 0 0 1 1 2 2 2 2 2 0 1 2 2 0 2 0 2 2 1 0 1 1 0 2 0 0 0 1 2 0 2 0 2 1 2 1 1 1 0 0 2 2 2 2 0 2 0 2 2 1 2 0 1 0 0 1 1 1 2 1 2 1 1 1 0 1 1 1 2 2 1 2 2 1 2 2 1 0 0 0 1 0 1 2
0 1 0 2 0 0 1 0 0 0 2 0 1 0 0 2 1 2 1 0 2 2 0 0 2 0 1 1 1 2 2 2 1 0 0 2 1 1 0 1 2 0 2 0 2 2 2 0 2 2 0 1 1 1 1 1 2 2 0 1 2 2 1 1 0 1 1 2 0 1 0 0 2 2 0 1 0 1 1 2 1 1 1 2 0 0 1 0 0 1 2 0 2 0 2 2 2 0 1 0 2 2 0 0 2 1 1 0 0 0 2 1 2 1 1 2 2 0 0 0 2 2 0 1 0 1 1 0 2
0 0 0 0 1 0 2 0 1 1 1 1 0 0 1 0 2 1 2 2 0 2 2 2 0 1 0 1 2 0 1 0 1 2 0 2 2 1 1 0 2 0 0 0 0 1 0 0 0 2 1 0 2 0 1 0 0 1 2 2 2 1 1 0 0 1 1 2 2 0 1 1 0 1 0 0 0 0 2 0 1 0 2 1 1 0 2 1 1 2 2 1 1 0 0 2 1 1 2 2 1 1 1 1 2 1 2 2 0 1 1 1 2 0 2 1 1 0 0 2 2 0 1 0 0 1 0 0 0
1 0 2 2 1 1 0 1 1 2 1 0 1 0 0 2 0 2 0 0 0 1 2 0 2 1 2 1 2 2 2 1 2 1 1 1 0 1 2 1 1 0 2 1 1 0 0 2 2 2 2 2 0 0 1 0 2 0 1 1 0 1 0 0 2 2 2 0 0 2 1 2 0 1 0 2 1 1 1 1 0 1 2 0 1 0 0 0 1 2 2 2 0 0 0 0 2 2 0 0 2 2 2 1 0 0 0 2 1 2 1 2 0 0 0 2 0 0 0 2 0 0 2 1 0 2 1 0 1
2 0 2 1 1 0 0 1 1 2 0 0 0 0 1 1 0 1 1 0 2 1 1 0 0 2 1 2 1 2 2 0 1 2 2 2 2 0 1 0 0 2 1 1 2 0 0 2 2 2 0 2 1 1 2 2 0 1 2 2 2 2 2 0 1 2 0 1 0 1 1 1 0 0 2 2 0 2 2 0 2 2 0 1 0 1 0 1 2 0 0 1 0 0 2 1 0 2 0 0 0 2 1 1 2 1 1 1 1 0 2 1 2 0 2 0 2 1 2 1 1 0 1 2 0 1 1 2 1
2 2 2 1 2 2 2 1 0 1 2 1 0 2 1 1 1 0 0 2 2 0 2 1 2 2 2 0 1 1 2 1 1 0 1 1 2 0 2 0 1 2 2 2 1 1 1 1 2 2 1 1 2 0 0 2 0 0 0 2 1 0 0 0 0 1 1 0 2 1 1 1 2 0 1 1 2 0 2 1 2 1 1 0 2 1 2 1 1 0 0 0 1 0 1 2 0 0 0 2 2 2 1 1 2 0 1 2 0 0 1 0 2 2 1 0 2 2 1 1 2 1 1 1 2 1 2 0 2
2 0 1 1 2 1 1 2 2 1 0 0 0 1 0 0 0 1 0 0 2 2 2 1 1 2 1 2 1 2 1 1 2 0 2 1 2 0 1 1 0 1 1 0 0 2 1 0 0 2 0 0 1 1 1 2 1 1 2 2 0 0 1 0 1 0 2 0 1 0 2 1 2 2 2 2 2 2 1 0 1 2 1 0 0 1 2 2 2 2 1 2 1 2 2 2 0 1 1 0 1 1 2 1 0 0 0 0 2 1 1 0 1 0 0 2 1 0 2 0 0 1 2 1 2 2 1 0 0
0 0 2 2 1 1 0 1 2 1 0 1 0 0 0 1 1 1 2 1 0 1 2 2 0 0 2 1 0 0 2 0 1 2 0 2 0 2 0 0 0 0 2 2 1 0 0 0 1 0 0 2 1 2 2 0 1 1 1 1 2 0 2 1 0 1 1 1 0 2 2 1 0 2 1 0 0 1 0 2 0 1 2 1 1 1 1 2 0 2 1 0 1 0 2 1 2 0 0 0 0 0 2 2 0 1 2 0 0 0 0 0 2 0 2 1 2 1 0 2 1 2 0 2 0 0 2 0 1
2 0 2 0 0 1 1 2 1 2 0 0 0 1 0 0 0 1 2 1 2 0 1 1 1 0 1 2 2 2 1 0 0 0 0 1 0 2 0 2 2 0 2 2 2 0 0 0 2 0 1 1 0 0 0 2 1 0 1 1 2 0 2 0 1 1 0 1 0 0 2 2 2 1 2 1 0 0 1 2 0 1 2 2 1 2 1 0 0 0 0 1 0 2 2 2 0 2 1 2 0 0 1 0 2 1 2 0 2 2 0 0 1 2 0 0 2 1 1 0 2 2 1 0 2 1 2 1 1
1 0 2 2 2 2 0 1 2 0 1 1 0 2 0 2 2 1 2 1 0 0 0 2 2 0 2 0 0 0 1 2 0 1 2 1 1 2 0 1 2 1 0 0 1 1 0 0 0 0 2 0 1 2 0 0 1 2 2 2 1 1 1 2 0 1 0 1 0 0 2 1 2 1 2 1 0 2 1 0 1 1 1 2 2 1 1 0 1 1 0 0 2 2 0 0 1 1 2 2 2 2 0 2 1 2 0 1 0 2 1 2 1 2 2 0 1 0 1 1 2 1 1 2 0 2 0 2 1
2 2 1 0 0 1 1 1 1 0 2 1 2 1 2 0 0 0 2 2 1 1 1 0 1 1 2 0 2 1 2 2 1 1 2 2 2 2 0 1 0 0 0 0 1 0 0 1 1 1 1 0 2 0 1 0 2 0 2 1 2 2 2 1 1 1 1 1 1 2 0 1 2 1 2 0 1 0 2 0 1 1 1 2 2 0 0 1 0 2 1 0 2 0 1 1 2 2 2 1 2 0 0 1 1 0 1 1 2 2 2 1 0 1 0 0 1 1 2 2 1 1 0 0 1 1 2 2 2
2 1 1 2 1 0 2 0 2 0 2 1 0 0 2 2 2 0 0 1 0 0 2 1 0 1 1 2 0 1 1 2 2 1 0 1 2 2 2 1 0 1 1 0 0 1 2 0 2 1 1 0 1 0 2 2 1 1 1 2 2 1 2 2 0 2 1 2 2 1 1 2 0 2 1 1 1 0 2 0 2 0 1 0 1 0 0 1 2 0 0 1 1 0 1 2 0 0 1 0 1 2 0 2 0 1 1 1 2 0 2 2 1 0 0 1 0 1 2 0 2 0 0 1 0 2 0 1 2
1 2 1 1 0 2 1 1 0 0 1 2 2 1 1 0 2 2 2 1 1 2 0 2 2 2 0 1 2 2 1 1 1 1 2 1 0 2 0 1 2 0 1 2 1 1 2 1 0 1 0 0 2 1 2 2 0 0 1 2 0 0 0 1 1 1 1 2 0 1 1 2 1 0 2 1 1 0 2 2 2 0 0 1 1 2 2 2 1 0 2 1 1 1 0 0 2 1 2 0 1 1 0 0 2 1 1 0 1 2 0 1 2 0 1 1 1 0 1 2 1 2 1 2 0 1 2 0 0
0 1 2 1 1 2 1 2 2 0 1 1 0 1 0 2 2 2 1 0 2 1 1 1 2 0 1 0 1 2 1 1 0 0 0 1 1 2 2 0 0 1 1 0 2 2 0 2 2 1 2 1 2 1 2 2 2 1 1 1 0 0 2 0 2 0 2 0 0 2 1 0 1 0 2 1 2 2 1 2 1 2 1 1 0 1 2 0 0 0 1 0 1 1 1 0 2 1 1 0 1 2 1 2 2 0 1 2 2 0 0 1 0 1 1 0 0 0 1 0 1 2 1 2 1 0 0 1 2
2 1 0 2 2 2 2 0 1 0 1 2 1 2 2 0 1 0 0 1 1 1 2 1 0 0 0 1 1 1 0 0 2 1 0 0 0 1 0 2 2 1 2 0 2 2 0 0 0 0 0 1 2 0 0 0 0 1 2 1 2 2 0 0 0 0 0 2 1 1 2 1 1 2 1 0 1 1 1 2 0 1 1 0 0 2 1 0 1 0 0 1 1 0 1 2 1 2 1 1 2 2 2 0 1 1 1 0 0 2 0 1 2 2 2 2 1 1 0 0 2 0 2 0 1 1 1 1 2
0 2 1 2 1 2 1 0 0 0 2 0 0 0 0 0 0 0 2 1 1 0 2 2 0 0 2 2 1 0 2 2 2 0 1 1 0 1 2 1 1 2 2 2 2 0 2 1 1 1 2 0 2 2 0 0 0 2 1 1 2 0 1 2 2 1 1 2 2 1 2 0 0 1 2 0 2 2 1 0 1 2 1 2 2 2 0 2 1 1 2 2 0 0 1 2 1 0 2 0 1 2 1 2 0 1 1 1 0 0 1 2 0 1 1 0 0 1 2 2 1 1 1 1 0 0 1 1 1
1 0 0 1 1 0 2 0 2 0 1 0 0 0 1 1 2 1 1 2 2 0 0 1 0 1 1 1 0 1 2 1 1 0 0 2 1 0 0 1 1 2 1 1 0 0 2 0 2 1 0 1 0 0 1 0 2 2 2 2 0 1 1 2 2 2 0 1 0 0 2 1 0 2 1 2 0 1 0 2 0 0 2 1 0 0 2 2 0 1 2 2 2 0 2 2 0 2 0 0 1 0 0 2 0 1 1 0 2 2 2 0 2 2 1 0 0 1 0 2 2 2 1 0 1 1 2 2 1
1 0 2 1 1 2 1 2 1 1 2 1 1 0 1 1 2 2 1 1 0 0 1 0 2 2 1 1 0 1 0 1 2 0 0 1 2 1 0 1 0 0 0 2 0 1 1 1 0 1 0 1 2 2 2 0 2 1 2 2 2 2 0 2 2 0 0 1 2 1 0 0 0 0 0 0 2 2 2 0 1 2 2 0 0 1 0 2 2 2 2 0 2 0 0 1 1 2 1 1 1 2 2 1 0 2 0 2 2 2 2 0 0 2 2 0 1 0 0 1 1 2 2 0 0 0 0 1 0
1 0 2 0 2 0 0 2 1 0 2 2 2 0 0 0 0 0 1 1 1 0 2 1 0 0 1 1 0 0 1 1 0 1 2 2 0 2 1 1 2 1 0 0 0 0 1 0 1 2 2 2 0 2 1 0 0 2 2 0 2 2 0 0 0 2 0 0 0 2 2 0 1 0 1 2 2 2 1 1 2 0 2 0 1 0 1 1 0 1 2 0 0 0 1 0 1 1 2 1 1 1 1 1 2 0 0 2 2 1 1 2 0 0 2 1 0 2 0 1 0 0 2 1 2 1 1 0 0
0 1 2 2 0 1 0 1 1 2 2 1 1 1 2 1 2 1 2 1 2 0 2 2 0 0 2 1 2 2 2 1 1 2 1 2 0 1 1 2 2 0 1 0 0 0 2 0 1 2 1 1 0 1 2 2 1 1 0 0 1 0 2 2 0 1 2 1 0 1 2 2 2 0 0 2 2 0 2 1 0 1 0 1 2 2 0 0 0 1 2 1 2 1 2 1 0 2 2 1 1 1 1 1 2 1 1 2 2 1 0 0 2 0 2 0 2 2 1 0 1 0 2 1 0 2 0 1 2
2 2 1 2 1 2 1 0 2 1 1 0 1 1 0 2 0 0 1 1 0 2 2 0 2 1 1 2 1 0 2 2 0 1 1 1 1 0 0 0 1 1 1 2 0 0 1 2 1 1 0 1 0 0 0 0 2 1 0 1 2 0 0 0 1 1 2 1 1 0 2 2 2 1 2 0 1 1 0 2 0 0 1 2 0 1 2 0 0 0 2 0 1 2 1 0 1 1 2 0 2 2 0 1 0 0 2 1 2 2 1 0 2 0 2 1 1 2 1 2 1 1 0 0 1 2 0 0 0
1 0 2 0 1 1 0 2 0 2 2 1 1 0 0 2 0 2 0 2 1 0 0 2 1 0 1 0 2 1 1 0 0 1 1 2 2 1 2 1 1 2 2 2 0 0 1 0 0 0 0 2 1 2 2 1 0 1 1 2 0 0 0 1 2 1 1 2 0 1 1 1 1 1 2 1 2 1 2 0 2 2 0 1 1 2 2 2 1 1 2 2 2 1 1 2 0 2 1 1 1 1 0 2 2 2 1 2 2 0 0 1 1 0 0 0 0 2 0 2 2 1 1 2 2 1 1 2 0
0 0 0 1 2 0 2 2 2 1 1 0 2 0 1 2 0 0 0 1 0 0 1 1 2 0 0 0 1 1 2 2 2 0 2 1 0 1 1 2 2 0 1 2 0 0 0 2 0 1 1 2 2 2 0 2 2 2 0 1 1 0 1 0 0 0 0 2 1 2 2 2 2 0 2 1 1 2 1 2 2 2 1 1 1 2 1 1 2 0 0 0 0 1 0 2 2 0 1 1 0 1 0 0 2 0 2 0 0 0 0 2 2 2 1 1 1 0 2 0 0 0 1 2 1 1 1 1 0
0 0 0 1 1 1 1 1 0 2 0 0 0 2 0 2 1 1 0 0 1 1 0 1 2 2 1 1 1 2 2 1 2 1 1 1 2 2 0 1 2 1 1 2 2 2 2 0 1 2 1 0 1 2 2 1 2 0 0 1 0 0 0 0 2 1 2 1 2 1 2 2 2 2 2 1 2 1 2 0 1 1 1 0 0 1 1 0 2 2 1 0 0 2 1 2 2 1 1 1 2 1 1 2 0 0 0 0 2 0 1 0 2 2 0 2 1 2 0 1 1 2 1 2 2 0 1 1 2
0 0 1 0 2 1 1 2 2 2 1 2 1 2 1 1 2 2 0 2 2 2 0 2 1 0 2 0 0 1 0 1 1 2 1 1 1 1 0 0 0 2 2 2 1 2 0 1 1 1 0 1 1 1 1 0 0 0 1 0 2 1 2 0 0 2 1 1 0 2 1 1 2 2 0 1 2 1 2 1 0 0 2 1 2 2 2 2 0 0 0 0 1 2 1 2 1 0 1 1 0 0 0 0 0 0 1 0 2 2 1 0 2 1 1 2 0 1 1 1 1 2 1 1 2 2 0 1 0
1 1 2 2 1 2 0 2 1 0 2 1 1 2 1 0 0 1 1 2 1 2 2 0 1 0 0 1 1 2 2 0 0 1 0 1 1 1 1 1 2 0 2 1 0 1 2 2 0 1 1 1 1 1 2 0 1 0 2 2 2 1 0 2 0 1 1 2 0 1 0 0 2 0 2 0 2 2 2 2 0 1 1 0 1 1 1 2 1 0 0 1 2 1 1 0 0 2 0 0 0 0 1 0 1 1 1 1 0 1 1 2 0 1 2 1 2 0 2 1 1 0 0 0 2 1 1 2 1
2 0 0 0 2 1 2 1 2 1 2 1 0 2 1 1 2 1 1 0 0 0 1 0 0 2 0 1 1 2 1 0 0 1 1 0 2 1 1 2 2 1 0 0 0 1 0 2 0 2 0 0 0 1 1 1 2 1 1 0 1 2 1 0 0 0 1 0 1 2 2 1 2 0 2 0 2 2 1 0 2 1 1 0 1 0 1 0 2 2 0 2 1 2 2 2 2 0 0 1 0 2 0 0 2 0 1 0 0 2 0 0 0 1 0 1 2 2 1 0 2 0 0 2 2 2 1 0 0
2 2 0 2 0 1 0 1 0 0 2 2 1 0 0 2 0 0 0 0 2 1 0 2 1 2 0 0 1 1 1 0 0 2 1 1 0 1 0 1 2 0 0 0 0 2 0 1 2 1 2 2 2 2 0 0 2 0 1 0 2 0 2 0 0 0 2 0 2 0 0 2 1 0 0 1 0 1 1 0 0 0 0 0 2 0 2 2 1 1 2 0 2 1 0 2 1 0 0 1 2 0 0 0 2 0 0 2 2 1 1 0 1 1 0 1 2 0 0 0 2 0 1 2 2 2 1 1 1
2 0 0 0 1 1 0 2 1 0 2 0 1 0 2 2 1 1 2 2 2 0 2 0 2 1 2 0 2 1 1 1 1 2 2 0 1 2 0 0 0 0 1 2 0 1 0 1 2 2 0 2 0 0 0 0 1 2 0 1 0 1 1 0 1 0 1 0 1 2 1 2 2 0 1 0 1 1 1 2 2 0 2 0 0 2 0 0 2 1 1 0 0 2 1 0 1 2 1 0 2 2 0 1 2 1 1 2 1 1 2 1 2 1 1 2 1 1 2 1 0 2 2 2 1 1 2 0 1
0 0 1 0 1 0 0 0 0 0 2 1 2 0 1 1 2 0 2 1 1 1 2 0 1 2 2 0 2 1 1 2 2 0 0 1 2 0 2 2 2 1 1 1 2 2 0 1 0 0 2 2 2 2 0 1 2 0 1 1 2 0 0 2 1 1 0 0 0 2 0 2 1 1 0 1 1 1 0 1 2 1 1 2 0 1 0 0 2 2 1 2 2 0 2 1 1 2 2 2 0 2 1 2 1 0 2 2 1 2 2 1 0 1 1 2 0 2 2 1 1 1 0 2 2 2 0 2 0
1 1 1 1 0 1 0 1 0 0 2 0 0 2 1 1 0 0 2 0 0 1 2 2 1 1 2 2 0 1 0 1 0 1 2 1 2 0 2 1 1 2 2 2 1 0 1 0 1 1 0 1 2 0 1 1 2 1 0 2 2 0 1 0 2 1 1 0 2 1 1 1 1 0 0 0 0 2 0 2 1 1 1 0 2 0 0 2 1 0 2 2 2 0 2 1 1 2 1 1 0 2 2 1 0 1 2 1 1 0 1 0 2 2 1 2 1 1 1 0 2 0 2 1 1 0 2 0 2
2 2 2 1 2 2 2 0 2 1 2 2 2 0 2 0 1 1 1 0 2 1 0 0 2 1 1 2 1 2 1 0 1 1 0 0 0 0 2 2 1 2 0 1 0 2 1 1 1 0 1 1 0 1 2 2 0 0 2 0 2 0 1 1 2 1 0 1 2 2 0 1 2 1 0 2 1 2 1 0 1 0 2 2 2 1 2 0 0 1 0 2 2 1 2 1 1 2 2 1 2 1 0 1 2 1 1 1 1 2 2 2 0 2 1 1 1 0 1 1 2 2 2 1 1 1 1 0 0
0 2 2 2 2 1 0 1 0 2 2 0 0 0 2 0 1 0 1 0 2 1 2 1 0 2 0 2 0 1 0 1 0 2 1 0 1 2 1 2 1 1 0 1 1 2 1 0 2 1 1 1 2 1 0 0 1 1 2 1 2 2 1 0 2 2 1 1 2 2 0 0 0 0 0 2 1 1 0 1 2 2 0 2 1 1 2 0 0 2 2 2 1 0 0 1 0 1 2 2 1 0 0 2 1 0 2 0 2 0 1 0 0 2 2 1 1 0 1 1 2 1 2 2 1 2 0 2 2
0 2 0 1 0 0 0 1 2 0 1 0 2 2 0 1 1 2 0 2 1 0 2 2 2 1 2 2 1 2 1 2 1 0 1 2 0 1 1 1 0 2 1 2 2 2 1 1 2 2 0 0 2 0 1 2 1 0 1 1 0 1 1 2 1 0 2 2 0 1 0 0 0 2 2 0 2 0 2 2 0 0 2 2 1 0 2 0 1 1 1 2 0 1 2 2 1 1 1 1 2 2 1 1 2 1 2 1 0 2 0 0 2 0 1 1 2 0 0 1 2 1 1 0 0 0 2 2 2
2 1 2 1 0 0 1 2 0 2 0 2 0 2 2 1 0 2 0 1 2 2 2 1 1 0 2 1 0 1 1 0 2 0 1 0 1 2 1 1 2 1 1 0 0 1 1 1 0 2 1 2 2 1 0 1 1 0 0 2 1 1 2 2 2 1 0 1 0 1 0 0 0 2 0 1 0 0 0 1 2 1 1 2 0 2 0 1 2 0 1 2 2 1 2 1 0 2 0 1 1 1 2 2 0 0 0 2 0 1 0 0 0 2 0 0 2 1 0 2 2 2 2 2 0 1 0 0 1
1 0 0 0 2 0 2 0 1 1 1 1 2 2 1 2 0 0 1 1 0 2 1 2 1 0 2 1 1 1 0 0 1 1 1 1 1 0 2 0 1 0 1 1 0 1 1 1 1 1 2 1 0 0 0 2 0 0 0 0 2 0 0 1 1 2 2 0 0 2 1 1 0 0 0 1 1 2 2 2 1 0 1 1 0 2 1 2 0 2 2 0 0 0 2 0 2 2 0 2 2 2 2 0 1 0 2 2 0 0 0 1 0 2 2 0 2 2 0 0 1 0 0 2 0 2 2 1 2
1 1 2 1 1 2 2 2 0 0 2 0 0 1 0 2 1 1 2 0 0 2 2 0 0 0 2 0 0 1 0 1 2 0 1 1 0 0 1 1 1 1 1 1 2 2 2 2 2 1 0 2 2 1 0 0 1 2 1 1 0 2 0 1 0 2 0 1 2 2 0 2 0 2 0 1 0 0 0 0 0 1 0 2 2 0 2 0 1 0 2 1 0 0 0 1 2 1 0 2 0 1 1 1 1 0 2 1 1 0 2 1 2 2 1 2 0 0 0 1 2 2 0 0 0 2 0 0 0
0 1 1 2 0 0 0 1 2 0 0 0 2 2 2 0 1 2 0 2 0 2 2 0 0 0 1 2 0 2 0 1 1 2 1 2 2 2 0 2 2 1 0 0 1 0 1 2 0 2 1 1 1 2 1 2 2 0 2 0 1 0 2 2 2 0 1 2 2 0 2 0 2 2 1 0 2 2 0 0 1 0 1 0 2 1 2 2 1 2 2 2 2 2 0 2 2 1 2 1 2 1 2 2 0 0 0 1 0 2 1 2 0 1 2 0 2 0 2 0 2 2 1 0 1 1 2 0 0
2 2 1 0 0 1 2 1 2 0 2 1 1 1 1 0 2 2 2 2 1 1 2 0 2 2 2 1 0 2 2 2 0 0 0 0 1 2 1 1 0 1 0 0 1 0 0 0 2 0 0 1 1 0 2 1 0 2 0 0 2 2 0 2 0 0 0 1 1 0 0 1 2 1 2 0 1 0 1 0 0 2 1 2 0 1 1 1 1 1 1 0 0 2 1 0 0 2 0 2 0 0 2 0 1 1 1 0 1 0 1 2 0 0 1 0 2 2 1 0 0 0 2 2 0 0 2 1 0
0 0 1 1 2 1 0 1 0 1 2 0 0 0 2 0 1 0 0 2 0 0 2 0 2 1 2 0 2 0 1 2 1 0 1 1 2 0 0 2 2 0 1 2 0 0 2 0 0 2 2 0 1 2 2 1 2 1 0 1 2 2 1 0 2 1 2 1 1 0 1 0 1 2 2 2 0 2 2 1 0 2 2 1 2 2 0 1 0 0 0 0 2 2 1 2 1 1 0 2 2 0 0 0 2 0 0 0 0 0 2 0 2 1 2 2 1 2 1 2 1 2 0 0 2 2 1 0 0
2 1 2 2 1 0 2 0 1 0 0 2 2 1 2 1 0 0 0 0 1 0 1 1 1 0 1 0 1 2 1 0 1 1 1 1 2 0 1 1 1 1 0 0 0 1 1 1 1 0 1 0 0 1 2 2 1 0 0 0 1 1 1 2 0 2 0 0 0 1 1 1 0 0 1 1 2 1 2 1 1 1 1 2 2 2 2 1 2 2 1 1 0 0 1 1 0 2 2 0 2 0 2 0 1 1 2 0 0 1 2 2 2 2 2 2 1 1 0 0 0 2 0 1 1 2 0 1 1
2 2 1 0 2 2 2 2 1 0 2 2 0 2 0 2 1 2 0 1 1 1 1 1 2 0 2 1 0 1 1 2 1 2 0 1 1 0 0 2 1 1 0 1 0 0 1 2 0 2 1 2 2 0 2 1 0 2 0 2 1 1 2 0 1 0 1 0 0 0 0 2 1 0 1 2 1 1 1 2 0 0 2 2 1 1 2 2 1 0 1 0 1 1 0 0 1 2 0 0 2 2 0 0 2 1 2 1 0 2 1 1 0 0 1 2 0 0 1 2 1 0 2 0 2 2 1 0 1
1 1 2 0 1 2 1 0 0 0 0 2 1 2 0 2 2 2 0 0 0 2 2 1 1 2 0 1 0 2 1 0 0 0 1 2 0 0 0 0 0 1 0 2 2 1 0 1 0 0 2 2 1 1 1 2 2 2 1 2 2 0 0 2 0 0 2 0 0 0 2 2 0 0 1 2 2 2 1 0 0 0 2 2 0 1 1 2 1 0 2 0 0 1 0 1 1 1 2 1 1 2 0 2 2 0 2 1 2 0 2 0 2 2 2 0 1 2 2 2 2 2 0 1 0 1 2 2 0
2 2 2 1 2 2 2 0 1 1 0 0 1 1 2 1 1 0 2 1 0 0 1 2 0 2 1 2 0 0 2 0 2 2 0 0 1 2 1 0 0 2 0 0 1 0 1 0 0 1 1 0 2 2 1 0 0 0 2 0 1 0 0 2 2 0 2 1 0 1 1 2 1 0 2 2 0 1 0 2 2 1 2 2 1 1 0 1 1 0 2 0 0 0 2 0 1 2 1 2 0 1 2 2 1 1 1 2 2 2 1 2 0 2 2 2 0 2 1 2 1 1 0 2 2 0 1 1 0
0 1 1 1 0 1 0 1 0 0 0 0 1 0 1 0 2 1 1 0 0 1 2 2 2 1 1 0 2 2 0 0 1 1 2 2 2 0 1 1 0 2 1 2 0 2 0 1 1 2 2 2 1 1 1 1 2 2 1 0 2 1 1 1 0 0 1 1 1 0 2 1 0 1 2 1 1 0 0 2 2 2 2 1 0 0 0 0 0 1 1 0 0 2 2 1 1 1 2 2 1 2 2 0 0 1 1 2 1 2 2 1 1 2 0 2 2 0 2 1 2 2 1 0 1 1 1 0 0
2 0 2 1 2 2 0 1 1 0 0 0 2 1 2 2 2 1 0 2 1 1 2 1 0 0 2 1 1 1 2 1 1 2 1 1 2 1 0 2 1 0 0 1 1 0 1 1 1 1 0 0 2 0 1 2 0 2 1 2 0 1 1 2 1 0 0 1 1 0 0 0 1 1 2 2 1 0 0 2 2 1 1 2 2 2 2 2 1 1 2 2 0 1 1 1 1 2 0 2 2 1 0 0 0 0 0 1 1 1 1 2 0 0 1 2 0 2 2 2 1 2 2 1 0 0 0 2 0
0 2 0 2 1 2 2 1 0 1 0 2 1 2 0 1 1 1 2 1 0 2 2 0 1 1 2 2 2 2 0 0 2 2 0 0 1 0 2 1 0 0 1 1 2 0 0 1 1 0 2 2 2 1 1 1 0 0 1 2 0 2 0 2 1 1 1 0 1 0 2 1 0 2 0 0 2 1 1 1 1 2 0 1 0 2 2 2 0 1 1 0 1 2 1 2 1 2 0 0 0 0 2 1 0 1 2 2 2 1 1 1 0 2 2 2 2 2 1 0 1 0 1 0 1 0 0 2 0
1 0 0 2 1 2 2 2 1 2 1 1 1 0 1 0 0 0 0 0 2 1 1 0 0 1 2 0 0 1 1 1 2 2 1 0 2 1 0 1 1 2 0 2 2 2 0 0 0 1 0 0 2 2 1 0 1 0 1 2 1 2 0 1 1 2 2 1 0 2 1 2 1 1 1 1 1 1 1 2 0 1 0 0 1 1 0 0 1 1 2 0 1 0 0 1 2 0 0 0 0 1 2 2 1 1 1 0 0 2 0 1 2 0 2 1 1 0 1 0 2 1 2 1 2 2 2 2 2
2 0 0 2 2 1 1 1 2 2 1 2 0 0 2 0 0 0 2 1 2 0 0 0 2 2 0 2 1 2 0 2 2 1 2 2 2 0 0 1 0 0 2 0 1 1 1 2 2 1 0 1 1 2 0 2 1 0 1 1 1 1 0 0 0 2 1 2 0 2 2 0 0 1 2 2 2 0 2 2 1 0 2 0 0 2 2 1 0 1 2 2 0 0 1 1 0 2 2 1 1 1 0 0 0 2 2 0 2 1 1 1 2 0 1 2 0 1 2 1 2 1 1 0 0 2 2 0 2
2 2 1 1 0 1 1 2 1 2 2 1 0 0 0 0 1 1 1 2 0 0 2 2 1 1 0 1 0 1 0 0 1 1 1 1 1 2 1 2 2 0 0 0 0 2 1 1 1 1 2 2 1 2 2 0 0 0 1 1 2 2 1 0 1 2 2 2 2 0 0 2 0 1 0 0 0 2 2 1 0 2 0 2 2 1 0 2 1 2 1 0 1 0 1 1 0 0 1 2 1 1 2 1 0 0 2 0 0 2 0 1 2 1 2 1 2 2 1 1 2 0 1 1 1 2 2 1 0
1 1 1 2 2 0 0 2 0 2 0 0 2 2 0 1 2 2 2 1 1 0 1 2 2 0 0 2 2 2 0 1 1 2 2 0 1 2 1 1 1 1 2 1 0 0 0 2 2 0 2 1 0 0 1 2 0 2 0 1 2 1 0 0 0 2 2 1 2 0 1 1 1 0 0 0 1 1 0 1 1 2 0 2 1 1 0 2 0 0 1 2 1 2 1 2 1 0 2 1 0 0 1 1 1 2 2 0 0 0 2 2 0 0 2 1 2 2 1 2 2 2 0 1 2 1 2 1 1
1 0 2 2 1 1 0 0 1 2 1 2 2 1 2 2 1 1 1 0 0 2 1 0 2 0 0 1 2 2 0 1 0 2 0 2 0 2 2 2 1 2 1 0 0 1 2 2 0 2 1 1 2 0 2 1 0 0 0 1 2 0 0 0 2 1 0 0 1 0 1 2 2 2 0 1 1 0 1 1 2 2 0 1 2 0 0 1 0 0 0 1 1 0 2 1 2 2 2 0 0 0 0 0 0 0 2 2 1 0 1 1 1 2 1 0 0 1 2 1 0 0 0 2 1 2 1 1 2
1 2 0 2 2 1 2 0 1 1 2 1 1 1 2 1 2 1 1 2 1 2 0 2 0 2 0 0 0 1 1 2 1 2 1 1 0 1 2 2 0 2 1 1 0 2 2 1 0 1 0 2 2 0 1 2 0 2 0 2 2 1 1 0 0 0 2 1 2 2 0 2 2 2 2 0 2 2 1 0 1 2 2 0 0 1 0 0 1 0 0 0 0 2 2 0 0 1 0 2 2 0 2 1 0 2 2 2 0 1 0 1 0 0 2 0 1 0 2 0 1 2 1 1 2 0 0 0 2
0 2 2 1 0 1 0 0 1 0 0 0 1 2 0 1 1 2 0 1 2 0 0 1 1 2 2 2 2 2 0 2 0 2 2 1 0 2 1 2 2 2 0 0 2 1 1 1 0 2 0 2 0 1 2 2 2 1 2 1 1 2 2 1 1 1 2 0 1 1 0 0 1 0 2 1 1 0 0 0 0 1 0 1 0 2 0 2 1 2 2 0 2 2 1 1 0 2 2 1 1 2 2 2 0 1 0 2 0 1 2 1 0 0 2 1 0 2 2 0 0 1 0 2 0 2 1 1 1
1 0 2 1 2 2 1 2 1 2 2 0 2 0 1 2 0 2 1 0 2 1 0 0 1 1 1 1 0 0 0 0 0 0 1 1 0 1 1 2 0 0 2 2 1 1 0 2 1 2 2 1 0 1 2 2 0 1 0 1 1 1 1 0 2 1 2 0 2 0 0 0 1 0 0 0 1 1 2 2 0 2 0 1 1 0 0 1 2 2 1 1 0 2 2 0 1 1 1 1 2 2 2 0 2 0 1 0 2 1 1 1 1 2 2 2 2 0 2 2 0 0 1 1 0 1 2 0 0
1 1 0 1 1 2 1 2 0 0 1 2 1 2 1 0 0 1 1 0 1 0 0 1 2 1 0 1 1 0 2 1 2 2 0 0 1 2 2 2 2 2 2 0 2 1 2 2 2 1 0 1 1 1 0 2 1 1 1 0 2 0 1 2 2 2 2 2 2 0 2 2 0 2 1 0 0 0 0 0 1 1 1 0 0 0 0 1 2 1 1 2 1 1 1 2 1 1 2 1 2 1 1 2 0 2 0 1 0 1 1 2 2 1 2 2 1 1 1 0 2 1 2 2 0 1 2 1 0
1 0 0 0 2 0 0 1 1 2 2 2 0 1 1 1 1 2 0 2 0 1 0 1 1 2 1 1 1 1 2 0 2 2 0 1 2 1 0 0 0 2 0 0 0 2 0 2 1 0 2 2 2 2 2 2 2 1 0 1 2 2 1 2 2 1 0 0 0 1 1 0 0 2 1 1 2 2 1 1 0 0 0 0 0 2 2 2 2 0 1 1 0 2 1 0 1 2 0 1 1 1 2 2 1 1 1 0 1 2 1 2 0 2 0 1 2 0 1 1 1 2 1 2 2 2 0 0 2
1 2 0 0 1 0 2 0 2 2 1 1 1 1 2 1 2 1 0 0 2 0 2 1 1 2 0 1 2 1 0 1 0 2 2 2 0 1 2 2 1 2 1 2 1 0 0 0 2 2 1 1 2 1 0 0 1 1 2 2 2 2 0 0 2 0 2 2 2 2 1 1 2 2 1 1 0 2 2 2 2 1 1 2 0 1 2 2 0 2 1 2 2 2 0 2 2 0 1 0 0 0 1 2 0 2 0 2 2 1 2 1 0 1 0 1 0 0 0 1 2 2 0 2 2 2 2 2 2
0 2 2 1 0 0 2 0 1 2 0 2 1 2 2 2 0 0 0 1 1 1 1 1 2 1 0 1 0 2 1 1 2 1 0 0 1 0 1 0 2 2 0 1 1 0 1 2 0 1 0 2 0 0 0 1 1 0 2 0 1 1 2 1 1 2 1 0 0 0 1 0 2 2 1 1 2 0 0 0 2 2 1 0 0 1 1 1 0 1 2 2 1 1 0 0 2 1 0 2 2 2 0 2 2 2 1 1 0 0 2 2 2 1 0 2 0 2 1 1 2 1 0 0 0 1 0 2 2
0 2 0 0 0 2 2 0 2 1 0 2 2 0 2 0 1 1 1 1 0 0 0 2 0 0 1 1 1 0 2 0 1 0 0 1 0 1 2 2 0 2 1 2 0 0 1 1 2 2 0 1 0 0 0 1 2 2 1 0 0 1 1 2 1 0 1 2 1 0 2 2 0 1 0 0 2 1 2 2 1 0 0 2 1 2 2 1 1 0 0 2 2 1 1 1 1 2 0 0 0 2 0 0 1 0 1 1 2 1 1 0 1 2 0 0 2 2 2 1 0 2 1 0 1 0 1 0 1
2 1 1 2 1 2 1 2 1 0 1 2 1 2 1 1 0 1 0 0 1 2 1 1 1 1 0 1 0 1 2 2 2 1 2 1 1 1 1 2 1 0 2 1 0 0 2 0 2 1 1 1 1 2 0 2 1 0 0 2 1 1 1 2 0 2 1 2 1 2 1 1 2 0 2 0 1 2 1 0 0 2 2 1 2 0 0 1 0 2 0 0 1 0 2 1 0 0 0 1 2 2 2 0 0 1 0 1 2 2 1 2 2 1 2 0 1 0 1 2 0 0 2 1 0 2 2 1 0
0 2 1 2 2 1 2 1 2 0 0 2 0 0 0 1 0 0 0 0 1 2 1 2 0 0 2 0 0 0 1 1 1 2 1 0 1 1 1 1 0 0 2 0 0 2 2 1 2 2 2 1 1 0 1 2 2 1 0 2 0 2 1 1 2 0 1 0 2 0 2 0 0 1 0 1 0 2 2 0 2 2 2 1 0 0 1 2 2 2 2 2 1 2 0 0 2 2 1 1 0 1 1 1 1 2 0 1 2 0 0 1 0 0 0 2 1 1 2 0 1 0 0 2 2 0 0 1 0
2 1 1 0 0 2 1 0 0 1 2 2 1 2 2 2 2 2 0 1 2 0 2 0 0 1 2 1 2 0 2 1 2 0 2 0 2 1 1 1 0 0 0 2 0 0 1 2 1 1 0 0 1 2 1 0 1 0 2 0 0 1 2 1 1 2 1 1 0 2 0 1 0 0 0 1 2 1 0 0 2 2 1 1 1 2 1 1 2 0 2 0 2 2 1 1 1 2 1 2 2 1 0 0 0 0 2 2 2 0 2 1 2 1 0 2 0 0 0 0 1 2 0 1 1 0 0 0 0
1 2 0 1 2 1 1 0 0 1 2 1 1 1 1 2 0 1 2 0 1 2 2 1 0 1 1 0 2 2 2 1 2 2 2 2 1 0 1 2 1 0 0 0 2 2 2 0 0 2 0 2 2 0 1 0 2 0 1 1 2 0 2 2 0 0 2 2 0 1 1 0 1 0 0 1 2 1 1 0 0 2 2 0 0 1 1 2 2 2 1 2 1 1 2 2 1 2 2 0 0 0 1 2 0 2 1 1 0 1 1 2 0 1 2 1 1 0 0 0 0 2 0 1 1 0 1 0 0
0 0 1 1 1 1 0 2 2 1 2 0 0 1 2 1 1 0 0 1 2 1 0 1 2 1 0 0 0 1 1 0 2 2 0 2 0 0 1 0 2 0 2 2 0 1 1 1 1 0 1 0 1 1 0 1 0 1 2 1 2 0 1 0 0 2 2 1 2 0 1 2 1 0 2 1 1 1 1 1 1 2 2 0 1 0 2 1 2 2 2 2 0 2 2 0 1 1 1 2 2 1 2 1 2 2 2 2 1 1 0 0 1 0 1 2 1 0 2 1 0 2 0 0 1 1 2 1 2
