3 130 19
300179045 661608637 1085767838 686510107 280644118 876707829 542410513 459203145 372886976 1000072722 67437885 110252819 729331033 1083697644 376192159 779352274 284894397 187059380 681751969 708943733 111234526 68982974 1051593191 594383823 640366349 937649072 990089396 865250043 1052233643 103804885 447885611 270974168 178047032 64743295 850310284 606486870 107143008 533300200 1120689498 724971578 935303509 838746094 43428273 1121608233 968741691 408817501 527773562 421224342 328887362 607265188 274199057 1129066064 804160207 50458017 1100062306 957174734 669063527 329944239 418403256 1062058144 60465018 403128971 21103416 505794791 1074676430 951135094 807398571 231861853 374468842 912919457 892110412 725208637 610406146 816928504 787866153 465842457 397761940 426421903 283603937 795965108 547916703 272496125 422898776 17648736 187509698 1135135733 345907734 358860185 1027577287 604434246 1000039646 218745403 715682082 806295033 462698181 788405458 135423031 107820756 1098557770 903082952 850504123 688268679 408496313 770056194 733826391 1066712171 368529798 488660118 1010896468 803211193 581165038 793602292 632657748 79653044 493510407 568202099 443133081 93043502 898368706 366825739 207459156 394836962 996338757 748327302 304855253 1083610614 418931049 1019429724 174028122 691198281
1 1 2 0 1 2 2 2 2 0 0 2 0 0 2 2 1 2 2 2 0 1 1 2 0 2 1 0 2 1 1 1 2 1 2 1 0 2 1 2 2 1 0 0 2 0 2 2 0 1 1 1 1 0 0 2 0 1 2 0 0 0 1 1 1 1 0 0 1 1 2 1 0 0 2 0 1 1 2 1 0 1 0 1 1 0 0 1 0 0 2 0 1 1 2 2 0 2 2 1 0 0 2 2 0 1 2 2 0 2 2 1 1 2 0 2 1 1 2 2 1 1 0 2 0 0 0 0 2 0
1 1 0 2 0 2 0 0 2 1 0 2 0 1 0 0 0 1 2 0 1 1 2 1 1 2 2 2 0 0 0 2 1 1 1 2 1 0 2 2 1 0 1 0 1 1 0 2 0 1 0 1 0 0 1 1 2 1 2 0 1 2 0 0 1 2 2 1 2 2 0 2 2 1 2 1 0 0 1 1 1 2 0 1 2 2 1 1 0 0 0 0 0 0 0 1 2 1 2 0 0 2 2 0 2 1 1 2 1 0 0 1 2 1 2 1 1 1 1 0 1 1 0 1 2 1 1 2 2 0
2 0 1 2 1 0 0 0 0 0 1 1 2 0 1 2 0 2 1 1 2 2 0 0 2 0 2 0 2 2 1 0 2 2 2 1 0 1 2 1 2 0 0 1 1 1 0 1 1 2 0 2 2 1 2 2 1 2 2 1 2 0 2 2 1 2 1 2 0 0 1 0 1 1 2 2 0 1 1 1 0 2 1 0 1 1 2 2 0 1 1 0 0 1 0 2 1 1 1 2 1 2 0 2 1 2 2 1 0 1 1 1 1 0 2 2 1 2 2 0 1 2 0 1 0 0 1 1 2 0
1 0 0 2 0 2 1 1 1 0 2 0 2 0 2 1 0 0 1 1 1 0 0 0 2 0 0 1 2 0 2 1 1 0 0 0 0 2 1 0 0 1 1 2 2 0 2 0 1 0 1 0 1 1 0 1 2 2 0 2 0 0 0 1 0 1 2 1 0 1 1 1 0 2 1 0 0 1 1 2 0 0 2 1 2 0 0 2 0 0 2 0 0 2 2 1 1 0 2 2 1 1 0 2 0 2 0 1 1 2 0 1 0 1 0 0 2 1 0 2 1 0 2 0 1 1 1 2 1 1
1 1 0 2 1 1 2 2 0 1 1 1 0 2 2 0 2 1 2 0 1 1 1 0 2 0 0 1 2 2 0 1 1 0 1 0 1 1 2 1 2 1 0 0 1 0 2 0 2 1 2 0 0 1 2 2 1 0 0 0 2 0 2 1 1 1 2 0 2 1 2 0 0 0 1 1 1 0 2 1 2 1 2 0 2 1 0 1 2 1 2 2 2 1 1 0 0 0 1 1 2 1 2 0 1 0 1 0 2 1 1 2 1 2 2 0 1 2 0 1 1 2 0 1 1 2 2 2 0 1
1 0 2 0 0 1 1 2 2 0 0 1 2 1 0 0 0 2 2 0 0 1 0 1 2 1 1 2 1 1 1 2 1 0 0 1 2 2 0 2 0 1 2 1 0 2 1 1 2 1 1 0 0 2 2 0 0 1 0 0 2 1 0 1 2 1 0 0 1 1 2 1 0 1 2 1 2 0 2 2 0 1 1 0 0 0 1 1 2 0 1 2 2 2 1 2 1 1 2 2 0 2 1 1 1 1 2 0 2 2 2 2 0 0 0 1 2 0 2 2 0 2 1 2 2 0 2 1 2 2
0 0 2 2 2 0 1 1 1 2 0 1 2 1 2 0 2 2 1 2 1 1 2 0 1 1 1 1 2 1 0 0 2 0 0 1 0 2 0 2 1 0 1 1 2 1 1 2 0 0 2 2 1 2 0 2 1 2 1 2 0 0 2 0 1 0 1 2 0 2 2 2 2 0 0 2 2 2 1 0 2 2 2 0 1 1 1 2 0 0 1 1 1 2 2 0 0 2 0 1 1 2 1 2 1 1 1 0 1 1 1 0 0 1 2 2 2 1 1 0 2 1 2 1 0 1 1 0 0 2
0 2 1 1 1 0 2 0 1 1 2 0 2 2 1 2 1 1 1 1 2 0 2 1 1 0 0 0 1 2 2 1 1 2 2 0 0 0 1 1 1 1 2 1 1 1 0 0 0 1 2 0 0 1 1 2 2 2 1 0 1 1 2 0 0 2 0 1 2 0 0 1 1 0 2 2 2 1 0 0 0 0 0 0 1 2 1 1 1 2 2 0 0 2 0 2 1 2 0 1 0 1 0 1 2 0 1 1 1 0 1 2 0 2 0 0 1 1 1 1 0 1 1 2 0 2 1 0 2 2
2 2 0 2 1 0 2 1 2 2 2 2 2 0 1 0 0 1 2 0 2 0 2 1 0 1 0 1 1 1 0 1 0 2 0 2 2 0 1 2 0 0 1 2 0 1 0 2 0 0 0 2 1 2 0 2 0 1 0 2 2 2 0 0 1 1 0 1 0 2 0 0 2 0 0 0 2 1 2 2 2 0 2 0 0 2 2 1 1 1 2 1 0 0 2 1 2 0 0 2 2 0 0 2 1 1 2 0 2 0 0 1 0 2 0 1 1 0 1 0 1 1 2 2 1 1 1 0 2 1
0 2 0 1 1 1 2 1 0 0 2 0 1 1 0 2 0 2 0 1 0 1 0 2 2 2 1 0 0 1 0 1 0 0 2 1 1 2 1 1 2 0 0 2 1 0 1 2 0 1 1 1 1 2 1 1 2 1 1 2 2 2 0 1 2 0 2 2 0 1 0 0 2 0 2 1 1 1 1 2 0 1 1 1 0 2 2 2 1 2 2 1 1 0 2 1 1 2 0 2 2 1 0 2 0 2 0 2 1 0 1 2 1 2 1 2 0 1 1 1 1 1 0 0 1 2 2 1 0 0
0 2 2 0 1 0 0 2 2 1 2 2 1 1 2 0 0 2 2 2 2 0 1 2 0 0 0 0 1 1 1 2 1 0 0 0 1 1 2 1 1 0 1 2 1 0 2 0 1 1 2 0 2 0 0 1 2 0 2 0 2 0 0 0 2 2 0 0 0 1 2 1 1 0 1 0 1 1 1 0 1 1 0 0 2 0 1 1 2 1 2 1 2 0 0 1 2 0 1 0 1 1 2 0 2 1 2 1 0 0 1 2 1 2 2 1 1 2 0 0 0 2 2 0 1 2 1 0 0 0
1 2 2 1 1 1 0 0 1 0 1 2 2 1 2 0 0 0 0 0 1 1 1 0 2 2 1 0 2 2 1 2 1 1 0 0 1 0 0 2 2 0 1 2 1 1 0 1 1 0 2 2 2 0 1 1 2 2 2 0 2 1 2 0 2 0 1 0 1 2 2 1 2 2 1 1 0 2 0 0 1 0 0 1 0 1 2 0 1 2 1 1 0 0 2 1 0 1 2 2 1 0 1 2 0 0 0 0 2 1 1 1 1 2 2 2 1 1 0 1 2 1 2 0 1 2 1 2 1 2
2 0 2 1 0 2 1 0 0 1 2 2 0 1 2 2 1 1 2 2 2 1 1 2 1 0 2 1 0 1 1 0 2 1 1 2 1 0 2 1 1 0 1 2 2 1 2 1 0 1 1 2 0 2 2 2 2 2 1 0 1 2 0 0 0 2 2 1 2 2 1 2 2 2 1 2 2 0 0 2 2 2 2 0 1 2 0 2 2 1 2 0 1 1 0 2 0 2 1 1 1 2 0 2 2 1 2 1 2 0 0 2 0 0 0 2 0 0 1 2 2 2 2 1 0 0 1 1 2 2
2 1 2 2 0 1 1 2 1 1 0 1 0 0 2 0 2 0 1 2 2 2 1 2 0 2 0 2 0 2 2 0 1 1 2 2 1 0 2 2 1 0 1 0 1 2 1 0 2 0 0 0 0 1 0 1 0 1 1 1 0 0 2 2 0 1 0 2 0 0 1 2 0 0 2 1 0 1 2 0 2 0 1 2 2 1 0 1 2 2 0 1 1 2 1 1 1 1 0 1 2 2 1 2 0 1 1 1 2 2 2 2 0 0 1 0 1 0 1 1 0 1 0 1 1 1 0 0 1 1
1 0 0 0 1 2 2 0 0 2 0 2 2 0 2 0 1 1 1 0 0 0 0 0 1 1 0 2 2 2 0 2 2 2 2 1 2 2 0 2 2 0 2 1 1 2 2 0 0 1 0 1 2 1 2 0 1 2 0 0 1 2 2 2 1 0 1 1 2 1 1 1 2 0 2 1 0 2 2 1 1 2 0 0 2 0 1 0 0 2 0 0 1 1 2 0 1 1 1 0 0 2 2 0 0 1 1 0 1 0 2 2 0 0 0 0 0 2 0 1 1 1 1 2 2 1 0 0 0 1
1 0 1 0 1 1 0 2 2 1 0 1 1 1 1 1 2 2 0 0 1 2 2 0 2 1 2 2 2 2 1 2 0 2 2 1 1 2 1 1 1 2 0 0 0 2 2 0 0 1 1 2 0 0 2 0 0 2 2 0 1 2 2 1 1 0 0 1 2 1 2 1 0 0 1 2 1 2 2 1 0 1 1 0 2 1 1 0 1 2 0 2 1 1 2 2 1 2 0 1 2 1 0 2 1 2 1 2 1 2 1 1 0 2 0 0 1 1 0 0 0 2 2 1 0 2 2 2 0 0
0 2 1 0 1 0 1 1 0 2 0 2 1 1 1 1 2 0 2 0 0 1 2 1 0 0 1 0 2 1 1 1 0 0 1 0 1 0 2 2 0 2 1 1 1 0 0 0 2 0 1 0 1 1 2 0 2 1 0 2 2 2 0 1 0 0 2 2 0 1 2 0 0 0 2 2 2 0 0 2 1 2 2 0 0 2 0 0 0 2 1 0 1 1 2 2 2 1 2 1 2 1 2 0 0 0 0 0 0 0 0 1 0 2 0 1 2 0 2 0 2 1 2 2 2 1 2 0 0 2
2 2 1 1 0 2 1 1 0 2 1 0 1 2 0 1 0 1 2 0 1 2 1 0 2 2 0 2 2 0 1 1 0 0 0 1 0 2 2 0 2 1 1 0 0 0 2 1 1 2 2 2 2 1 1 0 0 1 2 0 1 1 2 2 0 0 1 0 2 0 2 1 2 1 0 0 1 2 2 2 2 2 2 2 1 1 2 2 2 1 2 1 1 2 0 1 2 2 1 0 0 1 2 0 0 2 1 1 2 1 1 2 1 1 2 2 0 1 1 2 0 1 1 2 1 2 0 0 2 2
1 0 1 1 1 1 1 2 0 1 1 1 0 0 0 2 2 0 1 1 0 2 0 1 1 1 2 2 0 1 1 1 2 0 0 0 2 2 0 0 0 0 2 1 0 0 2 1 1 0 2 0 0 1 2 2 0 1 1 1 0 0 1 2 1 1 0 1 1 2 1 1 2 1 1 2 2 0 0 1 1 1 1 1 0 1 0 0 0 1 2 1 2 0 1 1 2 0 0 1 2 1 0 1 0 1 1 0 2 2 0 0 1 2 1 1 0 2 2 2 1 2 0 1 0 2 2 0 2 2
2 1 2 2 0 0 2 2 2 1 2 2 2 0 1 1 2 0 1 2 2 2 2 0 0 2 2 1 0 2 1 2 1 1 0 2 2 2 1 2 0 0 2 0 1 1 0 1 1 1 1 1 1 0 2 0 1 2 1 1 2 0 2 0 2 2 0 2 1 2 1 2 2 0 1 1 1 1 0 1 0 2 0 1 0 0 1 1 0 0 1 0 1 1 1 1 0 2 0 2 1 2 2 2 0 0 1 2 2 0 0 2 2 2 2 2 0 0 2 1 2 1 1 1 2 2 2 0 2 0
2 2 2 2 2 2 0 0 1 2 1 0 0 0 0 2 1 0 0 1 2 2 2 0 1 2 0 0 2 1 1 2 0 0 1 0 0 1 1 0 2 0 1 2 1 1 2 2 2 2 1 1 2 0 2 0 0 0 2 2 1 0 1 2 2 0 2 0 2 1 1 2 2 2 2 0 1 1 0 1 1 2 0 1 0 2 2 0 1 2 1 2 1 2 0 1 0 0 2 1 2 1 1 1 0 1 2 0 0 0 1 1 2 2 0 0 2 1 2 0 1 0 1 2 0 1 1 2 2 1
1 2 2 2 0 0 0 0 0 1 1 2 0 2 2 2 2 1 0 2 2 1 2 0 2 1 2 0 1 1 1 2 1 0 1 0 1 0 0 1 2 0 1 0 2 0 2 2 2 0 2 2 0 2 0 2 1 0 0 2 1 2 2 1 0 2 1 2 2 2 2 2 2 0 2 2 2 2 2 2 0 2 1 0 1 2 2 1 2 1 0 0 0 1 1 1 0 0 1 2 0 0 2 2 1 1 0 0 0 2 0 1 1 1 2 0 0 0 1 0 1 0 2 2 1 1 0 1 2 2
1 2 0 0 2 2 2 2 0 1 2 1 2 1 0 2 2 2 2 1 2 0 2 1 2 1 0 1 0 0 0 2 2 1 2 2 1 0 0 2 1 2 1 1 1 2 0 1 2 0 0 2 1 0 1 1 2 2 0 0 2 0 2 2 2 0 1 1 0 1 1 1 2 2 2 0 2 2 2 2 0 2 2 2 0 1 1 0 1 1 1 0 2 0 0 0 0 2 1 1 2 0 2 1 0 1 2 0 2 2 0 2 1 0 2 0 1 0 1 2 2 2 0 2 2 0 2 1 0 1
2 2 2 0 1 0 2 1 0 1 0 1 2 0 1 1 0 2 0 1 1 2 0 2 1 0 2 1 2 1 0 2 1 2 0 0 2 2 1 0 1 0 2 1 0 0 2 0 1 0 2 0 0 0 0 1 1 0 1 1 1 1 1 0 1 1 1 0 0 2 0 2 0 0 0 0 1 1 1 0 1 0 0 1 1 0 1 0 1 2 1 0 1 2 0 2 1 2 2 1 2 0 1 0 1 2 1 0 0 2 0 2 1 1 0 2 2 2 2 1 1 0 1 2 0 0 1 1 2 1
1 2 0 0 0 2 2 1 0 0 1 0 2 2 2 0 2 1 0 1 0 2 0 2 2 1 0 1 1 2 0 2 0 1 2 1 0 1 2 0 2 1 1 1 1 0 0 1 0 1 0 0 0 0 0 2 2 0 2 0 1 0 0 2 1 0 0 1 1 0 1 2 1 2 1 0 0 1 1 0 2 2 1 1 0 2 1 0 0 0 0 2 0 1 1 1 1 1 2 1 1 1 0 2 1 1 1 2 1 2 0 1 2 2 2 0 2 1 0 2 2 2 2 0 0 0 1 0 1 2
1 0 0 2 2 0 1 1 2 0 1 2 2 0 2 2 1 2 1 2 1 1 2 0 1 2 1 0 0 2 2 1 0 1 1 0 1 0 2 1 1 0 1 0 1 1 1 0 0 2 0 2 1 2 0 2 2 1 1 0 1 1 2 1 0 1 0 2 2 2 0 0 0 0 2 1 2 0 2 0 0 0 0 2 2 2 2 0 0 1 0 0 0 0 2 0 1 2 0 1 1 1 0 1 2 0 1 2 1 0 0 1 2 1 1 1 0 2 1 2 0 2 2 1 0 2 0 2 2 1
2 1 0 2 1 0 0 2 0 1 0 0 0 0 1 0 2 2 2 1 1 0 2 1 0 0 1 0 2 1 2 2 0 2 2 2 0 2 2 0 0 0 1 1 1 0 1 1 0 1 2 2 2 2 1 2 2 2 0 0 1 2 2 2 0 2 1 0 1 0 2 0 0 0 2 2 1 1 0 2 2 1 1 2 0 0 2 0 0 2 1 2 0 0 1 0 0 0 1 2 1 0 0 1 2 2 2 0 1 2 0 1 0 2 0 1 1 2 2 2 0 0 1 0 1 0 0 2 1 2
2 2 0 2 1 0 2 0 0 0 0 1 1 0 2 2 2 1 2 2 0 0 0 2 0 2 0 1 2 1 0 1 0 1 1 1 1 0 2 0 1 2 2 0 0 2 2 0 0 2 0 0 2 1 0 2 0 0 1 0 1 2 1 1 1 2 0 1 0 2 1 1 2 0 1 0 0 1 0 0 1 2 2 0 0 2 1 1 0 0 1 1 0 2 1 2 2 1 0 2 1 1 1 1 2 2 1 0 0 0 2 2 2 1 0 2 1 2 1 1 2 2 1 0 2 2 0 1 0 0
1 2 2 2 0 2 1 1 0 2 2 2 2 1 1 0 1 2 0 2 1 2 1 0 0 0 2 0 2 0 1 0 0 0 2 0 0 1 2 1 2 2 0 2 0 1 0 2 0 0 2 2 0 1 2 1 2 2 2 2 2 1 0 2 2 0 0 0 2 1 2 2 0 2 1 1 1 1 1 0 1 1 0 0 0 1 2 2 0 1 2 1 0 0 1 1 1 0 2 1 1 2 1 2 2 2 1 2 2 0 0 1 2 0 1 2 2 0 2 0 0 2 2 1 0 0 0 1 1 0
2 2 0 1 1 0 1 0 2 0 1 2 1 1 1 1 1 0 2 0 1 2 0 0 2 1 2 2 2 1 0 0 1 0 1 0 1 0 1 1 1 0 2 1 1 1 2 2 1 2 1 1 2 1 2 2 1 2 1 1 1 2 1 2 0 1 0 2 2 2 1 1 2 1 0 2 2 0 1 0 2 0 2 2 0 2 1 1 1 0 2 2 0 2 2 0 1 0 0 0 0 2 2 0 0 2 2 2 0 2 0 0 2 0 2 2 2 1 0 1 2 1 1 2 0 0 0 1 1 1
2 1 0 2 2 0 2 2 0 1 1 1 1 2 1 1 1 1 0 0 2 2 1 1 2 2 0 1 1 1 2 0 0 0 0 0 1 1 2 2 2 1 0 0 0 2 2 2 0 0 0 0 0 2 0 1 1 0 2 2 1 1 1 1 2 1 2 1 2 2 1 1 1 1 2 2 1 2 1 2 0 0 2 1 2 2 2 2 2 2 2 2 2 0 0 1 2 1 0 2 0 1 2 1 0 2 1 1 2 2 0 2 2 1 1 0 0 1 2 1 1 1 0 0 2 1 1 2 2 0
2 0 2 1 2 0 1 0 1 0 1 0 1 1 1 0 1 2 1 0 0 2 0 1 2 0 1 2 0 1 2 2 2 1 2 1 2 1 2 1 2 0 1 0 1 0 0 1 2 2 2 1 1 2 2 2 2 1 1 0 0 1 0 2 2 0 0 2 1 0 1 1 0 0 0 0 0 1 1 0 0 0 1 0 1 2 0 1 0 1 2 0 2 0 2 2 0 1 2 2 1 0 1 0 1 1 1 2 0 2 0 1 0 1 1 1 0 2 0 1 0 0 1 0 0 2 0 1 0 0
1 1 1 2 2 0 1 0 0 1 0 0 2 1 2 2 0 1 1 1 0 0 2 1 1 2 1 2 1 1 0 2 1 1 0 1 2 1 2 2 0 0 0 0 2 1 0 0 2 0 2 2 0 2 1 2 2 0 2 2 2 2 2 1 1 2 0 0 1 2 1 1 2 1 0 2 0 0 0 0 0 0 0 1 0 2 1 0 0 0 0 0 2 2 2 0 0 2 0 1 2 1 1 2 1 1 2 2 1 2 0 2 1 0 0 1 0 1 2 0 2 2 1 1 2 1 1 2 0 0
1 2 2 2 1 1 0 1 1 0 1 1 2 2 2 0 2 0 0 1 0 2 2 2 1 2 0 0 1 1 1 0 0 1 0 0 2 1 2 0 1 0 2 1 1 2 2 1 2 0 2 0 2 1 1 1 0 1 0 2 1 1 1 1 2 1 2 2 0 1 0 2 0 0 1 2 2 1 0 2 1 2 2 2 2 0 0 0 0 1 1 1 0 2 0 0 0 0 0 1 2 1 0 2 2 0 1 2 1 1 1 0 2 1 2 2 2 0 2 0 2 0 2 0 2 2 0 0 0 1
2 1 0 0 0 2 1 0 2 0 2 0 1 1 1 1 1 1 2 1 1 2 2 0 2 0 1 1 1 2 2 1 0 0 0 2 0 1 0 2 1 2 2 0 2 1 1 0 0 1 2 2 0 0 1 0 0 0 2 1 2 2 1 1 2 1 1 2 2 1 2 2 1 2 2 1 0 1 2 1 0 2 2 0 2 0 1 0 1 0 0 1 2 1 2 2 2 1 2 2 0 1 2 2 1 2 0 0 1 0 2 2 0 1 2 0 2 2 2 0 0 2 2 0 0 2 0 0 1 0
2 1 2 2 1 1 2 0 1 1 0 0 0 1 0 0 0 2 2 2 1 0 1 0 1 2 0 1 2 2 2 2 2 0 2 0 1 2 0 0 0 2 1 0 1 2 1 1 2 1 0 1 1 2 2 0 1 2 2 1 2 2 2 1 2 1 2 1 1 0 1 1 0 1 0 1 0 2 0 0 0 1 1 0 2 0 0 0 0 0 0 0 1 2 1 0 0 0 2 2 1 1 2 1 0 0 1 1 2 1 1 0 0 1 1 2 1 0 1 2 0 2 2 2 1 1 0 2 2 0
0 1 2 2 1 0 2 2 1 2 1 0 0 1 1 2 2 1 2 1 0 0 0 0 0 2 1 0 1 1 1 2 0 0 1 1 0 1 1 2 1 2 0 2 1 2 1 0 0 0 2 2 0 2 2 0 2 1 1 2 0 2 1 1 1 1 0 1 2 1 2 1 1 0 0 2 2 1 1 1 2 0 0 2 0 0 1 0 1 0 2 2 1 1 1 2 2 2 1 2 0 0 0 1 0 1 2 1 0 0 0 2 0 0 0 1 1 2 2 2 2 1 0 0 2 2 0 2 2 2
2 0 2 0 0 1 2 2 2 0 2 2 1 0 0 1 2 1 1 1 1 1 0 2 2 1 2 2 0 1 2 0 2 2 1 2 0 1 1 0 1 1 0 2 2 0 1 1 2 0 0 1 2 1 1 2 0 0 2 2 2 2 2 1 1 1 2 2 0 0 0 2 0 0 2 2 1 2 1 0 2 2 2 1 1 0 0 2 0 0 1 0 0 1 0 1 0 2 1 0 0 1 0 0 1 1 0 0 0 2 1 2 2 0 2 1 1 0 1 2 1 2 1 1 1 1 2 1 0 1
0 1 2 1 2 1 2 0 2 2 0 0 0 0 1 2 2 0 0 0 0 2 0 1 0 2 2 1 1 0 2 2 2 0 1 2 2 0 2 2 1 0 2 1 2 1 1 1 2 1 2 0 1 2 1 0 2 1 1 1 2 1 0 1 2 2 1 2 0 2 1 1 0 1 0 2 1 2 1 0 1 1 0 0 1 0 0 1 2 2 0 1 1 1 1 1 2 2 1 2 1 0 1 0 2 2 2 0 1 1 1 2 0 2 0 2 2 1 1 1 1 2 1 0 1 2 2 0 2 0
0 2 0 1 2 2 1 2 1 2 1 0 0 2 2 0 1 0 0 0 1 1 0 0 1 2 2 0 0 2 1 1 1 2 0 0 0 2 2 1 2 1 1 0 1 1 1 0 1 2 2 1 0 2 2 2 2 2 0 1 2 0 0 0 2 1 1 0 1 1 1 1 0 0 1 2 0 0 0 2 2 2 1 1 0 1 0 0 0 1 1 2 2 1 0 2 1 1 2 2 0 2 0 1 0 0 0 0 1 2 1 1 1 2 2 2 1 0 0 2 2 2 2 2 2 2 2 0 1 2
2 2 2 1 1 1 2 2 1 0 2 0 2 0 1 2 1 2 0 2 2 0 1 1 0 0 2 0 1 0 0 2 0 0 0 2 1 2 2 0 2 1 2 0 2 0 2 0 2 0 0 2 1 2 1 2 0 0 0 0 1 0 2 0 1 2 2 0 2 2 2 2 1 1 2 0 1 2 2 1 0 2 1 1 2 0 1 1 0 1 1 2 1 0 2 1 0 2 1 2 1 0 1 2 2 2 1 1 1 1 0 2 1 2 1 1 2 2 2 0 0 0 2 2 1 0 0 1 2 0
0 2 1 2 2 1 1 0 2 0 2 0 2 1 2 1 2 2 0 2 2 1 2 0 1 0 0 2 2 0 0 2 2 2 2 2 1 1 0 0 2 0 2 0 1 2 1 1 2 2 0 1 0 2 2 2 0 0 0 2 1 0 2 0 0 1 0 1 0 2 0 1 2 2 1 1 1 2 2 0 2 2 0 1 2 0 0 2 1 1 2 2 2 2 0 2 0 2 2 2 1 2 0 0 2 2 2 0 1 1 2 2 0 0 0 2 0 1 2 2 0 1 1 2 0 0 2 1 2 1
1 0 1 2 1 0 1 0 2 0 1 2 2 1 2 0 1 0 1 0 0 1 2 2 1 0 2 2 1 1 1 1 1 0 0 2 1 2 0 0 0 1 0 2 0 2 0 1 1 1 1 2 0 0 2 2 0 2 1 0 1 0 2 1 1 2 1 2 1 2 1 2 0 1 2 1 2 2 2 0 1 2 0 2 0 2 1 2 2 0 0 1 0 2 0 2 1 1 1 1 0 2 0 1 1 0 2 0 2 2 1 1 1 2 0 0 2 2 2 2 2 2 1 0 1 1 2 0 2 1
1 1 1 0 2 0 1 2 1 1 2 2 0 2 2 0 2 1 2 1 1 2 1 0 0 2 2 2 2 0 1 2 1 0 0 0 1 1 0 2 2 0 2 2 2 1 1 1 0 0 0 2 1 1 2 1 0 0 2 1 0 0 1 1 1 1 2 2 0 2 2 0 2 1 0 0 0 2 1 1 0 0 0 1 1 1 0 0 1 2 2 1 0 0 0 2 2 2 2 2 2 1 2 1 0 0 2 0 0 1 1 1 2 0 2 0 2 2 1 1 2 0 0 2 1 0 1 1 2 0
1 1 2 2 0 2 0 0 0 1 2 2 2 1 0 1 2 2 2 1 1 1 2 1 2 2 1 1 0 0 0 2 2 2 1 2 2 1 0 2 0 2 2 2 1 0 1 1 0 0 0 1 2 0 2 1 2 1 1 1 2 1 0 1 0 2 1 0 1 1 1 2 2 0 1 0 2 0 1 2 1 2 1 2 0 1 0 2 0 1 1 2 0 1 2 1 1 1 1 1 0 2 1 2 1 0 0 0 1 2 0 0 0 2 2 0 1 1 0 2 0 2 2 1 1 1 2 1 2 1
2 0 2 0 0 1 0 1 2 2 1 2 0 1 2 2 2 1 1 2 1 2 2 1 0 1 1 0 0 0 1 2 1 1 0 2 2 1 1 1 1 2 1 2 1 1 2 1 0 1 2 2 0 1 0 1 0 1 1 0 0 0 0 2 2 1 2 1 0 1 1 2 1 0 1 1 2 1 2 2 0 2 2 0 1 2 2 2 2 0 1 0 1 2 2 1 1 2 0 2 0 1 1 1 1 0 0 1 2 0 1 0 2 0 1 1 1 1 2 0 2 1 0 0 0 0 2 2 2 0
2 0 2 0 0 2 1 0 0 1 1 2 2 2 0 0 0 1 1 0 2 1 1 0 2 0 1 0 0 1 0 0 2 0 1 2 2 0 0 1 2 2 1 1 1 1 1 2 0 1 0 2 2 2 0 2 0 2 2 1 0 0 1 2 1 2 2 1 0 0 2 2 0 0 1 1 2 0 1 0 1 2 2 1 2 0 0 2 2 1 0 1 1 2 0 2 0 1 1 0 2 1 1 2 0 2 1 0 2 2 0 1 2 0 0 2 2 2 1 2 0 0 0 1 0 2 2 0 0 1
1 2 2 2 2 0 1 0 0 2 0 1 1 2 0 2 1 0 1 1 2 2 2 1 0 2 0 2 0 1 0 2 1 1 1 0 2 0 1 1 0 1 0 2 2 0 2 1 1 1 0 2 0 2 0 1 2 1 2 2 0 0 1 1 2 0 2 2 1 1 0 0 0 0 0 2 2 2 2 1 1 2 0 2 2 1 0 1 0 0 1 0 1 0 2 0 1 1 0 2 0 0 0 1 2 0 1 2 2 0 0 1 0 2 0 0 0 2 2 2 2 0 2 0 1 2 2 2 1 2
2 2 1 0 0 1 0 1 0 1 0 1 2 1 0 0 1 2 0 0 1 2 1 1 1 2 0 0 2 0 0 2 2 2 2 0 0 1 2 1 0 2 0 2 0 1 0 2 0 0 2 2 1 1 1 2 1 2 2 0 2 0 0 1 0 0 2 1 2 2 1 2 1 2 0 0 0 0 2 2 2 0 2 0 1 0 2 1 0 2 1 0 0 2 0 1 1 2 0 0 1 2 1 1 1 1 2 1 2 1 1 1 2 1 2 2 1 2 0 2 2 2 1 0 0 1 1 1 0 2
2 0 1 0 2 2 1 1 2 1 0 0 0 0 1 1 2 1 0 2 1 0 2 2 1 2 0 2 0 2 0 0 0 2 1 2 0 0 1 2 2 1 0 0 1 0 1 1 1 2 1 0 0 1 0 1 0 1 1 1 1 1 2 1 1 0 1 1 1 2 1 1 1 1 2 0 1 0 0 0 0 1 2 0 2 0 1 1 2 1 0 1 2 0 2 1 0 1 0 0 1 1 1 0 1 1 1 0 0 2 2 0 0 1 2 1 2 1 0 1 2 0 2 0 0 0 1 1 2 0
2 0 1 1 1 0 0 0 2 0 2 1 2 0 0 1 2 2 2 2 0 2 0 1 2 0 1 1 2 0 1 1 1 1 0 0 1 2 0 1 2 0 0 1 2 0 0 2 0 0 0 2 2 0 0 2 1 2 0 1 0 2 0 1 1 2 2 2 1 0 2 1 2 2 1 2 1 1 1 2 1 1 1 1 2 2 1 1 2 2 2 2 2 0 2 0 2 2 0 1 0 0 0 2 0 2 2 1 0 1 0 0 0 0 2 0 0 1 1 0 1 1 0 1 2 2 2 2 1 2
1 2 0 2 2 1 2 2 0 0 1 1 0 1 1 0 2 0 2 1 0 0 0 0 1 0 1 0 2 0 0 1 0 1 1 0 2 0 0 0 1 1 2 2 0 1 2 0 1 2 2 1 0 2 0 2 2 2 0 2 2 1 1 0 0 0 1 1 1 2 1 2 1 0 2 1 0 2 2 1 2 2 1 0 1 2 2 1 1 0 1 1 2 0 1 2 1 0 1 0 2 0 0 1 1 2 0 1 2 0 0 2 2 1 2 1 1 1 0 2 2 1 0 1 0 0 1 1 1 2
1 2 0 1 0 2 1 0 1 1 1 2 0 0 1 2 1 2 1 2 1 1 1 2 2 1 0 1 0 1 2 2 0 0 1 1 0 2 2 2 0 1 1 1 1 1 1 1 0 0 0 2 2 2 2 2 1 0 2 1 1 2 1 2 2 2 1 0 0 0 0 1 1 2 0 1 0 1 0 1 2 0 1 1 1 1 1 2 1 1 2 0 0 1 0 2 2 1 0 2 0 0 0 2 1 1 0 2 0 1 1 2 0 0 2 1 1 1 1 0 2 1 2 2 0 2 1 2 2 0
1 2 1 2 1 2 1 0 0 2 1 1 2 1 2 1 0 1 2 2 2 1 0 1 1 0 1 1 2 0 1 1 2 2 2 2 0 1 0 0 1 1 1 0 1 1 0 1 0 2 0 0 2 2 2 0 2 0 2 0 1 0 2 1 1 2 1 1 0 1 2 1 1 1 0 2 0 0 1 1 0 0 1 2 2 0 1 2 0 0 0 2 2 0 2 0 0 0 2 1 2 1 0 1 0 1 0 0 1 1 1 2 2 0 2 1 0 1 1 2 0 1 2 2 2 1 0 0 0 2
2 0 1 2 1 1 1 1 0 0 0 1 0 0 2 0 2 0 1 0 0 1 0 0 1 2 2 1 2 2 1 2 2 2 2 1 1 1 0 2 2 2 0 0 0 0 0 2 2 2 1 2 2 1 0 0 1 0 0 2 0 1 1 1 2 1 2 1 0 1 0 0 0 1 0 0 2 1 2 2 0 0 1 0 2 0 2 1 1 2 0 1 1 1 0 0 1 1 2 1 2 2 1 2 1 1 0 1 0 2 0 2 1 2 2 0 0 1 2 1 1 2 1 0 2 1 1 0 0 1
1 2 0 1 2 2 0 0 0 1 1 1 0 2 2 2 0 2 1 1 2 0 0 0 0 0 2 0 0 0 1 0 0 2 1 1 0 1 1 1 2 2 0 0 2 0 0 1 2 2 2 1 2 0 2 1 1 2 1 2 0 0 0 0 0 2 1 1 1 1 0 1 1 1 2 2 1 0 0 1 0 0 1 0 0 0 1 2 0 0 0 0 1 0 2 0 0 0 1 2 2 1 1 1 2 1 0 1 2 1 1 2 1 2 0 2 0 2 0 2 0 0 2 2 0 1 2 1 0 2
1 0 0 0 2 1 2 0 0 2 1 1 1 0 1 1 1 0 2 1 2 0 1 2 2 2 2 0 2 0 2 0 0 0 1 0 2 1 0 0 0 0 1 2 1 1 2 2 1 1 1 0 1 0 0 1 1 2 2 0 2 1 1 1 0 1 2 2 2 0 0 0 0 0 2 0 1 2 0 2 0 2 0 2 2 0 1 0 1 0 1 1 0 1 2 1 2 1 0 1 0 2 2 0 2 2 1 0 2 2 2 0 1 0 0 1 0 2 2 1 0 1 0 1 2 0 2 1 0 1
0 0 0 2 1 2 0 0 0 0 2 0 0 0 0 1 1 1 1 1 0 2 0 1 1 2 2 1 2 2 0 2 0 0 0 2 0 1 2 1 1 1 1 1 2 1 1 0 2 2 0 0 2 0 2 1 0 2 0 0 2 0 0 0 1 1 2 2 2 2 0 0 0 2 2 2 0 0 0 0 1 0 1 1 1 0 2 0 0 0 0 0 1 1 1 0 2 0 2 1 2 0 1 0 2 2 0 0 0 1 1 1 2 0 0 1 1 0 2 2 2 0 0 0 1 1 1 1 2 1
0 2 2 0 2 2 2 0 0 2 1 1 2 1 1 2 0 2 0 2 2 2 0 2 1 2 1 2 1 1 0 1 0 0 2 0 0 1 0 0 1 2 2 0 0 0 0 1 0 1 2 0 2 2 0 0 1 2 0 0 1 0 0 2 2 2 2 2 1 1 0 0 0 2 1 1 0 2 0 0 1 2 1 0 1 2 0 1 2 0 2 0 2 2 0 1 0 0 1 2 2 1 0 2 1 2 1 1 1 2 1 2 1 1 1 1 0 1 0 0 0 0 1 2 1 2 1 1 0 0
0 2 1 0 2 0 0 1 1 1 1 0 1 0 1 0 2 2 2 2 0 0 1 2 0 2 2 1 0 2 1 1 2 0 2 2 0 2 0 2 1 1 2 0 2 2 1 1 2 0 2 0 1 0 2 1 0 2 0 0 1 1 2 1 2 1 0 0 0 1 0 1 0 0 1 0 2 2 2 2 0 2 0 1 0 0 0 0 2 0 1 1 2 0 2 2 1 0 2 2 1 2 0 2 0 0 0 0 0 1 0 1 0 0 0 2 0 2 2 0 2 2 1 2 2 1 1 2 1 2
1 1 2 0 1 0 0 0 1 1 1 2 2 2 1 1 1 2 0 1 0 0 0 1 2 0 1 2 2 0 2 2 1 1 2 1 2 0 1 1 1 0 1 2 2 2 1 1 2 2 2 0 2 0 2 0 1 0 0 1 1 2 1 0 0 0 1 0 1 0 2 0 0 1 0 0 1 1 1 0 1 1 1 1 2 1 1 0 1 2 2 2 1 0 0 1 1 2 0 2 0 2 1 1 1 1 1 0 1 0 1 2 2 0 1 1 1 0 2 2 2 1 0 0 0 1 0 1 1 0
2 2 0 0 1 2 2 0 0 0 2 1 1 1 1 2 0 0 0 0 1 2 2 1 1 2 0 1 1 1 2 1 1 2 1 0 1 1 0 2 2 2 1 1 2 2 1 0 1 2 0 2 2 0 0 1 1 1 2 0 2 1 1 0 1 2 0 1 0 2 0 0 2 1 2 1 2 1 1 0 0 2 2 0 1 0 1 2 1 1 2 0 0 0 2 2 0 0 0 1 0 0 0 0 0 2 2 2 1 2 0 2 2 2 0 0 0 0 0 1 1 0 2 0 1 2 2 1 1 0
1 1 0 1 2 0 1 0 0 0 2 0 0 1 0 0 0 0 0 1 1 0 2 2 1 0 1 0 0 2 0 1 2 1 0 2 0 1 2 0 1 1 2 2 1 2 0 2 0 1 0 2 2 0 1 0 1 1 1 2 1 1 1 1 1 1 1 1 0 0 2 0 2 1 2 1 1 0 0 2 2 0 1 2 2 1 0 0 2 1 0 0 1 1 2 2 0 1 1 1 1 1 1 0 1 1 1 2 1 2 2 1 1 0 1 0 1 2 1 1 0 1 0 1 0 2 1 0 1 0
1 2 2 1 0 0 0 2 0 1 0 0 1 1 0 0 1 0 2 0 1 2 1 1 2 1 1 1 2 2 2 1 2 2 2 0 0 2 0 1 2 0 1 0 2 2 0 1 2 2 1 1 2 2 2 2 1 1 1 0 0 1 2 0 1 1 0 2 2 1 0 1 2 2 2 2 1 0 0 2 0 2 0 2 2 0 0 1 2 1 2 0 0 2 1 1 2 2 1 1 1 1 2 1 1 2 1 0 2 0 2 2 0 2 2 2 1 2 1 0 1 1 1 1 1 0 0 0 0 1
1 2 0 1 0 1 0 2 0 0 2 2 0 2 0 0 2 1 0 1 1 2 0 0 1 1 0 2 0 1 0 1 0 2 1 0 1 2 0 1 0 0 1 1 2 1 1 0 0 0 1 1 2 2 2 0 1 2 0 1 1 2 1 1 1 0 0 2 2 0 1 0 1 0 2 1 2 1 1 2 2 0 0 1 0 0 0 0 0 1 1 2 0 0 1 2 0 1 2 1 2 1 2 1 1 1 0 1 1 2 0 1 0 1 0 2 2 1 2 1 0 1 1 1 2 2 1 0 1 0
1 1 2 1 0 1 0 0 2 2 0 0 1 2 2 2 1 1 1 0 0 1 1 1 0 1 1 2 2 2 0 1 1 1 2 1 2 1 1 0 1 0 0 0 2 2 0 0 2 1 0 2 1 2 1 2 1 0 2 0 0 0 1 1 2 2 0 1 1 1 1 2 2 0 1 1 0 1 1 2 0 2 0 2 2 2 1 0 2 1 1 2 2 2 0 1 2 0 0 0 2 0 1 2 0 2 1 0 0 0 1 1 0 1 0 2 0 0 0 2 2 1 2 1 1 0 0 0 1 0
2 0 0 0 0 1 2 2 2 0 0 0 2 0 2 0 1 0 0 1 0 0 1 2 2 2 2 2 0 0 1 0 1 2 0 0 1 0 2 1 1 0 2 1 1 2 2 0 2 1 0 2 1 1 1 1 1 1 1 2 1 2 0 0 0 0 0 2 2 0 0 1 0 0 2 0 2 1 0 2 0 0 1 2 2 0 1 0 1 2 0 0 0 0 0 0 1 1 2 0 1 0 2 0 1 1 0 1 1 1 0 1 0 2 1 2 0 2 1 1 0 1 2 0 2 0 0 1 1 0
0 1 1 2 2 0 2 0 1 0 1 2 2 2 2 2 2 2 1 0 0 1 2 0 1 2 0 2 0 0 0 1 2 2 1 1 2 0 1 1 1 0 0 1 0 2 0 0 1 2 1 2 1 1 2 1 0 0 1 1 1 2 0 0 1 2 1 2 0 0 0 2 1 1 0 2 1 1 2 0 1 1 0 2 2 1 1 0 1 0 0 0 2 1 0 1 0 2 0 1 2 2 0 0 0 0 0 2 2 0 0 0 0 1 1 0 2 2 2 1 0 2 1 0 0 1 2 1 1 0
2 0 0 2 1 0 0 2 1 0 0 1 0 1 2 2 1 1 0 0 0 0 0 1 1 0 0 1 2 1 2 1 2 0 1 1 1 2 0 2 2 1 1 0 2 1 1 2 0 1 0 0 2 1 0 1 2 1 2 2 0 0 1 0 1 0 1 0 2 0 0 2 1 2 2 2 0 0 2 1 2 2 0 2 1 1 0 2 2 1 2 0 1 0 1 0 0 2 0 0 0 0 2 2 0 0 2 1 1 1 0 1 1 0 1 1 1 1 0 2 2 2 2 1 2 0 2 1 1 0
2 1 1 2 1 2 0 0 1 1 2 1 0 1 0 1 0 2 1 0 1 1 0 1 0 2 2 2 1 0 0 1 2 2 1 1 1 2 2 0 1 1 2 2 0 2 1 0 2 2 1 0 1 1 2 2 2 2 2 0 2 0 2 2 2 1 1 1 0 1 1 2 0 1 1 2 1 2 0 1 0 2 2 1 1 2 0 0 2 2 2 2 2 2 2 2 1 1 0 1 0 2 0 0 1 2 0 0 0 1 2 0 1 1 1 0 1 2 1 0 2 1 1 2 1 0 2 2 2 0
2 0 0 2 0 2 0 2 0 0 0 2 1 2 1 2 2 0 2 1 2 1 0 0 1 2 1 1 1 1 2 0 1 0 1 1 0 2 1 0 2 1 1 0 0 0 0 1 0 0 2 2 1 0 0 1 2 1 2 1 2 2 0 0 2 1 0 0 0 1 2 0 1 0 1 2 0 2 0 0 2 1 1 1 1 2 2 1 1 2 2 1 1 2 2 2 1 0 0 2 2 2 0 0 2 1 0 0 0 1 2 2 2 0 2 1 2 1 2 1 2 0 0 0 0 0 0 0 1 1
2 0 0 1 1 1 2 2 1 1 0 0 0 1 1 0 2 2 2 0 1 1 0 2 2 1 2 1 1 0 2 2 1 0 0 0 2 2 2 1 0 0 2 2 1 2 2 2 1 2 2 0 1 0 0 2 1 0 0 1 1 0 0 0 0 1 1 0 1 1 2 0 1 2 2 1 1 2 1 0 0 1 1 2 2 2 1 0 2 1 2 0 1 0 1 0 1 0 1 0 1 0 0 1 0 0 0 2 0 1 0 0 0 2 0 2 1 2 0 1 1 0 2 0 0 2 0 0 2 1
0 1 2 1 0 0 1 0 0 2 2 0 0 2 0 1 1 2 0 1 0 2 2 0 1 1 2 1 1 2 1 2 0 1 1 1 1 2 1 2 1 0 0 2 2 1 1 1 1 0 1 2 0 1 0 1 2 0 1 1 2 2 0 1 0 1 2 0 1 2 2 1 2 0 1 0 2 1 2 1 2 1 1 2 0 1 2 2 2 0 2 2 2 0 1 0 0 2 0 1 1 1 0 1 1 0 2 2 1 0 0 1 1 1 0 1 0 2 2 0 0 1 2 0 2 2 1 2 1 2
2 0 1 2 1 0 2 2 2 1 2 0 2 1 2 1 0 2 1 0 0 2 2 2 0 1 2 2 1 0 2 0 0 1 0 0 1 1 2 1 0 2 2 0 0 1 2 1 1 0 1 1 0 1 2 1 1 1 1 0 0 0 0 0 0 1 1 1 2 1 1 0 0 0 1 1 0 0 0 1 1 0 1 0 1 0 2 2 2 0 2 2 2 0 1 2 0 2 1 2 1 0 0 1 2 2 0 2 0 2 1 0 2 2 0 0 2 0 1 2 0 1 1 0 2 2 0 2 0 2
2 1 0 1 0 2 0 2 1 2 1 0 2 0 2 2 1 0 0 2 0 0 1 1 2 1 2 2 1 2 2 0 1 0 2 2 0 1 1 2 0 0 0 2 1 0 2 0 1 2 0 1 0 1 1 2 0 1 0 1 1 0 0 2 0 2 2 2 1 1 1 1 2 2 1 1 0 0 2 2 2 2 1 1 2 2 1 2 0 1 2 2 0 2 2 1 2 2 0 2 1 1 0 0 1 2 2 0 2 1 2 0 1 1 2 1 1 0 1 2 0 0 2 0 0 1 1 1 1 2
0 2 1 0 0 1 0 0 1 1 2 1 2 1 2 1 2 1 1 0 1 1 2 1 1 0 0 1 1 2 0 1 2 1 0 2 0 1 0 1 2 0 2 2 1 2 0 1 0 2 2 2 1 1 1 1 2 0 2 1 0 0 1 2 2 1 0 0 0 1 1 1 1 1 0 0 1 1 1 2 1 0 0 2 0 1 1 0 2 1 1 2 1 2 0 1 1 0 2 2 1 0 1 0 2 1 1 1 2 2 1 1 0 1 1 1 0 0 1 0 2 1 0 0 0 0 2 0 0 1
2 2 0 0 0 0 2 1 2 2 1 1 1 2 2 0 1 0 1 0 1 0 2 2 1 2 0 2 2 2 1 2 1 1 0 0 2 1 1 2 1 0 0 2 0 0 0 1 0 1 2 0 2 1 2 1 2 2 0 2 1 2 0 1 1 1 1 1 2 2 1 0 0 1 1 0 1 1 0 0 0 2 0 0 2 0 1 2 0 0 1 2 0 2 1 1 1 0 1 1 2 2 0 1 1 1 1 0 0 2 1 0 0 2 1 2 2 2 1 0 0 0 0 0 1 2 0 2 2 1
1 2 1 2 0 0 0 0 2 1 2 0 2 2 0 0 2 0 0 1 1 0 2 2 2 0 1 2 0 0 1 2 0 2 2 1 0 0 1 0 2 2 0 1 1 1 2 1 0 0 2 1 0 2 1 0 0 2 2 0 1 1 0 2 1 0 0 2 0 2 2 2 1 0 1 0 0 1 2 0 1 2 1 2 2 0 0 0 0 0 0 2 2 1 1 1 2 1 1 0 1 1 0 2 1 1 1 2 0 0 2 1 2 2 1 0 2 2 0 0 2 1 2 2 0 0 1 0 2 2
0 0 1 1 1 1 0 2 0 1 2 0 0 0 2 2 0 1 1 1 0 2 2 2 2 0 0 1 1 0 1 1 0 0 0 2 1 2 1 1 1 2 2 1 0 1 1 1 1 0 2 1 0 1 1 0 0 1 1 1 1 0 0 0 0 1 2 2 0 2 1 1 1 0 0 2 0 2 0 2 0 0 0 0 2 1 0 2 1 2 1 0 0 2 0 1 1 0 1 1 2 0 0 1 0 1 0 1 1 1 0 1 2 1 2 1 0 1 2 2 1 0 2 2 2 0 1 0 1 2
2 0 0 0 2 0 0 2 2 1 1 2 0 0 1 0 2 2 1 2 2 0 0 1 2 0 2 1 2 0 1 2 1 1 1 0 2 1 0 2 0 1 2 0 2 1 0 0 1 0 2 0 1 0 0 0 1 2 0 1 1 1 1 2 0 2 1 0 1 1 0 1 1 0 2 0 0 1 0 1 1 1 0 0 1 1 1 2 1 1 1 2 0 0 0 1 0 1 1 2 2 2 1 1 2 1 2 2 2 0 2 1 1 0 1 0 1 0 0 0 2 0 0 0 0 1 1 0 0 0
0 2 2 2 1 2 0 1 0 0 2 2 2 1 2 1 2 1 1 0 1 1 0 2 1 1 0 0 0 0 0 0 1 0 2 0 1 0 2 1 1 1 1 0 0 0 2 2 2 1 0 0 0 1 1 2 0 2 2 0 0 1 0 2 2 1 0 0 2 0 2 2 1 0 2 2 1 0 2 0 1 0 2 2 2 0 1 2 2 2 2 0 1 0 0 1 2 1 0 2 1 2 1 0 0 1 0 2 1 0 0 0 1 2 0 0 0 2 0 0 2 0 1 0 0 1 2 0 0 2
0 2 2 2 0 0 0 0 0 0 2 1 1 0 1 2 1 1 2 2 1 2 2 0 0 2 2 0 0 0 0 0 2 2 2 0 0 1 1 1 2 1 2 0 2 0 1 0 2 1 0 0 0 2 1 1 2 1 1 2 2 1 1 2 2 1 0 0 2 2 1 1 1 1 0 1 1 1 2 0 2 0 1 2 2 0 1 1 1 0 2 0 0 1 1 0 2 1 0 0 1 2 2 0 1 2 1 2 1 0 0 0 0 2 1 0 0 0 2 1 1 2 0 1 1 2 1 1 0 2
2 2 2 1 0 0 2 1 0 0 2 1 2 0 1 0 1 1 1 1 0 2 1 1 2 2 0 1 1 1 2 0 1 1 0 1 0 2 2 0 2 2 2 1 2 1 2 0 2 1 2 0 1 1 2 1 1 0 2 1 2 2 2 0 1 2 2 1 1 2 2 2 2 2 1 1 0 2 0 0 0 0 1 2 2 1 0 1 2 1 2 2 0 2 0 2 2 0 1 2 2 1 1 2 1 0 2 2 2 0 2 0 0 1 2 0 0 1 1 0 2 2 0 0 2 0 0 1 1 1
0 2 0 2 1 2 1 0 2 0 0 2 0 1 2 1 2 2 2 2 0 2 1 1 2 0 2 2 1 1 2 0 0 0 0 0 0 1 1 2 2 0 0 0 2 2 2 2 2 1 1 1 0 2 2 0 2 2 0 1 1 2 2 2 1 0 2 1 2 1 2 1 1 2 0 0 2 2 0 2 2 1 0 2 1 0 0 1 2 1 1 0 1 0 0 2 1 0 2 1 1 1 2 0 1 0 2 1 0 2 0 0 2 1 2 0 1 1 0 1 0 1 0 1 1 0 2 0 0 2
1 0 0 1 1 2 0 0 0 0 1 0 1 0 2 1 1 1 2 1 0 2 2 0 2 2 1 2 0 2 1 1 2 1 0 2 1 0 2 1 1 1 2 2 2 2 1 2 0 1 1 1 1 2 1 1 1 2 0 1 2 1 0 2 0 1 1 2 2 2 1 1 1 0 2 1 0 0 1 2 2 2 0 1 1 0 2 2 2 2 1 2 1 2 0 2 1 2 1 1 1 2 2 1 0 2 2 1 0 0 1 0 0 2 1 2 0 1 1 0 1 1 0 1 0 1 0 1 0 2
0 0 1 1 1 2 0 1 2 1 1 0 1 1 0 2 1 0 1 0 1 0 2 2 1 2 0 2 2 1 1 2 1 1 0 2 0 1 0 2 2 2 1 1 2 1 0 0 2 2 1 1 0 0 0 2 1 1 1 0 2 1 2 1 2 1 1 2 0 2 0 0 2 2 1 1 0 1 2 0 1 1 1 2 2 2 1 0 1 1 1 2 2 1 1 1 2 2 1 2 2 2 2 2 1 1 0 0 0 0 0 2 2 0 2 2 0 1 0 0 2 1 2 1 2 1 0 0 1 2
0 1 2 0 1 1 1 2 1 2 0 2 2 0 0 2 0 1 0 0 2 0 2 1 2 1 0 0 1 1 0 2 2 2 0 0 1 2 0 0 0 1 0 0 2 0 2 2 2 0 0 1 1 2 0 1 1 0 2 1 2 0 0 1 0 1 0 2 1 1 2 1 2 0 1 2 1 1 2 1 2 2 0 1 2 0 0 1 1 0 2 0 0 0 2 2 1 2 1 1 1 1 2 0 2 2 0 1 1 2 2 1 2 0 0 2 1 0 1 0 1 0 0 2 2 0 1 1 1 0
2 2 0 0 1 0 0 1 1 1 2 1 1 1 2 1 1 1 2 2 1 1 0 2 2 0 2 1 2 0 2 1 1 0 1 2 0 2 1 2 1 0 0 0 2 0 2 1 1 1 1 2 1 1 2 0 2 2 1 2 0 1 0 1 1 0 1 2 2 0 1 1 1 2 1 0 0 0 2 2 0 0 2 2 2 2 0 2 2 2 1 0 1 2 0 0 0 1 0 0 2 2 2 1 2 1 2 0 2 2 0 0 2 0 2 2 0 2 2 2 0 1 1 1 2 1 2 2 0 0
2 0 0 2 2 2 1 2 0 1 1 0 2 2 1 2 2 2 0 0 0 0 1 1 2 0 2 2 1 2 0 0 0 1 0 2 0 2 0 1 1 2 2 1 1 1 0 2 1 1 2 1 1 1 2 1 0 2 1 1 1 1 2 0 0 1 2 0 0 0 2 2 0 0 0 1 1 2 1 0 0 0 1 0 0 1 2 0 0 0 1 0 2 1 0 2 2 0 1 0 1 1 2 2 1 1 0 0 0 0 0 1 0 0 2 0 1 2 1 0 0 0 1 1 2 2 0 1 0 2
2 2 1 2 1 2 1 0 0 2 0 2 0 0 2 1 2 1 1 1 2 1 2 0 2 1 2 1 2 0 0 2 0 1 2 2 2 0 2 2 2 2 2 0 0 1 1 0 1 0 2 0 2 1 1 2 2 1 0 1 2 1 1 0 0 0 0 0 1 2 1 1 1 0 0 2 0 2 0 1 0 2 1 2 0 0 1 0 0 0 2 0 2 1 1 2 2 1 1 2 0 2 0 2 0 1 2 0 1 0 1 1 2 1 1 0 2 0 0 0 0 2 1 2 1 2 0 1 2 1
0 2 1 1 2 1 0 2 2 2 2 1 0 2 0 2 2 1 2 0 1 1 2 0 1 1 1 1 0 0 0 1 2 1 2 2 1 0 2 0 2 1 2 0 1 0 0 0 2 1 0 0 2 1 2 0 0 0 0 0 0 0 1 0 0 1 1 1 0 0 2 0 0 1 2 1 2 2 0 1 0 1 0 0 2 2 2 2 0 2 0 1 2 1 2 2 1 0 1 1 2 0 1 0 2 1 1 2 1 2 2 2 1 2 1 1 2 0 1 0 2 1 1 2 1 0 0 2 2 1
1 1 2 0 1 2 2 0 2 1 0 1 1 2 1 2 0 1 2 2 1 1 2 0 1 0 1 1 0 1 2 2 2 2 2 1 2 2 1 2 0 2 1 2 1 0 2 0 1 2 2 0 0 1 0 2 2 2 1 0 0 2 0 0 1 1 1 2 0 0 1 2 0 2 2 2 0 1 2 2 1 2 0 2 2 1 2 2 1 1 0 2 0 1 1 2 2 2 2 0 0 0 0 1 1 0 1 2 2 1 1 1 0 2 1 0 1 0 0 0 2 1 2 0 2 0 1 2 1 0
0 1 2 1 0 1 1 2 0 0 0 2 1 2 1 0 2 0 1 2 0 1 1 0 2 1 1 0 0 2 0 1 2 2 2 0 0 1 0 2 1 0 2 1 2 0 1 0 2 0 0 2 2 2 2 1 0 2 2 1 2 0 2 1 0 2 2 1 0 0 1 2 0 0 0 1 2 0 2 1 0 2 0 2 1 0 1 2 0 0 1 2 1 0 2 2 0 1 1 0 2 0 0 2 0 1 1 2 1 0 0 0 1 2 0 0 0 2 0 0 0 2 2 2 0 1 2 1 0 2
2 2 0 0 0 1 2 2 2 1 1 2 2 2 2 2 2 2 2 0 2 1 0 0 0 1 2 1 2 1 1 2 0 1 0 1 2 0 2 1 2 0 2 1 2 1 0 2 1 1 1 1 2 2 1 0 0 1 2 0 2 0 1 0 1 1 0 2 1 2 1 0 2 0 2 2 0 0 1 2 2 2 0 1 2 0 1 2 1 1 1 1 2 2 1 2 1 2 1 0 1 2 1 0 1 1 2 2 2 2 1 1 2 2 2 2 2 1 1 1 0 0 2 0 2 2 2 2 1 1
2 0 1 0 1 0 2 1 2 1 0 1 2 2 1 1 1 1 1 1 0 1 2 2 2 0 2 1 2 1 0 1 1 2 2 0 2 2 1 2 0 2 1 0 0 2 2 2 2 1 1 2 1 1 2 0 1 2 0 0 0 0 1 2 2 1 2 0 0 2 0 2 2 1 0 2 2 0 0 1 2 1 0 0 2 0 1 1 2 1 1 0 2 0 0 2 2 1 2 0 1 2 2 0 1 0 1 1 1 1 2 1 0 2 1 1 0 2 2 0 2 1 1 2 1 0 1 1 1 2
2 2 2 2 2 1 0 1 2 2 2 1 0 1 1 2 2 2 2 1 0 1 2 1 0 2 1 0 1 0 2 1 2 2 1 0 1 2 1 0 1 2 0 2 0 1 1 2 1 0 1 1 2 2 1 2 1 0 0 2 2 2 2 2 2 0 2 1 0 2 2 2 2 2 1 0 2 2 0 0 2 1 0 2 0 2 0 2 0 0 0 2 1 2 2 1 0 2 2 0 2 1 2 2 2 0 2 1 0 2 2 0 2 0 0 0 2 0 0 1 1 0 1 2 0 1 0 0 1 0
0 1 0 0 1 2 1 1 1 1 1 0 1 1 2 2 1 2 0 2 0 2 0 2 2 0 0 1 0 2 2 1 1 2 1 0 1 2 1 0 1 0 1 0 1 1 0 1 0 1 1 1 1 2 1 1 0 2 2 1 2 2 0 1 2 2 2 1 2 0 2 1 1 1 2 0 2 2 2 0 1 1 2 0 1 1 2 1 0 1 0 0 1 1 2 1 1 1 0 0 0 2 2 2 1 2 0 1 2 0 1 1 2 1 2 1 2 1 0 0 0 1 1 0 0 1 1 1 2 2
2 0 2 2 2 0 1 0 0 1 1 1 1 1 0 0 2 2 2 2 0 0 1 2 0 1 0 2 2 0 1 2 2 2 2 1 2 0 2 2 0 0 2 1 1 0 2 1 0 2 1 1 2 0 1 1 2 2 1 1 0 0 1 2 2 0 1 2 2 0 0 2 2 0 0 0 0 2 0 1 1 1 2 1 2 1 2 1 0 1 1 1 2 2 0 2 1 2 2 0 0 0 0 2 1 0 0 1 0 0 1 2 2 0 0 2 2 1 1 0 0 2 1 0 0 2 2 1 1 2
2 2 1 2 2 2 0 0 2 1 1 0 0 1 1 1 1 1 2 2 2 2 2 0 2 2 0 2 1 0 0 1 2 1 1 0 0 1 0 2 2 2 0 0 1 2 1 2 0 1 0 0 1 2 2 2 2 2 1 1 0 2 2 0 0 0 0 2 2 1 2 2 1 0 2 0 0 0 0 1 1 0 2 1 0 1 0 0 1 1 1 2 1 1 0 2 2 1 1 2 0 1 1 1 2 0 2 2 2 0 0 0 0 0 2 1 1 2 1 1 2 1 0 1 0 1 0 1 2 0
0 2 1 2 1 1 0 1 0 2 1 0 1 1 1 0 0 0 0 0 1 2 2 2 1 2 0 1 0 0 2 2 0 0 1 2 2 2 0 2 2 2 1 1 1 2 1 2 0 2 0 0 2 2 0 0 2 1 0 0 2 2 2 0 1 1 2 0 0 0 0 0 2 1 1 0 1 1 0 2 0 0 2 0 0 0 0 0 2 0 1 1 0 0 1 1 2 1 2 0 1 2 1 1 1 0 0 0 1 0 0 2 2 2 0 2 0 0 0 2 2 1 2 2 1 1 1 1 1 0
2 0 1 1 2 2 2 0 0 2 0 1 1 0 1 1 1 2 2 1 2 1 0 2 1 2 1 2 1 2 1 1 0 0 0 2 0 2 2 1 1 1 2 0 2 1 2 0 0 2 2 0 0 2 0 0 1 1 0 0 1 1 1 1 2 1 2 0 2 2 1 0 1 1 2 1 0 1 1 0 0 0 0 2 0 1 2 2 2 0 0 1 0 2 1 2 1 0 2 0 2 2 2 1 1 2 0 1 0 1 1 2 2 2 2 0 1 2 0 1 2 1 0 2 0 2 2 2 2 2
1 2 1 1 1 2 0 1 1 0 0 2 0 0 0 2 1 2 1 2 0 2 0 1 1 1 0 0 0 0 1 2 0 0 0 2 1 1 1 2 0 2 0 0 0 0 1 1 2 2 1 0 1 1 2 1 2 0 2 1 1 0 0 2 2 2 1 0 0 0 2 0 2 2 2 0 2 0 0 2 0 1 0 0 0 0 2 0 0 1 1 2 0 0 1 2 0 0 2 1 0 1 0 1 2 2 1 1 0 2 2 1 1 0 2 2 0 1 0 1 0 0 1 0 0 2 2 1 2 2
2 1 1 2 2 0 2 1 0 2 1 2 1 0 2 0 2 0 2 2 1 0 0 2 1 0 0 1 2 0 0 2 1 1 1 1 2 2 0 2 1 2 2 0 2 1 2 2 1 2 2 0 2 0 0 0 1 1 2 1 1 2 0 1 0 2 2 0 1 0 0 1 2 2 1 1 1 1 0 2 0 1 1 0 1 2 1 2 0 0 0 1 2 1 0 1 2 0 2 0 0 0 2 0 2 2 2 2 0 1 2 1 2 0 1 0 2 0 2 2 0 1 2 1 2 2 0 1 2 2
0 1 2 2 2 0 1 1 2 0 2 1 1 2 2 0 2 2 1 0 2 0 1 2 2 1 1 2 1 2 1 1 1 1 1 0 2 1 1 2 2 2 0 1 1 0 1 2 1 1 2 1 2 1 0 1 2 2 0 1 1 2 0 2 0 2 0 0 1 2 2 0 2 1 1 1 2 0 0 0 2 0 1 1 1 1 2 2 1 0 0 0 0 1 1 1 1 1 2 0 1 2 1 0 0 0 2 1 0 0 1 0 1 0 2 2 2 2 1 1 0 0 2 0 1 0 0 0 2 2
0 1 2 2 1 1 2 1 2 0 2 0 0 0 1 1 0 2 1 0 0 1 0 0 0 2 1 0 0 1 0 1 2 2 0 1 1 2 1 0 2 0 2 1 1 1 0 2 0 1 2 2 2 0 0 0 0 2 0 0 1 1 2 1 2 2 0 0 2 1 2 0 2 1 2 0 2 2 1 1 0 1 0 0 2 1 2 0 0 0 2 2 2 1 0 1 2 1 2 2 2 1 2 2 2 2 0 0 1 1 1 2 0 2 1 0 0 1 0 2 1 0 1 0 0 2 2 2 1 2
1 0 1 2 0 1 1 2 2 1 0 1 1 1 1 0 2 2 1 1 1 1 1 1 2 1 1 2 0 2 2 0 0 0 0 2 2 2 1 1 1 2 0 1 1 1 1 0 1 1 2 0 2 1 1 1 2 2 1 1 2 1 2 1 0 2 0 2 2 2 2 1 1 2 2 0 2 1 2 0 2 1 1 2 2 0 2 0 0 1 1 1 0 1 2 1 0 0 0 2 2 0 1 0 1 1 2 0 0 1 1 0 0 2 1 0 0 1 1 1 2 2 2 0 1 2 1 1 2 0
1 1 1 1 2 2 2 1 0 2 0 1 1 1 1 2 2 1 0 0 0 0 0 0 1 1 2 0 0 1 1 2 2 0 0 0 2 1 2 0 1 0 1 2 2 0 2 1 0 2 1 1 0 2 2 2 0 1 0 1 0 2 0 0 2 2 0 1 1 1 2 2 1 2 2 0 2 1 2 0 2 0 2 0 0 1 0 1 0 0 2 0 0 0 2 2 0 0 2 1 1 1 2 0 1 1 0 2 0 2 2 0 0 2 1 0 1 1 2 2 0 1 0 1 0 2 1 1 0 1
0 2 0 2 0 2 1 1 1 2 1 1 1 2 1 2 1 0 2 0 2 0 0 0 1 0 0 2 1 1 1 2 1 2 2 2 2 0 0 1 1 2 2 2 2 1 1 1 0 1 1 2 1 1 0 0 2 1 0 2 0 2 1 2 2 2 1 2 2 2 0 1 2 0 0 2 0 0 0 0 1 0 0 1 1 1 1 2 0 1 1 0 1 0 0 1 2 2 0 0 1 0 1 2 2 0 1 2 0 2 0 2 2 0 0 1 1 1 1 2 1 0 1 0 1 1 2 1 1 2
1 0 1 1 0 1 1 1 0 2 1 1 1 1 1 2 1 1 1 2 0 0 1 1 1 2 0 0 1 2 0 0 0 2 2 0 0 0 2 1 0 2 2 1 1 1 1 2 0 1 0 0 1 1 0 0 1 1 1 2 0 2 0 1 1 2 2 0 0 0 1 0 2 2 0 0 0 2 1 1 0 1 1 0 0 2 0 1 1 2 1 2 2 0 2 1 0 1 1 1 1 0 2 1 2 0 0 0 0 1 1 0 0 0 0 1 1 2 0 2 1 1 2 0 2 1 1 0 0 1
1 2 2 1 2 2 2 2 2 2 1 1 0 2 2 1 0 0 1 0 0 2 2 0 0 2 1 2 2 2 0 1 0 2 0 2 1 0 2 1 2 0 0 1 2 0 0 0 1 1 1 2 1 0 0 1 0 1 1 0 2 2 2 2 2 0 1 1 0 0 0 1 1 1 2 1 2 2 1 1 0 2 1 1 0 1 0 1 1 1 2 0 0 2 2 1 2 1 2 0 2 0 1 0 2 0 1 1 0 0 1 0 2 2 2 0 1 2 2 2 1 2 2 2 1 2 0 1 0 0
1 2 2 0 0 1 1 2 0 2 2 1 2 2 1 0 2 2 2 0 2 1 2 1 2 0 0 0 1 1 2 0 0 1 0 1 2 2 0 0 1 0 2 1 0 1 1 0 1 2 1 1 1 0 2 1 1 1 2 2 0 2 2 2 0 1 0 2 1 1 1 2 2 0 1 0 2 1 1 1 0 2 2 2 2 2 1 0 1 1 0 2 0 0 1 0 2 2 0 0 0 2 2 1 0 2 1 0 0 2 1 1 1 1 0 1 1 1 2 0 0 2 2 0 0 1 1 0 1 0
0 2 2 1 0 0 0 1 2 0 1 0 1 0 2 2 1 1 2 0 1 2 0 2 1 2 0 0 2 1 0 0 2 1 1 0 2 2 2 1 0 1 0 2 2 2 2 1 1 1 0 2 1 1 1 2 0 0 0 2 2 1 0 1 0 2 2 0 2 2 2 0 1 2 0 0 2 2 0 0 1 0 1 0 1 0 1 0 0 2 2 0 0 0 2 1 1 1 2 1 1 2 1 0 2 1 1 2 1 1 1 0 2 0 1 2 0 2 2 2 1 2 2 2 0 2 1 2 2 1
0 0 1 2 1 1 2 0 1 0 1 2 2 2 0 0 1 1 0 0 0 2 2 0 1 0 0 1 0 2 2 1 0 0 1 1 2 0 2 1 1 2 1 0 1 2 0 2 1 1 0 2 0 0 2 0 2 0 1 2 0 0 2 0 2 0 2 1 1 0 0 2 2 2 0 0 1 1 0 2 0 1 1 1 2 1 1 1 1 2 2 1 1 1 2 1 2 0 2 0 0 0 2 2 0 0 0 1 2 0 1 0 2 2 2 1 1 1 1 0 1 1 0 0 0 2 1 2 0 2
0 1 0 2 0 0 1 1 1 0 2 2 1 1 2 0 1 1 2 2 1 1 0 1 2 0 2 1 0 0 0 0 2 0 0 0 0 1 2 2 2 2 2 0 1 2 1 2 0 0 2 2 2 0 2 2 0 1 1 1 2 1 2 1 2 2 0 0 1 2 2 0 1 2 2 0 1 1 0 2 1 2 1 2 0 1 2 1 0 0 2 0 1 1 2 1 1 2 1 0 2 1 1 2 1 0 2 0 1 1 2 1 1 1 1 2 0 0 0 1 0 0 1 2 2 1 0 1 1 2
1 1 1 1 0 0 1 0 0 1 1 0 0 0 1 1 0 2 1 0 1 2 1 0 1 1 1 2 0 0 1 2 2 0 1 2 0 0 2 1 1 2 1 2 0 2 0 0 0 2 1 1 1 0 2 2 2 1 1 2 2 0 2 1 1 0 1 2 2 1 0 0 0 1 0 0 2 1 0 0 2 0 1 0 0 0 1 0 2 0 0 2 2 1 1 1 2 2 1 1 1 2 2 2 2 0 0 1 2 1 1 1 1 0 0 2 1 2 0 2 2 1 2 2 2 1 1 1 1 2
0 0 1 0 0 0 1 0 2 1 2 1 1 1 2 1 1 1 0 2 1 0 1 0 0 0 1 1 2 0 1 0 0 0 0 1 1 2 1 1 1 2 0 2 1 2 1 2 1 1 2 2 2 0 1 2 0 2 1 1 0 2 1 2 1 2 0 0 2 0 1 0 2 2 0 0 0 1 0 1 0 0 2 0 0 0 0 2 0 0 0 2 0 1 1 1 0 2 1 1 0 0 1 0 0 2 0 0 1 2 2 2 2 2 0 2 0 1 2 0 1 2 2 0 1 1 1 2 2 1
0 2 2 0 0 2 2 1 0 1 0 0 1 2 0 2 0 0 1 2 0 0 2 1 0 1 2 0 0 1 2 1 1 1 2 2 1 2 0 1 0 1 2 2 1 2 1 1 2 0 1 1 2 1 2 0 2 2 1 0 1 0 2 0 1 1 0 0 0 0 2 1 2 0 1 1 2 0 0 0 1 2 2 1 0 2 1 0 1 0 1 0 0 0 1 0 0 1 1 0 0 1 2 2 1 0 1 2 2 2 0 1 1 2 2 0 1 0 0 0 0 2 1 2 0 0 2 0 2 0
1 0 1 1 2 0 2 2 0 1 1 0 0 0 2 2 0 1 0 1 1 1 0 0 0 1 1 2 2 1 0 1 1 0 0 1 1 0 1 1 2 2 1 0 0 1 0 1 0 1 2 2 2 1 0 1 2 2 1 0 1 2 1 0 0 2 2 1 2 1 2 2 0 1 0 1 0 0 0 1 2 0 0 1 1 1 2 2 0 2 2 1 1 1 1 2 1 2 0 0 0 0 1 1 2 2 1 0 2 2 1 2 2 1 0 2 0 1 2 1 1 2 0 2 1 2 1 2 1 2
0 2 2 1 1 2 1 2 2 1 1 0 0 1 1 2 0 2 0 0 1 1 2 1 1 0 1 0 0 1 0 1 0 0 0 2 2 2 1 1 0 2 1 1 1 0 0 2 0 1 0 1 0 0 0 2 1 2 0 2 0 1 0 2 1 2 1 0 2 0 2 0 0 0 2 2 1 0 0 1 2 1 0 2 1 0 2 0 0 0 0 1 1 1 0 2 1 2 0 0 0 2 1 1 0 1 1 2 2 2 1 1 0 2 2 1 2 2 2 2 0 0 1 2 1 2 2 0 2 0
1 2 0 0 1 0 2 0 0 1 2 2 2 2 1 2 1 0 2 0 1 2 1 0 1 0 2 1 1 2 2 2 2 0 1 1 0 0 2 2 1 1 1 1 1 0 1 0 1 1 1 2 1 1 0 2 1 1 2 0 1 2 0 1 2 1 0 0 1 2 2 0 2 1 0 1 1 2 1 0 0 1 0 1 2 1 1 1 0 1 2 1 0 2 2 2 2 0 0 1 1 0 2 0 2 0 1 0 2 1 0 0 0 2 2 2 0 0 1 1 2 0 2 0 0 2 0 2 1 1
1 2 2 1 0 1 1 2 0 1 0 0 1 0 0 0 0 0 1 1 2 1 2 2 2 0 2 0 2 1 1 1 1 0 2 1 0 1 0 0 0 2 1 1 2 2 2 1 0 2 0 0 0 0 2 0 1 2 0 1 0 2 0 1 0 2 0 1 2 1 1 2 0 2 2 0 1 2 2 2 1 0 2 0 1 2 0 2 2 1 0 2 0 0 2 1 1 2 2 1 1 0 0 2 1 0 1 0 0 0 2 1 1 2 1 2 0 0 2 2 1 1 2 2 2 2 1 0 0 1
2 1 2 0 2 1 1 1 1 1 2 2 0 1 2 2 1 2 0 1 1 2 0 1 2 2 0 1 1 1 2 0 0 2 1 0 0 0 1 2 1 0 1 2 2 0 0 1 1 0 0 2 0 0 1 0 2 0 1 0 1 0 2 2 0 0 2 1 1 1 1 0 2 0 0 1 2 0 0 0 2 0 2 0 1 1 0 1 2 1 2 0 2 1 0 2 0 2 2 1 2 0 2 1 1 1 0 0 1 1 0 1 2 0 1 1 1 2 0 0 1 0 2 1 0 2 1 1 2 0
2 1 1 0 0 2 1 1 0 0 0 0 2 0 0 1 2 0 2 0 1 0 1 0 1 2 0 0 0 1 0 2 2 2 0 0 2 1 2 2 2 0 0 2 1 2 1 1 0 0 1 2 2 0 1 0 2 1 1 2 2 0 0 0 2 0 1 0 2 1 0 2 1 1 2 0 1 0 1 1 2 1 0 1 1 1 2 1 1 1 1 1 1 1 1 1 2 2 1 2 0 2 2 2 1 1 0 2 2 2 1 1 0 2 0 0 1 0 2 0 2 0 1 1 2 0 2 2 0 2
2 2 1 1 2 0 2 2 2 1 0 1 1 0 0 1 1 1 2 0 1 2 1 0 0 1 1 1 1 1 0 0 0 2 2 0 2 1 0 2 0 1 0 1 2 0 1 1 0 1 2 2 1 1 0 2 0 1 0 1 1 1 2 2 0 1 0 0 0 1 2 0 2 2 0 2 1 1 1 1 0 1 0 2 2 2 2 2 0 0 1 2 0 0 2 1 2 2 2 2 0 1 0 1 2 0 1 0 1 0 2 2 1 0 2 1 2 1 0 0 0 2 2 1 0 2 2 2 2 1
2 0 0 0 1 2 0 1 0 0 1 2 0 1 2 2 2 2 2 1 0 2 0 0 0 1 0 0 1 2 2 1 2 2 1 2 2 1 0 2 1 2 2 1 0 1 2 1 1 1 2 1 1 0 2 2 1 0 2 0 2 1 2 2 1 0 2 0 2 0 0 1 0 2 0 1 2 2 2 0 1 2 2 2 0 2 1 2 2 1 0 2 2 2 2 1 0 2 2 0 0 1 2 0 0 0 0 0 1 0 1 2 0 1 2 1 1 0 0 1 1 2 1 1 1 0 0 0 0 2
0 1 0 2 2 2 2 2 0 0 1 1 0 2 0 0 0 1 0 1 0 2 1 1 1 1 2 1 1 0 1 1 1 0 1 1 0 1 1 0 0 0 0 1 2 0 1 0 0 1 0 0 1 1 2 2 0 2 1 1 2 1 2 1 1 1 0 1 0 2 2 0 0 2 1 0 0 2 1 1 1 2 1 0 1 0 0 2 2 0 0 2 1 1 1 0 2 1 2 2 1 1 0 1 1 2 2 2 2 1 0 1 1 2 2 2 0 2 1 0 2 0 0 1 1 2 1 1 0 0
2 2 2 0 1 1 0 1 0 2 2 1 1 0 0 0 1 1 1 2 0 1 0 0 0 2 0 2 1 1 0 1 1 0 1 0 1 1 1 2 2 2 1 0 0 2 2 1 1 0 2 1 2 2 2 2 2 0 2 1 0 0 0 1 0 1 2 2 1 2 2 0 2 0 1 2 2 0 1 1 1 0 2 1 0 0 1 0 0 1 1 0 1 1 0 2 1 2 2 0 2 1 0 1 1 2 1 2 0 0 0 1 0 1 0 1 1 2 2 2 1 0 1 1 0 1 0 2 1 0
2 1 2 0 0 2 2 1 1 0 2 2 2 2 0 0 2 2 2 1 0 2 1 1 0 2 0 0 2 2 1 1 1 2 1 2 1 2 1 0 2 1 2 2 1 1 0 0 1 0 1 1 2 1 0 2 1 0 1 1 0 0 2 1 2 2 1 1 1 0 1 1 2 1 1 0 2 1 2 1 2 0 0 2 2 0 2 1 2 1 2 0 2 2 2 2 1 1 1 0 2 2 2 1 1 0 2 1 2 2 0 1 0 0 0 0 1 1 1 0 2 1 0 2 1 0 2 2 2 1
0 1 0 0 0 0 0 2 1 2 2 1 0 0 2 2 1 1 0 0 1 0 1 0 0 0 1 2 0 0 1 1 1 1 1 2 2 2 1 1 2 1 2 0 2 0 2 1 1 0 2 0 1 1 1 1 2 2 1 0 2 2 1 1 1 0 0 1 2 0 0 1 2 2 2 2 0 2 1 1 0 1 0 2 2 1 0 2 1 2 2 1 2 1 0 1 2 0 0 1 0 0 0 0 0 0 0 1 0 2 0 0 0 0 0 0 2 1 1 1 2 0 2 1 0 2 0 2 1 0
2 2 0 0 0 1 0 1 0 1 0 0 0 1 1 1 0 1 2 1 2 2 2 2 1 2 2 1 0 1 2 2 0 0 2 1 2 1 2 2 2 0 1 0 2 2 1 2 1 2 1 1 1 1 0 2 1 2 2 2 1 2 2 2 0 2 0 0 1 0 0 1 1 1 2 1 1 1 1 2 0 0 0 2 2 1 2 1 1 2 1 0 1 0 2 2 0 0 0 2 0 0 1 2 0 1 1 1 2 2 1 1 2 2 1 2 0 0 1 0 0 0 1 2 1 0 2 2 1 2
