3 131 19
682928954 189746202 3064399 8407218 508633932 1159107734 1157751056 1127408323 857680994 964422218 165769357 804497851 297518382 220698217 247650073 849171959 649748280 781081624 170612214 419075577 639640778 325805965 506447745 429932013 555892267 640698632 1105620562 284499328 452998225 23924751 908066509 525521663 763119559 1053162652 1049532600 935771646 338472850 656863223 959978983 78268620 92369067 243749777 473050456 702145553 713904783 730323232 105891593 137173275 656107900 492566326 505908500 1005549307 488952338 421050516 841894570 22609455 1041778448 351887210 471563584 1080994008 273563964 740374244 1031293502 114517783 624992178 975266386 107388261 931627146 606130069 1078873333 397609160 62460895 45267249 213616152 205658746 1024334316 802765645 128742340 183586640 695575809 485949586 267453709 273890516 1101834014 355019060 1058546468 1118306043 586241941 817606853 511988609 1040778463 1071843118 422985796 975351001 518029823 680981330 756940683 877885808 128261322 1130782338 1081791493 888330771 379031216 29436176 728758422 250473772 1159669220 283774721 150675142 907035955 594362560 1139750801 306387733 282734422 1055760707 763698906 500792476 116606972 1056333028 925127770 256734850 546085177 1112390968 391193526 597697788 98998689 668293537 508098149 802378949 536150845 224976184
1 0 2 0 1 1 0 2 0 2 2 0 2 1 2 2 0 1 2 1 2 0 2 0 2 1 1 1 0 0 0 1 0 1 0 1 2 1 2 0 1 1 1 0 0 0 1 1 2 0 2 2 1 2 2 1 1 2 2 1 2 0 1 1 2 1 2 2 0 2 0 1 1 1 1 1 1 0 2 1 1 2 0 0 1 1 2 1 0 2 2 0 2 1 1 2 2 2 2 2 1 2 1 0 0 1 2 2 1 2 0 2 2 2 0 2 1 2 0 1 1 0 1 2 2 1 2 1 0 1 2
1 0 1 2 1 2 2 0 1 2 1 1 1 1 0 0 2 0 0 1 2 1 1 2 1 2 1 2 2 0 2 0 1 1 1 2 1 0 0 0 2 2 2 0 1 2 2 0 0 0 2 2 2 0 2 0 2 1 1 1 1 0 2 2 2 1 2 2 1 0 2 1 0 1 2 1 1 2 2 2 2 1 2 2 1 2 2 1 1 0 0 0 2 1 0 2 2 0 1 1 1 1 2 1 0 2 0 2 1 0 2 2 1 2 1 1 2 1 0 1 2 1 1 2 2 2 1 2 0 0 1
2 1 1 0 1 1 1 1 1 1 1 0 0 2 2 2 1 0 0 2 0 2 1 2 2 2 1 1 2 2 0 1 0 2 0 2 0 1 2 2 0 1 0 1 0 2 1 2 1 1 2 1 0 2 1 2 1 0 1 0 2 1 0 0 0 0 0 2 2 2 1 2 2 0 1 2 0 2 2 1 1 0 1 1 2 0 1 1 0 0 2 2 1 2 2 0 0 2 2 2 0 1 2 0 2 1 2 0 0 0 2 2 0 0 1 0 0 1 2 0 1 1 0 0 2 0 1 2 0 0 0
1 0 2 1 2 0 1 0 2 2 0 2 0 1 0 1 2 2 0 0 1 0 1 2 2 1 1 2 2 0 2 1 0 2 0 0 0 0 2 2 2 2 1 1 0 0 2 0 2 1 1 1 1 0 1 1 2 0 0 2 0 1 1 0 0 2 2 1 0 1 1 0 1 0 1 2 1 2 0 2 0 1 1 2 2 2 0 1 2 1 1 1 2 0 2 0 0 1 2 1 0 1 1 1 1 0 1 1 0 1 0 0 0 1 0 0 1 1 1 1 2 1 2 0 1 2 1 2 1 0 0
2 2 2 1 2 0 2 0 0 1 0 1 2 2 1 2 0 2 2 2 0 0 2 1 2 2 2 2 0 1 0 2 0 2 2 2 0 1 2 1 1 0 0 1 2 2 2 0 2 1 0 0 2 0 1 2 2 1 2 0 2 2 1 1 2 0 0 0 1 1 2 0 1 2 2 2 1 1 0 1 0 1 2 0 2 1 2 1 0 2 0 0 1 1 1 1 1 0 2 0 1 1 1 0 1 1 0 0 0 2 0 1 0 2 1 0 2 1 2 0 0 2 0 2 0 0 0 2 1 2 0
0 1 2 1 0 1 2 2 1 1 0 2 2 0 1 0 2 0 0 2 0 2 0 0 1 1 0 0 2 1 1 2 2 1 0 1 2 0 0 1 2 1 1 0 1 2 0 1 2 0 0 0 1 1 0 0 2 2 1 2 0 0 2 0 2 1 2 2 2 0 0 2 1 2 2 0 2 2 1 0 1 2 1 0 1 0 0 1 2 1 2 2 2 1 0 0 2 0 2 2 0 0 2 2 0 2 0 0 2 1 1 0 0 2 0 2 2 1 1 1 1 0 1 1 2 0 1 0 0 0 0
1 2 0 1 2 2 1 0 1 2 1 0 1 2 1 0 1 0 2 1 2 0 0 0 0 0 2 1 1 0 2 1 2 2 2 2 1 1 0 0 1 2 1 0 1 0 1 0 1 1 2 0 2 0 0 0 1 2 2 0 1 1 1 0 0 0 0 1 2 1 2 2 1 1 2 2 1 0 0 0 0 0 0 2 0 1 0 1 2 2 2 0 0 1 1 0 2 2 2 2 0 1 1 1 0 2 1 2 0 1 2 0 2 0 2 2 2 2 2 2 1 2 2 1 1 0 2 1 0 1 0
0 1 0 2 1 2 1 1 2 0 0 0 2 2 0 0 1 1 0 0 2 2 0 2 0 0 2 1 1 1 0 2 0 1 0 1 0 1 0 0 2 1 1 2 0 2 0 2 0 1 0 0 0 0 0 2 1 0 1 0 2 1 1 0 2 1 1 0 2 2 1 2 1 2 2 2 2 0 2 2 1 2 1 2 0 2 2 1 2 1 0 2 0 1 2 0 0 2 1 0 2 2 0 0 0 2 0 0 0 2 0 2 2 2 0 2 1 2 1 2 0 2 2 1 1 2 2 1 2 0 0
1 1 0 2 2 1 0 2 1 0 0 2 2 2 2 2 2 1 1 1 0 1 0 2 2 0 1 2 0 2 2 1 1 2 1 1 0 1 1 0 1 2 0 1 0 2 0 2 1 2 0 1 0 1 0 0 2 2 2 2 0 1 2 2 2 1 1 0 0 0 1 2 2 1 1 2 0 1 1 2 0 2 1 1 2 2 2 2 2 1 1 2 1 1 2 1 0 1 1 1 1 0 0 0 1 1 1 2 0 0 2 1 0 0 0 2 0 2 1 0 1 0 0 0 0 0 1 1 1 0 2
2 1 2 1 2 1 2 2 2 2 2 0 0 0 1 0 0 1 2 1 1 0 0 1 1 0 0 2 2 1 1 2 2 1 0 2 0 2 2 2 0 1 1 0 2 2 1 1 2 0 0 0 1 0 1 2 1 2 2 1 1 0 0 0 0 1 0 0 1 0 0 1 2 2 2 2 2 0 1 1 1 1 2 0 2 1 0 0 1 0 1 0 1 1 1 1 0 1 2 2 2 0 0 2 0 0 1 2 1 2 2 0 0 1 0 0 0 0 0 2 1 2 0 0 2 1 2 0 1 1 2
0 2 1 2 0 1 1 0 1 1 2 1 0 1 2 0 2 2 2 2 2 2 2 2 1 1 1 2 2 1 2 0 1 1 0 2 1 2 0 2 0 0 0 0 1 2 2 0 2 1 0 1 0 2 1 0 2 1 0 1 2 2 2 1 2 0 0 0 0 0 0 1 0 0 0 2 0 2 0 0 0 2 0 1 1 1 1 1 0 1 0 2 2 2 2 2 0 2 0 0 1 0 2 1 0 2 1 1 2 0 1 2 2 2 1 1 1 1 0 1 2 1 2 2 1 1 2 2 1 2 0
2 2 2 2 0 2 1 1 1 2 1 1 1 0 0 1 2 2 2 2 2 0 2 2 1 1 2 1 2 2 2 0 1 2 0 0 2 1 2 1 1 0 0 0 2 1 2 2 0 1 1 0 2 1 0 1 2 0 2 0 2 2 1 1 2 1 1 1 2 1 2 1 2 0 2 2 2 2 2 0 1 1 1 0 0 1 2 0 2 0 0 1 2 2 0 1 0 2 0 0 0 1 2 1 2 2 0 0 2 2 1 1 2 2 1 2 2 2 0 1 0 2 1 2 1 2 2 2 1 0 0
0 1 2 1 2 2 2 2 2 2 0 0 2 1 2 1 0 1 2 2 2 1 1 0 1 0 2 0 0 2 1 0 2 0 2 1 0 1 0 2 1 1 0 0 2 0 2 0 2 2 1 2 1 2 2 2 1 2 0 1 2 1 2 2 0 1 0 0 0 1 1 0 0 2 0 0 2 1 1 0 1 2 2 2 1 2 0 2 2 0 1 1 0 0 1 0 2 2 1 0 2 0 0 0 0 1 0 0 2 1 0 1 0 0 1 0 0 2 0 2 0 2 2 0 2 1 1 2 1 0 0
0 1 1 0 2 0 1 0 1 0 1 2 2 0 1 2 1 0 2 1 2 2 1 0 2 0 2 2 1 0 0 0 1 2 1 2 2 2 2 0 1 1 0 0 1 2 2 0 0 2 2 2 2 1 2 2 1 2 2 0 2 0 0 2 2 2 1 2 2 1 0 0 2 1 1 2 0 0 0 1 1 0 1 1 1 2 0 0 1 0 0 2 0 2 2 0 2 1 2 1 2 0 0 2 1 2 2 0 1 2 1 2 0 1 0 2 0 1 2 1 2 1 1 2 0 0 0 0 2 0 2
2 1 2 2 0 2 2 1 0 2 1 0 0 2 1 0 2 2 2 1 1 1 1 1 2 1 2 2 2 2 2 1 1 2 0 2 2 1 0 0 1 1 0 1 1 1 1 0 1 2 0 0 0 1 1 0 0 1 0 2 1 2 1 2 2 2 2 2 0 0 0 1 2 1 0 1 1 2 2 2 1 2 1 2 0 0 0 1 2 0 0 0 1 2 0 1 2 0 0 0 1 1 2 1 0 0 0 1 2 0 1 1 0 2 1 2 0 2 0 2 0 1 0 2 2 1 0 1 1 1 2
2 0 1 2 0 2 2 2 2 0 1 1 2 1 0 1 1 0 2 1 0 0 2 0 0 1 0 1 2 2 2 0 0 0 0 1 0 2 1 0 1 2 1 0 0 2 1 0 2 0 2 2 1 2 0 2 0 2 1 0 1 0 1 2 2 1 2 0 2 0 0 1 0 2 1 1 1 0 1 0 1 2 0 0 1 1 0 2 0 2 0 2 0 0 0 0 1 2 1 1 2 1 2 0 1 1 1 0 2 1 0 0 0 2 1 1 0 1 1 1 1 1 1 0 1 1 1 1 1 0 0
0 2 1 1 1 2 0 1 2 1 0 0 1 2 2 0 0 2 1 1 1 0 2 1 0 2 1 2 0 1 0 2 0 1 0 2 2 0 1 2 2 2 2 0 1 2 0 1 2 2 0 0 1 0 0 1 2 1 1 0 2 1 0 0 0 0 0 2 2 2 2 1 1 1 0 0 1 0 2 1 1 2 2 2 2 2 1 0 0 2 1 0 1 1 1 2 2 2 2 1 2 1 1 0 1 1 1 0 2 0 2 0 2 1 0 0 1 1 1 2 1 2 2 1 1 1 0 0 1 0 0
0 1 1 2 0 2 0 1 1 1 0 0 1 1 0 2 2 0 0 1 2 2 1 0 1 0 2 2 2 2 2 1 1 1 0 2 1 1 0 0 0 0 0 0 2 2 2 2 0 0 1 2 0 2 1 2 0 0 2 0 0 2 1 2 0 2 1 1 0 2 1 2 0 0 2 2 2 1 2 2 2 0 2 1 0 0 0 1 1 0 1 2 2 0 2 2 2 1 1 2 1 0 1 2 0 1 0 2 0 2 2 0 0 2 1 0 0 2 2 2 2 0 1 1 0 1 1 2 0 2 0
2 0 2 1 1 1 2 1 2 2 1 2 0 1 1 1 2 0 1 2 0 2 1 2 0 0 1 0 0 1 1 0 2 1 2 1 0 2 0 2 2 1 1 0 0 0 1 2 1 2 2 2 2 0 2 0 0 1 1 1 0 0 2 2 1 2 0 2 2 1 1 1 0 0 1 1 1 0 0 0 1 0 0 1 0 0 1 2 2 2 1 2 0 1 2 2 0 1 1 2 2 0 1 0 1 2 1 0 0 2 1 1 2 1 2 1 1 0 0 1 1 1 1 1 2 1 1 0 0 0 0
0 1 1 1 2 1 2 0 2 0 1 0 2 0 1 0 2 1 1 1 0 0 2 0 0 0 2 1 1 2 1 2 0 1 0 0 2 0 0 1 1 2 0 1 2 1 2 2 0 1 0 2 2 2 2 2 1 2 0 2 1 0 2 0 1 0 1 1 2 2 0 0 2 1 1 2 0 2 1 0 0 2 0 0 1 2 2 0 2 1 1 2 2 0 2 0 1 0 1 1 0 2 1 0 1 1 2 1 0 1 0 1 0 0 1 2 1 1 0 0 2 2 2 1 2 1 2 1 0 2 2
1 1 2 1 1 0 1 2 0 0 2 2 0 1 0 1 2 1 2 2 2 1 0 0 0 1 1 0 2 0 0 1 2 2 0 0 2 2 1 0 2 0 2 1 1 0 2 1 0 1 1 2 2 1 0 0 0 2 1 1 2 2 0 2 2 0 0 2 0 1 0 1 0 1 2 2 2 2 1 2 1 0 2 1 2 1 1 0 0 1 1 0 0 1 0 2 0 0 2 0 0 1 1 0 0 1 0 2 0 2 2 1 2 2 0 1 0 0 2 1 1 1 2 1 0 0 1 0 1 2 1
1 1 0 2 1 1 0 0 0 2 0 2 0 0 0 2 1 0 1 0 1 1 2 0 2 2 2 0 1 2 1 0 0 1 0 1 1 1 0 2 1 0 1 1 1 2 1 1 0 0 1 2 1 1 2 1 1 0 1 0 2 0 1 0 2 2 2 1 0 2 0 2 1 0 1 0 0 0 1 1 1 0 0 1 2 1 2 0 1 1 2 0 1 0 1 1 2 2 0 0 2 0 2 1 1 1 2 2 1 0 1 1 1 1 2 0 2 1 2 1 0 1 2 1 2 1 0 1 1 1 2
1 1 1 2 1 0 1 0 2 0 1 0 1 0 0 0 0 2 2 1 2 1 1 2 0 1 0 2 2 1 1 1 0 0 1 1 0 0 2 1 1 1 2 0 2 0 1 0 0 1 2 0 0 2 2 0 1 0 0 0 1 2 2 0 2 1 1 1 2 2 0 1 1 2 2 0 2 0 1 2 2 2 0 2 2 0 0 0 1 0 1 0 0 1 0 0 2 0 1 2 2 2 1 1 2 0 0 1 0 1 2 2 1 2 2 0 2 2 1 1 2 0 2 0 2 2 0 0 0 0 0
0 2 1 2 1 1 2 0 2 1 2 2 0 2 1 1 2 0 1 1 0 2 0 0 1 0 0 1 1 0 1 2 0 0 1 2 1 0 0 1 2 0 1 0 2 2 2 2 0 0 1 0 0 1 1 2 2 2 1 1 0 1 1 1 1 2 1 1 1 1 0 1 0 2 2 2 1 1 2 2 0 0 0 0 2 2 0 2 2 2 1 2 1 2 2 2 0 1 1 1 0 2 2 0 1 1 1 2 0 0 2 1 2 1 2 1 0 0 1 0 2 0 2 0 0 2 1 0 0 2 1
1 1 1 2 0 0 0 1 1 1 1 2 1 2 2 2 2 0 2 2 0 0 0 2 0 0 0 2 2 0 0 0 0 0 0 0 0 1 2 2 2 1 0 1 0 2 0 1 0 0 1 1 1 2 1 0 0 1 2 2 2 0 0 0 0 0 2 2 1 1 1 1 2 1 2 0 2 1 2 2 2 0 1 1 1 2 2 2 1 1 1 2 1 2 2 0 0 1 2 0 0 1 2 2 1 2 0 1 1 0 1 1 1 1 0 0 0 2 2 0 0 1 2 0 0 1 1 1 0 1 1
1 2 1 0 1 1 2 0 0 2 2 1 1 0 2 1 1 1 1 1 0 2 0 0 2 0 1 1 0 2 0 2 2 1 0 2 0 2 2 0 0 1 2 2 2 2 2 1 1 0 0 1 0 1 2 2 2 1 1 0 1 2 2 1 1 2 1 2 0 0 0 0 0 0 2 0 2 1 1 1 0 0 0 0 1 0 0 1 2 0 1 1 0 0 0 1 2 1 1 2 2 2 0 2 0 1 0 0 0 2 2 0 2 2 0 1 0 1 2 0 2 1 2 2 1 2 0 2 0 0 2
2 0 0 0 0 2 1 1 2 1 0 0 1 1 1 0 1 0 1 2 2 2 1 1 1 0 0 1 1 1 0 2 1 1 2 2 0 1 1 1 2 2 1 0 0 0 2 0 1 0 2 1 2 2 1 1 0 1 2 0 0 1 2 2 2 2 1 1 0 0 2 2 0 1 0 0 1 0 1 0 0 2 0 2 1 1 2 2 0 1 2 0 2 1 2 0 0 1 1 1 2 0 1 0 2 2 1 0 2 0 2 2 2 2 2 1 1 2 0 1 1 0 2 1 2 1 1 1 0 0 2
0 0 0 0 0 2 2 1 2 2 1 2 2 1 0 0 2 2 0 0 0 1 2 0 2 1 2 0 2 0 0 0 1 1 0 2 1 0 1 2 0 2 1 2 0 1 2 2 1 1 0 2 2 0 0 2 1 0 2 1 0 0 1 2 2 0 1 1 1 2 0 2 2 0 1 0 1 2 2 0 0 0 1 0 0 1 0 2 1 0 1 2 1 0 2 1 1 0 0 0 1 1 2 0 1 1 1 1 0 1 2 1 0 0 2 0 2 0 1 1 0 0 1 2 0 1 0 2 1 1 2
0 1 2 2 2 0 1 1 2 0 1 0 0 1 2 2 1 2 0 0 1 0 2 1 0 0 2 0 2 1 0 0 2 2 0 2 1 1 1 0 1 0 0 2 1 0 1 1 0 1 1 2 2 1 0 2 1 0 1 0 2 1 1 2 1 1 2 2 2 0 0 2 0 0 1 0 0 0 1 2 1 0 1 1 1 2 1 0 0 2 1 0 1 0 2 0 2 1 0 0 0 0 2 1 0 0 2 2 1 0 2 2 1 0 1 2 0 2 2 1 2 1 1 1 2 0 1 1 0 2 2
0 0 1 2 1 2 2 0 0 2 0 0 2 2 1 1 2 1 2 2 0 1 0 1 1 2 0 0 2 0 0 0 0 1 2 1 2 1 0 2 2 0 0 1 2 2 0 0 0 0 2 1 1 0 0 0 2 1 1 2 1 1 2 2 0 2 1 2 1 2 0 0 0 1 1 0 0 0 1 2 0 1 0 0 1 2 0 1 0 2 1 2 1 1 1 0 1 0 2 2 0 0 1 1 1 2 2 0 0 0 2 1 2 0 2 0 2 2 2 0 0 1 0 1 2 2 1 1 1 2 0
1 2 1 2 2 2 2 2 2 0 2 1 2 2 0 0 0 1 0 0 1 2 1 0 2 0 2 0 1 2 2 0 2 0 0 1 0 0 1 1 0 1 0 0 2 1 1 2 0 2 0 2 2 1 2 1 1 1 2 1 1 1 2 1 2 2 0 1 0 0 0 1 1 0 2 0 2 1 0 2 1 0 1 0 2 1 0 1 0 0 0 0 2 2 1 1 1 1 0 2 1 0 1 1 2 1 1 1 2 0 2 1 0 1 2 0 2 2 2 1 2 0 1 1 2 0 0 1 2 2 1
2 2 0 0 2 1 2 1 1 2 0 0 1 1 2 2 2 2 1 1 2 2 0 1 1 1 2 0 0 1 2 2 2 2 0 1 1 0 0 0 0 1 0 1 1 0 0 1 0 2 0 2 1 0 1 0 2 2 1 2 1 1 0 0 1 0 0 0 1 1 1 2 0 1 1 2 2 2 0 2 2 0 0 2 1 2 2 0 1 1 2 0 2 0 1 2 2 2 2 0 1 0 0 2 0 2 1 2 2 1 2 2 2 0 1 0 1 2 0 2 0 0 0 1 1 0 0 1 2 0 1
1 1 0 0 1 0 1 1 2 0 1 1 2 0 1 0 1 0 0 1 1 1 0 0 0 0 0 1 0 1 0 2 0 1 0 1 1 0 0 0 0 1 0 1 2 2 1 0 2 0 0 1 2 0 2 0 0 0 2 1 2 2 0 2 1 2 1 0 2 2 1 0 2 2 1 1 2 1 2 2 2 2 0 1 0 2 1 1 1 0 2 0 0 1 1 2 0 0 0 2 0 2 2 2 2 2 1 1 1 1 0 0 1 0 2 1 1 1 2 0 2 0 0 2 1 2 0 2 0 0 2
1 2 1 1 2 1 2 0 0 1 1 1 0 2 0 2 1 2 2 1 1 2 2 2 1 2 2 0 0 2 0 1 2 2 0 2 1 0 2 0 2 1 1 0 0 0 2 2 2 0 0 2 0 0 1 2 0 0 0 0 0 1 0 2 1 0 1 0 1 1 0 1 2 0 2 0 0 2 2 0 2 1 2 0 1 0 0 1 1 1 0 1 2 0 1 1 0 0 0 0 2 0 1 2 1 0 0 1 0 2 0 0 0 2 0 0 1 0 2 2 2 2 2 2 0 0 2 2 2 2 2
1 0 0 1 2 2 1 1 0 1 1 0 0 1 1 0 0 2 2 2 2 2 1 0 0 0 2 2 2 2 1 0 2 0 2 2 2 0 1 2 0 0 0 0 1 2 0 2 0 2 2 2 2 1 0 0 2 0 0 2 2 2 1 0 2 0 0 2 2 1 2 2 2 2 2 1 0 0 1 0 0 1 0 1 0 1 2 0 1 2 0 1 2 1 2 2 2 2 1 1 2 1 1 1 2 0 0 2 1 2 0 1 1 0 0 2 1 2 0 1 2 0 0 1 2 2 1 2 1 0 0
1 0 1 0 2 2 1 2 1 1 2 2 0 2 0 0 2 0 0 0 2 1 0 2 1 0 1 0 2 2 0 1 2 2 1 1 2 0 0 0 2 0 1 0 0 1 0 0 1 0 0 2 2 1 2 1 2 0 1 1 2 0 0 2 2 2 1 2 0 0 0 2 0 1 0 0 2 0 1 2 1 2 2 1 0 1 2 0 2 1 2 2 1 2 2 2 2 1 1 0 1 1 0 1 0 1 0 0 2 1 0 1 1 0 2 2 2 2 0 1 0 0 1 0 0 1 2 0 2 1 1
1 0 2 1 0 0 2 2 1 1 0 2 0 2 2 0 1 1 1 1 2 2 0 0 2 1 2 0 1 0 1 0 1 2 1 2 0 0 2 1 2 1 0 2 0 2 0 2 1 2 0 2 2 0 2 2 2 0 0 1 0 0 1 2 2 1 0 2 2 0 1 1 1 2 2 2 2 0 2 1 1 0 0 0 1 1 0 1 1 1 2 2 1 1 2 1 2 0 0 2 0 2 1 0 2 1 0 2 0 0 0 1 1 1 2 0 2 0 1 0 1 1 0 0 2 2 1 0 0 2 0
2 2 1 2 2 1 2 1 1 0 1 2 2 0 1 2 2 2 0 0 1 1 1 1 1 1 0 1 0 1 1 2 0 1 1 2 2 1 1 0 2 2 0 1 0 2 0 0 2 1 2 1 0 1 1 2 0 1 1 0 2 1 0 0 0 1 0 2 1 1 0 0 2 0 0 0 2 1 0 2 1 0 1 1 2 2 1 0 1 1 1 2 2 2 0 2 1 1 2 0 0 2 2 2 0 2 0 2 1 1 0 2 2 2 1 2 2 0 0 0 1 2 2 1 2 1 0 1 2 0 1
0 2 1 1 2 0 1 0 2 0 1 2 0 0 0 0 2 1 1 0 0 1 1 2 1 2 0 0 2 1 2 2 1 1 1 2 2 0 2 1 0 1 2 1 1 2 2 1 1 1 2 0 0 0 2 2 2 2 2 1 1 2 2 0 0 0 2 0 1 2 2 0 0 1 2 2 2 2 1 1 1 0 1 2 2 0 1 1 1 0 1 2 1 1 0 1 1 0 2 0 2 2 0 0 1 0 0 0 2 2 0 2 1 1 1 0 0 0 2 1 1 0 1 2 1 2 1 1 2 1 2
0 0 0 1 2 0 2 0 1 2 0 0 0 2 1 0 2 2 0 1 1 1 2 1 1 2 0 2 2 2 1 0 2 2 1 2 2 1 1 0 1 1 0 1 1 0 0 1 2 1 0 1 0 0 0 1 2 0 0 2 2 2 2 0 1 1 0 2 2 1 2 1 1 1 1 0 1 1 0 0 0 0 2 0 0 0 2 1 0 0 0 1 1 1 1 0 2 1 2 2 1 2 1 2 1 0 0 2 2 0 0 2 1 0 0 2 0 2 0 2 1 2 0 2 0 2 2 0 1 0 0
2 2 2 2 0 2 0 0 1 1 1 0 2 2 1 0 0 1 0 2 0 0 0 0 1 2 0 2 2 1 0 1 0 2 2 1 2 0 2 0 1 0 2 2 0 1 2 2 2 0 1 1 1 0 1 0 0 2 0 2 0 0 2 1 0 1 0 2 2 2 1 0 1 0 0 2 1 2 1 1 0 1 2 2 1 1 2 2 0 0 2 1 0 1 0 1 0 1 1 0 1 2 0 2 2 2 2 0 1 0 0 2 2 2 1 0 1 2 0 0 2 0 2 1 2 2 2 0 0 1 0
2 1 1 2 0 0 2 2 2 0 0 1 0 2 1 1 2 0 2 2 2 0 1 0 2 0 0 2 2 2 2 1 1 1 1 2 2 1 2 1 2 2 0 2 0 1 0 2 2 0 1 2 0 0 0 0 0 2 2 0 2 2 1 0 1 0 2 1 2 0 2 1 2 0 0 2 2 2 2 1 2 1 1 1 1 0 1 0 0 2 0 2 2 0 0 0 0 0 1 2 0 1 1 0 2 1 0 2 0 0 1 1 1 1 2 0 2 0 1 2 0 1 1 0 1 1 1 2 1 0 2
2 2 0 0 2 2 0 2 2 0 2 0 0 0 0 1 2 2 2 1 2 0 0 2 2 1 1 1 0 2 1 0 1 1 0 2 0 1 1 1 2 0 2 2 1 0 0 0 2 2 2 1 0 2 2 0 0 0 2 2 2 0 2 1 0 0 1 1 1 0 2 1 1 2 1 0 0 2 0 2 2 1 1 0 0 0 1 2 0 0 1 0 2 1 0 2 1 1 0 0 2 1 2 1 1 1 1 1 0 2 1 0 0 2 1 2 1 0 1 2 1 0 0 0 1 1 0 1 2 1 1
2 0 1 1 1 0 2 0 2 2 2 2 1 0 2 0 1 2 2 0 1 0 1 2 1 0 0 0 0 2 2 0 2 1 1 2 2 1 0 1 0 1 1 2 1 1 2 0 1 2 1 0 2 1 1 2 1 1 2 1 1 2 2 2 1 1 1 0 0 2 2 1 1 0 1 2 2 1 0 1 1 2 2 1 0 0 0 2 2 2 1 1 2 1 0 1 0 2 2 1 2 1 0 1 1 2 1 1 1 2 2 2 2 0 0 0 0 1 0 0 1 2 2 1 0 2 0 1 2 2 0
2 0 0 0 2 2 2 1 0 0 1 0 2 1 1 0 2 0 0 2 2 2 2 1 0 2 1 0 2 0 1 2 0 1 0 2 2 0 1 0 0 0 1 0 1 1 0 1 1 1 2 1 1 1 2 0 1 0 0 1 0 1 0 1 0 1 1 0 2 0 1 0 1 0 1 2 1 0 2 0 1 1 1 1 0 0 2 0 0 0 1 1 2 0 0 2 2 0 1 2 0 0 0 1 0 1 1 0 1 1 0 1 0 2 0 1 2 2 2 1 2 1 0 1 1 2 1 1 2 2 1
0 2 1 2 1 0 1 1 2 0 1 0 0 1 0 2 2 0 2 1 2 1 2 1 0 1 1 2 1 0 1 1 1 0 0 2 1 2 1 0 2 0 1 0 2 2 1 2 0 0 0 0 1 0 0 2 2 1 2 1 2 0 0 0 1 0 0 2 0 1 0 0 0 2 1 2 1 2 2 2 0 0 0 2 0 1 2 0 2 2 2 1 0 2 0 2 0 0 1 1 0 1 1 0 0 0 0 0 0 2 2 1 2 0 1 0 1 1 1 1 0 0 1 1 0 1 0 0 1 0 2
1 1 1 1 0 1 1 1 0 1 0 1 1 2 2 2 1 0 0 1 1 1 2 2 2 0 1 0 2 1 0 1 0 2 0 0 1 0 2 1 1 1 0 0 0 2 0 2 0 0 0 2 2 2 0 1 2 1 2 0 2 0 1 2 2 2 1 2 0 0 1 0 1 2 1 2 2 1 2 1 2 2 0 1 2 0 0 2 2 2 2 1 0 1 2 0 2 0 2 2 1 1 2 0 1 0 0 0 2 2 1 1 0 0 2 2 0 0 2 0 0 0 2 1 2 1 2 2 1 0 2
1 1 2 1 2 1 2 0 0 2 2 2 2 2 2 2 0 0 2 1 1 2 1 0 0 2 2 2 2 2 2 0 1 0 2 1 2 1 2 2 1 1 2 0 1 2 0 1 0 0 0 1 0 1 1 1 1 1 1 1 1 1 2 0 2 2 2 1 2 1 1 0 0 1 2 1 1 0 0 1 0 0 0 2 2 1 0 2 1 2 1 0 2 1 0 1 1 0 0 0 1 2 2 2 1 2 1 0 0 2 1 1 2 2 1 0 1 2 2 0 0 0 0 2 2 2 1 1 2 1 2
2 1 2 1 0 2 0 1 0 0 2 2 2 2 0 0 2 0 2 2 0 1 1 0 0 0 2 2 2 1 0 1 0 2 1 1 0 2 2 0 2 2 2 2 2 0 0 2 1 0 2 2 1 0 0 2 1 2 2 1 1 2 0 2 2 2 1 2 2 0 0 2 2 0 2 2 0 0 2 2 0 2 1 0 0 2 2 2 2 1 1 1 1 2 0 1 2 1 1 2 2 1 2 0 1 2 2 2 2 0 1 0 0 1 0 0 1 0 2 0 0 1 2 2 1 0 0 1 0 2 1
2 0 0 2 2 2 0 2 2 0 0 1 0 1 1 0 0 0 1 1 0 0 1 2 2 1 0 0 1 2 2 2 0 0 1 0 1 1 2 0 2 0 1 2 2 1 1 0 2 0 1 2 0 0 2 1 2 0 1 1 0 1 0 0 0 0 1 1 1 0 2 1 0 2 1 0 0 2 1 0 0 0 2 2 1 2 0 1 2 1 0 2 1 1 0 1 2 1 0 0 2 2 2 2 1 1 1 2 1 2 2 2 0 2 1 1 1 1 2 1 0 1 0 2 0 1 1 2 2 1 2
1 1 2 2 0 1 0 0 2 0 2 1 0 2 2 0 1 1 0 0 2 1 0 1 1 2 0 0 2 2 0 2 1 0 1 2 1 2 2 0 2 2 0 0 1 0 0 0 2 1 1 1 2 2 0 2 2 1 2 2 1 0 1 0 1 0 2 2 2 1 1 2 1 2 2 0 2 1 1 1 2 2 0 2 2 2 1 1 0 2 1 2 2 2 0 1 2 0 1 2 2 0 1 1 0 2 2 0 0 1 2 0 1 0 0 1 0 0 0 1 2 2 1 2 0 2 1 0 2 0 0
2 1 1 1 2 1 1 0 1 0 2 1 1 0 2 0 0 2 1 2 2 1 1 1 1 0 0 2 0 1 2 1 0 1 2 2 0 1 2 2 1 0 1 1 0 1 2 1 0 1 1 0 2 2 1 1 0 1 0 0 0 0 2 1 2 2 1 2 0 2 2 0 2 1 1 2 2 0 1 0 1 0 0 0 2 2 2 2 2 0 1 2 0 0 0 0 0 0 0 1 2 2 2 1 1 0 1 0 0 1 1 2 1 2 0 1 2 0 1 1 0 0 0 2 1 2 2 1 2 0 0
2 1 2 0 2 0 2 1 0 0 2 0 0 0 1 2 2 2 0 0 0 1 1 2 0 1 2 2 1 0 0 0 1 0 1 1 1 1 2 2 2 0 0 2 0 2 1 2 1 0 0 2 1 2 2 2 2 2 1 0 2 1 2 1 0 0 0 1 2 2 1 0 2 2 2 0 1 2 2 0 2 0 0 1 0 0 0 2 2 1 0 0 1 0 1 1 2 2 0 1 0 2 1 0 2 2 1 1 1 0 0 1 2 0 2 0 1 0 2 0 1 0 1 0 2 1 2 1 0 2 0
0 0 2 1 2 2 0 0 1 0 0 2 0 1 1 0 2 1 0 1 0 2 0 1 1 1 0 2 2 1 2 0 1 2 2 1 1 2 1 2 1 0 1 1 1 0 2 2 2 2 1 0 1 1 2 2 1 0 2 0 2 2 1 1 1 1 2 1 0 2 0 2 2 0 1 1 1 1 1 1 1 0 2 0 0 2 0 1 2 1 2 2 0 0 1 2 2 1 0 0 0 2 2 0 0 1 2 1 2 1 0 1 2 2 2 2 1 0 0 2 1 0 2 2 1 0 0 1 2 0 2
2 0 0 0 1 1 0 0 2 2 1 0 2 1 0 2 0 0 0 2 0 2 2 2 1 0 2 2 2 1 2 0 2 2 1 1 1 2 2 0 2 0 0 2 1 0 2 0 2 0 0 2 2 0 1 0 1 2 0 0 0 0 1 0 2 1 1 0 0 0 1 1 2 2 0 1 1 0 1 0 0 2 0 1 0 2 1 1 1 2 2 2 2 1 0 2 0 2 0 1 0 2 2 0 2 0 1 0 0 0 1 2 0 1 0 0 1 2 1 2 2 0 0 2 2 0 2 2 2 0 1
0 0 1 0 2 2 2 0 2 0 1 1 0 1 2 0 2 2 2 2 1 2 2 1 0 2 0 0 0 0 2 1 0 1 2 1 0 2 2 2 2 0 2 0 2 2 1 1 1 0 1 0 2 0 2 0 1 2 1 2 1 0 0 2 1 0 1 1 0 0 2 0 1 2 0 1 1 1 0 1 1 2 1 2 0 1 0 2 1 1 1 0 2 0 0 1 0 2 1 2 2 0 2 1 0 1 0 2 2 1 0 2 0 0 2 0 1 2 0 0 2 2 0 1 2 2 0 1 2 1 0
1 1 0 1 2 1 2 2 2 0 0 2 1 0 2 1 2 1 2 0 1 0 2 2 2 1 1 1 0 2 1 2 2 0 1 1 1 0 1 1 1 2 0 2 0 2 2 0 2 2 1 1 2 0 2 0 2 0 1 0 2 1 0 1 1 0 0 0 0 2 2 0 2 0 0 0 1 2 1 1 0 0 2 2 1 1 0 0 1 2 1 1 0 2 2 2 0 0 2 1 0 1 1 2 0 2 0 1 2 2 2 0 2 1 1 1 0 1 2 1 0 1 0 1 1 0 0 2 1 1 0
1 0 2 2 0 2 2 1 2 2 1 0 0 0 2 2 1 0 1 0 2 0 1 1 2 2 2 1 0 1 0 2 1 2 2 2 2 1 1 2 2 0 0 2 1 2 1 0 0 0 0 2 2 1 0 2 1 0 2 2 2 2 2 1 2 1 1 1 0 0 0 0 1 1 2 2 0 1 2 1 0 1 1 0 0 0 2 2 1 1 1 1 0 1 2 2 0 1 1 1 1 0 2 0 1 2 0 2 2 0 2 2 2 0 0 2 1 2 1 0 1 0 1 2 1 1 2 2 0 0 1
1 0 0 2 2 0 0 0 2 1 0 2 0 0 2 2 2 2 2 0 1 2 2 0 2 0 0 1 0 2 2 2 0 0 2 0 1 0 1 0 2 1 1 2 2 0 2 2 2 1 2 1 1 1 2 1 2 0 2 0 2 0 0 0 0 0 1 2 1 2 1 0 1 2 0 0 2 2 1 0 2 1 1 1 1 0 2 0 2 1 1 1 1 2 1 0 0 2 2 1 2 0 2 1 2 2 0 0 2 1 0 2 2 1 0 0 0 2 2 2 2 1 0 1 0 0 1 1 0 2 0
0 0 2 2 1 2 2 1 2 0 1 2 1 2 0 2 0 1 1 2 0 0 1 1 1 1 1 2 1 1 0 2 2 2 0 0 2 2 1 0 1 0 0 2 1 0 1 1 1 1 2 2 1 0 2 0 2 1 0 1 2 1 2 1 1 2 2 2 1 1 2 2 0 0 2 1 1 2 0 1 0 2 0 2 0 0 0 2 1 1 2 0 0 1 0 1 0 0 1 2 2 0 0 2 1 2 0 0 1 2 2 2 1 0 0 0 1 0 2 2 2 2 1 2 0 1 2 1 2 0 2
1 2 2 1 1 2 2 2 2 1 1 1 1 2 1 1 0 0 1 0 0 1 1 1 2 2 0 1 1 1 1 1 1 0 2 0 2 2 2 1 2 1 1 0 1 0 2 2 1 1 2 2 2 1 1 0 1 2 1 1 0 2 2 2 0 1 0 0 1 0 0 0 2 1 1 0 2 0 2 1 2 2 1 2 0 2 2 2 1 1 0 2 1 2 2 1 1 2 0 0 0 0 0 2 2 2 1 1 0 0 0 0 0 2 1 1 2 1 1 1 0 1 1 2 1 1 1 0 2 2 0
0 2 1 0 1 1 1 0 2 0 2 0 0 2 2 0 2 0 2 1 0 0 2 0 2 2 2 0 1 2 1 1 1 2 1 0 1 1 1 1 1 1 2 2 1 1 2 1 1 1 2 0 0 0 1 0 2 1 1 0 0 0 2 2 0 0 2 2 1 1 1 0 0 1 0 2 0 0 0 2 0 0 2 1 0 1 1 0 0 0 1 0 1 0 0 1 2 2 1 1 2 0 2 2 1 0 1 1 1 2 1 1 2 1 0 1 0 0 2 1 0 1 2 2 2 0 0 1 1 2 1
0 2 0 2 2 1 1 1 2 1 2 2 0 2 0 2 0 0 0 1 0 1 1 0 1 2 1 1 0 1 2 0 1 0 0 0 1 1 2 1 2 2 1 0 1 2 1 1 2 1 0 1 0 1 1 2 1 0 0 1 1 0 1 1 0 2 2 2 0 2 1 0 2 0 2 1 2 1 1 2 0 1 1 1 0 2 0 0 0 2 1 2 2 1 0 1 0 0 0 2 2 2 0 1 0 0 1 0 1 2 2 1 1 0 0 2 1 1 2 1 0 1 0 0 0 1 1 0 2 2 0
1 2 1 0 2 1 2 0 1 1 0 2 2 2 1 1 0 2 1 2 0 0 0 0 0 2 2 1 1 2 2 0 1 0 1 2 2 0 2 0 1 0 1 1 2 2 0 0 1 1 0 2 2 1 0 2 0 0 1 2 2 0 0 2 1 1 1 0 2 1 1 1 2 2 2 0 1 2 0 0 2 1 0 1 0 0 2 0 1 1 0 1 1 1 1 0 2 2 0 1 1 1 0 1 1 2 2 2 0 2 0 0 1 0 2 2 1 1 1 0 2 1 1 1 0 0 1 0 0 0 0
0 1 0 2 1 1 1 0 2 1 2 2 0 2 1 2 1 1 1 1 1 1 1 1 2 2 0 2 0 0 0 0 0 1 0 1 0 1 1 2 0 1 1 1 1 0 1 0 1 0 0 0 1 2 2 0 1 2 2 2 0 1 1 0 0 1 1 0 0 0 2 0 2 1 1 1 1 2 1 1 0 2 2 1 1 1 1 0 0 2 0 0 0 2 1 0 0 2 1 1 1 0 1 1 2 0 2 0 1 1 2 1 1 1 1 2 0 2 0 1 2 1 2 0 0 1 0 0 1 2 0
0 2 2 1 1 0 0 0 2 0 2 1 1 2 2 0 2 2 1 1 2 2 1 0 0 0 1 2 2 1 2 1 0 1 2 0 2 1 1 1 1 1 1 0 0 0 1 1 0 0 2 0 0 1 0 2 2 1 1 0 2 1 1 1 2 1 2 0 2 0 1 1 1 2 2 0 1 1 1 1 2 1 1 2 0 1 2 0 1 0 0 1 1 2 0 2 1 2 2 1 0 1 0 0 2 0 0 0 1 2 1 0 1 0 1 2 2 0 0 1 2 1 1 0 1 1 0 2 1 2 0
2 1 1 2 1 2 0 1 1 2 2 2 1 0 0 1 1 1 1 0 0 0 1 2 1 0 2 1 2 2 2 1 1 1 1 2 1 1 1 2 2 1 1 1 2 2 2 1 1 1 1 2 2 1 1 1 2 1 2 1 1 2 2 2 0 1 2 2 1 0 2 0 1 1 1 1 2 1 0 1 0 0 0 2 1 2 1 0 0 1 2 1 1 1 1 2 1 1 2 2 2 2 0 1 0 2 1 2 0 1 1 1 1 2 1 0 1 1 1 1 2 0 0 1 0 2 1 1 0 0 1
2 2 1 0 0 0 1 1 0 1 2 2 0 1 2 1 0 0 0 2 0 1 2 2 2 1 0 0 2 1 2 2 1 0 1 2 0 2 0 1 1 1 2 2 0 1 1 1 2 1 1 2 0 2 2 2 1 0 0 1 2 2 0 0 2 1 1 0 2 2 0 1 1 2 0 2 1 1 1 0 1 2 0 1 1 1 1 1 1 1 2 1 1 0 2 1 0 1 2 2 1 2 0 2 2 2 2 0 1 0 1 2 1 1 1 0 2 2 1 2 1 1 1 2 2 1 1 0 0 1 0
2 1 1 2 0 0 2 0 2 0 1 2 1 0 0 0 1 0 2 0 2 2 2 1 2 0 0 2 1 1 2 1 2 0 1 0 1 0 0 1 0 2 0 0 0 2 1 2 0 1 0 2 0 2 2 2 0 0 1 2 2 0 0 2 1 2 1 0 2 2 2 1 2 0 2 0 2 1 2 0 2 2 0 0 2 2 2 2 0 2 2 0 2 1 0 1 0 1 2 1 2 1 0 1 0 0 2 2 1 2 0 1 2 2 1 1 1 2 1 2 2 1 0 2 0 2 1 0 1 1 2
0 1 2 1 1 2 1 1 1 0 2 0 0 1 2 2 0 1 1 1 0 0 1 1 0 0 2 1 2 1 1 0 2 1 0 0 2 1 2 0 0 2 0 0 1 0 0 2 2 1 0 1 2 0 2 2 0 2 0 0 0 2 1 1 1 1 2 0 0 2 1 0 2 2 2 0 0 2 0 0 1 1 1 0 1 1 0 0 1 1 1 0 1 2 1 0 1 1 1 0 1 2 1 0 1 0 1 2 0 2 0 2 1 2 0 0 2 0 0 0 2 1 0 1 2 2 1 1 1 0 1
2 2 1 2 2 1 1 1 2 1 2 2 0 2 0 0 1 0 1 2 0 0 0 2 2 2 1 2 1 1 1 0 1 2 1 0 2 0 2 2 2 2 1 0 2 1 1 1 0 2 0 1 2 1 1 0 1 0 2 0 2 1 1 1 1 0 2 1 0 1 0 0 1 1 0 0 0 1 2 1 1 0 2 2 1 1 2 0 0 2 1 2 0 0 1 2 0 0 0 1 2 1 0 2 0 0 0 1 0 0 2 1 0 2 1 2 2 0 0 2 0 2 2 2 0 0 2 1 1 1 2
1 2 2 0 2 1 1 0 1 2 0 0 2 1 2 2 0 0 0 0 1 2 2 1 2 0 0 0 2 1 1 0 1 1 2 0 2 1 2 1 0 0 0 0 2 0 2 0 0 0 0 2 0 0 0 1 0 2 1 2 0 0 1 1 2 0 0 2 1 0 1 1 1 2 2 1 2 1 1 0 2 2 1 0 0 2 1 1 1 0 1 2 1 2 1 1 2 2 0 1 2 2 0 1 1 2 0 1 1 1 2 0 1 0 1 2 2 2 1 1 1 2 1 0 2 2 1 2 2 2 1
2 0 1 1 1 2 1 1 0 0 0 1 2 1 1 1 1 1 2 2 2 0 1 2 2 2 1 2 2 2 0 1 2 0 0 1 0 1 2 0 2 0 2 2 1 0 1 0 2 2 0 2 2 0 0 2 2 2 1 1 1 0 0 1 1 0 1 1 0 1 2 0 2 1 0 1 0 2 2 0 2 1 0 1 1 0 1 1 0 2 2 2 2 2 2 1 1 0 2 2 1 1 0 1 1 1 0 2 1 0 0 0 1 0 2 0 1 0 1 2 2 0 2 0 1 1 1 0 1 2 0
1 0 0 2 2 1 0 1 2 1 1 2 0 2 1 1 1 2 2 1 0 1 0 0 0 2 2 0 1 2 1 2 0 1 2 0 1 0 2 0 2 0 1 0 0 0 2 2 1 1 0 1 0 1 2 0 0 1 1 1 2 2 2 0 1 2 0 0 2 2 0 2 1 2 0 1 1 2 1 2 1 1 0 2 0 2 0 0 1 2 0 0 2 2 0 1 1 1 1 1 1 0 1 2 2 1 2 1 1 1 0 1 2 1 1 0 0 1 1 0 1 2 1 1 2 2 2 0 1 1 0
0 2 1 0 1 1 0 0 2 1 1 0 0 0 1 1 1 1 1 1 2 1 0 1 1 0 2 2 2 1 2 2 0 1 0 1 2 0 2 2 1 2 0 0 2 2 2 1 0 1 1 1 0 2 2 1 2 1 0 2 2 1 1 2 2 0 2 2 1 2 1 0 1 2 1 1 2 1 1 0 0 2 1 1 1 1 0 1 0 1 0 1 2 2 0 1 2 0 0 1 1 0 2 0 2 1 0 2 2 1 0 0 1 1 1 2 0 1 1 1 0 1 2 2 1 0 2 2 2 0 1
0 0 0 0 1 1 1 0 1 2 0 2 0 0 1 0 0 1 1 1 1 0 1 1 2 2 1 1 1 2 2 2 0 0 0 1 2 2 0 0 2 0 0 0 1 2 1 2 0 0 0 2 0 0 1 2 2 0 1 1 0 0 1 0 0 2 0 2 2 0 1 2 1 1 0 0 1 1 2 2 1 0 2 0 0 1 0 0 2 2 2 2 2 1 0 1 1 0 1 0 1 2 2 0 2 2 1 0 2 0 1 0 1 0 1 0 2 2 1 1 1 1 0 1 2 1 2 1 1 1 2
0 1 2 1 1 0 2 0 2 0 1 0 1 1 2 2 1 1 1 0 2 0 1 1 0 0 1 2 1 0 2 2 2 1 1 1 1 0 1 0 1 2 1 1 1 0 0 0 2 1 1 2 2 2 0 0 0 2 0 2 0 2 2 0 0 1 1 2 0 2 0 1 2 1 2 1 2 0 2 2 2 0 1 0 0 0 0 0 2 0 2 0 2 2 1 0 2 2 0 2 2 1 0 2 0 1 0 1 2 2 0 1 0 0 2 1 1 2 2 0 0 0 1 0 2 2 1 2 2 1 1
2 0 0 1 1 1 2 2 0 1 0 2 0 0 2 1 1 2 1 0 1 1 2 1 1 0 0 2 0 0 0 0 0 0 1 2 2 0 1 0 0 0 0 0 1 0 2 1 2 1 1 0 0 1 0 2 1 0 1 2 1 2 0 2 1 1 1 1 0 1 2 1 2 2 2 0 2 1 1 2 0 0 0 0 2 1 0 1 1 2 1 0 0 1 0 1 1 2 2 1 1 2 0 0 1 2 1 1 0 2 2 1 1 0 0 0 1 0 1 0 1 1 0 1 2 1 0 1 1 0 0
0 0 0 1 2 2 0 2 0 0 1 2 1 1 2 1 0 1 1 0 2 2 1 1 2 0 2 1 2 0 1 0 0 2 2 1 2 2 0 0 2 2 0 1 1 0 0 1 1 2 1 1 2 0 0 2 1 2 1 1 0 0 1 1 0 1 2 0 0 0 0 1 0 1 0 1 2 1 0 0 1 2 0 0 0 0 0 2 1 1 1 1 0 0 0 0 2 1 1 0 1 0 2 0 1 2 1 0 2 0 2 0 2 2 0 0 2 2 0 0 1 2 2 1 2 0 0 2 1 2 1
0 2 1 0 1 2 0 2 1 0 1 1 0 0 2 0 1 1 1 2 0 0 2 2 1 0 2 1 2 2 0 0 2 2 2 1 1 2 1 2 0 2 1 1 1 0 1 2 2 1 1 0 1 1 2 0 1 0 0 1 0 0 2 2 2 1 1 1 1 2 1 1 2 2 2 0 1 1 2 0 2 2 1 2 0 0 0 2 1 0 0 1 1 0 2 1 1 0 0 2 0 2 1 0 2 1 1 0 1 1 1 0 0 0 0 2 1 1 2 0 1 2 1 0 1 1 2 2 1 0 0
2 2 2 0 2 1 1 0 2 0 2 0 2 2 2 1 1 0 0 2 2 0 1 0 1 0 0 2 1 1 2 2 0 1 2 1 0 1 2 0 2 2 1 1 2 0 2 1 1 0 0 0 1 2 1 0 2 1 2 1 2 2 1 1 2 0 0 2 2 2 0 2 2 2 1 0 2 2 1 1 2 2 2 1 2 1 0 2 0 2 1 1 2 0 2 2 0 0 1 1 0 2 0 0 1 1 0 1 1 2 2 1 2 2 0 1 1 0 0 1 1 2 2 1 2 2 0 0 2 1 2
1 1 2 1 2 2 2 2 0 1 1 2 1 1 0 0 2 1 2 1 2 1 1 0 1 2 0 2 1 2 2 2 1 2 1 1 2 1 0 1 1 0 0 0 1 1 0 2 0 2 1 2 1 2 0 0 1 0 1 1 0 1 1 1 0 1 1 1 2 1 2 0 1 0 1 1 0 2 0 0 2 1 0 2 1 1 0 1 0 1 2 0 2 1 0 1 2 1 2 0 0 2 1 0 0 0 1 0 0 2 1 0 0 0 2 2 1 1 0 1 2 0 0 0 2 1 2 2 2 2 2
0 2 1 0 2 1 1 0 2 1 2 2 2 2 2 2 2 1 0 0 0 1 1 1 1 2 1 0 2 0 1 0 2 2 0 2 1 0 0 0 1 0 2 1 0 2 1 2 0 1 0 2 0 2 1 1 2 0 0 2 1 1 2 1 1 2 1 0 0 2 0 2 2 0 1 0 1 2 0 1 0 2 1 1 2 1 0 1 1 0 0 0 2 2 1 1 0 0 1 0 0 2 0 1 0 2 2 2 1 0 1 0 2 0 2 1 1 2 0 0 1 1 0 1 0 0 0 1 0 2 2
2 2 0 0 0 0 2 2 2 0 0 0 0 1 2 2 2 0 0 2 1 1 1 2 2 1 0 1 2 0 1 1 0 1 2 0 2 0 2 0 1 0 0 2 2 0 2 1 0 2 2 2 1 1 2 1 2 0 0 2 1 1 2 1 0 2 1 1 2 1 1 1 1 1 1 1 1 0 1 2 1 1 1 0 2 1 2 2 1 2 1 2 1 0 1 2 1 2 0 0 1 1 2 0 0 0 2 2 2 0 1 1 1 0 1 0 2 1 2 0 0 1 0 2 0 1 2 1 1 0 2
2 2 2 2 2 0 1 2 2 2 2 0 0 2 0 1 2 1 1 2 2 0 0 2 1 2 1 2 0 2 2 0 1 1 2 1 0 2 1 0 1 0 2 0 0 2 1 2 0 0 2 2 0 2 2 2 1 1 1 2 1 1 2 0 0 0 1 1 2 1 1 1 1 0 1 2 2 0 1 0 0 1 0 1 1 0 0 1 1 2 0 0 0 0 1 1 0 0 2 0 1 2 1 0 2 0 0 0 0 2 0 1 1 1 2 0 1 0 1 1 2 2 1 0 2 2 2 2 1 2 2
2 1 2 0 2 2 0 2 0 1 2 1 2 1 1 0 0 1 2 1 1 2 1 2 1 1 2 2 2 2 2 0 1 2 0 0 1 2 2 2 0 0 1 0 2 2 1 0 1 1 0 0 0 1 0 0 2 2 0 0 2 0 0 1 0 1 2 1 0 0 1 1 0 0 2 0 0 1 0 2 0 0 0 1 1 1 2 2 1 2 0 1 2 0 0 2 2 2 2 0 2 1 2 2 1 2 0 2 1 1 2 2 1 0 1 1 2 0 1 0 0 1 1 0 2 1 1 1 2 0 2
1 2 2 2 0 1 2 1 0 0 1 0 0 1 1 2 1 2 1 1 2 0 1 0 0 0 1 2 2 2 2 1 1 2 1 0 1 0 1 2 2 2 2 0 1 0 0 2 0 1 0 0 2 2 1 2 0 2 1 2 2 1 1 1 0 2 1 0 1 2 2 0 1 2 0 2 0 0 1 1 2 0 1 1 2 2 1 2 0 0 0 0 2 2 1 0 0 0 0 1 2 0 1 2 0 2 2 0 0 1 1 2 2 1 1 1 1 0 2 2 0 0 2 2 0 2 1 0 2 2 1
2 2 0 2 0 2 2 1 2 1 0 2 0 2 1 2 1 1 2 0 2 0 1 2 1 0 1 1 0 1 1 0 1 1 0 2 2 0 1 1 1 1 2 2 1 1 1 0 0 2 1 0 2 0 2 0 1 1 0 1 0 1 0 1 0 1 0 2 1 2 2 0 1 2 2 0 0 1 1 0 0 2 0 0 0 1 0 1 0 1 1 0 0 2 2 1 0 1 0 2 0 0 2 1 2 1 2 0 2 0 0 0 1 2 1 2 0 2 1 0 1 2 1 1 1 0 0 2 1 1 1
2 1 0 1 1 2 1 1 0 2 2 1 0 1 2 0 2 1 2 2 0 2 1 0 2 2 0 1 1 2 0 1 2 1 0 0 2 2 2 2 1 2 0 0 1 0 0 0 2 2 1 0 0 2 1 2 2 1 0 2 2 1 0 1 1 1 2 0 0 1 2 0 0 0 1 2 0 1 0 2 2 2 0 2 2 1 2 0 1 0 2 0 2 2 1 1 2 0 1 2 2 1 0 0 1 1 0 2 0 1 1 0 1 2 0 0 1 2 0 2 2 2 0 2 0 2 0 2 0 2 2
2 1 0 1 2 1 2 2 2 0 1 0 2 1 1 2 0 1 1 1 1 1 1 1 2 1 0 2 2 0 2 2 2 2 1 2 1 0 2 2 1 1 2 0 0 1 0 0 2 1 1 1 1 1 1 0 0 1 0 2 2 2 2 1 2 0 1 1 1 1 0 2 2 1 0 2 0 2 0 0 0 0 2 1 1 1 0 2 0 0 1 2 0 2 1 2 0 2 1 2 0 2 2 0 1 1 2 1 0 0 1 1 0 1 1 2 2 1 1 2 2 1 2 2 1 0 2 1 0 0 1
1 0 2 2 1 0 2 0 0 2 2 2 0 1 0 0 1 2 2 1 1 1 0 0 2 1 2 0 2 1 2 1 1 1 0 1 2 2 2 0 2 2 2 0 1 1 0 2 0 0 0 2 1 2 2 0 1 0 1 1 2 1 2 1 0 0 0 2 0 0 0 0 2 2 0 0 1 2 0 2 2 2 2 1 2 1 1 0 2 0 1 1 2 2 0 2 0 0 2 0 1 0 1 1 1 2 2 2 1 1 1 1 0 0 0 0 0 2 0 0 0 0 0 0 2 1 1 2 1 1 0
0 2 2 2 0 2 2 2 0 0 2 2 1 0 0 1 1 0 2 0 1 2 0 1 2 1 2 2 0 1 2 1 1 0 0 1 2 0 1 0 1 1 1 0 0 1 1 1 1 1 1 2 1 2 2 0 0 1 0 1 0 0 0 1 0 1 0 0 2 2 0 0 1 2 1 1 1 0 1 2 2 0 0 1 0 2 2 1 1 0 0 2 0 1 1 1 0 2 2 2 2 0 0 0 0 2 2 1 0 0 1 2 1 1 1 1 1 1 1 0 1 1 0 2 2 1 1 2 1 0 2
0 0 0 1 0 0 1 2 1 2 1 0 0 0 0 0 2 1 1 0 0 2 1 2 0 0 0 2 2 1 0 2 2 1 1 0 1 2 0 2 1 1 0 2 0 1 0 0 2 1 0 2 1 2 2 1 2 2 2 1 1 2 2 1 0 0 2 2 0 2 2 1 2 0 1 2 2 1 2 1 2 0 2 2 2 1 0 2 2 2 1 1 2 0 2 0 0 2 2 1 2 2 1 2 0 2 2 2 1 2 1 1 2 1 0 2 0 2 1 0 2 0 1 0 1 2 0 0 1 1 1
1 0 2 0 0 2 2 0 1 2 0 0 2 1 2 1 2 2 1 0 1 1 2 1 0 2 0 0 0 1 2 2 2 2 0 1 2 1 1 1 0 2 2 0 2 2 1 2 1 0 0 1 0 0 0 0 2 0 1 2 2 1 2 2 0 0 0 0 1 2 1 1 2 2 1 2 1 1 1 0 2 2 2 2 2 2 0 2 1 2 0 0 1 2 0 2 0 0 0 1 1 2 1 1 1 0 0 0 2 2 1 2 2 0 1 2 0 2 0 1 1 0 0 2 0 0 2 2 2 0 0
0 2 2 1 1 0 2 2 2 1 1 1 1 1 1 2 2 0 2 1 2 0 2 0 0 0 0 0 2 0 1 0 2 1 2 1 2 1 1 2 1 2 1 0 1 0 2 1 1 2 0 1 2 2 1 1 2 1 1 0 2 0 0 1 2 0 1 1 2 0 1 1 0 1 2 1 2 2 0 1 2 0 2 2 0 1 1 1 0 0 2 2 1 2 1 1 0 2 0 1 0 2 2 1 1 2 0 1 0 1 2 0 2 2 2 1 0 1 2 0 2 1 2 0 1 1 2 0 1 0 1
2 0 1 1 0 2 1 1 2 2 1 0 0 0 0 1 1 2 1 2 1 0 2 0 1 0 0 1 2 1 0 2 1 0 0 2 2 2 0 2 2 2 0 2 0 0 1 2 0 2 1 2 0 0 2 2 2 0 1 1 1 0 1 1 0 2 0 0 1 2 0 2 2 1 1 0 1 1 2 1 1 2 2 2 2 2 2 2 0 0 1 1 1 0 0 1 2 1 2 2 1 0 1 0 1 0 0 1 1 1 2 1 0 2 0 0 2 2 0 2 0 2 1 2 0 2 1 0 1 2 2
2 2 1 2 2 2 1 0 1 2 0 2 0 0 0 1 2 2 1 2 1 1 0 0 2 0 1 0 1 0 0 1 1 0 1 0 2 0 1 1 2 1 2 0 1 2 1 1 0 1 0 1 2 2 1 0 2 0 0 2 2 1 0 0 1 2 1 1 2 2 0 2 1 2 2 0 2 1 2 2 2 1 0 2 0 1 2 0 0 0 0 2 0 1 0 2 0 1 2 1 1 2 0 2 2 0 2 2 2 0 2 2 1 2 2 2 2 0 2 2 0 1 2 1 2 2 1 0 0 0 1
1 0 0 0 0 1 1 2 0 2 2 0 0 2 2 0 2 2 0 2 1 1 1 2 1 0 1 2 1 2 1 0 0 1 1 1 2 2 2 0 2 1 0 0 1 0 0 0 2 1 2 1 0 1 1 2 1 0 2 0 1 0 0 1 0 2 0 0 2 2 1 2 1 1 2 0 2 1 1 0 0 1 1 0 0 0 2 2 1 1 0 0 0 1 1 0 0 2 0 2 2 2 2 1 2 2 2 1 0 0 2 0 2 1 1 0 2 2 0 1 1 0 1 1 1 0 2 2 0 1 2
0 0 1 2 0 1 1 2 2 1 1 0 1 0 2 1 0 1 2 1 2 2 0 2 2 1 2 1 1 0 0 2 2 0 1 2 2 2 2 2 2 1 2 1 2 2 0 2 0 2 1 1 1 2 1 0 0 0 2 1 1 0 1 1 1 0 0 1 1 1 0 0 0 0 2 2 0 2 2 1 1 1 2 0 0 1 2 0 2 2 2 1 2 1 2 1 2 0 2 1 1 0 2 2 0 1 2 0 0 2 2 2 0 2 2 1 1 2 2 1 1 1 2 1 1 2 0 1 2 0 2
2 1 1 1 1 0 0 0 1 0 0 0 0 0 0 2 2 0 1 0 2 1 0 1 2 2 1 0 2 2 0 2 0 2 0 0 2 2 0 0 0 0 1 1 1 1 1 1 2 0 2 2 1 0 0 1 2 0 2 2 0 2 2 1 2 1 1 1 0 2 2 0 0 0 2 1 2 1 0 0 2 0 0 0 0 0 2 0 1 1 0 2 1 0 1 0 1 0 1 1 2 1 0 0 1 0 2 1 2 0 1 1 0 1 2 1 0 2 2 2 0 0 1 1 1 0 2 2 0 0 2
0 1 0 1 0 0 1 0 1 1 1 0 2 1 1 1 1 0 0 0 2 1 0 1 2 0 1 2 2 2 1 2 2 1 2 2 0 0 2 2 2 2 2 1 0 1 0 1 2 0 2 1 2 2 0 2 0 1 2 0 1 1 0 0 1 2 0 1 2 1 0 1 0 0 0 0 2 0 2 2 2 1 1 1 2 1 2 0 0 2 0 2 0 0 2 1 0 0 0 0 1 1 2 1 0 2 2 2 1 2 2 0 2 0 2 1 2 1 1 0 0 2 2 2 2 2 0 0 1 2 1
2 0 1 2 0 1 2 0 2 2 2 2 1 0 2 0 0 0 2 1 2 1 1 1 1 1 2 2 2 1 1 0 2 0 0 0 1 2 1 1 2 0 0 1 2 0 1 0 2 0 1 1 2 0 0 1 2 2 1 2 1 0 0 1 0 0 1 1 0 2 0 2 1 2 2 0 2 0 0 2 2 1 1 2 2 1 1 2 1 0 2 0 0 0 1 1 0 0 1 1 0 1 2 2 1 1 2 2 2 0 1 2 2 0 2 2 2 1 2 1 2 2 1 0 2 0 2 0 1 1 2
2 0 1 1 2 0 0 1 2 1 0 2 1 0 2 1 1 0 0 2 2 0 1 1 2 2 0 1 0 2 0 2 2 2 0 2 2 1 1 1 0 2 1 2 0 1 1 1 2 1 1 2 0 0 0 0 2 1 1 1 0 2 1 1 1 0 0 1 2 2 1 0 2 2 0 2 1 1 1 1 0 0 0 0 0 1 1 0 2 0 1 1 0 1 2 1 1 0 1 0 2 2 1 1 1 1 2 0 2 0 1 1 0 0 2 1 1 0 1 1 2 1 0 2 2 2 1 0 0 2 1
0 1 0 0 1 2 2 2 0 2 1 1 0 2 0 2 1 2 0 2 1 1 0 1 0 0 2 1 1 2 1 2 1 1 2 0 0 1 0 1 1 2 2 1 1 1 0 2 0 1 2 2 1 0 0 2 1 0 1 2 2 2 2 2 1 1 2 2 2 2 1 1 1 1 0 0 0 1 2 1 0 0 0 1 0 1 1 2 2 0 0 2 2 2 1 1 2 2 2 2 1 0 1 1 2 1 2 0 0 2 1 1 0 0 0 0 1 1 1 0 2 1 0 2 1 1 2 0 1 1 0
1 1 2 2 1 0 2 1 1 1 1 2 1 1 0 0 2 2 1 0 2 0 0 1 1 2 0 0 1 2 0 2 0 2 2 0 0 1 2 2 1 0 2 0 1 1 0 1 0 2 2 0 2 0 2 2 0 1 2 1 0 0 1 2 0 1 2 0 1 1 0 2 0 1 0 1 2 2 0 0 1 0 0 2 0 2 2 1 1 1 0 2 2 2 1 2 1 1 0 2 0 1 1 0 0 0 2 2 2 0 0 1 1 0 0 2 0 0 0 2 1 1 2 1 1 1 0 2 2 1 0
2 0 2 1 1 2 0 0 1 1 0 0 0 1 1 0 2 2 0 1 1 2 1 0 1 2 1 2 2 0 2 2 1 1 0 2 1 1 2 0 0 0 0 1 2 0 1 2 0 2 1 1 0 0 2 2 2 1 1 2 1 1 2 0 1 0 0 0 2 0 0 2 1 2 0 1 2 2 0 2 0 2 1 0 2 1 2 0 0 2 0 2 1 0 0 2 0 1 2 0 2 0 2 0 0 1 2 2 1 0 2 1 0 0 2 2 2 0 0 0 2 0 0 0 1 0 1 1 1 0 2
1 1 2 2 1 1 2 1 2 0 1 2 0 0 1 0 2 1 1 0 1 2 1 0 2 1 1 0 1 1 0 0 1 0 2 2 2 2 2 2 0 0 1 0 0 1 0 1 0 2 1 0 0 0 0 2 2 1 0 0 0 1 2 1 2 1 2 1 1 1 1 1 1 0 2 0 2 1 1 1 1 2 1 1 2 1 1 2 0 0 0 0 2 2 0 2 1 2 1 1 0 0 0 2 1 0 2 1 1 0 2 2 0 0 2 0 2 1 0 2 1 1 0 1 1 0 1 0 0 2 1
0 0 2 0 2 0 1 0 1 1 1 1 0 2 1 1 2 0 1 1 2 0 1 0 1 2 2 0 2 2 1 0 2 1 2 2 1 0 2 0 2 1 0 2 1 1 1 0 1 0 1 1 1 1 2 0 1 2 0 1 2 2 2 2 1 1 1 1 1 1 2 1 0 2 1 1 1 2 1 0 1 0 1 2 1 2 2 1 2 0 0 1 0 2 0 2 1 1 1 0 2 1 2 2 0 1 1 2 1 2 0 2 0 2 2 2 1 2 0 0 0 0 1 1 1 2 1 0 0 0 0
1 2 1 1 2 2 0 0 0 0 0 1 1 2 0 2 2 0 0 2 1 2 2 0 0 1 2 0 0 0 1 2 2 2 0 2 2 1 2 1 2 0 2 1 1 0 0 0 1 1 2 0 0 1 1 1 1 0 2 2 1 0 1 0 1 2 0 0 1 0 1 1 1 0 2 2 2 1 2 0 2 0 0 0 2 2 1 0 0 0 2 1 1 1 2 2 1 0 0 2 1 2 1 2 1 1 0 0 2 2 1 2 2 2 2 2 2 1 0 2 1 1 2 1 2 1 0 0 2 1 0
1 2 1 1 0 0 2 0 0 1 2 0 2 1 2 2 0 2 2 1 1 1 1 2 1 2 1 1 0 0 0 1 2 1 0 2 2 2 0 1 1 2 1 1 1 1 1 2 0 0 1 2 0 2 2 1 0 0 0 0 1 0 1 0 0 2 1 0 2 1 1 1 1 0 2 0 2 0 2 0 2 2 2 2 1 0 1 1 0 1 1 2 2 1 1 0 1 2 0 0 1 2 2 2 0 2 0 2 1 1 0 1 0 0 0 1 0 2 0 2 0 2 1 0 1 0 1 0 2 2 1
1 2 1 1 2 1 2 0 0 0 1 1 0 2 2 2 1 1 0 0 0 1 2 1 2 0 0 1 0 2 0 1 2 2 1 1 0 0 2 1 1 0 2 2 0 0 1 1 1 0 2 2 1 1 1 1 2 1 2 0 1 2 2 0 1 0 2 0 0 2 1 2 2 1 1 0 2 1 1 1 1 0 0 0 0 2 1 2 0 2 0 1 1 0 1 1 0 2 1 2 1 0 1 1 2 1 2 2 0 1 1 1 0 2 2 0 2 1 2 2 0 1 2 0 1 1 1 1 0 0 0
2 0 0 1 0 1 1 2 2 0 1 0 0 1 0 0 0 1 1 0 2 2 2 2 0 1 1 2 2 1 0 2 2 1 1 2 0 0 2 2 0 0 0 1 2 0 1 2 1 0 0 1 0 0 1 0 1 2 0 2 0 1 1 0 0 0 0 0 0 0 2 0 1 0 1 1 0 1 1 2 2 2 2 0 0 0 1 2 1 1 1 1 0 2 0 0 2 0 1 0 0 1 1 1 1 0 0 2 2 2 2 2 1 2 0 1 2 1 2 0 1 0 0 1 1 0 0 1 0 1 2
1 1 1 0 2 1 1 2 1 0 2 1 2 1 1 2 1 2 1 2 1 1 0 0 0 0 1 2 1 0 1 0 1 2 0 2 1 2 2 0 0 1 2 0 0 0 0 1 1 1 1 2 0 1 0 1 2 2 0 1 0 2 1 2 2 0 1 1 0 0 2 1 2 1 2 0 0 2 2 2 1 1 1 1 0 0 2 0 2 0 2 0 0 1 1 2 2 2 2 0 1 1 2 1 0 1 2 0 1 2 0 2 0 0 0 0 0 0 2 0 1 1 2 2 0 0 2 0 0 1 1
2 0 0 1 1 2 1 2 0 0 0 2 0 0 2 2 1 0 1 2 0 0 1 2 1 2 1 2 0 1 0 0 1 1 2 0 0 0 1 0 1 1 0 2 2 1 2 1 1 1 1 1 2 0 1 0 0 1 1 0 2 2 1 0 1 0 2 1 2 0 0 0 2 1 0 2 2 2 0 2 1 1 0 0 2 0 2 0 1 0 1 1 2 0 2 1 2 1 1 1 1 1 1 0 2 2 2 0 2 0 2 1 0 0 2 2 0 1 0 1 2 2 2 2 2 0 1 1 1 2 0
0 1 0 1 2 2 2 2 2 2 1 1 2 1 1 0 2 0 0 1 0 2 2 0 0 2 1 2 0 1 0 1 2 0 1 1 0 0 0 0 0 2 2 1 1 0 1 1 1 2 2 1 0 2 1 0 1 1 0 0 2 0 2 2 1 1 2 1 1 0 2 0 0 2 1 2 0 0 0 1 2 0 0 2 0 2 0 2 0 1 0 0 2 0 1 1 1 0 0 1 0 2 2 1 2 0 0 2 1 0 1 0 1 2 1 2 2 1 1 1 0 2 2 0 0 0 1 2 1 1 0
0 2 2 1 1 0 0 2 1 0 1 0 2 1 1 1 1 0 0 2 1 0 0 1 0 1 0 0 0 1 2 0 1 2 2 1 0 2 0 2 1 1 2 0 0 1 2 1 2 0 2 0 1 2 2 2 0 2 2 0 1 1 1 0 1 1 1 2 0 2 1 1 1 2 0 1 0 0 0 0 1 2 1 2 1 0 1 0 0 0 1 2 0 0 0 1 1 2 0 2 2 2 2 0 1 2 2 2 0 2 2 1 2 1 0 1 2 2 2 0 0 1 0 0 1 1 2 0 1 0 0
0 0 2 1 1 2 0 1 2 0 2 0 0 1 1 2 1 1 1 2 2 2 2 0 1 1 0 1 2 1 0 0 1 2 1 1 0 2 0 2 0 0 1 0 2 0 0 1 2 2 0 2 2 1 2 2 0 0 1 0 2 1 1 1 1 0 0 2 2 1 2 2 2 0 1 2 2 1 0 1 1 1 1 2 2 1 1 0 2 2 1 2 2 2 1 1 0 2 0 0 1 2 0 0 1 2 2 0 1 0 2 0 2 0 2 1 1 1 2 1 2 1 1 1 1 0 2 1 0 2 2
1 1 1 1 0 1 2 0 2 2 0 1 2 1 0 2 1 2 1 0 1 0 2 2 2 0 2 1 0 1 2 1 0 1 0 1 2 2 2 0 0 1 1 0 2 2 2 0 2 2 1 0 0 1 0 2 1 0 1 1 1 1 2 0 2 0 2 0 0 2 1 1 0 2 1 0 2 2 1 2 1 0 0 1 1 2 1 2 2 0 0 2 2 0 2 2 1 2 2 2 2 0 0 0 0 2 1 0 1 0 2 0 1 0 2 2 2 0 0 2 2 0 1 1 1 1 0 2 1 1 1
0 2 2 1 0 2 0 1 2 1 1 2 0 1 0 0 1 0 0 1 2 1 0 1 0 2 0 0 0 1 2 1 0 2 1 1 1 1 0 1 0 1 2 0 1 2 1 0 2 2 1 0 0 2 2 1 1 2 1 2 1 0 0 0 2 1 1 2 0 0 0 1 1 2 2 0 1 1 0 2 0 2 0 2 1 2 0 0 0 0 2 1 0 0 1 1 2 1 0 0 1 1 2 0 1 2 2 0 1 0 0 1 0 0 1 2 1 0 0 1 0 0 0 0 0 2 2 1 1 0 1
0 2 0 1 1 0 0 2 1 1 0 1 2 0 0 1 1 0 2 0 0 0 1 2 1 1 1 2 2 2 2 2 2 0 0 1 1 2 0 0 0 0 1 2 2 2 1 1 2 1 2 1 2 0 0 0 1 1 1 1 1 0 0 0 0 1 1 1 0 0 2 1 0 1 0 2 1 2 1 2 1 1 0 0 1 0 1 0 2 2 2 1 2 0 2 1 1 2 0 0 2 2 1 0 2 0 1 1 0 2 0 1 1 0 2 0 1 0 0 2 1 0 1 1 0 0 2 2 0 0 2
0 0 2 1 0 2 2 2 2 2 2 1 0 1 0 0 0 1 1 2 2 1 0 1 2 2 1 1 2 1 1 1 0 1 2 0 0 2 2 0 2 0 2 0 1 0 1 1 1 2 2 1 1 2 0 1 1 1 2 2 1 1 0 2 2 0 2 0 2 0 1 1 0 0 1 2 0 0 1 2 2 0 1 1 1 2 0 0 1 2 2 2 1 0 1 1 0 2 2 0 2 0 2 0 1 0 2 2 1 1 1 0 2 0 2 1 2 2 1 1 0 1 1 2 1 1 0 0 1 2 0
0 0 0 1 2 1 0 1 0 2 1 1 1 2 2 0 2 2 2 1 2 0 0 1 2 2 2 2 0 2 1 1 2 1 2 2 2 0 2 2 0 0 2 2 2 1 0 2 0 2 1 0 0 0 2 0 0 2 1 1 2 2 2 1 0 0 2 0 0 1 1 0 1 0 0 1 1 0 2 1 2 1 2 0 1 0 0 0 2 1 1 1 0 1 1 1 1 0 0 0 1 1 0 0 1 0 2 0 1 2 1 0 1 2 1 0 2 2 0 1 1 2 1 0 2 2 1 0 0 1 0
2 0 2 0 1 2 2 1 2 2 1 0 1 1 2 2 1 1 0 0 0 0 1 0 2 1 0 1 1 1 2 0 0 1 0 1 2 1 1 1 1 0 1 2 1 0 1 2 2 2 2 0 1 2 1 0 0 1 2 2 1 2 0 1 1 1 2 0 2 1 1 0 1 1 0 0 2 2 0 2 0 1 0 1 0 1 2 0 0 0 0 1 2 1 2 0 0 2 2 2 2 0 0 1 2 1 2 2 0 0 2 1 2 2 0 2 1 0 1 2 0 2 1 0 0 0 0 0 1 2 0
0 1 1 1 1 2 1 0 1 0 2 2 2 2 0 0 2 1 2 1 2 1 0 2 0 1 0 1 0 1 0 1 0 1 1 1 2 0 0 0 0 0 0 1 1 1 1 0 2 0 2 1 1 0 1 1 2 0 1 0 2 1 2 0 2 0 2 1 0 2 2 2 1 0 0 2 1 1 0 2 2 0 1 1 1 1 1 1 1 2 1 1 0 1 1 0 1 0 0 0 1 2 0 2 0 0 2 0 2 0 2 1 0 1 0 2 2 1 0 1 0 0 0 1 1 1 2 1 0 2 2
1 2 2 1 0 0 1 0 2 2 0 1 0 2 1 0 2 1 1 1 2 2 2 1 2 1 0 1 1 0 0 0 2 0 2 2 0 1 0 0 0 1 2 1 1 1 2 1 2 1 0 2 1 0 1 0 2 2 1 0 2 2 2 1 0 1 2 1 1 0 1 1 0 1 0 2 2 0 0 2 2 1 2 1 2 1 1 1 0 0 2 2 0 2 1 0 2 1 1 0 2 0 1 2 1 0 1 0 1 2 0 0 1 0 1 0 1 0 2 2 1 0 1 1 2 1 2 1 2 1 1
2 1 1 1 0 2 0 2 0 0 0 2 2 1 1 2 0 0 0 0 1 0 2 1 0 1 0 2 1 0 1 0 1 0 0 0 2 1 2 1 2 2 0 1 1 2 1 2 2 1 0 1 2 0 2 0 2 0 0 1 0 2 2 0 0 0 0 0 2 0 2 1 2 0 2 2 0 1 1 2 1 2 1 0 2 1 1 2 0 2 0 1 2 1 1 0 1 2 1 0 2 1 1 0 2 1 2 2 0 1 0 2 1 2 2 0 1 2 1 2 1 2 0 0 0 2 1 2 2 0 0
2 2 0 0 1 1 0 1 2 1 2 1 2 1 2 0 0 1 2 2 2 2 1 1 0 0 2 2 0 2 1 0 1 1 0 0 2 0 2 0 2 1 2 2 0 1 0 2 0 0 2 0 2 0 1 0 1 0 0 2 0 1 2 2 0 1 2 1 2 2 1 2 0 1 2 2 0 0 2 0 1 1 1 1 0 2 1 1 1 0 1 2 2 2 1 0 1 2 2 0 1 0 0 0 1 0 0 2 0 2 1 2 1 2 1 1 0 0 1 1 1 0 1 1 0 2 2 1 2 1 2
2 2 0 2 1 0 2 2 2 2 0 2 0 0 0 0 0 1 2 2 2 2 0 1 0 1 1 2 1 0 1 0 0 0 0 2 1 2 1 1 2 2 1 1 2 1 1 1 0 1 1 0 1 0 2 2 2 1 2 0 2 1 1 0 1 1 0 0 2 2 1 2 1 0 0 1 2 2 0 2 0 2 0 0 2 1 2 1 0 1 2 2 0 1 0 2 0 0 2 0 2 2 0 1 0 1 1 2 1 1 0 0 1 1 0 0 2 2 2 0 2 2 0 2 0 1 1 1 2 2 2
2 2 0 2 2 2 0 0 1 2 1 1 1 2 2 2 0 2 0 0 1 0 1 1 0 0 0 0 0 0 0 0 0 1 2 1 0 0 1 0 0 2 1 2 2 1 2 0 1 2 2 0 2 0 1 1 1 2 2 2 0 2 0 0 1 2 2 2 1 0 2 1 0 1 1 1 0 0 1 2 0 0 2 0 2 1 1 1 1 0 1 1 0 1 0 2 1 2 1 2 1 1 1 2 0 2 0 1 1 0 0 2 1 0 2 1 1 1 0 2 2 1 2 0 0 0 2 1 0 2 2
2 1 1 2 2 1 0 0 0 0 1 2 0 1 1 1 0 0 1 0 0 0 0 1 0 0 1 0 2 1 0 1 2 1 0 1 0 2 2 0 2 1 2 2 2 2 2 0 2 0 1 0 2 2 2 2 0 1 0 2 2 0 2 1 2 0 0 2 2 0 0 2 1 0 2 1 2 2 1 2 0 2 0 2 1 2 2 0 0 0 2 2 0 2 1 0 0 2 0 2 2 1 2 0 1 0 1 1 2 2 1 0 0 1 2 2 1 0 2 2 0 0 2 1 2 1 2 0 1 0 0
0 1 0 2 2 0 0 1 0 1 2 1 2 2 1 1 1 2 2 0 0 2 0 2 2 2 1 0 1 1 1 1 0 1 1 0 2 0 2 0 1 0 1 1 2 0 2 1 0 1 2 0 1 0 0 1 0 2 2 2 2 0 1 2 1 0 0 1 0 0 2 2 0 2 0 2 0 2 1 1 2 0 2 0 0 2 2 1 2 1 0 1 2 0 1 2 0 2 0 0 2 1 2 2 1 0 2 1 0 0 0 2 0 0 1 2 2 1 1 2 0 2 1 0 0 0 2 0 2 0 1
