3 134 19
901532791 697808973 119372771 164733266 837702879 976082481 108691118 739101823 64250410 1136320288 53235807 548890781 203110188 1054163871 1058998816 916155032 1154939102 523261551 618858506 399619607 725983554 516228681 66548810 669720942 730802919 405771222 606517419 807260385 62721170 761614677 169398313 713392664 763700026 724717133 371872401 221984156 351043784 1144306801 778273607 118181708 272444639 694702445 163308410 1037677079 967182032 314634641 111380563 641005463 1155326775 878333819 769019816 1155182005 805044323 951023772 624424248 20837239 450204688 528016086 1117661250 138451238 702551099 726816190 438166328 236645233 512052809 371637820 1156438433 479802850 42632904 718248559 736271442 1094500803 502608832 1070592778 708952307 687479095 735754859 773235494 76343839 198136434 739527182 657000163 563744196 758654223 1023423357 271963722 55925720 1008631716 364748114 472976796 1097350214 629979718 103865985 983591341 348198873 62471081 638419575 152487960 203154150 454426558 649495022 606948166 1003139637 646763117 120713313 498302903 405214740 582909653 913322011 754988986 335225472 406486930 1066835527 671910020 1145272821 302127004 703232922 1078578014 134996925 1059393049 1065863115 235406867 472080278 414363717 483584791 1155482246 941691882 466953956 844154494 676485114 818815232 26264809 576768973 785688411
0 0 0 2 2 1 1 2 0 2 1 0 1 0 0 1 1 2 2 0 0 1 0 1 1 2 0 1 1 0 2 1 1 0 0 2 1 2 1 1 1 0 0 1 1 0 2 0 1 2 0 1 1 0 1 2 0 2 1 1 2 1 1 2 2 2 1 0 2 0 2 0 1 0 1 0 0 2 0 2 1 1 1 2 2 0 2 0 2 1 2 1 2 0 1 1 1 2 0 0 0 0 1 2 0 1 0 1 0 0 1 2 2 2 2 0 2 2 1 1 0 0 0 2 2 2 2 1 2 2 2 1 2 0
0 2 2 0 0 2 1 2 1 2 2 0 2 1 0 1 0 0 2 2 0 2 2 0 0 2 2 2 0 2 1 1 1 0 1 2 0 1 0 2 0 2 1 0 2 1 1 2 0 0 2 0 0 1 0 1 2 0 1 2 2 0 1 1 0 0 0 1 1 1 2 2 1 0 2 0 2 1 2 2 0 0 0 1 2 1 2 1 1 1 1 1 1 0 2 0 0 1 1 0 2 1 0 0 2 0 0 2 2 1 2 2 2 1 1 1 2 1 0 2 2 2 0 2 0 1 2 0 0 1 1 2 0 2
1 0 0 2 2 2 1 0 0 0 1 1 2 1 0 0 0 1 0 2 0 0 1 0 1 1 2 0 0 0 2 2 1 0 2 1 2 0 1 0 1 0 2 1 2 2 2 2 1 2 2 1 0 0 2 1 1 2 2 0 2 1 0 1 2 2 0 2 1 1 0 0 0 2 1 2 0 1 2 1 1 2 1 1 0 0 0 0 0 0 1 1 2 1 2 2 2 2 2 0 2 2 0 2 2 2 2 0 0 1 2 1 1 1 0 2 0 0 0 0 0 1 2 0 0 2 0 2 2 2 2 2 1 0
2 1 2 1 2 0 0 2 1 1 1 2 1 1 0 1 2 1 0 1 2 2 1 2 1 2 1 2 1 0 2 1 2 2 2 2 0 2 1 2 2 2 2 1 2 2 1 1 1 1 0 0 0 0 1 0 2 2 2 0 0 1 1 0 1 2 2 2 2 1 2 1 1 1 0 0 2 1 2 1 0 0 2 2 1 0 2 0 1 2 1 1 1 1 2 0 0 1 0 2 2 0 2 2 2 0 2 2 1 2 0 2 0 1 1 1 1 1 2 0 1 0 2 0 2 2 1 2 1 2 0 1 2 2
0 2 2 0 2 1 0 0 0 0 1 0 1 1 2 1 1 1 1 1 1 1 1 2 1 0 1 1 1 1 1 0 1 1 1 0 2 1 1 1 1 0 1 0 1 1 1 0 2 0 2 1 2 0 1 2 0 0 1 0 2 0 1 1 1 2 1 2 0 0 0 2 1 2 0 2 0 1 0 1 2 0 0 0 1 2 2 0 0 0 0 0 0 2 1 0 1 0 2 2 1 2 2 0 1 2 2 2 1 1 1 0 2 2 0 0 2 2 0 2 1 1 2 1 1 1 2 2 2 1 2 1 1 1
1 0 0 1 0 1 0 1 2 2 1 0 0 0 0 1 0 1 1 2 0 2 2 1 0 1 2 2 0 2 1 1 2 1 0 2 0 1 2 0 1 0 0 2 1 1 1 2 0 0 2 2 0 1 0 0 0 0 1 0 2 2 2 2 1 1 2 2 2 2 2 0 1 1 0 0 0 2 2 1 0 1 1 0 0 1 2 0 2 1 2 0 0 1 0 2 2 0 2 2 0 2 1 2 0 2 2 1 2 1 0 2 2 1 0 0 0 0 1 0 1 1 0 2 0 0 2 1 1 1 0 2 0 2
1 2 1 0 0 0 2 1 0 1 2 2 2 0 2 1 0 1 2 1 1 2 2 0 0 0 1 2 0 0 1 1 2 1 2 2 2 1 0 1 1 0 0 0 1 0 2 1 2 1 0 1 1 1 1 0 2 0 2 0 1 1 2 0 0 2 0 0 0 1 1 1 1 2 2 2 2 1 1 2 0 0 0 0 1 2 0 0 0 0 0 1 2 0 1 0 0 1 1 1 0 0 1 1 2 0 1 2 0 1 2 1 1 2 1 0 2 2 0 2 0 2 2 0 2 0 1 0 0 2 1 0 2 2
0 2 1 2 1 1 0 1 0 2 1 0 2 1 2 0 2 1 0 1 2 2 2 0 0 0 0 1 1 2 1 1 2 2 1 1 1 2 2 1 2 2 2 2 1 0 0 0 1 0 2 0 0 2 1 0 2 1 1 1 1 0 0 0 0 2 1 1 2 2 1 1 1 1 1 0 1 2 1 2 2 1 0 0 1 1 0 2 2 0 0 1 1 2 1 2 1 0 1 1 0 0 0 2 2 2 2 0 1 0 1 2 0 1 2 1 1 1 0 1 2 2 0 0 1 1 2 0 2 1 2 2 1 2
1 1 2 1 2 2 2 0 1 2 1 1 2 0 2 2 2 2 1 2 0 0 1 2 0 1 1 2 0 1 0 0 2 2 2 2 1 1 2 0 2 2 2 1 2 2 0 2 2 0 1 0 1 0 0 0 2 0 0 0 1 0 0 1 1 0 2 2 2 1 1 2 1 1 0 2 0 1 1 0 2 1 1 1 2 2 1 2 2 1 2 1 0 1 0 1 1 2 0 1 2 2 0 0 0 1 0 2 0 2 0 2 1 2 1 1 1 0 0 1 2 2 0 2 1 0 0 0 0 1 2 0 1 1
0 1 2 2 0 2 2 2 0 0 1 2 1 0 0 2 1 0 1 1 0 1 2 1 2 0 2 1 0 1 2 2 1 2 1 2 2 0 1 0 1 2 0 0 2 1 2 1 1 1 0 1 2 0 2 1 0 2 0 1 2 0 0 0 0 2 2 0 2 2 1 0 1 1 0 2 0 0 1 1 1 2 0 1 0 0 2 0 0 0 2 0 2 0 0 2 2 0 0 2 2 2 2 2 1 0 2 2 0 0 1 2 0 2 1 0 0 0 1 1 2 1 1 2 2 1 1 1 2 0 1 2 0 1
1 1 0 0 1 1 2 0 0 2 0 2 0 0 1 2 2 0 0 1 2 2 0 1 2 0 2 1 0 2 2 2 1 0 0 0 2 2 0 2 0 1 0 0 0 1 0 0 2 0 1 2 1 1 0 1 2 1 2 0 0 2 0 1 0 1 0 2 2 1 2 2 0 2 0 0 0 0 0 2 1 1 1 2 1 0 0 1 1 0 2 2 0 2 1 0 1 2 2 0 0 1 0 0 2 0 1 2 0 2 0 1 2 2 2 0 0 0 2 2 1 2 2 2 1 1 2 0 0 2 1 0 1 1
2 0 1 0 1 1 0 1 1 2 1 0 0 2 1 2 1 0 1 1 2 1 2 1 2 0 1 1 1 0 0 1 1 2 1 2 1 2 1 2 2 0 0 2 2 0 0 1 0 2 1 0 0 1 2 1 2 1 2 1 2 0 2 0 2 1 0 2 1 1 2 1 1 0 1 1 0 1 1 0 0 2 1 2 1 1 1 0 2 1 2 2 1 1 2 1 1 0 1 0 2 0 1 1 0 2 1 1 1 2 0 0 2 1 0 0 2 1 2 2 2 1 1 0 1 2 2 2 2 0 2 1 1 0
1 2 1 2 2 2 2 2 0 2 1 0 0 2 1 2 1 1 2 1 0 0 0 2 2 2 1 1 2 0 2 0 2 0 0 2 0 0 2 0 0 1 2 0 0 1 1 2 0 0 0 0 1 1 0 0 2 2 2 1 2 2 2 0 0 0 2 1 0 2 2 0 1 1 1 1 0 0 1 1 0 0 1 2 1 2 0 0 2 0 2 2 0 1 2 0 1 0 2 2 0 1 0 1 1 2 0 2 2 1 0 1 1 1 0 1 1 1 2 0 1 2 0 2 1 0 0 0 0 2 0 1 2 1
2 1 0 2 0 0 2 0 1 1 2 0 2 0 2 0 2 1 2 0 1 0 0 1 1 2 2 0 0 2 1 1 0 2 0 0 2 0 0 2 2 2 2 2 0 2 2 2 0 2 2 2 1 1 2 2 1 1 0 1 1 1 2 1 0 1 1 0 2 2 0 1 2 0 2 2 2 1 0 2 1 0 2 0 1 2 0 0 0 1 2 1 2 2 0 0 1 2 1 1 2 2 0 1 2 2 1 1 2 2 1 0 0 1 1 2 0 1 0 1 2 0 0 2 0 0 0 2 0 2 1 2 1 1
0 1 2 0 0 1 2 1 2 0 1 0 0 2 1 1 1 1 1 1 1 1 0 2 1 0 2 2 0 1 2 1 2 1 2 2 2 0 1 1 0 0 2 1 0 0 2 2 2 1 1 1 1 1 1 2 0 0 0 1 1 2 0 1 1 0 1 1 0 1 0 1 1 2 0 2 0 0 1 1 0 0 2 1 2 1 0 0 2 1 1 2 0 2 0 2 0 0 0 1 1 0 0 0 0 0 0 1 2 2 2 2 2 2 0 0 1 1 0 2 0 0 1 1 0 2 1 0 2 2 2 1 0 2
2 1 1 2 2 0 2 2 0 0 0 1 0 1 2 1 0 0 1 2 2 1 2 1 1 1 0 0 0 1 1 0 0 2 0 0 0 2 1 0 2 1 1 2 0 1 1 1 2 2 1 2 2 0 0 0 0 1 2 1 0 1 1 1 0 1 2 0 0 0 0 0 1 2 0 2 0 2 1 0 2 2 2 2 1 0 2 1 2 2 2 2 0 0 1 1 2 0 1 2 1 2 0 0 2 1 0 0 0 2 1 0 2 1 2 1 1 0 2 1 0 2 1 2 2 2 0 2 1 2 1 2 2 0
0 2 1 1 0 2 0 1 1 0 0 1 1 0 2 1 1 1 0 0 0 0 0 0 2 1 0 2 1 0 2 2 0 1 1 0 1 2 2 0 1 0 2 2 0 2 2 2 0 2 0 1 1 1 2 0 2 0 2 1 1 1 1 1 2 2 2 1 2 2 1 0 2 1 1 0 2 0 0 0 0 1 2 1 2 2 2 2 2 2 1 1 1 2 0 1 2 0 0 2 2 0 0 2 1 1 0 1 1 0 2 0 1 2 1 1 1 1 1 1 1 2 0 0 0 1 2 2 1 0 2 1 0 0
1 2 1 1 1 1 1 1 1 1 0 2 2 1 2 1 0 0 2 1 1 2 2 0 1 1 0 2 2 1 2 0 1 1 2 0 2 1 2 1 2 2 2 0 1 1 1 1 2 1 2 0 0 2 0 0 0 2 2 0 0 2 1 2 0 0 0 0 2 2 2 2 2 1 2 1 2 2 0 1 1 0 2 2 0 1 2 1 0 2 2 1 1 1 2 1 0 0 2 0 1 2 2 1 0 0 0 1 0 0 0 1 0 0 0 1 1 0 0 2 2 0 1 0 1 1 0 1 2 2 1 1 1 2
2 0 2 2 1 0 0 1 1 1 2 0 0 0 1 0 0 1 0 0 2 0 1 2 1 1 0 1 2 2 0 2 2 2 2 1 0 0 0 2 2 2 2 2 1 2 1 2 1 1 2 0 1 2 1 1 0 2 2 0 1 2 0 2 2 0 0 2 0 1 1 2 1 2 0 0 1 1 0 0 2 0 1 2 2 2 0 2 2 2 0 1 2 1 0 1 2 1 1 0 0 0 0 2 0 0 2 2 1 2 2 1 0 1 1 2 1 1 0 1 1 1 0 1 1 0 0 1 1 1 1 2 0 2
1 0 0 0 0 2 1 2 1 1 1 2 2 0 2 0 1 1 1 1 0 0 2 0 1 1 0 0 1 0 2 2 1 0 1 1 2 0 2 1 2 1 2 2 1 1 2 0 0 2 2 1 2 2 2 1 2 0 1 0 0 1 0 2 1 2 1 2 2 1 0 0 2 2 2 2 1 0 0 2 2 1 1 2 0 0 0 2 1 2 0 2 1 2 2 0 1 1 0 2 2 1 0 2 1 2 2 0 0 0 0 2 1 1 0 2 0 1 2 1 1 0 2 0 2 1 1 1 2 2 1 2 1 1
1 2 1 2 0 2 2 0 2 1 0 2 0 1 1 0 0 0 1 2 1 1 0 2 0 2 2 1 1 0 2 1 0 2 0 0 1 0 2 0 1 0 1 2 1 2 1 2 2 0 2 1 1 0 0 2 1 0 1 0 0 2 2 1 1 2 0 2 0 2 0 2 2 1 2 1 1 1 1 1 1 0 2 0 2 0 0 0 1 2 1 2 2 1 2 0 0 2 0 2 1 1 1 1 0 1 0 1 2 1 0 1 0 0 2 2 1 0 0 2 2 1 0 2 2 2 2 1 1 0 0 0 2 1
2 2 0 2 1 0 1 2 2 1 0 2 1 1 2 1 2 0 1 0 2 0 2 0 2 1 0 2 2 2 2 1 2 0 1 2 0 0 1 2 2 2 2 1 2 2 0 1 0 2 1 2 0 1 2 0 0 1 0 2 0 2 1 1 2 0 0 0 0 2 0 0 2 1 2 1 0 0 0 1 2 1 0 2 0 1 0 0 2 1 0 0 0 2 2 1 2 2 2 0 0 0 1 2 1 1 1 2 1 1 0 1 0 1 1 0 0 2 1 0 0 1 0 1 0 0 0 0 0 2 0 0 0 2
0 1 0 1 1 1 0 1 2 0 0 2 1 0 1 2 0 2 1 2 1 2 0 2 2 1 1 1 2 2 0 0 1 1 2 0 0 0 2 1 1 1 0 0 2 2 1 1 1 2 0 2 0 1 2 0 2 1 1 1 0 0 2 2 2 2 0 0 0 0 1 2 2 2 0 1 1 1 2 0 1 0 1 2 1 0 0 1 2 2 0 0 2 0 0 2 2 2 0 0 2 2 2 2 0 0 0 2 2 0 0 2 0 2 1 2 2 2 1 2 2 1 0 2 2 1 2 2 0 0 0 0 0 0
2 0 1 0 1 1 1 2 1 1 1 2 1 0 2 2 0 2 1 1 1 0 0 1 2 0 2 0 1 0 1 1 1 0 1 2 2 2 1 0 2 2 0 0 1 0 1 2 2 0 1 1 0 1 0 0 2 0 1 1 1 0 0 0 1 2 0 0 2 0 1 2 0 2 0 2 2 1 2 2 1 1 0 2 0 1 1 2 2 0 1 1 2 2 1 1 1 0 2 1 0 1 1 0 0 2 0 0 1 0 2 1 1 1 1 1 2 2 0 2 1 2 1 0 2 0 2 1 1 1 0 1 0 2
0 1 2 1 2 0 1 2 1 2 1 0 0 2 0 1 1 2 2 0 2 1 2 2 0 0 1 2 0 2 1 0 0 0 1 0 1 2 1 0 2 2 1 2 1 1 1 1 1 0 2 1 2 1 2 0 0 0 2 0 2 0 1 0 1 0 1 0 0 2 1 2 1 2 2 1 1 0 0 0 1 2 0 1 2 2 1 2 2 2 0 2 2 2 2 2 2 0 0 0 0 1 2 0 0 2 2 1 2 2 0 1 1 0 0 0 2 0 0 2 2 0 1 2 0 1 1 0 0 1 0 1 0 2
1 0 1 0 0 2 2 1 1 2 1 2 2 1 2 1 0 1 2 2 1 0 0 0 0 1 2 1 0 0 1 2 1 1 0 2 0 0 0 1 2 1 1 0 2 0 2 0 2 1 2 1 1 1 2 0 2 2 1 0 0 0 0 2 1 1 2 2 1 0 2 2 2 0 0 0 2 2 0 1 1 1 0 0 0 0 1 0 1 2 1 1 0 1 1 2 0 1 2 2 2 1 1 2 2 2 2 1 2 1 0 1 2 2 2 2 0 0 2 1 0 1 0 0 0 2 0 0 0 0 0 0 2 2
0 1 0 2 0 2 1 2 1 1 1 1 1 1 1 1 1 2 0 2 1 1 1 1 1 2 2 2 0 2 2 0 1 2 1 2 2 2 1 1 1 0 2 0 2 2 2 0 1 0 2 2 1 1 2 0 1 2 0 1 2 0 0 1 2 1 1 1 1 2 0 0 0 0 1 2 0 0 0 1 0 0 2 2 1 2 1 0 1 1 2 2 2 2 0 1 1 2 0 2 2 2 1 2 0 2 1 0 2 2 1 1 1 1 1 2 0 2 0 0 1 0 0 0 0 1 2 2 0 1 1 2 0 2
2 0 2 1 0 0 1 2 2 2 2 0 2 0 0 0 0 2 1 0 0 1 1 0 1 2 1 0 1 1 0 0 2 1 2 0 1 1 1 0 1 0 1 0 0 2 2 2 2 0 0 0 0 2 0 1 2 2 2 1 1 1 2 2 2 2 2 1 1 0 2 2 0 1 1 2 1 0 1 0 1 1 0 2 1 0 2 1 0 2 0 0 0 0 2 0 0 2 2 1 0 1 2 1 0 0 0 1 1 1 2 0 1 2 0 2 0 0 1 2 2 1 2 0 2 2 1 0 1 1 1 2 2 0
1 0 1 2 2 2 2 2 1 0 2 2 0 0 2 2 0 1 0 2 2 0 2 1 0 0 2 0 0 2 1 2 1 0 2 0 0 1 1 1 2 0 0 0 1 2 2 1 2 0 1 1 1 0 2 1 2 1 1 0 2 0 0 0 1 2 0 1 1 2 1 0 0 2 0 1 0 0 0 2 1 2 0 2 1 1 1 0 0 0 0 2 1 0 2 2 0 1 1 1 0 2 0 0 0 1 0 0 2 1 2 0 0 0 0 1 1 1 2 0 2 0 2 0 1 0 0 2 1 2 1 2 2 1
1 2 1 1 0 0 2 2 1 0 1 2 0 2 0 0 0 1 1 0 2 2 0 0 2 2 0 1 1 0 2 2 1 1 1 1 1 1 1 0 0 2 2 0 2 1 0 0 2 2 1 1 0 2 2 2 1 2 0 2 1 1 0 2 2 1 0 2 1 2 2 1 2 0 1 0 1 2 1 1 0 2 0 0 1 0 2 0 0 0 0 2 2 0 1 1 0 0 0 1 2 1 0 0 1 2 0 0 2 2 2 2 2 2 2 1 0 0 1 2 0 1 1 0 0 0 1 1 1 0 0 0 2 0
1 1 2 2 2 1 1 1 1 0 1 1 1 2 1 0 1 2 2 0 2 0 0 2 1 1 0 2 0 0 2 2 1 2 2 0 0 0 2 2 2 0 2 1 0 0 2 2 1 2 0 1 2 1 0 1 1 1 1 2 1 0 1 0 0 0 1 1 2 0 1 1 2 1 2 2 2 2 0 0 1 0 2 1 1 0 0 0 2 1 2 1 2 1 2 2 1 0 1 1 2 0 2 1 1 0 1 0 0 1 2 2 2 1 1 2 2 2 2 2 1 2 1 1 0 0 1 2 1 0 1 0 0 1
2 2 2 1 0 0 0 0 0 1 2 1 0 1 1 0 1 0 2 2 2 0 0 0 1 1 1 2 0 2 1 2 2 2 1 0 2 0 0 2 2 2 1 0 1 0 0 2 0 1 2 0 1 0 0 0 0 2 2 0 2 2 0 2 1 0 2 0 0 0 0 2 2 1 0 1 1 0 1 2 1 1 2 1 0 1 1 0 1 2 1 0 2 2 0 0 2 2 1 0 0 2 0 2 0 0 2 0 1 1 0 0 2 0 2 0 2 2 0 0 2 2 2 1 2 2 1 2 0 0 0 0 2 0
1 0 2 0 1 1 1 2 1 1 0 2 2 0 1 0 0 0 1 2 2 1 0 1 0 0 1 1 1 1 0 2 2 2 0 1 0 1 1 2 1 2 2 0 2 0 1 2 1 2 0 0 0 0 2 2 1 0 0 2 1 0 0 1 2 0 0 0 2 2 1 0 1 0 1 0 2 2 0 0 0 1 2 1 2 1 0 1 0 1 1 2 1 2 1 2 2 1 2 2 1 0 0 2 1 1 0 0 2 2 1 0 0 1 1 1 1 2 2 2 0 1 1 2 0 1 1 0 0 1 2 2 2 0
1 0 2 2 1 2 1 1 0 2 0 2 0 1 1 0 1 2 1 0 1 0 2 1 0 2 2 0 1 2 0 1 1 1 1 2 1 2 1 2 2 2 1 0 1 0 1 0 0 0 1 2 0 0 0 1 0 2 2 0 0 0 1 1 1 2 0 1 2 0 0 1 2 2 2 1 0 1 1 0 0 0 2 0 1 0 0 2 0 2 2 0 2 1 1 2 0 0 0 0 0 1 2 0 0 0 1 0 1 1 1 1 1 1 0 1 1 0 0 0 0 0 1 2 1 1 1 2 2 2 2 0 0 2
0 1 2 2 1 1 0 0 0 0 2 1 1 1 2 2 1 2 0 1 0 2 0 2 1 2 2 1 2 0 0 0 2 0 0 1 2 2 2 0 2 1 0 1 2 2 1 2 0 1 1 0 0 1 2 2 1 2 1 1 0 2 1 2 2 1 0 2 0 0 1 0 1 1 2 2 1 0 2 1 2 0 2 0 2 2 2 0 1 0 1 1 0 0 1 0 2 0 1 1 0 0 2 0 1 2 2 0 0 2 2 0 0 1 0 2 1 0 0 1 1 1 2 2 2 2 1 2 2 0 0 0 0 0
0 1 0 0 1 0 2 1 0 2 1 2 2 2 0 2 0 1 1 1 2 0 0 1 0 0 1 1 0 1 2 1 0 2 2 2 1 2 1 1 2 0 0 2 2 0 1 1 0 0 2 0 1 0 1 2 1 2 1 1 1 1 0 1 1 0 0 2 0 2 1 2 2 0 1 0 1 1 1 1 1 1 2 0 1 0 0 2 0 1 1 1 2 2 2 1 0 1 1 0 1 0 0 2 1 0 2 2 1 0 2 0 1 1 0 0 2 0 0 0 2 1 2 0 0 2 1 1 0 1 2 0 2 0
2 0 1 1 2 2 2 2 0 1 1 1 1 1 2 1 1 2 2 1 2 1 1 2 0 1 1 0 2 0 1 1 0 2 2 0 2 2 1 0 0 2 1 2 1 1 0 0 1 1 2 1 0 0 0 1 2 2 1 2 2 0 0 0 2 1 2 2 0 0 2 2 2 2 1 1 0 0 1 1 2 0 0 0 0 1 1 1 1 1 0 1 1 1 2 2 2 1 2 1 1 2 0 1 1 2 2 1 2 0 1 2 2 2 2 2 1 1 0 2 0 1 1 1 0 0 1 0 2 1 1 0 1 2
1 0 2 1 2 2 1 0 2 1 0 1 2 2 0 0 1 0 2 0 0 2 1 1 0 0 0 2 1 1 2 2 2 1 1 2 1 0 0 0 2 1 2 1 0 0 2 2 1 1 0 1 1 2 1 1 1 2 1 2 2 1 0 1 0 1 0 1 2 1 2 2 0 2 0 0 0 2 2 1 1 0 1 0 0 2 0 1 2 1 1 1 0 1 0 1 0 1 0 0 2 1 2 0 0 1 0 0 0 1 2 0 1 0 0 2 2 1 0 2 1 2 1 1 1 1 0 2 0 2 0 0 0 2
1 1 0 2 2 2 0 1 0 2 2 1 1 2 0 0 2 1 0 1 0 1 0 2 1 0 1 2 2 2 1 1 0 0 0 0 0 2 1 0 2 1 1 0 1 2 1 0 0 2 2 1 2 0 0 0 1 2 0 1 1 1 2 2 2 1 2 2 1 1 0 0 0 2 1 1 2 0 2 0 0 2 2 2 0 0 0 1 2 0 0 1 2 0 1 2 2 0 0 0 1 0 0 2 0 2 1 0 0 1 0 0 1 0 0 1 0 0 0 0 1 1 2 1 2 0 1 1 0 1 0 2 2 0
2 2 0 1 0 1 2 0 2 1 1 0 2 1 1 1 2 0 2 1 2 2 1 1 2 2 2 2 2 2 0 2 0 1 0 0 2 1 1 2 2 0 2 0 2 2 1 2 2 1 1 2 1 2 0 0 0 0 0 0 0 0 2 0 2 0 0 2 2 2 2 0 0 0 0 0 2 2 2 1 1 1 1 2 2 1 0 2 0 0 2 1 2 2 1 1 0 2 0 1 0 1 1 1 1 2 1 1 1 1 2 0 1 2 0 0 1 1 0 1 0 2 2 2 2 1 0 2 1 2 0 2 0 2
0 1 1 1 2 0 0 2 1 1 1 2 2 0 0 2 2 0 1 2 0 1 0 1 2 2 0 0 1 1 0 1 2 1 0 2 0 1 2 1 0 2 0 0 0 1 2 2 0 2 2 0 1 0 2 0 0 0 1 0 1 1 1 1 0 0 0 0 2 1 2 2 0 0 0 0 0 0 2 1 0 2 2 1 0 2 0 1 2 1 1 1 0 1 2 1 1 1 0 0 2 0 0 0 1 1 0 2 2 0 0 2 0 2 1 1 2 1 0 0 0 2 1 1 0 1 0 1 0 0 2 0 0 0
0 2 1 1 1 0 0 1 0 0 2 2 0 1 1 0 1 2 2 0 1 1 0 1 2 1 2 0 2 0 0 0 1 1 2 2 2 2 2 2 0 1 1 0 0 0 1 2 0 2 0 1 0 0 0 0 2 0 0 2 0 0 2 1 2 2 2 1 1 1 0 0 0 0 1 0 0 0 0 1 2 1 2 0 2 0 0 2 0 2 1 2 2 2 1 2 1 0 0 1 2 2 1 0 2 2 2 0 0 2 2 0 1 2 0 2 0 2 1 1 1 1 1 0 0 1 0 1 2 2 2 2 1 1
0 1 1 2 1 2 2 1 0 1 1 1 0 2 0 2 0 1 0 0 0 0 1 1 2 0 0 2 0 2 0 1 1 2 0 0 2 0 1 0 2 0 1 2 2 0 2 1 2 0 1 2 1 2 1 1 0 2 0 1 2 0 0 0 1 0 1 0 1 1 1 0 1 2 0 1 0 0 2 0 0 1 2 2 1 1 0 1 2 1 0 2 2 0 2 0 2 2 1 0 0 2 1 2 0 1 1 0 2 0 1 0 1 1 0 0 0 1 2 0 2 0 2 2 1 2 0 0 2 1 1 0 2 2
2 0 1 1 1 1 2 0 1 2 2 2 2 2 1 2 0 0 0 0 2 2 0 0 0 2 0 1 2 2 1 0 0 2 2 1 0 1 1 2 1 0 1 2 1 2 1 2 0 2 2 1 2 0 2 2 0 2 1 0 2 2 1 2 0 0 1 0 2 0 0 2 1 2 1 0 0 0 2 1 1 2 0 0 2 0 1 0 2 2 1 2 0 0 1 0 1 0 1 0 1 1 0 0 2 2 0 0 0 2 1 2 1 2 2 2 2 1 0 2 2 2 2 2 2 2 0 0 2 1 1 1 1 2
1 0 1 1 0 2 1 2 1 1 2 2 0 2 0 1 2 2 0 1 2 0 1 0 0 1 2 2 0 0 2 2 1 2 1 2 1 0 1 1 1 2 1 2 1 2 0 0 2 1 0 2 1 1 0 2 0 0 2 1 0 2 1 2 2 2 2 0 2 1 2 1 0 0 1 2 0 2 0 0 0 1 0 2 1 0 2 1 1 2 0 2 2 1 1 1 2 0 2 2 2 2 1 2 0 2 2 1 2 0 2 0 2 0 0 0 1 0 0 0 2 0 2 2 0 2 0 2 2 0 1 2 0 0
0 1 1 2 0 1 0 2 1 1 0 2 1 2 0 2 0 0 1 2 0 1 1 0 1 2 1 0 2 1 2 2 0 0 0 1 1 1 1 0 2 2 1 1 2 1 1 0 1 2 0 2 1 0 0 2 2 1 1 1 1 0 2 2 1 2 1 0 0 2 0 0 2 2 2 2 0 0 2 0 0 0 2 1 0 0 2 0 2 1 2 1 1 1 1 0 0 2 0 2 2 1 0 0 1 2 0 2 0 0 2 1 1 0 1 2 0 0 0 0 2 2 1 1 2 0 1 0 2 2 2 0 1 2
0 0 2 0 0 1 1 0 2 0 0 0 0 2 1 0 2 0 1 2 1 1 2 2 1 0 2 2 0 1 2 1 1 0 1 2 1 1 0 0 2 1 2 0 0 0 1 0 1 2 2 0 1 2 1 0 2 0 0 0 1 2 1 1 2 1 0 1 2 1 2 1 0 1 2 0 2 1 1 1 1 1 2 0 1 0 1 1 0 1 2 0 1 1 1 2 2 2 0 2 1 0 2 2 2 1 0 2 0 2 0 2 1 0 0 0 0 1 2 2 0 2 2 1 0 1 1 0 0 2 0 2 0 2
1 0 1 2 0 2 2 1 1 0 2 1 1 0 0 1 2 0 0 1 0 0 2 1 1 1 1 2 0 2 2 2 0 1 2 1 1 1 2 2 1 1 2 0 2 2 1 2 1 2 1 1 0 1 0 2 2 2 1 0 2 2 0 0 0 2 1 1 0 0 1 2 0 1 1 0 0 2 2 2 2 1 0 0 0 2 2 2 1 2 0 1 1 0 1 2 2 0 1 0 0 0 0 1 1 2 2 2 1 2 2 1 0 0 2 1 2 0 1 1 0 1 2 2 0 1 1 2 1 2 1 0 2 2
2 1 1 2 2 0 1 1 0 2 1 2 2 2 2 0 0 0 2 1 2 0 2 1 0 2 0 2 0 1 1 2 0 2 2 2 2 1 1 2 1 1 0 1 0 0 1 0 1 1 1 0 2 2 1 0 2 0 2 0 2 0 0 2 0 0 2 2 1 0 0 0 1 1 1 2 1 0 0 0 2 2 1 2 2 0 2 2 1 2 2 0 0 0 0 0 0 0 0 1 1 1 2 1 2 1 0 2 2 1 2 1 2 1 1 1 2 0 1 0 0 1 2 0 1 2 0 1 0 0 1 1 2 1
2 2 2 1 1 2 2 1 0 1 2 2 1 2 0 0 1 0 1 0 0 1 0 1 0 0 2 1 2 2 0 0 1 1 1 0 0 1 2 2 1 1 1 2 2 2 0 0 2 2 0 1 0 1 2 1 1 2 0 0 2 1 0 2 0 2 2 0 1 2 2 0 0 2 0 2 2 0 0 1 2 0 0 1 1 1 2 0 1 2 2 1 1 0 0 1 0 0 0 2 2 0 2 0 2 2 1 1 0 1 1 2 0 2 0 2 1 0 0 0 1 2 2 2 2 0 2 0 0 0 2 0 0 1
0 1 1 2 0 1 1 2 2 1 2 0 0 1 1 1 1 2 1 0 2 1 0 2 1 1 0 2 1 1 1 0 0 0 2 1 2 1 1 1 0 1 0 2 2 2 0 2 1 2 2 1 1 1 2 0 2 2 2 2 1 2 0 2 0 0 1 2 2 0 2 2 1 0 2 1 2 0 0 1 0 1 2 1 2 2 2 2 0 2 1 1 2 1 2 2 2 0 2 2 1 1 2 0 1 2 1 0 0 0 1 0 2 2 2 1 2 1 1 2 1 1 2 0 2 1 2 2 2 2 1 0 1 2
0 1 1 2 2 1 0 1 2 2 1 1 1 1 2 0 1 1 1 1 2 1 0 2 2 0 2 1 1 0 0 2 2 1 1 2 0 0 0 2 2 2 0 2 1 1 2 2 0 1 1 2 0 2 2 2 2 1 1 0 0 1 2 2 1 2 1 1 0 2 1 2 2 2 2 1 1 2 1 1 0 1 2 1 0 1 0 0 1 1 1 2 1 1 2 2 1 1 0 1 1 2 1 2 0 1 0 1 0 2 1 2 0 0 1 1 2 1 1 1 1 0 0 0 2 0 2 0 2 2 2 1 0 2
0 0 1 1 2 2 1 0 1 1 1 0 2 1 0 1 2 2 0 1 2 2 1 1 0 1 1 0 2 1 0 1 2 1 2 2 1 0 0 0 0 2 1 0 1 1 0 1 0 0 2 0 2 0 1 0 2 2 1 0 2 2 1 2 1 0 2 0 2 0 0 2 0 2 0 1 1 0 2 2 0 0 2 1 0 0 1 1 1 0 1 1 0 2 0 2 0 0 2 2 1 0 2 2 0 0 0 2 1 0 2 0 0 2 1 2 1 0 1 0 1 2 1 2 1 2 1 2 0 1 2 1 1 2
1 2 0 2 2 2 0 2 2 1 1 0 1 2 1 2 0 0 2 1 2 1 1 1 1 2 2 1 2 1 0 0 0 1 0 0 0 1 2 0 0 2 1 2 2 2 2 0 0 0 1 0 1 0 2 2 0 1 1 2 0 2 0 2 1 0 2 2 1 2 2 0 1 0 0 0 0 2 0 1 0 0 2 2 1 1 2 1 0 1 1 2 1 2 1 2 0 0 1 0 0 1 0 2 1 0 1 2 0 2 1 1 2 0 0 1 2 0 0 2 2 0 1 0 0 0 2 0 1 1 0 2 2 0
2 1 0 1 1 1 0 0 2 1 0 0 0 2 1 0 2 1 1 2 1 1 0 2 2 2 1 2 2 1 1 2 0 2 0 2 0 1 2 0 2 2 1 2 2 0 1 0 1 2 0 2 2 0 2 1 0 1 1 2 0 0 2 0 0 2 0 0 0 0 2 1 1 0 0 0 0 2 1 1 0 2 2 2 0 1 1 1 0 2 1 0 0 0 2 1 0 2 1 1 2 1 2 0 2 1 2 2 0 1 2 1 1 1 0 2 2 1 0 1 2 1 1 0 1 0 1 2 0 0 0 1 2 0
2 2 2 2 2 2 1 1 2 0 2 2 2 0 2 2 1 1 1 0 2 2 1 1 2 2 2 2 0 1 0 0 1 2 2 1 0 1 2 2 1 0 2 0 1 1 0 2 0 1 2 2 1 1 1 0 1 1 0 2 0 1 2 2 1 0 1 1 2 0 0 1 1 2 2 2 2 0 2 2 1 0 0 1 1 1 1 0 0 2 1 1 1 1 1 2 1 2 1 1 0 2 0 2 1 2 2 1 2 2 1 2 2 2 0 1 1 2 0 2 2 1 1 1 2 2 0 2 1 2 1 1 1 1
1 0 1 1 2 1 1 1 1 0 1 1 2 2 0 0 2 0 2 0 1 2 2 2 2 1 1 1 0 2 2 2 1 0 0 0 2 1 2 0 2 0 2 0 0 1 0 0 1 0 0 1 0 1 0 0 2 0 1 0 0 1 0 1 1 1 2 2 1 2 0 1 2 1 1 0 2 0 0 1 1 1 0 2 0 2 0 0 2 1 1 0 2 2 2 1 1 2 1 0 2 2 1 2 0 1 2 0 2 0 2 1 0 0 0 0 2 1 1 1 2 1 2 2 0 1 0 2 2 2 2 1 2 2
1 0 0 1 0 0 2 0 1 2 0 2 1 2 0 0 1 2 1 1 1 0 0 2 2 2 2 2 1 1 2 0 2 2 2 2 0 2 0 1 0 1 0 1 2 1 2 0 1 1 2 0 1 1 2 1 1 2 1 0 1 0 1 1 0 1 1 0 0 2 1 0 1 2 2 0 1 2 1 2 0 1 2 2 2 2 0 0 2 2 1 1 0 0 2 1 1 2 1 2 1 1 0 0 1 0 0 0 2 2 2 0 1 2 0 1 2 0 2 2 0 2 0 2 2 1 0 2 0 1 2 2 0 2
0 2 2 0 2 1 0 1 1 2 1 1 0 1 0 1 0 1 0 2 0 0 0 1 2 1 0 2 0 1 2 0 0 1 2 2 1 0 2 0 0 1 0 1 0 1 2 1 0 0 1 1 1 1 2 1 0 0 1 2 2 0 0 0 2 2 0 1 1 0 2 1 1 2 0 2 1 0 2 1 1 0 2 2 0 0 2 1 1 1 0 1 1 1 2 1 1 0 0 2 0 0 1 2 0 2 0 1 0 0 2 1 1 0 2 2 1 1 1 0 2 1 2 1 0 1 0 2 2 1 2 2 1 1
2 2 1 0 0 1 0 1 0 2 1 2 1 0 1 0 0 1 0 0 0 0 2 1 0 1 0 1 1 0 0 1 2 2 1 1 0 0 2 1 2 1 1 1 1 0 0 2 2 0 0 0 1 0 2 0 2 0 2 0 0 2 2 0 1 2 1 2 2 0 0 2 2 2 1 1 0 1 1 0 2 2 0 1 2 0 2 2 1 1 0 1 1 0 2 0 2 1 2 2 2 0 1 2 0 0 0 1 2 2 1 2 1 2 1 2 2 1 1 0 0 1 2 1 0 2 1 2 1 1 2 0 1 1
2 2 1 1 0 2 0 1 2 2 2 1 1 1 2 2 0 2 2 0 1 2 0 0 2 1 1 1 0 0 0 2 0 2 1 0 2 2 0 1 1 2 2 0 1 1 0 2 1 2 0 2 2 0 2 2 0 1 1 0 2 2 2 2 0 1 0 2 1 1 1 0 1 1 0 1 0 0 0 2 1 0 0 1 2 2 1 2 2 0 2 1 0 2 1 0 1 2 0 2 2 2 2 0 0 0 1 1 1 2 1 0 0 1 2 2 1 1 1 1 1 1 2 2 1 1 0 2 2 1 0 1 0 2
1 1 0 1 0 2 1 2 0 1 1 2 2 0 0 0 2 2 0 2 0 1 2 0 1 1 1 2 2 2 0 1 0 1 0 1 1 1 1 1 1 2 1 0 1 0 1 0 0 1 0 0 0 2 0 0 1 2 2 1 2 2 1 1 0 1 2 1 0 2 0 2 1 2 2 0 2 0 0 2 0 2 0 0 2 1 0 1 1 0 2 1 2 0 2 1 0 0 2 1 2 0 0 1 0 2 2 2 0 0 2 0 2 0 1 2 2 2 1 1 2 0 2 0 2 0 2 2 0 1 0 2 2 0
0 0 0 2 0 0 0 0 1 0 1 0 2 0 2 1 2 0 2 0 0 2 0 2 2 1 1 2 0 2 0 1 2 1 2 1 2 0 1 0 0 2 1 1 1 1 2 0 2 2 1 2 2 1 2 1 2 1 1 0 1 2 0 2 0 2 0 0 0 2 1 1 2 0 0 0 2 0 2 1 0 0 1 0 0 1 2 0 0 1 1 2 0 2 1 2 1 2 2 2 1 1 0 0 2 1 1 2 2 1 1 0 2 0 1 2 1 1 1 0 2 0 2 0 2 1 2 1 0 2 0 1 1 1
2 0 0 1 1 2 2 2 1 2 0 2 2 1 0 0 1 0 0 1 1 0 0 1 1 0 1 1 2 0 1 2 1 1 0 2 1 0 2 0 0 0 2 0 1 1 2 1 1 0 0 0 1 1 0 2 2 2 2 2 0 0 1 1 1 2 2 0 0 2 0 1 2 0 2 1 1 2 0 0 2 1 2 0 0 0 0 2 2 0 1 2 0 0 1 1 1 0 2 1 2 2 0 2 0 0 1 2 2 1 1 1 0 0 0 0 0 1 1 0 1 0 2 1 2 0 0 0 2 0 1 2 1 2
2 1 2 0 2 2 2 0 2 0 1 2 1 2 0 2 0 2 0 2 1 2 0 1 2 2 0 1 0 1 2 2 0 2 0 0 2 2 0 1 0 2 1 2 2 2 2 2 1 0 1 0 0 0 2 0 0 2 2 0 1 2 2 2 1 0 0 0 0 1 2 0 1 1 0 1 0 1 0 2 1 0 2 2 1 2 2 1 2 2 2 1 1 2 1 0 0 1 1 1 0 2 2 0 0 1 1 2 2 2 1 1 0 2 0 1 2 1 0 1 0 0 0 0 0 2 1 1 2 0 2 2 2 2
2 0 1 1 0 0 2 1 1 2 1 0 1 0 1 2 0 2 2 0 0 0 1 1 2 0 2 1 0 1 1 1 2 2 2 0 0 1 0 2 1 1 0 0 0 1 2 0 1 2 1 2 2 2 0 1 2 0 1 1 0 0 2 0 0 1 1 1 1 1 1 0 0 1 0 0 2 0 1 1 2 0 1 1 0 2 1 1 0 2 2 1 2 1 1 0 0 0 2 2 2 1 0 0 0 1 1 2 1 0 1 0 1 0 0 1 0 1 2 1 1 2 2 0 0 1 2 2 0 2 2 2 0 0
2 0 1 1 1 0 2 0 1 0 1 1 1 2 0 2 0 1 1 0 0 0 2 0 0 2 2 2 2 0 2 2 2 1 1 0 1 0 1 0 0 2 2 0 1 2 2 2 2 1 2 2 1 2 2 1 1 2 1 1 2 1 2 1 2 0 2 1 2 1 2 0 1 1 0 0 1 0 2 0 0 0 0 1 2 2 1 1 2 0 1 2 1 0 1 2 1 2 0 0 0 2 1 1 1 2 2 1 1 0 2 1 0 0 0 0 0 1 2 1 2 0 0 2 1 2 1 0 1 2 1 2 0 0
2 2 0 1 0 1 1 1 2 2 1 2 2 2 2 2 0 2 0 1 1 0 2 0 1 0 1 2 1 1 0 0 0 1 1 1 0 1 0 2 0 1 2 0 1 2 0 0 2 1 2 1 2 1 2 0 0 0 1 1 1 2 1 2 1 0 1 1 2 1 0 0 0 0 1 2 0 2 0 2 1 2 0 1 1 0 2 2 1 1 0 0 0 2 0 2 0 1 0 0 1 1 1 1 2 2 1 0 1 1 2 0 2 0 1 1 1 1 0 0 2 1 1 1 1 1 0 1 0 2 2 1 0 0
0 0 0 2 0 2 1 2 0 1 1 1 2 0 0 2 0 1 0 1 0 1 0 1 0 1 0 0 2 1 1 0 1 2 1 2 1 0 2 1 1 0 1 0 1 2 2 2 0 2 0 0 1 1 2 1 0 0 2 0 1 2 2 1 1 0 1 0 0 1 0 1 0 2 1 1 1 1 0 2 1 2 0 2 1 0 1 1 1 2 1 0 1 0 2 0 1 0 0 1 0 0 0 0 2 2 1 2 0 0 1 2 2 2 1 0 1 1 2 2 1 1 0 2 2 0 2 1 1 0 1 2 2 1
2 2 2 1 1 0 2 0 0 1 0 2 2 1 0 1 1 1 2 1 1 2 2 1 2 2 2 0 1 1 2 1 0 1 0 2 2 2 2 0 1 0 2 0 1 0 2 0 2 2 2 2 0 2 0 2 1 2 0 1 0 2 2 2 2 0 1 2 0 1 2 1 2 1 2 1 2 2 0 0 2 2 2 0 2 0 2 2 0 0 0 1 1 0 0 1 0 2 0 1 2 0 2 2 2 2 0 0 2 0 1 1 0 0 2 1 0 2 0 1 0 1 0 2 1 1 0 2 1 1 0 0 1 0
2 1 2 0 1 2 2 2 0 0 0 2 1 2 0 2 1 1 0 1 0 1 0 1 1 2 2 1 2 1 1 2 2 1 2 2 0 2 1 1 0 0 1 2 0 2 0 1 0 0 1 1 0 2 2 1 1 2 0 1 0 2 0 1 1 0 0 2 1 2 1 1 0 1 1 0 0 1 0 2 0 1 0 0 0 1 2 2 1 0 0 0 0 1 1 2 2 1 1 0 1 1 2 2 2 1 2 0 0 2 2 0 1 1 1 1 0 2 0 1 2 1 1 0 2 2 2 2 1 2 2 0 0 0
0 0 1 0 0 2 0 0 1 1 2 0 1 2 2 2 1 2 1 0 2 0 0 0 0 0 2 1 1 0 1 1 0 0 1 0 0 2 1 1 2 0 2 0 0 1 0 2 1 1 2 2 0 0 2 0 1 2 2 2 2 1 1 0 1 1 0 2 0 0 1 0 0 1 1 1 1 2 1 2 0 0 2 1 1 1 2 0 0 2 0 0 1 2 0 0 0 2 0 1 0 2 2 0 0 1 2 2 0 0 0 2 1 2 0 1 1 0 1 2 0 1 1 1 1 2 1 1 1 2 1 1 2 1
0 0 2 0 0 1 2 0 0 1 2 0 2 1 1 1 2 2 0 1 0 1 0 2 1 0 2 0 2 2 1 0 0 1 1 1 2 1 1 0 2 1 1 0 1 0 1 0 2 2 1 0 2 2 0 0 2 1 1 2 0 0 2 1 2 1 2 2 0 0 2 1 0 1 1 1 2 2 2 2 2 0 0 1 0 1 2 0 0 1 0 0 1 0 2 0 2 1 0 0 0 1 1 0 0 2 1 0 0 0 2 0 1 0 2 1 2 1 2 0 0 2 0 2 0 0 0 0 0 1 0 0 0 2
1 0 2 0 1 0 0 2 0 2 0 2 1 2 1 1 0 1 0 0 1 1 2 2 1 0 0 0 0 1 2 2 2 2 2 1 0 0 0 1 2 0 1 0 0 0 1 0 0 0 1 1 2 1 0 1 1 1 1 2 2 1 1 2 1 1 0 2 1 1 1 0 1 2 2 2 0 1 0 0 1 1 2 2 1 2 0 2 1 2 0 0 1 2 0 0 1 1 0 2 2 1 1 1 1 0 0 1 1 0 2 1 0 2 0 2 1 1 2 0 1 2 2 0 2 2 0 0 1 0 0 0 2 1
0 1 1 1 1 1 0 1 0 0 0 0 0 2 2 2 0 0 2 2 0 2 1 0 0 0 2 0 2 2 0 2 1 2 0 0 0 0 1 1 1 1 1 2 0 1 2 1 1 2 0 2 1 0 1 2 1 0 0 0 0 0 0 2 0 2 2 1 2 0 0 2 2 2 1 1 1 1 0 0 0 1 0 2 2 1 1 0 2 0 2 2 0 2 2 1 1 2 1 2 1 1 1 1 1 0 0 0 2 1 1 0 0 2 0 2 0 2 2 2 2 1 2 1 2 2 2 0 2 1 0 1 2 2
2 2 0 1 2 0 2 1 0 2 0 1 1 0 2 1 0 2 1 1 0 0 0 1 1 0 2 2 1 0 1 2 0 2 0 2 2 0 2 1 2 2 0 1 1 2 0 2 0 1 0 0 2 1 2 2 2 0 2 2 0 0 1 0 1 2 0 1 2 2 0 2 0 1 0 1 1 0 0 1 0 1 0 0 0 2 2 0 0 1 2 1 0 0 2 1 0 0 0 0 0 1 2 0 2 2 2 0 1 1 0 2 0 0 2 0 0 0 0 2 2 0 0 2 1 0 1 0 0 2 0 1 1 0
0 0 0 2 1 1 0 2 1 0 0 2 1 1 2 0 0 1 1 1 2 0 1 1 0 2 1 1 1 2 2 1 2 2 1 2 2 2 1 0 0 2 2 0 1 2 0 2 2 2 0 1 2 0 0 0 2 2 2 1 1 2 0 2 1 2 2 1 2 1 0 0 0 2 0 2 0 1 1 2 0 0 1 0 0 1 1 0 0 1 2 0 0 0 0 2 2 2 1 2 0 2 1 2 1 1 2 2 0 2 1 1 2 2 1 0 1 0 1 2 2 1 0 2 2 1 0 2 0 2 2 2 1 0
2 0 2 1 0 0 1 1 2 1 2 1 1 0 2 0 0 1 1 2 2 1 0 0 1 2 2 0 2 1 1 1 1 0 0 1 2 2 1 1 0 0 2 0 1 2 1 2 2 0 1 2 2 2 2 0 1 2 1 0 0 0 2 1 1 0 1 0 2 0 1 1 0 2 2 2 1 0 1 0 1 0 0 1 0 2 1 1 1 0 2 1 0 1 1 2 1 0 2 2 0 2 1 1 1 0 0 0 1 2 1 0 0 2 2 0 2 1 1 1 2 0 1 0 2 0 0 2 0 1 1 1 0 2
0 1 0 1 1 2 0 0 2 1 0 1 1 0 1 1 2 0 2 0 1 0 0 2 2 1 0 0 2 1 0 2 2 1 0 1 0 1 0 2 0 1 2 2 2 0 0 1 1 1 2 2 1 0 2 0 2 2 1 1 0 1 2 0 2 2 0 2 1 1 2 2 2 1 2 1 2 0 0 0 1 2 1 2 1 0 0 0 1 1 1 1 2 1 0 2 1 0 1 0 1 2 0 1 1 2 0 1 2 0 2 1 1 1 1 2 2 2 2 0 0 1 2 1 0 2 0 2 0 0 2 1 2 2
0 0 2 0 2 2 2 0 1 0 1 2 0 0 2 0 1 0 1 1 2 2 0 2 1 1 2 2 0 1 2 2 0 2 2 0 2 2 0 0 2 0 0 0 1 1 0 0 2 0 1 1 0 2 0 0 1 0 2 0 2 1 2 0 1 2 1 0 2 2 1 2 2 0 0 1 1 1 2 0 1 0 1 2 0 2 2 2 0 2 0 0 1 2 0 0 1 2 1 1 2 0 1 2 1 2 1 2 0 0 0 0 1 2 2 2 1 2 2 2 1 2 0 2 2 1 0 1 1 2 0 1 0 1
0 1 1 2 1 1 0 1 1 2 1 1 1 0 0 1 0 2 0 0 0 2 2 1 0 1 1 1 2 1 2 0 0 1 2 2 0 1 1 2 0 2 1 2 0 2 0 0 0 0 2 0 0 2 1 1 0 1 0 0 2 0 0 1 2 1 0 0 2 2 2 2 2 1 1 2 2 2 1 2 2 0 0 0 0 2 1 0 0 1 0 1 0 0 2 2 2 0 2 1 2 2 1 0 1 0 0 1 2 1 0 2 2 0 2 2 0 2 0 1 1 0 2 1 2 2 0 2 2 0 1 0 0 0
0 2 1 0 0 0 0 1 0 2 2 0 0 2 2 1 0 1 2 0 2 2 2 1 2 0 1 0 0 2 2 0 1 0 1 2 1 1 0 1 2 2 0 0 2 2 1 0 1 1 2 2 0 2 0 1 2 2 1 0 2 0 1 1 1 0 1 0 1 1 2 1 2 2 1 2 0 0 2 1 1 2 0 0 2 1 1 2 1 0 0 1 2 1 2 1 1 0 1 1 0 2 0 0 2 2 2 2 0 1 2 2 2 0 0 1 2 2 1 1 1 1 2 1 1 1 2 0 0 2 2 1 2 0
1 1 0 1 2 1 2 2 0 2 2 2 0 2 2 2 0 0 1 0 1 0 0 2 1 1 2 0 2 1 1 1 0 1 2 2 2 2 1 1 2 1 0 0 1 2 0 2 1 0 0 2 0 0 2 1 1 1 0 1 0 1 0 1 0 0 0 0 0 2 1 0 1 1 1 0 2 2 2 0 0 0 0 0 1 1 0 0 2 0 1 0 2 0 1 0 0 2 1 0 2 2 1 1 2 0 2 2 0 2 2 0 0 0 0 2 1 0 2 2 1 1 2 1 1 1 1 2 1 0 0 1 0 0
2 0 0 2 2 1 2 2 1 2 0 2 2 2 1 2 1 2 2 1 1 0 0 1 0 1 1 2 0 1 2 1 2 0 0 2 1 2 2 0 0 0 2 2 0 0 0 2 1 2 1 0 2 1 1 1 0 0 1 1 2 1 0 0 1 0 2 0 1 0 0 1 0 0 1 1 2 1 0 1 0 2 1 1 0 1 0 1 1 1 0 1 0 0 1 1 1 2 2 2 2 0 1 0 0 0 1 0 0 2 2 1 1 1 0 2 0 0 1 2 2 2 0 2 0 0 1 1 0 0 1 2 1 0
0 0 2 1 0 2 1 1 0 2 0 1 2 0 2 0 2 0 2 0 2 1 0 2 2 0 0 2 0 2 0 0 2 2 2 0 1 1 1 0 1 1 1 0 2 0 2 1 0 2 2 1 0 0 1 1 2 1 0 2 1 1 1 1 1 1 2 0 0 1 0 1 1 2 2 0 1 2 0 2 1 0 1 2 0 2 0 2 2 1 0 0 2 1 2 1 2 2 0 0 1 0 2 0 1 2 1 0 1 2 2 2 2 1 1 0 1 1 1 0 2 2 1 0 0 1 1 0 0 1 1 1 0 1
2 2 0 1 2 1 1 1 1 1 0 0 1 0 2 0 0 0 2 2 0 0 0 2 2 1 2 0 1 2 2 1 2 2 2 1 1 1 0 2 2 2 0 1 2 1 0 2 1 2 0 2 0 0 1 2 0 1 0 1 1 2 2 0 2 2 1 0 0 2 0 0 2 2 1 1 0 1 1 2 2 1 2 0 0 1 2 0 0 0 1 1 0 0 2 2 2 1 0 0 1 1 0 0 0 2 1 1 1 0 1 1 2 0 1 2 0 1 2 0 1 0 2 2 1 2 1 1 1 2 1 0 0 1
1 2 1 0 1 0 1 1 1 1 2 2 0 2 0 1 0 2 2 0 1 1 0 0 2 1 2 1 2 0 0 1 2 1 1 2 2 0 0 0 1 2 0 2 0 1 0 0 0 0 1 1 2 2 1 1 1 1 0 1 2 2 2 1 0 1 1 1 2 1 1 0 2 0 0 2 1 2 2 2 2 1 1 2 1 0 1 2 1 2 1 1 1 0 1 2 2 2 1 1 1 1 2 1 1 1 0 2 0 2 2 2 1 1 2 2 2 0 0 1 0 1 0 1 2 2 2 2 1 0 1 0 2 2
1 0 0 1 1 0 2 0 0 1 2 2 2 2 2 2 2 0 1 0 2 0 2 2 0 0 1 0 1 0 2 0 2 2 2 0 0 2 1 1 0 2 0 2 1 0 1 1 1 2 1 2 1 0 1 1 2 0 2 1 1 1 1 1 1 1 1 2 1 0 0 2 2 0 2 2 2 2 0 0 2 0 2 1 1 2 0 0 0 2 2 2 2 2 0 1 0 1 1 0 2 1 0 2 0 2 1 2 2 0 0 2 0 1 0 1 1 1 0 1 2 0 1 2 2 1 0 1 1 1 1 1 0 1
0 1 0 0 1 1 0 1 1 1 0 1 2 1 1 0 1 1 1 2 0 0 0 1 1 2 0 0 0 1 1 1 0 0 1 1 1 2 0 2 0 1 1 0 0 0 1 1 2 0 1 0 1 0 2 1 2 0 1 0 2 0 2 2 1 1 0 2 0 0 2 0 2 0 1 1 2 0 0 1 0 2 2 0 2 1 1 2 2 0 0 1 0 0 0 2 1 0 1 2 1 0 0 2 2 2 0 2 2 1 0 1 0 2 1 0 1 0 1 0 0 1 2 2 0 2 1 1 0 1 2 0 2 2
2 2 2 0 1 2 1 2 1 0 2 0 1 2 0 0 0 1 2 0 0 0 2 0 1 0 1 1 0 0 1 0 0 0 1 1 0 2 1 1 0 1 2 0 1 2 0 1 1 0 1 2 0 1 2 0 2 1 1 0 2 0 0 0 1 1 2 2 1 2 2 0 0 1 0 1 2 1 0 0 2 2 2 2 0 0 2 0 1 2 0 1 2 1 1 1 0 2 1 2 1 1 2 2 2 0 1 1 2 1 2 1 0 0 1 1 0 2 1 2 1 2 1 1 0 2 0 1 2 2 1 0 0 1
2 0 2 1 0 1 0 0 0 1 0 1 0 1 1 2 1 2 2 2 1 0 2 2 2 2 1 1 0 2 2 1 0 1 2 0 0 0 2 1 2 2 0 2 2 1 2 0 2 1 0 1 0 0 0 0 2 2 1 1 1 1 0 1 1 2 0 1 0 2 0 2 2 1 2 1 0 1 1 2 1 2 1 2 0 1 2 0 0 1 1 2 2 1 2 1 2 2 1 0 2 1 0 1 0 2 0 1 1 2 2 0 2 0 2 0 2 1 0 0 0 0 1 1 2 0 2 1 2 0 2 1 2 2
0 0 2 0 2 1 1 1 2 1 1 2 1 1 1 2 0 2 2 1 0 2 1 0 1 1 1 1 0 0 0 0 1 0 2 0 2 0 2 1 1 1 1 0 0 0 2 1 0 2 2 0 2 1 0 1 0 2 2 0 0 1 1 2 2 0 0 2 0 2 1 2 0 0 2 1 0 2 2 0 1 2 1 1 1 2 2 1 2 0 2 0 1 2 0 1 2 0 0 1 0 1 0 1 1 0 1 2 0 1 0 2 1 2 0 0 2 0 0 2 0 0 0 1 2 0 2 2 1 0 1 2 2 1
0 1 2 2 1 0 1 2 2 0 2 0 0 2 1 0 1 1 2 1 1 1 2 0 1 1 1 2 0 1 2 1 2 2 1 1 0 2 1 2 0 0 0 0 2 2 2 1 0 1 0 1 0 2 0 2 0 2 1 1 1 1 2 0 1 0 0 1 0 1 1 0 2 1 2 2 1 2 0 2 0 1 1 0 1 2 0 2 2 0 0 0 1 2 1 0 1 2 1 2 0 0 1 0 2 0 2 1 2 0 1 0 2 0 1 0 0 2 2 2 0 2 0 1 1 2 2 0 1 1 0 2 2 1
2 0 2 2 1 1 0 0 2 2 0 0 2 0 0 1 1 0 0 1 0 2 0 0 1 2 1 2 1 2 1 1 2 0 1 1 2 1 1 1 0 1 1 0 0 0 1 1 0 2 0 1 2 1 1 1 0 1 0 2 0 1 1 2 1 2 0 0 1 1 2 1 0 2 2 1 2 0 2 0 0 2 2 2 0 0 1 1 1 2 1 1 1 2 0 0 2 0 1 0 2 1 2 0 0 1 2 0 2 2 1 2 2 0 0 1 1 2 0 0 1 2 2 0 2 1 1 2 2 0 0 2 1 0
0 0 2 2 0 2 2 1 2 0 2 0 1 1 0 1 2 0 1 2 0 1 0 1 1 0 2 1 0 2 2 1 2 0 1 0 0 1 2 2 1 2 1 0 1 1 2 0 1 1 1 2 0 1 1 2 2 2 1 0 1 1 1 1 2 1 1 2 2 1 2 1 1 1 2 2 0 1 1 2 0 2 2 1 1 1 0 2 1 2 2 2 1 2 1 0 0 2 0 0 1 0 2 0 2 1 2 0 0 1 2 2 1 2 0 1 1 2 1 2 1 1 2 2 0 0 0 1 0 1 2 1 1 1
1 1 0 2 1 2 1 2 1 1 1 2 2 0 1 0 2 2 1 2 2 0 0 0 2 0 1 2 0 1 1 2 0 2 1 0 1 1 2 0 2 1 2 2 1 1 2 1 1 1 0 2 1 0 2 2 0 2 1 0 0 2 1 1 2 0 1 0 1 0 1 1 1 1 0 0 0 2 1 2 2 1 1 0 2 1 2 0 0 1 1 1 1 2 2 0 1 1 2 2 2 1 1 1 2 1 2 0 2 1 0 1 2 1 2 2 2 0 0 0 1 2 1 0 0 1 2 1 0 2 1 2 0 2
1 1 2 1 1 1 2 2 0 2 1 0 1 1 0 2 0 0 0 1 1 0 0 0 2 0 0 0 1 2 1 2 0 0 0 2 2 0 2 0 0 1 0 2 0 1 0 0 2 0 0 0 0 1 2 2 0 2 0 1 2 1 1 2 1 0 0 1 0 0 1 0 1 2 1 2 1 1 1 0 1 1 0 2 0 0 2 0 1 2 2 0 1 1 0 0 1 1 2 1 1 1 0 0 0 1 2 2 0 0 2 1 2 1 0 0 1 0 1 0 2 1 1 1 2 2 2 1 0 2 0 1 1 0
1 2 2 1 2 2 0 0 1 2 1 1 0 0 1 0 1 2 1 0 0 1 2 0 2 2 0 2 0 2 1 2 1 0 0 1 1 0 1 2 1 0 2 2 1 0 2 0 0 0 0 1 2 0 2 2 2 0 2 2 2 1 2 1 2 2 2 0 1 1 0 2 1 2 1 0 0 1 1 1 2 2 0 2 2 2 1 1 2 1 1 1 0 0 0 0 1 0 0 2 2 0 2 1 0 0 0 1 2 1 0 2 2 0 2 2 0 1 1 1 1 0 0 1 2 1 2 1 1 0 0 1 1 2
2 0 0 2 1 0 2 2 0 1 2 0 0 0 1 2 1 0 1 2 0 1 0 2 2 2 0 2 0 2 2 0 2 2 0 1 0 0 0 0 1 0 1 2 0 0 2 0 1 1 2 1 2 2 2 1 2 2 1 2 2 1 0 2 1 0 0 2 0 1 0 2 2 2 2 1 0 2 1 1 1 0 1 0 0 0 2 0 2 0 0 2 2 0 1 0 2 0 2 0 1 0 0 2 0 0 0 0 0 1 2 1 2 0 2 0 0 1 0 1 2 0 0 1 0 2 1 2 0 2 0 0 0 1
2 0 2 2 1 2 1 0 1 1 1 0 1 2 2 1 0 1 2 1 0 0 2 2 0 2 1 1 2 1 0 1 2 2 1 0 2 0 2 0 1 1 0 2 0 0 1 2 1 1 0 2 2 0 1 0 0 0 1 2 2 2 2 2 1 1 0 0 2 2 1 1 1 2 2 2 2 0 1 1 0 2 0 2 0 1 2 1 2 1 1 0 0 1 0 2 0 0 2 0 1 1 1 0 0 0 2 2 2 1 1 2 2 1 2 0 0 1 1 1 2 2 1 0 1 1 2 2 2 2 2 1 0 1
2 0 2 2 0 2 2 1 1 1 0 0 1 0 2 0 2 2 0 0 2 2 2 1 1 0 1 1 2 1 0 2 2 0 2 0 2 1 2 1 0 2 1 2 0 1 2 0 0 2 1 2 2 2 1 1 0 2 0 2 0 1 2 0 1 2 0 1 0 2 2 1 2 0 0 2 1 2 0 2 2 0 1 1 2 0 1 2 2 2 2 0 0 1 0 2 1 1 0 1 1 2 2 1 0 0 0 2 2 2 1 2 2 0 1 2 0 2 2 0 2 1 0 0 1 1 2 2 0 0 2 1 0 2
2 0 0 0 0 0 0 2 2 2 2 2 2 0 2 1 0 2 1 0 2 2 2 0 2 2 0 2 1 1 2 1 2 0 0 0 0 0 2 1 1 0 0 0 0 2 2 1 2 0 2 2 0 0 0 0 2 0 0 2 2 0 0 2 0 1 2 1 2 2 2 0 2 0 1 0 1 1 2 0 2 2 0 2 2 1 0 0 2 1 2 2 1 0 1 2 2 1 0 1 2 1 2 1 2 0 2 0 2 2 2 1 2 0 2 2 2 0 2 1 1 2 1 0 0 0 2 2 2 0 1 1 2 1
1 2 2 0 2 2 1 2 2 0 0 2 2 2 2 0 1 1 2 2 1 2 0 1 2 0 2 1 2 2 2 1 1 0 0 1 2 1 1 1 1 1 0 1 1 0 1 2 1 1 1 0 1 0 2 2 1 2 0 0 1 1 0 2 1 0 1 1 1 2 1 0 1 2 1 2 0 1 1 2 0 1 1 2 2 0 1 0 2 2 1 1 1 1 0 2 1 2 0 0 2 1 0 1 1 0 1 2 1 1 1 2 2 0 1 1 1 0 2 1 0 0 0 1 2 1 1 1 1 1 2 1 1 2
0 0 0 1 2 2 2 1 1 2 2 1 1 1 2 0 0 2 2 0 1 2 2 2 0 1 1 2 2 0 0 0 0 1 2 0 1 2 2 0 0 2 1 1 1 0 0 1 0 2 0 1 1 0 1 1 1 1 2 2 1 0 0 2 1 0 2 0 0 2 1 0 2 2 2 1 1 2 0 1 1 1 1 0 1 0 0 0 1 0 2 0 1 0 0 0 0 2 1 1 0 2 1 2 2 2 1 0 1 2 2 1 0 1 1 2 1 2 2 1 2 0 1 0 0 1 1 1 1 2 0 1 2 2
2 1 1 1 2 1 1 2 2 2 1 1 1 0 1 0 1 0 0 0 2 1 1 0 1 1 0 1 0 2 1 0 1 1 1 1 2 0 1 2 2 2 0 0 0 2 2 2 0 0 0 0 0 1 0 1 0 1 0 1 1 1 2 2 0 1 2 0 2 0 2 2 0 1 0 1 0 2 0 1 0 0 1 0 0 2 2 1 1 2 2 2 1 2 0 2 1 2 0 0 0 0 0 0 2 1 2 2 0 1 2 1 2 0 2 2 1 2 1 2 1 1 2 0 1 0 0 0 2 0 2 0 1 2
1 0 0 1 1 2 2 0 1 2 0 2 2 2 1 1 2 1 0 2 2 2 2 0 0 2 0 2 2 0 2 1 0 1 0 1 1 0 2 2 0 0 2 0 2 2 2 2 0 0 1 0 0 0 0 1 0 1 1 0 1 0 2 0 1 0 2 2 1 2 0 2 2 0 2 2 2 0 0 0 0 1 1 0 0 1 1 0 0 2 1 1 1 1 1 2 1 1 0 0 1 1 0 1 1 0 0 2 0 1 0 1 0 2 1 0 0 1 1 1 1 0 0 2 1 2 2 0 1 0 1 2 1 1
0 0 1 2 0 2 0 2 0 1 1 2 2 2 0 1 1 2 1 2 2 0 2 1 0 2 2 1 2 1 2 1 2 2 0 0 1 1 2 2 1 0 1 0 1 0 1 0 0 0 2 2 0 2 1 2 1 1 1 1 0 2 2 0 1 0 0 2 2 0 1 0 1 0 2 2 0 0 2 0 2 2 0 0 2 2 2 1 0 2 0 1 1 2 1 2 0 2 2 1 0 0 1 1 0 1 2 2 0 1 2 2 2 2 2 1 2 0 0 0 0 1 2 1 1 1 0 2 0 2 0 1 0 2
2 1 1 1 0 2 1 1 1 0 1 1 2 1 2 2 2 2 0 1 1 2 2 1 2 0 1 2 1 2 2 2 1 1 0 2 0 1 0 2 2 2 1 1 1 1 1 0 2 1 2 0 1 2 0 0 0 2 2 0 2 0 2 1 2 2 1 0 2 0 2 1 2 1 1 1 1 2 2 0 1 1 1 0 0 1 0 2 1 1 2 1 2 1 0 1 1 1 1 1 1 2 1 1 1 2 2 0 1 1 0 0 1 0 0 2 1 2 1 0 0 0 2 2 2 2 1 2 2 0 0 0 0 1
0 2 1 0 1 2 0 1 0 1 2 1 0 2 0 2 0 1 0 0 1 1 0 0 0 2 1 1 1 1 1 1 1 2 2 2 0 2 2 1 0 1 2 1 1 1 1 2 2 2 2 1 1 0 1 1 1 2 1 2 1 2 1 0 1 1 0 1 1 0 2 1 2 2 0 1 1 2 0 0 2 0 1 0 0 0 0 1 0 1 1 1 0 0 2 2 0 0 1 1 0 0 2 0 0 1 1 1 0 2 0 0 2 2 2 1 0 2 0 0 1 0 0 2 1 2 1 1 0 0 2 1 2 0
1 0 2 1 2 2 0 0 1 1 2 0 0 0 0 0 1 2 0 2 1 0 1 0 1 2 2 2 0 1 2 2 1 1 0 1 1 2 1 2 1 2 2 1 2 0 1 1 2 0 0 1 0 2 2 2 1 1 1 2 0 1 2 2 0 0 1 0 0 0 2 1 2 0 0 0 0 0 2 1 1 1 2 2 0 2 1 0 1 1 0 1 2 0 1 1 1 0 1 2 0 1 2 1 2 2 2 1 2 1 2 1 2 1 0 1 1 2 2 0 0 2 2 0 0 1 2 2 1 0 1 1 2 1
0 1 1 2 2 1 2 2 0 1 2 0 0 0 0 2 1 1 2 0 2 0 1 1 2 0 0 1 2 0 0 0 2 2 1 0 1 0 2 2 2 1 1 0 2 1 0 1 0 2 2 0 0 1 2 0 1 0 2 1 0 0 0 0 0 1 0 2 2 0 2 1 0 0 2 2 1 0 1 2 0 1 0 2 0 0 2 2 0 2 1 2 0 2 2 1 0 0 1 2 1 0 1 1 0 2 1 2 2 2 0 0 1 0 2 1 1 0 1 2 2 0 2 0 2 2 1 2 0 0 2 1 0 1
0 1 0 2 1 0 2 2 1 1 2 1 0 1 1 1 1 2 1 0 0 1 2 2 1 2 0 0 0 0 2 1 2 0 0 1 1 1 0 2 2 0 1 0 1 1 2 2 0 1 0 0 0 2 2 1 2 2 0 1 1 0 2 1 0 1 2 1 2 0 1 2 0 0 2 0 1 2 2 2 1 0 2 2 0 2 0 0 2 1 2 1 1 1 2 2 0 2 0 0 2 0 2 0 0 0 0 2 2 1 1 1 2 1 0 0 0 2 1 0 0 0 1 2 0 0 1 0 2 2 1 2 0 1
1 1 2 2 0 2 0 2 1 0 1 2 1 2 1 2 0 1 1 2 1 1 0 0 2 0 1 1 0 1 0 1 0 2 1 1 2 2 2 1 0 0 1 2 2 2 1 0 1 0 0 0 1 0 1 1 1 2 2 2 1 0 1 2 1 0 0 0 0 2 2 1 1 0 0 0 0 2 1 2 0 1 0 2 0 1 1 1 1 1 1 0 2 0 2 0 1 0 2 2 1 1 1 2 2 2 0 2 2 2 2 0 1 2 0 1 2 2 0 0 1 2 1 0 2 0 1 2 1 1 1 2 2 0
2 2 2 0 0 2 0 0 0 1 0 1 0 2 1 1 0 2 0 1 0 1 2 2 1 0 0 2 1 0 0 0 0 1 1 1 0 1 2 2 0 2 1 1 2 2 0 0 2 0 2 2 2 2 2 0 0 2 1 1 0 1 0 2 0 1 0 1 1 2 1 2 2 2 0 1 2 1 2 1 2 2 0 2 1 2 0 2 0 1 0 0 1 1 2 1 1 0 0 2 2 1 1 0 1 2 2 0 0 2 1 2 1 2 2 1 2 1 0 2 2 1 1 1 0 0 0 2 1 1 1 2 1 0
2 2 0 1 0 0 1 2 0 1 2 1 2 2 2 2 2 2 0 0 1 1 2 2 0 0 0 1 2 2 2 2 2 2 2 0 0 0 0 2 1 0 0 0 0 0 2 2 2 1 0 1 2 0 0 0 0 2 2 1 1 2 0 1 2 2 2 0 1 0 0 2 0 1 1 0 1 0 0 1 2 1 0 2 1 1 0 0 1 0 1 1 2 2 2 0 0 2 1 1 2 1 1 0 2 2 1 1 1 2 2 0 1 0 0 0 0 0 0 1 1 1 0 1 2 0 2 2 0 0 1 0 1 2
1 1 2 2 2 0 1 0 0 0 0 1 1 1 2 1 1 1 1 1 1 0 2 0 0 2 1 1 0 0 1 1 0 0 0 2 0 0 0 2 0 2 1 1 0 1 1 1 0 2 0 1 0 2 2 0 0 0 2 0 2 0 2 2 2 0 2 2 0 0 2 2 2 1 0 2 0 1 2 0 1 2 2 1 2 1 2 0 0 1 1 2 0 1 1 2 1 1 2 0 1 2 2 1 0 0 1 1 2 1 1 0 1 0 0 0 0 2 1 0 2 0 2 2 2 1 2 0 2 1 1 2 1 1
0 0 2 2 1 2 0 1 0 1 2 0 0 2 1 2 2 1 2 2 1 1 1 0 2 2 2 2 1 2 1 2 2 0 2 1 0 0 0 1 0 0 2 0 0 1 0 1 2 0 0 0 2 0 1 2 2 1 1 1 0 0 0 0 1 0 2 0 2 0 2 2 1 1 0 2 1 0 0 1 1 2 2 0 2 0 2 2 2 2 0 2 0 1 0 2 0 0 2 2 1 1 2 0 1 0 2 0 1 1 1 2 0 0 2 0 2 2 2 1 2 0 2 0 2 2 0 0 0 0 2 2 2 2
2 1 2 2 1 0 0 0 2 1 2 2 1 1 0 1 0 2 2 2 0 2 0 1 0 1 1 0 1 1 0 0 0 0 0 2 1 0 0 1 2 2 2 1 0 2 0 1 2 2 2 0 0 2 2 0 1 1 0 2 0 1 0 1 2 0 0 0 2 0 2 2 2 1 1 0 1 1 0 2 2 2 0 2 2 0 2 0 2 0 0 2 2 1 0 1 2 2 2 2 2 2 2 0 2 1 1 1 0 1 0 2 1 2 2 0 2 1 2 2 0 2 1 2 1 0 1 1 2 1 1 2 0 1
0 2 2 2 1 2 1 2 0 0 1 2 1 1 2 0 0 2 0 0 2 1 0 0 0 0 1 2 0 2 0 1 2 0 1 1 2 2 1 2 0 1 2 2 2 1 2 1 0 1 2 0 2 0 0 0 0 2 0 0 1 0 2 1 0 0 0 1 1 2 0 1 0 0 1 0 2 2 2 0 0 1 0 2 1 0 1 2 0 1 1 0 0 0 2 1 1 0 2 0 0 1 1 1 1 1 2 1 0 2 1 0 1 2 0 1 0 1 1 2 1 2 2 2 0 2 0 2 2 0 0 0 1 2
1 2 0 1 1 0 1 1 0 0 0 2 1 1 0 0 0 2 0 0 1 1 0 2 1 0 0 1 1 1 1 0 1 1 2 1 0 1 2 1 2 0 0 1 1 1 2 0 1 1 1 1 2 1 0 1 0 1 0 2 2 2 2 1 1 0 2 2 2 1 0 1 1 1 1 1 0 1 2 1 2 0 0 2 0 1 1 0 2 2 0 1 2 0 0 1 0 0 0 0 0 0 2 1 2 1 0 2 0 2 2 2 0 2 2 1 1 1 1 0 1 1 0 0 2 1 1 0 1 1 1 1 2 1
1 2 0 1 2 1 2 1 1 0 2 1 1 0 0 0 1 1 2 2 2 1 0 1 1 0 2 0 2 0 2 1 0 0 0 2 1 0 1 2 0 1 1 1 2 0 1 0 2 0 0 2 1 1 0 1 2 1 2 2 1 2 0 2 2 1 1 1 1 0 2 1 1 1 0 0 1 2 2 1 2 0 0 2 1 1 1 1 2 0 0 1 0 1 0 0 0 0 0 2 0 2 2 2 1 2 0 0 2 2 2 2 2 0 2 2 1 0 0 2 2 1 1 0 2 0 1 0 0 1 0 0 1 2
0 0 2 2 1 2 1 0 0 2 0 2 1 1 1 1 1 0 0 0 1 2 0 2 1 0 2 1 1 0 1 0 1 0 2 2 1 1 0 1 0 0 0 1 0 2 2 1 0 0 2 1 1 2 1 2 0 0 1 2 1 2 2 0 0 2 0 1 0 1 2 1 2 1 2 0 1 0 0 2 0 2 0 1 2 2 1 0 2 2 2 2 1 2 0 0 1 0 2 0 2 0 1 0 1 1 0 0 2 1 2 0 1 0 2 1 2 1 1 0 0 2 2 0 2 2 1 2 0 0 2 0 0 1
1 2 2 2 0 0 1 2 0 0 2 0 2 0 2 1 0 0 0 0 1 0 2 2 2 2 2 2 0 1 0 2 0 0 2 0 0 1 1 1 1 0 0 1 1 2 2 1 0 1 1 2 1 1 1 1 2 2 1 0 1 1 0 1 2 2 0 1 0 1 0 2 2 0 0 1 1 2 2 1 1 2 1 2 0 0 1 0 0 0 1 1 1 1 1 2 1 1 1 2 2 1 1 1 0 2 0 1 2 1 2 1 0 1 1 1 0 1 2 0 1 1 0 1 2 1 0 1 2 1 0 2 0 2
1 0 1 2 1 0 0 2 1 1 1 1 0 1 2 0 2 0 1 0 1 1 1 2 2 1 1 2 0 2 1 2 2 0 1 2 1 2 1 0 1 2 1 2 2 0 2 1 2 2 1 0 0 0 0 0 1 1 0 2 1 0 1 1 0 0 1 2 0 2 1 2 2 2 2 1 1 1 0 0 0 2 1 2 2 2 0 0 2 0 2 0 1 1 2 2 2 0 2 0 0 0 0 0 0 2 2 2 1 0 0 2 2 2 2 0 2 2 1 2 1 1 2 2 0 0 2 0 1 2 1 2 2 2
0 0 1 2 0 0 2 0 1 0 1 0 0 0 1 1 0 2 0 0 2 1 0 0 2 2 2 1 2 2 1 2 1 2 1 1 0 2 0 1 2 2 2 0 0 0 2 0 0 1 0 1 0 2 1 1 1 1 0 1 1 1 0 2 0 2 2 1 1 0 0 1 0 1 2 0 1 0 0 0 1 0 1 2 2 0 0 1 1 0 0 0 2 0 1 0 0 1 2 2 2 1 2 2 2 1 2 0 1 2 1 0 0 0 0 1 0 0 0 2 2 1 0 1 2 2 2 0 0 2 0 2 0 2
2 0 1 1 1 1 1 0 1 2 0 1 0 2 0 2 2 2 0 0 1 0 2 1 1 0 1 2 0 2 2 2 2 0 0 0 1 2 1 1 2 0 2 0 2 0 2 2 0 0 0 2 1 2 1 0 1 2 0 1 2 2 1 2 0 2 0 0 2 2 1 2 0 1 2 0 2 0 2 2 0 2 2 2 0 0 0 1 0 0 2 0 2 1 2 1 1 0 1 1 0 0 0 1 1 2 1 1 2 0 1 1 1 1 1 2 2 2 1 2 2 1 0 2 0 0 0 2 1 2 0 2 2 0
0 1 0 1 0 1 0 2 2 2 0 0 1 0 2 0 1 0 1 2 2 2 2 0 1 1 0 1 1 2 1 2 1 2 1 2 1 1 2 0 1 0 1 0 1 2 0 2 2 0 1 2 2 2 2 1 1 0 2 2 2 2 2 1 2 1 1 0 0 0 0 2 1 2 2 1 2 0 0 1 0 0 0 0 0 0 1 1 0 1 1 0 0 1 0 0 0 1 0 0 2 1 2 2 0 0 0 0 1 1 2 2 2 1 2 2 1 1 1 0 0 1 1 1 2 1 1 0 2 1 0 0 2 1
2 0 1 2 1 2 1 1 1 1 0 0 0 1 2 0 2 2 1 1 0 1 2 2 1 0 0 1 1 0 0 0 2 1 0 0 0 1 2 2 2 2 0 1 2 2 1 2 0 0 0 1 1 1 1 0 1 1 2 2 0 0 0 2 1 1 0 0 2 1 2 0 1 0 2 0 1 1 0 1 1 1 2 0 2 0 0 1 0 2 1 0 0 1 0 2 2 0 2 0 2 2 1 1 0 1 1 1 2 2 0 1 1 2 1 1 0 2 0 1 2 1 1 0 1 2 0 0 0 0 1 0 2 0
1 0 1 2 1 0 0 1 2 2 2 0 0 0 0 0 1 1 0 0 1 1 2 1 2 2 2 2 2 1 2 1 2 1 2 1 1 2 1 1 1 1 2 2 1 1 1 2 2 1 2 1 0 2 0 2 2 2 1 0 0 1 1 0 2 0 0 1 0 2 0 2 0 1 2 1 2 0 1 2 1 1 0 1 0 0 1 0 2 1 0 0 2 0 2 2 0 0 1 2 2 0 1 2 1 0 1 1 1 2 0 0 1 1 2 2 1 1 2 1 0 1 2 2 1 1 2 2 1 1 1 1 1 1
1 2 2 2 0 1 2 1 1 0 2 2 2 0 1 0 2 1 1 2 1 0 1 0 2 0 1 2 1 0 0 0 0 2 0 1 0 0 2 0 1 0 0 2 1 1 2 1 2 1 0 0 1 1 1 0 2 2 2 2 0 0 0 1 0 0 0 1 1 0 2 0 0 2 0 2 0 2 1 2 0 1 0 1 0 1 2 0 1 0 0 2 0 0 1 0 1 1 2 0 2 1 1 0 2 1 0 2 1 1 2 2 0 2 1 1 2 0 2 0 0 0 0 1 0 2 2 1 0 2 2 0 2 1
2 1 0 2 0 2 2 0 1 2 1 2 1 0 1 0 1 1 0 1 0 1 1 1 1 2 0 1 0 2 0 0 0 1 1 2 1 0 2 0 2 1 1 1 1 2 2 2 1 1 2 2 2 0 1 0 0 1 2 2 1 0 2 2 2 0 1 0 0 2 1 1 0 0 0 0 2 2 0 0 0 2 0 1 1 1 1 2 1 1 1 0 2 2 2 2 0 2 0 2 2 2 0 0 2 0 0 1 0 1 0 2 1 1 0 2 0 2 2 1 2 1 2 1 1 1 1 2 1 0 1 1 2 1
2 0 2 2 2 0 0 2 2 2 1 2 2 2 0 2 1 2 1 0 1 2 2 0 2 2 1 0 0 0 2 2 0 2 2 0 0 2 0 2 2 2 0 2 1 0 1 0 2 0 0 1 0 0 2 0 0 0 1 0 1 0 0 2 1 2 0 1 2 2 1 0 1 1 2 1 2 0 1 2 2 2 1 0 0 0 0 0 1 1 1 0 0 1 0 1 1 2 2 2 1 1 2 2 0 1 1 0 2 0 0 1 0 1 1 1 2 2 2 1 1 0 1 1 0 2 0 1 1 2 0 0 1 2
0 2 1 2 0 2 2 0 0 0 2 0 1 2 0 0 1 1 1 0 1 1 0 1 0 2 2 1 2 1 1 2 1 0 1 1 2 1 2 0 1 2 1 0 2 1 1 1 0 0 2 1 1 2 1 2 1 0 1 1 2 0 0 0 0 0 1 0 2 1 1 2 2 0 0 1 1 2 0 2 2 2 2 1 2 0 1 0 1 2 2 0 2 1 1 2 2 0 0 1 0 1 1 2 1 2 1 0 1 2 1 1 2 0 2 2 0 0 0 1 2 0 2 1 1 0 2 0 0 0 2 0 2 1
0 1 1 2 0 2 2 1 0 1 2 0 0 2 1 2 1 1 2 1 1 1 1 0 1 2 0 1 1 0 2 1 0 0 0 1 0 2 0 1 2 2 2 0 2 1 2 0 2 1 1 0 2 0 1 1 2 0 0 0 0 0 0 1 2 1 0 0 2 0 0 1 0 0 1 2 1 1 0 0 0 1 2 1 2 0 2 2 0 0 0 2 2 1 1 1 0 2 1 2 0 2 0 1 2 2 1 0 1 2 2 2 1 1 0 1 2 0 1 1 2 2 1 1 1 2 0 1 2 1 1 0 2 2
