3 135 19
498807968 794102666 239729447 343645023 260168679 116056848 1101045140 1082334057 613909176 135437980 219101387 882438715 958698625 45985613 672084225 29868697 587818234 176339887 347237284 696431820 334135502 887164040 80310697 26009830 478939479 104804510 759396 600387702 928064862 877279716 483286600 593225691 964884 1087720904 471271945 351343148 1138441808 406490331 704766757 933583979 779698092 639500033 236470363 645968051 25666798 998091722 76900126 603972439 72062567 771167214 451795165 768626484 540661763 249344771 417353020 1120550335 99742274 5203073 533075330 1096285285 1082830310 148074258 1093101297 288005425 53578389 250593282 1070615255 23022784 362817712 756251557 438125383 887936237 784712835 740075712 657804380 783034254 835872525 880946252 332655298 458215837 885058194 490404261 927035384 776132455 498208807 1103124393 681048132 39487535 1142609484 756970947 108165562 144963174 107661221 450692459 801138637 477575982 854917710 886134710 879778613 628256701 742409611 542050228 485480686 837565860 969163591 617676590 373284708 725476023 917023895 303202438 156557393 1041437708 539905358 1122682530 673800395 352533287 577228460 642898551 870131138 226401459 1058523759 1088064506 801573345 716825093 1004710614 250723863 383574330 764534379 403252115 61877200 776762503 1109636350 77174025 198980694 143822008
0 1 1 2 1 2 1 1 1 2 1 0 2 0 2 1 0 2 1 1 1 0 0 0 0 0 2 0 1 1 0 0 2 2 0 2 1 2 1 1 2 0 2 2 1 2 0 2 2 2 1 0 2 2 2 0 0 1 1 1 1 2 2 1 1 0 1 0 0 0 2 2 1 2 2 2 2 0 2 1 0 1 2 1 0 2 1 1 0 2 1 2 1 0 1 0 0 2 2 1 0 1 1 1 1 1 1 1 2 1 1 2 0 1 0 1 0 2 0 0 2 1 0 2 1 2 2 0 1 2 1 0 1 0 1
0 2 0 2 1 1 0 0 2 1 1 1 2 1 1 2 0 2 0 0 0 0 0 1 0 0 1 0 1 2 1 0 1 0 2 2 2 0 0 2 2 1 0 1 0 1 1 1 1 0 2 2 0 0 1 0 1 0 1 0 2 1 0 0 1 2 0 0 0 0 2 2 0 0 0 0 2 2 2 0 0 2 0 0 2 2 2 0 2 0 1 2 1 1 2 0 2 0 1 2 0 1 2 0 0 0 2 2 0 1 1 0 0 1 2 1 1 1 1 1 2 0 0 2 0 0 2 0 0 0 2 1 0 2 2
0 1 1 0 1 0 1 0 2 0 2 0 1 1 2 0 1 1 0 0 1 0 0 1 1 1 1 0 2 2 0 2 0 2 0 2 2 1 0 1 0 0 2 1 1 0 0 0 1 0 0 0 2 1 1 1 0 0 1 2 2 1 0 0 0 1 0 1 0 0 0 0 1 0 0 0 1 0 0 2 1 2 2 0 1 1 2 1 1 1 2 2 0 0 2 1 1 2 0 2 1 1 0 2 2 0 0 0 1 2 0 2 1 2 0 0 1 0 0 2 1 2 2 2 0 2 2 2 2 0 1 0 1 2 0
1 0 1 2 1 0 0 1 2 2 2 2 1 0 2 1 2 2 1 2 2 0 2 2 0 2 1 0 2 0 1 1 2 0 1 0 0 1 2 2 2 2 2 0 2 2 2 2 1 1 2 2 2 1 1 2 0 0 1 2 2 0 1 1 0 0 2 0 2 2 0 2 1 2 0 2 2 0 1 2 2 0 1 2 2 0 1 2 2 2 0 1 2 2 2 0 2 1 0 1 1 1 2 0 2 2 2 2 0 1 1 0 2 0 2 1 2 1 1 1 2 1 2 2 0 2 0 0 1 0 0 0 0 2 1
0 1 1 2 2 2 1 2 1 2 1 0 1 1 1 2 0 0 1 2 1 1 2 2 0 1 2 0 2 1 1 2 0 2 1 2 2 2 0 1 2 2 1 1 0 2 1 0 0 0 1 2 2 0 1 2 2 1 2 1 0 1 0 1 1 2 1 0 2 1 1 2 1 0 1 2 0 2 1 1 0 2 0 2 0 2 1 0 1 1 2 1 2 0 0 0 0 1 1 2 0 0 0 2 0 2 2 1 1 0 2 2 0 0 2 1 0 0 2 1 2 1 0 2 1 1 1 1 2 2 2 0 0 0 0
0 2 0 1 1 1 1 0 2 2 2 0 2 1 2 1 1 0 2 0 0 0 2 2 0 2 2 1 2 2 2 0 1 2 0 0 1 1 1 0 2 1 1 1 2 0 1 0 2 0 2 0 2 1 2 2 1 0 1 0 2 0 2 2 0 2 2 2 1 1 2 0 0 1 0 0 2 1 1 2 2 1 0 1 0 1 1 2 1 0 0 1 1 2 1 2 1 1 2 0 0 2 1 0 1 1 2 2 2 0 1 2 2 2 1 0 0 0 2 2 1 1 0 2 0 2 1 0 1 1 1 2 1 2 0
2 1 2 1 0 0 1 0 0 1 2 0 2 0 1 1 1 2 1 0 0 1 0 0 2 1 1 2 2 1 0 0 0 0 2 0 1 0 2 2 1 2 0 0 2 1 1 1 1 1 2 2 2 2 0 0 2 0 0 2 1 1 2 1 2 2 2 1 2 2 0 2 2 1 2 1 0 2 0 2 1 0 2 1 2 0 1 1 0 2 2 2 1 1 1 1 1 1 2 2 1 0 1 0 2 1 0 0 1 1 0 2 1 0 1 2 1 0 1 1 1 0 1 2 0 2 1 1 1 1 0 0 0 2 2
2 1 0 0 0 1 0 0 0 0 1 0 1 1 1 0 2 0 2 0 0 1 2 1 1 0 0 1 0 2 0 0 1 0 0 2 0 2 2 0 0 1 1 2 0 2 0 1 2 0 1 2 2 0 2 0 1 2 0 0 1 1 0 1 2 2 0 2 1 0 0 1 1 1 1 2 1 0 0 2 0 2 2 0 0 1 2 2 0 2 2 0 0 0 1 0 0 2 0 2 0 1 2 2 0 0 1 2 1 0 2 2 2 1 0 0 0 2 0 1 2 0 2 2 0 1 0 1 0 1 1 1 0 0 0
0 2 2 0 0 2 2 0 2 1 1 2 2 0 2 1 2 2 1 2 1 0 0 0 2 2 1 0 2 2 1 0 1 1 1 2 0 0 0 2 2 1 0 2 2 0 1 1 1 0 2 2 0 2 0 2 1 1 1 1 1 2 2 0 0 0 1 1 1 1 1 1 0 1 0 2 0 2 2 1 2 1 0 1 1 1 1 0 0 2 1 2 1 1 0 2 1 1 1 1 1 0 2 1 2 0 1 0 1 1 1 1 0 2 2 2 0 2 2 1 1 1 1 1 0 2 1 2 2 0 0 0 1 0 2
1 2 1 2 0 0 0 1 0 0 2 2 1 1 2 0 0 1 1 1 2 2 0 2 1 1 1 2 2 1 1 1 1 0 0 2 0 1 1 2 2 1 2 1 0 2 2 0 1 0 0 1 2 1 0 1 2 1 0 2 1 2 0 0 0 1 0 1 0 2 1 0 0 1 1 0 1 0 1 0 2 1 1 2 2 2 1 2 2 2 1 0 2 0 0 0 1 0 2 2 2 1 2 0 0 1 1 1 2 1 1 1 2 0 0 0 2 2 2 1 2 2 2 2 2 0 0 1 1 2 1 2 1 1 0
1 2 0 0 2 1 2 0 0 2 2 1 2 2 2 1 1 2 1 1 2 2 1 0 1 1 2 0 0 0 2 2 0 2 0 0 0 0 0 1 2 0 0 2 0 0 1 2 2 2 1 1 1 0 2 2 2 1 1 0 2 1 2 2 0 0 2 1 0 1 2 0 2 0 0 2 0 1 0 0 1 1 1 2 1 1 0 1 0 2 1 2 0 1 0 1 2 0 2 0 1 1 1 2 2 1 1 0 1 1 1 2 0 0 0 0 2 0 1 0 0 0 1 0 2 1 2 1 2 1 2 1 2 0 1
2 0 2 1 1 2 2 0 2 0 0 0 0 1 1 1 1 2 2 2 2 1 1 2 0 0 1 2 0 0 0 0 0 1 1 1 0 1 2 0 2 1 1 2 2 0 1 2 1 0 2 0 2 2 0 0 2 2 0 0 0 1 1 0 0 0 2 0 2 1 1 2 0 0 2 1 1 1 0 2 2 0 0 2 2 2 0 0 2 0 0 2 2 2 2 2 0 2 0 0 1 0 2 2 0 2 0 1 0 1 1 1 1 0 1 2 2 1 2 1 2 2 0 0 2 0 0 0 0 2 0 1 2 0 0
2 2 0 2 1 1 1 0 1 2 1 0 1 0 2 0 0 2 1 0 2 1 2 2 1 1 0 1 0 1 1 0 2 0 0 0 1 2 1 2 1 2 0 1 0 0 1 0 0 0 1 0 2 0 1 2 2 2 0 0 1 2 0 0 2 2 1 2 2 2 2 0 2 0 2 2 0 2 2 1 0 1 0 0 2 1 2 1 0 0 1 1 1 0 2 0 2 0 2 1 2 2 2 2 2 2 1 0 2 1 0 2 0 0 2 0 1 0 1 1 0 1 1 1 1 0 0 0 2 2 2 2 2 1 2
1 1 0 0 0 2 0 2 0 0 0 0 2 0 2 1 1 0 2 1 1 1 1 2 0 1 2 2 1 2 2 0 1 1 0 2 1 0 2 1 1 0 2 0 0 0 2 2 0 2 1 0 0 2 0 1 1 1 2 2 0 1 0 1 2 1 1 1 0 2 0 1 2 1 0 1 1 2 1 2 1 2 0 0 2 1 1 0 2 1 1 0 0 1 2 0 0 2 2 0 1 1 0 1 2 0 0 1 2 1 0 1 1 2 2 0 0 1 2 0 2 0 1 0 2 0 2 2 2 1 0 1 2 0 1
2 1 1 1 0 0 0 2 1 2 2 0 0 1 2 1 1 2 2 2 1 0 1 1 0 0 1 2 1 2 0 1 0 2 0 1 0 0 2 1 2 1 2 2 0 1 0 1 1 0 0 0 0 2 2 1 1 1 1 2 2 1 0 2 1 0 2 1 1 1 1 0 0 0 0 0 2 1 2 1 1 1 2 2 0 1 0 2 2 2 1 2 1 0 2 0 1 2 0 0 1 1 1 2 2 2 0 2 1 2 1 0 0 0 0 2 2 0 1 2 0 1 2 2 2 2 2 0 2 0 1 0 1 0 2
2 0 0 1 1 2 2 2 0 0 2 0 2 0 1 2 1 0 2 0 2 1 0 0 0 1 1 1 0 2 1 2 2 1 1 2 0 1 1 1 2 1 1 2 2 1 2 0 1 1 1 1 0 2 2 0 1 1 2 2 1 0 2 1 1 1 0 0 1 0 2 0 1 1 0 1 0 0 1 1 2 2 0 0 1 2 1 0 1 2 0 0 2 0 1 2 2 0 0 0 1 2 1 0 1 2 1 1 0 2 1 0 2 2 1 1 2 0 2 1 2 2 2 2 1 0 2 1 1 2 2 2 1 1 2
1 0 1 0 1 0 1 2 0 1 0 2 1 0 1 0 0 2 2 0 0 0 2 1 2 2 0 2 1 2 0 2 2 1 0 1 0 2 0 0 0 0 0 2 2 2 2 0 1 1 1 2 2 0 1 2 0 2 1 1 1 2 1 0 2 2 2 0 1 0 0 0 1 1 2 1 1 2 1 0 0 2 0 2 0 1 2 0 0 2 2 2 1 1 0 1 0 0 1 0 1 0 0 2 2 2 1 1 1 2 1 0 2 1 0 0 0 0 1 1 2 0 0 0 0 0 0 0 2 2 1 0 2 1 0
2 2 1 0 1 1 2 1 0 1 2 0 1 2 2 2 2 2 0 0 2 2 0 1 1 0 2 1 0 2 1 1 1 0 2 0 1 2 2 2 1 2 0 0 2 2 0 1 2 2 1 2 2 0 1 0 1 1 2 1 0 1 0 2 1 0 0 0 0 0 2 1 2 2 1 1 2 0 0 1 2 2 1 2 2 0 2 0 2 2 0 0 0 0 1 2 1 1 2 1 2 2 0 1 2 2 0 1 0 1 0 0 0 0 2 0 0 1 1 2 1 1 1 1 2 2 1 1 1 1 0 0 0 1 1
0 0 2 2 1 0 0 2 0 0 2 1 0 1 0 1 0 1 2 2 1 2 1 0 0 2 1 0 1 2 2 1 2 1 1 1 2 2 1 0 0 1 2 1 2 0 2 2 1 2 0 1 1 1 2 2 1 0 2 2 2 1 2 2 2 1 2 2 0 1 0 0 2 0 2 2 0 0 0 2 2 0 0 2 1 0 1 0 1 2 0 1 0 0 1 1 1 1 0 1 2 1 2 2 1 2 1 1 2 1 1 0 1 2 0 0 1 1 1 2 1 2 1 2 2 0 0 0 1 1 2 1 0 2 1
2 1 2 2 2 2 0 2 1 0 2 2 2 1 1 2 0 0 1 2 0 1 0 1 0 2 1 2 0 1 0 0 0 0 2 2 0 0 1 2 1 1 2 1 0 0 1 1 1 2 1 2 0 1 0 0 1 1 0 0 0 0 1 0 0 1 1 1 1 0 1 0 2 0 1 0 1 2 1 2 2 2 1 2 1 2 0 2 1 0 0 1 0 1 2 2 2 0 1 1 1 0 2 0 0 1 1 1 2 2 1 1 1 0 2 2 0 2 2 1 1 1 0 2 2 0 2 2 1 0 0 0 0 0 1
1 0 2 0 0 1 2 1 0 0 1 2 0 1 2 2 0 0 0 2 1 1 2 0 2 0 1 0 1 0 1 0 0 0 2 0 1 1 2 1 0 1 1 0 0 1 1 0 0 1 2 1 2 2 2 2 0 1 2 2 1 0 2 2 0 1 0 2 1 1 0 1 0 2 2 1 1 0 1 1 0 1 0 0 1 2 1 2 1 1 1 1 2 1 1 0 1 2 1 2 1 1 1 1 2 0 2 0 2 1 2 0 0 2 0 2 2 1 1 0 0 0 2 0 2 1 1 0 0 2 0 2 2 2 0
1 0 0 1 2 2 1 2 2 0 1 0 0 2 1 1 0 2 1 0 2 2 0 0 0 2 0 2 2 2 0 0 2 0 2 0 0 0 0 2 1 1 2 2 2 2 1 0 2 2 2 1 2 2 1 2 2 2 2 2 2 2 2 2 0 0 2 0 1 1 0 1 0 1 0 2 0 2 1 0 2 0 1 1 2 0 1 1 2 0 0 1 2 1 1 2 2 1 0 0 0 1 2 0 0 0 1 1 2 2 1 0 2 0 1 2 0 0 0 0 0 2 2 1 1 0 0 0 2 2 1 0 1 1 1
1 2 0 2 2 0 1 2 0 1 2 2 2 2 0 0 0 0 0 1 1 1 0 2 1 2 2 1 0 1 0 2 1 1 2 0 1 1 1 2 0 0 2 0 0 0 0 0 0 1 2 0 2 2 2 0 2 2 0 0 0 1 2 1 0 2 0 2 0 1 2 0 2 1 0 2 2 1 2 1 2 2 1 1 1 1 0 0 1 0 0 2 2 0 1 2 2 1 0 0 0 0 0 2 2 1 2 0 2 1 1 1 2 2 1 0 1 1 2 0 2 0 0 1 2 1 2 2 0 2 0 0 0 1 0
2 0 2 0 0 1 1 0 0 1 1 2 0 2 2 1 2 0 1 0 2 0 2 2 0 2 0 1 2 1 1 0 2 1 0 1 0 0 1 1 1 2 0 2 2 0 1 2 1 0 2 0 1 0 0 2 2 0 1 0 0 0 1 0 0 2 1 0 2 2 2 2 2 1 1 2 1 0 1 2 1 2 1 2 2 1 1 2 0 0 2 1 1 1 1 1 1 1 2 0 1 1 0 2 0 2 1 2 0 1 1 1 1 2 1 0 2 0 2 0 1 0 1 2 1 0 1 2 1 1 1 0 1 1 2
1 1 1 0 0 0 0 1 1 0 1 2 0 1 2 0 0 0 1 1 1 2 2 2 1 2 0 2 0 2 2 2 2 1 0 2 2 1 1 2 2 2 1 0 1 1 0 2 1 0 0 1 0 0 0 1 2 1 1 0 1 1 0 1 2 1 1 0 2 0 2 1 0 1 1 0 1 0 0 0 0 1 1 0 2 2 2 2 1 1 0 0 0 0 2 0 1 1 0 1 2 0 1 2 0 0 0 1 0 1 1 1 2 1 1 2 0 2 2 0 0 2 0 0 1 0 1 2 1 2 2 0 1 0 1
1 0 2 0 2 1 2 0 0 0 0 0 2 2 2 2 2 0 0 1 1 0 0 1 0 2 0 0 1 1 2 0 0 2 0 2 0 0 2 1 1 2 2 0 1 2 0 2 2 1 0 1 0 0 0 0 0 1 1 0 1 1 0 1 1 2 0 1 2 2 0 1 0 2 0 2 2 0 1 2 0 1 1 0 2 2 1 0 1 2 0 2 1 1 0 2 0 1 1 0 1 2 2 2 1 2 1 1 0 0 2 1 2 1 1 2 0 2 2 2 0 0 2 1 1 0 1 0 2 2 0 1 1 2 0
1 2 2 0 0 2 2 1 2 0 1 1 1 1 1 1 1 2 1 1 1 1 0 1 1 2 2 2 2 2 0 1 2 0 2 0 0 2 2 0 0 0 2 0 0 1 1 2 0 0 0 2 2 0 1 1 1 0 1 1 0 0 0 0 1 2 0 1 2 2 2 1 1 2 1 2 1 0 1 1 0 0 1 0 0 0 1 2 1 1 1 2 1 2 2 0 2 0 1 2 0 1 0 2 1 2 1 0 2 2 1 0 2 1 1 1 2 0 1 0 2 1 0 1 0 0 1 0 1 1 0 1 0 1 1
2 2 2 2 1 2 2 0 0 0 2 2 2 0 0 2 0 2 0 2 0 1 1 1 2 0 2 1 0 1 0 0 1 0 2 0 2 1 0 2 1 0 2 1 1 1 2 2 0 2 2 0 1 0 0 1 0 2 0 2 1 0 2 2 0 1 0 1 1 0 1 0 2 1 2 1 2 1 0 2 1 2 1 1 1 1 2 2 0 0 1 2 1 1 1 2 1 2 1 2 1 2 2 0 0 2 1 2 1 2 0 0 2 2 2 0 0 1 1 1 2 0 1 2 2 1 2 0 0 0 0 1 2 2 1
1 0 0 1 1 2 1 2 2 1 1 0 2 1 2 1 1 0 0 1 0 1 0 0 0 0 0 1 1 0 1 2 1 1 1 0 2 0 0 1 2 2 2 2 1 2 1 0 2 1 2 2 1 2 0 1 1 1 2 0 2 1 0 1 0 1 2 2 2 2 1 2 2 1 1 0 0 0 2 0 1 1 0 2 1 1 0 0 2 1 0 0 2 1 1 2 0 0 2 0 2 1 2 0 0 1 0 1 2 2 2 1 1 0 0 1 2 2 1 2 0 0 2 0 1 0 0 2 1 0 1 2 0 1 2
0 0 0 1 2 1 1 1 2 2 0 0 2 2 0 1 0 0 1 0 2 2 1 0 1 0 1 1 0 2 0 1 0 0 0 1 2 0 2 2 2 0 0 2 2 0 0 0 1 1 2 2 2 0 2 0 1 0 2 1 2 2 0 1 0 1 2 0 1 2 0 1 0 0 1 0 2 1 1 1 1 1 0 0 2 2 1 1 0 0 0 1 0 1 2 1 0 2 1 2 1 1 1 1 0 2 2 0 0 1 1 2 2 2 2 1 2 1 0 0 1 1 1 2 0 1 1 0 0 0 0 1 0 1 1
0 0 0 1 1 2 2 1 1 2 1 0 2 0 1 0 2 0 2 2 0 0 1 1 1 1 1 2 1 0 0 2 0 1 0 2 1 1 0 2 0 2 1 0 0 0 0 2 0 2 2 0 0 0 2 1 2 0 2 0 0 0 0 1 0 1 0 1 2 2 2 0 2 1 1 2 1 2 1 1 2 2 2 1 2 1 0 1 2 0 0 0 1 1 2 2 0 2 1 0 2 0 1 1 1 2 0 2 2 0 1 2 2 1 1 1 2 1 1 2 2 2 2 1 1 1 1 1 2 2 2 1 1 0 0
0 0 1 0 0 2 2 0 1 1 1 1 1 0 0 2 0 0 1 2 1 1 0 0 1 0 0 0 1 1 1 2 2 0 0 0 2 0 0 2 2 2 0 1 0 1 0 1 1 2 0 0 1 1 1 2 2 1 1 2 0 2 1 2 0 2 2 0 0 1 0 0 0 1 1 1 2 2 2 1 2 0 2 1 1 0 1 1 2 0 0 0 0 2 0 0 1 1 1 2 2 1 0 2 0 1 1 2 1 0 1 0 0 0 2 2 1 2 0 1 2 2 1 0 1 1 1 1 2 0 1 2 0 1 2
0 0 0 1 1 0 2 2 1 1 0 0 2 0 2 1 0 1 2 1 0 1 0 1 2 0 2 1 0 1 2 1 1 2 2 0 1 2 1 2 0 2 1 0 2 0 1 2 2 1 1 2 0 1 2 0 2 1 2 2 1 1 1 2 1 0 1 2 1 2 1 2 2 2 1 1 0 2 1 0 2 0 1 2 1 0 0 0 2 2 1 0 1 2 1 2 1 2 2 0 2 1 2 1 2 0 0 2 1 1 1 0 2 2 0 1 2 0 2 2 2 1 0 1 1 1 1 0 1 0 0 0 2 2 2
2 1 2 2 2 1 0 2 1 2 2 2 2 0 2 2 0 1 0 2 0 1 0 0 0 2 0 1 2 0 0 1 1 2 0 1 0 1 0 1 1 0 1 2 1 2 1 2 1 2 1 1 1 2 1 1 1 2 2 1 0 2 2 2 2 1 0 2 0 2 2 2 0 1 1 2 1 0 1 2 2 0 0 0 2 2 2 2 1 1 0 0 1 1 2 0 2 0 1 2 0 1 1 1 2 1 1 1 1 0 0 2 0 2 2 0 1 2 2 1 1 1 1 0 2 1 0 2 2 2 2 0 0 1 2
1 2 1 0 2 1 1 1 2 0 0 2 0 0 0 2 0 2 1 0 2 0 1 1 2 2 1 0 2 2 0 1 2 1 1 1 0 1 0 2 1 1 0 2 2 1 2 0 0 0 0 2 0 2 1 0 1 2 1 2 1 2 0 1 0 2 0 2 0 0 1 2 2 2 0 2 0 2 2 0 1 0 2 1 2 0 2 1 0 1 0 2 1 0 1 2 0 2 1 1 0 0 2 2 2 2 2 0 2 1 1 0 1 1 2 1 2 2 0 1 1 1 1 2 2 2 2 0 2 1 2 0 1 1 0
2 1 0 0 1 2 1 2 2 0 2 1 1 2 1 2 1 2 0 1 2 0 1 0 0 2 0 1 2 2 2 2 2 0 2 0 0 1 0 2 0 0 0 1 2 2 1 0 2 2 2 1 2 1 2 0 1 0 1 0 2 1 0 2 1 2 0 2 1 1 2 1 1 2 0 0 2 1 1 1 1 2 0 1 0 0 1 1 0 1 2 0 0 2 0 2 2 0 2 1 1 1 0 0 2 1 1 1 0 0 0 2 0 1 1 0 2 2 0 2 1 2 0 1 0 1 2 0 2 1 1 1 0 0 0
0 1 1 0 2 2 0 1 2 2 2 0 1 0 0 1 2 0 2 2 1 1 1 2 1 0 1 0 0 1 0 2 0 2 2 0 1 0 2 2 2 0 2 1 0 0 0 0 1 0 2 0 1 0 0 0 0 1 2 2 1 2 1 1 2 0 2 2 0 2 1 0 0 0 2 1 1 0 1 2 1 1 0 1 1 1 1 0 1 0 2 2 1 1 1 0 1 2 2 2 1 1 0 2 2 0 0 0 1 1 1 2 2 2 0 2 1 0 2 2 1 2 2 2 0 1 1 2 0 1 2 2 0 2 1
2 0 1 1 2 0 2 1 0 1 0 0 0 1 2 0 2 2 0 2 2 2 1 2 0 2 1 0 0 1 1 0 1 1 1 1 2 1 0 2 0 1 1 1 2 1 2 2 1 0 2 1 0 0 1 0 1 2 0 1 1 0 2 0 1 1 2 1 2 0 1 1 1 2 0 1 1 2 0 2 0 1 0 1 1 1 2 2 2 0 2 0 1 2 0 0 1 2 1 1 0 0 2 2 2 2 0 0 0 2 0 1 0 1 0 2 0 2 0 0 0 2 0 2 1 2 2 0 2 1 2 0 2 2 2
1 2 1 0 0 1 0 1 1 2 2 1 1 2 1 1 0 0 0 2 0 0 2 0 2 1 0 0 0 0 1 0 0 2 1 0 0 1 2 2 2 2 0 1 1 2 2 2 0 0 2 1 0 2 2 1 1 0 1 0 0 0 1 1 2 2 2 0 1 2 0 1 2 2 2 1 2 0 1 2 0 0 2 2 0 2 0 0 2 2 0 0 0 1 2 0 1 2 2 0 2 2 2 1 2 1 0 1 1 1 2 2 0 1 2 1 0 2 1 2 1 1 0 2 0 0 0 2 2 2 0 1 2 2 0
2 0 0 0 0 0 2 0 0 1 2 1 1 1 1 2 0 2 2 1 1 0 1 1 0 1 1 2 0 1 2 0 2 1 2 2 1 2 0 2 1 2 1 2 1 2 2 2 0 2 0 2 0 1 0 1 0 2 0 2 0 1 2 0 2 1 0 1 1 0 1 0 0 2 0 1 2 0 1 0 2 2 2 0 2 2 1 2 2 2 1 1 1 2 2 1 1 1 0 2 2 1 0 0 0 1 2 0 1 1 0 1 1 0 1 0 1 0 2 0 0 2 2 2 1 2 0 2 1 0 0 0 1 0 0
2 1 0 1 0 1 2 1 2 0 0 2 1 1 0 2 2 2 2 1 0 2 1 0 0 2 0 0 1 2 2 1 1 0 2 2 1 2 1 2 0 1 2 1 0 2 1 2 2 1 1 0 1 0 1 2 2 2 1 1 1 0 0 1 0 2 0 2 2 1 1 2 1 1 1 2 1 1 0 1 2 1 1 1 2 2 0 2 0 1 2 2 2 2 0 2 2 0 2 2 0 1 2 1 0 2 1 2 0 1 0 0 0 2 1 0 0 0 2 0 2 1 2 2 1 0 2 1 1 2 1 1 1 1 0
1 1 2 0 1 0 1 2 1 1 1 1 1 2 2 2 2 1 1 2 1 2 1 0 1 1 1 0 0 0 1 1 2 1 0 1 2 1 1 1 0 1 0 2 0 2 1 0 2 1 2 0 0 2 0 1 1 2 2 1 0 1 2 2 2 2 2 1 2 0 0 2 1 1 2 0 1 1 0 0 2 1 1 0 1 2 1 2 1 1 0 0 2 0 0 2 1 2 2 0 1 2 0 0 1 2 0 0 1 2 1 1 1 1 1 2 0 1 1 0 2 2 0 0 0 0 0 1 1 2 2 2 0 0 0
1 0 1 1 2 1 1 1 2 2 0 1 2 1 0 0 1 2 1 2 2 2 2 2 1 0 2 0 0 0 0 1 1 2 1 1 0 2 0 0 2 1 1 2 2 1 0 1 1 1 1 2 1 1 1 2 2 0 0 2 1 2 0 0 2 2 2 1 1 1 1 1 2 1 1 2 2 2 2 2 0 1 1 0 2 2 0 1 0 2 1 2 2 0 0 1 2 1 2 2 2 2 0 2 0 1 2 0 0 1 2 2 0 0 0 0 0 0 0 1 0 2 1 2 2 0 1 2 1 1 1 0 1 1 2
1 1 2 2 2 1 1 2 2 0 2 0 0 1 1 2 1 1 2 1 0 2 0 0 0 2 1 1 1 1 0 2 0 2 2 2 1 2 2 1 2 2 0 0 0 2 0 0 0 2 2 2 1 0 2 2 2 2 0 0 1 1 1 1 1 1 0 1 1 0 0 0 0 0 1 1 0 2 2 1 2 1 0 1 1 1 0 2 1 1 0 2 2 2 0 1 1 0 2 2 2 0 1 0 1 0 1 1 2 1 0 2 0 1 0 0 0 1 2 1 2 2 0 2 2 0 0 1 2 1 0 2 1 2 2
0 2 0 2 2 2 0 1 1 2 2 1 0 0 1 2 2 0 0 2 0 1 0 1 1 1 0 0 0 2 2 0 0 1 0 0 1 0 0 0 0 2 1 1 1 2 0 1 1 1 1 1 1 1 1 2 0 2 1 1 1 1 1 2 0 2 0 0 0 0 0 1 0 0 0 1 0 1 1 1 0 2 1 1 0 0 2 1 2 0 2 1 2 1 1 1 1 2 1 2 0 1 1 0 2 0 0 0 1 1 2 2 1 1 1 1 1 0 0 1 1 2 0 1 1 2 2 0 1 0 0 1 0 2 2
0 2 0 0 0 2 1 0 0 2 2 2 2 0 2 0 2 2 1 0 1 0 0 1 1 1 2 0 2 1 0 0 1 1 1 1 1 2 2 1 0 2 1 2 2 0 0 1 1 2 0 2 0 0 1 2 2 0 0 2 1 1 2 2 0 1 2 1 1 2 2 2 2 0 2 2 2 2 2 0 2 2 0 0 2 1 0 2 2 1 1 0 0 1 0 0 0 0 1 2 2 1 1 2 0 1 2 2 0 1 0 1 0 1 2 0 0 0 2 2 1 2 0 1 0 0 1 1 1 0 1 1 2 0 0
2 1 0 2 0 1 0 1 2 1 1 0 1 1 0 1 2 0 1 2 1 0 1 0 1 2 2 0 2 0 1 1 1 2 1 1 2 1 0 1 2 1 2 1 0 0 2 0 1 0 0 2 0 1 0 2 1 0 2 1 0 1 2 2 1 0 2 1 2 0 2 1 2 2 2 2 0 2 0 1 0 1 2 0 1 2 0 0 2 1 2 0 2 1 1 1 0 0 2 0 0 0 2 0 0 2 1 2 2 2 0 0 1 0 1 0 0 2 0 0 0 2 1 0 2 2 0 0 0 0 0 1 1 0 2
2 0 1 1 0 0 2 0 2 0 2 2 1 1 1 1 2 0 0 1 2 0 1 0 0 2 1 2 1 1 2 0 2 0 2 2 1 1 0 2 1 0 2 0 2 0 2 2 2 2 0 2 1 2 0 1 1 1 1 2 0 1 0 0 1 2 0 1 1 1 0 0 2 0 1 2 1 0 1 0 0 2 2 1 1 0 1 1 1 0 0 2 2 1 2 1 0 0 2 2 1 0 0 1 1 2 1 0 0 0 1 0 0 1 0 2 2 2 0 0 2 2 0 2 0 0 1 1 1 1 1 0 0 2 0
1 1 1 2 1 2 0 2 0 1 0 1 0 2 1 2 0 1 2 2 2 1 1 1 2 0 0 0 0 0 0 2 1 1 1 0 2 2 2 2 0 0 0 2 0 0 1 1 1 1 1 1 0 0 0 0 0 0 1 1 0 1 1 2 1 0 2 0 2 2 0 1 0 2 1 1 2 0 0 1 2 2 2 0 0 2 0 1 0 1 0 1 1 2 0 2 0 0 0 0 0 1 1 0 0 2 2 2 0 0 2 0 2 1 0 0 2 1 2 0 1 0 0 2 2 0 2 2 2 0 0 0 1 2 0
2 0 1 2 0 2 1 0 2 1 1 0 1 0 0 1 2 0 1 1 2 0 1 0 0 1 1 0 0 1 0 0 1 2 0 0 1 2 1 2 1 0 0 2 1 0 1 0 1 0 2 0 1 1 1 1 0 0 1 0 2 0 1 0 2 2 0 2 2 2 2 1 0 2 0 2 0 2 2 1 1 2 2 2 0 1 1 0 1 0 1 0 0 2 2 1 2 0 1 2 2 1 0 0 0 1 2 0 2 2 1 0 2 0 2 0 2 1 0 2 2 0 0 0 0 2 2 0 0 0 0 0 1 1 2
2 2 1 0 1 2 2 1 1 1 2 2 0 1 0 0 0 0 1 2 1 0 1 2 1 2 2 0 1 0 2 2 0 1 2 2 0 2 1 2 0 1 1 1 0 1 2 0 0 0 0 2 1 2 1 1 2 1 1 0 1 1 0 1 2 0 1 0 0 1 2 0 2 1 2 2 0 1 1 0 2 1 2 1 0 1 2 0 2 1 2 0 2 2 0 1 2 2 2 2 0 1 0 1 0 0 1 1 2 2 2 2 2 2 0 0 0 0 1 1 2 0 2 1 0 2 0 0 0 0 0 1 2 2 2
1 0 1 2 2 1 1 1 0 1 2 2 0 0 1 1 2 1 0 0 1 1 2 2 1 0 1 2 0 1 0 1 1 2 0 0 0 0 0 2 1 2 1 2 0 2 0 2 1 2 1 0 0 1 1 2 1 2 2 2 0 0 1 2 2 2 2 0 0 2 0 2 0 2 1 1 2 0 0 0 2 2 1 0 0 2 2 2 2 2 0 0 0 2 2 2 1 0 0 2 0 0 2 0 0 1 1 2 2 0 0 2 0 0 2 2 0 2 2 0 2 2 1 0 1 2 2 1 2 1 1 0 2 1 2
0 2 1 0 0 1 1 2 0 2 2 2 2 2 1 2 2 2 2 2 0 1 0 1 1 2 2 1 1 1 0 2 1 0 0 2 2 2 1 2 1 1 1 0 1 1 1 1 0 1 2 0 2 2 0 1 1 0 0 0 2 2 1 1 2 1 0 1 1 2 1 0 1 0 1 0 1 0 1 1 1 0 0 1 0 1 2 2 2 0 0 1 2 2 0 1 0 1 2 2 1 1 0 2 2 1 2 1 2 1 0 0 2 1 0 0 0 2 0 2 2 1 2 2 0 2 1 1 2 1 1 0 0 1 2
2 2 2 1 2 1 2 1 1 1 1 2 1 1 2 0 2 1 0 1 1 1 0 2 0 2 1 0 2 2 0 0 2 0 1 2 1 1 1 0 2 0 0 1 1 0 2 0 1 0 2 2 2 0 2 2 2 1 0 2 0 1 2 2 2 1 2 0 0 0 1 0 0 2 1 2 2 1 0 0 2 0 0 1 0 0 1 0 1 2 0 2 0 0 2 2 0 1 0 0 0 0 1 1 2 0 1 0 2 2 0 1 2 2 0 0 0 2 1 0 1 2 2 1 0 1 1 1 1 2 1 2 0 0 0
0 2 2 0 1 2 2 1 1 1 1 2 2 1 1 2 0 0 2 2 1 1 1 2 0 1 2 2 1 0 1 2 0 1 0 2 0 2 0 2 1 2 2 1 1 1 0 2 2 0 2 1 0 0 1 0 2 1 1 1 0 0 1 0 1 2 2 2 1 0 1 0 1 1 2 0 2 2 0 2 1 0 1 1 1 2 2 1 2 0 0 2 1 2 2 0 2 0 2 1 1 2 1 2 0 0 1 1 1 1 1 0 2 2 1 1 2 0 0 1 2 0 1 1 0 1 2 2 2 1 1 0 1 0 1
2 2 2 1 1 1 2 1 0 1 0 2 1 1 2 0 1 1 2 0 1 0 2 2 0 1 1 1 0 2 0 0 2 2 1 0 0 1 2 2 0 0 1 1 2 2 1 0 0 1 1 2 2 0 2 1 0 0 2 0 1 0 1 0 2 0 2 0 1 2 0 1 0 2 2 2 1 2 0 2 1 2 1 1 0 1 2 0 2 2 1 1 2 2 0 2 0 2 0 1 2 0 0 2 0 0 2 2 0 1 1 1 1 1 0 1 0 0 0 2 2 2 2 0 0 2 2 0 1 0 2 0 2 0 1
0 0 0 0 1 1 2 2 0 0 1 2 1 1 0 1 1 2 1 1 2 0 2 1 2 0 0 2 2 1 1 1 2 0 1 1 2 1 2 0 0 0 0 1 1 0 2 2 0 0 2 1 1 2 2 0 2 0 1 0 1 2 2 1 2 0 0 2 2 2 2 2 2 2 1 0 0 1 0 0 0 0 2 1 0 1 2 0 1 0 1 1 0 0 2 0 1 2 0 0 1 0 0 1 0 1 2 1 2 1 1 2 1 2 2 2 0 1 0 0 2 2 1 2 0 0 0 1 0 0 2 2 1 0 1
1 2 1 0 0 2 2 0 1 1 2 1 2 0 2 2 0 1 0 0 2 1 0 0 2 2 0 2 1 1 1 1 1 0 1 1 2 1 2 1 0 1 0 0 0 2 2 0 1 1 1 0 0 2 1 0 2 2 2 0 1 2 1 2 2 1 1 2 2 1 1 0 2 2 0 0 2 0 2 1 2 0 2 2 0 1 2 2 0 0 1 2 2 0 0 1 1 2 1 2 0 0 2 0 0 0 1 0 1 0 1 1 0 0 0 2 0 1 1 0 1 0 1 0 2 1 2 1 0 0 0 1 1 2 1
1 0 0 1 2 1 0 0 2 2 1 2 2 2 0 0 0 2 1 1 1 0 0 0 0 2 1 2 0 1 1 2 2 2 1 1 1 1 1 1 0 0 0 2 0 1 0 1 0 2 0 2 0 1 0 1 0 1 1 1 2 0 0 2 2 1 0 1 0 2 2 1 0 2 1 0 1 2 2 2 1 0 2 2 2 0 1 0 2 0 2 2 0 2 2 0 2 2 2 2 0 2 1 0 2 2 1 1 2 0 0 2 1 0 1 1 0 0 1 2 0 1 2 1 2 1 0 1 1 0 1 1 2 2 2
1 0 0 2 2 2 1 2 1 1 1 2 0 2 1 2 0 0 2 2 0 1 0 1 1 0 2 0 0 2 0 2 2 1 0 0 0 1 2 1 0 1 1 0 1 0 1 2 1 1 2 1 1 0 0 2 0 0 2 1 2 2 1 0 2 2 0 2 0 2 1 1 2 2 0 0 0 1 2 1 0 1 0 1 2 0 0 0 1 1 1 1 1 0 1 0 2 2 0 0 2 2 2 1 1 0 2 0 1 2 2 1 2 0 1 1 1 1 1 0 2 1 2 1 2 0 1 0 0 2 0 2 1 0 2
1 0 1 1 2 1 0 2 0 1 0 2 0 2 2 1 0 0 0 2 0 1 0 0 1 1 2 1 2 0 0 0 2 0 2 2 2 0 1 0 2 2 2 2 0 1 0 0 2 0 2 0 2 0 1 0 1 1 0 2 2 0 2 1 1 0 0 0 1 0 0 0 0 0 0 0 2 1 1 2 0 1 0 2 2 1 1 1 0 1 0 0 2 1 2 1 1 2 1 0 0 0 0 1 0 1 2 0 0 2 2 1 0 0 1 0 2 2 2 0 0 0 1 1 2 0 2 1 0 1 1 1 1 2 0
2 1 0 0 1 2 0 0 0 1 2 0 1 1 0 2 0 2 0 1 1 1 0 0 1 2 2 0 1 2 0 0 1 1 1 0 0 2 1 1 0 1 2 1 2 0 1 0 2 1 1 1 2 2 2 1 2 2 2 1 2 2 2 1 1 1 1 0 0 0 1 1 1 0 0 2 2 1 2 1 0 2 0 0 2 2 1 1 0 0 0 2 1 0 1 0 1 2 0 2 0 2 1 2 0 2 1 2 0 1 1 1 0 1 1 2 2 0 2 0 1 0 0 0 0 1 0 2 1 1 2 1 1 1 2
1 0 0 1 1 1 0 2 2 2 0 0 2 1 0 2 0 0 0 0 1 1 1 1 0 0 2 2 1 0 1 0 1 2 2 2 1 0 2 2 2 0 2 0 2 2 2 0 2 1 1 1 2 0 1 0 0 0 0 2 0 2 0 2 2 2 0 1 2 2 0 2 0 0 2 1 2 0 1 2 1 0 2 0 0 0 2 1 1 2 0 2 1 1 2 2 0 2 0 0 2 1 0 0 1 2 1 1 0 1 0 1 1 0 0 2 0 2 0 2 2 2 2 1 0 2 0 2 1 1 2 1 2 0 2
1 1 1 0 1 2 2 0 1 2 1 0 1 1 1 0 0 0 2 2 2 1 0 1 0 1 1 2 2 2 2 1 0 1 2 2 1 1 0 2 0 1 2 2 2 0 0 0 2 0 0 1 0 1 0 0 0 1 1 0 1 0 2 2 2 2 2 0 0 2 2 1 2 2 2 2 0 2 0 2 2 1 1 0 2 1 2 0 1 0 1 0 1 0 0 0 0 0 0 1 2 2 2 1 2 2 1 2 1 2 0 2 0 1 2 0 1 1 0 0 2 1 0 0 2 0 0 2 0 0 0 1 0 1 0
0 0 1 0 0 1 0 0 1 2 2 2 0 2 0 0 1 2 2 2 2 0 2 2 2 1 1 0 2 0 0 0 1 0 0 1 1 1 2 1 1 2 0 0 2 0 0 0 1 0 0 1 1 1 0 0 2 2 1 2 2 2 2 2 2 0 1 2 2 1 0 1 0 0 1 0 2 2 1 0 0 2 1 2 0 2 2 0 0 1 0 2 0 0 2 0 1 1 2 1 2 2 2 0 0 1 0 0 0 1 1 1 0 0 0 1 1 0 2 1 1 0 0 2 1 1 0 2 2 2 0 1 2 0 1
0 2 2 1 0 0 0 2 2 1 1 1 2 1 2 0 1 2 1 0 1 2 0 1 1 0 0 0 0 0 2 1 1 1 2 2 2 1 1 1 2 2 0 2 2 2 2 0 2 1 1 0 2 2 2 1 0 2 2 0 0 1 1 1 0 2 0 0 0 0 2 0 0 2 2 2 2 2 0 2 1 1 0 0 0 0 2 0 0 2 1 1 0 0 0 1 0 1 1 1 1 1 1 0 1 1 2 1 0 0 0 1 2 1 2 1 2 2 1 2 1 1 1 2 2 2 1 2 1 0 0 1 2 1 1
1 0 0 0 0 1 1 2 1 1 2 2 0 1 1 0 0 2 2 0 1 1 2 1 0 2 1 1 2 0 2 1 0 1 1 1 0 1 1 1 2 1 1 2 0 1 0 1 1 2 1 0 1 0 2 0 1 1 1 0 2 1 0 1 0 2 2 0 0 1 0 0 0 2 0 1 0 1 2 2 2 2 0 1 2 2 1 1 1 0 0 1 2 0 2 0 2 2 0 1 2 0 1 2 0 1 1 1 1 0 0 0 0 1 1 0 1 0 2 0 1 2 1 1 2 1 1 0 2 1 1 1 0 2 1
1 1 2 2 2 0 1 0 1 0 1 2 1 2 1 0 1 1 1 2 1 1 0 1 0 0 2 2 1 2 0 2 1 2 2 1 0 1 1 1 2 0 0 1 1 0 1 2 1 1 0 0 2 0 2 0 1 2 0 2 1 0 2 0 0 2 1 0 0 2 0 0 1 0 2 2 1 0 2 0 1 2 1 1 0 1 2 2 0 2 2 2 0 1 2 0 1 2 2 0 2 2 0 0 0 2 0 2 1 0 2 0 2 0 0 0 1 2 1 2 0 0 2 0 2 2 1 1 1 1 1 1 0 2 2
0 0 0 2 1 1 0 1 1 0 1 2 0 2 0 0 2 1 0 2 1 2 1 2 2 2 1 1 0 2 0 2 2 1 1 0 2 1 2 1 0 2 1 1 1 2 1 0 1 1 0 2 1 0 2 0 0 1 1 1 0 2 0 2 0 2 0 1 2 0 0 0 2 1 1 1 1 2 1 2 1 2 1 2 2 1 0 0 0 1 2 1 1 2 1 0 2 2 1 1 2 2 1 2 1 0 0 2 2 2 1 0 2 2 1 2 2 1 0 2 0 2 1 0 2 0 0 2 0 2 1 0 1 1 0
2 1 0 2 1 1 0 2 1 0 1 0 2 0 2 2 1 1 1 1 2 2 2 1 2 2 0 0 0 1 0 0 0 1 2 2 0 0 2 1 1 1 0 2 1 2 1 0 1 0 2 0 0 1 1 0 0 0 0 1 1 1 2 1 1 1 1 1 2 1 0 1 0 1 0 1 0 2 0 1 0 2 2 1 1 1 1 2 1 0 1 0 1 0 2 0 0 1 2 2 0 0 1 0 1 2 2 2 2 2 0 0 2 2 2 1 2 0 0 0 1 1 1 1 0 2 1 0 0 1 0 1 2 2 2
0 2 1 2 1 2 1 2 1 1 1 2 0 0 0 2 1 2 0 2 2 2 2 0 0 0 0 2 0 0 1 1 0 1 2 2 0 0 2 2 1 0 1 0 0 2 2 0 1 0 2 1 0 1 1 1 0 0 1 0 1 0 2 1 1 1 1 1 1 0 0 1 1 2 1 2 2 1 2 1 1 2 1 2 2 2 2 2 0 1 0 2 1 0 1 0 2 2 2 1 0 0 2 2 0 1 2 0 0 2 2 0 1 0 0 1 0 2 1 2 0 1 2 0 0 0 0 2 1 2 0 1 0 1 1
2 0 1 2 1 0 2 2 0 0 2 1 2 2 1 1 0 0 0 0 0 1 1 2 2 2 1 1 0 0 0 2 0 2 0 2 0 2 1 0 1 1 0 0 1 2 2 2 2 0 1 0 1 2 0 1 1 1 0 2 1 1 2 0 1 2 2 2 0 2 0 1 1 1 1 0 0 1 2 0 1 0 1 0 1 1 2 2 1 0 2 0 2 0 0 0 2 1 0 2 0 1 0 1 2 2 1 1 1 1 2 0 2 0 1 0 2 1 0 0 2 1 1 2 1 1 0 0 0 1 1 0 2 2 2
2 0 0 1 1 0 0 2 2 1 1 0 1 0 1 2 2 2 0 2 0 0 0 2 0 2 1 2 2 0 1 2 0 0 1 0 0 1 0 2 1 2 0 2 2 1 1 0 1 0 2 2 1 0 2 1 2 0 0 1 2 0 1 0 0 2 0 0 1 0 2 0 2 0 2 0 1 2 0 0 2 0 1 0 1 0 2 1 2 1 0 1 1 2 2 1 2 0 1 1 1 1 2 2 1 1 2 0 1 2 1 1 0 0 1 1 1 2 0 0 1 1 2 2 1 2 1 0 0 0 1 1 1 1 0
0 1 2 0 2 2 2 1 0 0 0 2 2 2 0 0 1 1 1 0 2 1 1 0 1 2 0 0 0 1 1 1 2 1 0 2 2 2 1 0 1 1 2 0 2 1 1 0 2 2 2 0 0 1 1 2 1 1 0 2 0 2 1 2 0 1 2 0 1 0 0 2 0 1 0 2 2 2 0 2 1 0 0 0 2 2 2 0 0 2 2 1 1 0 2 0 2 1 1 1 0 0 1 0 2 2 0 1 1 1 1 0 2 0 0 1 2 0 2 0 0 2 0 2 1 2 0 0 1 1 2 1 1 1 2
0 0 2 2 2 2 2 2 1 2 0 0 2 0 0 2 0 2 0 0 1 2 0 2 1 0 2 2 2 0 2 1 1 2 1 0 2 0 0 1 2 0 2 2 1 2 2 1 0 0 0 1 0 1 1 1 1 1 1 2 1 1 0 1 2 1 1 1 0 1 0 0 1 0 0 2 0 0 2 0 0 0 2 0 1 1 2 1 0 1 0 2 0 1 0 2 0 2 2 0 0 0 2 0 0 2 0 0 0 2 1 0 0 1 2 2 0 1 1 0 0 1 2 2 0 0 1 0 0 1 2 0 1 2 0
0 1 1 1 1 1 0 2 2 2 1 2 0 1 0 0 2 2 0 1 2 1 0 0 1 2 0 2 1 2 0 1 1 2 2 2 2 0 0 2 0 1 1 0 0 2 1 0 2 2 1 1 0 2 2 0 2 1 2 1 0 0 0 2 1 0 2 0 1 2 0 1 2 1 0 2 1 1 2 0 0 2 2 2 1 2 2 0 0 2 1 1 0 2 1 1 0 0 1 1 1 1 0 0 0 1 0 2 0 1 0 1 0 2 0 2 0 0 1 0 2 0 1 0 0 0 1 0 1 1 2 0 0 2 1
2 1 1 1 2 0 2 0 1 2 2 1 2 2 2 1 0 2 0 1 0 1 2 0 0 1 2 0 0 0 1 2 2 0 1 1 1 1 2 0 2 1 1 2 2 1 0 2 2 1 0 2 2 0 0 2 0 0 0 0 0 1 2 0 2 1 1 1 0 2 2 2 0 1 1 2 0 0 2 0 1 0 2 0 1 0 0 1 1 0 2 2 2 2 0 2 0 2 1 1 1 0 0 0 2 0 0 2 0 0 0 2 0 0 0 2 1 0 1 0 1 0 0 0 2 1 2 1 1 1 2 0 2 1 0
2 2 0 2 2 1 0 2 0 1 2 2 2 2 2 0 1 0 1 1 0 0 1 2 1 1 1 2 0 2 2 0 1 1 0 1 0 1 0 0 2 0 1 2 2 0 0 0 0 2 2 1 0 2 0 2 1 0 2 1 0 2 2 2 1 0 1 2 2 0 0 1 0 2 1 1 0 2 1 0 2 2 0 0 2 1 0 0 2 2 2 0 2 2 2 1 2 1 1 1 1 1 0 0 0 2 1 0 2 0 1 2 0 2 2 2 2 0 0 1 0 0 1 2 2 1 1 2 0 2 1 2 1 0 0
2 0 1 0 2 2 2 2 2 0 0 0 2 0 0 0 0 0 0 1 0 1 0 0 2 2 2 0 1 2 0 0 2 0 1 2 2 0 2 2 0 2 2 0 0 1 2 1 2 2 0 2 1 0 0 2 0 1 0 1 0 0 2 1 1 1 1 0 1 0 1 0 0 1 1 1 2 0 0 2 0 0 2 0 1 1 0 1 2 0 0 0 1 0 2 0 1 1 1 0 2 2 1 0 2 0 2 1 1 2 1 0 0 2 1 2 0 1 0 0 1 1 1 0 2 1 1 0 0 0 1 2 0 1 2
2 2 2 1 0 2 0 1 0 2 2 2 0 0 2 1 2 1 0 1 0 2 2 1 2 2 0 1 0 1 2 2 1 1 1 1 1 0 1 1 2 0 2 1 2 2 2 2 1 2 0 2 2 0 1 1 0 2 0 1 1 0 2 2 2 1 1 1 1 2 1 2 1 0 0 1 2 0 0 0 1 2 0 0 0 2 2 0 1 0 0 0 1 2 2 0 0 0 2 2 1 0 2 0 0 2 1 2 2 2 1 1 2 2 2 2 1 2 1 0 2 1 0 0 0 2 0 0 0 0 0 1 0 2 1
0 2 0 1 0 0 2 1 2 1 0 0 2 2 1 0 2 0 0 0 0 0 1 1 0 2 0 0 0 2 1 0 2 0 1 0 1 1 1 1 2 2 1 2 2 0 2 0 0 0 0 1 0 2 0 1 2 0 1 2 0 0 0 0 1 2 0 2 1 2 1 1 2 2 0 2 0 1 2 0 1 0 2 2 2 0 1 1 1 0 0 1 0 1 2 2 1 2 2 2 2 0 1 1 0 0 1 1 1 0 2 0 1 2 0 1 2 1 2 0 1 1 0 0 2 2 0 1 2 2 1 2 0 0 0
1 0 2 2 2 1 1 2 2 1 1 0 1 2 1 0 2 2 0 0 2 2 1 0 2 0 1 1 1 1 0 0 2 0 2 1 1 2 2 2 1 0 0 0 0 1 0 2 0 0 0 2 0 1 0 0 0 2 2 1 1 0 2 2 1 2 0 0 2 0 2 0 0 0 1 2 2 1 2 1 0 0 0 0 1 2 1 1 2 1 1 0 1 1 0 0 0 1 1 0 2 1 1 1 2 2 0 2 2 2 0 2 2 1 0 2 0 0 1 0 1 2 2 0 0 2 2 1 1 0 2 1 2 0 2
2 1 2 2 0 1 2 0 2 1 1 1 0 1 2 0 0 0 2 1 0 0 0 2 1 1 1 2 0 0 2 0 1 1 2 2 1 2 0 1 1 1 2 2 1 2 2 1 2 0 0 0 0 1 0 2 0 0 2 2 0 2 2 1 2 0 1 0 2 1 2 1 0 1 0 1 1 1 1 1 1 1 2 2 1 2 1 1 0 1 0 0 1 1 2 0 1 0 1 0 1 0 2 2 2 2 1 0 0 2 2 2 2 1 1 0 2 1 1 2 2 0 0 0 1 0 1 2 1 2 0 2 2 2 2
2 0 1 0 1 1 2 2 0 2 0 0 1 1 0 1 2 0 2 2 2 0 1 1 1 1 1 1 2 2 2 1 0 1 1 2 2 2 1 1 1 0 1 0 1 1 1 1 2 2 1 1 2 0 0 1 2 0 0 1 2 2 0 0 0 2 2 1 2 1 2 0 1 1 0 0 1 0 2 0 2 1 2 2 2 0 1 1 0 1 0 2 1 1 0 2 1 0 0 1 2 0 1 1 2 0 1 0 1 1 1 1 2 0 1 2 1 2 1 2 0 2 2 2 1 0 2 2 1 0 0 0 2 0 1
1 1 1 2 0 2 0 1 0 2 0 0 1 2 1 0 0 1 0 0 2 1 0 0 2 0 0 1 0 1 2 1 2 1 1 0 1 0 1 2 2 2 2 1 1 2 1 2 0 0 0 1 2 0 1 1 1 2 0 2 1 0 1 1 2 0 2 0 0 1 0 0 1 1 1 0 0 0 0 1 0 0 0 2 0 2 2 2 2 2 1 1 0 2 0 0 0 2 1 0 2 0 1 1 1 2 2 2 1 0 1 2 0 2 0 1 1 0 0 1 0 2 2 1 1 0 2 2 0 1 0 0 1 0 2
0 0 2 0 1 2 2 2 0 2 2 1 1 2 2 0 2 2 0 1 1 0 1 1 1 0 2 2 2 2 2 0 0 1 1 2 1 0 1 1 0 0 1 2 0 0 2 1 1 2 2 2 1 2 1 0 2 1 2 2 2 1 0 2 0 2 2 1 2 1 1 1 2 2 0 0 2 0 2 1 0 1 0 1 1 2 2 0 2 0 0 1 1 1 1 0 0 0 2 1 2 0 2 2 2 2 0 0 0 2 1 0 1 0 0 0 0 2 1 2 2 2 0 2 1 2 0 1 1 2 2 0 0 2 0
2 1 0 0 1 0 2 0 2 2 0 0 2 0 2 0 0 2 0 0 1 1 0 0 2 0 1 2 0 0 0 1 2 1 1 1 2 0 1 2 0 1 0 0 2 2 0 0 2 1 0 0 0 1 2 2 1 0 0 0 0 1 1 0 2 0 2 2 1 0 2 2 0 2 0 2 0 1 0 0 0 1 2 1 2 1 1 1 1 1 1 1 0 0 2 2 1 2 0 0 2 2 2 0 0 0 2 1 1 0 1 2 1 0 1 1 1 0 1 0 2 0 0 2 1 0 2 0 2 2 0 2 2 0 0
0 0 0 1 0 1 2 2 0 1 1 2 2 1 0 1 1 0 1 0 2 1 0 2 0 0 2 0 2 0 0 0 1 1 1 1 0 1 2 0 2 1 2 2 1 0 0 2 1 2 1 1 0 1 1 1 1 1 2 2 1 0 2 1 2 2 2 2 1 2 0 1 1 0 0 2 1 2 1 0 1 2 1 0 1 2 2 1 1 1 1 0 0 1 1 2 0 2 2 1 1 0 2 0 0 1 2 2 1 2 2 0 1 2 1 1 2 1 2 1 0 0 2 0 1 1 0 0 1 0 1 1 0 2 1
0 1 2 1 0 1 1 0 0 0 0 1 1 1 1 2 1 2 2 0 2 2 1 2 0 1 1 2 1 1 1 2 2 0 0 0 2 0 1 2 0 1 2 2 0 0 2 2 0 2 2 2 1 0 2 2 1 0 2 0 2 0 1 2 1 2 0 1 2 2 1 1 1 0 0 2 1 0 1 2 0 2 1 1 2 1 1 2 2 1 0 2 2 1 2 1 1 0 0 1 0 1 2 1 2 1 1 2 1 0 1 1 2 1 0 2 2 2 2 1 0 1 1 0 2 2 2 1 2 2 1 0 2 0 2
2 2 1 2 1 2 1 0 2 2 1 2 1 1 2 1 2 0 0 2 0 2 2 0 2 0 1 0 0 1 0 0 1 1 0 0 1 2 0 0 1 2 0 0 0 0 2 0 0 0 0 1 0 0 1 0 1 2 0 2 2 1 0 1 0 1 1 2 0 2 0 2 1 0 0 2 0 1 0 1 2 1 0 2 2 2 0 2 2 1 1 1 0 2 2 2 1 1 2 1 0 2 1 0 1 0 2 2 1 0 1 1 2 2 0 2 1 1 1 1 1 0 2 1 0 2 1 1 0 0 1 2 0 0 2
1 1 2 0 0 1 2 1 0 2 0 0 1 2 2 2 0 0 0 0 1 2 1 0 1 2 1 1 0 0 0 2 1 0 0 0 1 0 1 2 2 2 0 1 2 0 2 2 1 2 0 2 2 2 2 1 2 2 2 2 0 2 1 2 1 1 2 2 2 2 2 0 1 0 2 0 0 1 1 2 1 1 1 1 1 1 0 0 0 0 2 1 0 1 1 1 1 0 2 1 0 1 1 2 2 1 0 0 2 2 2 2 1 0 1 2 2 1 0 0 2 0 2 0 0 1 2 1 2 2 2 0 1 2 0
0 0 0 1 0 1 0 0 2 2 1 2 2 0 0 2 2 1 2 0 2 0 1 1 0 0 1 1 1 0 1 0 1 2 2 0 0 0 0 0 0 2 0 2 0 1 0 2 0 0 1 2 2 2 0 0 0 2 1 2 0 0 0 2 2 0 0 1 0 0 2 1 0 2 1 0 2 1 1 2 0 0 2 2 0 2 2 0 2 0 0 0 0 0 0 0 0 0 2 2 1 2 1 0 2 2 0 1 2 2 1 2 0 0 1 0 0 1 1 1 1 1 1 2 2 2 0 0 2 0 0 1 2 1 1
2 2 0 1 1 0 0 1 1 0 2 1 1 0 2 2 2 2 1 2 2 0 2 2 0 2 0 0 2 2 1 2 1 2 1 2 0 1 0 1 2 0 0 0 1 1 1 1 0 0 0 2 1 0 1 2 0 2 2 1 2 2 0 1 1 2 1 2 0 2 1 2 1 2 0 0 0 1 0 0 2 0 2 1 1 1 1 0 2 1 1 2 1 2 0 2 1 2 2 1 0 0 1 1 0 1 2 0 1 2 1 1 1 0 0 2 0 1 0 2 0 1 1 1 0 1 1 2 1 1 1 1 2 2 0
0 2 2 1 1 0 0 0 1 0 0 1 0 2 2 0 0 0 1 1 2 0 0 2 2 1 1 1 2 1 2 0 1 2 1 2 2 1 0 1 0 0 0 1 1 2 2 1 0 1 2 0 2 1 0 1 0 2 0 2 0 2 2 2 2 1 2 2 0 0 1 0 1 1 0 2 1 2 0 1 0 1 0 1 2 0 2 0 2 1 0 0 0 0 2 0 1 2 0 0 2 1 1 0 2 1 1 1 1 1 2 0 0 0 1 0 0 1 1 0 2 2 2 0 2 1 0 2 1 1 2 1 2 0 0
2 0 1 0 1 0 1 1 1 1 0 2 0 2 1 1 1 0 0 1 1 2 0 0 1 1 0 0 2 1 0 2 1 2 0 0 2 2 2 1 0 0 1 0 2 0 0 1 1 0 0 0 0 1 0 2 0 0 2 0 1 0 0 1 2 0 1 1 2 1 1 0 1 0 2 1 0 2 0 2 2 1 2 0 0 2 2 1 0 2 2 0 2 2 1 2 0 0 1 0 1 2 0 1 2 0 2 0 2 0 2 2 2 2 0 2 2 0 1 1 0 0 1 0 0 2 2 0 2 0 0 1 0 1 2
0 2 0 0 1 0 1 1 0 1 2 0 0 0 1 1 0 2 0 0 2 0 0 2 0 2 0 2 2 2 1 2 2 2 1 0 1 2 0 2 0 2 2 1 0 2 1 1 1 1 2 1 0 0 1 0 2 2 2 2 2 2 0 1 2 1 1 0 1 2 2 2 0 0 0 0 2 2 2 0 2 1 2 2 0 1 2 2 0 0 2 2 0 2 0 2 1 2 0 2 2 0 1 2 0 2 0 0 2 2 1 1 2 0 1 2 2 0 2 2 1 1 2 1 1 2 2 2 0 0 2 2 0 1 2
2 2 0 2 1 2 1 0 2 0 1 1 2 2 2 0 2 0 2 0 0 0 0 0 1 0 1 1 2 2 0 1 1 0 1 0 0 1 1 0 2 2 2 1 0 1 2 2 0 0 0 0 1 2 1 2 2 2 0 1 0 1 0 1 2 0 0 2 1 1 0 0 2 1 2 2 2 0 2 0 0 0 1 1 2 0 1 0 0 2 1 0 0 2 2 0 0 0 2 1 1 1 2 0 2 1 0 2 2 0 0 2 2 1 1 1 2 2 2 0 2 1 0 2 1 0 0 1 0 0 0 0 2 2 1
1 1 2 1 1 2 1 1 2 1 0 2 1 0 1 1 0 0 0 0 2 1 1 0 2 2 1 0 2 1 1 1 0 0 2 2 1 2 0 1 1 1 0 2 2 2 1 0 2 2 1 2 0 0 0 0 0 0 0 0 1 2 1 1 0 1 1 2 1 2 1 2 1 2 1 1 1 0 1 2 2 1 1 1 2 2 1 1 2 2 1 1 2 0 0 0 2 0 1 0 2 0 2 0 2 1 2 2 2 1 1 2 0 2 0 0 2 2 1 2 2 2 1 2 0 2 0 2 2 2 2 2 2 2 1
0 1 1 2 0 2 0 0 1 0 1 2 2 0 0 2 0 0 1 2 2 1 2 1 1 0 2 1 2 1 2 0 0 0 2 1 0 0 2 1 0 0 0 1 1 1 1 1 0 0 0 2 2 0 1 1 0 0 2 1 2 2 1 0 0 2 2 2 2 1 1 0 1 0 2 0 1 0 1 2 1 2 2 1 0 1 0 2 1 0 0 1 1 2 2 2 1 1 1 1 2 0 2 1 0 2 1 2 2 2 2 2 2 1 1 2 2 2 1 2 1 2 0 2 2 2 1 1 0 1 0 0 1 2 2
2 2 0 1 2 0 1 2 2 1 0 0 0 1 1 0 2 2 1 1 2 1 0 0 0 1 1 0 0 1 1 2 1 1 2 1 0 0 1 0 1 2 0 0 0 0 0 2 2 2 1 1 1 0 2 2 2 1 0 0 1 1 0 0 1 0 1 1 1 0 2 0 2 1 0 1 2 2 0 2 2 0 1 1 0 0 0 0 2 1 0 1 2 2 1 0 2 0 2 1 0 0 2 0 1 0 1 0 0 0 2 0 0 0 1 1 1 2 1 1 0 0 2 0 0 0 1 0 0 1 2 0 1 2 1
2 2 0 0 0 0 0 1 1 0 2 0 0 1 2 1 2 0 1 0 0 1 2 1 2 0 0 0 2 2 2 2 0 0 1 1 1 1 2 0 0 1 1 0 1 0 2 0 1 0 1 2 0 0 1 2 1 2 0 1 2 0 1 0 1 2 2 2 2 1 0 2 0 2 0 2 0 2 1 2 0 2 2 0 0 0 0 2 0 1 1 0 1 0 1 2 1 0 2 0 1 2 0 2 2 0 2 0 2 0 2 0 2 1 1 0 0 2 0 0 1 2 1 0 0 2 0 1 2 0 2 1 0 2 0
0 2 2 1 2 0 1 1 0 2 2 1 0 0 0 1 1 2 2 1 0 1 2 2 1 0 1 2 1 0 1 2 0 0 0 0 1 1 1 2 1 1 1 2 1 1 1 0 2 1 0 2 0 2 0 0 0 1 2 2 0 1 2 0 2 2 0 1 1 2 1 0 1 2 0 0 2 2 1 1 0 2 1 1 1 2 1 2 1 2 2 1 0 1 1 0 1 0 2 2 0 0 0 1 1 1 0 1 0 2 0 1 1 2 0 0 2 2 1 0 1 0 2 0 2 1 0 1 1 1 2 2 1 0 1
0 1 2 2 2 1 2 0 0 2 1 1 1 1 2 2 0 0 1 0 0 2 2 2 2 0 1 2 2 1 1 0 2 1 2 2 0 0 0 2 2 1 1 1 0 1 0 1 1 1 1 2 1 1 2 0 1 1 2 1 2 2 2 2 0 2 2 1 2 0 0 2 1 2 0 2 0 0 1 2 1 0 2 0 2 1 1 0 2 2 1 2 1 1 2 2 1 1 1 0 1 0 0 1 2 1 1 0 2 0 2 1 0 2 2 2 0 1 1 0 0 0 0 2 2 2 1 0 2 2 1 0 2 2 2
2 1 1 2 1 1 2 2 2 1 2 2 2 1 0 2 1 2 2 0 1 2 2 2 1 1 0 0 2 1 2 1 2 1 1 0 0 1 0 2 2 2 0 1 0 1 1 2 0 1 0 1 0 2 0 0 2 2 0 1 0 2 0 0 1 2 1 2 0 1 2 0 2 0 2 0 2 0 0 2 2 1 2 0 2 0 0 1 0 0 0 0 1 1 1 2 0 2 2 0 1 0 0 1 0 0 1 2 0 2 0 0 1 2 0 1 2 1 0 0 2 0 1 0 1 0 1 2 0 1 0 1 1 1 2
0 1 2 2 1 1 2 2 0 2 2 1 0 1 1 1 2 2 0 0 1 0 1 0 1 1 0 0 2 1 1 2 2 0 0 1 2 0 0 1 0 1 0 1 0 0 2 2 2 2 0 1 1 2 2 0 0 0 1 0 2 2 0 0 0 1 1 1 2 0 2 0 1 2 1 1 2 1 2 0 1 2 2 2 1 1 2 0 2 1 1 2 1 1 2 0 1 1 1 0 1 1 1 0 1 0 0 2 1 2 2 2 2 1 0 1 0 2 1 0 1 2 0 1 2 0 1 0 1 0 1 1 1 2 1
0 2 1 2 0 0 1 0 2 0 0 1 1 1 2 2 0 0 2 1 2 2 0 2 1 0 0 2 2 0 1 0 2 2 2 0 1 2 0 1 0 2 2 2 0 0 1 0 1 1 0 0 1 1 0 1 0 1 0 2 1 2 0 1 0 1 1 1 0 2 2 1 1 0 1 2 1 0 1 2 2 1 0 1 0 1 2 0 2 1 1 1 0 1 2 0 2 1 2 0 0 0 2 0 0 1 2 2 1 0 2 1 2 2 1 0 0 0 1 0 2 2 1 0 1 1 1 1 2 1 0 2 2 0 2
0 1 0 2 0 1 2 0 1 1 1 2 2 1 0 0 2 1 1 2 0 2 1 2 2 0 2 2 2 0 0 2 1 0 2 0 1 1 0 0 0 1 0 0 0 2 0 2 0 2 2 0 1 1 2 1 1 0 1 2 0 1 2 0 1 2 1 0 1 1 1 2 0 1 2 1 1 0 1 1 2 1 2 2 0 0 0 2 1 2 2 1 0 1 2 2 1 0 0 0 2 2 2 0 1 2 2 0 2 1 2 0 2 2 0 0 0 1 0 1 1 2 2 2 1 0 2 0 1 0 0 1 2 0 1
1 2 0 2 0 1 2 1 2 2 1 2 2 0 0 0 1 2 0 1 1 0 1 1 2 1 2 1 1 2 0 2 2 2 2 2 1 2 0 0 1 2 0 0 2 0 0 2 0 0 0 0 2 1 1 2 0 1 1 1 0 2 0 0 1 0 0 1 2 1 2 0 0 0 1 1 1 1 0 0 0 1 0 0 0 2 0 0 0 1 1 2 0 2 0 0 0 1 1 0 2 0 1 1 1 2 2 1 2 2 1 0 0 2 0 0 1 0 1 0 2 2 0 0 2 0 0 2 1 2 1 2 1 2 0
2 2 0 1 2 2 2 2 0 1 0 1 1 1 2 1 0 2 1 1 1 2 2 2 1 2 0 1 0 0 2 0 0 2 2 0 2 2 0 0 2 1 1 0 0 1 2 1 1 1 0 2 0 0 1 2 2 2 0 0 2 0 2 0 2 2 1 2 1 1 2 1 0 1 2 1 2 1 2 0 2 0 1 1 0 0 0 1 0 2 2 2 2 1 0 0 0 1 2 0 0 2 1 0 0 1 1 1 0 1 2 1 2 0 2 0 1 0 1 1 0 1 1 1 0 0 1 1 1 1 2 2 1 1 1
0 0 0 1 1 0 0 2 2 1 2 2 0 1 1 2 1 0 0 2 1 1 1 0 0 1 0 0 2 2 2 2 2 0 0 1 0 2 2 2 1 1 0 1 2 2 0 2 0 1 2 1 0 2 2 1 0 2 2 2 1 2 2 1 0 0 2 0 2 1 0 0 1 1 1 1 1 2 1 1 1 1 1 2 0 1 1 0 0 0 2 2 0 2 1 0 0 1 1 2 1 0 0 2 1 2 1 0 0 0 2 2 1 1 1 2 2 0 2 0 1 2 0 2 2 1 0 2 2 2 2 1 2 0 1
1 0 0 2 0 0 1 0 2 0 1 1 2 2 1 2 0 0 2 0 0 1 1 2 1 1 2 0 0 0 1 1 0 2 0 1 0 2 1 2 2 0 1 2 2 0 2 1 2 2 1 2 0 2 0 0 0 0 0 1 0 2 1 2 2 2 1 2 2 0 0 2 1 2 0 2 0 2 0 2 0 2 2 0 0 2 0 1 2 1 1 0 1 2 0 1 1 1 0 1 1 1 2 1 1 2 1 2 2 2 2 2 1 1 1 2 1 1 1 0 1 2 1 2 1 1 0 0 0 1 2 2 1 1 1
2 1 2 2 0 1 1 1 1 2 2 0 0 0 2 2 2 2 1 1 1 1 2 2 2 2 2 2 1 1 1 0 2 1 0 0 1 1 1 0 0 0 1 2 2 1 2 1 0 1 1 2 2 1 2 2 0 1 2 1 0 1 2 2 2 0 2 1 1 2 1 0 2 0 0 1 1 0 1 2 1 2 2 2 0 2 1 2 1 1 0 1 2 1 1 0 1 2 1 1 1 0 1 0 0 2 0 2 2 1 2 0 1 0 0 1 2 2 0 1 1 2 0 1 1 2 1 0 1 0 1 2 0 0 0
1 2 1 1 1 0 1 0 1 1 0 1 1 0 2 0 2 1 1 1 0 0 0 1 2 0 2 1 2 1 2 0 0 1 2 2 1 1 0 1 0 0 2 2 2 1 0 1 1 1 0 1 2 0 2 1 0 0 0 2 1 2 1 2 1 1 2 0 0 2 2 0 1 2 2 0 0 0 1 2 1 1 1 1 2 1 2 2 2 2 0 1 0 2 1 1 0 0 2 1 0 1 1 1 0 1 2 2 2 1 1 1 2 2 0 2 2 0 1 1 1 2 1 1 2 2 2 0 0 2 1 0 1 0 2
0 0 2 2 2 0 0 1 0 1 2 2 1 0 2 0 2 1 1 0 2 0 2 2 1 2 1 2 2 1 0 2 1 2 1 1 0 2 1 0 0 0 1 1 1 0 2 0 2 1 1 1 2 1 1 1 1 0 0 0 1 1 2 1 1 1 0 2 1 1 0 2 0 1 2 2 2 2 1 2 0 2 0 0 1 2 1 1 2 0 1 2 1 2 1 0 1 1 0 2 1 2 0 2 0 2 1 1 2 0 0 2 0 1 0 2 2 2 0 2 2 0 1 2 2 0 0 1 2 1 1 1 1 2 0
2 1 2 0 0 0 0 0 1 0 1 0 2 1 2 1 1 2 1 1 2 1 2 0 1 1 2 2 2 1 0 1 0 0 2 0 1 0 2 2 0 0 0 2 2 2 2 2 1 0 0 0 2 0 2 1 1 1 1 0 0 2 0 0 2 0 2 1 0 2 0 2 0 0 2 0 0 1 0 2 2 0 0 2 1 0 0 0 1 1 2 2 1 2 1 1 2 1 2 0 0 2 2 1 1 2 1 2 0 2 1 0 0 2 0 2 2 0 2 2 2 1 1 1 1 0 2 1 1 0 2 2 2 1 1
1 0 0 0 2 0 2 0 1 1 0 0 2 1 0 1 1 2 0 0 1 1 1 0 0 1 2 0 1 0 2 0 2 2 1 2 0 0 2 1 0 0 2 0 2 0 1 0 2 1 2 1 2 0 1 0 2 0 1 0 2 1 1 2 0 0 1 2 1 1 1 2 2 1 2 1 1 1 2 1 0 1 2 0 2 1 1 1 2 0 0 2 1 1 1 0 2 0 2 2 1 0 1 0 1 2 2 0 0 2 1 1 1 2 2 1 1 1 2 0 2 0 0 0 2 2 1 2 0 0 1 2 2 1 0
1 1 0 2 2 0 1 1 2 0 1 0 2 2 0 0 2 2 1 1 1 0 2 1 0 1 1 0 0 2 1 1 1 2 1 0 0 1 2 2 2 0 0 2 1 1 2 1 0 1 2 2 1 2 1 0 0 2 1 1 2 2 0 1 2 2 2 2 1 2 1 0 0 2 2 2 2 2 1 2 0 0 0 0 0 2 0 1 2 2 2 1 2 1 0 1 0 2 1 1 1 0 2 0 0 2 2 2 2 0 2 0 2 2 1 0 1 2 2 0 1 2 2 0 0 0 1 1 0 0 0 2 1 0 2
2 2 2 2 1 0 2 2 0 2 1 1 1 0 1 0 2 1 0 2 2 1 2 1 1 0 2 0 1 0 1 1 2 1 0 1 1 0 2 2 0 0 1 2 2 2 2 1 0 0 2 0 2 1 2 0 2 2 1 1 2 0 0 2 1 2 1 0 2 1 0 0 0 1 0 2 1 0 1 2 1 0 0 1 2 0 1 2 0 0 1 2 2 1 2 0 0 0 1 0 2 2 1 0 0 2 2 2 0 0 2 1 1 0 0 1 0 2 0 0 2 1 0 1 1 2 0 1 0 1 2 0 1 0 0
2 0 0 2 0 1 2 2 0 2 2 2 0 1 0 1 2 2 1 0 0 1 1 0 2 0 0 1 2 1 1 1 2 0 1 2 2 1 2 2 0 2 2 1 1 2 2 0 0 1 1 1 0 0 1 0 1 1 1 0 0 0 2 0 0 1 2 2 2 2 2 1 0 2 0 1 2 1 2 2 2 0 1 0 1 0 1 0 2 0 0 0 0 0 0 2 2 0 1 2 1 2 1 1 1 2 0 0 0 2 1 0 0 0 1 0 0 0 0 0 0 1 1 2 2 2 1 2 1 0 1 2 2 1 1
1 1 1 2 1 0 1 2 1 1 2 1 2 2 2 1 0 1 2 2 1 0 1 0 1 1 2 0 1 0 2 2 1 0 2 0 1 1 0 2 0 2 2 0 2 1 2 2 0 1 2 1 2 0 2 0 2 1 1 1 0 0 0 1 0 1 0 1 2 1 2 0 1 1 1 0 0 0 1 1 2 0 2 2 1 2 2 1 1 2 2 1 2 0 1 1 2 1 2 2 0 2 0 1 1 1 1 1 1 0 2 1 1 2 0 0 1 1 2 1 0 2 2 0 2 1 1 2 2 2 2 2 1 2 1
0 0 1 2 2 1 2 0 2 2 2 0 2 1 2 0 1 1 0 1 2 2 1 2 1 0 1 2 1 0 1 2 1 2 2 0 1 2 1 1 1 1 0 0 2 0 0 1 2 1 1 2 1 2 1 2 2 0 2 0 1 1 1 2 1 0 0 0 2 2 2 0 1 2 2 0 0 0 2 2 2 0 2 0 2 1 1 1 1 0 2 2 2 1 2 2 1 0 2 1 0 1 2 1 1 2 2 2 2 1 2 2 1 2 2 1 1 0 0 0 2 1 0 2 2 0 1 1 1 1 2 1 0 2 0
2 1 0 2 2 1 2 1 1 2 1 0 1 2 1 1 2 2 2 1 2 0 0 1 2 1 1 0 1 1 1 1 1 1 1 0 0 2 2 2 1 0 0 2 0 2 1 2 2 2 1 1 2 2 0 1 0 2 0 2 0 1 2 2 0 1 0 1 0 2 1 2 1 1 2 1 0 2 1 2 1 0 1 0 2 1 0 0 0 0 0 2 2 2 1 2 2 0 1 2 0 2 2 1 1 0 1 1 2 0 1 1 0 0 2 2 1 2 2 0 0 2 2 2 0 1 2 0 2 1 2 0 0 0 2
2 0 0 1 0 0 1 2 0 1 1 0 0 2 0 1 2 0 0 0 1 0 2 1 2 0 1 0 2 2 0 2 0 1 0 1 2 2 0 0 1 0 1 2 2 1 1 2 2 0 2 1 0 2 0 0 0 0 2 2 2 2 1 1 0 0 2 0 2 1 1 1 1 0 1 1 2 0 0 2 0 1 1 0 0 2 2 1 0 1 1 0 1 0 1 2 1 2 0 2 0 1 1 2 2 2 0 1 2 1 1 1 2 0 2 0 0 1 2 1 0 1 1 1 1 0 1 1 0 1 0 0 0 1 0
0 1 1 1 1 2 1 2 0 1 2 1 2 1 0 0 2 2 2 1 2 0 2 0 0 1 0 1 2 2 1 2 0 2 2 2 0 0 2 1 2 2 2 2 0 1 0 2 0 2 2 2 0 1 2 1 1 0 0 1 2 2 2 0 2 1 0 0 2 0 1 2 2 1 2 0 2 2 1 1 2 0 0 0 1 1 2 0 1 2 2 2 1 1 0 1 0 1 2 0 2 1 2 1 0 2 0 0 1 1 1 1 1 0 2 0 1 1 1 0 1 1 0 0 0 2 0 1 0 2 1 0 2 1 2
0 0 2 0 2 0 0 0 2 1 2 0 0 1 2 1 0 1 2 2 1 1 0 2 2 0 1 0 2 0 0 2 0 2 0 0 1 1 0 0 2 1 1 2 2 1 0 1 2 0 0 1 2 1 1 0 1 2 0 1 2 0 0 0 1 1 0 0 2 2 1 2 0 0 2 0 2 1 2 2 2 0 0 2 1 2 2 0 2 2 1 0 1 2 1 0 1 0 0 1 2 1 2 2 2 1 0 0 2 0 2 2 0 0 2 2 0 2 0 0 2 1 1 0 0 2 0 2 2 1 1 1 1 0 1
1 2 0 1 0 0 0 0 1 2 0 1 2 2 1 0 1 2 1 0 1 2 1 0 1 0 2 1 2 0 0 0 0 0 2 1 1 0 2 1 2 2 2 2 1 1 0 0 1 2 1 0 1 0 1 0 1 1 2 0 2 0 0 0 1 2 2 0 1 1 1 0 0 0 0 1 2 1 2 2 1 1 2 2 1 0 0 0 0 0 0 2 0 1 0 1 2 2 2 0 0 1 1 0 2 2 2 2 0 1 1 1 0 2 1 2 0 1 2 0 2 0 2 2 2 2 2 2 1 2 2 1 1 0 2
1 0 1 0 0 1 0 2 1 2 1 1 2 0 0 0 2 2 0 0 1 1 0 0 2 2 0 2 0 0 2 1 1 1 0 2 0 1 0 1 0 1 0 0 2 1 1 2 0 2 0 2 0 1 0 0 0 0 0 2 1 0 1 0 2 1 1 0 2 1 1 0 2 2 1 2 1 2 2 2 2 0 2 2 1 2 1 2 0 2 2 1 2 1 0 2 0 1 2 0 0 2 1 0 2 2 0 0 0 2 0 0 0 2 0 2 2 2 0 2 1 2 1 2 0 2 2 1 1 2 2 1 2 0 0
1 1 0 2 2 1 0 2 1 0 0 2 2 2 2 2 2 1 1 1 0 1 0 2 2 0 1 2 0 2 2 1 1 2 1 1 0 1 1 0 1 2 0 1 0 2 0 2 1 2 0 1 0 1 0 0 2 2 2 2 0 1 2 2 2 1 1 0 0 0 1 2 2 1 1 2 0 1 1 2 0 2 1 1 2 2 2 2 2 1 1 2 1 1 2 1 0 1 1 1 1 0 0 0 1 1 1 2 0 0 2 1 0 0 0 2 0 2 1 0 1 0 0 0 0 0 1 1 1 0 2 2 1 2 1
2 1 2 2 2 2 2 0 0 0 1 0 0 1 2 1 1 0 0 1 1 0 0 2 2 1 1 2 2 1 0 2 0 2 2 2 0 1 1 0 2 2 1 1 2 0 0 0 1 0 1 2 1 2 2 1 1 0 0 0 0 1 0 0 1 0 0 1 2 2 2 2 2 0 1 1 1 1 2 0 2 1 0 0 1 0 1 0 1 1 1 1 0 1 2 2 2 0 0 2 0 0 1 2 1 2 2 0 0 1 0 0 0 0 0 2 1 2 0 0 2 1 2 0 1 1 2 0 2 1 2 0 1 1 0
1 1 2 1 0 1 2 0 2 2 2 2 2 2 2 2 1 1 1 2 2 1 2 0 1 1 0 2 1 2 0 2 0 0 0 0 1 2 2 0 2 1 0 1 0 2 1 0 2 1 0 1 2 2 2 1 2 0 0 0 0 0 0 1 0 0 0 2 0 2 0 0 0 2 0 1 1 1 1 1 0 1 0 2 2 2 2 2 0 2 0 0 1 0 2 1 0 2 1 1 2 0 1 2 2 2 1 1 1 1 0 1 2 1 2 2 1 1 2 2 1 2 0 2 2 2 2 0 2 1 1 1 2 1 1
1 0 0 1 2 2 2 2 2 0 2 2 1 1 2 1 2 2 2 0 1 2 0 0 2 1 2 1 1 0 0 0 2 1 2 2 0 1 1 0 2 1 0 1 2 0 2 0 2 2 1 1 2 1 1 1 2 1 2 1 2 0 2 2 2 2 2 0 1 1 1 0 0 1 2 0 2 0 0 1 2 2 0 1 0 2 0 0 0 1 2 1 2 2 0 0 2 2 1 1 2 2 1 2 2 2 0 1 0 2 1 2 1 2 2 2 1 0 0 0 1 2 1 2 2 2 2 2 2 0 0 2 1 2 1
0 1 2 2 2 1 1 0 1 0 2 0 0 2 1 0 2 0 2 1 0 1 0 2 1 1 0 0 2 0 2 0 2 2 1 2 1 2 2 2 1 2 0 1 2 1 2 2 0 1 0 0 0 1 1 0 0 2 0 0 2 1 1 0 1 2 2 2 1 2 0 2 2 0 1 1 0 0 1 0 2 2 1 0 2 0 0 0 0 1 0 0 2 1 0 1 0 0 1 0 0 2 0 2 0 2 2 0 2 1 1 2 1 0 0 0 1 1 0 2 0 1 0 1 0 1 2 2 0 1 2 1 0 2 1
2 2 1 0 2 0 2 2 1 0 0 0 1 2 1 2 2 2 2 0 1 1 0 0 1 2 2 0 0 2 2 2 2 1 2 2 1 2 2 0 2 0 0 2 2 2 1 2 2 1 0 0 2 1 1 2 0 0 0 1 1 0 1 1 1 2 0 0 1 0 0 2 0 2 2 0 2 1 2 1 2 0 0 2 1 2 2 0 1 2 1 2 0 1 0 2 0 1 2 1 2 1 1 2 0 0 0 0 2 0 2 2 1 2 2 0 2 2 1 0 2 1 0 0 2 1 0 2 2 2 1 1 1 1 1
2 1 2 2 2 2 2 1 1 2 0 2 2 1 0 0 1 1 0 1 1 1 1 0 1 2 0 0 0 1 1 0 0 1 0 2 1 2 1 2 2 2 2 2 0 0 0 1 2 1 0 1 1 2 2 2 1 2 1 2 0 0 0 1 2 0 0 0 1 2 0 1 2 0 0 0 1 1 2 1 0 0 0 1 2 0 1 1 0 2 1 2 0 2 0 2 0 1 0 2 2 1 0 1 1 1 2 2 0 1 2 0 2 2 2 2 0 1 1 2 1 0 1 1 0 2 1 0 0 2 0 0 1 0 1
2 2 2 0 0 0 0 1 0 2 1 0 1 2 1 0 0 2 1 0 2 0 2 2 1 2 0 2 0 2 1 0 1 0 1 2 2 1 2 0 2 0 0 1 0 2 1 1 1 0 1 0 1 2 0 0 1 1 0 2 0 2 0 2 0 0 0 0 1 2 1 1 2 1 2 0 1 1 1 0 2 1 0 0 0 2 1 1 0 1 1 1 1 1 1 0 1 1 1 1 1 0 0 0 2 1 1 1 2 0 1 2 1 0 0 1 2 2 0 0 2 1 1 1 0 2 1 0 2 1 2 0 1 0 2
