3 136 19
784238813 260035106 958551970 839433951 753450765 143995915 387870198 702281898 112571642 446634493 513463419 733391193 894672991 133320758 50614000 181467771 722547647 603239356 7759012 1014890060 30664655 694286959 936914825 824415822 1085852090 742936030 173430451 776696085 847293209 646926830 415131970 767836403 160329714 654897222 261591849 806946882 1031001851 317402984 264486590 48210021 299116615 866884703 1160289410 41332133 488540310 19622039 826833036 798083146 291632686 603746590 997296224 966395537 66816839 814550550 176577889 28226869 9766447 838786225 449480988 826173075 32896184 261254552 526847141 685294760 899871133 351641261 716286796 409049901 583225449 637644648 874003636 647074082 506963265 918847222 835885275 215698228 750709076 871858453 751727602 476689266 198358438 170157135 470341957 1071758091 712192014 655742963 1063918325 850593255 387299162 970827770 1087361714 300518312 251051394 823735049 729880961 578459854 1021255580 106382989 57215109 723249263 525988051 722306021 936182950 339313044 1016898098 695264859 402070853 667452588 580044928 1071726316 989903021 254519495 6940490 1060356644 145108377 133248028 730366 797399476 1053587473 198288818 605560203 169648165 1007509845 928882988 793756775 851621484 771332911 11422078 1143996959 49734965 542950317 736829435 676875748 1147635303 1092706118 633518446
1 1 0 1 0 1 0 2 0 2 0 1 1 2 0 1 1 0 0 1 0 0 1 1 1 1 0 2 2 0 2 0 2 0 2 2 1 0 1 0 0 2 1 1 0 0 0 1 0 0 0 2 1 1 1 0 0 1 2 2 1 0 0 0 1 0 1 0 0 0 0 1 0 0 0 1 0 0 2 1 2 2 0 1 1 2 1 1 1 2 2 0 0 2 1 1 2 0 2 1 1 0 2 2 0 0 0 1 2 0 2 1 2 0 0 1 0 0 2 1 2 2 2 0 2 2 2 2 0 1 0 1 2 0 1 0
1 2 1 0 0 1 2 2 2 2 1 0 2 1 2 2 1 2 2 0 2 2 0 2 1 0 2 0 1 1 2 0 1 0 0 1 2 2 2 2 2 0 2 2 2 2 1 1 2 2 2 1 1 2 0 0 1 2 2 0 1 1 0 0 2 0 2 2 0 2 1 2 0 2 2 0 1 2 2 0 1 2 2 0 1 2 2 2 0 1 2 2 2 0 2 1 0 1 1 1 2 0 2 2 2 2 0 1 1 0 2 0 2 1 2 1 1 1 2 1 2 2 0 2 0 0 1 0 0 0 0 2 1 0 1 1
2 2 2 1 2 1 2 1 0 1 1 1 2 0 0 1 2 1 1 2 2 0 1 2 0 2 1 1 2 0 2 1 2 2 2 0 1 2 2 1 1 0 2 1 0 0 0 1 2 2 0 1 2 2 1 2 1 0 1 0 1 1 2 1 0 2 1 1 2 1 0 1 2 0 2 1 1 0 2 0 2 0 2 1 0 1 1 2 1 2 0 0 0 0 1 1 2 0 0 0 2 0 2 2 1 1 0 2 2 0 0 2 1 0 0 2 1 2 1 0 2 1 1 1 1 2 2 2 0 0 0 0 0 2 0 1
1 1 1 0 2 2 2 0 2 1 2 1 1 0 2 0 0 0 2 2 0 2 2 1 2 2 2 0 1 2 0 0 1 1 1 0 2 1 1 1 2 0 1 0 2 0 2 0 2 1 2 2 1 0 1 0 2 0 2 2 0 2 2 2 1 1 2 0 0 1 0 0 2 1 1 2 2 1 0 1 0 1 1 2 1 0 0 1 1 2 1 2 1 1 2 0 0 2 1 0 1 1 2 2 2 0 1 2 2 2 1 0 0 0 2 2 1 1 0 2 0 2 1 0 1 1 1 2 1 2 0 2 1 2 1 0
0 1 0 0 1 2 0 2 0 1 1 1 2 1 0 0 1 0 0 2 1 1 2 2 1 0 0 0 0 2 0 1 0 2 2 1 2 0 0 2 1 1 1 1 1 2 2 2 2 0 0 2 0 0 2 1 1 2 1 2 2 2 1 2 2 0 2 2 1 2 1 0 2 0 2 1 0 2 1 2 0 1 1 0 2 2 2 1 1 1 1 1 1 2 2 1 0 1 0 2 1 0 0 1 1 0 2 1 0 1 2 1 0 1 1 1 0 1 2 0 2 1 1 1 1 0 0 0 2 2 2 1 0 0 0 1
0 0 0 0 1 0 1 1 1 0 2 0 2 0 0 1 2 1 1 0 0 1 0 2 0 0 1 0 0 2 0 2 2 0 0 1 1 2 0 2 0 1 2 0 1 2 2 0 2 0 1 2 0 0 1 1 0 1 2 2 0 2 1 0 0 1 1 1 1 2 1 0 0 2 0 2 2 0 0 1 2 2 0 2 2 0 0 0 1 0 0 2 0 2 0 1 2 2 0 0 1 2 1 0 2 2 2 1 0 0 0 2 0 1 2 0 2 2 0 1 0 1 0 1 1 1 0 0 0 0 2 2 0 0 2 2
0 2 1 1 2 2 0 2 1 2 2 1 2 1 0 0 0 2 2 1 0 2 2 1 0 1 1 1 2 0 0 0 2 2 1 0 2 2 0 1 1 1 0 2 2 0 2 0 2 1 1 1 1 1 2 2 0 0 0 1 1 1 1 1 1 0 1 0 2 0 2 2 1 2 1 0 1 1 1 1 0 0 2 1 2 1 1 0 2 1 1 1 1 1 0 2 1 2 0 1 0 1 1 1 1 0 2 2 2 0 2 2 1 1 1 1 1 0 2 1 2 2 0 0 0 1 0 2 1 2 1 2 0 0 0 1
0 0 2 2 1 1 2 0 0 1 1 1 2 2 0 2 1 1 1 2 2 1 1 1 1 0 0 2 0 1 1 2 2 1 2 1 0 2 2 0 1 0 0 1 2 1 0 1 2 1 0 2 1 2 0 0 0 1 0 1 0 2 1 0 0 1 1 0 1 0 1 0 2 1 1 2 2 2 1 2 2 2 1 0 2 0 0 0 1 0 2 2 2 1 2 0 0 1 1 1 2 1 1 1 2 0 0 0 2 2 2 1 2 2 2 2 2 0 0 1 1 2 1 2 1 1 0 1 2 0 0 2 1 2 0 0
2 2 1 2 2 2 1 1 2 1 1 2 2 1 0 1 1 2 0 0 0 2 2 0 2 0 0 0 0 0 1 2 0 0 2 0 0 1 2 2 2 1 1 1 0 2 2 2 1 1 0 2 1 2 2 0 0 2 1 0 1 2 0 2 0 0 2 0 1 0 0 1 1 1 2 1 1 0 1 0 2 1 2 0 1 0 1 2 0 2 0 1 1 1 2 2 1 1 0 1 1 1 2 0 0 0 0 2 0 1 0 0 0 1 0 2 1 2 1 2 1 2 1 2 0 1 2 0 2 1 1 2 2 0 2 0
0 0 0 1 1 1 1 2 2 2 2 1 1 2 0 0 1 2 0 0 0 0 0 1 1 1 0 1 2 0 2 1 1 2 2 0 1 2 1 0 2 0 2 2 0 0 2 2 0 0 0 1 1 0 0 0 2 0 2 1 1 2 0 0 2 1 1 1 0 2 2 0 0 2 2 2 0 0 2 0 0 2 2 2 2 2 0 2 0 0 1 0 2 2 0 2 0 1 0 1 1 1 1 0 1 2 2 1 2 1 2 2 0 0 2 0 0 0 0 2 0 1 2 0 0 2 2 0 2 1 1 1 0 1 2 1
0 1 0 2 0 0 2 1 0 2 1 2 2 1 1 0 1 0 1 1 0 2 0 0 0 1 2 1 2 1 2 0 1 0 0 1 0 0 0 1 0 2 0 1 2 2 2 0 0 1 2 0 0 2 2 1 2 2 2 2 0 2 0 2 2 0 2 2 1 0 1 0 0 2 1 2 1 0 0 1 1 1 0 2 0 2 0 2 1 2 2 2 2 2 2 1 0 2 1 0 2 0 0 2 0 1 0 1 1 0 1 1 1 1 0 0 0 2 2 2 2 2 1 2 1 1 0 0 0 2 0 2 0 0 0 0
2 0 2 1 1 0 2 1 1 1 1 2 0 1 2 2 1 2 2 0 1 1 0 2 1 0 2 1 1 0 2 0 0 0 2 2 0 2 1 0 0 2 0 1 1 1 2 2 0 1 0 1 2 1 1 1 0 2 0 1 2 1 0 1 1 2 1 2 1 2 0 0 2 1 1 0 2 1 1 0 0 1 2 0 0 2 2 0 1 1 0 1 2 0 0 1 2 1 0 1 1 2 2 0 0 1 2 0 2 0 1 0 2 0 2 2 2 1 0 1 2 0 1 2 1 1 1 0 0 0 2 1 2 2 0 0
1 2 1 1 2 2 2 1 0 1 1 0 0 1 2 1 2 0 1 0 2 0 1 0 0 2 1 2 1 2 2 0 1 0 1 1 0 0 0 0 2 2 1 1 1 1 2 2 1 0 2 1 0 2 1 1 1 1 0 0 0 0 0 2 1 2 1 1 1 2 2 0 1 0 2 2 2 1 2 1 0 2 0 1 2 0 0 1 1 1 2 2 2 0 2 1 2 1 0 0 0 0 2 2 0 1 2 0 1 2 2 2 2 2 0 2 0 1 0 1 0 2 2 0 0 1 1 2 2 2 0 0 2 0 2 0
1 2 1 0 2 0 2 1 0 0 0 1 1 1 0 2 1 2 2 1 1 2 0 1 1 1 2 1 1 2 2 1 2 0 1 1 1 1 0 2 2 0 1 1 2 2 1 0 2 1 1 1 0 0 1 0 2 0 1 1 0 1 0 0 1 1 2 2 0 0 1 2 1 0 1 2 0 0 2 0 1 2 2 0 0 0 1 2 1 0 1 2 1 1 0 2 1 0 2 2 1 1 2 0 2 1 2 2 2 2 1 0 2 1 1 2 2 2 1 1 2 1 0 1 0 1 0 1 2 0 1 0 2 1 0 1
0 0 2 2 0 0 0 2 1 2 2 0 2 1 2 0 2 2 1 0 1 0 2 0 0 0 0 0 2 2 2 2 0 1 1 1 2 2 0 1 2 0 2 1 1 1 2 1 0 2 2 2 0 1 0 0 0 1 1 2 1 1 2 1 0 0 2 0 2 0 1 2 0 0 2 2 2 1 1 0 1 0 0 1 0 1 0 0 2 2 2 1 1 1 2 1 0 2 1 0 0 0 0 1 1 2 0 0 0 0 0 0 0 2 2 1 0 2 1 0 2 2 1 0 1 1 2 1 0 1 2 0 1 2 2 2
2 2 0 0 2 2 0 1 1 0 2 1 0 2 1 1 1 0 2 0 1 2 2 2 1 2 0 0 2 2 0 1 2 2 1 2 2 0 1 0 1 1 2 1 0 1 0 2 1 0 0 0 0 0 2 1 2 2 1 1 2 0 0 1 2 2 1 2 2 0 2 0 2 2 0 0 0 0 1 2 1 1 2 1 2 2 0 1 2 2 0 1 0 1 0 0 0 0 2 0 0 1 1 2 1 1 1 1 2 2 1 1 1 1 0 0 0 1 1 0 0 2 2 1 0 0 2 0 0 2 1 0 1 0 1 0
1 2 2 1 2 1 0 0 2 1 0 1 2 2 1 2 1 1 1 2 2 1 0 0 1 2 1 2 0 2 2 1 2 0 1 1 1 2 2 1 0 2 2 2 1 2 2 2 1 2 2 0 1 0 0 2 0 2 2 0 0 0 2 2 0 0 2 1 0 1 0 1 2 0 1 0 0 1 1 1 1 0 1 2 1 2 2 1 2 1 1 2 1 1 0 1 2 0 0 1 1 1 2 1 2 1 2 2 0 0 0 1 1 2 1 0 2 1 2 1 2 2 2 2 0 2 1 0 2 2 2 1 1 2 0 0
1 2 0 1 0 1 0 2 1 2 0 1 0 0 0 0 2 2 0 0 1 2 1 1 2 1 0 0 1 1 1 2 1 2 0 1 0 0 1 1 0 0 0 0 1 0 0 1 1 1 1 0 1 0 2 0 1 0 1 2 1 2 2 2 1 2 1 2 0 2 1 0 0 1 0 1 2 2 2 0 1 1 1 0 2 0 0 1 1 1 2 2 1 1 1 0 2 2 0 2 2 1 1 1 0 2 2 0 2 2 1 0 0 0 0 0 1 1 0 2 0 0 1 2 1 0 0 1 2 0 1 2 2 0 0 0
2 1 1 2 0 2 0 1 0 1 0 1 0 0 0 2 0 1 1 2 1 0 1 1 0 0 1 1 0 0 1 2 1 2 2 2 2 0 1 2 2 1 0 2 2 0 1 0 2 1 1 0 1 0 2 2 1 1 0 1 1 0 1 0 0 1 2 1 2 1 1 1 1 2 1 1 0 1 2 1 2 1 1 1 1 2 0 2 0 2 1 2 0 0 2 0 2 2 1 1 0 0 0 2 0 2 1 1 0 0 2 0 2 2 2 0 1 0 0 1 2 2 1 2 2 0 1 0 0 2 1 1 0 2 1 0
2 2 0 0 0 2 0 2 2 2 0 0 2 0 2 0 0 0 0 2 1 1 2 2 2 2 1 0 2 2 2 1 2 2 1 2 2 2 2 2 2 2 2 2 0 0 2 0 1 1 0 1 0 1 0 2 0 2 1 0 2 0 1 1 2 0 1 1 2 0 0 1 2 1 1 2 2 1 0 0 0 1 2 0 0 0 1 1 2 2 1 0 2 0 1 2 0 0 0 0 0 2 2 1 1 0 0 0 2 2 1 0 1 1 1 1 2 0 2 2 0 1 2 0 1 2 2 2 2 0 0 0 0 0 1 1
1 0 2 1 2 2 1 0 1 0 2 1 1 2 0 1 1 1 2 0 0 2 0 0 0 0 0 0 1 2 0 2 2 2 0 2 2 0 0 0 1 2 1 0 2 0 2 0 1 2 0 2 1 0 2 2 1 2 1 2 2 1 1 1 1 0 0 1 0 0 2 2 0 1 2 2 1 0 0 0 0 0 2 2 1 2 0 2 1 1 1 2 2 1 0 1 1 2 0 2 0 0 1 2 1 2 2 0 2 0 0 0 1 0 2 0 2 0 0 1 1 0 0 1 1 2 0 2 2 1 2 0 1 0 2 0
2 2 0 2 0 1 2 1 1 0 2 1 0 1 0 0 1 1 1 2 0 2 2 0 1 2 1 0 2 0 1 0 0 2 2 0 1 0 0 0 1 0 0 2 1 0 2 2 2 2 2 1 1 2 1 0 1 2 1 2 1 2 2 1 1 2 0 0 2 1 1 1 1 1 1 1 2 0 1 1 0 2 0 2 1 2 0 1 1 1 1 2 1 0 2 0 2 0 1 0 1 2 1 0 1 2 1 1 1 0 1 1 2 1 1 1 0 0 0 0 1 1 0 1 2 0 1 2 0 0 0 1 1 1 2 2
2 1 2 0 2 0 2 2 2 2 1 0 2 2 1 1 2 2 2 1 0 1 1 0 2 1 0 0 1 0 0 0 1 2 1 1 0 1 1 0 1 2 1 1 0 2 0 2 1 0 1 1 0 1 0 0 0 0 1 1 0 2 2 2 2 1 1 0 0 0 0 2 0 1 1 0 1 2 0 1 2 0 0 0 1 0 1 1 1 2 1 1 2 0 2 2 0 0 2 0 0 1 0 1 2 1 2 2 0 1 0 1 1 0 2 0 2 1 2 0 0 0 0 0 2 2 2 2 2 0 0 1 1 0 0 1
0 2 0 0 1 1 2 0 0 2 0 2 0 0 2 1 1 2 2 0 1 2 0 2 2 1 0 1 0 0 0 0 0 1 1 0 1 1 0 1 1 2 0 1 2 2 0 1 0 2 0 2 2 0 1 2 0 1 1 0 2 2 1 0 1 2 0 2 1 1 0 2 0 1 1 0 1 2 2 2 1 2 1 1 0 0 2 1 2 1 1 2 0 2 2 2 0 0 2 1 1 0 1 0 2 2 0 1 1 2 0 1 2 2 0 0 2 2 1 2 0 1 1 1 1 1 1 1 2 1 1 1 1 0 1 1
2 2 2 2 2 0 1 2 0 2 0 0 2 2 0 0 0 2 0 0 1 1 2 0 0 0 2 2 0 1 1 1 0 1 1 0 0 0 0 1 2 0 1 2 2 2 1 1 2 1 2 1 0 1 1 0 0 1 0 0 0 1 2 1 1 1 2 1 2 2 0 2 0 1 2 0 1 0 2 1 2 1 0 2 2 1 0 2 1 1 1 2 0 1 0 2 1 0 1 0 0 1 0 1 1 0 1 0 1 1 2 2 2 2 1 2 2 0 0 0 2 2 2 0 0 2 0 2 0 2 0 1 1 1 2 0
2 1 0 1 0 0 1 0 2 0 2 1 0 2 1 0 2 1 1 1 2 2 0 2 2 0 1 0 0 1 0 2 0 2 1 0 2 2 0 1 0 1 1 0 1 0 2 1 2 1 2 1 0 2 1 2 1 1 1 1 2 2 0 0 1 2 1 1 1 2 1 2 1 2 1 2 2 0 0 2 1 2 1 2 0 0 2 2 2 0 0 1 1 1 2 0 1 2 2 1 2 0 0 0 0 1 2 2 1 1 0 0 1 1 2 1 2 2 1 1 0 2 1 2 1 1 0 0 1 0 1 0 0 0 0 0
1 1 0 1 2 1 1 1 0 2 0 0 1 2 2 2 2 1 2 1 0 2 1 2 2 1 2 0 1 1 1 2 0 2 1 0 1 0 1 2 2 2 2 1 2 2 1 1 0 0 0 2 0 1 1 0 2 1 1 0 0 2 1 0 0 2 1 1 2 0 0 2 0 2 1 2 0 0 1 0 1 2 2 2 1 1 0 0 1 2 2 1 2 0 0 2 0 1 0 0 2 1 0 1 2 0 1 2 0 0 0 1 2 1 1 1 2 2 0 0 2 2 0 1 0 0 1 0 2 2 1 0 1 0 1 1
0 2 0 1 0 0 0 1 2 0 2 2 2 0 0 2 2 0 0 0 1 1 2 2 2 0 2 0 1 0 2 1 2 2 0 1 0 1 2 0 1 2 0 1 0 0 1 0 2 1 1 1 1 1 0 0 2 2 1 1 0 0 0 1 0 1 2 1 0 2 1 2 1 1 1 1 0 2 2 0 0 1 1 2 2 2 2 1 2 1 0 0 1 1 1 2 0 1 1 0 0 0 0 1 0 1 1 0 0 0 1 1 2 2 1 1 2 1 0 2 0 1 0 2 0 2 2 0 0 1 1 1 1 1 2 1
0 0 2 0 1 0 2 1 1 0 2 0 2 1 0 0 0 0 2 0 2 2 0 0 0 2 1 2 0 2 0 0 0 0 1 0 1 0 1 2 2 2 0 2 1 1 2 1 2 1 1 2 2 2 1 2 1 0 1 2 0 0 0 1 1 2 2 0 2 1 0 2 0 1 1 1 2 0 2 2 0 1 2 2 1 1 1 2 1 1 2 2 2 2 1 1 1 1 1 2 2 2 1 1 0 0 0 0 1 0 0 2 2 0 1 1 1 1 1 0 0 2 0 0 1 2 1 1 0 0 1 0 0 0 1 1
1 2 2 0 0 0 2 0 0 2 2 2 0 1 0 1 0 1 1 2 0 0 1 1 1 2 2 1 1 2 0 2 1 2 0 2 2 0 0 1 0 0 0 1 1 1 2 2 2 1 2 0 2 1 1 0 1 1 2 0 0 0 0 2 0 0 1 1 1 2 2 1 0 2 0 1 1 2 1 0 1 0 0 0 2 2 1 2 0 1 2 2 1 0 1 1 1 1 2 0 1 2 0 1 2 0 0 0 1 1 0 2 2 1 1 0 0 2 0 2 1 0 1 2 1 0 1 0 1 2 0 2 1 0 1 2
1 1 2 2 0 1 2 1 2 0 2 1 0 2 0 1 2 2 1 1 2 0 1 2 0 2 1 2 2 1 1 1 2 1 0 1 2 1 2 1 2 2 2 1 1 0 2 1 0 2 0 1 2 1 0 0 0 2 2 1 0 1 2 1 2 1 2 2 0 2 1 2 1 2 0 0 2 1 1 1 0 2 2 0 1 2 0 2 2 2 1 0 1 1 1 1 0 1 0 0 0 2 2 2 2 1 2 2 2 1 0 2 1 2 2 2 2 0 2 2 0 1 0 2 0 1 0 0 0 2 0 1 2 0 0 1
1 2 0 1 0 1 0 1 1 0 1 2 1 2 1 2 1 2 1 1 1 2 1 1 1 2 2 1 0 2 2 2 2 1 0 2 0 2 2 2 0 1 1 2 1 0 1 2 2 0 0 0 2 2 2 2 1 1 0 0 1 1 2 0 2 0 1 2 0 1 1 1 2 1 1 1 1 0 0 2 0 2 2 0 1 2 2 1 1 1 1 0 2 1 0 2 2 2 2 0 0 1 2 1 2 1 0 2 1 1 1 2 0 0 2 0 0 0 2 0 2 1 0 2 0 1 1 2 2 1 0 2 2 0 1 2
1 1 1 0 1 0 2 1 1 0 2 2 1 2 0 0 0 0 2 0 2 1 0 1 2 1 2 1 2 0 1 0 2 0 2 0 0 1 2 2 2 0 2 0 2 2 0 1 0 2 1 2 0 2 1 0 1 0 2 1 0 1 2 0 2 1 1 0 0 2 2 2 2 2 0 2 1 1 0 1 1 2 1 2 2 0 1 1 1 1 2 2 2 2 0 2 1 2 0 1 1 0 2 1 0 0 1 2 1 2 2 0 2 1 1 2 1 2 1 2 0 1 2 0 1 0 0 2 0 1 2 2 2 2 2 0
2 0 0 1 0 2 0 0 0 1 2 2 1 0 2 2 2 1 2 1 2 0 1 0 1 0 2 1 0 2 1 2 0 2 1 1 2 1 1 2 0 0 2 1 1 1 1 2 0 1 0 0 1 1 0 1 2 0 0 2 0 2 2 0 2 1 1 1 0 0 2 1 1 1 0 0 0 2 0 1 1 0 2 2 0 2 1 2 0 1 0 1 2 0 2 1 1 1 0 0 0 0 1 1 0 2 2 0 1 2 2 2 0 1 0 0 1 2 0 2 2 1 1 1 2 1 0 1 0 0 1 0 2 0 2 2
0 1 0 2 2 2 0 2 1 0 0 0 0 1 0 2 0 1 0 0 0 0 1 2 2 1 2 1 1 2 0 2 2 0 2 1 0 0 0 2 1 1 0 1 2 1 1 0 1 1 1 1 0 1 0 2 2 1 1 1 0 1 2 2 2 1 1 0 2 2 0 0 0 1 1 1 2 2 2 0 2 1 0 2 2 1 2 2 2 0 1 1 2 0 1 2 2 0 2 1 2 0 1 1 2 0 2 1 0 1 0 0 0 1 2 0 2 2 0 2 2 2 1 2 0 2 1 0 0 1 1 0 1 1 1 1
2 1 0 2 0 1 1 1 2 1 2 2 1 0 2 1 0 0 1 0 1 2 0 1 1 0 2 0 1 1 2 1 2 0 1 1 1 2 0 1 1 2 0 2 0 1 0 1 1 1 2 2 2 0 2 0 1 2 0 0 1 2 1 1 0 0 2 2 2 2 0 0 0 2 0 1 0 1 0 2 0 2 0 0 0 2 0 2 1 2 2 0 2 1 2 0 2 2 2 1 2 1 0 0 1 0 1 1 2 2 1 1 2 1 1 0 0 0 2 0 0 2 0 2 1 0 0 0 0 1 0 0 2 1 0 0
1 2 2 2 2 0 1 1 2 2 2 0 0 2 1 0 2 2 1 1 0 1 0 0 0 1 1 2 2 2 0 1 2 0 1 2 2 2 1 2 0 1 2 0 0 2 2 0 2 0 0 2 2 0 0 0 1 2 0 1 2 2 0 2 2 2 1 2 1 0 1 1 1 2 2 0 1 2 1 0 2 1 2 1 1 0 2 0 0 0 2 2 2 0 1 2 2 0 2 0 0 0 0 0 2 0 0 1 2 1 1 1 1 2 0 2 2 1 1 0 1 1 0 1 1 2 0 1 2 0 2 1 2 2 1 2
0 2 1 2 1 2 1 2 2 2 0 2 0 2 0 1 0 1 0 2 0 2 0 1 2 0 2 1 0 1 1 0 1 0 0 2 0 1 2 0 1 0 2 2 2 0 2 2 1 2 2 2 1 1 1 2 2 1 1 1 0 2 2 1 0 0 0 1 2 0 1 1 0 1 1 0 1 0 1 0 2 0 0 2 2 2 1 2 0 2 1 0 0 0 1 0 0 2 1 0 1 0 1 2 1 2 0 0 2 1 1 0 2 2 2 2 1 0 2 1 0 0 2 0 0 1 2 2 1 1 0 2 2 1 2 1
2 0 1 2 1 0 2 1 2 2 1 1 0 1 0 1 2 2 2 1 1 1 0 0 1 0 2 0 2 2 1 1 2 1 1 1 2 1 1 0 1 2 1 1 1 2 2 0 2 0 1 2 2 2 2 0 2 2 0 2 2 0 1 2 1 0 2 1 2 0 1 0 0 0 2 1 0 0 0 2 0 2 1 2 2 1 0 2 1 1 2 1 1 1 1 0 1 1 2 0 1 0 1 2 1 1 1 1 1 2 2 2 2 1 1 2 1 2 1 0 1 1 1 0 0 0 1 1 2 1 0 1 2 1 1 1
0 1 0 2 0 2 1 0 2 1 2 0 0 2 0 1 1 2 2 1 0 1 2 2 2 2 2 1 2 0 0 2 1 1 2 0 1 1 0 0 2 1 1 0 1 2 1 2 1 1 0 0 2 0 0 2 1 2 2 0 1 2 0 0 1 2 0 0 1 2 1 1 1 1 1 2 0 1 1 0 2 2 0 0 0 0 0 1 1 2 2 2 0 0 0 1 0 1 1 2 1 1 1 2 2 0 1 2 1 0 0 1 2 1 2 2 2 2 2 1 0 2 0 0 0 0 1 1 2 1 1 0 2 0 0 2
1 1 2 2 1 0 1 1 1 1 2 1 1 1 2 2 0 0 2 1 2 0 0 2 2 2 1 1 1 1 1 2 1 1 2 2 2 2 2 0 1 1 0 2 2 0 1 0 2 1 2 2 0 0 1 2 1 2 2 2 2 0 2 0 1 2 0 0 1 2 2 0 0 0 0 0 0 0 1 0 2 1 2 2 0 1 2 1 1 1 0 1 1 2 1 1 2 2 2 1 1 2 2 0 2 0 0 1 1 2 1 1 2 1 0 2 0 0 0 2 1 1 1 1 0 2 0 2 2 2 1 2 2 1 2 2
0 0 0 2 0 0 0 2 2 2 1 0 2 2 2 2 0 0 1 1 1 1 1 1 0 1 1 0 0 0 0 0 1 1 0 2 2 1 2 1 0 1 1 1 0 2 1 1 0 2 2 2 0 1 1 0 2 2 2 0 1 0 1 0 1 1 2 1 0 2 0 1 0 0 0 1 2 1 2 2 0 2 2 0 0 1 2 1 0 2 1 2 2 0 2 0 2 2 2 0 1 1 2 2 1 0 0 1 2 2 0 0 2 0 1 0 1 1 1 0 0 0 2 2 0 0 1 0 0 1 0 0 0 0 2 1
1 1 2 0 1 1 1 1 1 1 1 1 2 0 2 1 1 1 1 1 2 0 2 0 0 0 0 0 1 0 0 0 1 0 1 1 1 0 2 1 1 0 0 2 1 2 0 2 1 2 1 1 1 1 2 1 2 0 1 1 0 2 0 0 0 1 1 2 2 1 1 1 1 1 0 0 1 1 2 0 1 1 2 2 0 1 0 0 1 0 2 2 0 2 0 0 0 2 1 0 0 2 2 2 2 0 2 0 2 2 1 0 1 0 0 1 1 1 2 0 2 1 0 0 1 1 1 1 1 2 2 1 0 2 1 2
2 0 0 1 1 2 0 2 0 0 1 2 2 0 0 2 1 1 2 2 0 1 2 1 1 2 2 2 2 0 2 2 2 2 2 0 2 2 0 0 2 1 0 2 2 1 1 0 0 1 0 0 0 0 1 2 2 1 1 2 0 1 2 2 0 1 0 1 0 1 2 0 0 0 2 2 1 2 0 1 0 0 1 1 1 0 1 1 2 0 0 2 1 0 2 0 1 0 1 2 1 1 0 1 1 0 1 2 0 1 2 1 0 1 0 1 2 2 0 2 0 1 1 1 2 1 1 2 1 0 1 2 1 2 1 0
0 2 0 1 0 0 2 0 1 0 2 1 0 2 1 0 1 2 2 1 0 2 1 2 0 2 1 2 2 2 2 0 2 0 1 0 1 2 0 1 2 0 0 2 1 2 0 2 1 1 1 0 0 2 0 0 0 2 0 0 2 1 2 2 2 0 0 1 0 1 0 0 2 0 0 0 2 1 0 2 2 0 0 0 0 0 1 1 0 2 2 0 1 1 0 0 2 0 2 0 2 2 1 1 1 1 2 0 0 1 2 0 1 0 0 2 1 2 1 1 2 0 2 0 2 2 1 1 0 2 1 0 2 0 2 0
2 2 2 2 0 2 1 2 0 1 1 1 1 2 0 1 0 0 1 2 0 1 1 1 0 0 2 0 1 2 1 0 1 0 0 2 2 1 1 0 1 1 1 0 0 2 2 1 2 1 0 0 2 2 1 0 0 1 1 2 1 0 0 0 1 0 0 1 0 2 2 2 0 0 2 2 0 2 0 0 1 1 1 1 1 0 0 2 0 1 1 1 2 1 2 0 2 0 1 0 1 0 2 1 2 0 1 2 2 2 1 1 1 2 0 0 0 0 0 0 2 1 1 1 0 2 2 2 2 0 0 0 2 0 0 1
1 1 1 1 1 0 0 0 0 0 0 1 1 0 1 1 2 1 0 2 0 2 2 0 1 0 2 1 1 2 0 0 1 2 2 2 0 0 2 0 1 0 1 0 1 1 2 0 2 0 0 0 0 0 1 1 0 0 2 2 2 0 0 2 0 2 1 0 0 2 1 2 0 1 0 0 2 2 0 2 2 2 0 0 0 1 2 0 2 0 1 2 0 2 1 0 2 1 1 0 1 0 0 1 2 0 1 1 2 0 1 0 0 1 1 0 0 1 0 0 1 2 0 0 1 2 1 2 1 0 0 2 1 0 1 0
1 0 2 0 1 1 1 1 0 0 1 0 2 0 1 0 2 2 0 2 2 2 2 1 0 2 0 2 0 2 2 1 1 2 2 2 0 1 1 0 1 0 1 0 0 2 2 1 2 0 1 2 2 1 0 0 0 1 2 0 2 2 1 0 2 0 2 0 2 1 0 2 2 0 0 0 0 2 2 0 0 0 0 0 1 1 2 2 2 1 0 1 2 2 1 1 1 2 2 0 1 0 0 0 0 1 2 1 0 1 2 1 2 2 0 1 0 2 2 0 1 2 2 0 2 1 2 0 1 1 1 0 1 2 0 0
0 0 2 1 2 1 1 2 1 1 0 1 1 0 1 2 0 1 0 0 1 2 0 2 1 2 2 0 1 1 0 2 1 2 1 0 1 2 0 2 1 2 0 2 2 0 1 2 2 2 2 0 1 0 1 0 0 1 1 2 2 2 2 2 2 0 0 0 0 1 1 2 0 2 1 0 2 0 0 0 0 0 1 2 2 2 1 0 1 2 2 1 1 1 0 1 2 2 0 0 1 1 2 1 0 0 1 1 2 2 1 0 1 2 0 1 0 1 1 2 0 0 0 0 0 2 1 2 1 2 0 2 0 2 1 2
1 0 0 1 1 2 1 2 2 2 0 0 1 2 2 2 2 0 0 2 0 2 0 2 1 1 2 0 0 0 2 2 1 0 0 2 2 2 2 2 0 0 0 2 2 2 1 0 0 2 0 0 2 0 0 1 1 2 2 0 0 2 0 0 2 2 0 2 2 0 2 2 1 0 1 2 2 1 2 1 1 0 2 1 2 0 2 1 0 0 1 1 2 0 2 2 2 2 2 1 2 2 2 2 2 0 1 0 1 1 2 2 1 1 1 0 2 1 0 0 2 2 2 1 2 1 1 1 0 1 1 1 1 0 1 2
0 2 2 0 1 1 0 0 0 2 2 1 1 2 1 0 1 1 2 1 0 1 0 1 0 1 0 1 1 1 0 0 1 0 1 2 2 2 0 0 1 2 2 0 1 0 1 2 2 1 1 0 2 2 1 2 1 2 1 0 0 2 1 0 0 0 2 0 2 2 1 2 2 0 2 1 1 2 1 1 0 0 1 2 2 2 2 1 2 1 2 1 1 1 1 2 1 1 2 0 2 1 0 1 1 1 0 2 0 2 1 0 2 2 0 0 2 0 1 2 1 1 1 0 2 0 0 1 1 0 2 0 1 0 2 2
2 0 2 2 2 1 0 2 0 1 2 2 2 1 2 0 0 0 1 0 0 2 1 2 2 1 0 0 2 0 0 1 0 0 1 0 1 2 0 2 0 0 2 2 0 1 0 0 0 0 1 1 2 0 1 0 2 2 0 1 2 2 0 0 0 2 1 0 1 2 2 1 0 1 1 1 1 2 1 2 0 0 0 0 2 2 0 1 2 2 1 1 1 1 2 2 1 1 2 0 0 2 2 1 1 1 2 0 1 2 2 1 0 1 2 0 1 0 2 0 2 0 2 1 2 2 1 1 1 0 2 2 0 2 1 0
0 1 0 2 1 1 1 0 0 1 0 1 2 2 2 1 0 1 0 1 1 2 0 2 2 0 2 1 0 1 1 1 2 2 1 2 0 0 2 1 2 2 0 2 0 2 1 1 2 1 2 0 0 1 1 1 1 1 0 2 2 1 1 2 0 0 1 2 0 1 1 0 1 2 2 2 1 1 0 1 0 1 2 2 2 1 1 1 2 1 0 1 0 2 1 1 2 0 1 1 2 0 1 0 2 2 0 1 1 1 0 2 0 0 2 2 1 0 0 1 2 2 0 0 1 1 2 2 1 0 0 1 1 2 2 0
2 1 0 0 2 0 1 0 1 0 2 0 2 0 1 2 0 1 0 2 2 2 1 2 0 2 1 2 1 1 0 1 2 0 2 2 1 1 2 2 0 2 0 2 0 1 2 0 0 2 0 0 2 2 0 1 1 1 1 1 0 1 0 0 0 2 2 2 2 0 0 2 2 0 1 0 2 0 2 0 1 0 0 0 0 1 1 2 2 0 0 1 2 1 1 0 1 1 2 1 1 2 0 2 1 2 0 0 2 2 1 1 1 2 0 1 1 2 1 2 0 0 0 0 1 1 0 2 2 0 0 2 1 1 2 2
0 2 0 1 0 1 2 2 1 2 0 0 2 2 2 2 2 2 2 1 0 0 1 0 0 0 0 2 1 0 1 2 0 1 0 1 1 0 0 2 0 1 2 0 0 1 0 0 1 0 1 2 1 2 1 1 2 1 2 2 2 0 1 0 0 2 2 1 2 0 0 0 1 0 0 2 2 1 0 1 1 2 1 0 0 2 2 0 1 1 2 1 2 0 2 2 0 1 0 0 2 1 0 0 2 2 0 2 1 1 1 1 1 0 1 1 2 1 2 1 0 1 0 0 0 2 2 0 1 1 1 0 0 2 1 0
2 2 2 0 1 2 1 2 2 1 1 2 2 1 1 0 2 2 0 0 2 0 2 1 2 0 2 2 0 1 2 2 0 0 1 2 2 0 0 1 1 2 1 2 0 0 2 0 0 0 1 0 1 0 1 1 0 0 0 2 0 1 1 0 1 0 1 0 2 1 2 1 0 0 0 1 1 2 1 1 0 0 1 2 1 0 0 2 2 1 2 2 2 0 0 0 2 1 1 1 0 0 0 0 2 1 2 0 1 1 2 2 2 1 1 1 1 1 1 0 0 0 2 0 1 0 1 0 2 0 2 0 1 0 1 0
1 1 1 2 0 0 2 2 1 0 1 0 2 2 1 0 2 1 0 1 2 2 2 1 0 2 2 2 0 1 0 2 0 2 2 0 2 2 0 2 2 2 2 0 2 1 0 2 2 1 1 2 0 0 2 1 0 1 1 0 0 1 2 0 1 2 1 2 1 0 1 1 0 1 1 2 2 2 1 0 0 2 2 2 1 2 1 1 1 2 0 2 1 2 0 0 2 2 0 1 0 1 1 0 2 0 0 2 0 2 2 1 0 0 0 1 2 1 0 1 1 0 1 0 1 2 1 1 2 1 1 0 0 2 0 0
2 1 2 2 1 0 2 2 0 2 0 2 1 1 2 2 0 0 0 1 2 1 0 1 0 1 2 0 0 0 1 1 1 1 1 0 1 0 2 2 0 0 2 2 2 1 1 0 2 0 1 2 2 1 2 0 1 1 1 1 1 0 2 1 2 1 2 0 1 0 0 2 0 2 1 0 2 1 0 1 1 2 1 0 2 0 1 0 2 0 2 2 1 0 0 0 2 0 1 0 0 1 1 2 1 2 0 0 0 2 0 2 2 2 0 1 0 2 2 2 2 0 1 0 0 2 0 2 0 2 0 1 0 1 1 0
2 2 0 2 1 1 0 0 0 1 0 0 0 0 0 0 0 2 1 1 2 0 1 0 2 2 1 1 1 0 1 0 0 2 1 2 1 1 2 1 0 0 0 0 1 0 1 2 0 0 2 2 1 0 0 1 0 2 2 2 0 0 0 1 1 2 0 2 1 0 1 1 1 1 2 0 2 1 0 0 1 2 0 0 0 1 2 0 1 1 0 2 0 2 0 1 1 1 0 0 1 2 2 0 1 2 0 0 1 1 1 0 0 2 1 1 0 1 2 1 2 0 1 0 2 1 1 1 2 2 2 1 2 2 2 1
2 2 2 1 1 1 1 0 0 0 1 1 1 0 0 2 2 1 2 1 0 2 0 0 2 2 1 1 0 0 0 2 1 0 1 0 1 2 0 2 0 2 1 2 0 2 1 2 0 1 1 1 0 1 1 2 2 0 2 0 1 0 0 0 0 1 0 2 1 1 2 1 1 1 2 1 0 0 1 1 1 0 2 2 2 0 0 2 1 0 2 0 0 0 0 1 1 1 1 0 0 2 2 1 0 1 0 1 2 2 2 1 0 2 2 2 0 2 0 2 2 2 0 2 1 1 1 2 0 1 0 0 0 0 2 0
2 0 2 2 2 0 1 2 2 0 2 0 0 2 1 2 0 1 2 1 0 2 0 0 0 2 1 1 2 0 2 1 1 2 2 0 2 0 0 2 1 0 0 1 2 1 1 0 1 0 1 1 0 0 2 0 2 0 2 2 2 2 1 0 2 0 2 1 1 2 1 2 0 2 1 1 1 0 1 2 2 0 1 2 1 0 1 1 1 0 0 0 2 2 2 1 0 1 0 1 1 2 2 2 2 1 0 1 2 2 1 1 0 2 0 1 2 2 2 0 0 0 2 0 0 1 0 1 0 0 0 1 1 0 1 0
2 2 2 2 2 0 0 2 2 1 2 2 2 2 0 2 0 2 2 1 1 0 2 1 2 0 1 0 1 0 1 0 0 0 0 0 0 1 2 2 2 1 2 2 1 2 1 2 0 2 0 1 2 0 1 1 0 0 2 1 0 0 2 0 0 2 0 0 0 1 0 1 0 0 0 1 0 0 1 0 0 1 2 2 2 0 2 0 0 1 2 2 2 2 0 2 2 2 1 1 0 2 0 0 0 1 0 0 1 1 1 2 1 1 2 0 0 2 0 0 0 1 0 0 1 1 1 0 0 2 2 1 2 2 2 2
2 2 0 1 2 2 1 0 1 0 0 1 0 2 2 1 0 0 2 1 2 0 2 2 0 0 1 0 2 0 0 2 0 1 1 2 1 2 2 2 0 0 1 0 0 0 1 1 1 0 0 0 1 1 0 2 1 1 0 0 2 1 1 0 2 2 2 0 1 2 0 1 0 2 2 1 0 0 0 2 2 1 1 1 2 1 2 0 1 2 1 0 1 2 0 1 1 0 0 0 0 0 2 1 1 1 2 2 2 1 1 1 2 2 0 2 2 2 2 0 2 1 1 0 2 2 2 1 0 2 2 0 0 1 1 1
0 2 0 0 0 0 2 0 0 2 2 2 2 2 0 2 1 1 0 0 0 0 2 0 0 2 1 1 0 0 0 1 0 1 1 1 1 1 1 0 1 1 2 1 0 0 0 1 2 1 2 1 2 2 1 2 1 1 1 2 2 2 1 2 1 0 0 1 2 1 1 1 0 0 0 0 1 1 2 1 1 2 2 0 1 1 0 0 2 2 0 1 1 2 1 0 2 1 1 2 0 2 1 0 1 1 1 0 1 1 1 2 1 1 2 0 1 0 1 1 2 1 0 1 0 2 0 1 1 1 0 2 1 0 1 0
2 2 0 0 1 0 0 0 2 0 1 0 1 2 2 2 2 0 1 2 2 1 1 1 0 0 1 2 0 2 0 2 2 0 1 2 0 1 2 0 1 1 1 1 0 0 0 0 1 1 0 1 0 2 0 1 2 1 1 2 1 1 0 2 1 1 1 0 2 1 1 1 2 2 2 0 1 0 1 0 1 2 1 2 1 0 1 1 1 2 1 1 0 1 0 0 2 2 1 2 0 2 1 2 2 1 0 1 1 1 2 0 0 1 1 0 1 2 1 1 0 0 2 0 2 0 1 2 0 2 1 0 2 0 0 2
1 0 0 2 0 0 1 0 2 2 1 0 2 0 1 2 1 1 0 1 2 2 0 2 2 2 0 1 2 0 1 2 2 0 2 2 0 0 0 2 0 2 1 0 2 0 2 0 0 0 1 2 1 2 0 0 2 0 2 2 1 1 1 1 1 1 0 2 2 0 0 0 2 1 1 0 1 1 0 1 2 0 2 0 0 2 1 0 2 1 2 1 2 2 2 1 1 0 2 0 2 2 1 1 0 2 1 2 1 0 2 1 1 1 2 1 0 1 1 0 2 1 0 2 0 0 1 1 1 0 2 0 2 0 2 0
1 2 0 0 0 2 1 1 1 1 2 1 2 1 2 1 2 2 1 0 0 0 1 2 1 1 2 1 0 2 2 1 1 2 2 1 2 1 0 0 2 2 2 1 0 2 2 1 2 2 1 0 2 0 2 1 0 2 0 0 2 0 2 1 0 1 1 0 2 1 0 2 1 1 0 2 1 0 1 0 2 0 2 2 1 1 1 1 2 2 2 1 2 2 0 0 0 1 0 0 0 1 2 2 0 0 2 1 1 1 0 2 1 2 1 0 1 0 2 0 0 1 1 0 0 0 0 1 1 1 2 1 1 1 1 1
2 1 0 1 0 1 0 1 0 2 0 1 0 2 2 1 1 1 1 2 1 0 1 0 1 0 2 0 0 1 2 2 0 0 1 0 1 2 2 2 2 2 0 0 2 2 2 1 2 0 0 0 1 1 1 1 0 2 1 0 0 1 0 1 2 2 2 0 2 1 2 1 2 1 2 1 1 1 2 0 0 0 2 1 2 0 2 2 2 2 0 0 0 0 2 0 0 1 1 0 1 2 2 0 0 2 2 1 0 1 0 0 2 2 0 1 0 2 1 0 1 1 1 0 0 1 0 1 0 2 1 1 1 1 1 1
0 0 1 1 2 1 2 2 1 2 1 1 2 1 2 2 2 2 2 0 1 0 2 1 0 1 0 2 2 2 1 0 0 2 2 0 1 2 0 0 2 2 0 1 0 0 1 0 2 1 2 0 1 2 0 0 0 0 2 1 2 0 1 0 1 1 2 0 1 2 1 0 2 2 0 0 2 1 2 2 1 1 0 0 0 0 0 1 1 2 2 2 1 1 0 0 0 2 0 2 0 2 0 2 1 0 1 1 0 0 1 2 2 2 2 0 1 0 1 2 0 1 1 1 0 2 1 1 2 0 1 2 2 2 0 2
0 1 1 1 1 0 0 1 2 0 1 0 1 0 1 1 2 2 1 0 2 0 2 0 0 0 2 1 0 2 0 1 0 1 2 2 1 1 1 1 2 0 2 0 1 0 2 1 0 0 2 1 1 2 1 1 0 0 0 1 1 0 2 2 2 2 0 0 1 1 0 0 2 2 1 1 0 1 0 1 2 2 2 0 2 0 0 0 2 0 2 1 2 2 0 1 2 0 0 1 0 0 1 0 2 1 2 0 2 2 1 1 0 1 0 2 2 1 0 2 1 2 0 0 1 2 0 1 0 0 2 0 0 1 0 2
0 2 0 2 0 1 2 0 0 2 0 1 0 1 0 2 1 2 1 0 1 1 2 2 1 2 0 1 1 1 1 2 2 1 1 2 0 1 2 1 1 0 0 1 1 1 2 0 0 1 1 2 2 1 2 1 0 0 0 1 1 1 1 0 0 1 2 0 2 2 2 1 0 0 0 2 2 2 0 0 1 1 1 0 2 1 1 0 1 2 0 0 0 1 1 1 2 1 0 2 2 2 1 0 1 1 2 0 2 1 1 0 2 2 2 0 0 1 1 2 1 1 0 2 0 2 1 2 0 1 2 0 1 0 0 2
0 1 0 2 2 2 0 2 1 0 0 0 2 2 2 0 0 2 2 1 1 0 2 0 2 1 1 1 0 0 1 0 2 2 0 1 1 1 1 0 2 0 0 1 2 0 2 0 0 2 0 2 1 2 0 0 1 1 2 1 1 1 2 0 0 2 2 2 2 2 2 1 2 0 0 2 0 0 2 0 2 0 0 1 2 0 2 1 0 2 2 2 0 2 1 1 2 1 0 2 0 0 1 2 0 2 2 1 2 2 1 0 0 0 1 0 1 1 1 1 1 1 2 1 1 0 1 2 1 1 1 0 1 0 0 1
0 0 2 0 0 2 0 0 0 2 0 1 1 2 1 0 1 0 2 0 1 0 2 0 2 2 0 0 0 2 0 0 2 0 0 0 2 1 0 0 1 2 2 0 1 1 0 0 1 2 2 0 0 1 0 0 1 2 0 1 2 0 0 1 1 1 1 1 0 2 2 2 1 2 0 1 0 0 2 2 0 1 2 1 0 0 1 2 0 2 1 2 0 1 1 2 2 2 2 0 0 2 0 1 1 0 0 2 1 0 2 2 1 1 0 2 2 0 2 1 2 1 0 0 0 2 1 0 2 0 1 2 0 1 2 1
0 2 1 1 2 0 0 2 2 2 1 2 2 0 0 2 1 1 0 2 1 1 0 0 1 1 1 1 0 0 0 1 0 2 0 1 0 1 0 2 0 2 0 0 1 0 2 0 1 0 0 0 1 0 1 1 2 0 0 2 1 2 1 1 1 2 0 2 0 1 2 2 1 2 2 2 1 0 2 0 1 0 1 2 0 0 1 2 0 0 0 1 2 2 0 1 1 1 1 2 0 2 1 1 2 2 1 0 2 2 1 0 2 2 0 0 2 0 0 0 0 0 1 2 0 2 1 1 1 0 2 2 2 0 1 1
2 0 0 2 0 1 0 2 0 1 0 0 1 1 0 2 2 2 2 0 2 0 2 1 1 1 0 0 0 2 0 0 2 0 0 0 2 0 0 0 2 1 0 1 0 1 0 0 0 2 1 2 1 1 1 2 0 2 1 0 2 2 0 2 2 1 0 2 0 1 2 2 2 2 2 0 1 0 1 1 0 0 1 2 1 1 1 2 0 2 2 0 1 1 0 1 0 1 0 0 2 0 1 2 2 0 0 0 0 2 2 1 0 2 0 2 1 0 2 1 0 2 2 2 1 0 1 2 2 0 0 1 0 2 1 1
0 2 1 0 2 2 0 0 2 1 0 0 2 2 2 0 2 2 2 1 2 1 1 1 1 1 0 0 0 2 1 0 2 0 1 2 0 2 2 2 2 0 0 1 0 0 1 2 2 1 1 2 0 2 1 2 1 0 0 2 0 1 0 2 2 2 2 2 0 0 0 2 0 0 0 0 0 0 1 0 1 0 0 2 2 2 0 1 2 0 0 2 0 1 2 2 0 2 2 0 2 2 0 0 1 2 1 2 2 0 2 1 0 0 2 0 1 0 1 0 0 2 1 1 1 1 0 1 0 1 0 0 1 1 1 2
0 0 2 0 0 2 0 1 1 0 1 2 0 0 0 1 0 2 0 1 1 1 0 2 2 1 0 2 0 2 1 1 2 1 0 0 2 1 2 0 1 0 0 1 1 1 0 2 1 1 0 0 0 1 2 0 1 2 2 2 2 1 0 2 0 1 0 2 2 2 0 0 2 1 2 1 0 1 0 2 2 1 2 2 0 1 0 1 2 2 1 1 1 1 1 0 1 1 2 0 2 1 2 2 2 2 1 2 0 2 2 0 1 1 0 2 0 1 1 0 2 2 2 1 1 1 1 2 1 2 1 0 0 1 2 0
0 0 1 2 0 0 0 2 2 0 1 0 0 0 1 2 2 0 0 0 2 2 1 0 2 0 0 2 1 2 2 2 1 1 2 2 2 2 1 2 1 0 2 1 0 0 0 2 0 0 0 0 0 1 0 2 1 0 2 0 1 0 0 2 1 2 1 0 0 2 2 1 0 2 0 0 0 0 0 1 1 0 2 0 0 0 2 1 0 2 0 1 0 1 1 1 1 2 2 1 2 2 0 2 0 0 0 0 1 0 2 0 1 2 0 1 2 0 0 0 0 1 2 0 2 1 2 1 1 2 2 0 2 0 1 2
0 1 0 2 2 2 0 1 1 1 0 0 1 0 1 2 2 1 2 2 2 2 0 1 1 0 0 1 1 1 0 2 0 1 2 0 1 2 1 2 0 1 1 0 0 2 2 0 1 2 2 1 2 0 0 0 1 0 2 2 2 1 1 2 2 1 1 0 1 2 1 0 2 2 0 0 2 2 1 0 2 0 1 1 1 1 0 0 2 0 2 1 1 2 2 2 1 0 0 0 0 1 0 2 0 0 0 2 0 1 0 0 0 2 2 1 1 0 2 2 1 2 0 0 2 0 2 0 0 0 1 2 2 1 2 1
0 0 0 0 1 2 1 1 2 1 1 0 1 1 0 0 0 1 1 0 2 1 1 1 2 2 0 2 2 2 0 2 2 1 0 2 0 0 1 0 1 2 2 0 0 2 2 1 1 0 2 1 2 0 2 2 1 2 2 0 1 2 0 2 1 1 1 0 1 2 0 0 0 2 1 0 0 0 2 1 1 1 2 0 0 2 0 1 1 2 2 1 2 0 1 1 1 2 2 1 2 2 1 2 0 0 0 0 1 0 2 0 0 2 2 0 2 2 1 2 0 1 0 2 1 2 1 0 1 0 1 1 1 1 1 1
1 2 2 1 2 1 1 0 1 0 0 1 1 2 0 1 0 1 0 1 0 2 2 2 2 1 0 0 2 2 2 2 1 1 0 2 1 1 2 2 0 0 0 1 0 1 2 1 2 0 2 2 2 2 2 0 1 0 1 1 2 2 0 2 0 0 1 1 0 1 2 0 2 2 2 0 1 1 1 1 1 1 2 2 2 1 0 1 1 2 2 2 1 1 1 0 1 0 1 1 1 1 2 2 1 1 2 0 0 1 2 0 0 1 2 2 0 0 0 2 2 1 2 1 2 0 1 1 0 0 1 0 2 0 2 1
2 2 2 0 1 1 0 1 0 2 1 1 0 2 1 0 0 1 2 0 1 1 2 0 1 0 1 1 1 1 2 0 1 2 1 2 1 2 0 2 2 2 1 0 2 2 1 0 0 0 2 0 1 1 1 1 2 0 2 0 1 0 2 0 0 1 2 1 0 0 1 0 0 2 1 0 0 2 0 0 1 0 1 2 1 2 1 1 0 1 0 1 2 2 2 2 1 1 2 1 2 0 0 0 1 2 0 1 1 1 2 0 2 1 0 1 1 2 0 2 0 0 1 0 0 1 1 1 0 0 0 0 1 0 0 0
2 0 2 2 2 2 2 1 1 0 2 0 0 0 2 1 0 2 0 1 1 1 2 2 2 1 0 1 2 0 2 0 1 1 0 0 1 0 2 2 1 1 0 2 2 0 1 0 0 1 0 2 0 0 2 0 1 2 2 2 0 2 2 1 1 2 2 0 2 2 0 1 1 0 1 1 1 0 2 2 2 2 2 0 0 1 1 2 1 0 1 1 0 0 1 2 0 0 2 1 1 2 2 2 1 2 1 0 2 1 2 2 2 1 0 2 0 2 2 1 2 1 1 1 2 2 0 0 2 0 2 1 0 1 0 1
1 2 2 0 2 0 0 1 1 1 1 0 0 0 2 1 2 0 2 2 2 2 0 0 0 2 1 0 1 0 0 0 0 2 1 2 2 2 0 2 1 2 0 1 1 2 2 0 0 2 0 2 1 0 0 1 0 2 0 2 2 0 0 2 0 2 0 0 2 0 0 1 1 0 0 2 0 1 2 0 0 0 1 2 1 1 1 2 0 1 2 0 1 0 0 2 2 0 0 2 1 0 0 0 1 2 2 1 0 0 0 0 1 1 0 2 0 2 2 1 0 2 2 0 2 0 2 0 1 0 0 0 1 2 1 2
1 1 1 1 1 1 1 0 0 2 2 1 2 0 0 2 2 2 0 0 0 2 1 1 0 1 2 1 0 1 1 1 0 1 0 2 0 0 2 1 0 2 0 2 2 0 2 2 0 0 0 0 0 1 0 1 2 2 0 1 1 2 2 1 0 1 1 0 1 0 2 1 0 2 0 0 2 0 2 0 0 0 1 1 1 1 0 1 2 0 2 1 2 2 1 0 0 2 1 2 1 1 0 1 1 1 1 1 2 2 1 0 2 1 2 2 2 2 1 2 0 1 1 0 0 2 1 2 1 0 1 2 1 0 1 2
2 1 1 1 1 0 0 1 1 2 0 2 2 1 1 0 2 0 0 1 2 2 1 2 2 0 1 2 1 1 2 1 2 1 0 0 2 0 1 1 0 0 1 0 1 1 0 2 1 0 1 2 1 0 1 1 0 0 0 0 1 1 1 1 2 1 2 2 0 2 2 1 2 0 1 1 2 1 1 1 2 2 0 0 0 2 0 1 2 0 1 2 2 0 0 2 2 0 2 2 2 1 0 2 2 1 0 2 0 2 0 1 2 1 2 0 1 2 2 1 1 1 0 0 2 1 0 1 2 0 2 1 1 2 1 1
2 2 1 0 2 2 1 2 1 1 0 0 1 0 1 2 1 2 1 1 2 1 0 1 1 2 1 0 2 2 2 2 1 0 1 1 0 2 2 2 1 2 2 1 0 2 0 2 2 2 1 2 1 2 1 0 2 2 1 2 1 1 2 1 2 0 0 2 0 2 2 0 2 0 1 0 0 1 0 0 1 1 0 0 1 2 0 0 1 2 0 0 0 0 2 0 0 0 0 1 0 0 1 0 1 2 0 2 2 1 0 1 0 1 1 2 0 2 0 2 1 0 0 2 0 1 0 1 2 1 0 2 2 2 0 2
2 1 1 1 0 2 2 2 1 1 2 1 0 2 1 0 1 0 2 2 1 0 1 1 2 2 0 2 1 1 1 1 1 0 2 1 0 2 1 1 0 0 1 2 0 0 2 1 1 2 0 0 1 2 1 0 2 0 0 1 2 2 2 0 0 0 0 1 2 1 0 1 2 1 1 0 0 0 2 1 0 0 0 1 0 1 2 2 2 0 1 2 0 2 2 1 2 0 2 2 2 2 1 2 2 2 2 0 2 1 2 1 1 2 2 2 2 2 0 1 0 2 0 0 1 1 2 1 1 1 1 1 1 0 0 0
0 2 1 0 1 1 1 1 0 2 1 0 1 1 2 2 1 0 0 2 2 2 2 1 0 1 2 2 1 0 0 2 0 2 0 0 1 2 1 2 2 2 0 1 2 0 0 0 0 1 0 1 0 0 2 2 1 2 2 0 0 2 2 1 2 0 2 0 1 1 0 0 1 1 1 0 1 0 1 2 2 0 0 0 0 0 0 2 0 2 0 1 0 2 0 0 1 2 2 2 0 0 0 2 1 2 0 0 0 2 2 0 0 1 0 0 2 1 0 2 1 0 2 1 1 2 0 0 2 2 0 2 2 0 2 0
0 0 0 0 0 0 0 0 2 2 1 2 1 0 2 2 0 1 2 2 1 2 0 0 1 0 0 1 1 1 1 1 1 2 2 2 0 0 2 0 0 1 2 1 1 2 2 0 1 1 0 0 1 1 0 2 1 1 0 2 2 2 2 1 2 2 0 2 2 0 2 0 0 2 2 1 2 1 2 1 2 0 1 0 1 2 0 0 0 1 1 1 1 0 0 0 2 1 0 1 2 0 2 2 1 2 2 0 1 1 2 1 2 0 2 1 2 1 2 0 0 0 1 0 0 2 0 2 1 1 1 1 0 2 1 1
2 1 2 0 2 1 2 2 1 0 0 1 1 0 1 2 0 1 2 1 1 1 0 0 2 0 1 0 2 0 1 1 1 0 1 1 2 1 1 1 1 2 2 0 0 2 2 1 1 0 0 0 1 0 0 1 0 2 2 0 0 0 1 1 2 0 0 2 2 1 1 1 2 1 2 0 1 2 1 2 2 1 0 1 0 0 0 1 1 2 2 1 0 1 2 0 2 1 0 1 0 2 0 2 0 2 2 2 2 1 2 2 0 0 1 0 1 1 0 2 1 2 0 1 0 1 0 1 2 0 2 0 2 1 0 0
0 0 2 0 1 2 0 0 2 1 1 0 2 1 1 1 1 1 2 0 0 0 1 0 0 1 1 0 2 2 2 0 2 1 0 2 1 1 2 1 2 0 0 2 0 1 0 1 0 1 1 1 1 0 2 0 2 1 1 1 0 0 1 1 2 0 0 1 1 0 0 2 1 0 2 1 2 0 0 2 2 2 1 0 0 1 0 2 0 0 1 1 0 0 0 0 1 0 2 0 0 2 0 1 0 0 1 2 0 1 1 2 1 1 0 1 0 2 1 0 2 0 2 2 1 2 0 0 2 2 1 0 2 2 0 2
2 1 2 0 0 1 0 1 2 0 1 2 0 2 0 2 0 2 2 2 2 0 2 2 0 1 1 0 0 1 0 0 2 2 0 2 0 0 1 0 1 2 0 2 0 0 1 0 1 1 0 1 2 0 0 0 1 1 0 2 0 0 2 0 0 2 0 2 0 2 2 2 1 2 2 2 1 0 1 2 0 2 0 2 2 1 0 2 1 1 1 1 2 1 0 0 1 0 2 2 2 2 2 2 0 1 2 1 1 0 1 2 2 2 0 0 0 0 2 2 2 0 2 1 2 2 0 1 2 2 0 0 2 2 0 2
0 2 1 2 0 2 2 0 1 2 0 2 0 0 2 2 1 1 2 0 1 2 2 0 2 2 1 1 2 1 1 2 2 2 0 0 2 2 0 1 2 2 2 0 2 1 2 1 0 2 0 1 1 2 2 2 0 2 0 2 0 0 0 0 0 1 0 1 1 2 2 0 1 1 0 1 0 0 1 1 0 2 2 2 1 0 1 2 2 0 0 0 0 1 2 1 2 2 2 0 1 0 1 0 1 2 0 0 2 1 1 0 0 2 1 2 2 2 0 2 0 0 0 1 1 2 0 1 0 0 2 1 0 0 2 2
0 0 0 2 1 1 1 2 0 2 1 0 2 2 0 0 2 2 1 1 1 2 2 2 0 2 1 0 2 1 0 0 1 0 0 0 0 2 2 1 1 1 2 1 1 2 1 1 2 1 0 2 1 0 1 1 0 0 0 0 2 1 1 0 2 2 1 0 2 1 1 1 0 0 2 2 1 2 0 1 1 1 0 2 2 2 1 0 2 2 1 2 0 0 0 0 0 0 0 0 1 2 1 1 0 1 1 2 1 2 1 2 1 2 1 1 1 0 1 2 2 1 1 1 2 2 1 1 2 2 1 1 2 0 0 0
2 0 1 0 2 0 2 0 2 1 2 2 2 1 1 2 0 2 0 0 2 2 1 2 2 2 1 2 0 2 0 2 2 2 2 2 2 2 1 0 1 1 2 0 2 0 0 1 0 1 2 2 0 0 2 0 0 1 2 2 1 2 1 1 0 2 1 2 1 2 0 0 0 2 1 0 0 2 1 0 0 0 1 1 1 1 1 0 0 0 2 2 0 1 1 0 0 2 1 2 2 1 0 0 2 2 2 2 1 1 0 1 0 2 0 1 0 1 2 1 2 2 1 0 1 0 2 1 0 0 1 1 2 2 2 1
1 1 1 2 0 2 1 0 2 1 2 2 2 2 2 2 1 1 2 2 2 1 2 1 2 0 2 2 2 1 1 0 1 0 0 1 2 2 2 2 0 1 2 0 1 2 2 1 0 0 0 1 1 0 2 2 1 1 2 1 0 0 0 1 1 0 0 1 1 2 1 1 2 1 0 0 1 0 1 2 0 0 0 0 0 2 2 2 1 1 1 0 2 2 2 1 0 0 1 1 0 0 1 0 1 1 1 0 2 0 2 1 0 1 2 2 0 2 2 0 1 1 0 0 0 0 2 1 0 1 2 2 1 0 2 0
2 1 0 0 2 0 1 0 1 0 0 0 2 0 0 0 1 1 1 2 1 1 0 0 2 0 0 0 1 0 0 1 2 0 1 2 1 2 2 0 0 0 0 0 1 1 0 2 0 0 1 2 1 2 0 1 0 0 1 2 1 2 0 0 0 2 2 2 2 0 0 1 1 1 1 2 0 0 1 1 0 1 0 2 0 1 0 1 2 0 0 1 2 1 2 0 1 2 0 1 0 1 2 2 2 2 1 0 2 0 2 0 2 0 2 1 2 0 2 2 0 0 0 0 2 0 1 1 0 1 0 1 2 1 0 2
0 1 2 0 2 2 0 2 0 2 0 2 0 2 1 1 0 0 2 0 0 1 2 1 0 0 2 0 1 2 0 2 1 0 2 0 0 2 2 1 2 0 1 1 0 2 2 1 0 0 0 1 1 2 2 1 0 1 2 2 1 0 1 2 1 0 1 2 0 0 0 0 1 1 1 2 1 1 1 2 1 1 1 0 2 1 0 2 0 2 0 0 0 1 2 2 0 1 2 0 2 2 0 1 1 2 1 0 1 2 0 0 2 2 1 1 0 2 1 1 1 2 1 2 1 2 2 1 0 1 1 0 1 0 2 2
0 0 0 1 1 1 0 1 0 2 0 1 1 2 0 0 2 2 1 0 1 0 2 0 2 1 0 1 1 1 2 2 1 0 1 0 1 2 2 2 1 2 0 0 2 1 1 1 1 2 2 0 0 1 0 0 2 2 2 2 0 1 2 2 1 1 0 2 1 2 2 0 0 0 2 2 1 1 1 0 1 0 1 1 1 1 2 1 1 2 0 1 1 2 1 2 2 2 2 0 2 2 1 2 0 0 2 1 2 0 2 0 0 1 2 1 0 2 0 2 1 1 0 2 2 1 2 1 1 2 2 1 1 1 0 1
0 0 1 2 1 1 0 2 0 2 1 0 2 2 2 0 1 1 0 0 0 0 2 2 2 1 0 2 2 1 0 2 2 2 2 1 1 2 1 1 2 2 2 1 2 2 2 1 0 2 1 2 2 0 1 2 2 2 1 1 0 0 2 1 2 1 2 1 1 0 0 1 0 2 2 2 0 1 0 1 1 2 0 1 0 1 0 2 0 0 2 2 0 1 0 2 0 0 1 2 1 2 0 1 2 0 2 0 2 0 2 0 0 2 2 1 2 0 2 0 0 1 0 0 0 0 1 1 1 2 0 2 2 0 1 0
0 1 0 0 1 2 0 2 0 0 1 2 0 1 2 1 0 0 2 0 1 0 1 0 1 2 0 1 0 1 1 1 2 0 1 2 2 1 1 2 2 0 2 2 1 0 1 1 1 2 2 0 0 1 0 1 0 1 1 0 0 2 1 1 2 2 0 0 1 2 0 0 1 0 1 0 1 0 0 2 2 2 2 0 1 1 2 2 0 0 0 1 0 2 2 0 0 0 1 1 1 2 0 2 0 1 2 1 1 2 1 2 0 1 2 2 2 1 1 2 0 2 1 1 2 1 1 2 0 1 1 1 0 1 1 1
0 1 0 0 2 1 2 2 2 2 1 0 1 0 2 1 0 1 2 0 1 2 0 1 0 1 0 1 1 1 2 1 0 2 1 2 0 0 1 0 2 0 0 1 1 1 2 2 0 0 2 1 2 2 0 2 1 0 0 2 2 0 1 0 2 2 2 0 1 2 0 1 0 2 2 2 0 0 1 0 1 1 0 0 1 1 0 1 0 1 0 2 1 2 0 1 0 1 1 1 0 2 2 1 1 0 1 2 1 0 1 2 2 1 0 1 0 1 2 0 2 1 1 1 0 1 2 0 2 1 2 0 0 0 2 0
0 1 2 2 1 0 2 1 2 2 1 0 0 0 1 0 2 2 1 0 1 1 1 1 2 1 0 2 2 0 2 0 1 0 2 0 1 2 0 1 1 1 2 2 1 0 0 2 1 1 2 0 2 1 2 2 0 2 2 2 0 0 2 1 0 2 0 1 1 0 0 0 1 0 0 0 2 0 2 0 2 2 0 1 1 2 1 1 0 1 2 0 1 2 0 1 2 1 0 1 1 1 2 0 1 2 1 1 0 1 1 2 1 2 2 0 0 0 2 1 2 2 1 0 1 2 2 1 0 0 0 2 2 2 0 1
2 2 0 2 1 2 0 2 2 0 0 0 1 0 1 1 2 2 2 1 0 2 0 1 0 0 1 2 0 1 1 2 0 2 0 1 2 1 2 2 1 2 2 0 0 0 1 2 0 1 1 0 1 1 2 1 2 1 1 2 0 2 2 2 2 2 1 2 0 0 1 2 0 0 2 0 0 2 0 0 0 0 2 1 1 2 0 1 1 1 0 2 0 0 1 0 0 1 2 1 2 0 0 0 1 1 1 1 0 0 0 1 0 0 0 2 0 0 0 1 1 2 0 2 0 0 0 1 1 0 2 0 1 1 1 2
2 1 2 2 1 0 0 2 0 0 1 0 1 0 2 2 0 0 2 0 0 2 1 2 1 2 1 2 0 2 2 0 1 2 2 2 2 0 1 0 1 1 1 2 1 0 2 1 1 1 2 2 2 1 2 0 1 0 0 2 0 0 2 2 0 2 2 0 0 2 1 1 0 0 1 2 1 1 1 0 2 0 0 1 2 2 2 0 0 2 0 2 0 2 2 1 2 1 1 2 1 0 1 2 1 2 1 2 0 2 0 1 1 0 0 0 1 0 2 2 2 2 1 0 0 0 1 2 0 0 2 1 0 0 1 1
1 0 1 2 1 2 0 2 0 1 0 1 1 0 1 1 1 0 0 1 1 1 1 2 2 1 1 1 0 0 0 1 1 0 0 2 2 1 2 2 0 1 1 2 1 0 0 2 1 1 1 0 0 1 0 0 2 2 2 2 2 0 0 1 0 2 2 2 1 1 0 1 2 2 0 2 0 1 2 1 0 2 2 1 0 2 2 2 1 2 2 1 0 0 2 0 2 1 0 0 1 1 1 1 1 2 1 1 1 1 1 2 0 1 1 0 0 0 2 2 0 2 1 0 0 1 1 2 1 0 0 2 1 2 1 0
0 0 2 2 1 1 1 2 2 0 2 0 1 2 0 2 2 1 0 2 2 2 2 1 2 0 1 1 0 0 2 0 0 1 0 2 0 1 1 2 2 1 2 0 0 2 0 0 1 1 2 1 1 2 0 0 0 1 1 0 2 0 1 0 2 1 2 2 0 1 2 2 0 2 1 2 2 1 2 0 2 0 0 0 0 0 1 0 2 1 2 2 2 1 2 2 0 0 2 1 2 0 2 0 2 0 2 0 2 2 0 0 2 0 1 2 1 1 0 1 2 0 1 1 1 0 1 1 1 2 1 1 2 1 2 2
2 2 2 1 1 1 2 1 1 1 0 1 2 1 2 1 1 0 0 0 1 2 2 1 1 1 2 1 2 2 0 1 1 1 1 2 2 0 0 0 2 2 2 2 1 1 1 1 2 2 2 2 2 2 1 1 1 0 2 1 0 0 1 1 1 0 0 0 1 2 2 1 2 1 0 1 1 2 2 1 2 2 0 1 2 1 0 1 2 2 2 0 2 1 1 2 1 0 2 0 0 1 1 0 1 2 1 2 2 2 0 2 1 2 1 1 0 1 2 1 1 0 1 2 1 1 1 0 1 0 0 2 0 2 2 1
2 0 1 0 0 1 2 2 0 1 1 2 0 1 1 2 1 0 1 0 1 2 0 0 0 1 2 1 1 1 0 1 0 1 1 0 1 1 0 2 0 2 1 1 1 0 0 0 1 2 0 2 1 2 1 2 0 0 1 2 2 1 1 0 1 0 0 2 2 2 1 0 1 1 1 0 1 2 0 2 1 0 0 0 2 1 2 1 2 1 1 2 0 0 2 2 0 1 2 2 0 0 0 1 2 1 1 1 1 2 1 2 2 2 2 0 1 0 2 1 1 0 0 2 1 0 1 1 1 0 1 2 2 2 1 1
1 2 2 0 2 2 0 1 1 1 2 1 1 2 2 2 0 0 2 1 0 1 0 2 0 0 2 2 2 0 0 1 0 1 2 2 1 0 2 0 2 1 1 0 2 0 2 2 1 2 1 2 2 1 0 2 1 2 1 1 0 2 1 0 0 0 1 1 1 0 2 0 2 1 1 1 2 1 1 1 1 0 0 0 1 1 2 1 1 1 0 2 1 1 0 2 0 1 2 2 2 2 1 2 0 2 0 0 1 2 1 1 2 0 1 2 1 2 1 0 1 1 0 2 1 2 0 2 0 2 1 1 2 0 0 2
0 1 0 2 2 2 0 2 2 0 1 2 2 0 0 1 2 1 1 1 1 2 0 2 1 2 0 0 0 0 0 1 0 1 0 2 1 2 1 1 2 1 1 2 1 2 0 1 1 2 2 2 1 0 1 0 0 2 0 1 0 2 2 0 0 0 2 2 2 2 2 1 0 0 0 2 0 2 1 1 1 1 0 0 2 0 0 2 0 2 1 0 2 0 2 0 0 2 0 0 1 0 2 2 0 0 2 1 0 0 0 1 1 2 2 1 2 1 1 2 1 2 0 0 2 2 1 1 2 1 2 0 2 1 0 0
2 0 2 2 0 2 2 2 1 1 1 1 0 2 1 1 0 2 2 2 1 1 1 0 0 0 2 0 2 0 1 1 0 0 2 1 0 1 1 2 0 0 1 1 1 0 0 1 2 0 1 0 2 0 2 2 1 2 0 0 2 1 0 0 2 0 2 0 1 0 2 1 2 1 2 0 1 0 2 0 1 0 2 1 1 2 0 0 1 2 1 1 1 2 2 1 2 1 1 1 2 1 0 1 2 0 2 1 1 1 2 0 0 2 1 1 1 0 2 0 2 2 1 0 1 0 1 2 2 0 0 2 1 1 1 2
2 1 1 1 2 0 2 0 0 0 2 2 1 2 0 0 1 2 2 1 0 1 1 0 2 2 0 1 1 2 0 1 0 2 2 0 0 2 2 1 1 1 0 2 1 0 1 1 0 0 2 1 1 1 2 1 0 0 1 2 2 2 0 0 2 1 1 2 1 0 1 2 2 1 2 1 0 0 2 1 1 2 2 0 1 2 2 2 2 1 2 1 0 0 2 2 2 2 2 1 2 0 0 0 0 0 2 0 1 2 2 2 1 2 1 0 1 0 2 1 1 1 0 2 0 0 2 2 2 2 0 2 0 2 2 1
0 1 2 2 0 1 2 2 0 0 0 1 1 0 0 0 2 1 0 2 2 2 2 2 1 0 2 2 0 2 1 1 1 0 1 0 2 1 0 2 2 1 2 1 1 0 2 0 1 0 1 1 2 1 0 1 1 0 2 2 0 0 1 2 2 2 2 1 0 0 2 0 2 1 2 0 2 2 1 1 2 0 0 2 1 2 1 0 2 1 0 0 0 1 0 2 1 0 1 2 1 0 0 1 2 0 1 2 0 0 1 2 2 1 2 0 0 0 1 0 2 2 1 0 0 2 2 2 0 0 2 1 1 0 0 1
0 2 0 0 2 1 0 1 1 2 0 1 0 1 2 0 1 0 0 2 0 0 2 0 1 2 2 0 2 2 2 0 1 0 1 2 2 1 0 0 1 1 0 2 0 0 1 2 1 1 1 2 0 1 2 2 1 2 2 0 2 2 1 1 2 2 0 0 1 1 1 0 0 1 0 1 1 1 0 0 0 2 0 0 1 2 2 2 2 2 1 0 2 0 1 2 1 2 2 2 0 1 0 1 0 1 0 2 0 0 0 0 0 0 2 2 0 1 2 1 2 1 1 1 2 0 0 0 2 1 0 0 0 1 0 0
0 0 0 0 1 1 2 2 2 1 2 1 0 1 2 2 1 1 1 1 1 2 1 0 1 2 1 1 2 1 2 2 2 1 0 1 2 2 1 0 1 0 1 1 2 0 1 0 2 2 1 0 2 0 1 1 0 2 0 2 2 0 2 1 2 2 0 1 2 1 2 0 2 0 2 1 1 1 0 0 0 1 0 1 0 1 2 1 2 0 1 1 1 0 0 0 1 1 2 0 2 2 1 2 2 1 1 2 2 1 2 0 1 1 2 1 2 2 0 2 0 1 1 1 1 1 1 0 2 1 1 2 0 0 1 1
2 1 0 2 2 0 2 1 1 2 2 2 2 2 1 2 1 0 0 1 2 2 1 2 0 2 2 2 0 2 1 2 0 1 1 0 1 2 2 1 2 1 0 1 2 1 0 1 2 1 2 2 0 1 2 1 1 1 1 0 0 2 0 0 1 2 1 1 2 1 2 1 2 2 0 2 0 1 1 1 2 1 0 0 0 2 2 2 0 1 2 2 0 0 0 2 2 2 0 2 0 2 1 1 1 1 0 2 2 2 1 2 2 1 0 2 1 0 1 2 1 1 2 2 2 2 1 2 2 1 2 2 1 1 0 0
0 2 1 0 2 2 0 1 1 1 1 2 1 0 2 0 2 1 0 2 2 1 2 1 1 2 1 0 1 2 1 1 2 2 2 1 2 0 0 1 2 1 1 0 1 1 1 1 1 1 1 0 0 2 2 2 1 0 0 2 0 2 1 2 2 2 1 1 2 2 0 1 0 2 0 2 0 1 2 2 0 1 0 1 0 2 1 2 1 1 2 1 0 2 1 2 1 0 1 0 2 1 0 0 0 0 0 2 2 2 1 2 2 0 1 2 0 2 2 1 1 0 1 1 2 0 1 1 0 0 2 2 1 2 2 0
0 2 2 2 0 1 2 0 2 1 2 0 0 0 2 2 0 0 1 0 0 1 2 0 1 1 0 0 2 0 1 2 0 0 0 1 0 2 1 2 0 1 0 2 2 0 2 0 1 0 1 2 2 0 0 1 0 1 2 2 1 1 2 2 0 2 1 0 2 0 0 0 0 2 2 2 2 1 1 0 0 2 0 2 1 1 1 1 0 1 1 2 0 0 2 0 1 1 0 0 2 2 1 0 1 1 0 1 0 1 2 1 2 0 2 0 1 1 2 2 2 0 1 2 1 1 1 2 0 2 0 0 1 2 1 0
1 1 1 1 0 1 1 0 1 0 0 0 1 0 0 1 1 1 1 2 1 2 0 1 2 1 2 1 0 0 2 2 2 1 2 0 2 0 0 1 0 1 2 2 1 2 0 2 2 2 0 0 2 1 2 2 2 2 0 1 0 2 0 2 2 2 0 1 2 1 1 0 0 1 2 2 2 0 2 1 0 0 2 0 1 2 2 1 2 0 2 2 1 1 2 0 0 0 1 1 2 0 1 2 2 2 1 1 0 1 0 1 2 0 2 1 2 1 0 2 0 0 1 1 1 1 1 0 2 0 1 1 1 0 1 1
0 0 0 2 0 1 0 2 1 0 2 1 2 0 0 2 0 2 0 0 0 2 1 2 0 0 1 2 1 0 1 2 2 1 1 0 2 2 0 1 0 2 0 0 2 0 2 0 0 1 1 0 0 2 1 1 2 2 1 0 1 2 0 0 1 2 1 1 0 1 2 0 1 2 0 0 0 1 1 0 0 2 2 1 2 0 0 2 0 2 1 2 2 2 0 0 2 1 2 2 0 2 2 1 0 1 2 1 0 1 0 0 1 2 1 2 2 2 1 0 0 2 0 2 2 0 0 2 2 0 2 0 0 2 1 1
0 0 2 0 2 2 1 1 1 1 0 1 1 2 0 1 0 0 0 0 1 2 0 1 2 2 1 0 1 2 1 0 1 2 1 0 1 0 2 1 2 0 0 0 0 0 2 1 1 0 2 1 2 2 2 2 1 1 0 0 1 2 1 0 1 0 1 0 1 1 2 0 2 0 0 0 1 2 2 0 1 1 1 0 0 0 0 1 2 1 2 2 1 1 2 2 1 0 0 0 0 0 0 2 0 1 0 1 2 2 2 0 0 1 1 0 2 2 2 2 0 1 1 1 0 2 1 2 0 1 2 0 2 0 2 2
2 2 2 2 1 2 2 1 1 0 2 1 0 1 0 0 1 0 2 1 2 1 1 2 0 0 0 2 2 0 0 1 1 0 0 2 2 0 2 0 0 2 1 1 1 0 2 0 1 0 1 0 1 0 0 2 1 1 2 0 2 0 2 0 1 0 0 0 0 0 2 1 0 1 0 2 1 1 0 2 1 1 0 2 2 1 2 1 2 2 2 2 0 2 2 1 2 1 2 0 2 2 1 2 1 0 2 0 1 2 0 0 2 1 0 2 2 0 0 0 2 0 0 0 2 0 2 2 2 0 2 1 2 1 2 0
2 2 1 1 2 2 1 2 0 0 1 1 0 2 2 1 0 2 1 0 0 2 2 2 2 2 2 1 1 1 0 1 0 2 2 0 1 2 0 2 2 1 1 2 1 1 0 1 1 0 1 2 0 1 0 2 0 2 1 2 0 1 0 1 0 0 2 2 2 2 0 1 2 2 2 1 1 0 0 0 1 2 2 1 1 2 0 1 1 2 0 2 1 1 2 2 2 2 2 1 1 2 1 1 2 1 0 1 1 1 1 0 0 0 1 1 1 2 0 0 2 1 0 0 0 2 0 2 1 0 1 0 0 0 0 0
1 1 1 0 2 2 1 2 1 2 1 2 2 2 2 2 0 0 0 1 0 0 1 2 1 1 0 0 1 1 0 0 2 2 1 1 2 2 1 0 2 0 2 2 2 0 1 1 0 2 2 1 1 2 0 0 0 1 0 1 2 1 2 2 1 1 0 0 0 0 1 0 0 1 0 0 1 2 2 2 2 2 0 1 1 1 1 2 0 2 1 0 0 1 0 1 0 1 1 1 1 0 1 2 2 2 0 0 2 0 0 1 2 1 2 2 0 0 1 0 0 0 0 0 2 1 2 0 0 2 1 2 0 1 1 2
0 2 1 2 0 1 1 0 1 1 2 1 0 1 2 0 2 2 2 2 2 2 2 2 1 1 1 2 2 1 2 0 1 1 0 2 1 2 0 2 0 0 0 0 1 2 2 0 2 1 0 1 0 2 1 0 2 1 0 1 2 2 2 1 2 0 0 0 0 0 0 1 0 0 0 2 0 2 0 0 0 2 0 1 1 1 1 1 0 1 0 2 2 2 2 2 0 2 0 0 1 0 2 1 0 2 1 1 2 0 1 2 2 2 1 1 1 1 0 1 2 1 2 2 1 1 2 2 1 2 0 2 2 2 2 0
2 1 1 1 2 1 1 1 0 0 1 2 2 2 2 2 0 2 2 1 1 2 1 2 2 2 0 1 2 0 0 2 1 2 1 1 0 0 0 2 1 2 2 0 1 1 0 2 1 0 1 2 0 2 0 2 2 1 1 2 1 1 1 2 1 2 1 2 0 2 2 2 2 2 0 1 1 1 0 0 1 2 0 2 0 0 1 2 2 0 1 0 2 0 0 0 1 2 1 2 2 0 0 2 2 1 1 2 2 1 2 2 2 0 1 0 2 1 2 1 2 2 2 1 0 0 0 1 2 1 2 2 2 2 2 2
0 0 2 1 2 1 0 1 2 2 2 1 1 0 1 0 2 0 0 2 1 0 2 0 2 1 0 1 0 2 1 1 0 0 2 0 2 0 2 2 1 2 1 2 2 2 1 2 0 1 2 1 2 2 0 1 0 0 0 1 1 0 0 2 0 0 2 1 1 0 1 2 2 2 1 2 0 2 2 0 1 1 0 0 1 0 2 2 1 0 2 0 0 0 0 1 0 0 2 1 0 1 0 0 1 0 0 2 0 2 0 2 2 0 2 1 1 2 1 0 0 0 1 1 0 2 0 1 0 1 0 1 2 2 0 1
2 1 0 2 1 2 2 1 0 2 0 2 2 1 0 0 0 1 2 1 2 2 2 2 0 1 1 0 0 1 2 2 0 0 2 2 2 2 1 2 2 1 2 2 0 2 0 0 2 2 2 1 2 2 1 0 0 2 1 1 2 0 0 0 1 1 0 1 1 1 2 0 0 1 0 0 2 0 2 2 0 2 1 2 1 2 0 0 2 1 2 2 0 1 2 1 2 0 1 0 2 0 1 2 1 2 1 1 2 0 0 0 0 2 0 2 2 1 2 2 0 2 2 1 0 2 1 0 0 2 1 0 2 2 2 1
1 1 1 1 2 1 2 2 2 2 2 1 1 2 0 2 2 1 0 0 1 1 0 1 1 1 1 0 1 2 0 0 0 1 1 0 0 1 0 2 1 2 1 2 2 2 2 2 0 0 0 1 2 1 0 1 1 2 2 2 1 2 1 2 0 0 0 1 2 0 0 0 1 2 0 1 2 0 0 0 1 1 2 1 0 0 0 1 2 0 1 1 0 2 1 2 0 2 0 2 0 1 0 2 2 1 0 1 1 1 2 2 0 1 2 0 2 2 2 2 0 1 1 2 1 0 1 1 0 2 1 0 0 2 0 0
1 0 1 2 2 2 0 0 0 0 1 0 2 1 0 1 2 1 0 0 2 1 0 2 0 2 2 1 2 0 2 0 2 1 0 1 0 1 2 2 1 2 0 2 0 0 1 0 2 1 1 1 0 1 0 1 2 0 0 1 1 0 2 0 2 0 2 0 0 0 0 1 2 1 1 2 1 2 0 1 1 1 0 2 1 0 0 0 2 1 1 0 1 1 1 1 1 1 0 1 1 1 1 1 0 0 0 2 1 1 1 2 0 1 2 1 0 0 1 2 2 0 0 2 1 1 1 0 2 1 0 2 1 2 0 1
0 2 0 1 0 2 2 0 1 2 2 2 2 0 1 2 0 1 2 2 0 0 1 0 0 1 2 1 1 0 2 1 0 0 0 0 0 2 2 2 2 1 1 1 0 0 1 0 2 1 1 2 2 2 2 2 1 0 0 2 1 0 1 1 1 2 2 2 2 1 2 1 1 0 1 1 1 0 2 0 2 0 2 1 0 0 1 1 1 2 1 2 2 1 1 1 0 0 1 0 0 0 1 1 2 0 2 0 1 1 1 0 0 1 1 0 2 2 0 0 1 2 2 1 0 1 0 2 2 2 2 2 1 1 1 0
2 1 1 0 0 0 0 0 0 2 2 2 2 0 0 1 2 0 2 1 2 0 0 2 0 0 2 1 2 0 2 1 1 0 2 1 2 0 0 2 2 2 1 2 2 2 0 2 1 0 0 0 1 1 0 1 2 2 0 2 2 2 1 1 2 1 0 1 2 0 1 0 2 0 2 2 0 0 2 1 0 0 2 2 2 2 0 1 1 0 1 1 2 0 2 0 2 0 2 1 1 1 2 1 2 2 1 2 0 1 1 1 2 0 1 2 0 2 1 2 0 0 1 0 0 1 1 0 2 1 2 1 0 2 0 2
2 1 1 0 0 0 1 2 1 2 2 2 2 0 2 0 0 1 1 1 0 0 2 2 1 2 0 2 2 1 1 1 0 0 1 1 1 0 0 0 1 0 0 1 0 0 1 2 2 2 1 2 0 1 2 2 0 1 1 2 2 0 1 0 1 2 1 0 0 2 1 1 2 1 2 1 1 0 0 1 1 1 1 1 2 1 1 0 0 0 0 0 1 1 1 2 1 2 0 2 0 1 0 2 0 1 0 2 1 1 1 0 0 2 0 0 0 2 1 1 2 1 2 0 1 0 0 2 0 0 1 1 2 0 1 2
1 2 2 0 1 0 2 2 2 2 2 1 2 0 2 1 0 2 0 1 0 1 1 2 2 0 0 2 1 1 2 0 2 1 0 0 2 0 0 1 2 2 0 2 1 1 2 2 0 2 0 1 0 1 1 0 2 1 0 1 1 2 1 0 1 0 1 0 0 1 2 1 1 0 0 2 2 2 1 2 1 2 1 0 2 2 1 1 2 1 1 0 1 2 0 0 2 2 0 1 0 1 2 1 2 2 2 1 0 0 0 1 1 0 2 0 0 1 2 2 0 0 2 2 1 0 2 0 2 1 1 0 2 1 0 1
