3 137 19
474474840 733643308 526857382 558913886 897451641 668559108 230565490 112278912 1116207639 88240950 717244499 512138101 709053504 865838278 113515447 4532256 890054340 658655167 605675144 141980653 303838433 8509859 813747928 443675769 913911769 892716501 553315465 1036695824 838373462 43664264 98530366 921614775 666521968 1046307591 1052797915 998107775 1029335812 48834712 804779366 170735817 39214883 596089502 1023662002 844280559 524224377 910392510 856634901 86647631 598531619 960215580 143314195 935376087 483607140 1038538456 682381225 1014268805 1143525025 682968955 1161965977 611381792 620396480 846696523 967019836 42449889 299348267 164142819 792120606 996055702 495745213 593614791 907096111 537698738 901638159 257342712 81813211 687610520 920289137 497290418 922224456 371680226 1041780394 626180892 224829721 265666210 106774721 525796295 886088008 527701279 707540377 711084581 373746032 598517803 745342632 798915734 665890785 637646150 429856339 539115548 1096697170 31787552 981817109 851720062 840553741 935416342 904266316 982895217 297632348 567264126 539175303 651460376 195045409 1071606816 252832307 60180954 251894699 896167388 488082925 945534016 323885985 917947125 879920082 408312052 1123108363 400978495 844917721 66382446 903592756 270219321 752835449 61071716 881962079 617574876 628553509 1012795651 851002351 786243220 946995316
0 0 0 2 2 1 1 2 0 2 1 0 1 0 0 1 1 2 2 0 0 1 0 1 1 2 0 1 1 0 2 1 1 0 0 2 1 2 1 1 1 0 0 1 1 0 2 0 1 2 0 1 1 0 1 2 0 2 1 1 2 1 1 2 2 2 1 0 2 0 2 0 1 0 1 0 0 2 0 2 1 1 1 2 2 0 2 0 2 1 2 1 2 0 1 1 1 2 0 0 0 0 1 2 0 1 0 1 0 0 1 2 2 2 2 0 2 2 1 1 0 0 0 2 2 2 2 1 2 2 2 1 2 0 0 2 2
0 0 2 1 2 1 2 2 0 2 1 0 1 0 0 2 2 0 2 2 0 0 2 2 2 0 2 1 1 1 0 1 2 0 1 0 2 0 2 1 0 2 1 1 2 0 0 2 0 0 1 0 1 2 0 1 2 2 0 1 1 0 0 0 1 1 1 2 2 1 0 2 0 2 1 2 2 0 0 0 1 2 1 2 1 1 1 1 1 1 0 2 0 0 1 1 0 2 1 0 0 2 0 0 2 2 1 2 2 2 1 1 1 2 1 0 2 2 2 0 2 0 1 2 0 0 1 1 2 0 2 1 0 0 2 2 2
1 0 0 0 1 1 2 1 0 0 0 1 0 2 0 0 1 0 1 1 2 0 0 0 2 2 1 0 2 1 2 0 1 0 1 0 2 1 2 2 2 2 1 2 2 1 0 0 2 1 1 2 2 0 2 1 0 1 2 2 0 2 1 1 0 0 0 2 1 2 0 1 2 1 1 2 1 1 0 0 0 0 0 0 1 1 2 1 2 2 2 2 2 0 2 2 0 2 2 2 2 0 0 1 2 1 1 1 0 2 0 0 0 0 0 1 2 0 0 2 0 2 2 2 2 2 1 0 2 1 2 1 2 0 0 2 1
1 1 2 1 1 0 1 2 1 0 1 2 2 1 2 1 2 1 2 1 0 2 1 2 2 2 2 0 2 1 2 2 2 2 1 2 2 1 1 1 1 0 0 0 0 1 0 2 2 2 0 0 1 1 0 1 2 2 2 2 1 2 1 1 1 0 0 2 1 2 1 0 0 2 2 1 0 2 0 1 2 1 1 1 1 2 0 0 1 0 2 2 0 2 2 2 0 2 2 1 2 0 2 0 1 1 1 1 1 2 0 1 0 2 0 2 2 1 2 1 2 0 1 2 2 0 2 2 0 2 1 0 0 0 0 1 0
1 1 2 1 1 1 1 1 1 1 1 2 1 0 1 1 1 1 1 0 1 1 1 0 2 1 1 1 1 0 1 0 1 1 1 0 2 0 2 1 2 0 1 2 0 0 1 0 2 0 1 1 1 2 1 2 0 0 0 2 1 2 0 2 0 1 0 1 2 0 0 0 1 2 2 0 0 0 0 0 0 2 1 0 1 0 2 2 1 2 2 0 1 2 2 2 1 1 1 0 2 2 0 0 2 2 0 2 1 1 2 1 1 1 2 2 2 1 2 1 1 1 1 0 0 1 0 1 0 1 2 2 1 0 0 0 0
1 0 1 1 2 0 2 2 1 0 1 2 2 0 2 1 1 2 1 0 2 0 1 2 0 1 0 0 2 1 1 1 2 0 0 2 2 0 1 0 0 0 0 1 0 2 2 2 2 1 1 2 2 2 2 2 0 1 1 0 0 0 2 2 1 0 1 1 0 0 1 2 0 2 1 2 0 0 1 0 2 2 0 2 2 0 2 1 2 0 2 2 1 2 1 0 2 2 1 0 0 0 0 1 0 1 1 0 2 0 0 2 1 1 1 0 2 0 2 1 2 1 0 0 0 2 1 0 1 2 2 2 0 2 1 0 1
2 1 1 2 2 0 0 0 1 2 0 0 1 1 2 1 2 2 2 1 0 1 1 0 0 0 1 0 2 1 2 1 0 1 1 1 1 0 2 0 2 0 1 1 2 0 0 2 0 0 0 1 1 1 1 2 2 2 2 1 1 2 0 0 0 0 1 2 0 0 0 0 0 1 2 0 1 0 0 1 1 1 0 0 1 1 2 0 1 2 0 1 2 1 1 2 1 0 2 2 0 2 0 2 2 0 2 0 1 0 0 2 1 0 2 2 0 2 1 2 1 1 0 1 0 2 1 0 2 1 2 0 2 1 0 1 2
2 2 0 0 0 0 1 1 2 1 1 2 2 1 1 1 2 2 1 2 2 2 2 1 0 0 0 1 0 2 0 0 2 1 0 2 1 1 1 1 0 0 0 0 2 1 1 2 2 1 1 1 1 1 0 1 2 1 2 2 1 0 0 1 1 0 2 2 0 0 1 1 2 1 2 1 0 1 1 0 0 0 2 2 2 2 0 1 0 1 2 0 1 2 1 1 1 0 1 2 2 0 0 1 1 2 0 2 1 2 2 1 2 1 1 2 1 2 2 2 0 1 2 1 1 2 0 2 2 2 2 1 2 0 0 1 2
0 1 1 2 0 1 0 0 2 2 2 2 1 1 2 0 2 2 2 1 2 2 0 2 2 0 1 0 1 0 0 0 2 0 0 0 1 0 0 1 1 0 2 2 2 1 1 2 1 1 0 2 0 1 1 0 2 1 1 1 2 2 1 2 2 1 2 1 0 1 0 1 1 2 0 1 2 2 0 0 0 1 0 2 0 2 0 2 1 2 1 1 1 0 0 1 2 2 0 2 1 0 0 0 0 1 2 0 1 1 0 1 2 2 0 2 2 2 0 0 1 2 1 0 0 2 1 0 1 1 0 1 2 1 2 0 2
1 0 1 2 2 1 2 1 2 2 0 1 0 1 2 0 0 2 1 2 1 1 1 0 1 2 0 2 1 0 2 0 1 2 0 0 0 0 2 2 0 2 2 1 0 1 1 0 2 0 0 1 1 1 2 0 1 0 0 2 0 0 0 2 0 2 0 0 2 2 0 0 2 2 2 2 2 1 0 2 2 0 0 1 2 0 2 1 0 0 0 1 1 2 1 1 2 2 1 1 1 2 0 1 2 0 1 1 1 0 0 1 1 2 0 0 2 0 2 0 0 1 2 2 0 0 1 2 2 0 1 2 0 2 1 0 2
2 2 1 0 0 0 2 2 0 2 0 1 0 0 0 1 0 0 2 0 1 2 1 1 0 1 2 1 2 0 0 2 0 1 0 1 0 2 2 1 2 2 0 2 0 0 0 0 0 2 1 1 1 2 1 0 0 1 1 0 2 2 0 2 1 0 1 2 2 0 0 1 0 0 2 0 1 2 0 2 0 1 2 2 2 0 0 0 2 2 1 2 2 2 1 1 2 0 0 2 1 0 1 1 2 0 1 0 1 1 0 1 1 2 1 0 0 2 1 2 1 0 1 1 2 1 2 1 2 0 1 1 1 0 0 1 1
2 1 2 1 2 1 2 2 0 0 2 2 0 0 1 0 2 1 0 0 1 2 1 2 1 2 1 2 0 2 0 2 1 0 2 1 1 2 1 1 0 1 1 0 1 1 0 0 2 1 2 1 1 1 0 2 1 2 2 1 1 2 1 1 0 1 0 2 0 1 1 0 2 1 1 1 2 0 0 2 1 0 0 2 1 2 2 2 1 1 0 1 2 2 2 2 0 2 1 1 0 1 2 1 2 2 2 2 2 0 2 1 0 0 2 1 2 1 1 2 1 0 0 0 2 2 2 1 1 2 0 2 0 2 0 0 2
0 0 2 0 0 1 2 0 0 1 1 2 0 0 0 0 1 1 0 0 2 2 2 1 2 2 2 0 0 0 2 1 0 2 2 0 1 1 1 1 0 0 1 1 0 0 1 2 1 2 0 0 2 0 2 2 0 1 2 0 1 0 2 2 0 1 0 1 1 2 0 2 2 1 0 1 1 1 0 1 1 1 2 0 1 2 0 2 1 0 0 0 0 2 0 1 2 1 2 1 0 2 0 0 2 0 1 1 2 0 2 0 2 0 2 1 2 0 1 0 0 1 1 2 2 0 0 2 1 1 0 2 0 0 2 0 0
2 2 2 2 2 0 2 2 2 0 2 2 2 1 1 2 2 1 1 0 1 1 1 2 1 0 1 1 0 2 2 0 1 2 0 2 2 2 1 0 2 1 0 2 0 1 2 0 0 0 1 2 1 2 2 0 0 1 2 1 1 2 2 0 1 2 2 1 1 2 2 1 0 0 1 1 2 0 1 0 1 2 0 0 2 0 0 0 2 0 2 1 2 1 1 0 1 2 0 0 1 2 1 2 0 1 0 0 2 1 1 1 1 1 1 1 1 0 2 1 0 2 2 0 1 2 1 2 1 2 2 2 0 1 1 0 0
2 1 0 0 2 2 2 1 1 1 1 1 1 2 0 0 0 1 1 2 0 1 1 0 1 1 0 1 0 1 1 2 0 2 0 0 1 1 0 0 2 1 2 1 0 0 2 1 1 2 0 2 0 2 0 0 0 1 1 0 0 0 0 0 0 1 2 2 2 2 2 2 0 0 1 1 0 2 0 0 1 1 0 2 1 0 2 2 2 1 0 2 2 1 1 2 2 0 2 2 0 0 0 1 0 1 2 1 0 0 1 2 2 1 2 1 1 1 0 0 0 1 1 0 0 2 0 0 0 2 1 0 2 1 1 2 0
1 1 1 2 2 1 2 2 0 0 0 0 1 2 1 0 1 1 1 0 1 2 0 0 0 0 0 1 2 0 2 0 2 1 0 2 2 2 2 1 0 2 1 2 2 2 2 0 0 1 1 2 0 1 2 1 2 0 0 2 1 0 0 0 2 1 0 2 1 2 1 1 0 2 1 0 2 1 2 2 2 0 2 1 2 1 2 2 0 0 2 1 1 0 2 0 1 1 0 0 1 1 0 2 1 1 1 0 0 0 0 0 0 2 1 0 2 1 0 2 2 0 1 1 0 1 2 2 0 1 0 2 2 0 2 2 2
0 2 0 1 1 1 2 0 2 0 2 1 1 1 1 1 2 2 2 1 2 2 1 0 2 1 1 0 2 0 0 0 0 1 2 1 2 2 2 2 2 2 1 1 1 2 0 1 2 0 0 2 2 0 0 2 1 1 0 1 1 0 2 0 1 2 1 1 1 1 1 1 1 2 0 0 0 1 2 2 1 0 2 1 0 0 1 2 1 1 1 1 1 1 1 1 0 2 2 1 2 1 0 0 2 1 1 2 2 0 1 1 0 2 2 1 2 0 1 1 2 0 2 1 2 1 2 2 2 0 1 1 1 1 2 1 2
0 0 2 0 0 0 2 2 0 0 2 1 2 0 0 0 0 2 2 2 2 2 1 2 1 2 2 0 1 1 0 2 2 0 1 2 1 0 2 2 1 1 1 2 1 0 0 2 0 1 2 2 1 0 0 0 1 0 0 0 1 0 0 0 1 1 0 0 2 2 0 1 0 1 1 0 1 2 2 1 1 1 2 2 0 2 2 1 0 0 1 1 1 2 0 0 0 1 0 0 1 0 0 2 0 1 2 1 1 0 1 2 2 0 2 2 2 2 1 0 0 0 2 2 2 2 2 1 2 1 2 1 1 2 0 1 2
1 1 0 2 2 0 1 2 0 2 2 0 0 2 0 1 1 2 1 2 0 0 1 1 0 0 2 0 1 2 2 2 0 2 2 2 0 1 2 1 0 1 2 1 1 0 0 0 0 2 0 0 2 2 1 2 2 1 0 1 1 2 1 1 0 1 1 1 0 1 1 0 0 1 1 1 1 2 0 2 1 0 0 0 0 2 1 2 1 1 1 2 2 0 2 0 1 1 1 1 0 0 2 0 1 1 0 0 1 0 2 2 1 0 1 1 2 0 2 1 2 1 2 2 1 1 2 0 0 2 2 1 2 2 2 1 2
0 1 0 0 1 0 2 1 2 1 2 2 1 0 0 2 2 2 2 1 0 0 2 2 1 1 2 0 0 0 2 1 2 0 2 1 2 2 0 1 1 0 2 2 1 0 2 1 2 2 0 0 0 0 2 1 1 0 2 0 1 2 1 1 0 2 0 2 1 1 1 2 2 1 2 1 1 1 2 1 2 0 2 2 0 2 1 0 2 0 1 1 0 0 0 1 2 1 1 0 2 0 2 2 1 1 0 2 1 0 2 0 0 1 0 2 0 1 0 1 2 1 2 1 2 2 0 2 1 1 0 0 2 1 0 1 0
0 2 2 1 1 2 0 2 0 2 0 2 2 1 2 1 1 1 1 1 1 0 2 0 2 0 0 0 1 2 1 2 2 1 2 0 0 2 0 2 1 1 1 1 0 1 0 1 2 1 0 1 0 0 2 2 1 0 0 2 2 1 0 2 2 2 2 1 1 0 0 0 2 1 2 2 0 2 1 0 1 2 2 1 0 2 1 1 2 1 2 0 1 0 2 0 2 0 2 1 0 2 2 2 2 1 2 0 1 2 0 0 1 2 2 2 2 1 2 2 0 1 0 2 1 2 0 1 2 0 0 1 0 2 0 2 1
1 2 0 0 0 0 2 0 0 2 1 2 1 0 0 0 1 2 1 0 2 0 1 0 0 2 1 0 0 0 2 2 1 2 2 2 0 0 0 1 2 1 1 1 2 1 1 0 1 0 1 1 0 0 2 1 0 0 1 0 1 0 0 0 0 0 2 0 0 0 2 0 1 0 1 1 1 0 1 2 0 0 2 1 0 1 2 0 2 1 2 1 2 0 2 2 1 1 1 2 2 0 0 1 1 2 0 0 0 2 1 1 1 0 0 2 2 1 1 1 2 0 2 0 1 2 0 2 1 1 1 0 0 2 2 2 2
0 0 0 0 1 2 2 2 0 1 1 1 2 0 1 0 1 2 1 0 0 1 2 2 0 0 2 0 0 2 2 2 0 0 2 2 2 2 0 0 0 2 2 0 0 2 0 2 1 2 2 2 1 2 2 1 0 2 2 1 2 2 0 0 0 0 0 0 2 0 1 0 1 1 1 2 1 1 1 2 1 0 2 2 0 2 1 1 1 0 0 1 2 0 2 0 1 0 1 1 1 0 1 2 2 2 1 0 2 2 0 0 1 0 1 2 2 0 1 1 0 1 0 0 2 0 1 1 1 0 0 0 1 2 0 0 2
0 1 2 0 2 0 2 2 1 2 2 1 1 0 2 0 1 1 2 2 0 1 1 2 2 1 1 1 0 2 1 0 1 1 0 0 2 0 0 1 0 2 1 1 1 1 1 2 2 0 2 1 2 1 0 2 0 2 1 1 1 0 1 0 2 0 1 2 1 2 0 1 2 1 2 1 0 0 2 0 1 1 2 2 0 2 1 2 2 0 0 1 2 0 2 1 0 0 0 1 0 1 2 1 0 2 2 1 2 1 1 1 1 1 0 2 1 2 1 2 0 0 0 2 0 2 0 1 0 1 0 1 0 0 2 1 2
1 2 2 1 1 0 0 0 1 2 0 1 2 2 1 2 2 2 0 2 2 2 2 2 2 0 0 0 0 1 2 0 0 2 2 1 2 2 0 1 1 0 0 0 2 0 0 2 2 0 1 2 0 1 1 0 0 1 0 1 0 2 1 0 1 0 0 2 2 1 1 2 1 2 2 1 2 1 0 1 2 2 1 0 0 0 0 1 2 1 0 0 1 2 1 1 0 2 0 0 0 1 2 1 1 0 2 0 2 0 2 1 2 1 1 1 2 0 2 2 1 0 0 0 0 2 1 1 2 2 1 0 2 2 2 0 0
0 2 2 0 1 1 1 0 0 0 0 1 0 1 2 1 1 0 1 1 2 0 1 2 2 2 1 1 2 2 2 2 1 2 1 0 1 2 2 2 2 0 0 2 1 0 1 0 0 0 2 0 0 0 0 0 0 2 2 0 1 0 2 0 2 1 2 1 1 1 1 1 1 1 1 1 2 0 2 1 1 1 1 1 2 2 2 0 2 2 0 1 2 1 2 2 2 1 1 1 0 2 0 2 2 2 0 1 0 2 2 1 1 2 0 1 2 0 1 2 0 0 1 2 1 1 1 1 2 0 0 0 0 1 2 0 0
0 1 0 0 2 2 1 2 1 0 1 1 2 2 2 2 0 1 1 2 0 2 2 2 1 2 0 2 1 0 2 2 1 1 1 1 1 2 0 2 0 0 1 0 0 0 0 1 2 2 0 1 1 2 0 2 2 0 2 1 0 0 1 2 2 2 2 0 2 0 0 0 0 2 1 0 0 1 1 0 1 2 1 0 1 1 0 0 2 1 2 0 1 1 1 0 1 0 1 0 0 2 2 2 2 0 0 0 0 2 0 1 2 2 2 1 1 1 2 2 2 2 2 1 1 0 2 2 0 1 1 2 1 0 1 0 1
1 0 2 1 0 2 1 0 2 0 0 0 0 2 0 0 2 2 1 0 1 2 1 0 0 0 1 1 1 2 0 1 2 0 2 0 0 1 2 2 1 2 0 2 2 1 0 1 1 1 2 2 0 1 0 1 2 2 2 2 2 1 0 2 2 0 0 2 2 0 1 0 2 2 0 2 1 0 0 2 0 0 2 1 2 1 0 2 0 0 1 1 1 2 0 0 0 1 2 2 1 2 0 1 1 1 0 2 1 2 1 1 0 2 0 0 0 1 2 0 1 1 2 1 0 0 2 0 1 0 0 0 2 1 2 0 2
1 1 1 0 0 0 0 2 1 0 2 2 0 1 1 1 0 2 0 0 0 1 0 0 2 1 2 0 0 0 0 1 1 1 2 0 2 0 2 0 1 0 0 2 1 2 1 2 2 1 1 2 1 1 0 0 2 2 1 0 1 2 0 2 0 0 0 1 1 0 2 2 0 0 2 2 0 1 1 0 2 2 1 1 1 1 1 1 1 0 0 2 2 0 2 1 0 0 2 2 1 1 0 2 2 2 1 2 0 2 1 1 0 2 2 1 0 2 1 2 2 1 2 0 1 0 1 2 1 1 0 2 0 0 1 0 2
0 0 0 0 2 2 0 1 1 0 0 0 1 2 1 0 0 1 2 0 0 2 2 2 2 2 2 2 1 0 0 1 2 0 1 1 0 0 0 1 1 1 0 0 0 2 0 1 1 2 2 2 1 1 1 1 0 1 1 1 2 1 0 1 2 2 0 2 0 0 2 1 1 0 2 0 0 2 2 1 2 2 0 0 0 2 2 2 0 2 1 0 0 2 2 1 2 0 1 2 1 0 1 1 1 1 2 1 0 1 0 0 0 1 1 2 0 1 1 2 1 2 2 2 2 0 0 1 0 2 1 1 0 0 0 2 1
2 1 2 1 2 2 1 0 1 1 2 0 2 1 1 0 1 0 0 1 2 2 2 1 1 2 2 2 2 2 1 2 1 1 0 0 1 2 1 0 1 0 0 1 2 2 2 1 0 0 0 0 0 1 2 1 0 1 1 0 1 0 2 2 2 0 0 0 1 1 1 2 0 2 1 2 2 2 1 0 2 0 0 2 2 2 1 0 1 0 0 2 0 1 2 0 1 0 0 0 0 2 2 0 2 2 0 2 1 0 2 0 0 0 0 2 2 1 0 1 1 0 1 2 1 1 2 1 0 1 1 0 1 2 1 0 2
2 0 0 2 2 1 0 0 2 0 2 0 0 2 0 1 1 0 0 2 0 2 0 2 2 0 0 2 2 2 1 2 2 1 2 0 0 0 0 2 0 1 0 2 0 1 1 1 2 1 1 0 2 2 0 1 0 0 0 1 2 2 1 0 1 0 0 1 1 1 1 0 2 2 2 0 1 0 1 1 2 1 2 2 0 2 0 1 2 1 2 0 0 0 0 2 2 1 0 0 2 1 0 0 1 2 0 0 0 2 2 1 0 1 0 1 0 2 2 0 0 0 1 2 1 2 1 0 1 0 1 1 2 1 2 1 2
2 1 2 2 1 0 0 2 1 1 0 0 2 2 1 0 0 1 1 1 1 2 2 2 0 1 1 2 0 1 1 0 0 1 2 2 2 0 1 0 2 2 1 2 1 1 0 2 0 2 0 1 1 0 1 2 1 0 1 0 2 1 0 2 2 0 1 2 0 1 1 1 1 2 1 2 1 2 2 2 1 0 1 0 1 0 0 0 1 2 0 0 0 1 0 2 2 0 0 0 1 1 1 2 0 1 2 0 0 1 2 2 2 1 0 1 1 0 0 0 2 0 1 0 0 2 0 2 2 0 2 1 1 2 0 0 0
0 0 1 2 0 0 0 1 0 1 1 1 1 1 1 0 1 1 0 0 0 0 0 1 2 1 1 1 2 2 2 2 0 0 2 0 1 2 2 1 1 0 0 0 0 2 1 1 1 2 2 1 2 0 1 0 2 0 2 1 2 2 1 2 0 0 0 2 0 0 1 2 2 2 0 2 1 0 1 2 2 1 2 0 1 1 0 0 1 2 2 1 2 1 1 0 2 1 2 2 1 0 2 0 0 1 0 1 1 2 2 1 0 2 1 2 0 2 0 2 2 2 0 1 0 1 1 0 0 1 0 2 0 1 1 0 0
2 0 1 2 2 0 0 2 2 0 0 1 0 2 1 0 0 1 1 1 2 2 2 2 1 2 2 0 0 0 0 0 0 1 0 0 1 0 2 1 0 2 1 2 2 2 0 2 0 1 1 1 2 0 0 1 0 0 1 1 0 1 2 1 0 2 2 2 1 2 1 1 2 0 0 2 2 0 1 1 0 0 2 0 1 0 1 2 1 2 1 1 1 1 0 1 1 0 0 2 0 2 1 2 2 0 1 0 1 1 1 1 1 1 2 0 1 0 0 2 0 1 1 1 2 2 2 1 0 1 1 0 1 0 0 2 1
0 2 2 1 0 2 0 1 1 0 0 2 0 0 0 2 1 2 0 0 2 1 1 0 1 2 0 2 0 2 0 1 1 2 2 2 2 0 1 1 1 1 1 2 1 1 2 2 1 2 1 1 2 0 1 1 0 2 0 1 1 0 2 2 0 2 2 1 0 0 2 1 2 1 1 0 0 1 1 2 1 0 0 0 1 2 2 1 2 2 0 0 0 2 1 2 2 0 0 2 2 2 2 1 1 0 0 1 1 2 0 0 0 0 1 1 1 1 1 0 1 1 1 2 2 2 1 2 1 1 2 0 1 1 2 2 1
2 0 1 2 2 2 2 2 1 1 0 2 0 1 1 1 0 0 1 0 2 1 1 0 1 2 1 0 2 1 2 2 1 0 2 1 0 1 2 2 0 0 1 0 2 0 0 2 1 1 0 0 0 2 1 1 2 2 2 1 1 2 1 0 0 0 2 1 2 1 0 0 2 2 1 1 0 1 1 2 1 1 1 2 1 2 2 1 0 1 0 1 0 1 2 1 2 2 0 2 0 0 0 2 2 1 1 0 1 0 0 2 0 1 2 1 1 1 0 1 0 1 0 1 0 0 2 1 2 0 0 1 0 0 0 1 2
0 1 0 0 2 2 1 0 2 1 2 1 1 1 1 0 2 0 2 0 0 0 2 1 1 0 2 2 2 0 1 0 2 2 1 1 2 0 0 2 1 0 1 0 1 0 2 1 0 1 2 2 2 1 1 0 0 0 0 0 2 1 0 2 1 1 0 1 2 1 0 0 2 2 1 2 0 0 0 1 2 0 1 1 1 2 2 2 1 2 2 1 1 0 0 0 2 1 1 2 0 2 0 0 2 2 2 0 0 0 1 2 0 0 1 2 0 1 2 2 0 0 0 1 0 0 2 0 2 1 0 0 1 0 0 1 0
0 1 0 0 0 0 1 1 2 1 2 0 1 1 0 1 0 2 2 0 2 2 0 1 0 1 2 0 2 1 1 0 2 1 1 1 2 0 2 1 2 2 1 1 2 2 2 2 2 2 0 2 0 1 0 0 2 1 1 2 2 0 2 0 2 2 1 2 2 1 1 2 1 2 0 0 0 0 0 0 0 0 2 0 2 0 0 2 2 2 2 0 0 0 0 0 2 2 2 1 1 1 1 2 2 1 0 2 0 0 2 1 2 2 1 1 0 2 0 1 0 1 1 1 1 2 1 1 1 1 2 0 1 2 0 0 1
1 0 1 0 2 2 2 2 1 0 2 1 2 0 2 0 2 0 1 1 1 2 0 0 2 1 1 1 2 2 0 0 2 2 0 1 2 0 1 0 1 2 2 0 0 1 1 0 1 2 1 0 2 0 1 2 1 0 2 0 0 0 1 2 2 0 2 2 0 1 0 2 0 0 0 1 0 1 1 1 1 0 0 0 0 2 1 2 2 0 0 0 0 0 0 2 1 0 2 2 1 0 2 0 1 2 1 1 1 0 1 2 1 1 1 0 0 2 0 0 0 1 1 0 2 2 0 0 2 0 2 1 1 2 1 0 0
0 2 1 1 0 1 0 1 0 0 2 0 0 0 0 2 1 1 1 0 0 1 0 0 2 2 0 1 1 0 1 2 2 0 1 1 0 1 2 1 2 0 2 0 0 0 1 1 2 2 2 2 2 2 0 1 1 0 0 0 1 2 0 2 0 1 0 0 0 0 2 0 0 2 0 0 2 1 2 2 2 1 1 1 0 0 0 0 1 0 0 0 0 1 2 1 2 0 2 0 0 2 0 2 1 2 2 2 1 2 1 0 0 1 2 2 1 0 2 2 2 0 0 2 2 0 1 2 0 2 0 2 1 1 1 1 1
0 0 1 0 1 2 2 2 2 1 1 0 1 1 2 1 2 2 1 0 1 1 1 0 2 0 2 0 1 0 0 0 0 1 1 2 0 0 2 0 2 0 1 1 2 0 0 2 0 1 0 2 0 1 2 2 0 2 1 2 0 1 2 1 2 1 1 0 2 0 1 2 0 0 0 1 0 1 0 1 1 1 0 1 2 0 1 0 0 2 0 0 1 2 2 1 1 0 1 2 1 0 2 2 0 2 0 2 2 1 0 0 2 1 2 0 1 1 0 2 0 1 0 1 1 0 0 0 1 2 0 2 0 2 2 1 2
0 0 2 1 1 0 2 2 2 0 1 1 1 1 2 0 1 2 2 2 2 2 1 2 0 0 0 0 2 2 0 0 0 2 0 1 2 2 1 0 0 2 2 1 0 1 1 2 1 0 1 2 1 2 1 2 0 2 2 1 2 0 2 2 0 2 1 0 2 2 1 2 0 0 1 0 2 0 0 2 1 2 1 0 0 0 2 1 1 2 0 0 2 0 1 0 2 2 1 2 0 0 1 0 1 0 1 0 1 1 0 0 2 2 0 0 0 2 1 2 1 2 2 2 2 1 0 2 2 2 2 2 2 2 0 0 2
1 1 1 1 2 1 0 1 1 0 2 1 2 1 1 2 2 0 2 0 1 2 2 0 1 2 0 1 0 0 1 2 2 0 0 2 2 1 2 1 2 1 0 1 1 1 2 1 2 1 2 0 0 2 1 0 2 1 1 0 2 0 0 2 1 0 2 1 2 2 2 2 0 2 1 2 1 0 0 1 2 0 2 0 0 0 1 0 2 1 0 2 1 1 2 0 2 2 1 1 1 2 0 2 2 2 2 1 2 0 2 2 1 2 0 2 0 2 0 0 0 1 0 0 0 2 0 2 2 0 2 0 2 2 0 1 2
0 0 0 1 1 2 0 1 0 2 1 1 0 2 1 2 0 2 0 0 1 2 0 1 1 0 1 2 1 0 2 1 2 2 0 0 0 1 1 1 1 0 2 2 1 1 2 1 1 0 1 2 0 2 1 0 0 2 2 1 1 1 1 0 2 2 1 2 1 0 0 2 0 0 2 2 2 2 0 0 2 0 0 0 2 1 0 0 2 0 2 1 2 1 1 1 1 0 0 2 0 2 2 1 0 0 1 2 0 2 0 0 2 1 1 0 1 2 0 0 0 0 2 2 1 1 2 0 1 0 2 2 2 0 1 2 0
0 2 0 0 1 1 0 2 0 0 0 0 2 1 0 2 0 1 2 1 1 2 2 1 0 2 2 0 1 2 1 1 0 1 2 1 1 0 0 2 1 2 0 0 0 1 0 1 2 2 0 1 2 1 0 2 0 0 0 1 2 1 1 2 1 0 1 2 1 2 1 0 1 2 0 2 1 1 1 1 1 2 0 1 0 1 1 0 1 2 0 1 1 1 2 2 2 0 2 1 0 2 2 2 1 0 2 0 2 0 2 1 0 0 0 0 1 2 2 0 2 2 1 0 1 1 0 0 2 0 2 0 2 1 0 1 2
0 2 2 1 1 0 2 1 1 0 0 1 2 0 0 1 0 0 2 1 1 1 1 2 0 2 2 2 0 1 2 1 1 1 2 2 1 1 2 0 2 2 1 2 1 2 1 1 0 1 0 2 2 2 1 0 2 2 0 0 0 2 1 1 0 0 1 2 0 1 1 0 0 2 2 2 2 1 0 0 0 2 2 2 1 2 0 1 1 0 1 2 2 0 1 0 0 0 0 1 1 2 2 2 1 2 2 1 0 0 2 1 2 0 1 1 0 1 2 2 0 1 1 2 1 2 1 0 2 2 2 1 1 2 2 0 1
1 0 2 1 2 2 2 2 0 0 0 2 1 2 0 2 1 0 2 0 2 0 1 1 2 0 2 2 2 2 1 1 2 1 1 0 1 0 0 1 0 1 1 1 0 2 2 1 0 2 0 2 0 2 0 0 2 0 0 2 2 1 0 0 0 1 1 1 2 1 0 0 0 2 2 1 2 2 0 2 2 1 2 2 0 0 0 0 0 0 0 0 1 1 1 2 1 2 1 0 2 2 1 2 1 2 1 1 1 2 0 1 0 0 1 2 0 1 2 0 1 0 0 1 1 2 1 2 2 2 1 1 2 2 1 0 1
2 2 1 2 0 0 1 0 1 0 0 1 0 1 0 0 2 1 2 2 0 0 1 1 1 0 0 1 2 2 1 1 1 2 2 2 0 0 2 2 0 1 0 1 2 1 1 2 0 0 2 1 0 2 0 2 2 0 1 2 2 0 0 2 0 2 2 0 0 1 2 0 0 1 1 1 2 0 1 2 2 1 1 0 0 1 0 0 0 2 2 0 2 0 2 2 1 1 0 1 1 2 0 2 0 2 1 0 0 0 1 2 2 2 2 0 2 0 0 0 2 0 0 1 0 1 1 2 0 1 1 2 2 1 2 0 0
1 1 1 1 2 1 0 2 1 0 2 1 1 0 2 1 1 1 0 0 0 2 1 2 1 1 1 0 1 0 2 2 2 0 2 1 2 2 1 1 1 2 0 2 2 2 2 1 2 0 2 0 0 1 2 2 0 2 2 1 0 2 1 2 0 0 1 0 1 2 1 2 2 2 2 0 2 1 1 2 1 2 2 2 0 2 2 1 1 2 0 1 2 1 0 0 0 1 0 2 2 2 1 2 1 1 2 1 1 2 0 2 1 2 2 2 2 1 0 1 2 0 1 1 2 2 1 0 1 2 2 1 1 1 1 2 0
1 1 1 1 2 1 0 2 2 0 2 1 1 0 0 2 2 1 1 2 0 0 0 2 2 2 0 2 1 1 2 2 0 1 1 2 0 2 2 2 2 1 1 0 0 1 2 2 1 2 1 1 0 2 1 2 2 2 2 1 1 2 1 1 0 1 2 1 0 1 0 0 1 1 1 2 1 1 2 2 1 1 0 1 1 2 1 2 0 1 0 1 0 2 1 2 0 0 1 1 2 1 1 1 1 0 0 0 2 0 2 0 2 2 2 1 0 2 0 0 1 1 2 2 1 0 1 1 1 0 2 1 0 1 2 2 0
1 2 2 1 1 0 1 1 0 2 1 0 1 2 1 2 2 1 0 0 0 0 2 1 0 1 1 0 1 0 0 2 0 2 0 1 0 2 2 1 0 2 2 1 2 1 0 2 0 2 0 0 2 0 2 0 1 1 0 2 2 0 0 2 1 0 0 1 1 1 0 1 1 0 2 0 2 0 0 2 2 1 0 2 2 0 0 0 2 1 0 2 0 0 2 1 2 1 0 1 0 1 2 1 2 1 2 1 2 0 1 2 1 1 2 1 2 0 2 2 2 0 2 2 1 1 0 1 2 1 2 0 0 2 1 2 1
1 1 1 2 2 1 2 1 0 0 0 1 0 0 0 1 2 0 0 2 1 2 2 2 2 0 0 0 1 0 1 0 2 2 0 1 1 2 0 2 0 2 1 0 2 2 1 2 2 0 1 0 0 0 0 2 0 1 0 0 2 2 1 1 2 1 0 1 1 2 1 2 1 2 0 0 1 0 0 1 0 2 1 0 1 2 0 2 1 1 2 0 0 1 2 0 0 2 2 0 1 0 0 0 2 0 1 1 0 2 2 0 2 1 0 1 1 1 0 0 2 1 0 0 0 2 1 0 2 1 1 2 1 1 0 2 2
2 1 2 2 1 1 2 0 2 0 2 0 1 2 0 2 2 1 2 2 0 1 0 1 2 0 2 2 0 2 1 0 1 1 2 0 0 2 0 0 2 0 0 0 0 2 1 1 0 0 0 0 2 1 1 0 2 2 2 0 1 1 1 0 2 1 0 0 0 2 1 0 2 1 1 2 1 2 0 2 1 2 2 0 1 2 1 1 1 0 2 2 1 0 1 2 1 1 0 1 0 1 2 0 0 0 1 2 0 2 2 2 2 2 2 1 1 2 0 2 2 2 0 2 2 1 1 1 0 2 2 1 1 2 2 2 2
0 1 0 0 1 2 2 1 0 1 2 2 1 0 2 0 1 1 0 2 0 1 2 2 1 1 1 0 1 1 0 2 0 1 2 2 1 0 1 1 2 0 0 1 1 2 2 2 2 0 2 2 1 0 0 1 1 1 1 0 0 2 1 1 1 1 1 2 1 2 1 1 0 2 0 2 1 2 2 1 2 2 1 2 2 2 0 1 1 2 0 2 2 1 1 1 2 2 0 2 1 2 1 1 1 1 1 0 1 1 2 1 1 1 1 0 1 1 2 2 0 0 2 0 2 0 1 2 2 2 2 1 1 1 0 2 2
2 1 0 0 0 2 1 2 0 2 0 2 0 0 1 0 0 1 0 0 1 0 1 0 0 2 0 1 0 0 1 0 1 1 1 2 2 1 2 0 1 2 1 1 0 2 0 0 1 1 1 0 2 0 2 0 0 2 1 1 0 2 2 2 1 1 2 1 0 2 2 1 2 0 1 2 0 2 0 2 1 0 0 0 0 2 1 1 1 2 1 2 2 0 1 0 2 2 2 2 1 2 2 1 0 0 1 0 0 2 0 1 2 0 2 1 2 0 0 1 2 1 1 1 0 0 2 2 2 2 2 1 1 2 0 2 2
2 2 0 2 0 1 0 1 0 1 2 1 2 0 1 1 2 0 1 1 2 1 1 2 1 0 1 0 1 1 0 1 1 0 0 2 1 0 1 2 2 0 1 2 1 2 0 1 2 2 2 2 0 0 2 2 1 1 0 0 2 1 1 2 1 2 1 1 0 0 1 0 0 0 2 2 2 0 1 2 0 1 2 0 2 2 0 2 0 2 2 1 0 2 0 1 2 2 0 2 0 2 2 0 2 1 0 1 1 2 1 1 0 1 0 1 0 1 0 2 0 0 0 1 2 1 0 2 0 1 2 0 0 1 2 2 1
0 2 0 0 1 0 1 0 1 2 1 0 0 1 1 1 1 2 1 0 0 1 2 2 0 0 0 2 2 0 1 1 0 2 1 1 2 0 2 1 0 2 1 1 0 2 2 0 0 2 1 1 1 0 1 1 1 2 1 1 0 0 2 0 0 1 2 0 2 0 1 0 0 2 1 1 0 2 2 1 1 1 0 2 1 2 1 0 1 0 2 2 1 2 2 1 1 2 2 1 0 0 1 0 1 0 2 1 2 1 0 1 0 0 1 0 0 0 0 2 1 0 1 0 1 1 0 0 1 2 2 1 1 0 0 2 1
2 1 1 1 1 0 0 2 2 0 0 0 1 0 2 0 2 0 2 0 0 2 2 0 1 2 1 2 2 0 0 2 2 2 1 1 0 1 1 0 2 2 0 1 2 0 2 2 1 1 0 1 1 0 2 0 2 1 2 2 2 0 1 2 0 0 0 1 2 2 1 2 1 2 1 2 2 1 1 0 0 1 2 1 0 2 1 2 1 1 2 0 1 1 2 2 1 1 0 2 0 1 2 2 2 1 1 1 2 2 0 2 2 0 1 2 0 0 2 1 1 1 0 0 0 2 0 2 1 0 2 2 0 1 1 2 2
0 1 1 0 2 1 2 0 2 2 0 2 2 0 1 1 0 2 2 2 2 0 1 0 2 1 1 1 0 1 1 0 1 0 0 0 2 1 0 0 1 2 2 1 2 2 0 2 1 0 2 1 0 1 2 0 2 2 2 2 0 0 0 1 1 1 2 1 0 0 1 2 2 1 1 1 1 1 1 2 2 1 1 0 2 2 1 0 1 0 2 1 1 0 1 0 2 1 2 0 1 1 2 2 0 0 0 2 2 0 2 0 1 2 0 1 1 1 2 2 2 0 1 0 1 0 1 1 1 1 1 1 2 1 0 1 0
1 0 0 1 0 0 0 2 0 0 1 2 2 1 2 2 1 1 0 1 2 1 0 2 0 2 1 2 2 0 2 0 0 2 0 2 0 0 2 1 0 1 1 0 2 1 2 0 2 1 0 0 2 1 2 0 0 1 0 2 2 2 0 0 2 0 2 0 1 2 2 2 1 1 2 0 2 0 2 0 2 2 0 1 0 2 2 0 0 0 0 2 0 0 0 0 1 0 1 0 2 0 2 1 2 0 2 0 0 2 0 2 2 1 1 2 0 2 0 1 2 1 2 1 2 0 1 0 0 2 1 1 1 1 2 0 2
2 1 2 2 1 2 1 2 1 1 0 1 2 0 2 0 2 0 0 0 2 1 1 2 0 0 0 2 0 2 1 0 0 1 0 0 1 2 0 0 1 1 2 0 2 1 2 1 2 2 2 1 1 0 0 2 1 1 2 2 1 1 0 2 0 1 2 1 1 1 0 2 0 2 0 2 1 2 1 0 2 0 1 1 1 2 0 0 1 1 2 2 2 1 2 0 2 2 1 0 0 1 0 0 1 1 0 0 1 1 0 1 1 2 0 1 2 1 1 0 2 1 0 2 0 0 0 2 0 1 1 2 1 1 0 0 0
1 1 0 2 2 2 2 2 0 0 1 1 1 2 2 0 0 2 0 1 2 0 2 1 1 2 0 0 2 1 2 0 0 0 0 2 2 0 1 2 0 0 1 1 1 0 2 1 2 2 0 2 0 0 1 2 2 1 1 1 0 0 0 0 0 1 1 0 1 0 2 1 2 0 0 0 2 0 1 2 1 2 2 1 2 0 2 2 2 0 2 0 1 2 1 2 0 2 0 2 0 2 1 2 0 1 2 2 0 1 0 1 2 2 0 2 0 0 2 2 0 1 0 2 1 2 2 2 2 2 1 0 1 0 0 0 2
0 0 2 2 0 1 2 2 2 1 0 0 0 0 1 2 0 1 1 0 1 0 1 0 2 1 0 2 2 1 2 2 1 2 2 2 1 1 2 1 0 0 1 1 1 0 2 2 0 0 1 1 2 2 2 1 1 0 2 0 1 2 1 0 1 0 0 0 0 0 2 1 1 2 0 2 2 2 2 2 0 1 1 0 0 2 1 1 2 1 0 1 0 1 2 0 2 2 0 0 0 1 1 2 0 2 1 0 1 1 1 2 2 2 0 0 1 0 2 1 1 0 0 0 1 2 0 1 2 1 2 2 2 0 1 2 0
1 1 0 0 2 0 0 1 1 1 1 1 1 0 0 1 0 0 2 0 1 1 2 0 1 1 0 2 1 1 0 2 2 1 2 1 1 0 0 0 2 2 2 1 0 0 0 1 1 2 1 0 1 0 1 0 0 1 0 1 2 1 1 2 2 0 0 1 2 2 0 2 2 2 0 0 2 0 1 1 1 0 2 0 1 0 1 1 1 2 0 2 0 1 1 0 0 0 2 0 0 2 2 2 2 0 2 2 2 1 1 0 1 0 1 0 0 2 2 0 1 2 2 2 2 1 2 2 1 2 2 1 1 2 1 1 2
1 2 1 2 0 2 1 2 1 2 0 1 1 0 0 1 0 2 0 0 0 0 1 2 2 1 1 2 0 1 2 1 0 1 2 1 2 0 0 0 2 1 1 1 2 2 1 1 0 2 1 0 0 0 0 0 1 2 1 2 0 0 2 1 2 1 0 1 2 1 2 0 0 2 2 0 1 0 1 1 1 2 2 1 2 2 2 2 2 0 2 0 1 1 0 2 0 1 0 1 2 1 1 0 0 0 1 1 1 0 1 0 2 0 1 2 0 1 2 0 0 2 1 2 1 2 1 2 0 0 0 1 1 1 2 1 2
1 0 1 1 2 1 0 0 0 0 1 2 0 2 0 2 1 2 0 1 1 0 2 2 1 1 0 0 0 2 0 2 0 1 0 0 1 1 1 1 2 2 1 0 1 1 2 0 2 0 1 1 1 1 0 0 2 1 1 1 1 1 0 1 0 2 2 1 0 0 0 0 0 2 0 2 1 2 0 1 1 1 2 0 0 2 0 1 0 1 0 1 0 1 0 1 0 0 2 1 1 0 1 2 1 2 1 0 2 1 1 0 1 0 1 2 2 2 0 2 0 0 1 1 2 1 0 0 2 0 1 2 2 1 1 0 1
0 0 1 0 1 0 2 1 1 1 1 0 2 1 2 0 2 1 0 1 1 1 2 1 0 1 0 2 0 1 0 0 1 0 0 0 0 2 2 1 2 0 0 1 2 2 2 1 0 1 1 2 2 1 1 0 2 2 0 2 1 1 0 1 2 2 1 2 2 2 1 1 0 2 0 0 1 0 2 2 1 0 1 1 1 2 1 1 2 2 1 2 2 2 0 1 1 2 1 0 1 0 2 2 2 2 0 1 0 2 0 1 0 2 0 2 2 2 2 0 2 0 2 1 2 0 1 0 2 2 2 2 0 1 2 0 1
2 1 2 1 2 1 2 2 0 0 2 2 2 0 2 0 2 2 0 0 0 1 1 0 0 1 0 2 0 1 2 0 2 2 2 2 0 0 2 0 1 1 0 0 2 1 0 2 0 1 0 1 0 2 1 1 0 2 1 1 0 0 1 0 2 1 2 0 1 2 2 2 0 0 0 2 1 2 0 2 1 1 0 1 0 1 0 1 1 2 2 1 2 1 1 2 2 1 2 2 0 2 1 1 0 0 1 2 0 2 0 1 0 0 1 1 0 2 2 1 1 2 0 1 0 2 0 1 1 0 0 2 1 2 1 1 0
1 1 0 0 1 0 2 0 1 0 0 0 1 2 2 1 0 0 0 0 1 1 2 2 1 1 0 1 1 2 2 2 1 2 0 0 2 2 0 1 1 1 1 0 2 0 1 2 1 1 0 2 2 2 2 1 2 2 0 0 0 0 0 1 0 0 2 0 0 1 1 2 0 1 2 2 2 1 2 1 0 2 0 0 0 0 0 2 1 1 0 1 1 0 0 1 0 0 2 1 1 2 0 2 0 0 1 0 2 1 1 2 2 0 0 2 0 1 2 2 2 2 1 1 0 1 1 0 2 0 0 1 0 0 1 1 1
1 2 1 2 0 0 2 1 1 1 2 0 0 2 0 0 1 2 0 0 0 2 0 1 0 2 2 0 0 1 2 2 0 0 0 2 1 2 0 1 1 0 1 2 0 1 1 1 1 2 1 1 1 2 1 1 2 1 0 0 2 0 0 1 2 0 0 1 2 0 2 1 1 1 2 2 0 1 0 1 0 2 1 0 2 0 2 2 1 0 0 1 1 1 2 1 1 0 2 1 1 0 1 0 1 0 2 2 1 0 2 2 0 0 2 1 1 2 0 0 2 1 2 1 2 2 0 0 2 1 0 1 1 1 2 2 2
2 2 0 0 1 0 1 2 0 0 1 0 0 1 0 2 0 2 1 0 0 0 1 1 0 0 2 1 0 0 0 2 0 1 0 2 1 2 1 2 0 0 2 0 2 0 0 0 0 0 1 0 0 0 2 1 0 2 0 1 0 0 2 0 2 0 2 1 2 1 1 0 1 0 0 1 1 2 2 1 0 0 0 0 1 2 2 2 2 2 1 0 0 0 1 2 0 1 0 0 0 1 0 0 0 1 1 2 1 0 1 1 1 1 2 2 1 1 2 1 1 0 2 1 1 1 0 1 2 2 2 0 1 0 0 1 1
2 2 1 2 0 2 1 2 0 0 1 2 0 0 1 1 0 2 2 1 1 1 1 0 0 1 1 0 2 1 0 2 0 2 1 1 2 0 1 2 2 0 2 2 0 0 1 0 0 0 2 1 0 1 1 1 1 1 0 1 0 0 0 0 0 2 2 2 0 0 2 2 0 2 1 0 0 0 2 0 2 2 0 2 1 2 0 0 0 0 1 1 1 1 1 2 0 1 2 1 1 2 0 2 1 0 1 2 1 0 0 0 0 0 0 2 0 2 2 1 2 0 0 2 2 2 1 1 1 1 0 0 0 1 0 2 2
1 1 0 2 0 2 2 0 2 2 1 1 2 1 2 1 1 1 1 1 0 0 0 2 1 1 0 0 2 0 2 0 2 2 2 2 1 2 1 2 2 2 0 2 1 0 1 2 2 2 2 0 1 2 0 2 1 0 2 0 1 1 0 2 1 0 2 1 1 0 0 0 1 1 0 2 2 1 0 1 2 0 2 0 2 2 0 2 1 2 2 0 1 1 2 0 2 0 1 0 0 2 1 2 2 2 0 2 2 0 0 1 0 1 2 0 1 2 2 0 2 0 1 0 1 1 0 0 1 0 1 0 0 0 2 2 0
0 1 2 1 0 0 2 1 0 0 0 0 0 1 2 0 2 2 2 0 1 1 0 2 0 0 2 0 0 0 0 2 2 0 0 2 1 0 1 0 0 2 0 1 1 0 0 0 0 2 1 1 0 2 1 0 0 2 1 1 2 0 0 1 1 1 2 0 1 1 0 2 1 1 1 2 2 1 2 2 1 2 2 2 1 0 0 2 2 0 1 2 0 2 2 2 0 1 2 0 0 0 2 2 2 1 1 2 0 2 1 2 2 1 2 1 0 0 0 2 0 2 0 1 1 2 0 0 1 0 0 1 1 0 0 1 2
0 0 0 0 2 2 2 1 2 0 2 1 2 1 1 2 2 0 2 1 1 2 2 1 0 1 0 1 2 2 1 0 2 2 1 0 2 0 2 2 2 1 0 2 0 2 1 0 0 1 1 2 1 2 1 1 0 2 0 0 1 1 2 2 1 0 0 1 2 2 0 2 1 1 1 1 0 0 1 2 2 1 1 0 0 2 0 1 2 1 2 2 0 1 2 2 2 2 0 1 2 1 0 0 0 2 1 1 0 1 0 2 0 1 1 0 2 2 2 1 0 1 0 1 0 0 1 0 2 1 1 1 0 2 1 0 1
1 2 1 0 2 2 0 2 1 1 1 0 0 0 1 2 1 0 0 2 2 0 2 1 1 1 2 0 1 0 2 0 0 2 0 1 1 1 0 2 0 1 0 1 1 2 0 0 2 1 0 1 1 0 1 1 2 0 2 0 1 0 0 2 2 1 0 0 2 1 0 2 2 1 0 1 0 1 0 2 0 1 2 2 2 0 0 1 1 1 2 2 1 0 2 0 2 2 1 1 0 1 2 0 2 2 0 2 1 1 2 2 2 1 2 1 2 0 0 0 1 2 1 2 1 0 0 0 1 1 1 1 2 1 0 2 1
0 1 0 1 2 0 1 1 2 0 1 2 0 2 1 1 1 1 2 2 2 2 0 0 1 2 1 0 2 0 2 0 0 2 1 2 2 0 0 2 0 2 2 2 0 1 0 1 2 0 0 2 0 1 0 1 1 2 2 0 2 1 1 2 2 0 1 2 2 0 2 2 0 2 2 0 0 2 0 0 0 1 1 0 0 2 0 1 1 0 2 0 0 1 0 2 0 2 1 2 0 1 2 1 0 2 2 1 2 2 0 0 1 1 1 2 0 1 0 1 2 0 2 2 2 0 2 0 0 1 2 0 0 1 2 1 1
2 0 1 2 1 2 1 2 0 0 0 0 1 2 2 2 1 2 2 2 1 2 0 2 2 1 0 1 1 2 0 1 0 1 0 1 1 2 1 1 0 1 1 2 1 1 1 0 0 1 0 2 0 0 0 2 2 1 0 1 1 1 2 1 2 0 0 1 2 2 0 1 1 2 0 2 1 2 0 2 0 0 0 0 2 0 0 2 1 1 0 1 0 0 2 0 0 1 2 1 0 0 2 2 2 2 2 1 1 2 2 2 1 2 2 0 0 0 0 2 1 0 0 1 0 1 0 0 2 2 2 0 2 1 2 2 1
0 1 0 0 1 2 1 0 2 2 0 2 2 0 2 0 1 1 0 2 1 2 2 0 2 2 0 1 0 0 0 0 2 1 0 0 0 0 1 0 2 2 0 0 2 2 1 0 1 2 0 2 2 2 1 2 0 1 0 0 2 2 0 1 0 1 2 1 1 0 1 2 2 0 0 2 2 1 0 1 1 2 2 0 2 0 1 2 2 1 0 2 0 1 1 1 0 1 0 1 1 2 1 2 2 1 2 0 0 2 1 1 2 0 0 2 1 1 2 1 0 0 1 2 1 2 1 1 0 1 1 0 2 0 0 2 2
2 2 0 1 2 2 2 0 0 1 2 2 1 1 1 1 2 1 1 1 2 0 0 2 2 1 2 0 1 1 0 1 2 1 2 2 0 2 2 2 0 2 2 2 0 0 1 0 1 0 0 2 1 1 2 0 2 1 1 1 0 1 2 2 2 2 1 1 2 1 0 0 1 2 0 2 1 0 0 2 0 0 2 1 1 1 0 1 0 1 0 1 0 0 0 0 0 2 1 0 1 1 1 0 2 2 2 0 0 0 0 0 1 1 0 0 2 0 1 0 2 0 1 0 0 2 1 0 2 2 1 1 2 0 2 2 0
2 2 0 0 0 0 2 1 0 2 2 1 1 2 1 1 1 1 2 1 0 0 1 0 0 2 0 0 2 2 1 2 2 1 2 0 2 2 2 1 2 1 2 2 1 1 0 0 1 0 1 1 2 0 1 2 1 2 0 0 2 1 2 2 0 0 0 2 2 0 0 0 2 1 2 1 0 2 1 1 1 0 0 1 1 2 1 0 0 1 0 2 0 1 0 0 1 0 0 1 1 2 1 0 1 0 2 1 1 0 1 0 1 1 1 0 1 0 0 1 1 1 2 2 2 2 0 1 0 0 0 1 0 0 2 2 1
1 1 0 2 0 0 1 2 2 2 0 2 0 0 1 1 0 0 1 2 1 0 0 0 2 1 0 2 1 1 0 2 0 1 2 0 2 0 2 0 2 0 2 1 0 2 2 0 0 2 0 2 0 0 2 2 2 0 1 1 1 0 1 1 1 0 2 0 2 1 0 2 2 1 0 0 1 1 2 1 0 2 1 1 1 1 1 1 2 0 0 1 0 1 1 2 2 0 1 2 0 2 1 0 1 2 0 2 0 2 2 1 0 0 2 1 2 1 2 2 0 0 1 0 2 0 1 2 1 0 1 2 2 2 2 1 1
0 1 1 1 0 2 2 1 0 0 1 1 0 0 1 1 1 0 1 2 2 0 1 2 1 1 1 1 1 0 0 1 0 2 0 0 0 2 2 0 0 0 2 2 1 2 0 1 2 2 1 2 2 2 1 1 1 0 2 2 2 0 1 2 1 0 2 1 2 0 2 0 0 1 2 0 1 0 1 1 2 2 0 2 2 1 0 0 2 0 0 2 2 1 1 0 1 1 2 2 1 2 0 0 1 2 0 0 0 1 1 0 0 2 2 2 1 0 0 1 1 0 0 0 2 1 1 1 0 1 1 2 0 1 2 0 1
2 0 1 0 2 2 1 2 1 1 1 2 1 0 0 1 1 2 1 0 1 0 1 1 1 1 2 2 0 2 0 1 0 2 2 0 1 1 0 0 2 1 2 1 2 0 0 1 2 1 1 2 2 0 0 0 1 2 0 2 0 1 0 0 0 0 1 1 2 2 1 1 1 1 0 1 2 2 2 1 0 1 1 1 2 1 1 0 2 0 0 2 1 2 2 2 2 1 1 2 1 0 1 2 1 2 1 1 1 0 1 2 2 2 1 1 1 1 2 1 1 1 0 2 0 2 2 2 1 1 2 2 2 0 0 1 0
1 0 1 2 2 2 2 1 0 1 0 2 2 1 0 0 1 1 0 2 0 0 1 2 2 2 2 2 2 2 0 1 0 2 0 2 2 0 0 1 0 1 0 2 0 2 2 2 0 0 2 1 1 0 2 0 2 1 0 1 1 1 2 1 2 1 0 1 1 2 0 2 1 1 1 1 1 1 1 1 2 1 0 0 2 2 0 2 2 2 2 0 0 2 0 2 1 1 2 0 0 0 2 2 2 2 2 0 1 0 1 1 0 2 1 0 2 0 2 1 2 2 0 0 2 0 1 0 1 1 1 0 1 2 0 1 2
2 1 0 1 1 1 1 1 0 1 0 1 0 0 1 1 0 1 1 1 0 1 2 1 1 0 1 1 1 2 0 0 0 1 1 2 0 0 0 1 1 1 0 0 1 1 1 2 0 2 0 1 1 0 0 0 1 1 2 0 1 0 1 0 2 1 2 0 1 0 2 0 2 2 1 1 0 2 0 0 2 0 2 0 1 1 2 0 0 1 0 2 2 0 2 1 1 2 2 0 0 1 0 0 0 2 1 0 1 2 1 0 0 2 2 2 0 2 2 1 0 1 0 2 1 0 1 0 1 0 0 1 2 2 0 2 1
1 0 1 2 0 2 2 2 2 2 0 1 2 1 2 1 0 2 0 1 2 0 0 0 1 2 0 0 0 2 0 1 0 1 1 0 0 1 0 0 0 1 1 0 2 1 1 0 1 2 0 1 2 0 1 1 0 1 2 0 1 2 0 2 1 1 0 2 0 0 0 1 1 2 2 1 2 2 0 0 1 0 1 2 1 0 0 2 2 2 2 0 0 2 0 1 2 0 1 2 1 1 1 0 2 1 2 1 1 2 2 2 0 1 1 2 1 2 1 0 0 1 1 0 2 1 2 1 2 1 1 0 2 0 1 2 2
1 0 0 1 2 0 2 1 0 1 0 0 0 1 0 1 0 1 1 2 1 2 2 2 1 0 2 2 2 2 1 1 0 2 2 1 0 1 2 0 0 0 2 1 2 2 0 2 2 1 2 0 2 1 0 1 0 0 0 0 2 2 1 1 1 1 0 1 1 2 0 1 0 2 0 2 2 1 2 1 0 1 1 2 1 2 1 2 0 1 2 0 0 1 1 2 2 1 2 1 2 2 1 0 2 1 0 1 0 2 0 1 1 2 2 0 2 0 2 0 2 1 0 0 0 0 1 1 2 0 2 1 2 0 2 1 2
2 0 0 2 0 2 1 1 1 2 1 1 2 1 1 1 2 0 2 2 1 0 2 1 0 1 1 1 1 0 0 0 0 1 0 2 0 2 0 2 1 1 1 1 0 0 0 2 1 0 2 2 0 2 1 0 1 0 2 2 0 0 1 1 2 2 0 0 2 0 2 1 2 0 0 2 1 0 2 2 0 1 2 1 1 1 2 2 1 2 0 2 0 1 2 0 1 2 0 0 1 0 1 0 1 1 0 1 2 0 1 0 2 1 2 0 0 2 0 0 2 0 0 0 1 2 0 2 2 1 0 1 2 2 1 0 1
2 2 1 0 1 2 2 0 2 0 0 2 1 0 1 1 2 1 1 1 2 0 1 1 1 2 0 1 2 1 2 2 1 1 0 2 1 2 0 0 0 0 2 2 2 1 0 1 0 1 0 2 0 2 0 2 1 1 1 1 2 0 1 0 0 1 0 1 1 0 2 1 2 2 1 2 0 2 0 1 1 0 1 2 0 2 2 0 0 0 1 2 1 0 1 2 1 2 0 0 1 0 2 0 2 1 2 0 1 0 2 0 1 0 0 2 2 2 0 2 0 1 1 2 2 0 1 1 0 2 2 1 2 0 2 2 1
1 0 0 2 2 0 0 2 0 0 1 1 0 0 1 0 2 0 0 1 2 1 2 1 2 1 1 2 0 1 1 2 1 1 1 0 1 1 0 0 0 1 1 0 2 0 1 2 1 1 1 0 1 0 2 0 1 1 2 1 2 0 0 1 1 2 1 0 2 2 1 2 0 2 0 0 2 2 2 0 0 1 1 1 2 1 1 1 2 0 0 2 0 1 0 2 1 2 0 0 1 2 0 2 2 1 2 2 0 0 1 1 2 0 0 1 2 2 0 2 1 1 2 2 0 0 2 1 0 0 0 2 2 0 2 2 1
2 0 2 0 1 1 0 1 2 0 1 2 0 1 0 1 1 0 2 1 0 2 2 1 2 0 1 0 0 1 2 2 1 2 1 0 1 1 2 0 1 1 1 2 0 1 1 2 2 2 1 0 1 1 1 1 2 1 1 2 2 1 2 1 1 1 2 2 0 1 1 2 0 2 2 1 1 1 0 2 1 2 2 2 1 2 1 0 0 2 0 0 1 0 2 0 2 1 2 0 0 1 2 2 1 2 0 1 1 2 1 2 1 1 2 2 0 0 0 1 0 1 2 1 1 1 1 1 0 2 1 2 1 2 1 1 1
2 2 0 1 0 2 2 1 2 2 0 0 0 2 0 1 2 0 1 1 2 0 2 1 0 1 1 2 0 2 1 2 2 1 1 2 1 1 1 0 2 1 0 2 2 0 2 1 0 0 2 1 1 2 0 1 0 1 0 1 1 1 1 0 0 0 2 1 2 2 1 1 0 2 1 2 0 0 1 1 1 1 2 2 0 1 1 2 2 2 1 1 1 2 1 2 0 2 1 0 1 2 1 2 2 2 0 0 0 1 2 1 0 0 1 2 1 0 2 1 2 0 2 1 1 2 1 1 1 2 2 0 2 1 0 1 1
0 2 0 0 0 1 1 0 0 0 2 0 0 0 1 2 1 2 0 0 0 2 2 0 2 0 0 1 0 2 0 1 0 0 2 0 0 0 0 1 2 2 0 2 0 1 2 1 1 2 1 0 0 1 0 0 1 0 1 2 1 2 1 1 1 0 1 1 0 2 0 0 2 0 1 2 2 0 1 1 0 0 1 1 2 1 1 1 0 0 0 1 2 2 0 0 2 1 2 1 0 0 1 0 1 0 2 1 1 1 2 2 2 1 0 2 0 1 1 0 1 2 2 1 2 2 0 0 1 2 1 1 0 0 1 0 1
2 1 0 0 1 2 0 2 2 0 2 0 2 1 2 1 0 0 1 1 0 1 2 1 0 2 2 1 0 2 0 0 0 0 1 2 0 2 2 2 0 2 2 2 1 2 1 2 2 2 0 1 1 0 2 1 2 1 0 0 1 1 1 2 2 0 2 2 2 1 1 2 1 1 1 0 0 0 0 1 0 0 2 2 0 2 1 0 0 0 1 2 1 0 2 2 0 2 2 0 1 1 1 1 0 0 1 2 1 2 1 1 0 0 1 1 2 2 0 0 2 1 0 2 2 0 1 2 0 0 0 1 2 1 0 1 2
0 1 0 2 2 2 0 2 0 2 2 0 2 2 0 1 0 0 0 0 1 0 1 2 0 0 2 0 1 1 2 1 2 2 2 1 2 2 1 2 2 1 0 2 1 0 0 2 0 1 0 2 2 2 2 1 0 2 1 1 1 0 1 0 0 0 2 0 2 0 0 2 2 0 1 0 2 0 2 0 1 0 0 2 0 0 0 0 0 1 2 1 2 0 2 0 0 1 0 1 2 0 0 1 0 2 1 2 0 2 0 0 0 1 2 0 2 2 1 2 1 0 1 1 1 0 1 2 2 1 0 1 2 1 0 0 2
2 0 2 1 1 2 1 0 1 2 2 1 0 2 0 2 0 1 1 0 2 0 0 1 2 1 1 0 2 2 0 1 0 0 0 1 2 2 2 2 2 1 1 0 0 2 2 1 1 1 2 2 2 2 0 1 1 0 2 0 2 0 1 2 1 2 1 1 0 0 1 0 2 0 0 2 0 1 1 1 0 0 0 2 2 2 1 1 2 2 1 2 0 0 1 1 1 2 2 1 0 1 1 2 2 2 2 2 1 0 1 2 0 2 2 0 2 2 1 1 1 0 0 1 0 2 0 2 2 0 0 2 2 2 1 1 0
1 1 2 1 0 2 2 0 2 0 2 1 2 1 0 2 1 2 0 1 2 0 0 2 1 2 2 2 1 1 0 2 0 2 0 1 2 0 1 2 0 1 0 2 2 1 2 0 0 2 1 2 0 2 2 0 1 1 2 0 1 2 2 2 2 0 0 1 0 2 1 1 0 1 1 2 2 1 0 0 0 2 2 2 1 2 2 0 1 2 0 2 2 0 2 1 0 0 1 1 2 2 0 0 2 1 0 2 2 0 0 0 0 0 0 2 2 2 2 2 2 0 2 1 0 2 1 0 2 2 2 0 2 2 0 2 1
1 2 1 2 0 0 0 0 0 2 1 1 0 0 0 0 2 2 1 2 0 2 2 0 0 0 0 2 0 0 2 2 0 0 2 0 1 2 1 2 2 2 0 2 0 1 0 1 1 2 0 2 2 0 2 2 1 0 0 2 1 2 2 1 0 1 2 2 1 0 1 2 1 2 1 2 0 2 0 2 2 2 1 2 0 2 2 2 0 2 1 1 2 1 0 0 0 2 2 2 0 1 1 2 1 1 2 2 0 2 2 1 2 2 0 0 2 2 2 2 0 1 1 2 2 1 2 0 1 2 0 2 1 2 2 2 1
1 0 0 1 2 1 1 1 1 1 0 1 1 0 1 2 1 1 1 0 1 0 2 2 1 2 0 0 1 1 0 2 1 0 1 1 1 2 1 0 1 2 1 2 0 1 1 2 0 1 1 2 2 0 1 0 2 2 1 1 1 1 0 2 1 2 0 0 2 1 0 1 1 0 1 2 1 1 1 2 2 0 1 1 1 0 2 1 0 0 0 1 2 1 1 1 1 1 2 1 1 2 0 0 0 1 2 2 2 1 1 2 2 1 1 1 2 0 0 2 2 0 1 2 2 2 0 1 1 2 2 0 0 0 0 1 2
0 1 2 2 0 0 2 1 1 1 0 0 1 0 2 0 1 1 0 1 1 1 1 2 2 1 0 0 2 1 0 2 0 0 2 1 0 2 2 2 1 1 2 0 1 1 1 1 0 1 0 0 0 1 0 2 0 1 0 0 0 0 2 1 1 0 2 1 2 2 2 1 0 1 2 2 1 0 1 1 2 1 2 2 1 2 0 1 0 0 1 1 1 1 2 0 1 2 2 2 1 1 1 2 1 1 2 2 2 1 1 1 0 1 0 1 0 0 0 2 1 1 0 1 1 0 1 0 2 1 0 1 1 1 1 2 0
1 2 2 2 0 0 0 2 2 2 0 0 0 0 0 1 0 1 0 1 0 1 1 1 2 2 0 1 2 0 2 0 2 2 0 1 0 1 0 2 0 1 0 0 1 0 0 2 2 1 1 2 2 2 1 2 0 2 1 2 0 0 0 0 0 0 2 1 2 2 0 1 2 1 2 0 2 2 1 2 1 2 1 1 2 0 1 0 0 0 2 0 2 0 1 2 1 0 0 1 1 2 2 0 1 2 0 2 2 2 1 1 2 1 0 2 2 2 2 0 0 2 0 2 2 0 2 1 0 1 0 1 1 0 2 2 0
0 2 0 2 2 2 2 0 0 1 0 0 0 0 1 0 1 1 0 1 0 2 0 1 0 2 2 1 2 0 2 2 0 2 2 2 0 0 0 0 1 1 0 0 1 1 0 0 2 1 1 1 1 1 2 1 1 0 0 1 1 0 1 1 0 0 2 0 1 0 1 0 2 1 0 0 1 1 1 1 0 0 2 1 2 2 0 1 0 1 2 1 1 0 0 1 2 0 2 0 2 0 1 1 2 2 2 0 1 1 2 1 2 2 0 2 1 0 2 2 1 2 1 2 1 2 2 0 0 1 1 2 2 1 0 1 0
1 0 1 0 0 0 2 2 0 2 1 2 1 1 1 1 0 2 2 0 1 0 0 2 2 0 1 0 1 0 2 2 0 0 2 0 2 2 0 0 2 2 2 1 0 2 0 1 1 2 1 2 0 2 2 1 0 0 1 1 0 1 2 2 0 1 2 2 2 2 2 1 2 0 0 0 0 1 2 1 1 1 0 2 0 2 0 1 0 2 2 1 1 1 0 2 1 1 1 0 1 1 2 1 2 2 2 2 0 1 1 2 2 1 2 0 1 2 1 2 2 2 1 1 0 2 0 1 0 2 2 2 1 1 1 1 1
0 2 1 2 0 1 2 0 0 0 2 2 0 2 0 2 1 2 2 1 0 2 0 2 1 2 1 1 1 1 2 2 0 1 1 1 0 0 1 0 2 1 1 2 1 2 1 0 1 1 1 1 1 1 2 1 1 1 2 2 0 1 1 0 0 1 0 0 2 1 2 1 0 0 0 2 2 2 2 1 2 2 0 0 0 0 1 0 2 1 0 1 2 0 1 0 1 2 1 0 2 0 2 0 1 0 0 1 1 0 0 0 2 1 1 1 1 1 1 1 2 2 2 0 2 2 1 0 1 2 1 1 1 1 2 2 2
2 1 1 0 1 1 1 2 1 2 1 2 1 0 1 1 0 1 1 0 2 1 2 2 0 1 1 2 0 0 2 0 1 0 0 0 0 1 0 1 1 1 0 0 2 2 0 0 1 1 0 0 2 0 0 1 1 1 0 2 0 0 2 2 2 1 0 2 0 0 1 0 0 2 1 2 1 1 0 0 2 1 2 0 1 0 2 1 2 2 0 0 1 1 2 0 0 0 0 0 1 2 0 2 1 0 1 0 1 2 2 2 0 1 2 2 1 1 0 1 1 2 1 2 1 2 2 1 2 0 1 1 2 0 0 1 0
2 2 2 1 1 1 2 0 1 2 2 0 0 1 0 0 0 2 1 2 0 0 0 0 0 2 1 1 1 2 2 0 2 1 0 1 1 0 1 2 0 1 1 1 0 1 2 0 1 2 1 2 2 2 1 2 1 2 1 2 1 0 1 1 2 2 0 0 2 2 0 0 1 2 2 1 0 1 1 2 1 0 1 1 2 2 1 2 2 0 1 2 0 0 0 0 2 1 1 2 0 2 0 1 1 2 0 0 1 2 0 0 0 2 2 1 0 1 0 2 2 2 1 1 0 2 1 0 1 0 2 2 0 0 1 2 0
1 0 2 1 0 0 0 0 0 1 0 2 2 0 2 1 0 0 2 2 1 0 1 2 0 1 0 2 0 0 2 2 0 2 1 2 0 2 2 1 0 0 1 2 1 0 1 1 0 2 1 2 2 2 0 0 1 0 2 1 1 0 1 2 2 0 2 0 2 2 1 2 0 0 2 1 0 1 0 1 0 2 1 0 2 2 1 1 2 1 0 1 1 1 1 2 1 0 0 1 2 2 1 2 0 0 0 0 2 1 2 0 0 1 1 1 0 2 2 0 1 0 1 1 2 2 0 1 0 0 0 2 2 1 2 2 0
1 1 0 2 1 0 1 2 1 2 0 1 2 0 0 2 0 1 2 2 2 1 0 2 2 0 2 0 0 2 1 2 1 1 1 2 2 0 2 0 0 2 0 2 0 0 0 0 2 2 1 1 1 2 1 0 0 0 2 1 0 0 0 1 2 0 0 1 0 2 2 1 2 0 1 1 1 2 2 0 2 0 2 1 0 1 2 1 2 1 2 0 1 1 2 1 1 0 0 2 0 1 1 0 1 0 1 0 2 1 1 2 2 2 1 0 0 1 2 2 2 1 0 1 0 0 0 1 0 1 1 1 2 2 2 1 0
1 2 1 0 0 0 0 2 2 1 1 0 0 0 0 2 1 2 0 1 0 2 0 1 1 1 1 1 1 0 2 0 2 0 1 0 2 2 1 1 1 2 2 2 0 2 2 2 2 0 1 2 0 1 2 2 0 0 1 2 1 0 2 0 1 2 1 1 1 2 2 0 2 2 2 0 0 2 0 0 0 1 0 1 0 2 1 1 0 2 0 1 0 1 2 2 1 0 0 2 1 0 0 0 0 1 1 1 0 1 2 2 0 2 1 1 2 2 0 0 2 0 2 2 2 2 2 0 0 2 1 1 0 1 0 2 0
1 0 1 1 2 1 2 2 2 0 1 2 1 2 1 2 2 0 2 1 2 0 2 0 1 0 0 1 1 2 1 1 0 0 2 2 1 1 0 1 2 2 0 0 2 1 2 1 2 2 1 2 1 0 2 2 1 1 1 0 0 0 2 1 1 1 2 1 0 2 2 0 1 0 0 1 2 0 1 2 1 2 2 2 2 2 2 0 0 1 1 2 2 0 0 0 1 2 2 2 2 2 2 2 0 0 0 0 2 1 0 0 0 0 0 2 2 2 1 0 1 2 0 0 0 0 2 2 1 1 2 0 1 2 2 2 0
1 0 0 2 0 1 1 0 1 0 0 1 2 1 0 2 1 1 0 0 1 0 1 1 2 2 2 0 0 2 1 1 2 1 1 0 2 2 1 1 1 2 2 0 1 0 0 0 0 0 0 1 1 1 0 1 2 0 2 2 0 0 1 0 1 2 1 1 2 2 2 0 1 0 0 0 0 1 1 1 2 1 1 1 1 1 1 0 2 0 0 2 1 1 0 0 1 1 0 0 0 2 0 0 0 2 0 2 1 1 0 1 1 1 0 2 0 1 0 2 2 0 0 0 2 0 2 0 2 2 2 0 2 2 0 0 2
2 2 1 0 2 0 1 2 0 1 2 2 1 2 1 2 0 0 1 1 2 0 1 1 2 1 1 2 0 1 2 2 1 0 0 1 1 2 1 1 0 1 0 0 0 0 2 1 0 2 0 2 2 2 1 2 0 2 1 1 2 1 1 0 0 2 2 1 2 0 1 0 1 2 0 0 2 1 2 2 1 2 2 1 1 1 0 2 2 2 2 1 2 1 2 2 0 2 1 0 0 0 1 0 0 2 0 0 1 0 1 2 0 0 0 2 0 1 2 2 1 1 1 0 0 0 0 1 0 2 0 2 0 2 2 1 1
0 2 1 0 0 1 1 2 2 0 2 0 2 2 2 2 0 2 0 1 0 2 0 0 2 2 1 1 2 0 1 0 2 0 1 1 1 2 0 0 2 0 2 2 2 1 2 0 2 0 2 2 0 0 0 0 2 2 2 2 2 1 2 2 1 0 0 0 2 1 2 2 1 1 0 1 0 2 2 2 0 2 0 1 0 1 1 0 1 1 0 0 0 0 0 2 1 0 0 1 2 2 2 1 0 2 0 1 2 2 2 0 0 2 2 0 1 1 0 2 0 1 0 1 2 0 0 0 2 0 2 2 2 1 1 0 1
1 0 2 2 2 0 2 2 0 2 0 2 0 0 2 2 1 0 1 2 2 2 2 2 2 2 0 2 1 1 1 0 1 0 2 1 2 2 0 2 1 2 2 0 2 1 2 1 0 1 1 2 1 1 2 0 1 0 2 2 2 1 2 1 2 0 0 1 2 1 1 2 0 0 2 0 0 2 1 0 0 0 0 1 2 0 2 0 1 2 0 1 1 2 2 1 2 0 1 2 2 2 1 2 1 0 1 2 0 2 0 0 0 0 2 0 0 1 0 2 1 0 0 0 1 1 2 0 1 0 0 1 0 2 2 2 0
0 1 0 2 1 0 1 2 0 1 1 0 0 0 2 1 1 0 2 0 0 1 1 1 1 1 2 1 0 2 1 0 1 2 0 1 0 1 1 2 1 2 2 2 0 2 0 2 2 0 0 0 1 2 1 2 0 1 1 0 1 1 0 0 0 2 1 1 0 0 0 2 0 0 1 1 0 2 1 0 0 1 1 1 1 0 1 1 2 1 0 1 2 1 2 0 0 1 1 1 2 0 1 1 1 1 2 1 0 1 0 1 0 2 2 2 2 1 1 0 2 2 2 1 0 1 1 1 1 1 0 1 2 1 2 0 0
2 0 1 1 0 2 2 0 1 2 0 0 1 0 0 0 0 0 0 2 1 2 1 0 2 0 2 2 2 0 2 2 1 1 1 1 0 1 1 0 0 2 1 1 0 1 1 1 1 2 1 1 2 0 1 2 1 2 1 1 0 2 1 1 0 0 0 1 1 2 2 2 1 0 1 1 0 2 0 2 0 2 1 0 0 0 2 1 0 1 2 0 1 1 1 2 0 1 0 2 0 0 2 1 1 0 1 2 1 2 2 1 2 0 2 2 1 1 1 1 0 2 1 1 1 0 0 1 2 2 1 2 0 0 2 1 1
1 1 2 0 0 1 0 1 0 0 0 0 0 2 0 2 2 2 1 2 0 0 2 2 2 2 2 0 2 2 1 0 0 2 2 1 1 0 2 0 1 0 0 1 0 0 1 2 0 0 2 2 1 2 1 0 0 2 0 2 1 1 1 1 1 0 0 0 1 2 0 2 1 0 2 1 1 0 1 0 1 0 2 2 1 1 0 1 0 0 0 1 0 2 2 1 0 0 2 1 1 2 1 2 0 0 1 2 1 2 2 0 0 2 0 1 0 1 2 1 2 1 2 0 1 0 0 2 0 2 0 1 2 2 1 0 2
2 2 2 1 2 0 0 1 0 2 0 2 0 1 0 1 1 0 0 2 1 2 0 1 0 2 1 2 1 1 0 0 2 2 0 2 2 1 2 0 0 2 0 0 1 1 2 2 2 0 0 1 2 0 0 2 0 2 0 2 1 0 0 0 0 1 0 2 2 2 2 2 2 0 1 0 2 0 0 2 0 0 1 1 1 1 0 0 1 1 2 2 1 0 1 1 2 1 1 1 1 2 2 1 0 1 1 0 1 2 2 0 1 0 1 0 2 2 0 0 1 1 2 2 1 1 2 1 2 0 0 1 0 0 0 1 1
1 1 1 2 1 1 1 2 2 1 1 1 0 2 0 1 2 1 2 1 0 1 1 1 0 1 2 0 1 1 0 1 2 1 0 1 2 1 0 2 0 2 1 0 1 2 1 0 0 2 1 1 1 1 0 1 2 0 2 0 1 0 1 1 1 2 2 1 1 2 0 2 1 2 2 0 1 2 1 2 1 0 1 2 1 2 2 0 2 1 2 2 1 0 0 0 0 0 1 1 0 2 1 0 1 1 0 0 1 2 0 2 1 2 2 2 2 1 1 1 0 0 0 2 1 2 2 2 0 0 2 0 2 0 1 1 2
2 2 0 2 0 0 0 0 0 0 2 2 2 1 0 0 2 2 2 2 0 2 2 1 2 1 1 2 2 0 0 2 0 1 2 1 2 2 2 0 0 1 2 0 0 2 0 1 0 1 0 0 0 1 1 0 2 0 0 2 1 0 0 2 2 2 1 2 2 1 2 1 2 1 1 0 2 0 1 2 2 2 0 0 0 2 0 0 1 0 1 0 2 1 1 1 1 0 1 1 1 0 2 0 2 2 1 1 0 0 1 0 1 2 0 1 0 0 0 1 0 1 2 2 0 0 1 1 0 0 0 2 0 1 0 0 1
2 2 2 1 2 2 2 1 2 0 1 2 1 0 0 0 0 1 0 0 0 2 2 1 0 1 2 2 2 0 0 2 0 2 0 2 2 0 1 1 1 1 1 0 1 2 0 1 0 2 0 2 2 2 0 0 1 0 2 1 1 0 1 2 0 2 2 2 2 0 0 0 1 2 1 1 2 0 2 0 2 0 2 2 0 0 0 2 1 2 1 0 1 2 0 1 2 2 1 2 0 2 0 0 2 2 1 2 0 1 2 0 2 0 2 2 0 2 2 2 0 0 0 1 0 0 2 0 2 1 2 1 1 0 1 1 0
0 0 1 1 2 1 1 2 0 1 1 1 1 1 2 2 2 1 2 2 1 0 2 0 0 0 2 1 2 0 2 2 0 0 1 0 1 0 1 0 2 2 2 0 0 1 0 2 0 1 0 1 2 2 2 2 0 1 1 0 1 1 2 1 2 1 2 1 2 1 1 2 0 1 0 1 0 1 2 0 2 2 0 1 2 2 2 2 1 1 0 2 2 2 2 2 1 2 1 1 0 0 0 0 2 1 2 2 1 2 0 0 1 0 0 0 0 0 0 1 1 0 1 1 0 0 1 0 0 0 1 0 0 2 1 2 2
0 0 0 0 1 1 2 2 2 1 2 2 1 1 1 0 0 1 1 1 2 1 1 0 2 1 0 0 2 1 2 0 1 2 1 2 1 1 1 1 0 0 0 1 2 0 2 2 1 1 0 1 2 2 1 0 0 1 1 0 0 0 2 1 0 0 0 1 2 2 2 2 0 1 2 2 1 2 0 0 0 1 1 1 1 0 1 1 2 2 0 0 0 2 1 1 0 0 2 1 2 0 1 0 2 0 1 1 0 1 1 1 2 0 2 0 0 1 0 2 1 0 0 1 0 2 2 0 2 0 2 2 1 1 0 1 1
1 2 2 0 1 1 2 1 1 0 2 0 1 2 1 1 0 1 2 0 0 0 0 1 0 2 0 1 0 1 2 1 0 0 1 2 2 2 0 0 0 0 0 1 1 0 0 1 1 2 1 2 2 2 2 2 1 2 1 2 1 2 1 1 2 1 1 1 1 2 2 1 1 1 2 2 1 2 1 0 2 0 2 2 2 1 0 0 1 1 0 2 0 0 1 0 2 0 2 0 1 2 1 2 0 1 2 1 1 0 1 0 0 1 0 2 1 0 0 2 0 2 2 0 0 1 2 2 0 1 2 1 0 1 1 1 2
0 0 1 1 2 2 1 1 2 1 0 1 2 2 1 1 2 2 1 1 1 1 1 1 1 2 2 2 0 1 2 1 1 0 2 2 2 0 1 0 2 1 1 2 1 0 1 0 2 0 1 2 1 0 0 0 0 2 0 1 0 0 2 0 1 0 0 2 1 1 2 1 2 1 0 0 1 1 1 0 2 2 2 2 0 0 0 1 0 0 0 1 1 0 2 0 0 2 0 2 0 2 1 2 0 1 0 1 0 1 2 0 1 0 0 2 0 0 1 0 1 1 2 0 2 1 1 0 2 1 0 2 1 1 2 2 0
2 1 1 2 0 2 0 0 0 0 1 0 2 2 1 0 2 2 0 2 1 2 1 0 2 0 2 2 0 1 2 1 2 1 0 1 0 1 1 0 1 0 1 1 1 1 2 0 1 0 2 0 0 0 1 1 2 1 0 2 0 2 1 1 1 1 2 2 2 1 1 2 2 2 0 1 0 0 1 2 2 1 0 2 2 2 0 1 0 0 2 1 1 0 0 0 0 2 2 0 0 0 2 0 1 1 1 1 2 1 1 1 0 2 2 2 2 0 2 0 2 2 2 0 0 2 0 0 1 0 1 0 2 1 1 0 2
0 2 2 1 2 1 2 1 1 1 1 2 1 0 1 1 2 1 2 0 2 2 2 0 0 2 2 2 1 2 2 2 0 2 1 2 1 0 1 2 2 0 2 2 1 0 0 0 2 2 0 2 2 0 0 2 0 2 2 2 0 2 1 0 1 0 2 0 0 1 0 0 2 0 0 0 1 0 1 0 0 2 1 2 0 1 2 2 1 0 1 1 2 1 2 0 1 2 2 2 1 0 0 0 0 0 1 1 1 0 0 1 0 1 1 2 2 2 1 1 2 2 0 1 1 0 2 0 0 1 0 1 1 1 2 2 2
1 1 0 1 1 0 2 0 1 1 2 0 0 1 2 0 2 1 2 0 2 2 0 0 0 2 0 1 2 0 0 1 1 1 0 1 1 0 1 0 2 2 1 2 1 1 2 1 0 1 1 2 1 2 0 1 2 1 0 2 1 1 1 0 0 2 1 1 2 1 2 1 0 1 1 2 0 0 0 0 0 1 0 2 1 1 2 2 0 0 1 1 2 0 2 2 2 2 1 2 0 1 0 1 2 2 0 2 1 1 2 2 0 0 1 0 1 1 2 1 2 1 0 1 2 1 1 2 0 2 2 0 0 0 1 2 0
2 1 1 0 2 0 0 0 2 0 2 1 0 1 1 2 0 2 2 1 0 1 2 0 0 2 1 2 1 1 2 1 1 1 1 0 1 2 0 1 1 0 2 1 0 0 0 1 0 2 0 1 2 2 2 0 2 1 2 0 2 1 1 0 2 0 1 1 2 0 0 0 0 0 0 1 2 1 0 0 2 0 0 1 0 0 1 2 1 1 0 0 0 1 2 1 2 0 2 2 0 0 0 2 2 1 1 1 0 2 1 2 0 2 0 1 2 2 1 0 1 2 2 2 1 1 0 1 2 0 1 1 2 2 1 1 1
2 0 1 2 1 1 0 2 2 2 1 1 0 2 0 0 1 0 2 0 1 1 0 2 2 1 1 2 0 0 1 0 0 0 2 0 1 0 2 0 0 0 0 2 2 1 2 1 2 2 2 0 0 1 0 0 0 0 1 1 0 2 1 1 0 1 1 2 0 1 0 0 1 1 2 2 2 0 1 1 2 1 2 1 0 0 1 0 0 0 1 1 0 2 0 1 2 2 0 2 0 1 2 1 2 0 1 2 0 0 1 0 2 1 1 2 2 1 2 2 1 1 1 1 1 1 0 0 0 1 0 1 2 1 1 0 1
2 2 1 2 1 1 1 0 1 1 2 2 1 2 0 0 1 0 2 0 0 1 1 2 1 1 2 2 2 0 1 1 2 0 1 1 0 0 2 1 0 1 0 2 1 1 2 0 2 1 1 1 0 0 0 2 1 0 2 0 0 1 2 1 1 1 2 1 2 2 0 2 2 0 1 1 0 1 2 0 1 1 1 1 2 0 1 0 1 1 2 2 0 2 1 2 1 1 2 1 1 2 1 1 1 0 2 1 0 2 2 1 1 1 0 0 2 0 2 0 2 2 2 2 1 0 1 2 0 1 0 1 1 2 0 2 1
2 1 2 2 0 1 1 2 1 2 1 1 1 2 1 0 2 0 2 1 0 2 1 1 1 0 0 0 0 0 2 0 1 1 0 0 2 2 0 2 1 2 1 1 2 0 2 2 1 2 0 2 2 2 1 0 2 2 2 0 0 1 1 1 1 2 2 1 1 0 1 0 0 0 2 2 1 2 2 2 2 0 2 1 0 1 2 1 0 2 1 1 0 2 1 2 1 0 1 0 0 2 2 1 0 1 1 1 1 1 1 1 2 1 1 2 0 1 0 1 0 2 0 0 2 1 0 2 1 2 2 0 1 2 1 0 1
0 1 0 2 0 2 1 1 0 0 2 1 1 1 2 1 1 2 0 2 0 0 0 0 0 1 0 0 1 0 1 2 1 0 1 0 2 2 2 0 0 2 2 1 0 1 0 1 1 1 1 0 2 2 0 0 1 0 1 0 1 0 2 1 0 0 1 2 0 0 0 0 2 2 0 0 0 0 2 2 2 0 0 2 0 0 2 2 2 0 2 0 1 2 1 1 2 0 2 0 1 2 0 1 2 0 0 0 2 2 0 1 1 0 0 1 2 1 1 1 1 1 2 0 0 2 0 0 2 0 0 0 2 1 0 2 2
0 1 1 0 1 0 1 0 2 0 2 0 1 1 2 0 1 1 0 0 1 0 0 1 1 1 1 0 2 2 0 2 0 2 0 2 2 1 0 1 0 0 2 1 1 0 0 0 1 0 0 0 2 1 1 1 0 0 1 2 2 1 0 0 0 1 0 1 0 0 0 0 1 0 0 0 1 0 0 2 1 2 2 0 1 1 2 1 1 1 2 2 0 0 2 1 1 2 0 2 1 1 0 2 2 0 0 0 1 2 0 2 1 2 0 0 1 0 0 2 1 2 2 2 0 2 2 2 2 0 1 0 1 2 0 1 0
1 2 1 0 0 1 2 2 2 2 1 0 2 1 2 2 1 2 2 0 2 2 0 2 1 0 2 0 1 1 2 0 1 0 0 1 2 2 2 2 2 0 2 2 2 2 1 1 2 2 2 1 1 2 0 0 1 2 2 0 1 1 0 0 2 0 2 2 0 2 1 2 0 2 2 0 1 2 2 0 1 2 2 0 1 2 2 2 0 1 2 2 2 0 2 1 0 1 1 1 2 0 2 2 2 2 0 1 1 0 2 0 2 1 2 1 1 1 2 1 2 2 0 2 0 0 1 0 0 0 0 2 1 0 1 1 2
