3 139 19
971011351 373844977 257584362 419623525 604147730 349789421 835246244 782481559 635335932 349806384 329884239 742623454 147901786 845455306 1093936096 884468108 1087390442 13537397 721020015 1055951182 596446780 918799634 829319313 521850367 146976149 890987803 1086315754 832828189 193492342 606986158 1107185296 815339592 1017794314 1057554670 961545796 969116793 463163981 1040351956 782572143 202756137 599202020 629706656 742596640 525058555 288376226 846919382 601698581 1073017603 498006877 227529322 1111794659 445542182 1072550483 873156028 1038101972 904131205 368796830 1039261634 523247441 1115972743 646752271 452913936 976039024 436038349 410512370 326372614 871232878 674052279 724412183 933899862 457621547 224890268 170619373 95828221 440541009 903434358 687212428 654737112 340831460 1100238663 551505880 635081472 911635353 502244297 784328724 343250088 1062135081 737989955 358989079 1044217443 606863067 552530947 570923918 583253346 242220933 522587016 1050752452 560670627 637440631 1003750822 868303128 941333166 293320064 636600370 253668772 485504811 795516024 1161394387 918128914 862433798 286685217 165765695 832000187 1135299304 465616211 1045539438 311217901 427983777 828509566 813280272 545403600 631158965 530833583 473001328 1103291314 72024682 56097133 505432175 447317614 308420942 815640076 1108259893 1082853683 189509752 742744906 232921804 255261247 13950828 861600667
2 2 1 2 1 0 0 0 2 2 1 0 2 2 1 0 1 1 1 2 0 0 0 2 2 1 0 2 2 0 1 1 1 0 2 2 0 2 0 2 1 1 1 1 1 2 2 0 0 0 1 1 1 1 1 1 0 1 0 2 0 2 2 1 2 1 0 1 1 1 1 0 0 2 1 2 1 1 0 2 1 1 1 1 1 0 2 1 2 0 1 0 1 1 1 1 0 2 2 2 0 2 2 1 1 1 1 1 0 2 1 2 2 0 0 0 1 0 2 1 2 1 2 0 0 0 1 0 0 2 2 1 1 2 0 0 1 1 1
2 2 0 2 1 1 1 2 2 1 1 1 1 0 0 2 0 1 1 2 2 1 2 1 0 2 2 0 1 0 0 1 2 1 0 1 2 1 0 2 1 2 0 0 0 1 0 1 0 2 1 0 0 1 1 0 1 0 1 0 2 1 1 2 2 2 1 2 2 2 1 0 2 0 0 0 1 0 2 2 2 1 2 0 0 1 1 1 2 1 1 1 2 0 0 0 2 2 2 1 2 2 2 2 2 0 0 1 1 2 1 2 1 1 0 1 2 0 0 2 1 2 0 0 2 2 1 2 2 2 1 1 2 1 1 2 2 1 0
1 1 2 0 0 0 2 2 0 2 0 0 0 0 0 1 2 0 0 2 0 0 1 2 2 2 1 1 1 0 2 2 2 1 1 0 2 1 2 2 0 0 2 1 0 1 2 0 2 0 0 2 0 1 0 0 1 1 1 2 1 1 0 1 0 2 1 2 0 1 0 1 2 0 2 0 1 1 1 2 2 1 1 0 1 1 1 2 0 0 0 0 2 0 1 0 0 0 1 0 2 1 2 1 2 1 2 1 2 0 1 2 0 2 1 1 2 2 0 2 0 0 0 0 1 1 1 1 2 2 2 2 1 1 2 0 0 1 2
0 0 0 0 0 1 1 1 0 1 2 0 2 1 1 2 2 0 1 2 1 0 2 0 2 2 0 0 2 2 0 0 0 1 1 0 0 0 2 0 2 1 1 2 0 0 2 1 1 1 0 2 2 0 0 2 2 2 0 0 2 0 0 2 2 2 2 2 0 2 0 0 1 0 2 2 0 2 0 1 0 1 1 1 1 0 1 2 2 1 2 1 2 2 0 0 2 0 0 0 0 2 0 1 2 0 0 2 2 0 2 1 1 1 0 1 2 1 0 1 0 2 0 0 2 1 0 2 1 2 2 1 1 0 1 0 1 1 0
2 0 0 0 1 2 1 2 1 2 0 1 0 0 1 0 0 0 1 0 2 0 1 2 2 2 0 0 1 2 0 0 2 2 1 2 2 2 2 0 2 0 2 2 0 2 2 1 0 1 0 0 2 1 2 1 0 0 1 1 1 0 2 0 2 0 2 1 2 2 2 2 2 2 1 0 2 1 0 2 0 0 2 0 1 0 1 1 0 1 1 1 1 0 0 0 2 2 2 2 2 1 2 1 1 0 0 0 2 0 2 0 0 0 0 2 0 2 1 1 0 2 1 1 1 1 2 0 1 2 2 1 2 2 0 1 1 0 2
1 0 2 1 1 0 2 0 0 0 2 2 0 2 1 0 0 2 0 1 1 1 2 2 0 1 0 1 2 1 1 1 0 2 0 1 2 1 0 1 1 2 1 2 1 2 0 0 2 1 1 0 2 1 1 0 0 1 2 0 0 2 2 0 1 1 0 1 2 0 0 1 2 1 0 1 1 2 2 0 0 1 2 0 2 0 1 0 2 0 2 2 2 1 0 1 2 0 1 2 1 1 1 0 0 0 2 1 2 2 0 0 1 2 1 1 2 2 2 1 0 1 1 0 0 1 2 1 2 0 1 0 2 0 1 0 0 2 1
2 1 2 2 0 1 0 1 1 0 0 0 0 2 2 1 1 1 1 2 2 1 0 2 1 0 2 1 1 1 1 0 0 0 0 0 2 1 2 1 1 1 2 2 0 1 0 2 2 2 1 2 1 0 2 0 1 2 0 0 1 1 1 2 2 2 0 2 1 2 1 0 0 0 0 2 2 0 1 2 0 1 2 2 2 2 2 0 2 0 1 0 1 0 2 2 0 0 1 1 2 2 2 0 0 2 0 2 0 1 2 1 0 2 0 2 1 0 0 0 1 1 1 0 2 1 2 2 1 1 2 0 1 1 1 2 1 1 2
2 1 2 0 1 1 1 1 0 2 2 0 1 1 2 2 1 0 2 1 1 1 0 0 1 0 2 0 1 1 0 1 0 0 1 1 2 2 0 0 1 2 1 0 1 2 0 0 2 0 1 2 2 0 0 0 1 2 1 0 1 2 1 1 0 2 1 0 2 2 1 1 2 0 2 1 2 2 2 2 1 0 2 1 1 2 2 2 1 1 2 1 0 1 0 1 0 1 2 0 1 0 2 1 0 1 0 0 2 2 0 0 0 2 1 2 2 0 2 1 2 0 2 2 1 0 1 0 2 0 0 0 0 0 2 2 2 2 0
1 1 1 2 2 0 1 2 0 2 1 1 1 2 1 0 2 2 2 0 1 0 0 0 1 1 2 1 1 2 1 0 0 2 0 2 0 1 2 0 0 2 2 2 1 1 0 1 0 0 1 0 1 0 0 2 2 2 1 1 1 2 1 0 2 1 0 0 0 0 1 1 2 0 0 0 0 0 0 0 2 2 1 0 2 1 0 2 2 1 0 1 1 2 1 0 1 2 0 1 2 2 2 2 2 0 0 2 2 0 1 1 0 2 1 0 2 1 1 1 0 2 0 1 2 2 2 1 2 0 0 2 2 0 1 2 2 1 2
2 0 1 0 1 1 2 1 0 1 0 2 1 0 0 0 0 0 2 1 2 2 1 1 2 0 0 1 2 2 1 2 2 0 2 0 2 2 0 0 0 0 1 2 1 1 2 1 2 2 0 1 2 2 0 1 0 1 0 0 0 0 2 0 0 1 1 2 1 1 1 1 2 2 1 1 1 1 0 0 0 1 1 0 0 2 2 1 0 0 2 0 0 2 1 0 1 0 1 0 1 2 2 1 2 1 0 0 2 1 0 1 2 2 1 2 1 1 1 2 2 1 0 0 1 2 1 2 0 2 2 1 2 0 1 1 1 2 2
1 0 2 2 2 1 2 2 2 1 2 2 0 1 0 0 2 0 2 2 0 0 0 2 2 0 0 2 1 0 1 0 1 2 0 1 0 0 1 1 1 1 0 1 2 1 2 2 1 2 1 1 2 1 1 0 1 2 0 0 1 1 1 2 1 2 1 2 2 0 0 0 1 1 2 1 0 2 1 2 1 2 2 2 2 0 2 1 0 2 2 2 1 1 2 0 0 1 2 0 1 0 1 0 2 1 2 0 1 0 0 0 0 2 2 0 0 1 2 1 1 2 1 0 0 1 1 1 2 1 2 0 1 0 0 1 1 0 0
0 0 1 0 0 1 1 1 1 0 1 0 2 0 1 0 1 2 1 2 2 2 1 2 1 2 0 2 1 0 0 1 0 1 2 2 2 0 1 1 1 0 2 0 0 1 1 1 2 2 1 1 1 0 2 2 0 2 2 1 1 1 0 2 2 0 2 2 1 0 0 0 0 0 1 1 0 2 0 0 1 2 1 0 0 1 2 0 1 2 2 0 0 0 2 1 1 2 0 2 0 1 0 1 0 1 0 0 0 2 0 1 1 2 1 0 1 1 0 0 1 1 0 0 1 2 1 2 2 2 2 0 1 2 2 1 0 2 2
0 1 0 2 1 1 0 1 0 2 2 1 1 0 1 1 0 1 0 0 1 2 1 2 1 1 1 1 2 1 1 0 1 2 1 2 1 1 1 1 2 0 2 0 2 1 2 0 0 2 0 2 2 1 1 0 0 0 2 0 2 1 1 0 0 2 0 2 2 2 0 1 0 0 1 2 2 1 2 2 0 1 0 0 2 1 1 0 2 1 0 2 2 0 0 0 2 0 2 2 2 0 0 2 0 2 0 0 0 0 2 1 1 2 2 2 2 1 0 2 2 2 1 2 2 1 2 2 2 2 2 2 2 2 2 0 0 2 0
1 1 0 1 0 1 0 2 0 2 1 0 2 0 1 1 2 0 1 1 2 0 0 1 2 1 1 2 2 1 0 0 0 1 2 0 0 0 1 1 2 2 1 0 2 0 1 2 0 0 0 0 0 2 2 1 1 0 0 0 2 2 1 0 1 1 1 1 2 0 2 2 0 1 2 0 1 2 2 2 2 0 0 0 0 0 1 1 1 0 2 1 2 2 1 0 1 0 2 1 1 2 0 1 1 1 2 0 0 2 0 0 0 0 0 0 1 2 0 2 2 2 0 2 2 0 0 0 1 2 1 0 2 0 2 0 1 2 0
2 1 0 2 2 1 2 1 2 2 1 1 1 1 0 0 1 0 0 2 2 0 1 2 2 1 0 0 0 0 0 2 2 1 2 0 2 1 1 1 2 2 1 0 1 1 2 0 2 0 0 1 2 1 2 2 0 2 0 0 0 1 0 2 0 2 0 0 1 1 0 0 1 1 2 0 2 2 1 2 0 1 0 2 0 2 2 0 2 0 1 2 1 1 0 2 1 0 1 0 0 1 1 1 2 0 2 2 0 1 2 1 0 2 0 1 0 0 2 2 0 1 0 0 0 1 0 0 2 1 0 2 2 2 2 2 1 1 2
1 0 1 2 1 2 1 2 2 1 1 2 0 0 2 1 1 1 1 1 1 1 2 0 1 1 0 2 0 2 1 2 0 1 1 1 1 2 1 0 2 0 2 0 1 0 1 2 1 0 1 2 1 1 1 0 1 1 2 1 1 1 0 0 0 0 1 1 0 1 2 0 1 2 0 0 0 1 1 1 2 2 2 1 2 0 2 0 2 2 2 2 1 0 2 2 1 1 2 2 2 1 0 1 1 0 2 1 0 0 1 0 0 0 1 2 1 1 0 1 1 0 1 2 1 1 0 2 0 2 1 0 1 1 0 1 0 0 0
0 1 1 0 2 2 2 2 1 1 0 0 0 0 2 0 1 1 0 1 2 0 1 2 0 0 0 1 0 1 1 1 2 1 1 2 0 2 2 0 0 2 0 0 1 0 1 2 1 2 2 0 1 0 1 1 0 2 0 2 1 2 0 0 0 0 0 2 2 2 2 2 0 0 1 1 0 0 1 0 2 0 0 1 1 2 0 0 2 0 2 0 0 2 1 1 2 2 0 1 2 0 2 2 1 0 1 0 0 0 0 0 1 1 0 1 1 0 1 1 2 0 1 2 2 0 1 0 2 0 2 2 0 1 2 0 1 1 0
2 2 1 0 1 2 0 2 1 1 0 2 0 1 1 0 1 2 2 2 1 2 1 1 0 0 2 1 2 1 1 2 0 2 2 2 0 0 2 1 1 0 1 0 2 2 0 1 1 2 0 1 2 2 0 0 2 2 1 2 0 1 1 1 1 1 1 1 2 1 1 1 1 0 1 1 2 2 2 2 2 0 1 2 0 2 0 0 2 2 0 0 0 2 0 0 1 1 2 0 0 0 2 2 0 1 1 1 0 1 1 0 0 0 0 1 2 0 1 2 2 2 1 1 2 1 2 1 0 1 1 0 0 1 0 0 0 1 2
1 1 1 2 1 2 2 0 2 0 1 2 0 1 0 2 1 2 1 0 2 2 1 0 2 1 1 1 2 0 1 0 2 1 0 1 0 0 1 0 1 1 0 1 0 1 1 2 2 2 2 1 2 2 0 0 0 2 2 2 0 0 2 0 2 0 2 0 1 1 1 2 0 2 1 0 1 0 0 1 0 2 0 2 1 0 2 1 0 2 1 1 1 2 2 0 2 2 0 1 0 0 1 0 2 0 2 1 0 2 2 0 1 0 1 1 0 1 0 2 1 2 1 2 1 0 2 1 2 1 1 1 1 2 2 0 0 1 2
1 1 1 2 1 2 1 2 1 2 2 0 0 2 1 2 1 2 0 0 2 2 2 0 0 1 1 1 2 0 1 2 2 1 2 0 0 0 0 1 2 2 1 1 0 0 1 1 2 1 2 2 1 1 0 2 1 2 1 1 0 0 1 0 1 0 0 0 0 0 1 1 0 1 2 1 1 1 0 2 0 0 1 2 2 2 2 1 2 1 0 2 1 2 2 1 2 0 1 1 1 2 0 2 1 0 1 0 1 2 2 2 2 1 2 2 1 1 0 0 0 2 0 1 1 0 2 1 1 0 0 2 1 0 0 2 1 1 2
0 0 2 0 2 1 2 0 0 1 0 1 2 2 2 1 1 0 0 1 2 2 1 2 0 0 2 0 1 0 0 2 1 0 1 2 0 1 2 0 0 0 1 2 1 1 1 2 2 0 0 2 2 0 1 0 0 1 0 2 2 1 0 1 0 1 1 0 2 0 1 0 0 0 1 2 0 2 2 2 0 0 2 2 0 0 0 1 1 2 2 2 0 2 0 1 0 2 1 2 2 0 1 0 1 2 0 1 2 0 1 0 0 1 0 2 1 1 1 1 1 0 0 2 2 1 1 0 0 0 1 0 1 2 1 0 2 1 2
1 1 1 1 0 2 2 0 0 1 1 2 2 2 2 1 2 1 0 0 1 1 1 2 0 1 1 0 0 0 0 1 0 1 1 0 0 0 1 1 2 2 1 1 2 1 0 2 0 1 0 2 0 2 2 0 0 1 1 1 1 1 2 1 0 0 2 0 1 0 2 1 1 0 2 0 2 1 0 0 0 0 2 0 2 2 0 0 0 2 1 2 0 2 0 0 0 0 1 0 1 0 1 2 2 2 0 2 1 1 2 1 2 1 1 2 2 2 1 2 1 0 1 2 0 0 0 1 1 2 2 0 2 1 0 2 0 1 1
1 2 0 2 2 0 1 2 2 1 1 1 2 1 1 2 2 2 2 1 1 1 1 1 2 2 2 1 1 0 0 0 0 1 0 0 2 2 0 1 1 1 1 1 0 0 2 0 0 1 2 1 1 0 0 1 0 0 0 1 1 1 2 2 0 0 0 2 0 0 2 2 2 0 1 0 1 0 1 1 2 0 0 1 1 1 2 2 1 1 2 0 2 1 2 0 2 2 0 0 1 0 0 0 1 1 1 2 2 2 1 2 0 2 1 1 0 1 1 2 0 0 0 0 2 0 0 1 1 1 2 2 1 0 2 0 1 1 2
1 0 1 0 0 0 2 2 1 2 0 1 2 2 1 0 1 1 1 1 2 0 1 2 0 1 2 0 0 0 1 1 0 2 2 1 1 0 0 2 0 2 1 0 1 2 1 0 1 0 1 2 0 2 1 0 1 2 1 1 2 2 0 1 2 1 2 0 2 1 0 2 0 1 2 2 1 1 2 0 1 2 0 2 1 2 2 1 1 1 2 1 0 1 2 1 2 1 2 2 2 1 1 0 2 1 0 2 0 1 2 1 0 0 0 2 2 1 0 1 2 1 2 1 2 2 0 2 1 2 1 2 0 0 2 1 1 1 0
2 2 0 1 2 0 2 2 2 1 0 1 1 1 1 0 1 0 0 0 2 2 2 2 1 2 2 2 1 0 2 1 2 2 2 2 0 2 2 0 1 0 2 0 1 0 0 0 2 0 1 2 0 0 1 1 2 0 1 0 1 0 1 1 0 1 2 1 2 1 2 1 2 1 1 1 2 1 1 1 2 2 1 0 2 2 2 2 1 0 2 0 2 2 2 0 1 1 2 1 0 1 2 2 0 0 0 2 2 2 2 1 1 0 0 1 1 2 0 2 0 1 2 0 1 1 1 2 1 1 1 1 0 0 2 0 2 2 0
1 2 2 1 1 1 1 0 2 1 0 2 2 2 2 0 0 1 2 1 2 1 0 2 1 1 1 2 0 0 2 0 0 0 2 0 2 1 0 2 0 1 1 2 2 1 0 2 2 0 1 2 1 1 1 0 1 0 2 1 1 0 2 2 1 2 0 0 0 0 2 0 2 1 0 1 2 1 2 1 2 0 1 0 2 0 2 0 0 1 2 2 2 0 2 0 2 2 0 1 0 2 1 2 0 2 1 0 1 0 2 1 0 1 2 0 2 1 1 0 0 2 2 2 2 2 0 2 1 1 0 1 1 2 1 2 2 0 1
1 1 1 2 2 2 2 0 2 1 2 0 1 1 0 2 1 0 0 1 2 1 2 2 0 2 1 1 2 1 2 1 2 0 1 2 0 1 0 0 2 0 1 2 2 2 2 2 0 2 0 0 1 0 2 0 0 0 1 2 2 1 0 2 2 2 1 2 1 2 0 1 0 1 0 2 1 0 2 1 2 0 2 1 1 2 1 1 2 0 0 2 1 1 1 1 2 0 1 0 0 1 1 0 1 2 0 0 2 0 2 2 0 2 1 1 1 0 0 2 1 1 1 0 0 0 2 0 1 1 0 2 2 0 2 1 2 0 1
0 1 2 0 2 1 1 1 0 0 0 0 1 1 0 2 2 0 1 2 2 2 0 1 0 0 1 2 0 2 2 1 1 1 2 1 0 1 0 0 1 0 2 0 2 2 0 1 0 2 2 2 0 2 1 0 0 0 0 1 0 2 0 1 0 0 0 0 1 2 2 1 2 1 1 2 0 2 2 0 2 1 0 0 0 2 1 1 0 1 2 1 1 0 1 1 1 1 0 1 0 2 2 1 1 1 0 1 2 2 2 1 1 0 2 2 0 0 0 1 1 1 2 2 2 0 2 1 0 2 2 1 2 2 2 0 1 1 2
0 1 2 2 0 2 1 2 0 1 1 2 0 2 1 0 1 0 0 0 1 2 0 2 2 0 2 2 2 1 2 0 2 1 0 0 1 1 0 1 1 1 1 2 1 0 2 0 1 1 1 2 1 2 2 1 0 2 1 0 0 1 0 1 2 0 1 1 0 2 0 1 1 2 1 2 0 1 1 1 2 0 1 1 2 0 2 0 1 0 1 1 1 2 2 2 0 2 0 1 2 0 0 1 2 1 1 0 0 2 2 2 2 0 0 0 2 0 1 0 1 0 2 0 2 0 0 0 2 0 2 1 2 2 0 2 1 2 0
2 2 2 1 2 1 0 0 1 0 1 1 2 2 1 1 2 1 1 0 0 0 2 0 0 2 0 2 1 0 0 0 0 1 0 0 2 1 0 0 1 2 2 2 2 0 1 1 2 2 2 0 0 2 1 0 2 2 1 1 0 1 0 0 0 1 1 2 2 2 0 1 2 0 1 2 2 2 1 2 0 1 2 0 0 2 2 0 2 0 0 2 2 0 0 0 1 2 0 1 2 2 0 2 2 2 1 2 1 0 1 1 1 2 2 0 1 2 1 0 2 1 2 1 1 0 2 0 0 0 2 2 2 0 1 2 2 0 2
0 0 0 0 0 2 0 0 1 2 1 1 1 1 2 0 2 2 1 1 0 1 1 0 1 1 2 0 1 2 0 2 1 2 2 1 2 0 2 1 2 1 2 1 2 2 2 0 2 0 2 0 1 0 1 0 2 0 2 0 1 2 0 2 1 0 1 1 0 1 0 0 2 0 1 2 0 1 0 2 2 2 0 2 2 1 2 2 2 1 1 1 2 2 1 1 1 0 2 2 1 0 0 0 1 2 0 1 1 0 1 1 0 1 0 1 0 2 0 0 2 2 2 1 2 0 2 1 0 0 0 1 0 0 2 1 0 1 0
1 2 1 2 0 0 2 1 1 0 2 2 2 2 1 0 2 1 0 0 2 0 0 1 2 2 1 1 0 2 2 1 2 1 2 0 1 2 1 0 2 1 2 2 1 1 0 1 0 1 2 2 2 1 1 1 0 0 1 0 2 0 2 2 1 1 2 1 1 1 2 1 1 0 1 2 1 1 1 2 2 0 2 0 1 2 2 2 2 0 2 2 0 2 2 0 1 2 1 0 2 1 2 0 1 0 0 0 2 1 0 0 0 2 0 2 1 2 2 1 0 2 1 1 2 1 1 1 1 0 1 1 2 0 1 0 1 2 1
1 1 1 1 2 2 2 2 1 1 2 1 2 1 0 1 1 1 0 0 0 1 1 2 1 0 1 2 1 1 1 0 1 0 2 0 2 1 0 2 1 2 0 0 2 0 1 1 2 2 1 0 1 2 2 2 2 2 1 2 0 0 2 1 1 2 0 1 1 0 0 2 1 1 0 1 2 1 2 1 1 0 0 2 0 0 2 1 2 2 0 1 2 0 0 1 2 0 0 1 2 1 1 1 1 1 2 0 1 1 0 2 2 0 0 0 0 0 1 1 2 2 2 0 0 0 1 0 1 1 2 1 1 1 2 2 0 1 2
1 0 0 1 2 1 2 2 2 2 2 1 0 2 0 0 0 0 1 1 2 1 1 0 2 0 0 2 1 1 2 2 1 0 1 1 1 1 2 1 1 1 2 2 0 0 2 1 2 0 0 2 2 2 1 1 1 1 1 2 1 1 2 2 2 2 2 0 1 1 0 2 2 0 1 0 2 1 2 2 0 0 1 2 1 2 2 2 2 0 2 0 1 2 0 0 1 2 2 0 0 0 0 0 0 0 1 0 2 1 2 2 0 1 2 1 1 1 0 1 1 2 1 1 2 2 2 1 1 2 2 0 2 0 0 1 1 2 1
1 2 1 0 2 0 0 0 2 1 1 1 1 0 2 0 2 2 2 1 2 2 1 2 2 0 0 0 2 0 0 0 2 2 2 1 0 2 2 2 2 0 0 1 1 1 1 1 1 0 1 1 0 0 0 0 0 1 1 0 2 2 1 2 1 0 1 1 1 0 2 1 1 0 2 2 2 0 1 1 0 2 2 2 0 1 0 1 0 1 1 2 1 0 2 0 1 0 0 0 1 2 1 2 2 0 2 2 0 0 1 2 1 0 2 1 2 2 0 2 0 2 2 2 0 1 1 2 2 1 0 0 1 2 2 0 0 2 0
1 0 1 1 1 0 0 0 2 2 0 0 1 0 0 1 0 0 0 0 2 1 1 1 2 0 1 1 1 1 1 1 1 1 2 0 2 1 1 1 1 1 2 0 2 0 0 0 0 0 1 0 0 0 1 0 1 1 1 0 2 1 1 0 0 2 1 2 0 2 1 2 1 1 1 1 2 1 2 0 1 1 0 2 0 0 0 1 1 2 2 1 1 1 1 1 0 0 1 1 2 0 1 1 2 2 0 1 0 0 1 0 2 2 0 2 0 0 0 2 1 0 0 2 2 2 2 0 2 0 2 2 1 0 1 0 0 1 1
1 2 0 2 1 0 0 1 1 1 1 1 2 2 1 0 2 1 2 2 0 0 1 1 2 0 2 0 0 1 2 2 0 0 2 1 1 2 2 0 1 2 1 1 2 2 2 2 0 2 2 2 2 2 0 2 2 0 0 2 1 0 2 2 1 1 0 0 1 0 0 0 0 1 2 2 1 1 2 0 1 2 2 0 1 0 1 0 1 2 0 0 0 2 2 1 2 0 1 0 0 1 1 1 0 1 1 2 0 0 2 1 0 2 0 1 0 1 2 1 1 0 1 1 0 1 2 0 1 2 1 0 1 0 1 2 2 0 2
0 1 1 1 2 1 1 2 1 0 1 2 1 2 1 0 0 2 0 1 0 0 2 0 1 0 2 1 0 2 1 0 1 2 2 1 0 2 1 2 0 2 1 2 2 2 2 0 2 0 1 0 1 2 0 1 2 0 0 2 1 2 0 2 1 1 1 0 0 2 0 0 0 2 0 0 2 1 2 2 2 0 0 1 0 1 0 0 2 0 0 0 2 1 0 2 2 0 0 0 0 0 1 1 0 2 2 0 1 1 0 0 2 0 2 0 2 2 1 1 1 1 2 0 0 1 2 0 1 0 0 2 1 2 1 1 2 0 2
0 2 2 1 1 0 2 1 0 2 0 2 0 2 2 2 2 0 2 1 2 0 1 1 1 1 2 0 1 0 0 1 2 0 1 1 1 0 0 2 0 1 2 1 0 1 0 0 2 2 1 1 0 1 1 1 0 0 2 2 1 2 1 0 0 2 2 1 0 0 1 1 2 1 0 0 0 1 0 0 1 0 2 2 2 0 0 2 2 0 2 0 0 1 1 1 1 1 0 0 2 0 1 1 1 2 1 2 0 2 0 1 0 1 0 2 1 2 0 1 2 2 2 1 1 1 2 0 0 0 0 0 0 2 1 1 1 0 2
2 2 2 0 0 0 2 0 0 1 1 1 1 1 1 0 0 0 0 0 0 1 1 0 1 1 2 1 0 2 0 2 2 0 1 0 2 1 1 2 0 0 1 2 2 2 0 0 2 0 1 0 1 0 1 1 2 0 2 0 0 0 0 0 1 1 0 0 2 2 2 0 0 2 0 2 1 0 0 2 1 2 0 1 0 0 2 2 0 2 2 2 0 0 0 1 2 0 2 0 1 2 0 2 1 0 2 1 1 0 1 0 0 1 2 0 1 1 2 0 1 0 0 1 1 0 0 1 0 0 1 2 0 0 1 2 1 2 1
0 0 2 1 0 1 0 1 0 2 0 1 1 1 1 0 0 1 0 2 0 1 0 2 2 0 2 2 2 2 1 0 2 0 2 0 2 2 1 1 2 2 2 0 1 1 0 1 0 1 0 0 2 2 1 2 0 1 2 2 1 0 0 0 1 2 0 2 2 1 0 2 0 2 0 2 1 0 2 2 0 0 0 0 2 2 0 0 0 0 0 1 1 2 2 2 1 0 1 2 2 1 1 1 2 2 0 1 0 0 0 0 1 2 1 0 1 2 1 2 2 0 1 0 2 2 0 1 2 2 0 2 1 2 0 1 1 1 0
1 2 0 0 0 0 2 1 2 1 1 2 1 1 0 1 1 0 1 2 0 1 0 0 1 2 0 2 1 2 2 0 1 1 0 2 1 2 1 0 1 2 0 2 1 2 0 2 2 0 1 2 2 2 2 0 1 0 1 0 0 1 1 2 2 2 2 2 2 0 0 0 0 1 1 2 0 2 1 0 2 0 0 0 0 0 1 2 2 2 1 0 1 2 2 1 1 1 0 1 2 2 0 0 1 1 2 1 0 0 1 1 2 2 1 0 1 2 0 1 0 1 1 2 0 0 0 0 0 2 1 2 1 2 0 2 0 2 1
2 1 0 0 1 1 2 1 2 2 2 0 0 1 2 2 2 2 0 0 2 0 2 0 2 1 1 2 0 0 0 2 2 1 0 0 2 2 2 2 2 0 0 0 2 2 2 1 0 0 2 0 0 2 0 0 1 1 2 2 0 0 2 0 0 2 2 0 2 2 0 2 2 1 0 1 2 2 1 2 1 1 0 2 1 2 0 2 1 0 0 1 1 2 0 2 2 2 2 2 1 2 2 2 2 2 0 1 0 1 1 2 2 1 1 1 0 2 1 0 0 2 2 2 1 2 1 1 1 0 1 1 1 1 0 1 2 0 2
2 0 1 1 0 0 0 2 2 1 1 2 1 0 1 1 2 1 0 1 0 1 0 1 0 1 1 1 0 0 1 0 1 2 2 2 0 0 1 2 2 0 1 0 1 2 2 1 1 0 2 2 1 2 1 2 1 0 0 2 1 0 0 0 2 0 2 2 1 2 2 0 2 1 1 2 1 1 0 0 1 2 2 2 2 1 2 1 2 1 1 1 1 2 1 1 2 0 2 1 0 1 1 1 0 2 0 2 1 0 2 2 0 0 2 0 1 2 1 1 1 0 2 0 0 1 1 0 2 0 1 0 2 2 2 0 2 2 2
1 0 2 0 1 2 2 2 1 2 0 0 0 1 0 0 2 1 2 2 1 0 0 2 0 0 1 0 0 1 0 1 2 0 2 0 0 2 2 0 1 0 0 0 0 1 1 2 0 1 0 2 2 0 1 2 2 0 0 0 2 1 0 1 2 2 1 0 1 1 1 1 2 1 2 0 0 0 0 2 2 0 1 2 2 1 1 1 1 2 2 1 1 2 0 0 2 2 1 1 1 2 0 1 2 2 1 0 1 2 0 1 0 2 0 2 0 2 1 2 2 1 1 1 0 2 2 0 2 1 0 0 1 0 2 1 1 1 0
0 1 0 1 2 2 2 1 0 1 0 1 1 2 0 2 2 0 2 1 0 1 1 1 2 2 1 2 0 0 2 1 2 2 0 2 0 2 1 1 2 1 2 0 0 1 1 1 1 1 0 2 2 1 1 2 0 0 1 2 0 1 1 0 1 2 2 2 1 1 0 1 0 1 2 2 2 1 1 1 2 1 0 1 0 2 1 1 2 0 1 1 2 0 1 0 2 2 0 1 1 1 0 2 0 0 2 2 1 0 0 1 2 2 0 0 1 1 2 2 1 0 0 1 1 2 2 0 2 1 0 0 2 0 1 0 1 0 2
0 2 0 1 2 0 1 0 2 2 2 1 2 0 2 1 2 1 1 0 1 2 0 2 2 1 1 2 2 0 2 0 2 0 1 2 0 0 2 0 0 2 2 0 1 1 1 1 1 0 1 0 0 0 2 2 2 2 0 0 2 2 0 1 0 2 0 2 0 1 0 0 0 0 1 1 2 2 0 0 1 2 1 1 0 1 1 2 1 1 2 0 2 1 2 0 0 2 2 1 1 1 2 0 1 1 2 1 2 0 0 0 0 1 1 0 2 2 0 0 2 1 1 2 2 0 2 0 1 0 1 2 2 1 2 0 0 2 2
2 2 2 2 2 1 0 0 1 0 0 0 0 2 1 0 1 2 0 1 0 1 1 0 0 2 0 1 2 0 0 1 0 0 1 0 1 2 1 2 1 1 2 1 2 2 2 0 1 0 0 2 2 1 2 0 0 0 1 0 0 2 2 1 0 1 1 2 1 0 0 2 2 0 1 1 2 1 2 0 2 2 0 1 0 0 2 1 0 0 2 2 0 2 1 1 1 1 1 0 1 1 2 1 2 1 0 1 0 0 0 2 2 0 1 1 1 0 0 2 1 0 2 2 2 0 1 2 1 2 2 1 1 2 2 1 1 0 2
2 0 0 2 0 2 1 2 0 2 2 0 1 2 2 0 0 1 2 2 0 0 1 1 2 1 2 0 0 2 0 0 0 1 0 1 0 1 1 0 0 0 2 0 1 1 0 1 0 1 0 2 1 2 1 0 0 0 1 1 2 1 1 0 0 1 2 1 0 0 2 2 1 2 2 2 0 0 0 2 1 1 1 0 0 0 0 2 1 2 0 1 1 2 2 2 1 1 1 1 1 1 0 0 0 2 0 1 0 1 0 2 0 2 0 1 0 1 0 1 1 1 2 0 0 2 2 1 0 1 0 2 2 1 0 2 1 0 1
2 2 2 1 0 2 2 2 0 1 0 2 0 2 2 0 2 2 0 2 2 2 2 0 2 1 0 2 2 1 1 2 0 0 2 1 0 1 1 0 0 1 2 0 1 2 1 2 1 0 1 1 0 1 1 2 2 2 1 0 0 2 2 2 1 2 1 1 1 2 0 2 1 2 0 0 2 2 0 1 0 1 1 0 2 0 0 2 0 2 2 1 0 0 0 1 2 1 0 1 1 0 1 0 1 2 1 1 2 1 1 0 0 2 0 0 2 1 2 2 1 0 2 2 0 2 0 2 1 1 2 2 0 0 0 1 2 1 0
1 0 1 2 0 0 0 1 1 1 1 1 0 1 0 2 2 0 0 2 2 2 1 1 0 2 0 1 2 2 1 2 0 1 1 1 1 1 0 2 1 2 1 2 0 1 0 0 2 0 2 1 0 2 1 0 1 1 2 1 0 2 0 1 0 2 0 2 2 1 0 0 0 2 0 1 0 0 1 1 2 1 2 0 0 0 2 0 2 2 2 0 1 0 2 2 2 2 0 1 0 0 2 0 2 0 2 0 1 0 1 1 0 2 2 0 2 1 1 0 0 0 1 0 0 0 0 0 0 0 2 1 1 2 0 1 0 2 2
1 1 1 0 1 0 0 2 1 2 1 1 2 1 0 0 0 0 1 0 1 2 0 0 2 2 1 0 0 1 0 2 2 2 0 0 0 1 1 2 0 2 1 0 1 1 1 1 2 0 2 1 0 0 1 2 0 0 0 1 2 0 1 1 0 2 0 2 0 1 1 1 0 0 1 2 2 0 1 2 0 0 1 1 1 0 0 2 1 1 0 1 2 1 2 0 1 0 2 1 1 1 2 2 2 1 2 2 2 1 2 2 2 1 1 1 1 0 0 0 1 1 1 0 0 2 2 1 2 1 0 2 0 0 2 2 1 1 0
0 0 2 1 0 1 0 1 2 0 2 0 2 1 2 0 2 1 2 0 1 1 1 0 1 1 2 2 0 2 0 1 0 0 0 0 1 0 2 1 1 2 1 1 1 2 1 0 0 1 1 1 0 2 2 2 0 0 2 1 0 2 0 0 0 0 1 1 1 1 0 0 2 2 1 0 1 0 1 2 2 2 1 0 2 2 2 0 2 0 2 2 2 0 2 1 1 1 2 0 1 0 0 0 0 2 0 2 0 2 2 2 0 1 2 2 0 2 0 0 2 1 2 0 1 2 1 0 2 0 0 0 2 1 1 2 0 2 1
1 2 2 0 2 0 0 2 1 0 0 1 2 1 1 0 1 0 1 1 0 0 2 0 2 0 2 2 2 2 1 0 2 0 2 1 1 2 1 2 0 2 1 1 1 0 1 2 2 0 1 2 1 0 1 1 1 0 0 0 2 2 2 1 0 1 0 1 1 2 2 2 2 1 0 1 2 2 1 1 0 2 0 1 2 2 2 0 0 0 2 0 0 1 0 1 0 0 0 1 1 0 1 0 2 2 2 2 2 0 0 2 2 1 2 2 2 2 0 2 0 2 2 1 1 0 2 1 2 0 1 0 1 0 1 0 0 0 0
0 0 1 2 2 2 1 2 2 1 2 1 2 0 2 0 1 2 0 1 1 0 0 2 1 0 0 2 0 0 2 0 0 0 1 0 1 0 0 0 1 0 0 1 0 0 1 2 2 2 0 2 0 0 1 2 2 2 2 0 2 2 2 1 1 0 2 0 0 0 1 0 0 1 1 1 2 1 1 2 0 0 2 0 0 0 1 0 0 1 1 1 0 0 2 2 1 2 2 2 2 2 2 0 1 2 2 1 0 1 0 0 1 0 2 2 1 0 0 2 1 2 0 2 2 0 0 1 0 2 0 0 2 0 1 1 2 1 2
2 2 0 0 1 0 0 0 1 1 1 0 0 0 1 1 0 2 1 1 0 0 2 1 1 0 2 2 2 0 1 2 0 1 0 2 2 1 0 0 0 2 2 1 1 1 2 1 2 0 1 2 1 0 1 2 0 1 1 0 0 0 0 0 2 1 1 1 2 2 2 1 1 1 2 2 0 2 2 2 2 0 2 1 1 0 2 2 2 1 0 2 2 0 0 1 1 1 0 2 0 0 0 0 2 0 0 2 2 2 2 2 0 2 1 1 0 0 0 0 2 0 0 2 1 1 0 0 0 1 0 1 1 1 1 1 1 0 1
1 2 1 0 0 0 1 2 1 2 1 2 2 1 2 1 1 1 2 2 2 1 2 1 0 0 1 2 1 1 1 0 0 0 0 1 1 2 1 1 2 2 0 1 1 0 0 2 2 0 1 1 2 1 0 2 1 1 2 0 2 1 0 1 1 1 0 1 1 1 2 1 1 2 0 1 0 1 1 2 1 0 1 0 2 0 1 1 1 0 2 1 0 1 0 2 2 0 0 1 0 0 0 2 0 1 0 1 2 2 2 2 0 1 2 2 1 1 1 0 0 1 2 0 2 0 2 2 0 1 2 0 1 2 0 1 1 1 1
0 0 0 0 1 1 0 1 0 2 0 1 2 1 1 2 1 1 0 2 1 1 1 0 2 1 1 1 2 2 2 0 1 0 1 0 1 2 1 2 1 0 1 1 1 2 1 1 0 1 0 0 2 2 1 2 0 2 1 2 2 1 0 1 1 1 2 0 0 1 1 0 1 2 1 1 0 0 2 0 2 0 1 2 0 2 1 0 2 0 0 2 1 0 0 2 0 0 1 0 2 2 1 0 2 0 1 2 1 1 0 1 2 2 0 2 2 2 0 1 2 0 1 2 2 0 2 2 0 0 0 2 0 2 1 0 2 0 2
0 0 0 1 2 1 2 0 0 2 0 2 2 1 1 1 1 1 1 0 2 2 0 0 0 2 1 1 0 1 1 0 1 2 0 2 0 0 2 1 0 2 1 2 1 2 2 2 1 1 0 2 0 2 2 1 1 0 2 1 2 1 0 2 1 1 1 2 1 0 1 1 0 2 1 0 2 0 0 1 1 1 0 2 0 2 0 2 0 1 2 0 0 0 2 1 1 1 1 2 1 2 1 2 1 2 2 1 0 0 0 1 2 1 1 2 1 0 2 2 1 1 2 2 1 2 1 0 0 2 2 2 1 0 2 2 1 2 2
1 0 2 0 2 1 0 2 0 0 2 0 2 1 0 1 1 0 2 1 0 2 1 1 0 2 1 0 1 0 2 0 2 2 1 1 1 1 2 2 2 1 2 2 0 0 0 1 0 0 0 1 2 2 0 0 2 1 1 1 0 2 1 2 1 0 1 0 2 0 0 1 1 0 0 0 0 1 1 1 2 1 1 1 1 1 2 1 0 1 0 1 0 1 0 2 0 1 0 2 2 1 1 1 1 2 1 0 1 0 1 0 2 0 0 1 2 2 0 0 1 0 1 2 2 2 2 2 0 0 2 2 2 1 2 0 0 0 1
1 1 1 0 2 1 0 0 1 0 1 2 2 2 0 2 1 2 1 2 1 2 1 1 1 2 0 0 0 2 1 2 0 2 2 2 2 0 0 0 0 2 0 0 1 1 0 1 2 2 0 0 2 2 1 0 1 0 0 2 2 0 1 0 2 1 0 1 1 1 0 0 1 0 1 0 2 1 1 1 1 1 1 0 0 1 1 2 1 2 2 1 2 1 1 2 1 2 2 2 2 2 0 1 0 2 1 0 1 0 2 2 2 1 0 0 2 2 0 1 2 0 0 2 2 0 1 0 0 1 0 2 1 2 0 1 2 0 0
0 0 2 1 2 0 1 0 1 1 2 0 1 2 1 0 2 2 0 0 2 1 2 2 1 1 0 0 0 0 0 1 1 2 2 2 1 1 0 0 0 2 0 2 0 2 0 2 1 0 1 1 0 0 1 2 2 2 2 0 1 0 1 2 0 1 1 1 0 2 1 1 2 0 1 2 2 2 0 2 0 1 1 1 1 0 0 1 2 0 1 0 1 0 1 1 2 2 1 0 2 0 2 0 0 0 2 1 0 2 0 1 0 1 2 2 1 1 1 1 2 0 2 0 1 0 2 1 0 0 2 1 1 2 1 1 0 0 0
1 1 0 2 2 2 2 0 0 1 1 0 0 2 2 1 1 0 1 0 1 2 2 2 0 2 0 0 0 2 0 2 1 2 2 0 1 2 0 0 1 0 0 1 0 2 1 2 0 2 2 1 1 0 1 0 2 2 1 0 2 1 2 0 0 1 2 0 1 0 0 2 0 0 1 0 2 0 2 0 2 0 1 2 0 0 2 0 1 0 1 0 2 1 2 1 0 1 1 2 2 1 2 0 1 1 1 1 2 2 1 1 2 0 1 2 1 1 0 0 1 1 1 2 0 0 1 1 2 2 1 2 1 0 0 0 1 1 1
1 0 0 1 2 0 2 2 2 1 0 0 0 2 2 2 0 0 1 1 1 0 2 1 1 0 1 2 0 0 0 1 1 1 2 1 0 2 2 2 1 0 1 1 2 0 2 1 1 0 2 2 2 0 0 1 1 2 1 1 0 2 0 2 1 2 0 1 2 0 1 0 0 2 0 1 0 2 2 2 0 2 1 0 0 0 2 2 2 0 0 2 2 1 1 0 2 0 2 1 1 1 0 0 1 0 2 2 0 1 1 1 1 0 2 0 0 1 2 0 2 0 0 2 0 2 1 2 0 0 1 1 2 1 1 1 2 0 0
2 2 2 2 2 2 1 2 0 0 2 0 0 2 0 2 0 0 1 2 0 2 1 0 2 2 2 0 2 1 1 2 1 0 2 0 0 1 2 0 2 2 1 2 2 1 0 0 0 1 0 1 1 1 1 1 1 2 1 1 0 1 2 1 1 1 0 1 0 0 1 0 0 2 0 0 2 0 0 0 2 0 1 1 2 1 0 1 0 2 0 1 0 2 0 2 2 0 0 0 2 0 0 2 0 0 0 2 1 0 0 1 2 2 0 1 1 0 0 1 2 2 0 0 1 0 0 1 2 0 1 2 0 0 1 1 1 1 1
0 2 2 2 1 2 0 1 0 0 2 2 0 1 2 1 0 0 1 2 0 2 1 2 0 1 1 2 2 2 2 0 0 2 0 1 1 0 0 2 1 0 2 2 1 1 0 2 2 0 2 1 2 1 0 0 0 2 1 0 2 0 1 2 0 1 2 1 0 2 1 1 2 0 0 2 2 2 1 2 2 0 0 2 1 1 0 2 1 1 0 0 1 1 1 1 0 0 0 1 0 2 0 1 0 1 0 2 0 2 0 0 1 0 2 0 1 0 0 0 1 0 1 1 2 0 0 2 1 2 1 1 1 2 0 2 0 1 2
2 1 2 2 2 1 0 2 0 1 0 1 2 0 0 1 2 0 0 0 1 2 2 0 1 1 1 1 2 0 2 1 1 2 2 1 0 2 2 1 0 2 2 0 0 2 0 0 0 0 0 1 2 0 2 1 1 1 0 2 2 2 0 1 1 2 0 0 2 0 1 0 2 0 1 0 0 1 1 0 2 2 2 2 0 2 0 2 1 1 1 0 0 0 2 0 0 2 0 0 0 2 0 0 0 2 1 0 1 0 1 0 0 0 2 1 2 1 1 1 2 0 2 1 0 2 2 0 2 2 1 0 2 0 1 2 2 2 2
2 0 1 0 1 1 0 0 1 2 1 1 1 2 0 2 2 0 1 1 0 1 0 1 0 0 2 0 1 2 2 0 0 0 0 2 2 1 0 2 0 2 1 0 2 1 0 2 2 2 1 0 1 2 2 0 0 1 0 2 1 1 0 2 1 0 2 2 0 0 2 1 0 0 2 2 2 0 2 2 2 1 2 1 1 1 1 1 0 0 0 2 1 0 2 0 1 2 0 2 2 2 2 0 0 1 0 0 1 2 2 1 1 2 0 2 1 2 1 0 0 2 0 1 0 2 2 2 2 2 0 0 0 2 0 0 0 0 0
0 1 0 1 0 0 2 2 2 0 1 2 0 0 2 0 1 2 2 0 2 2 0 2 2 0 0 1 2 1 2 2 0 2 1 0 0 2 0 1 0 1 0 0 2 1 1 1 1 0 1 0 1 0 0 1 1 1 2 0 0 2 0 0 2 0 1 1 0 1 2 0 0 0 1 0 2 0 1 1 1 0 2 2 1 0 2 0 2 1 1 2 1 0 0 2 1 2 0 1 0 0 1 1 1 0 2 1 1 0 0 0 1 2 0 1 2 2 2 2 1 0 2 0 1 0 2 2 2 0 0 2 1 2 1 0 1 0 2
2 1 2 2 0 1 0 1 2 2 1 1 1 1 1 0 1 1 2 0 2 1 2 2 2 2 1 2 0 2 2 0 1 1 0 2 0 1 1 0 2 2 2 1 1 1 1 2 1 2 1 0 0 1 2 0 0 0 1 2 0 0 0 2 2 0 1 0 0 0 1 2 2 0 0 0 2 2 1 0 2 0 0 2 1 2 2 2 1 1 2 2 2 2 1 2 1 0 2 1 0 0 0 2 0 0 0 0 0 1 0 2 1 0 2 0 1 0 0 2 1 2 1 0 0 2 2 1 0 2 0 0 0 0 0 1 1 0 2
0 0 0 2 1 0 2 0 1 0 1 1 1 1 2 2 1 2 2 0 2 0 0 0 0 1 0 2 0 1 2 0 1 2 0 0 0 0 1 2 0 2 1 2 1 1 2 2 0 2 0 1 2 0 1 0 2 2 2 0 1 1 1 0 0 1 0 1 2 2 1 2 2 2 2 0 1 1 0 0 1 1 1 0 2 0 1 2 0 1 2 1 2 0 1 1 0 0 2 2 0 1 2 2 1 2 0 0 0 1 0 2 2 2 1 1 2 2 1 1 0 1 2 1 0 2 2 0 0 2 2 1 0 2 0 1 1 1 1
0 0 2 0 2 1 1 2 2 2 1 0 0 0 0 1 0 2 0 0 0 2 0 1 0 0 0 2 2 1 1 0 2 2 1 2 0 0 2 0 2 0 0 0 1 2 2 1 2 1 0 0 0 0 1 2 1 1 2 1 1 0 1 1 0 0 0 1 1 0 2 1 1 1 2 2 0 2 2 2 0 2 2 1 0 2 0 0 1 0 1 2 2 0 0 2 2 1 1 0 2 1 2 0 2 2 1 2 2 0 1 2 0 2 1 1 1 0 1 2 0 0 0 2 1 0 0 0 2 1 1 1 2 0 0 2 0 1 1
2 2 1 2 0 1 1 1 2 2 1 2 2 1 2 0 0 0 0 1 0 2 0 0 2 2 0 2 2 1 2 0 1 0 2 1 2 1 0 1 0 1 1 1 1 1 1 1 2 2 1 2 1 1 0 1 0 0 1 1 2 0 1 0 1 0 1 0 2 2 2 2 1 0 0 2 2 2 2 1 1 0 2 1 1 2 2 0 0 0 1 0 1 2 1 2 0 2 2 2 2 2 0 1 0 1 1 2 2 0 2 0 0 1 1 0 1 2 0 2 2 2 0 1 1 1 1 1 1 2 2 2 1 0 1 1 2 2 2
1 1 1 0 1 0 1 1 1 1 2 2 1 1 2 0 0 1 2 0 0 1 2 2 0 0 0 2 2 1 2 1 2 0 1 1 0 0 1 0 2 0 2 1 2 2 2 0 1 1 0 1 0 2 1 1 0 2 1 0 0 1 2 0 1 1 2 0 1 0 1 1 1 1 2 0 1 2 1 2 1 2 0 2 2 2 1 0 2 2 1 0 0 0 2 0 1 1 1 1 2 0 2 0 1 0 2 0 0 1 2 1 0 0 1 0 0 2 1 0 0 2 0 0 1 0 1 2 1 2 1 1 0 1 0 1 2 2 2
2 1 1 2 1 2 0 0 0 1 2 0 1 1 1 2 0 2 1 0 1 1 2 0 2 0 0 1 0 0 1 1 1 0 0 0 0 1 0 0 0 2 0 2 2 2 2 2 1 1 0 2 0 0 0 2 1 0 2 0 1 1 1 2 2 2 1 0 1 2 0 2 0 1 1 0 0 1 0 2 2 1 1 0 2 2 0 1 0 0 1 0 2 0 0 2 0 1 2 2 2 0 2 2 1 1 2 2 0 2 2 0 1 1 0 1 1 1 0 2 2 2 2 2 0 0 1 1 2 1 0 1 1 0 0 1 2 0 0
2 1 1 2 2 2 1 2 1 0 2 1 2 2 2 1 0 2 0 2 2 1 2 1 1 1 2 2 0 0 2 0 2 1 0 1 0 1 1 2 2 0 2 0 0 1 1 1 1 0 0 0 2 1 2 0 2 2 2 2 0 0 0 2 1 0 1 0 0 0 0 2 1 2 2 2 0 2 1 2 0 1 1 2 2 0 0 2 0 2 1 0 0 1 0 2 0 2 2 0 0 2 0 2 0 0 2 0 0 1 1 0 0 2 0 1 2 0 0 0 1 2 1 1 1 2 0 1 2 0 1 0 0 2 2 0 0 2 1
0 0 0 1 2 2 1 0 0 0 0 1 1 0 2 0 2 2 1 0 2 2 0 2 0 2 0 1 0 0 0 1 2 1 2 1 1 1 1 1 1 1 0 0 2 2 1 2 0 0 2 2 2 0 0 0 2 1 1 0 1 2 1 0 1 1 1 0 1 0 2 0 0 2 1 0 2 0 2 2 0 2 2 0 0 0 0 0 1 0 1 2 2 0 1 1 2 2 1 0 1 1 0 1 0 2 1 0 2 0 0 2 0 2 0 0 0 1 1 1 1 0 1 2 0 2 1 2 2 1 0 0 2 1 2 1 1 0 1
1 1 1 1 2 2 1 0 2 1 2 2 2 2 1 2 0 1 1 0 0 2 1 2 1 0 1 2 1 0 1 2 2 1 1 1 1 0 0 1 1 2 0 2 2 1 1 0 2 0 0 1 2 2 1 2 2 0 1 2 1 1 2 1 2 1 0 0 2 0 1 1 0 0 1 0 1 1 0 2 1 0 1 2 1 0 1 1 0 0 0 0 1 1 1 1 2 1 2 2 0 2 2 1 2 0 1 1 2 1 1 1 2 2 0 0 0 2 0 1 2 0 1 2 2 0 0 2 2 0 2 2 2 1 0 2 2 1 0
2 0 2 0 1 2 1 2 0 1 2 2 1 1 1 0 0 2 1 0 1 2 0 2 1 1 2 1 1 2 2 1 0 2 2 1 2 1 1 0 0 1 0 1 2 1 2 1 1 2 1 0 1 1 2 1 0 2 2 2 2 1 0 1 1 0 2 2 2 1 2 2 1 0 2 0 2 2 2 1 2 1 2 1 0 2 2 1 2 1 1 2 1 2 0 0 2 0 2 2 0 2 0 1 0 0 1 0 0 1 1 0 0 1 2 0 0 1 2 0 0 0 0 2 0 0 0 0 1 0 0 1 0 1 2 0 2 2 1
0 1 0 1 1 2 0 2 0 2 1 0 0 2 0 1 0 1 2 1 0 2 2 2 0 2 2 1 1 1 0 2 2 2 1 1 2 1 0 2 1 0 1 0 2 2 1 0 1 1 2 2 0 2 1 1 1 1 1 0 2 1 0 2 1 1 0 0 1 2 0 0 2 1 1 2 0 0 1 2 1 0 2 0 0 1 2 2 2 0 0 0 0 1 2 1 0 1 2 1 1 0 0 0 2 1 0 0 0 1 0 1 2 2 2 0 1 2 0 2 2 1 2 0 2 2 2 2 1 2 2 2 2 0 2 1 2 1 1
2 2 2 2 2 0 1 0 2 0 0 1 1 2 1 1 1 1 1 1 0 0 0 0 2 1 0 1 1 1 1 0 2 1 0 1 1 2 2 1 0 0 2 2 2 2 1 0 1 2 2 1 0 0 2 0 2 0 0 1 2 1 2 2 2 0 1 2 0 0 0 0 1 0 1 0 0 2 2 1 2 2 0 0 2 2 1 2 0 2 0 1 1 0 0 1 1 1 0 1 0 1 2 2 0 0 0 0 0 0 2 0 2 0 1 0 2 0 0 1 2 2 2 0 0 0 2 1 2 0 0 0 2 2 0 0 1 0 0
2 1 0 2 1 0 2 1 1 2 0 0 2 2 0 2 2 0 2 0 0 0 0 0 0 0 0 0 2 2 1 2 1 0 2 2 0 1 2 2 1 2 0 0 1 0 0 1 1 1 1 1 1 2 2 2 0 0 2 0 0 1 2 1 1 2 2 0 1 1 0 0 1 1 0 2 1 1 0 2 2 2 2 1 2 2 0 2 2 0 2 0 0 2 2 1 2 1 2 1 2 0 1 0 1 2 0 0 0 1 1 1 1 0 0 0 2 1 0 1 2 0 2 2 1 2 2 0 1 1 2 1 2 0 2 1 2 1 2
0 0 0 1 0 0 2 0 2 1 1 1 1 0 2 1 1 2 1 2 0 2 1 2 2 1 0 0 1 1 0 1 2 0 1 2 1 1 1 0 0 2 0 1 0 2 0 1 1 1 0 1 1 2 1 1 1 1 2 2 0 0 2 2 1 1 0 0 0 1 0 0 1 0 2 2 0 0 0 1 1 2 0 0 2 2 1 1 1 2 1 2 0 1 2 1 2 2 1 0 1 0 0 0 1 1 2 2 1 0 1 2 0 2 1 0 1 0 2 0 2 0 2 2 2 2 1 2 2 0 0 1 0 1 1 0 2 1 2
0 1 0 1 0 1 2 0 2 0 2 1 0 0 0 0 2 0 1 2 0 0 2 1 1 0 2 1 1 1 1 1 2 0 0 0 1 0 0 1 1 0 2 2 2 0 2 1 0 2 1 1 2 1 2 0 0 2 0 1 0 1 0 1 1 1 1 0 2 0 2 1 1 1 0 0 1 1 2 0 0 1 1 0 0 2 1 0 2 1 2 0 0 2 2 2 1 0 0 1 0 2 0 0 1 1 0 0 0 0 1 0 2 0 0 2 0 1 0 0 1 2 0 1 1 2 1 1 0 1 0 2 1 0 2 0 2 2 1
2 0 0 2 2 1 0 2 2 0 2 2 1 2 0 0 1 0 1 2 0 1 2 0 2 0 2 0 2 2 2 2 0 2 2 0 1 1 0 0 1 0 0 2 2 0 2 0 0 1 0 1 2 0 2 0 0 1 0 1 1 0 1 2 0 0 0 1 1 0 2 0 0 2 0 0 2 0 2 0 2 2 2 1 2 2 2 1 0 1 2 0 2 0 2 2 1 0 2 1 1 1 1 2 1 0 0 1 0 2 2 2 2 2 2 0 1 2 1 1 0 1 2 2 2 0 0 0 0 2 2 2 0 2 1 2 2 0 1
2 2 0 0 2 2 0 2 0 2 1 2 0 2 2 0 1 2 0 2 0 0 2 2 1 1 2 0 1 2 2 0 2 2 1 1 2 1 1 2 2 2 0 0 2 2 0 1 2 2 2 0 2 1 2 1 0 2 0 1 1 2 2 2 0 2 0 2 0 0 0 0 0 1 0 1 1 2 2 0 1 1 0 1 0 0 1 1 0 2 2 2 1 0 1 2 2 0 0 0 0 1 2 1 2 2 2 0 1 0 1 0 1 2 0 0 2 1 1 0 0 2 1 2 2 2 0 2 0 0 0 1 1 2 0 1 0 0 2
1 0 0 2 2 0 0 0 2 1 1 1 2 0 2 1 0 2 2 0 0 2 2 1 1 1 2 2 2 0 2 1 0 2 1 0 0 1 0 0 0 0 2 2 1 1 1 2 1 1 2 1 1 2 1 0 2 1 0 1 1 0 0 0 0 2 1 1 0 2 2 1 0 2 1 1 1 0 0 2 2 1 2 0 1 1 1 0 2 2 2 1 0 2 2 1 2 0 0 0 0 0 0 0 0 1 2 1 1 0 1 1 2 1 2 1 2 1 2 1 1 1 0 1 2 2 1 1 1 2 2 1 1 2 2 1 1 2 0
0 0 2 0 1 0 2 0 2 0 2 1 2 2 2 1 1 2 0 2 0 0 2 2 1 2 2 2 1 2 0 2 0 2 2 2 2 2 2 2 1 0 1 1 2 0 2 0 0 1 0 1 2 2 0 0 2 0 0 1 2 2 1 2 1 1 0 2 1 2 1 2 0 0 0 2 1 0 0 2 1 0 0 0 1 1 1 1 1 0 0 0 2 2 0 1 1 0 0 2 1 2 2 1 0 0 2 2 2 2 1 1 0 1 0 2 0 1 0 1 2 1 2 2 1 0 1 0 2 1 0 0 1 1 2 2 2 1 1
1 1 2 0 2 1 0 2 1 2 2 2 2 2 2 1 1 2 2 2 1 2 1 2 0 2 2 2 1 1 0 1 0 0 1 2 2 2 2 0 1 2 0 1 2 2 1 0 0 0 1 1 0 2 2 1 1 2 1 0 0 0 1 1 0 0 1 1 2 1 1 2 1 0 0 1 0 1 2 0 0 0 0 0 2 2 2 1 1 1 0 2 2 2 1 0 0 1 1 0 0 1 0 1 1 1 0 2 0 2 1 0 1 2 2 0 2 2 0 1 1 0 0 0 0 2 1 0 1 2 2 1 0 2 0 2 1 0 0
2 0 1 0 1 0 0 0 2 0 0 0 1 1 1 2 1 1 0 0 2 0 0 0 1 0 0 1 2 0 1 2 1 2 2 0 0 0 0 0 1 1 0 2 0 0 1 2 1 2 0 1 0 0 1 2 1 2 0 0 0 2 2 2 2 0 0 1 1 1 1 2 0 0 1 1 0 1 0 2 0 1 0 1 2 0 0 1 2 1 2 0 1 2 0 1 0 1 2 2 2 2 1 0 2 0 2 0 2 0 2 1 2 0 2 2 0 0 0 0 2 0 1 1 0 1 0 1 2 1 0 2 0 1 2 0 2 2 0
2 0 2 0 2 0 2 1 1 0 0 2 0 0 1 2 1 0 0 2 0 1 2 0 2 1 0 2 0 0 2 2 1 2 0 1 1 0 2 2 1 0 0 0 1 1 2 2 1 0 1 2 2 1 0 1 2 1 0 1 2 0 0 0 0 1 1 1 2 1 1 1 2 1 1 1 0 2 1 0 2 0 2 0 0 0 1 2 2 0 1 2 0 2 2 0 1 1 2 1 0 1 2 0 0 2 2 1 1 0 2 1 1 1 2 1 2 1 2 2 1 0 1 1 0 1 0 2 2 0 0 0 1 1 1 0 1 0 2
0 1 1 2 0 0 2 2 1 0 1 0 2 0 2 1 0 1 1 1 2 2 1 0 1 0 1 2 2 2 1 2 0 0 2 1 1 1 1 2 2 0 0 1 0 0 2 2 2 2 0 1 2 2 1 1 0 2 1 2 2 0 0 0 2 2 1 1 1 0 1 0 1 1 1 1 2 1 1 2 0 1 1 2 1 2 2 2 2 0 2 2 1 2 0 0 2 1 2 0 2 0 0 1 2 1 0 2 0 2 1 1 0 2 2 1 2 1 1 2 2 1 1 1 0 1 0 0 1 2 1 1 0 2 0 2 1 0 2
2 2 0 1 1 0 0 0 0 2 2 2 1 0 2 2 1 0 2 2 2 2 1 1 2 1 1 2 2 2 1 2 2 2 1 0 2 1 2 2 0 1 2 2 2 1 1 0 0 2 1 2 1 2 1 1 0 0 1 0 2 2 2 0 1 0 1 1 2 0 1 0 1 0 2 0 0 2 2 0 1 0 2 0 0 1 2 1 2 0 1 2 0 2 0 2 0 2 0 0 2 2 1 2 0 2 0 0 1 0 0 0 0 1 1 1 2 0 2 2 0 1 0 0 1 0 0 1 2 0 2 0 0 1 2 0 1 2 1
0 0 2 0 1 0 1 0 1 2 0 1 0 1 1 1 2 0 1 2 2 1 1 2 2 0 2 2 1 0 1 1 1 2 2 0 0 1 0 1 0 1 1 0 0 2 1 1 2 2 0 0 1 2 0 0 1 0 1 0 1 0 0 2 2 2 2 0 1 1 2 2 0 0 0 1 0 2 2 0 0 0 1 1 1 2 0 2 0 1 2 1 1 2 1 2 0 1 2 2 2 1 1 2 0 2 1 1 2 1 1 2 0 1 1 1 0 1 1 1 0 1 0 0 2 1 2 2 2 2 1 0 1 0 2 1 0 1 2
0 1 2 0 1 0 1 0 1 1 1 2 1 0 2 1 2 0 0 1 0 2 0 0 1 1 1 2 2 0 0 2 1 2 2 0 2 1 0 0 2 2 0 1 0 2 2 2 0 1 2 0 1 0 2 2 2 0 0 1 0 1 1 0 0 1 1 0 1 0 1 0 2 1 2 0 1 0 1 1 1 0 2 2 1 1 0 1 2 1 0 1 2 2 1 0 1 0 1 2 0 2 1 1 1 0 1 2 0 2 1 2 0 0 0 2 0 0 1 2 2 1 0 2 1 2 2 1 0 0 0 1 0 2 2 1 0 1 1
1 1 2 1 0 2 2 0 2 0 1 0 2 0 1 2 0 1 1 1 2 2 1 0 0 2 1 1 2 0 2 1 2 2 0 2 2 2 0 0 2 1 0 2 0 1 1 0 0 0 1 0 0 0 2 0 2 0 2 2 0 1 1 2 1 1 0 1 2 0 1 2 0 1 2 1 0 1 1 1 2 0 1 2 1 1 0 1 1 2 1 2 2 0 0 0 2 1 2 2 1 0 1 2 2 1 0 0 0 2 2 2 0 1 2 2 0 2 1 2 0 2 2 0 0 0 1 0 1 1 2 2 2 1 0 2 0 1 0
0 1 2 0 1 1 2 0 2 0 1 2 1 2 2 1 2 2 0 0 0 1 2 0 1 1 0 1 1 2 1 2 1 1 2 0 2 2 2 2 2 1 2 0 0 1 2 0 0 2 0 0 2 0 0 0 0 2 1 1 2 0 1 1 1 0 2 0 0 1 0 0 1 2 1 2 0 0 0 1 1 1 1 0 0 0 1 0 0 0 2 0 0 0 1 1 2 0 2 0 0 0 1 1 0 2 0 1 1 1 2 2 1 2 2 1 0 0 2 0 0 1 0 1 0 2 2 0 0 2 0 0 2 1 2 1 2 1 2
0 2 2 0 1 2 2 2 2 0 1 0 1 1 1 2 1 0 2 1 1 1 2 2 2 1 2 0 1 0 0 2 0 0 2 2 0 2 2 0 0 2 1 1 0 0 1 2 1 1 1 0 2 0 0 1 2 2 2 0 0 2 0 2 0 2 2 1 2 1 1 2 1 0 1 2 1 2 1 2 0 2 0 1 1 0 0 0 1 0 2 2 2 2 1 0 0 0 1 2 0 0 2 1 0 0 1 1 1 0 1 2 1 2 0 2 0 1 0 1 1 0 1 1 1 0 0 1 1 1 1 2 2 1 1 1 0 0 0
1 1 0 0 2 2 1 2 2 0 1 1 2 1 0 0 2 1 1 1 0 0 1 0 0 2 2 2 2 2 0 0 1 0 2 2 2 1 1 0 1 2 2 0 2 0 1 2 1 0 2 2 1 0 2 2 2 1 2 2 1 0 0 2 0 2 1 0 0 1 1 1 1 1 2 1 1 1 1 1 2 0 1 1 0 0 0 2 2 0 2 1 0 0 1 1 2 1 0 0 2 1 2 1 0 0 0 2 2 1 1 1 2 2 0 2 0 1 2 0 2 2 1 0 2 2 2 2 1 2 0 1 1 0 0 2 0 0 1
0 2 0 1 1 2 2 1 2 0 0 2 0 0 1 1 2 1 1 2 0 0 0 1 1 0 2 0 1 0 2 1 2 2 0 1 2 2 0 2 1 2 2 1 2 0 2 0 0 0 0 0 1 0 2 1 2 2 2 1 2 2 0 0 2 1 2 0 2 0 2 0 2 0 2 2 0 0 2 0 1 2 1 1 0 1 2 0 1 1 1 0 1 1 1 2 1 1 2 1 2 2 2 2 2 1 1 1 2 1 1 1 0 1 2 1 2 1 1 0 0 0 1 2 2 1 1 1 2 1 2 2 0 1 1 1 1 2 2
0 0 0 2 2 2 2 1 1 1 1 2 2 2 2 2 2 1 1 1 0 2 1 0 0 1 1 1 0 0 0 1 2 2 1 2 1 0 1 1 2 2 1 2 2 0 1 2 1 0 1 2 2 2 0 2 1 1 2 1 0 2 0 0 1 1 0 1 2 1 2 2 2 0 2 1 2 1 1 0 1 2 1 1 0 1 2 1 1 1 0 1 0 0 2 0 2 2 1 2 0 1 0 0 1 2 2 0 1 1 2 0 1 1 2 1 0 1 0 1 2 0 0 0 1 2 1 1 1 0 1 0 1 1 0 1 1 0 2
0 2 1 1 1 0 0 0 1 2 0 2 1 2 1 2 0 0 1 2 2 1 1 0 1 0 0 2 2 2 1 0 1 1 1 0 1 2 0 2 1 0 0 0 2 1 2 1 2 1 1 2 0 0 2 2 0 1 2 2 0 0 0 1 2 1 1 1 1 2 1 2 2 2 2 0 1 0 2 1 1 0 0 2 1 0 1 1 1 0 1 2 2 2 1 1 1 2 2 0 2 2 0 1 1 1 2 1 1 2 2 2 0 0 2 1 0 1 0 2 0 0 2 2 2 0 0 1 0 1 2 2 1 0 2 0 2 1 1
0 2 0 2 2 1 2 1 2 2 1 0 2 1 2 1 1 0 2 1 0 0 0 1 1 1 0 2 0 2 1 1 1 2 1 1 1 1 0 0 0 1 1 2 1 1 1 0 2 1 1 0 2 0 1 2 2 2 2 1 2 0 2 0 0 1 2 1 1 2 0 1 2 1 2 1 0 1 1 0 2 1 2 0 2 0 2 1 1 2 0 0 2 0 1 0 2 2 2 0 2 2 0 1 2 2 0 0 1 2 1 1 1 1 2 0 2 1 2 0 0 0 0 0 1 0 1 0 2 1 2 1 1 2 1 1 2 1 2
0 1 1 2 2 2 1 0 1 0 0 2 0 1 0 2 2 0 0 0 2 2 2 2 2 1 0 0 0 2 0 2 1 1 1 1 0 0 2 0 0 2 0 2 1 0 2 0 2 0 0 2 0 0 1 0 2 2 0 0 2 1 0 0 0 1 1 2 2 1 2 1 1 2 1 2 0 0 2 2 1 1 2 1 2 0 2 1 0 0 2 0 2 2 0 2 2 2 1 1 1 1 0 2 1 1 0 2 2 2 1 1 1 0 0 0 2 0 2 0 1 1 0 0 2 1 0 1 1 2 0 0 1 1 1 0 0 1 2
0 1 0 2 0 2 2 1 2 0 0 2 1 0 0 2 0 2 0 1 0 2 1 2 1 2 0 1 0 2 0 1 0 2 1 1 2 0 0 1 2 1 1 1 2 2 1 2 1 1 1 2 1 0 1 2 0 2 1 1 1 2 0 0 2 1 1 1 0 2 0 2 2 1 0 1 0 1 2 2 0 0 2 1 1 1 2 2 1 1 1 2 0 2 0 0 0 2 2 1 2 0 0 1 2 2 1 0 1 1 0 2 2 0 1 1 2 0 1 0 2 2 0 0 2 2 1 1 1 0 2 1 0 1 1 0 0 2 1
1 1 2 1 0 0 1 2 2 2 0 0 2 1 1 2 1 0 1 2 2 1 2 1 0 0 2 1 1 2 2 0 1 2 2 2 2 1 2 1 0 0 2 2 2 2 2 1 2 0 0 0 0 0 2 0 1 2 2 2 1 2 1 0 1 0 2 1 1 1 0 2 0 0 2 2 2 2 0 2 0 2 2 1 0 1 2 2 0 1 2 2 0 0 0 1 1 0 0 0 2 1 0 2 2 2 2 2 1 0 2 2 0 2 1 1 1 0 1 0 2 1 0 2 2 1 2 1 1 0 2 0 1 0 1 1 2 1 0
1 1 0 2 2 0 0 1 2 2 2 2 1 0 0 2 0 2 1 2 0 2 2 1 1 2 0 0 2 1 2 1 0 2 1 0 0 0 1 0 2 1 0 1 2 1 0 0 1 2 0 1 2 0 0 1 2 2 1 2 0 0 0 1 0 2 2 1 0 0 2 2 2 0 0 2 1 1 0 0 1 0 2 0 0 2 1 0 1 1 2 0 1 0 1 2 0 1 0 0 2 0 0 2 0 1 2 2 0 2 2 2 0 1 0 1 2 2 1 0 0 1 1 0 2 0 0 1 2 1 1 1 2 0 1 2 2 1 2
2 0 2 2 1 1 2 2 0 0 1 1 1 0 0 1 0 1 1 1 0 0 0 2 0 0 1 2 2 2 2 2 1 0 2 0 1 2 1 2 2 2 0 1 0 1 0 1 0 2 0 0 0 0 0 0 2 2 0 1 2 1 2 1 1 1 2 0 0 0 2 1 0 0 0 1 0 0 0 0 0 0 1 1 2 2 2 1 2 1 0 1 2 2 1 1 1 1 1 2 1 0 1 2 1 1 2 1 2 2 2 1 0 1 2 2 1 0 1 0 1 1 2 0 1 0 2 2 1 0 2 0 1 1 0 2 0 2 2
0 2 1 2 2 0 1 2 1 2 0 2 0 2 1 1 1 0 0 0 1 0 1 0 1 2 1 2 0 1 1 1 0 0 0 1 1 2 0 2 2 1 2 2 1 1 2 2 1 2 0 1 1 2 1 2 2 0 2 0 1 1 1 1 1 1 0 2 1 1 2 0 0 1 1 2 1 0 2 2 0 2 1 1 2 2 2 2 2 1 2 1 0 0 1 2 2 1 2 0 2 2 2 0 2 1 2 0 1 1 0 1 2 2 1 2 1 0 1 2 1 0 1 2 1 2 2 0 1 2 1 1 1 1 0 0 2 0 0
1 2 1 1 2 1 2 1 2 2 0 2 0 1 1 1 2 1 0 0 0 2 2 2 0 1 2 2 0 0 0 2 2 2 0 2 0 2 1 1 1 1 0 2 2 2 1 2 2 1 0 2 1 0 1 2 1 1 2 2 2 2 1 2 2 1 2 2 1 1 0 0 0 2 1 0 2 2 0 1 1 1 1 2 1 0 2 0 2 1 0 2 2 1 2 1 1 2 1 0 1 2 1 1 2 2 2 1 2 0 0 1 2 1 1 0 1 1 1 1 1 1 1 0 0 2 2 2 1 0 0 2 0 2 1 2 2 2 1
1 2 2 0 1 0 2 0 2 0 1 2 2 0 1 0 1 0 2 1 2 1 1 2 1 0 2 1 2 1 0 1 0 2 1 0 0 0 0 0 2 2 2 1 2 2 0 1 2 0 2 2 1 1 0 1 1 2 0 1 1 0 0 2 2 1 2 2 0 0 2 2 2 0 1 2 0 2 1 2 0 0 0 2 2 0 0 1 0 0 1 2 0 1 1 0 0 2 0 1 2 0 0 0 1 0 2 1 2 0 1 0 2 2 0 2 0 1 0 1 2 2 0 0 1 0 1 2 2 1 1 2 2 0 2 1 0 2 0
0 0 0 2 2 2 2 1 1 0 0 2 0 2 1 1 1 1 0 1 1 2 0 0 2 0 1 1 0 0 2 2 1 0 1 1 0 1 0 1 2 1 2 0 2 0 1 1 2 2 2 0 1 2 1 1 1 2 0 2 0 0 1 2 1 0 1 1 1 1 0 1 1 0 1 0 0 0 1 0 0 1 1 1 1 2 1 2 0 1 2 1 2 1 0 0 2 2 2 1 2 0 2 0 0 1 0 1 2 2 1 2 0 2 2 2 0 0 2 1 2 2 2 2 0 1 0 2 0 2 2 2 0 1 2 1 1 0 0
1 2 2 2 0 2 1 0 0 2 0 1 2 2 1 2 0 2 2 1 1 2 0 0 0 1 1 2 0 1 2 2 2 1 1 0 1 0 1 2 0 2 1 2 1 0 2 0 0 1 1 1 1 1 0 2 0 1 1 1 0 1 1 0 0 0 2 0 1 0 2 1 0 2 1 2 0 0 2 0 2 0 0 0 2 1 2 0 0 1 2 1 0 1 2 2 1 1 0 2 2 0 1 0 2 0 0 2 0 2 0 0 1 1 0 0 2 1 1 2 2 1 0 1 2 0 0 1 2 1 1 0 1 2 0 1 2 0 0
0 1 1 0 0 2 2 1 2 0 0 2 0 2 1 2 2 2 0 0 2 1 2 2 0 2 2 1 0 1 2 1 0 1 0 0 1 2 1 2 2 2 1 0 0 2 0 2 2 0 0 2 2 0 2 0 0 2 1 1 0 0 2 0 2 2 1 1 1 1 0 1 1 2 0 1 0 0 0 0 1 2 0 1 2 2 1 0 1 2 1 0 1 2 1 0 1 0 2 1 2 0 0 0 0 0 2 1 1 0 2 1 2 2 2 2 1 1 0 0 1 2 1 0 1 0 1 0 1 1 2 0 2 0 0 0 1 2 2
0 1 1 1 0 0 0 0 1 2 1 2 2 1 1 2 2 1 0 0 0 0 0 0 2 0 1 0 1 2 2 2 0 0 1 1 0 2 2 2 2 0 1 1 1 0 2 1 2 0 1 2 0 2 0 2 2 2 2 2 2 1 2 2 1 1 0 2 1 0 1 0 0 1 0 2 1 2 1 1 2 0 0 0 2 2 0 0 1 1 0 0 2 2 0 2 0 0 2 1 1 1 0 2 0 1 0 1 0 1 0 0 2 1 1 2 0 2 0 2 0 1 0 0 0 0 0 2 1 0 1 0 2 1 1 0 2 1 1
0 2 2 1 2 1 2 2 2 2 0 2 2 1 2 1 2 0 2 2 1 2 1 0 2 0 1 2 0 0 2 1 0 2 2 0 0 0 2 0 0 0 2 0 2 2 2 0 2 1 2 1 2 0 2 2 1 1 2 2 1 2 0 0 1 1 0 2 2 1 0 2 1 0 0 2 2 2 2 2 2 1 1 1 0 1 0 2 2 0 1 2 0 2 2 1 1 2 1 1 0 1 1 0 1 2 0 1 0 2 0 2 1 2 0 1 0 1 0 0 2 2 2 2 0 1 2 2 2 1 1 0 0 0 1 2 2 1 1
2 0 1 1 2 0 2 1 1 2 2 2 2 2 1 1 2 1 1 2 1 0 1 1 1 1 0 0 0 1 1 1 2 0 0 2 1 0 0 0 2 0 2 1 0 1 0 0 0 0 0 1 1 1 0 2 2 1 2 1 2 1 2 2 2 2 2 0 0 0 1 0 0 1 2 1 1 0 0 1 1 0 0 2 2 1 1 2 2 1 0 2 0 2 2 2 0 1 1 0 2 2 1 1 2 0 0 0 1 0 1 2 1 2 2 1 1 0 0 0 0 1 0 0 1 0 0 1 2 2 2 2 2 0 1 1 1 1 2
0 2 1 0 0 1 0 1 0 1 1 1 1 0 1 2 2 2 0 0 2 0 0 1 2 1 2 2 0 0 1 0 0 0 0 0 2 1 2 0 0 2 1 2 0 1 1 2 0 2 1 2 0 1 1 0 1 1 2 1 0 1 2 0 2 2 2 2 2 2 2 2 1 1 1 2 2 1 2 0 1 1 0 2 1 2 0 2 0 0 0 0 1 2 2 0 2 1 0 1 0 2 1 0 2 1 0 1 2 2 2 1 2 0 0 0 0 0 0 1 0 0 0 2 0 2 0 0 0 2 0 1 1 1 1 1 0 1 0
2 2 2 2 2 0 2 0 0 1 0 2 1 0 2 1 1 2 0 1 2 2 2 1 1 1 1 0 1 2 1 2 2 1 1 2 2 1 2 0 2 2 2 2 0 2 1 1 1 2 1 1 1 0 0 1 2 2 2 2 2 0 2 2 1 1 2 1 2 2 2 0 1 2 0 0 2 1 2 1 1 0 0 0 2 1 2 2 0 1 1 0 2 1 0 1 2 0 2 0 2 2 1 1 2 1 1 1 2 1 2 1 2 0 2 2 2 2 2 0 1 1 1 0 0 1 2 0 2 0 0 1 2 2 0 1 0 2 0
0 0 1 2 1 2 2 0 0 2 2 1 1 2 2 1 2 2 2 0 1 0 2 1 2 1 2 2 2 1 0 0 0 1 2 1 2 2 2 2 2 2 0 0 2 1 2 1 0 1 2 2 2 1 1 0 1 0 2 0 0 2 1 0 2 0 2 1 0 1 0 2 1 1 0 0 2 0 2 0 2 2 1 2 1 2 2 2 1 2 0 1 2 1 2 2 0 1 0 0 0 1 1 0 0 2 0 0 2 1 1 0 1 2 2 2 1 2 0 2 2 0 1 1 0 0 1 0 2 2 1 0 2 0 0 0 0 1 0
0 2 1 0 1 0 0 1 0 0 2 0 2 0 2 2 0 2 1 1 2 1 0 0 0 1 1 0 2 0 1 0 1 0 1 2 2 0 1 2 1 0 2 1 2 2 1 0 2 0 2 2 1 0 0 0 1 2 1 2 2 2 2 0 1 1 0 0 1 2 2 0 0 2 2 2 2 1 2 2 1 2 2 0 2 0 0 2 2 2 1 2 2 1 0 0 2 1 1 2 0 0 0 1 1 0 1 1 1 2 0 0 1 0 0 2 0 2 2 0 2 1 2 1 2 0 0 2 1 2 2 0 1 2 1 2 0 1 0
2 0 1 2 1 2 1 1 2 0 0 0 0 2 0 2 2 1 2 2 0 2 2 1 0 2 1 0 0 2 1 0 2 2 2 1 1 1 1 1 2 1 2 2 2 2 2 1 1 2 0 2 2 1 0 0 1 1 0 1 1 1 1 0 1 2 0 0 0 1 1 0 0 1 0 2 1 2 1 2 2 2 2 2 0 0 0 1 2 1 0 1 1 2 2 2 1 2 1 2 0 0 0 1 2 0 0 0 1 2 0 1 2 0 0 0 1 1 2 1 0 0 0 1 2 0 1 1 0 2 1 2 0 2 0 2 0 1 0
2 2 1 0 1 1 1 2 2 0 1 2 0 2 2 2 2 0 1 1 2 1 0 1 1 0 2 1 0 0 2 0 0 1 0 1 2 2 2 0 0 0 0 1 0 2 1 0 1 2 1 0 0 2 1 0 2 0 2 2 1 2 0 2 0 2 1 0 1 0 1 2 2 1 2 0 2 0 0 1 0 2 1 1 1 0 1 0 1 2 0 0 1 1 0 2 0 2 0 2 0 0 0 0 1 2 1 1 2 1 2 0 1 1 1 0 2 1 0 0 0 2 1 1 0 1 1 1 1 1 1 0 1 1 1 1 1 0 0
0 2 1 1 1 2 0 1 2 1 0 0 1 2 2 0 0 2 1 1 1 0 2 1 0 2 1 2 0 1 0 2 0 1 0 2 2 0 1 2 2 2 2 0 1 2 0 1 2 2 0 0 1 0 0 1 2 1 1 0 2 1 0 0 0 0 0 2 2 2 2 1 1 1 0 0 1 0 2 1 1 2 2 2 2 2 1 0 0 2 1 0 1 1 1 2 2 2 2 1 2 1 1 0 1 1 1 0 2 0 2 0 2 1 0 0 1 1 1 2 1 2 2 1 1 1 0 0 1 0 0 0 1 1 2 0 2 0 1
1 1 0 0 1 1 0 2 2 0 0 1 2 2 1 0 1 0 2 2 2 2 2 1 1 1 0 2 1 1 0 0 0 0 0 0 2 2 2 2 0 0 1 2 0 2 1 2 0 0 2 0 0 2 1 2 0 2 1 1 0 2 1 2 0 0 2 2 2 1 2 2 2 0 2 1 0 0 0 1 1 0 1 2 2 0 2 2 2 1 1 2 1 0 1 2 0 1 0 2 0 2 2 0 0 2 1 0 0 2 2 2 2 0 1 1 0 1 1 2 0 2 0 2 0 2 1 1 1 2 1 2 2 1 2 0 1 1 1
2 0 1 2 0 2 1 2 0 0 1 0 0 1 1 0 2 1 2 1 0 2 0 2 2 1 1 0 0 0 1 2 1 2 2 2 2 0 2 0 0 1 1 1 0 0 2 2 1 2 0 2 2 1 1 1 0 0 1 1 1 0 0 0 1 0 0 1 0 0 1 2 2 2 1 2 0 1 2 2 0 1 1 2 2 0 1 0 1 2 1 0 0 2 1 1 2 1 2 1 1 0 0 1 1 1 1 1 2 1 1 0 0 0 0 0 1 1 1 2 1 2 0 2 0 1 0 2 0 1 0 2 1 1 1 0 0 2 0
0 0 2 1 1 2 1 2 0 1 0 0 2 0 0 1 1 2 0 1 2 1 2 2 0 1 0 2 2 2 2 2 1 2 0 2 1 0 2 0 1 0 1 1 2 2 0 0 2 1 1 2 0 2 1 0 0 2 0 0 1 2 2 0 2 1 1 2 2 0 2 0 1 0 1 1 0 2 1 0 1 1 2 1 0 1 0 1 0 0 1 2 1 1 0 0 2 2 2 1 2 1 2 1 0 2 2 1 1 2 1 1 0 1 2 0 0 2 2 0 1 0 1 2 1 2 2 2 1 0 0 0 1 1 0 2 0 0 1
2 2 0 0 2 2 1 0 2 0 2 1 1 0 2 1 0 1 1 2 2 1 0 0 0 2 1 1 2 2 0 2 2 0 0 2 0 1 0 1 0 1 2 2 2 2 1 2 1 0 2 1 2 1 1 0 0 1 1 0 0 1 0 2 0 0 2 0 0 1 1 0 0 1 0 2 0 2 2 1 2 2 0 1 0 0 2 1 1 1 2 1 0 0 1 0 1 2 1 1 1 0 2 1 1 0 0 0 2 0 2 0 0 0 2 1 0 1 0 1 1 2 0 2 2 2 0 1 2 1 0 0 1 0 1 1 1 0 2
1 0 1 1 1 2 1 1 0 0 1 2 1 1 2 1 1 0 1 0 2 0 1 0 2 2 2 1 0 2 0 2 1 0 1 0 0 0 1 1 1 0 0 1 2 1 2 0 1 1 2 0 1 0 1 1 2 2 0 0 2 0 2 1 1 1 2 2 1 0 1 1 1 1 2 0 2 1 2 1 0 1 2 1 2 1 0 1 1 1 2 1 1 1 2 1 0 1 0 2 0 1 0 1 0 0 0 0 2 2 1 2 1 1 2 0 1 0 2 2 1 1 1 0 0 1 1 0 0 2 1 1 1 2 0 2 0 1 0
0 1 2 0 0 2 2 0 1 0 0 0 1 2 2 0 2 1 1 1 2 2 0 1 1 2 2 0 2 0 1 2 2 2 0 2 2 0 0 0 1 0 1 0 0 1 0 0 2 0 1 2 2 2 1 1 2 0 0 1 0 1 2 2 1 2 2 0 2 2 1 1 2 0 2 0 2 2 0 0 0 0 0 0 2 1 2 1 1 2 0 2 1 2 2 0 2 1 1 2 0 1 1 0 2 0 0 1 0 0 1 1 0 1 2 0 0 1 2 1 0 0 1 2 0 1 0 2 2 2 2 0 0 1 0 0 1 1 2
2 2 1 1 0 1 1 1 1 2 1 1 1 1 0 1 0 2 2 2 1 1 2 2 0 0 0 0 2 2 0 2 2 2 1 2 1 2 2 2 0 1 1 1 0 2 2 0 1 1 1 2 0 0 2 1 2 1 2 1 0 0 1 0 2 0 2 0 0 2 1 0 0 2 1 1 1 1 2 0 0 0 1 1 1 1 2 1 2 2 2 2 0 2 2 0 0 0 2 0 0 0 2 2 0 0 0 0 0 0 0 0 1 2 2 2 1 0 1 0 2 0 1 0 0 1 1 1 2 1 0 0 1 2 2 2 0 0 0
0 0 2 2 1 1 1 1 2 1 2 0 2 1 2 2 2 0 1 1 1 2 2 2 1 1 1 2 1 2 2 0 0 1 2 0 0 1 2 2 1 2 0 1 1 0 1 1 1 1 0 0 0 2 2 0 0 1 2 0 0 1 1 1 0 1 1 1 2 1 0 1 1 2 0 0 2 2 1 1 0 2 1 1 1 1 1 0 2 0 0 2 0 1 1 0 2 0 2 2 1 0 2 0 2 2 0 0 1 2 2 2 2 2 1 1 0 0 1 0 1 2 2 2 1 1 0 1 2 2 1 1 2 1 2 0 0 0 0
0 0 2 0 2 1 1 1 0 0 0 0 1 0 0 1 2 0 1 1 0 0 0 1 2 1 1 2 2 2 0 2 0 1 0 0 0 2 2 0 2 2 0 1 0 1 2 0 2 1 2 2 1 2 0 2 0 0 2 2 0 0 0 0 2 1 1 2 1 0 0 1 1 1 0 1 0 1 2 2 2 1 1 1 0 0 1 1 1 0 2 1 1 2 2 0 1 1 1 2 2 1 0 0 0 2 0 1 0 2 1 2 2 1 1 0 1 2 0 0 1 2 2 2 2 1 1 0 0 2 2 0 1 0 0 1 0 1 0
0 2 0 2 1 1 2 2 0 1 2 0 2 1 2 0 0 1 1 1 2 0 1 0 2 2 1 0 2 0 2 2 2 2 2 1 1 2 0 1 1 0 2 1 2 1 1 1 0 0 2 0 0 0 0 0 2 2 1 2 2 1 2 2 1 0 0 2 2 0 0 0 1 2 0 2 1 2 0 2 0 0 0 1 1 0 2 1 0 1 2 0 2 1 2 0 1 2 2 1 1 0 2 2 0 0 2 1 0 2 1 0 0 1 2 2 0 1 1 1 2 0 2 2 0 1 0 1 2 2 0 0 0 1 0 0 1 0 2
1 0 1 2 1 0 2 1 1 0 0 0 1 1 2 0 1 1 1 1 0 1 2 1 0 0 2 0 2 0 1 1 0 0 1 2 0 1 0 2 1 1 2 0 1 2 2 2 0 1 1 2 0 1 0 0 1 2 2 1 2 0 0 1 0 2 1 0 0 2 0 2 1 0 0 2 2 0 2 1 1 1 0 1 0 0 2 1 0 1 1 0 1 1 2 2 1 0 2 1 0 1 0 2 1 1 2 1 1 2 2 2 0 0 2 0 0 1 0 0 0 1 2 1 0 1 1 1 2 1 0 0 2 1 0 1 0 2 0
2 1 0 0 0 0 2 1 0 0 2 2 1 0 2 2 1 0 1 2 0 2 2 1 2 1 1 1 2 0 1 1 0 2 2 0 0 1 2 1 2 2 0 0 2 0 0 2 2 1 1 2 1 2 2 0 1 0 1 1 2 0 0 2 0 0 0 0 1 2 1 2 1 0 2 2 0 0 1 2 2 0 0 0 0 2 1 1 0 0 0 2 1 1 2 1 1 2 2 0 2 1 2 1 2 0 0 0 1 1 0 0 0 1 2 0 1 0 0 1 2 0 1 0 2 1 2 1 1 1 0 1 0 2 2 0 0 1 1
1 2 2 0 0 0 2 1 2 0 2 0 2 2 2 0 0 1 0 1 2 2 1 1 1 2 0 1 2 1 2 2 2 2 2 2 0 2 1 2 2 0 0 0 1 0 0 1 2 1 0 2 0 2 0 1 2 2 0 2 0 0 1 0 0 1 1 0 1 0 0 2 1 1 2 0 2 0 2 2 1 2 1 1 1 2 1 1 1 2 1 2 2 0 1 0 0 0 1 1 0 2 0 2 1 0 2 1 0 1 0 2 1 0 1 0 0 0 0 2 2 1 1 1 1 0 2 1 0 1 1 2 1 1 1 2 0 2 1
0 1 2 0 2 2 2 1 2 0 1 1 2 0 0 1 2 2 1 2 2 0 0 2 1 2 1 1 2 0 0 1 1 2 2 2 2 1 1 2 2 0 1 1 1 2 0 0 1 2 2 2 2 0 1 1 0 0 0 0 1 0 1 1 0 0 1 0 2 0 2 1 0 1 0 2 2 1 2 1 1 0 0 1 0 0 0 1 1 1 2 0 1 1 2 2 2 0 2 2 0 0 2 1 2 2 0 1 1 2 0 2 0 1 2 2 2 2 0 1 0 0 2 0 2 1 2 2 1 2 2 2 0 1 0 1 2 0 2
0 0 0 1 1 0 0 1 2 0 1 1 1 0 0 1 0 1 1 2 0 1 1 2 0 1 0 1 0 0 1 1 1 0 0 0 0 0 1 0 1 0 2 0 1 0 1 1 0 0 0 0 1 0 1 2 2 1 0 2 0 0 1 2 0 2 0 0 0 2 1 2 2 0 2 1 2 1 0 2 2 1 0 2 2 1 1 2 1 2 2 2 2 0 1 0 2 1 1 1 0 2 0 0 1 1 2 0 0 0 2 0 2 2 2 2 2 1 1 1 1 0 0 1 0 2 1 1 1 2 0 2 0 0 2 1 2 0 2
