3 143 19
475557018 4275340 705129641 998506781 795295697 810396825 618575261 532235363 176330497 656175192 808369417 713275321 641499021 1128237662 271164312 352830061 1069848243 445681202 658321754 676437342 111395826 36713531 1027260336 238357832 496814804 897665438 770129060 370898439 252159321 231706078 340953408 891967820 903171351 606149871 497737224 1024167339 998461117 555001694 697621892 615150107 910249022 329220855 622628567 985084821 838219963 822468239 11287913 236163744 414903689 548294319 1062655108 537473127 488356187 543666255 103736595 577972368 217060397 923216181 647028250 783186043 1033290805 581564756 885611205 471342902 1098165619 1144022205 17713404 733891761 566455351 30378932 333187526 1013527583 149517943 326851016 515732827 906907247 358399835 13509226 455367359 1128678974 865464918 874965142 1007884713 181842945 1082683666 625889147 1131382367 904868460 947711121 410955894 337969505 918276265 1016303992 999949127 825327174 73707540 182847330 303284969 1020948786 997052583 291252114 808483827 715476916 962946779 292666129 604100916 264006108 1014205975 587212879 237951527 541292290 718251597 979148065 476321456 122199458 729918985 736315344 1108920802 198533724 121498535 968558037 740712053 76580927 202185872 718932893 371555913 340930501 768963148 1158012831 1117799671 294026076 187873617 546755441 102654046 194863842 158798041 588995318 453024853 80551260 340684933 509893427 821368388 976436127
0 0 0 2 2 1 1 2 0 2 1 0 1 0 0 1 1 2 2 0 0 1 0 1 1 2 0 1 1 0 2 1 1 0 0 2 1 2 1 1 1 0 0 1 1 0 2 0 1 2 0 1 1 0 1 2 0 2 1 1 2 1 1 2 2 2 1 0 2 0 2 0 1 0 1 0 0 2 0 2 1 1 1 2 2 0 2 0 2 1 2 1 2 0 1 1 1 2 0 0 0 0 1 2 0 1 0 1 0 0 1 2 2 2 2 0 2 2 1 1 0 0 0 2 2 2 2 1 2 2 2 1 2 0 0 2 2 0 0 2 1 2 1
2 2 0 2 1 0 1 0 0 2 2 0 2 2 0 0 2 2 2 0 2 1 1 1 0 1 2 0 1 0 2 0 2 1 0 2 1 1 2 0 0 2 0 0 1 0 1 2 0 1 2 2 0 1 1 0 0 0 1 1 1 2 2 1 0 2 0 2 1 2 2 0 0 0 1 2 1 2 1 1 1 1 1 1 0 2 0 0 1 1 0 2 1 0 0 2 0 0 2 2 1 2 2 2 1 1 1 2 1 0 2 2 2 0 2 0 1 2 0 0 1 1 2 0 2 1 0 0 2 2 2 1 0 0 0 1 1 2 1 0 0 0 1
0 2 0 0 1 0 1 1 2 0 0 0 2 2 1 0 2 1 2 0 1 0 1 0 2 1 2 2 2 2 1 2 2 1 0 0 2 1 1 2 2 0 2 1 0 1 2 2 0 2 1 1 0 0 0 2 1 2 0 1 2 1 1 2 1 1 0 0 0 0 0 0 1 1 2 1 2 2 2 2 2 0 2 2 0 2 2 2 2 0 0 1 2 1 1 1 0 2 0 0 0 0 0 1 2 0 0 2 0 2 2 2 2 2 1 0 2 1 2 1 2 0 0 2 1 1 1 2 1 1 0 1 2 1 0 1 2 2 1 2 1 2 1
2 1 0 2 1 2 2 2 2 0 2 1 2 2 2 2 1 2 2 1 1 1 1 0 0 0 0 1 0 2 2 2 0 0 1 1 0 1 2 2 2 2 1 2 1 1 1 0 0 2 1 2 1 0 0 2 2 1 0 2 0 1 2 1 1 1 1 2 0 0 1 0 2 2 0 2 2 2 0 2 2 1 2 0 2 0 1 1 1 1 1 2 0 1 0 2 0 2 2 1 2 1 2 0 1 2 2 0 2 2 0 2 1 0 0 0 0 1 0 1 1 2 1 1 1 1 1 1 1 1 2 1 0 1 1 1 1 1 0 1 1 1 0
2 1 1 1 1 0 1 0 1 1 1 0 2 0 2 1 2 0 1 2 0 0 1 0 2 0 1 1 1 2 1 2 0 0 0 2 1 2 0 2 0 1 0 1 2 0 0 0 1 2 2 0 0 0 0 0 0 2 1 0 1 0 2 2 1 2 2 0 1 2 2 2 1 1 1 0 2 2 0 0 2 2 0 2 1 1 2 1 1 1 2 2 2 1 2 1 1 1 1 0 0 1 0 1 0 1 2 2 1 0 0 0 0 1 0 1 1 2 0 2 2 1 0 1 2 2 0 2 1 1 2 1 0 2 0 1 2 0 1 0 0 2 1
1 1 2 0 0 2 2 0 1 0 0 0 0 1 0 2 2 2 2 1 1 2 2 2 2 2 0 1 1 0 0 0 2 2 1 0 1 1 0 0 1 2 0 2 1 2 0 0 1 0 2 2 0 2 2 0 2 1 2 0 2 2 1 2 1 0 2 2 1 0 0 0 0 1 0 1 1 0 2 0 0 2 1 1 1 0 2 0 2 1 2 1 0 0 0 2 1 0 1 2 2 2 0 2 1 0 1 2 1 1 2 2 0 0 0 1 2 0 0 1 1 2 1 2 2 2 1 0 1 1 0 0 0 1 0 2 1 2 1 0 1 1 1
1 0 2 0 2 0 1 1 2 0 0 2 0 0 0 1 1 1 1 2 2 2 2 1 1 2 0 0 0 0 1 2 0 0 0 0 0 1 2 0 1 0 0 1 1 1 0 0 1 1 2 0 1 2 0 1 2 1 1 2 1 0 2 2 0 2 0 2 2 0 2 0 1 0 0 2 1 0 2 2 0 2 1 2 1 1 0 1 0 2 1 0 2 1 2 0 2 1 0 1 2 2 2 0 0 0 0 1 1 2 1 1 2 2 1 1 1 2 2 1 2 2 2 2 1 0 0 0 1 0 2 0 0 2 1 0 2 1 1 1 1 0 0
0 0 2 1 1 2 2 1 1 1 1 1 0 1 2 1 2 2 1 0 0 1 1 0 2 2 0 0 1 1 2 1 2 1 0 1 1 0 0 0 2 2 2 2 0 1 0 1 2 0 1 2 1 1 1 0 1 2 2 0 0 1 1 2 0 2 1 2 2 1 2 1 1 2 1 2 2 2 0 1 2 1 1 2 0 2 2 2 2 1 2 0 0 1 2 0 1 1 2 0 1 0 0 2 2 2 2 1 1 2 0 2 2 2 1 2 2 0 2 2 0 1 0 1 0 0 0 2 0 0 0 1 0 0 1 1 0 2 2 2 1 1 2
1 1 0 2 0 1 1 0 2 1 1 1 2 2 1 2 2 1 2 1 0 1 0 1 1 2 0 1 2 2 0 0 0 1 0 2 0 2 0 2 1 2 1 1 1 0 0 1 2 2 0 2 1 0 0 0 0 1 2 0 1 1 0 1 2 2 0 2 2 2 0 0 1 2 1 0 0 2 1 0 1 1 0 1 2 1 2 0 2 1 0 1 2 2 1 2 1 2 2 0 1 0 1 2 0 0 2 1 2 1 1 1 0 1 2 0 2 1 0 2 0 1 2 0 0 0 0 2 2 0 2 2 1 0 1 1 0 2 0 0 1 1 1
2 0 1 0 0 2 0 0 0 2 0 2 0 0 2 2 0 0 2 2 2 2 2 1 0 2 2 0 0 1 2 0 2 1 0 0 0 1 1 2 1 1 2 2 1 1 1 2 0 1 2 0 1 1 1 0 0 1 1 2 0 0 2 0 2 0 0 1 2 2 0 0 1 2 2 0 1 2 0 2 1 0 2 2 2 1 0 0 0 2 2 0 2 0 1 0 0 0 1 0 0 2 0 1 2 1 1 0 1 2 1 2 0 0 2 0 1 0 1 0 2 2 1 2 2 0 2 0 0 0 0 0 2 1 1 1 2 1 0 0 1 1 0
2 2 0 2 1 0 1 2 2 0 0 1 0 0 2 0 1 2 0 2 0 1 2 2 2 0 0 0 2 2 1 2 2 2 1 1 2 0 0 2 1 0 1 1 2 0 1 0 1 1 0 1 1 2 1 0 0 2 1 2 1 0 1 1 2 1 2 1 2 0 1 1 1 0 0 1 1 2 1 2 1 2 1 2 2 0 0 2 2 0 0 1 0 2 1 0 0 1 2 1 2 1 2 1 2 0 2 0 2 1 0 2 1 1 2 1 1 0 1 1 0 1 1 0 0 2 1 2 1 1 1 0 2 1 2 2 1 1 2 1 1 0 1
0 2 0 1 1 0 2 1 1 1 2 0 0 2 1 0 0 2 1 2 2 2 1 1 0 1 2 2 2 2 0 2 1 1 0 1 2 1 2 2 2 2 2 0 2 1 0 0 2 1 2 1 1 2 1 0 0 0 2 2 2 1 1 2 0 2 0 2 0 0 2 0 0 2 0 0 1 2 0 0 1 1 2 0 0 0 0 1 1 0 0 2 2 2 1 2 2 2 0 0 0 2 1 0 2 2 0 1 1 1 1 0 0 1 1 0 0 1 2 1 2 0 0 2 0 2 2 0 1 2 0 1 0 2 2 0 1 0 1 1 2 0 2
2 1 0 1 1 1 0 1 1 1 2 0 1 2 0 2 1 0 0 0 0 2 0 1 2 1 2 1 0 2 0 0 2 0 1 1 2 0 2 0 2 0 2 1 2 0 1 0 0 1 1 2 2 0 0 2 1 1 0 2 0 0 2 0 0 2 2 2 2 2 0 2 2 2 0 2 2 2 1 1 2 2 1 1 0 1 1 1 2 1 0 1 1 0 2 2 0 1 2 0 2 2 2 1 0 2 1 0 2 0 1 2 0 0 0 1 2 1 2 2 0 0 1 2 1 1 2 2 0 1 2 2 1 1 2 2 1 0 0 1 1 2 0
1 0 1 2 0 0 2 0 0 0 2 0 2 1 2 1 1 0 1 2 0 0 1 2 1 2 0 1 0 0 2 1 1 1 1 1 1 1 1 0 2 1 0 2 2 0 1 2 1 2 1 2 2 2 0 1 1 0 0 2 1 0 0 2 2 2 1 1 1 1 1 1 2 0 0 0 1 1 2 0 1 1 0 1 1 0 1 0 1 1 2 0 2 0 0 1 1 0 0 2 1 2 1 0 0 2 1 1 2 0 2 0 2 0 0 0 1 1 0 0 0 0 0 0 1 2 2 2 2 2 2 0 0 1 1 0 2 0 0 1 1 0 2
1 0 2 2 2 1 0 2 2 1 1 2 2 0 2 2 0 0 0 1 0 1 2 1 0 0 1 2 2 1 2 1 1 1 0 0 0 1 1 0 0 2 0 0 0 2 1 0 2 1 1 2 0 1 1 1 2 2 1 2 2 0 0 0 0 1 2 1 0 1 1 1 0 1 2 0 0 0 0 0 1 2 0 2 0 2 1 0 2 2 2 2 1 0 2 1 2 2 2 2 0 0 1 1 2 0 1 2 1 2 0 0 2 1 0 0 0 2 1 0 2 1 2 1 1 0 2 1 0 2 1 2 2 2 0 2 1 2 1 2 2 0 0
2 1 1 0 2 0 1 1 0 0 1 1 0 2 1 1 1 0 0 0 0 0 0 2 1 0 2 1 0 2 2 0 1 1 0 1 2 2 0 1 0 2 2 0 2 2 2 0 2 0 1 1 1 2 0 2 0 2 1 1 1 1 1 2 2 2 1 2 2 1 0 2 1 1 0 2 0 0 0 0 1 2 1 2 2 2 2 2 2 1 1 1 2 0 1 2 0 0 2 2 0 0 2 1 1 0 1 1 0 2 0 1 2 1 1 1 1 1 1 1 2 0 0 0 1 2 2 1 0 2 1 0 0 1 2 1 1 1 1 1 1 1 1
0 2 2 1 2 1 0 0 2 1 1 2 2 0 1 1 0 2 2 1 2 0 1 1 2 0 2 1 2 1 2 2 2 0 1 1 1 1 2 1 2 0 0 2 0 0 0 2 2 0 0 2 1 2 0 0 0 0 2 2 2 2 2 1 2 1 2 2 0 1 1 0 2 2 0 1 2 1 0 2 2 1 1 1 2 1 0 0 2 0 1 2 2 1 0 0 0 1 0 0 0 1 0 0 0 1 1 0 0 2 2 0 1 0 1 1 0 1 2 2 1 1 1 2 2 0 2 2 1 0 0 1 1 1 2 0 0 0 1 0 0 1 0
0 2 0 1 2 1 1 0 1 2 2 0 2 2 2 2 1 0 0 0 2 2 2 2 2 1 2 1 2 1 1 2 0 1 2 1 1 0 2 2 0 1 2 0 2 2 0 0 2 0 1 1 2 1 2 0 0 1 1 0 0 2 0 1 2 2 2 0 2 2 2 0 1 2 1 0 1 2 1 1 0 0 0 0 2 0 0 2 2 1 2 2 1 0 1 1 2 1 1 0 1 1 1 0 1 1 0 0 1 1 1 1 2 0 2 1 0 0 0 0 2 1 2 1 1 1 2 2 0 2 0 1 1 1 1 0 0 2 0 1 1 0 0
1 0 2 2 1 0 1 1 2 0 2 1 2 1 2 2 1 1 2 0 0 2 2 1 2 2 2 1 2 0 1 0 0 1 0 2 1 2 1 2 2 1 0 0 2 2 2 2 1 0 0 2 2 1 1 2 0 0 0 2 1 2 0 2 1 2 2 0 1 1 0 2 2 1 0 2 1 2 2 0 0 0 0 2 1 1 0 2 0 1 2 1 1 0 2 0 2 1 1 1 2 2 1 2 1 1 1 2 1 2 0 2 2 0 2 1 0 2 0 1 1 0 0 0 1 2 1 1 0 2 0 2 2 1 1 0 2 1 0 2 0 0 1
0 2 0 1 0 1 2 1 2 1 2 2 0 2 1 1 0 0 2 1 0 1 0 0 2 2 1 1 2 0 2 0 2 0 2 2 1 2 1 1 1 1 1 1 0 2 0 2 0 0 0 1 2 1 2 2 1 2 0 0 2 0 2 1 1 1 1 0 1 0 1 2 1 0 1 0 0 2 2 1 0 0 2 2 1 0 2 2 2 2 1 1 0 0 0 2 1 2 2 0 2 1 0 1 2 2 1 0 2 1 1 2 1 2 0 1 0 2 0 2 0 2 1 0 2 2 2 2 1 2 0 1 2 0 0 1 2 2 2 2 1 2 2
0 1 0 2 1 2 0 1 2 0 0 1 0 2 0 2 1 1 2 0 0 0 0 2 0 0 2 1 2 1 0 0 0 1 2 1 0 2 0 1 0 0 2 1 0 0 0 2 2 1 2 2 2 0 0 0 1 2 1 1 1 2 1 1 0 1 0 1 1 0 0 2 1 0 0 1 0 1 0 0 0 0 0 2 0 0 0 2 0 1 0 1 1 1 0 1 2 0 0 2 1 0 1 2 0 2 1 2 1 2 0 2 2 1 1 1 2 2 0 0 1 1 2 0 0 0 2 1 1 1 0 0 2 2 1 1 1 2 0 2 0 1 2
0 2 1 1 1 0 0 2 2 2 2 0 0 0 0 1 2 2 2 0 1 1 1 2 0 1 0 1 2 1 0 0 1 2 2 0 0 2 0 0 2 2 2 0 0 2 2 2 2 0 0 0 2 2 0 0 2 0 2 1 2 2 2 1 2 2 1 0 2 2 1 2 2 0 0 0 0 0 0 2 0 1 0 1 1 1 2 1 1 1 2 1 0 2 2 0 2 1 1 1 0 0 1 2 0 2 0 1 0 1 1 1 0 1 2 2 2 1 0 2 2 0 0 1 0 1 2 2 0 1 1 0 1 0 0 2 0 1 1 1 0 0 0
1 2 0 0 2 0 1 2 0 2 0 2 2 1 2 2 1 1 0 2 0 1 1 2 2 0 1 1 2 2 1 1 1 0 2 1 0 1 1 0 0 2 0 0 1 0 2 1 1 1 1 1 2 2 0 2 1 2 1 0 2 0 2 1 1 1 0 1 0 2 0 1 2 1 2 0 1 2 1 2 1 0 0 2 0 1 1 2 2 0 2 1 2 2 0 0 1 2 0 2 1 0 0 0 1 0 1 2 1 0 2 2 1 2 1 1 1 1 1 0 2 1 2 1 2 0 0 0 2 0 2 0 1 0 1 0 1 0 0 2 1 2 1
2 2 1 1 0 0 0 1 2 0 1 2 2 1 2 2 2 0 2 2 2 2 2 2 0 0 0 0 1 2 0 0 2 2 1 2 2 0 1 1 0 0 0 2 0 0 2 2 0 1 2 0 1 1 0 0 1 0 1 0 2 1 0 1 0 0 2 2 1 1 2 1 2 2 1 2 1 0 1 2 2 1 0 0 0 0 1 2 1 0 0 1 2 1 1 0 2 0 0 0 1 2 1 1 0 2 0 2 0 2 1 2 1 1 1 2 0 2 2 1 0 0 0 0 2 1 1 2 2 1 0 2 2 2 0 0 0 2 2 0 1 1 1
0 0 0 0 1 0 1 2 1 1 0 1 1 2 0 1 2 2 2 1 1 2 2 2 2 1 2 1 0 1 2 2 2 2 0 0 2 1 0 1 0 0 0 2 0 0 0 0 0 0 2 2 0 1 0 2 0 2 1 2 1 1 1 1 1 1 1 1 1 2 0 2 1 1 1 1 1 2 2 2 0 2 2 0 1 2 1 2 2 2 1 1 1 0 2 0 2 2 2 0 1 0 2 2 1 1 2 0 1 2 0 1 2 0 0 1 2 1 1 1 1 2 0 0 0 0 1 2 0 0 0 1 0 0 2 2 1 2 1 0 1 1 2
2 2 2 0 1 1 2 0 2 2 2 1 2 0 2 1 0 2 2 1 1 1 1 1 2 0 2 0 0 1 0 0 0 0 1 2 2 0 1 1 2 0 2 2 0 2 1 0 0 1 2 2 2 2 0 2 0 0 0 0 2 1 0 0 1 1 0 1 2 1 0 1 1 0 0 2 1 2 0 1 1 1 0 1 0 1 0 0 2 2 2 2 0 0 0 0 2 0 1 2 2 2 1 1 1 2 2 2 2 2 1 1 0 2 2 0 1 1 2 1 0 1 0 1 1 0 2 1 0 2 1 0 2 0 0 0 0 2 0 0 2 2 1
0 1 2 1 0 0 0 1 1 1 2 0 1 2 0 2 0 0 1 2 2 1 2 0 2 2 1 0 1 1 1 2 2 0 1 0 1 2 2 2 2 2 1 0 2 2 0 0 2 2 0 1 0 2 2 0 2 1 0 0 2 0 0 2 1 2 1 0 2 0 0 1 1 1 2 0 0 0 1 2 2 1 2 0 1 1 1 0 2 1 2 1 1 0 2 0 0 0 1 2 0 1 1 2 1 0 0 2 0 1 0 0 0 2 1 2 0 2 1 1 1 0 0 0 0 2 1 0 2 2 0 1 1 1 0 2 0 0 0 1 0 0 2
1 2 0 0 0 0 1 1 1 2 0 2 0 2 0 1 0 0 2 1 2 1 2 2 1 1 2 1 1 0 0 2 2 1 0 1 2 0 2 0 0 0 1 1 0 2 2 0 0 2 2 0 1 1 0 2 2 1 1 1 1 1 1 1 0 0 2 2 0 2 1 0 0 2 2 1 1 0 2 2 2 1 2 0 2 1 1 0 2 2 1 0 2 1 2 2 1 2 0 1 0 1 2 1 1 0 2 0 0 1 0 2 0 0 0 0 2 2 0 1 1 0 0 0 1 2 1 0 0 1 2 0 0 2 2 2 2 2 2 2 1 0 0
1 2 0 1 1 0 0 0 1 1 1 0 0 0 2 0 1 1 2 2 2 1 1 1 1 0 1 1 1 2 1 0 1 2 2 0 2 0 0 2 1 1 0 2 0 0 2 2 1 2 2 0 0 0 2 2 2 0 2 1 0 0 2 2 1 2 0 1 2 1 0 1 1 1 1 2 1 0 1 0 0 0 1 1 2 0 1 1 2 1 2 2 2 2 0 0 1 0 2 1 1 0 0 0 2 1 2 1 2 1 2 2 1 0 1 1 2 0 2 1 1 0 1 0 0 1 2 2 2 1 1 2 2 2 2 2 1 2 1 1 0 0 1
2 1 0 1 0 0 1 2 2 2 1 0 0 0 0 0 1 2 1 0 1 1 0 1 0 2 2 2 0 0 0 1 1 1 2 0 2 1 2 2 2 1 0 2 0 0 2 2 2 1 0 1 0 0 2 0 1 2 0 1 0 0 0 0 2 2 0 2 2 0 2 1 0 2 0 0 0 0 2 2 1 0 1 1 0 1 2 1 1 2 1 0 1 1 0 1 2 1 0 2 2 0 0 2 2 1 0 0 2 0 2 0 0 2 0 1 1 0 0 2 0 2 0 2 2 0 0 2 2 2 1 2 2 1 2 0 0 0 0 2 0 1 0
2 0 1 1 1 2 1 1 0 2 2 0 1 0 0 0 1 2 2 1 0 1 0 0 1 1 1 1 0 2 2 2 0 1 0 1 1 2 1 2 2 0 2 0 1 2 1 2 0 0 0 0 2 2 1 0 0 2 1 0 0 1 2 0 0 0 2 2 1 0 1 0 1 0 2 2 0 0 0 1 2 1 2 1 0 1 0 1 1 2 1 2 1 2 2 1 2 2 1 0 0 2 1 1 0 0 2 2 1 0 0 1 1 1 1 2 2 2 0 1 1 2 0 1 1 0 0 1 2 2 2 0 1 0 2 2 1 2 1 1 0 2 0
2 0 1 1 0 1 2 1 0 1 0 2 1 0 2 2 0 1 2 0 1 1 1 1 2 1 2 1 2 2 2 1 0 1 0 1 0 0 0 1 2 0 0 0 1 0 2 2 0 0 0 1 1 1 2 0 1 2 0 0 1 2 2 2 1 0 1 1 0 0 0 2 0 1 0 0 2 0 2 2 0 2 1 1 2 0 0 0 0 0 1 2 0 0 0 1 0 1 1 1 1 1 1 0 1 1 0 0 0 0 0 1 2 1 1 1 2 2 2 2 0 0 2 0 1 2 2 1 1 0 0 0 0 2 1 1 1 2 2 1 2 0 1
0 2 0 2 1 2 2 1 2 0 0 0 2 0 0 1 2 2 2 0 2 1 0 1 2 2 1 2 0 1 1 0 0 1 2 2 1 2 1 1 0 2 1 2 2 1 0 2 0 0 1 0 1 1 2 2 1 0 2 1 2 0 2 0 2 2 2 0 1 0 1 1 0 0 1 0 2 0 1 1 0 0 2 0 1 2 2 0 0 2 2 0 0 1 0 2 1 0 0 1 1 1 2 2 2 2 1 2 2 0 0 0 0 0 0 1 0 0 1 0 2 1 0 2 1 2 2 2 0 2 0 1 1 1 2 0 0 1 0 0 1 1 0
1 2 1 0 2 2 2 1 2 1 1 2 0 0 2 2 0 1 1 0 0 2 0 1 0 1 2 1 2 1 1 1 1 0 1 1 0 0 2 0 2 1 2 2 0 1 0 1 1 1 1 1 1 2 0 1 0 0 2 0 1 1 1 2 2 2 1 0 1 1 0 1 0 0 2 1 0 2 2 1 0 2 0 1 1 0 0 2 0 0 0 2 1 2 0 0 2 1 1 0 1 2 0 2 0 2 0 1 1 2 2 2 2 0 1 1 1 1 1 2 1 1 2 2 1 2 1 1 2 0 1 1 0 2 0 1 1 0 2 2 0 2 2
1 0 0 2 1 2 1 1 0 0 1 1 2 1 0 0 0 1 2 2 1 2 2 0 0 0 2 1 2 2 0 0 2 2 2 2 1 1 0 0 1 1 2 0 0 0 0 1 1 1 1 1 0 1 1 1 2 2 2 1 2 1 1 2 0 1 1 2 2 1 2 0 1 2 2 2 2 2 1 1 0 2 0 1 1 1 0 0 1 0 2 1 1 0 1 2 1 0 2 1 2 2 1 0 2 1 0 1 2 2 0 0 1 0 2 0 0 2 1 1 0 0 0 2 1 1 2 2 2 1 1 2 1 0 0 0 2 1 2 1 0 0 2
2 1 1 0 1 1 2 1 1 1 2 1 2 2 1 0 1 0 1 0 1 2 1 2 2 0 2 0 0 0 2 2 1 1 0 1 0 0 2 0 1 2 1 1 1 0 1 0 1 0 1 0 0 2 1 2 0 0 1 0 0 0 1 2 0 1 0 0 2 2 1 0 2 1 2 1 1 1 1 0 2 0 2 0 0 0 2 1 1 0 2 2 2 0 1 0 2 2 1 1 2 0 0 2 1 0 1 0 1 0 2 1 0 1 2 2 2 1 1 0 0 0 0 0 2 1 0 2 1 1 0 1 2 1 0 0 2 2 1 2 0 0 0
1 2 0 1 1 1 2 2 2 1 2 2 1 1 0 0 0 2 1 1 2 0 2 0 0 2 2 2 0 0 0 1 2 0 0 1 2 0 1 2 2 0 0 0 1 0 0 2 0 2 1 0 0 1 0 0 1 0 0 1 0 0 0 0 1 1 2 1 2 0 1 1 0 1 0 2 2 0 2 2 0 1 0 1 2 0 2 1 1 0 2 1 1 1 2 0 2 1 2 2 1 1 2 2 2 2 2 2 0 2 0 1 0 0 2 1 1 2 2 0 2 0 2 2 1 2 2 1 1 2 1 2 0 0 0 0 0 0 0 0 2 0 2
0 0 2 2 2 2 0 0 0 0 0 2 2 2 1 1 1 1 2 2 1 0 2 0 0 2 1 2 2 1 1 0 2 0 1 0 1 1 1 1 2 1 1 1 1 2 0 1 2 0 0 1 1 0 1 0 2 2 2 2 1 0 2 1 2 0 2 0 2 0 1 1 1 2 0 0 2 1 1 1 2 2 0 0 2 2 0 1 2 0 1 0 1 2 2 0 0 1 1 0 1 2 1 0 2 0 1 2 1 0 2 0 0 0 1 2 2 0 2 2 0 1 0 2 0 0 0 1 0 1 1 1 1 0 0 0 0 2 1 2 2 0 0
0 0 0 0 2 1 0 2 2 1 0 2 0 1 2 1 1 1 0 1 2 1 1 1 0 0 2 0 0 0 1 1 0 2 2 0 0 2 0 2 1 1 2 1 0 0 0 2 1 1 0 1 0 1 0 0 2 0 0 0 0 2 1 1 1 0 0 1 0 0 2 2 0 1 1 0 1 2 2 0 1 1 0 1 2 1 2 0 2 0 0 0 1 1 2 2 2 2 2 2 0 1 1 0 0 0 1 2 0 2 0 1 0 0 0 0 2 0 0 2 0 0 2 1 2 2 2 1 1 1 0 0 0 0 1 0 0 0 0 1 2 1 2
0 2 0 0 2 0 2 1 2 2 2 1 2 1 0 0 1 2 2 1 0 2 2 2 0 0 2 2 0 1 2 0 2 0 2 1 1 1 1 1 0 0 1 0 1 2 2 2 2 1 1 0 1 1 2 1 2 2 1 0 1 1 1 0 2 0 2 0 1 0 0 0 0 1 1 2 0 0 2 0 2 0 1 1 2 0 0 2 0 1 0 2 0 1 2 2 0 2 1 2 0 1 2 1 2 1 1 0 2 0 1 2 0 0 0 1 0 1 0 1 1 1 0 1 2 0 1 0 0 2 0 0 1 2 2 1 1 0 1 2 1 0 2
2 0 2 0 2 2 1 0 0 2 1 2 0 1 1 0 2 0 1 0 1 1 0 0 0 1 2 0 2 0 2 2 1 2 0 0 2 1 1 0 2 2 2 0 1 1 1 1 2 0 1 2 2 2 2 2 1 2 0 0 0 0 2 2 0 0 0 2 0 1 2 2 1 0 0 2 2 1 0 1 1 2 1 0 1 2 1 2 1 2 0 2 2 1 2 0 2 2 0 2 1 0 2 2 1 2 0 0 1 0 2 0 0 2 1 2 1 0 0 0 2 1 1 2 0 0 2 0 1 0 2 2 1 2 0 0 1 0 1 0 1 0 1
1 0 0 2 2 0 0 0 2 1 2 1 2 2 2 2 1 0 2 2 2 2 2 2 2 0 0 2 1 1 1 1 2 1 0 1 1 0 2 1 2 1 1 2 2 0 2 0 1 2 2 0 1 2 0 1 0 0 1 2 2 0 0 2 2 1 2 1 2 1 0 1 1 1 2 1 2 1 2 0 0 2 1 0 2 1 1 0 2 0 0 2 1 0 2 1 2 2 2 2 0 2 1 2 1 0 0 1 2 0 2 0 0 0 1 0 2 1 0 2 1 1 2 0 2 2 1 1 1 2 0 2 2 2 2 1 2 0 2 2 1 2 0
2 0 2 0 0 0 1 0 0 0 2 0 2 2 0 2 0 2 2 0 1 2 0 0 0 1 1 2 0 1 0 2 1 1 0 2 1 2 0 2 0 0 1 2 0 1 1 0 1 2 1 0 2 1 2 2 0 0 0 1 1 1 1 0 2 2 1 1 2 1 1 0 1 2 0 2 1 0 0 2 2 1 1 1 1 0 2 2 1 2 1 0 0 2 0 0 2 2 2 2 0 0 2 0 0 0 2 1 0 0 2 0 2 1 2 1 1 1 1 0 0 2 0 2 2 1 0 0 1 2 0 2 0 0 2 1 1 0 1 2 0 0 0
0 2 2 1 1 2 0 1 0 2 2 2 0 1 2 0 0 2 0 0 1 1 0 2 0 0 0 0 2 1 0 2 0 1 2 1 1 2 2 1 0 2 2 0 1 2 1 1 0 1 2 1 1 0 0 2 1 2 0 0 0 1 0 1 2 2 0 1 2 1 0 2 0 0 0 1 2 1 1 2 1 0 1 2 1 2 1 0 1 2 0 2 1 1 1 1 1 2 0 1 0 1 1 0 1 2 0 1 1 1 2 2 2 0 2 1 0 2 2 2 1 0 2 0 2 0 2 1 0 0 0 0 1 2 2 0 2 2 1 0 1 1 0
0 2 0 2 0 2 1 0 1 2 0 2 2 1 1 0 2 1 1 0 0 1 2 0 0 1 0 0 2 1 1 1 1 2 0 2 2 2 0 1 2 1 1 1 2 2 1 1 2 0 2 2 1 2 1 2 1 1 0 1 0 2 2 2 1 0 2 2 0 0 0 2 1 1 0 0 1 2 0 1 1 0 0 2 2 2 2 1 0 0 0 2 2 2 1 2 0 1 1 0 1 2 2 0 1 0 0 0 0 1 1 2 2 2 1 2 2 1 0 0 2 1 2 0 1 1 0 1 2 2 0 1 1 2 1 2 1 0 2 2 2 1 1
2 2 0 1 1 0 2 1 2 2 2 2 0 0 0 2 1 2 0 2 1 0 2 0 2 0 1 1 2 0 2 2 2 2 1 1 2 1 1 0 1 0 0 1 0 1 1 1 0 2 2 1 0 2 0 2 0 2 0 0 2 0 0 2 2 1 0 0 0 1 1 1 2 1 0 0 0 2 2 1 2 2 0 2 2 1 2 2 0 0 0 0 0 0 0 0 1 1 1 2 1 2 1 0 2 2 1 2 1 2 1 1 1 2 0 1 0 0 1 2 0 1 2 0 1 0 0 1 1 2 1 2 2 2 1 1 2 2 1 0 1 2 2
1 2 0 0 1 0 1 0 0 1 0 1 0 0 2 1 2 2 0 0 1 1 1 0 0 1 2 2 1 1 1 2 2 2 0 0 2 2 0 1 0 1 2 1 1 2 0 0 2 1 0 2 0 2 2 0 1 2 2 0 0 2 0 2 2 0 0 1 2 0 0 1 1 1 2 0 1 2 2 1 1 0 0 1 0 0 0 2 2 0 2 0 2 2 1 1 0 1 1 2 0 2 0 2 1 0 0 0 1 2 2 2 2 0 2 0 0 0 2 0 0 1 0 1 1 2 0 1 1 2 2 1 2 0 0 1 1 1 1 2 1 0 2
1 0 2 1 1 0 2 1 1 1 0 0 0 2 1 2 1 1 1 0 1 0 2 2 2 0 2 1 2 2 1 1 1 2 0 2 2 2 2 1 2 0 2 0 0 1 2 2 0 2 2 1 0 2 1 2 0 0 1 0 1 2 1 2 2 2 2 0 2 1 1 2 1 2 2 2 0 2 2 1 1 2 0 1 2 1 0 0 0 1 0 2 2 2 1 2 1 1 2 1 1 2 0 2 1 2 2 2 2 1 0 1 2 0 1 1 2 2 1 0 1 2 2 1 1 1 1 2 0 1 1 1 1 2 1 0 2 2 0 2 1 1 0
0 2 2 1 1 2 0 0 0 2 2 2 0 2 1 1 2 2 0 1 1 2 0 2 2 2 2 1 1 0 0 1 2 2 1 2 1 1 0 2 1 2 2 2 2 1 1 2 1 1 0 1 2 1 0 1 0 0 1 1 1 2 1 1 2 2 1 1 0 1 1 2 1 2 0 1 0 1 0 2 1 2 0 0 1 1 2 1 1 1 1 0 0 0 2 0 2 0 2 2 2 1 0 2 0 0 1 1 2 2 1 0 1 1 1 0 2 1 0 1 2 2 0 1 2 2 1 1 0 1 1 0 2 1 0 1 2 1 2 2 1 0 0
0 0 2 1 0 1 1 0 1 0 0 2 0 2 0 1 0 2 2 1 0 2 2 1 2 1 0 2 0 2 0 0 2 0 2 0 1 1 0 2 2 0 0 2 1 0 0 1 1 1 0 1 1 0 2 0 2 0 0 2 2 1 0 2 2 0 0 0 2 1 0 2 0 0 2 1 2 1 0 1 0 1 2 1 2 1 2 1 2 0 1 2 1 1 2 1 2 0 2 2 2 0 2 2 1 1 0 1 2 1 2 0 0 2 1 2 1 1 1 1 2 2 1 2 1 0 0 0 1 0 0 0 1 2 0 0 2 1 2 2 2 2 0
0 0 1 0 1 0 2 2 0 1 1 2 0 2 0 2 1 0 2 2 1 2 2 0 1 0 0 0 0 2 0 1 0 0 2 2 1 1 2 1 0 1 1 2 1 2 1 2 0 0 1 0 0 1 0 2 1 0 1 2 0 2 1 1 2 0 0 1 2 0 0 2 2 0 1 0 0 0 2 0 1 1 0 2 2 0 2 1 0 1 1 1 0 0 2 1 0 0 0 2 1 0 2 1 1 2 1 1 0 2 2 2 1 2 2 1 1 2 0 2 0 2 0 1 2 0 2 2 1 2 2 0 1 0 1 2 0 2 2 0 2 1 0
1 1 2 0 0 2 0 0 2 0 0 0 0 2 1 1 0 0 0 0 2 1 1 0 2 2 2 0 1 1 1 0 2 1 0 0 0 2 1 0 2 1 1 2 1 2 0 2 1 2 2 0 1 2 1 1 1 0 2 2 1 0 1 2 1 1 0 1 0 1 2 0 0 0 1 2 0 2 2 2 2 2 2 1 1 2 0 2 2 2 0 2 2 1 1 1 0 2 2 1 1 2 2 2 2 0 1 0 0 1 2 2 1 0 1 2 2 1 0 2 0 1 1 0 2 0 1 2 2 1 1 1 0 1 1 0 2 0 1 2 2 1 0
1 1 2 0 0 1 1 2 2 2 2 0 2 2 1 0 0 1 1 1 1 0 0 2 1 1 1 1 1 2 1 2 1 1 0 2 0 2 1 2 2 1 2 2 1 2 2 2 0 1 1 2 0 2 2 1 1 1 2 2 0 2 1 2 1 1 1 1 1 0 1 1 2 1 1 1 1 0 1 1 2 2 0 0 2 0 2 0 1 2 2 2 2 1 1 1 0 2 2 2 1 0 0 0 2 1 2 0 2 0 2 0 0 1 0 0 1 0 0 1 0 1 0 0 2 0 1 0 0 1 0 1 1 1 2 2 1 2 0 1 2 1 1
0 2 0 0 1 1 1 0 2 0 2 0 0 2 1 1 0 2 2 2 1 1 2 1 0 2 2 1 2 0 1 2 0 2 0 2 1 0 0 0 0 2 1 1 1 2 1 2 2 0 1 0 2 2 2 2 1 2 2 1 0 0 1 0 0 2 0 1 2 0 2 1 2 0 0 1 2 1 1 1 0 0 2 2 2 2 2 1 1 2 0 2 2 2 2 0 2 0 1 0 1 0 1 2 1 2 0 1 1 2 0 1 1 2 1 1 2 1 0 1 0 1 1 0 1 1 0 0 2 1 0 1 2 2 0 1 2 1 2 0 1 2 2
2 2 0 0 2 2 1 1 0 0 2 1 1 2 1 2 1 1 0 0 1 0 0 0 2 2 2 0 1 2 0 1 2 0 2 2 0 2 0 2 2 1 0 2 0 1 2 2 0 2 0 2 2 0 2 1 0 1 1 2 1 1 0 1 0 1 0 1 0 2 0 0 0 1 2 1 0 2 0 1 2 0 0 1 2 2 1 0 2 0 0 1 0 1 0 1 2 1 0 0 1 1 1 1 2 1 0 0 1 2 2 0 0 0 2 2 0 1 1 0 2 1 1 2 0 2 1 0 2 1 1 0 2 2 0 0 2 1 1 1 0 1 1
1 2 1 1 0 0 2 0 0 1 2 0 2 0 1 0 0 2 1 1 0 2 2 1 1 1 0 2 1 2 1 0 1 0 2 2 1 2 2 1 1 2 2 1 0 0 1 0 1 0 2 1 2 1 0 1 0 0 1 0 0 0 0 2 1 0 1 0 1 1 0 0 1 2 2 1 1 0 0 2 1 2 1 1 1 1 0 0 2 2 0 0 0 1 0 2 0 2 0 2 0 0 2 2 0 1 2 1 2 2 0 0 2 2 2 1 1 0 1 1 0 2 2 0 1 2 0 2 2 1 1 0 1 1 0 2 0 2 1 2 2 2 0
1 2 0 0 0 1 2 2 1 2 1 2 1 2 2 1 1 0 0 1 2 1 0 2 1 2 1 1 2 0 1 1 2 2 1 1 0 2 0 1 2 2 2 1 1 1 2 2 0 2 2 0 1 2 0 0 2 1 1 1 0 0 0 2 0 2 1 0 2 2 0 1 1 2 2 0 1 1 0 2 1 2 0 2 2 0 2 2 0 1 1 0 2 2 2 2 0 1 0 2 1 1 1 0 1 1 0 1 0 0 0 2 1 0 0 1 2 2 1 2 2 0 2 1 0 2 1 0 1 2 0 2 2 2 2 0 0 0 1 1 1 2 1
0 0 1 2 2 1 1 1 1 1 1 2 2 1 1 0 2 2 1 0 1 0 2 1 1 0 1 0 2 1 2 0 1 1 2 2 0 0 0 2 2 0 2 0 1 2 0 1 1 1 2 2 2 0 1 0 1 0 1 1 1 1 1 1 2 1 0 1 0 1 0 0 1 0 0 0 2 0 0 1 2 2 1 2 2 1 1 0 1 2 1 0 2 0 2 1 2 2 0 2 0 0 2 0 2 0 0 2 1 0 1 1 0 2 1 2 0 2 1 0 0 2 1 2 0 0 1 0 2 2 2 0 0 2 0 2 0 1 2 2 2 1 1
2 0 2 0 2 0 2 2 0 1 0 2 2 0 0 0 0 2 0 0 0 0 1 0 1 0 2 0 2 1 2 0 2 0 0 2 0 2 2 1 1 2 0 2 0 1 2 1 2 1 2 0 1 0 0 2 1 1 1 1 2 0 2 2 1 2 2 1 2 1 2 1 1 0 1 2 0 2 0 2 0 0 0 2 1 1 2 0 0 0 2 0 2 1 0 0 1 0 0 1 2 0 0 1 1 2 0 2 1 2 1 2 2 2 1 1 0 0 2 1 1 2 2 1 1 0 2 0 1 2 1 1 1 0 2 0 2 0 2 1 2 1 0
2 0 1 1 1 2 0 0 1 1 2 2 2 1 2 0 2 2 1 0 0 1 0 0 1 1 0 0 1 1 0 1 1 2 0 1 2 1 1 0 2 1 0 2 0 0 0 2 0 1 1 2 1 1 0 0 0 1 1 0 2 2 2 2 2 0 0 1 1 1 2 2 0 0 2 0 1 2 0 2 1 1 2 0 0 2 1 2 0 0 0 0 2 2 0 1 2 0 0 1 1 1 0 2 1 2 2 0 2 0 0 1 2 2 1 1 1 0 0 0 0 0 1 1 0 1 0 2 1 2 0 0 0 2 0 1 2 1 2 2 1 2 0
2 2 2 0 2 0 1 2 1 2 0 2 0 2 0 2 1 2 0 1 2 2 0 1 0 1 2 2 0 2 0 0 2 2 0 1 0 2 1 2 2 2 2 2 1 0 1 0 0 0 2 0 0 2 2 0 1 2 2 2 1 0 0 0 0 1 2 0 1 1 0 1 0 1 0 2 1 0 2 2 1 2 2 1 2 2 2 1 1 2 1 0 0 1 1 1 0 2 2 0 0 1 1 2 2 2 1 1 0 2 0 1 2 1 0 1 0 0 0 0 0 2 1 1 2 0 2 2 2 2 2 0 1 1 0 0 2 1 1 2 1 0 1
0 1 2 0 2 2 0 0 0 1 1 2 0 2 1 0 1 1 1 2 2 2 0 0 1 0 2 1 1 0 0 0 1 2 0 1 2 1 2 2 2 0 1 2 0 1 1 0 0 2 0 0 1 1 1 1 1 1 0 0 1 0 0 2 0 1 1 2 0 1 1 0 2 1 1 0 2 2 1 2 1 1 0 0 0 2 2 2 1 0 0 0 1 1 2 1 0 1 0 1 0 0 1 0 1 2 1 1 2 2 0 0 1 2 2 0 2 2 2 0 0 2 0 1 1 1 0 2 0 1 0 1 1 1 2 0 2 0 1 1 0 0 0
2 0 0 2 2 2 2 0 2 2 2 1 1 0 1 0 1 0 0 2 2 0 1 2 2 2 2 1 2 2 1 2 2 1 1 2 1 1 2 1 2 1 2 0 2 1 2 1 2 0 1 1 0 0 1 0 2 0 0 0 0 1 2 2 1 1 2 0 1 2 1 0 1 2 1 2 0 0 0 2 1 1 1 2 2 1 1 0 2 1 0 0 0 0 0 1 2 1 2 0 0 2 1 2 1 0 1 2 1 2 0 0 2 2 0 1 0 1 1 1 2 2 1 2 2 2 2 2 0 2 0 1 1 0 2 0 1 0 1 2 1 1 0
0 0 1 1 1 0 1 0 2 0 1 2 0 1 2 0 0 2 1 2 1 2 1 2 0 0 0 1 1 1 2 1 2 1 0 1 1 2 1 0 0 0 0 1 2 0 2 0 2 1 2 0 1 1 0 2 2 1 1 0 0 0 2 0 2 0 1 0 0 1 1 1 1 2 2 1 0 1 1 2 0 2 0 1 1 1 1 0 0 2 1 1 1 1 1 0 1 0 2 2 1 0 0 0 0 0 2 0 2 1 2 0 1 1 1 2 0 0 2 0 1 0 1 0 1 0 1 0 1 0 0 2 1 1 0 1 2 1 2 1 0 2 1
1 0 1 0 1 2 2 2 0 2 0 0 1 1 2 1 0 0 2 0 1 2 2 1 1 0 1 0 0 1 0 1 0 2 1 1 1 1 0 2 1 2 0 2 1 0 1 1 1 2 1 0 1 0 2 0 1 0 0 1 0 0 0 0 2 2 1 2 0 0 1 2 2 2 1 0 1 1 2 2 1 1 0 2 2 0 2 1 1 0 1 2 2 1 2 2 2 1 1 0 2 0 0 1 0 2 2 1 0 1 1 1 2 1 1 2 2 1 2 2 2 0 1 1 2 1 0 1 0 2 2 2 2 0 1 0 2 0 1 0 2 0 2
2 2 2 0 2 0 2 1 2 0 1 0 2 2 2 2 0 1 2 0 1 2 1 2 1 2 1 2 2 0 0 2 2 2 0 2 0 2 2 0 0 0 1 1 0 0 1 0 2 0 1 2 0 2 2 2 2 0 0 2 0 1 1 0 0 2 1 0 2 0 1 0 1 0 2 1 1 0 2 1 1 0 0 1 0 2 1 2 0 1 2 2 2 0 0 0 2 1 2 0 2 1 1 0 1 0 1 0 1 1 2 2 1 2 1 1 2 2 1 2 2 0 2 1 1 0 0 1 2 0 2 0 1 0 0 1 1 0 2 2 1 1 2
0 1 0 2 0 1 1 0 0 2 1 2 1 1 0 1 1 0 0 1 0 2 0 1 0 0 0 1 2 2 1 0 0 0 0 1 1 2 2 1 1 0 1 1 2 2 2 1 2 0 0 2 2 0 1 1 1 1 0 2 0 1 2 1 1 0 2 2 2 2 1 2 2 0 0 0 0 0 1 0 0 2 0 0 1 1 2 0 1 2 2 2 1 2 1 0 2 0 0 0 0 0 2 1 1 0 1 1 0 0 1 0 0 2 1 1 2 0 2 0 0 1 0 2 1 1 2 2 0 0 2 0 1 2 2 2 2 1 1 0 1 1 0
2 0 0 1 0 0 1 1 1 1 2 1 2 0 0 2 1 1 1 2 0 0 2 0 0 1 2 0 0 0 2 0 1 0 2 2 0 0 1 2 2 0 0 0 2 1 2 0 1 1 0 1 2 0 1 1 1 1 2 1 1 1 2 1 1 2 1 0 0 2 0 0 1 2 0 0 1 2 0 2 1 1 1 2 2 0 1 0 1 0 2 1 0 2 0 2 2 1 0 0 1 1 1 2 1 1 0 2 1 1 0 1 0 1 0 2 2 1 0 2 2 0 0 2 1 1 2 0 0 2 1 2 1 2 2 0 0 2 1 0 1 1 1
2 2 2 2 2 0 0 1 0 1 2 0 0 1 0 0 1 0 2 0 2 1 0 0 0 1 1 0 0 2 1 0 0 0 2 0 1 0 2 1 2 1 2 0 0 2 0 2 0 0 0 0 0 1 0 0 0 2 1 0 2 0 1 0 0 2 0 2 0 2 1 2 1 1 0 1 0 0 1 1 2 2 1 0 0 0 0 1 2 2 2 2 2 1 0 0 0 1 2 0 1 0 0 0 1 0 0 0 1 1 2 1 0 1 1 1 1 2 2 1 1 2 1 1 0 2 1 1 1 0 1 2 2 2 0 1 0 0 1 1 2 2 1
2 0 2 1 2 0 0 1 2 0 0 1 1 0 2 2 1 1 1 1 0 0 1 1 0 2 1 0 2 0 2 1 1 2 0 1 2 2 0 2 2 0 0 1 0 0 0 2 1 0 1 1 1 1 1 0 1 0 0 0 0 0 2 2 2 0 0 2 2 0 2 1 0 0 0 2 0 2 2 0 2 1 2 0 0 0 0 1 1 1 1 1 2 0 1 2 1 1 2 0 2 1 0 1 2 1 0 0 0 0 0 0 2 0 2 2 1 2 0 0 2 2 2 1 1 1 1 0 0 0 1 0 2 2 1 1 0 2 0 2 2 0 2
2 1 1 2 1 2 1 1 1 1 1 0 0 0 2 1 1 0 0 2 0 2 0 2 2 2 2 1 2 1 2 2 2 0 2 1 0 1 2 2 2 2 0 1 2 0 2 1 0 2 0 1 1 0 2 1 0 2 1 1 0 0 0 1 1 0 2 2 1 0 1 2 0 2 0 2 2 0 2 1 2 2 0 1 1 2 0 2 0 1 0 0 2 1 2 2 2 0 2 2 0 0 1 0 1 2 0 1 2 2 0 2 0 1 0 1 1 0 0 1 0 1 0 0 0 2 2 0 0 1 2 1 0 0 2 1 0 0 0 0 0 1 2
0 2 2 2 0 1 1 0 2 0 0 2 0 0 0 0 2 2 0 0 2 1 0 1 0 0 2 0 1 1 0 0 0 0 2 1 1 0 2 1 0 0 2 1 1 2 0 0 1 1 1 2 0 1 1 0 2 1 1 1 2 2 1 2 2 1 2 2 2 1 0 0 2 2 0 1 2 0 2 2 2 0 1 2 0 0 0 2 2 2 1 1 2 0 2 1 2 2 1 2 1 0 0 0 2 0 2 0 1 1 2 0 0 1 0 0 1 1 0 0 1 2 0 0 0 0 2 2 2 1 2 0 2 1 2 1 1 2 2 0 2 1 1
2 2 1 0 1 0 1 2 2 1 0 2 2 1 0 2 0 2 2 2 1 0 2 0 2 1 0 0 1 1 2 1 2 1 1 0 2 0 0 1 1 2 2 1 0 0 1 2 2 0 2 1 1 1 1 0 0 1 2 2 1 1 0 0 2 0 1 2 1 2 2 0 1 2 2 2 2 0 1 2 1 0 0 0 2 1 1 0 1 0 2 0 1 1 0 2 2 2 1 0 1 0 1 0 0 1 0 2 1 1 1 0 2 1 0 1 1 2 1 0 2 2 0 2 1 1 1 0 0 0 1 2 1 0 0 2 2 0 2 1 1 1 2
0 1 0 2 0 0 2 0 1 1 1 0 2 0 1 0 1 1 2 0 0 2 1 0 1 1 0 1 1 2 0 2 0 1 0 0 2 2 1 0 0 2 1 0 2 2 1 0 1 0 1 0 2 0 1 2 2 2 0 0 1 1 1 2 2 1 0 2 0 2 2 1 1 0 1 2 0 2 2 0 2 1 1 2 2 2 1 2 1 2 0 0 0 1 2 1 2 1 0 0 0 1 1 1 1 2 1 0 2 1 0 1 0 1 2 0 1 1 2 0 1 2 0 2 1 1 1 1 2 2 2 2 0 0 1 2 1 0 2 0 2 0 0
2 1 2 2 0 0 2 0 2 2 2 0 1 0 1 2 0 0 2 0 1 0 1 1 2 2 0 2 1 1 2 2 0 1 2 2 0 2 2 0 2 2 0 0 2 0 0 0 1 1 0 0 2 0 1 1 0 2 0 0 1 0 2 0 2 1 2 0 1 2 1 0 2 2 1 2 2 0 0 1 1 1 2 0 1 0 1 2 0 2 2 2 0 2 0 0 1 2 0 0 1 2 1 1 2 0 1 2 1 2 1 2 0 0 0 0 1 2 2 2 1 2 2 2 1 2 0 2 2 1 0 1 1 2 0 1 0 1 0 1 1 2 1
1 0 1 1 2 1 1 1 0 0 1 0 2 0 0 0 2 2 1 0 1 1 1 2 1 2 0 0 1 2 2 0 1 1 2 0 2 1 2 0 2 0 0 0 0 2 0 0 2 1 1 0 1 0 0 2 0 0 1 2 1 0 0 2 2 2 2 2 1 1 2 2 2 1 2 2 0 0 0 0 2 1 0 0 1 0 1 0 0 2 2 2 0 2 1 2 2 1 0 1 0 0 1 2 1 0 2 2 0 2 2 0 2 0 1 1 0 2 1 2 2 0 2 2 0 1 0 0 0 0 2 1 0 0 0 0 1 0 2 2 0 0 2
2 1 0 1 2 0 2 2 2 1 2 0 1 0 0 2 2 0 1 0 1 2 1 1 0 1 2 2 0 0 2 2 1 0 1 1 2 2 0 2 0 1 2 2 1 0 2 0 1 1 1 0 1 0 1 1 2 1 2 2 1 2 0 0 2 1 1 2 0 0 2 1 1 2 1 0 0 1 2 1 2 1 1 0 1 1 0 2 0 0 2 2 2 2 0 1 2 2 2 0 0 1 2 2 1 1 1 1 2 1 1 1 2 0 0 2 2 1 2 0 1 1 0 1 2 1 2 2 0 2 2 2 0 2 2 2 0 0 1 0 1 0 0
2 1 1 2 0 2 1 1 1 0 1 2 2 2 2 1 1 2 1 0 0 1 2 0 2 1 0 0 2 0 0 2 1 1 1 0 1 0 1 0 1 0 0 0 0 0 2 1 0 1 1 1 0 2 2 2 0 0 0 0 0 1 1 0 0 2 0 1 0 2 0 1 0 0 2 1 0 2 2 1 1 2 0 2 2 0 2 2 0 0 0 0 2 1 0 2 2 1 1 2 1 1 1 1 2 1 0 0 1 0 0 2 0 0 2 2 1 2 2 1 2 0 2 2 2 1 2 1 2 2 1 1 0 0 1 0 1 1 2 0 1 2 1
2 0 0 2 1 2 2 0 0 0 2 2 0 0 0 2 1 2 1 0 2 1 1 1 0 0 1 1 2 1 0 0 1 0 2 0 1 0 0 1 0 0 1 1 2 1 0 1 0 2 1 1 0 1 0 1 1 1 0 1 0 0 1 1 1 2 2 2 2 0 1 0 0 0 1 0 0 2 2 1 1 1 0 2 0 0 1 2 2 2 0 2 0 0 1 1 0 0 1 2 1 0 0 0 2 1 0 2 1 1 0 2 0 1 2 0 2 0 2 0 2 0 2 1 0 2 2 0 0 2 0 2 0 0 2 2 2 0 1 1 1 0 1
1 1 0 2 0 2 1 0 2 2 1 0 0 1 1 2 1 0 2 1 1 1 1 1 1 2 0 0 1 0 1 1 2 2 0 1 2 0 2 1 0 1 2 0 2 0 2 2 1 0 0 2 1 2 1 2 2 0 0 1 0 2 0 1 2 1 0 1 2 2 2 2 1 1 0 1 1 1 0 2 2 1 0 0 1 1 0 0 1 1 1 0 1 2 2 0 1 2 1 1 1 1 1 0 0 1 0 2 0 0 0 2 2 0 0 0 2 2 1 2 0 1 2 2 1 2 2 2 1 1 1 0 2 2 2 0 1 2 1 0 2 1 2
0 2 0 0 1 2 0 1 0 1 1 2 2 0 2 2 1 0 0 2 0 0 2 2 1 1 0 1 1 2 2 1 2 0 0 1 2 0 0 0 1 1 0 0 2 2 2 1 0 0 1 1 0 0 0 2 1 1 1 0 1 1 2 0 1 2 0 1 2 0 1 0 2 2 1 2 1 1 1 2 1 0 0 1 1 2 1 0 1 0 1 1 1 1 2 2 0 2 0 1 0 2 2 0 1 1 0 0 2 1 2 1 2 0 0 1 2 1 1 2 2 0 0 0 1 2 0 2 0 1 0 0 0 0 1 1 2 2 1 1 1 1 0
1 2 2 2 1 0 1 1 1 2 1 1 0 2 0 0 2 1 2 2 2 2 1 1 2 1 0 1 2 1 2 1 1 1 0 1 2 2 2 1 1 1 1 2 1 1 1 0 2 0 2 2 2 1 1 2 2 2 0 0 1 0 1 0 1 2 2 2 2 1 0 1 0 2 2 1 0 0 1 1 0 2 0 0 1 2 2 2 2 2 2 2 0 1 0 2 0 2 2 0 0 1 0 1 0 2 0 2 2 2 0 0 2 1 1 0 2 0 2 1 0 1 1 1 2 1 2 1 0 1 1 2 0 2 1 1 1 1 1 1 1 1 2
1 0 0 2 2 0 2 2 2 2 0 0 2 0 2 1 1 2 0 0 0 2 2 2 2 2 0 1 0 1 1 0 2 1 0 2 0 2 1 2 2 0 0 2 0 1 0 1 1 1 0 1 2 0 1 2 2 1 0 1 1 1 1 1 0 1 0 1 0 0 1 1 0 1 1 1 0 1 2 1 1 0 1 1 1 2 0 0 0 1 1 2 0 0 0 1 1 1 0 0 1 1 1 2 0 2 0 1 1 0 0 0 1 1 2 0 1 0 1 0 2 1 2 0 1 0 2 0 2 2 1 1 0 2 0 0 2 0 2 0 1 1 2
0 0 1 0 2 2 0 2 1 1 2 2 0 0 1 0 0 0 2 1 0 1 2 1 0 0 2 2 2 0 2 2 1 0 1 0 2 1 0 1 0 1 0 0 1 2 2 0 2 1 1 0 1 2 0 2 2 2 2 2 0 1 2 1 2 1 0 2 0 1 2 0 0 0 1 2 0 0 0 2 0 1 0 1 1 0 0 1 0 0 0 1 1 0 2 1 1 0 1 2 0 1 2 0 1 1 0 1 2 0 1 2 0 2 1 1 0 2 0 0 0 1 1 2 2 1 2 2 0 0 1 0 1 2 1 0 0 2 2 2 2 0 0
2 0 1 2 0 1 2 1 1 1 0 2 1 2 1 1 2 2 2 0 1 1 2 1 2 1 0 0 1 1 0 2 1 2 1 2 1 1 0 2 0 1 2 2 1 0 0 1 2 0 2 1 0 1 0 0 0 1 0 1 0 1 1 2 1 2 2 2 1 0 2 2 2 2 1 1 0 2 2 1 0 1 2 0 0 0 2 1 2 2 0 2 2 1 2 0 2 1 0 1 0 0 0 0 2 2 1 1 1 1 0 1 1 2 0 1 0 2 0 2 2 1 2 1 0 1 1 2 1 2 1 2 0 1 2 0 0 1 1 2 2 1 2
1 2 2 1 0 2 1 0 1 0 2 0 1 1 2 2 0 2 0 2 0 2 1 0 0 0 0 1 1 2 0 2 1 2 0 2 1 2 2 0 0 2 0 2 1 1 1 2 1 1 2 1 1 1 2 0 2 2 1 0 2 1 0 1 1 1 1 0 0 0 0 1 0 2 0 2 0 2 1 1 1 1 0 0 0 2 1 0 2 2 0 2 1 0 1 0 2 2 0 0 1 1 2 2 0 0 2 0 2 1 2 0 0 2 1 0 2 2 0 1 2 1 1 1 2 2 1 2 0 2 0 1 2 0 1 2 0 0 1 0 1 0 1
1 0 1 2 0 1 0 2 1 2 0 0 2 0 0 2 0 0 0 1 2 0 2 2 1 0 1 2 2 1 0 1 2 2 1 0 1 2 2 0 2 0 0 2 1 0 1 1 2 1 1 1 2 0 1 1 1 2 0 1 2 1 2 2 1 1 0 2 1 2 0 0 0 0 2 2 2 1 0 1 0 1 0 2 0 2 0 2 1 1 1 1 2 0 1 0 0 1 0 1 1 0 2 1 2 2 1 2 0 2 0 1 1 0 1 2 0 2 2 0 0 0 1 2 1 0 1 2 1 2 0 0 1 0 2 0 2 1 2 0 1 0 2
0 1 0 0 2 2 2 0 2 0 1 1 2 2 0 1 1 0 2 2 1 2 0 2 2 1 1 0 0 2 2 0 0 2 0 0 1 1 0 0 1 0 2 0 0 1 2 1 2 1 2 1 1 2 0 1 1 2 1 1 1 0 1 1 0 0 0 1 1 0 2 0 1 2 1 1 1 0 1 0 2 0 1 1 2 1 2 0 0 1 1 2 1 0 2 2 1 2 0 2 0 0 2 2 2 0 0 1 1 1 2 1 1 1 2 0 0 2 0 1 0 2 1 2 0 0 1 2 0 2 2 1 2 2 0 0 1 1 2 0 0 1 2
2 0 2 1 1 2 2 0 0 2 1 0 0 0 2 2 0 2 2 1 2 0 2 0 1 1 0 1 2 0 1 2 0 1 0 1 1 0 2 1 0 2 2 1 2 0 1 0 0 1 2 2 1 2 1 0 1 1 2 0 1 1 1 2 0 1 1 2 2 2 1 0 1 1 1 1 2 1 1 2 2 1 2 1 1 1 2 2 0 1 1 2 0 2 2 1 1 1 0 2 1 2 2 2 1 2 1 0 0 2 0 0 1 0 2 0 2 1 2 0 0 1 2 2 1 2 0 1 1 2 1 2 1 1 2 2 0 0 0 1 0 1 2
1 1 1 1 1 0 2 1 2 1 2 1 1 1 2 2 0 1 0 2 2 1 2 2 0 0 0 2 0 1 2 0 1 1 2 0 2 1 0 1 1 2 0 2 1 2 2 1 1 2 1 1 1 0 2 1 0 2 2 0 2 1 0 0 2 1 1 2 0 1 0 1 0 1 1 1 1 0 0 0 2 1 2 2 1 1 0 2 1 2 0 0 1 1 1 1 2 2 0 1 1 2 2 2 1 1 1 2 1 2 0 2 1 0 1 2 1 2 2 2 0 0 0 1 2 1 0 0 1 2 1 0 2 1 2 0 2 1 1 2 1 1 1
2 2 0 2 1 0 1 1 0 2 0 0 0 1 1 0 0 0 2 0 0 0 1 2 1 2 0 0 0 2 2 0 2 0 0 1 0 2 0 1 0 0 2 0 0 0 0 1 2 2 0 2 0 1 2 1 1 2 1 0 0 1 0 0 1 0 1 2 1 2 1 1 1 0 1 1 0 2 0 0 2 0 1 2 2 0 1 1 0 0 1 1 2 1 1 1 0 0 0 1 2 2 0 0 2 1 2 1 0 0 1 0 1 0 2 1 1 1 2 2 2 1 0 2 0 1 1 0 1 2 2 1 2 2 0 0 1 2 1 1 0 0 1
0 1 2 1 0 0 1 2 0 2 2 0 2 0 2 1 2 1 0 0 1 1 0 1 2 1 0 2 2 1 0 2 0 0 0 0 1 2 0 2 2 2 0 2 2 2 1 2 1 2 2 2 0 1 1 0 2 1 2 1 0 0 1 1 1 2 2 0 2 2 2 1 1 2 1 1 1 0 0 0 0 1 0 0 2 2 0 2 1 0 0 0 1 2 1 0 2 2 0 2 2 0 1 1 1 1 0 0 1 2 1 2 1 1 0 0 1 1 2 2 0 0 2 1 0 2 2 0 1 2 0 0 0 1 2 1 0 1 2 0 1 0 2
2 2 0 2 0 2 2 0 2 2 0 1 0 0 0 0 1 0 1 2 0 0 2 0 1 1 2 1 2 2 2 1 2 2 1 2 2 1 0 2 1 0 0 2 0 1 0 2 2 2 2 1 0 2 1 1 1 0 1 0 0 0 2 0 2 0 0 2 2 0 1 0 2 0 2 0 1 0 0 2 0 0 0 0 0 1 2 1 2 0 2 0 0 1 0 1 2 0 0 1 0 2 1 2 0 2 0 0 0 1 2 0 2 2 1 2 1 0 1 1 1 0 1 2 2 1 0 1 2 1 0 0 2 2 0 2 1 1 2 1 0 1 2
2 1 0 2 0 2 0 1 1 0 2 0 0 1 2 1 1 0 2 2 0 1 0 0 0 1 2 2 2 2 2 1 1 0 0 2 2 1 1 1 2 2 2 2 0 1 1 0 2 0 2 0 1 2 1 2 1 1 0 0 1 0 2 0 0 2 0 1 1 1 0 0 0 2 2 2 1 1 2 2 1 2 0 0 1 1 1 2 2 1 0 1 1 2 2 2 2 2 1 0 1 2 0 2 2 0 2 2 1 1 1 0 0 1 0 2 0 2 2 0 0 2 2 2 1 1 0 1 1 2 1 0 2 2 0 2 0 2 1 2 1 0 2
1 2 0 1 2 0 0 2 1 2 2 2 1 1 0 2 0 2 0 1 2 0 1 2 0 1 0 2 2 1 2 0 0 2 1 2 0 2 2 0 1 1 2 0 1 2 2 2 2 0 0 1 0 2 1 1 0 1 1 2 2 1 0 0 0 2 2 2 1 2 2 0 1 2 0 2 2 0 2 1 0 0 1 1 2 2 0 0 2 1 0 2 2 0 0 0 0 0 0 2 2 2 2 2 2 0 2 1 0 2 1 0 2 2 2 0 2 2 0 2 1 1 2 1 2 0 0 0 0 0 2 1 1 0 0 0 0 2 2 1 2 0 2
2 0 0 0 0 2 0 0 2 2 0 0 2 0 1 2 1 2 2 2 0 2 0 1 0 1 1 2 0 2 2 0 2 2 1 0 0 2 1 2 2 1 0 1 2 2 1 0 1 2 1 2 1 2 0 2 0 2 2 2 1 2 0 2 2 2 0 2 1 1 2 1 0 0 0 2 2 2 0 1 1 2 1 1 2 2 0 2 2 1 2 2 0 0 2 2 2 2 0 1 1 2 2 1 2 0 1 2 0 2 1 2 2 2 1 1 0 0 1 2 1 1 1 1 1 0 1 1 0 1 2 1 1 1 0 1 0 2 2 1 2 0 0
1 1 0 2 1 0 1 1 1 2 1 0 1 2 1 2 0 1 1 2 0 1 1 2 2 0 1 0 2 2 1 1 1 1 0 2 1 2 0 0 2 1 0 1 1 0 1 2 1 1 1 2 2 0 1 1 1 0 2 1 0 0 0 1 2 1 1 1 1 1 2 1 1 2 0 0 0 1 2 2 2 1 1 2 2 1 1 1 2 0 0 2 2 0 1 2 2 2 0 1 1 2 2 0 0 0 0 1 2 0 1 2 2 0 0 2 1 1 1 0 0 1 0 2 0 1 1 0 1 1 1 1 2 2 1 0 0 2 1 0 2 0 0
2 1 0 2 2 2 1 1 2 0 1 1 1 1 0 1 0 0 0 1 0 2 0 1 0 0 0 0 2 1 1 0 2 1 2 2 2 1 0 1 2 2 1 0 1 1 2 1 2 2 1 2 0 1 0 0 1 1 1 1 2 0 1 2 2 2 1 1 1 2 1 1 2 2 2 1 1 1 0 1 0 1 0 0 0 2 1 1 0 1 1 0 1 0 2 1 0 1 1 1 1 2 0 1 2 2 2 0 0 0 2 2 2 0 0 0 0 0 1 0 1 0 1 0 1 1 1 2 2 0 1 2 0 2 0 2 2 0 1 0 1 0 2
0 1 0 0 1 0 0 2 2 1 1 2 2 2 1 2 0 2 1 2 0 0 0 0 0 0 2 1 2 2 0 1 2 1 2 0 2 2 1 2 1 2 1 1 2 0 1 0 0 0 2 0 2 0 1 2 1 0 0 1 1 2 2 0 1 2 0 2 2 2 1 1 2 1 0 2 2 2 2 0 0 2 0 2 2 0 2 1 0 1 0 1 1 0 2 2 0 0 2 0 2 2 2 2 0 0 1 0 0 0 0 1 0 1 1 0 1 0 2 0 1 0 2 2 1 2 0 2 2 0 2 2 2 0 0 0 0 1 1 0 0 1 1
0 0 2 1 1 1 1 1 2 1 1 0 0 1 1 0 1 1 0 0 2 0 1 0 1 0 2 1 0 0 1 1 1 1 0 0 2 1 2 2 0 1 0 1 2 1 1 0 0 1 2 0 2 0 2 0 1 1 2 2 2 0 1 1 2 1 2 2 0 2 1 0 2 2 1 2 1 2 1 2 2 0 0 1 1 2 2 1 0 1 0 1 0 1 0 0 0 2 2 0 2 1 2 1 1 1 1 0 2 2 0 1 0 0 2 2 0 1 0 1 0 2 2 0 0 2 0 2 2 0 0 2 2 2 1 0 2 0 1 1 2 1 2
0 2 2 1 0 0 1 1 0 1 2 2 0 1 2 2 2 2 2 1 2 0 0 0 0 1 2 1 1 1 0 2 0 2 0 1 0 2 2 1 1 1 0 2 1 1 1 0 1 1 2 1 2 2 2 2 0 1 1 2 2 1 2 0 1 2 1 2 2 2 1 1 0 2 0 1 0 2 2 2 1 1 1 1 1 0 2 1 2 0 1 2 0 0 0 2 2 0 2 0 2 1 2 2 1 0 2 0 2 1 2 1 1 1 1 2 2 0 1 1 1 0 0 1 0 2 1 1 2 1 2 1 0 1 1 1 1 1 1 2 1 1 1
2 2 0 1 1 0 0 1 0 0 2 1 2 1 0 0 0 2 2 2 2 1 2 2 0 0 0 0 1 0 2 1 0 1 2 0 1 0 1 2 1 0 2 0 2 0 1 0 0 1 1 0 0 0 2 1 1 1 1 1 1 1 2 2 2 0 2 2 1 0 1 2 1 1 1 1 2 2 2 2 1 1 0 1 1 1 2 1 2 1 2 1 0 1 1 0 1 1 0 2 1 2 2 0 1 1 2 0 0 2 0 1 0 0 0 0 1 0 1 1 1 0 0 2 2 0 0 1 1 0 0 2 0 0 1 1 1 0 2 0 0 2 2
2 1 0 2 0 0 1 0 0 2 1 2 1 1 0 0 2 1 2 0 1 0 2 1 2 2 0 0 1 1 2 0 0 0 0 0 1 2 0 2 1 0 1 0 1 2 2 2 0 1 2 2 1 1 0 1 1 2 1 2 1 2 2 1 2 0 1 1 2 0 0 1 0 2 2 2 1 1 1 2 0 1 2 2 0 0 1 0 0 0 2 1 2 0 0 0 0 0 2 1 1 1 2 2 0 2 1 0 1 1 0 1 2 0 1 1 1 0 1 2 0 1 2 1 2 2 2 1 2 1 2 1 2 1 0 1 1 2 2 0 0 2 2
0 0 1 2 2 1 0 1 1 2 1 0 1 1 2 2 1 2 2 0 1 2 0 0 0 0 2 1 1 2 0 2 0 1 1 2 0 0 1 2 0 0 0 2 2 1 0 1 0 2 2 2 1 1 0 2 1 0 1 0 2 2 0 0 1 2 0 1 0 2 1 0 0 0 0 0 1 0 2 2 0 2 1 0 0 2 2 1 0 1 2 0 1 0 2 0 0 2 2 0 2 1 2 0 2 2 1 0 0 1 2 1 0 1 1 0 2 1 2 2 2 0 0 1 0 2 1 1 0 1 2 2 0 2 0 2 2 1 2 0 0 2 1
0 1 0 1 0 2 1 0 2 2 1 1 2 1 0 1 1 1 1 2 1 0 0 1 2 2 1 2 0 0 0 0 2 1 2 0 0 1 1 1 0 2 2 0 1 0 1 1 2 2 0 1 0 0 0 2 2 1 2 2 0 1 1 0 2 1 0 1 2 1 2 0 1 2 0 0 2 0 1 2 2 2 1 0 2 2 0 2 0 0 2 1 2 1 1 1 2 2 0 2 0 0 2 0 2 0 0 0 0 2 2 1 1 1 2 1 0 0 0 2 1 0 0 0 1 2 0 0 1 0 2 2 1 2 0 1 1 1 2 2 0 2 0
2 1 0 1 2 1 2 1 2 0 1 1 2 1 1 0 0 2 0 1 1 0 1 0 1 0 2 1 1 2 2 2 1 0 0 1 2 2 2 1 0 1 0 0 0 1 0 1 1 1 2 2 2 1 0 1 2 1 0 0 0 0 2 2 1 1 0 0 0 0 2 1 2 0 1 0 2 0 1 1 1 1 1 1 0 2 0 2 0 1 0 2 2 1 1 1 2 2 2 0 2 2 2 2 0 1 2 0 1 2 2 0 0 1 2 1 0 2 0 1 2 1 1 1 2 2 0 2 2 2 0 0 2 0 0 0 1 0 1 0 2 1 1
0 2 0 1 0 1 2 2 1 0 0 2 1 0 0 0 0 1 1 1 0 1 2 2 0 2 1 1 2 2 0 0 2 0 2 2 2 2 2 0 0 2 1 1 0 1 0 2 0 1 0 1 1 2 1 2 2 2 0 1 2 1 2 1 2 2 0 2 1 2 0 2 0 1 0 0 1 1 2 1 1 0 0 2 2 1 1 0 1 2 2 0 0 2 1 2 1 2 2 1 2 1 0 2 2 1 1 1 0 0 0 2 1 1 1 2 1 0 2 2 0 1 0 0 1 2 0 1 2 1 2 2 2 2 2 2 0 0 1 1 2 2 0
0 0 1 2 2 2 2 2 2 2 0 0 0 0 2 1 0 0 0 0 0 2 2 2 1 0 1 2 0 0 0 0 2 2 1 1 2 0 1 2 2 2 0 1 0 0 2 0 1 1 0 1 0 0 1 2 1 0 2 1 1 0 0 1 0 1 1 2 2 2 0 0 2 1 1 2 1 1 0 2 2 1 1 1 2 2 0 1 0 0 0 0 0 0 1 1 1 0 1 2 0 2 2 0 0 1 0 1 2 1 1 2 2 2 0 1 0 0 0 0 1 1 1 2 1 1 1 1 1 1 0 2 0 0 2 1 1 0 0 1 1 0 0
0 2 0 0 0 2 0 2 1 1 0 1 1 1 0 2 0 1 0 2 2 0 0 0 2 0 2 0 2 2 2 0 2 2 0 0 2 2 2 1 0 2 0 1 2 0 1 2 2 1 2 1 2 0 0 1 1 2 0 1 1 2 1 1 2 0 1 2 2 1 0 0 1 1 2 1 1 0 1 0 0 0 0 2 1 0 2 0 2 2 2 1 2 0 2 1 1 2 1 1 0 0 2 2 1 2 0 1 0 1 2 0 0 2 1 2 2 1 2 2 1 1 1 0 2 2 2 2 1 2 1 2 2 0 2 1 0 0 0 1 0 0 2
0 0 1 0 1 2 0 0 0 2 0 1 2 2 1 1 1 0 0 0 0 1 0 2 0 2 0 2 2 1 1 0 2 1 0 0 1 1 2 2 0 2 0 2 2 2 2 0 2 0 1 0 2 0 0 2 2 1 1 2 0 1 0 2 0 1 1 1 2 0 0 2 0 2 2 2 1 2 0 2 0 2 2 0 0 0 0 2 2 2 2 2 1 2 2 1 0 0 0 2 1 2 2 1 1 0 1 0 2 2 2 0 2 0 1 0 1 1 0 1 1 0 0 0 0 0 2 1 0 0 1 2 2 2 1 0 2 0 1 2 2 2 0
0 2 2 0 1 1 0 2 0 1 0 1 2 0 0 0 2 0 2 2 2 1 1 0 1 1 0 2 2 2 0 2 2 0 2 0 2 0 0 2 2 1 0 1 2 2 2 2 2 2 2 0 2 1 1 1 0 1 0 2 1 2 2 0 2 1 2 2 0 2 1 2 1 0 1 1 2 1 1 2 0 1 0 2 2 2 1 2 1 2 0 0 1 2 1 1 2 0 0 2 0 0 2 1 0 0 0 0 1 2 0 2 0 1 2 0 1 1 2 2 1 2 0 1 2 2 2 1 2 1 0 1 2 0 2 0 0 0 0 2 0 0 1
0 2 1 0 0 0 1 1 2 0 1 0 0 1 0 2 2 2 0 0 1 0 2 1 0 1 2 0 1 1 0 0 0 2 1 1 0 2 0 0 1 1 1 1 1 2 1 0 2 1 0 1 2 0 1 0 1 1 2 1 2 2 2 0 2 0 2 2 0 0 0 1 2 1 2 0 1 1 0 1 1 0 0 0 2 1 1 0 0 0 2 0 0 1 1 0 2 1 0 0 1 1 1 1 0 1 1 2 1 0 1 2 1 2 0 0 1 1 1 2 0 1 1 1 1 2 1 0 1 0 1 0 2 2 2 2 1 1 0 2 2 2 1
0 1 1 1 1 1 0 1 2 1 2 0 0 2 0 1 1 0 2 2 0 1 2 0 0 1 0 0 0 0 0 0 2 1 2 1 0 2 0 2 2 2 0 2 2 1 1 1 1 0 1 1 0 0 2 1 1 0 1 1 1 1 2 1 1 2 0 1 2 1 2 1 1 0 2 1 1 0 0 0 1 1 2 2 2 1 0 1 1 0 2 0 2 0 2 1 0 0 0 2 1 0 1 2 0 1 1 1 2 0 1 0 2 0 0 2 1 1 0 1 2 1 2 2 1 2 0 2 2 1 1 1 1 0 2 1 1 1 0 0 1 2 2
1 2 0 0 2 1 1 1 1 2 0 0 1 0 1 0 0 0 0 0 2 0 2 2 2 1 2 0 0 2 2 2 2 2 0 2 2 1 0 0 2 2 1 1 0 2 0 1 0 0 1 0 0 1 2 0 0 2 2 1 2 1 0 0 2 0 2 1 1 1 1 1 0 0 0 1 2 0 2 1 0 2 1 1 0 1 0 1 0 2 2 1 1 0 1 0 0 0 1 0 2 2 1 0 0 2 1 1 2 1 2 0 0 1 2 1 2 2 0 0 2 0 1 0 1 2 1 2 1 2 0 1 0 0 2 0 2 0 1 2 2 1 0
2 2 2 2 1 2 0 0 1 0 2 0 2 0 1 0 1 1 0 0 2 1 2 0 1 0 2 1 2 1 1 0 0 2 2 0 2 2 1 2 0 0 2 0 0 1 1 2 2 2 0 0 1 2 0 0 2 0 2 0 2 1 0 0 0 0 1 0 2 2 2 2 2 2 0 1 0 2 0 0 2 0 0 1 1 1 1 0 0 1 1 2 2 1 0 1 1 2 1 1 1 1 2 2 1 0 1 1 0 1 2 2 0 1 0 1 0 2 2 0 0 1 1 2 2 1 1 2 1 2 0 0 1 0 0 0 1 1 1 1 1 2 1
1 1 2 2 1 1 1 0 2 0 1 2 1 2 1 0 1 1 1 0 1 2 0 1 1 0 1 2 1 0 1 2 1 0 2 0 2 1 0 1 2 1 0 0 2 1 1 1 1 0 1 2 0 2 0 1 0 1 1 1 2 2 1 1 2 0 2 1 2 2 0 1 2 1 2 1 0 1 2 1 2 2 0 2 1 2 2 1 0 0 0 0 0 1 1 0 2 1 0 1 1 0 0 1 2 0 2 1 2 2 2 2 1 1 1 0 0 0 2 1 2 2 2 0 0 2 0 2 0 1 1 2 2 2 0 2 0 0 0 0 0 0 2
2 2 1 0 0 2 2 2 2 0 2 2 1 2 1 1 2 2 0 0 2 0 1 2 1 2 2 2 0 0 1 2 0 0 2 0 1 0 1 0 0 0 1 1 0 2 0 0 2 1 0 0 2 2 2 1 2 2 1 2 1 2 1 1 0 2 0 1 2 2 2 0 0 0 2 0 0 1 0 1 0 2 1 1 1 1 0 1 1 1 0 2 0 2 2 1 1 0 0 1 0 1 2 0 1 0 0 0 1 0 1 2 2 0 0 1 1 0 0 0 2 0 1 0 0 1 2 2 2 1 2 2 2 1 2 0 1 2 1 0 0 0 0
1 0 0 0 2 2 1 0 1 2 2 2 0 0 2 0 2 0 2 2 0 1 1 1 1 1 0 1 2 0 1 0 2 0 2 2 2 0 0 1 0 2 1 1 0 1 2 0 2 2 2 2 0 0 0 1 2 1 1 2 0 2 0 2 0 2 2 0 0 0 2 1 2 1 0 1 2 0 1 2 2 1 2 0 2 0 0 2 2 1 2 0 1 2 0 2 0 2 2 0 2 2 2 0 0 0 1 0 0 2 0 2 1 2 1 1 0 1 1 0 0 0 1 1 2 1 1 2 0 1 1 1 1 1 2 2 2 1 2 2 1 0 2
0 0 0 2 1 2 0 2 2 0 0 1 0 1 0 1 0 2 2 2 0 0 1 0 2 0 1 0 1 2 2 2 2 0 1 1 0 1 1 2 1 2 1 2 1 2 1 1 2 0 1 0 1 0 1 2 0 2 2 0 1 2 2 2 2 1 1 0 2 2 2 2 2 1 2 1 1 0 0 0 0 2 1 2 2 1 2 0 0 1 0 0 0 0 0 0 1 1 0 1 1 0 0 1 0 0 0 1 0 0 2 1 2 2 0 0 0 0 1 1 2 2 2 1 2 2 1 1 1 0 0 1 1 1 2 1 1 0 2 1 0 0 2
1 2 0 1 2 1 2 1 1 1 1 0 0 0 1 2 0 2 2 1 1 0 1 2 2 1 0 0 1 1 0 0 0 2 1 0 0 0 1 2 2 2 2 0 1 2 2 1 2 0 0 0 1 1 1 1 0 1 1 2 2 0 0 0 2 1 1 0 0 2 1 2 0 1 0 2 0 1 1 0 1 1 1 2 0 2 0 0 1 0 2 1 0 0 1 0 2 2 0 2 0 2 2 1 1 0 1 1 1 2 2 0 1 1 2 1 1 0 2 0 1 2 1 1 0 1 2 0 0 0 0 1 0 2 0 1 0 1 2 1 0 0 1
2 2 2 0 0 0 0 0 1 1 0 0 1 1 2 1 2 2 2 2 2 1 2 1 2 1 2 1 1 2 1 1 1 1 2 2 1 1 1 2 2 1 2 1 0 2 0 2 2 2 1 0 0 1 1 0 2 0 0 1 0 2 0 2 0 1 2 1 2 0 1 2 1 1 0 1 0 0 1 0 2 1 0 0 2 0 2 2 0 0 1 2 2 0 1 2 1 0 1 1 1 2 0 0 1 1 2 2 1 1 2 1 0 1 2 2 1 1 2 2 1 1 1 1 1 1 1 2 2 2 0 1 2 1 1 0 2 2 2 0 1 0 2
1 1 2 1 0 1 0 2 0 1 2 1 0 0 0 0 2 0 1 0 0 2 0 1 0 0 2 1 1 2 1 2 1 0 0 1 1 1 0 2 2 2 2 0 0 0 1 0 0 0 1 1 0 2 0 0 2 0 2 0 2 1 2 0 1 0 1 0 1 2 0 1 0 0 2 0 0 1 0 1 1 2 0 2 1 1 0 2 1 0 2 1 1 2 2 0 2 1 1 2 0 2 0 0 0 0 1 0 2 2 1 0 2 2 0 2 1 2 1 0 2 0 2 2 0 1 2 1 2 1 0 1 0 1 1 0 1 0 1 1 1 1 2
0 1 0 2 0 0 0 1 1 2 1 0 2 0 2 1 1 1 1 2 2 2 1 1 2 2 2 0 1 0 0 1 2 2 1 0 2 2 2 0 1 0 0 2 1 1 0 0 0 0 2 2 0 0 0 2 0 1 1 1 1 2 1 1 1 0 2 2 2 2 0 2 0 2 2 2 0 0 2 0 0 1 0 1 0 2 1 1 0 2 0 2 2 1 2 1 2 1 1 1 1 2 1 0 1 1 2 1 2 0 2 2 2 0 0 2 2 2 1 2 2 2 0 2 1 2 1 0 1 2 2 0 2 2 1 0 0 0 2 2 0 2 2
0 0 2 0 2 2 2 0 2 1 0 1 0 2 0 0 1 0 0 2 0 0 0 1 0 1 0 0 2 1 2 0 1 2 2 1 0 1 1 2 1 2 0 1 2 2 2 1 0 0 0 0 0 1 1 1 0 0 1 0 1 1 2 2 2 1 1 2 2 0 1 1 0 2 0 0 1 0 1 1 1 2 2 2 1 1 0 1 1 0 2 0 1 1 2 0 0 1 2 0 2 1 2 0 2 2 0 0 0 2 0 1 2 0 0 1 1 1 0 1 1 0 1 0 2 2 1 2 1 1 2 1 0 1 1 2 1 2 0 1 2 1 0
2 1 1 1 0 0 2 1 1 2 1 2 1 0 1 1 2 0 0 0 0 0 1 0 2 1 1 2 2 0 0 1 1 2 0 2 2 2 2 1 2 0 1 0 1 2 2 0 2 1 1 2 2 0 0 1 0 1 1 2 1 2 1 0 1 2 1 1 2 0 2 2 0 0 0 1 2 0 2 1 1 0 2 0 0 0 2 0 2 1 0 1 1 2 0 2 2 1 0 1 2 0 0 2 1 2 1 1 2 1 1 1 1 0 1 2 0 1 1 0 2 1 0 0 0 1 0 2 0 1 2 2 2 0 2 1 2 0 2 1 1 0 2
0 1 1 2 0 0 0 0 0 0 1 2 1 0 0 2 0 0 1 0 0 1 2 1 1 0 0 0 1 2 1 2 0 2 2 0 0 0 2 2 1 1 1 0 2 1 2 0 2 0 1 2 2 1 0 1 2 2 2 1 1 0 1 2 0 1 1 2 2 1 1 1 2 0 1 2 1 1 0 2 2 2 1 1 0 2 0 0 1 0 2 0 1 1 0 2 2 1 1 2 0 0 1 0 0 0 2 0 1 0 2 0 0 0 0 2 2 1 2 1 2 2 2 0 0 1 0 0 0 0 1 1 0 2 1 1 0 1 1 2 0 1 0
0 1 1 2 2 2 0 1 1 2 1 2 1 0 0 1 0 0 0 1 1 0 2 0 1 2 2 0 2 0 1 2 1 2 0 1 2 0 0 1 0 2 1 1 2 2 1 2 2 1 1 1 1 1 1 0 0 0 1 0 1 2 1 1 0 1 2 2 1 2 1 1 1 0 1 1 2 2 1 2 0 0 1 0 2 0 0 1 1 2 1 1 2 2 2 0 1 1 2 0 1 1 0 0 2 1 0 1 0 2 1 1 2 0 2 1 1 1 0 0 0 2 1 0 2 0 0 1 2 1 1 1 2 1 2 2 0 2 2 0 1 1 0
1 2 0 1 1 1 1 2 0 1 0 1 1 2 2 0 2 1 2 1 1 2 1 1 2 1 1 1 0 2 1 0 2 2 1 1 1 0 0 2 0 2 0 2 2 2 2 1 0 1 2 0 1 0 1 1 2 0 2 1 2 1 2 2 0 1 1 2 1 2 1 1 1 2 1 0 2 0 2 1 0 2 1 1 1 0 0 0 0 0 2 0 1 1 0 0 2 2 0 2 1 2 1 1 2 0 2 2 1 2 0 2 2 2 1 0 2 2 2 0 0 1 1 1 1 2 2 1 1 0 1 0 0 0 2 2 1 2 2 2 2 0 2
1 0 1 2 1 0 2 1 1 0 2 1 2 1 0 1 0 0 2 2 1 0 1 1 1 1 1 1 1 2 1 1 2 0 1 0 1 0 2 0 0 2 1 0 2 1 2 2 0 1 2 1 0 1 0 1 0 2 0 2 1 1 0 0 2 1 1 1 2 1 1 2 0 2 0 0 0 0 0 1 0 0 1 0 1 2 1 0 1 0 2 2 2 0 0 2 2 1 0 1 0 1 1 1 1 0 2 2 0 0 1 0 1 0 1 0 2 1 0 0 1 2 0 0 0 0 2 2 0 0 0 0 2 2 2 0 0 2 0 0 2 2 2
0 2 0 1 2 1 1 2 0 2 0 1 2 0 1 2 0 0 0 2 2 0 1 1 0 0 1 2 1 1 1 1 1 2 0 0 2 0 0 2 0 0 0 2 1 0 2 2 0 1 1 0 1 0 1 0 2 0 2 0 1 1 2 0 1 1 0 0 1 0 0 1 1 1 1 0 2 2 0 2 0 2 0 2 2 1 0 1 0 0 2 1 1 0 0 0 1 0 0 0 2 1 1 1 0 0 1 2 2 1 0 0 0 1 0 1 0 0 0 0 1 0 0 0 1 0 0 2 1 2 2 0 1 1 2 1 1 1 2 2 0 0 2
1 1 2 0 2 1 1 0 2 2 0 0 0 1 2 0 2 1 2 0 0 1 0 0 2 1 2 2 2 0 2 2 2 2 0 1 0 1 2 0 1 0 1 2 1 0 0 1 2 2 2 2 1 0 2 1 2 2 1 2 2 0 2 2 0 2 1 0 2 0 1 1 2 0 1 0 0 1 2 2 2 2 2 0 2 2 2 2 1 1 2 2 2 1 1 2 0 0 1 2 2 0 1 1 0 0 2 0 2 2 0 2 1 2 0 2 2 0 1 2 2 0 1 2 2 0 1 2 2 2 0 1 2 2 2 0 2 1 0 1 1 1 2
0 2 2 2 2 0 1 1 0 2 0 2 1 2 1 1 1 2 1 2 2 0 2 0 0 1 0 0 0 0 2 1 0 1 1 2 2 2 1 2 1 2 1 0 1 1 1 2 0 0 1 2 1 1 2 2 0 1 2 0 2 1 1 2 0 2 1 2 2 2 0 1 2 2 1 1 0 2 1 0 0 0 1 2 2 0 1 2 2 1 2 1 0 1 0 1 1 2 1 0 2 1 1 2 1 0 1 2 0 2 1 1 0 2 0 2 0 2 1 0 1 1 2 1 2 0 0 0 0 1 1 2 0 0 0 2 0 2 2 1 1 0 2
2 0 0 2 1 0 0 2 1 2 1 0 2 1 1 1 1 2 2 2 0 0 0 0 0 2 0 1 1 1 1 0 2 2 2 0 2 1 2 1 1 0 2 0 0 0 2 2 0 2 2 1 2 2 2 0 1 2 0 0 1 1 1 0 2 1 1 1 2 0 1 0 2 0 2 0 2 1 2 2 1 0 1 0 2 0 2 2 0 2 2 2 1 1 2 0 0 1 0 0 2 1 1 2 2 1 0 1 0 1 1 2 1 0 0 1 1 2 1 2 1 1 2 0 0 2 1 0 1 1 2 2 2 0 1 2 2 2 1 0 0 0 2
2 1 1 0 2 0 2 1 0 1 1 1 2 1 2 0 2 1 2 1 0 0 1 0 0 1 2 0 2 0 1 1 1 2 1 0 0 1 0 0 2 1 1 2 2 1 0 0 0 0 2 0 1 0 2 2 1 2 0 0 2 1 1 1 1 1 2 2 2 2 0 0 2 0 0 2 1 1 2 1 2 2 2 1 2 2 0 2 2 1 2 1 0 2 0 2 1 0 2 1 2 0 1 1 0 2 2 2 1 1 1 1 1 1 2 2 1 0 1 0 2 1 0 0 1 1 0 2 1 0 1 2 1 0 1 1 1 0 1 2 0 2 1
1 1 1 0 0 0 2 2 2 1 0 0 0 1 0 0 0 0 1 0 1 1 1 0 2 0 2 0 0 1 2 1 1 0 0 1 0 2 0 0 1 0 0 2 0 2 2 0 0 1 1 2 0 2 0 1 2 0 1 2 2 0 2 0 1 2 0 0 1 1 0 1 2 2 0 2 1 0 0 1 1 1 1 2 1 0 0 2 0 2 2 0 0 1 2 2 0 2 2 0 0 0 1 0 0 2 0 2 0 1 2 2 0 0 1 2 1 0 2 2 2 1 0 0 0 2 0 1 2 0 2 2 0 1 0 1 0 1 1 1 0 0 0
0 2 2 0 0 2 2 0 2 1 1 2 2 0 2 1 2 2 1 2 1 0 0 0 2 2 1 0 2 2 1 0 1 1 1 2 0 0 0 2 2 1 0 2 2 0 1 1 1 0 2 2 0 2 0 2 1 1 1 1 1 2 2 0 0 0 1 1 1 1 1 1 0 1 0 2 0 2 2 1 2 1 0 1 1 1 1 0 0 2 1 2 1 1 0 2 1 1 1 1 1 0 2 1 2 0 1 0 1 1 1 1 0 2 2 2 0 2 2 1 1 1 1 1 0 2 1 2 2 0 0 0 1 0 2 1 2 1 2 0 0 0 1
0 0 2 2 1 1 2 0 0 1 1 1 2 2 0 2 1 1 1 2 2 1 1 1 1 0 0 2 0 1 1 2 2 1 2 1 0 2 2 0 1 0 0 1 2 1 0 1 2 1 0 2 1 2 0 0 0 1 0 1 0 2 1 0 0 1 1 0 1 0 1 0 2 1 1 2 2 2 1 2 2 2 1 0 2 0 0 0 1 0 2 2 2 1 2 0 0 1 1 1 2 1 1 1 2 0 0 0 2 2 2 1 2 2 2 2 2 0 0 1 1 2 1 2 1 1 0 1 2 0 0 2 1 2 0 0 2 2 1 2 2 2 1
1 2 1 1 2 2 1 0 1 1 2 0 0 0 2 2 0 2 0 0 0 0 0 1 2 0 0 2 0 0 1 2 2 2 1 1 1 0 2 2 2 1 1 0 2 1 2 2 0 0 2 1 0 1 2 0 2 0 0 2 0 1 0 0 1 1 1 2 1 1 0 1 0 2 1 2 0 1 0 1 2 0 2 0 1 1 1 2 2 1 1 0 1 1 1 2 0 0 0 0 2 0 1 0 0 0 1 0 2 1 2 1 2 1 2 1 2 0 1 2 0 2 1 1 2 2 0 2 0 0 0 0 1 1 1 1 2 2 2 2 1 1 2
0 0 1 2 0 0 0 0 0 1 1 1 0 1 2 0 2 1 1 2 2 0 1 2 1 0 2 0 2 2 0 0 2 2 0 0 0 1 1 0 0 0 2 0 2 1 1 2 0 0 2 1 1 1 0 2 2 0 0 2 2 2 0 0 2 0 0 2 2 2 2 2 0 2 0 0 1 0 2 2 0 2 0 1 0 1 1 1 1 0 1 2 2 1 2 1 2 2 0 0 2 0 0 0 0 2 0 1 2 0 0 2 2 0 2 1 1 1 0 1 2 1 0 1 0 2 0 0 2 1 0 2 1 2 2 1 1 0 1 0 1 1 0
2 0 0 0 1 2 1 2 1 2 0 1 0 0 1 0 0 0 1 0 2 0 1 2 2 2 0 0 1 2 0 0 2 2 1 2 2 2 2 0 2 0 2 2 0 2 2 1 0 1 0 0 2 1 2 1 0 0 1 1 1 0 2 0 2 0 2 1 2 2 2 2 2 2 1 0 2 1 0 2 0 0 2 0 1 0 1 1 0 1 1 1 1 0 0 0 2 2 2 2 2 1 2 1 1 0 0 0 2 0 2 0 0 0 0 2 0 2 1 1 0 2 1 1 1 1 2 0 1 2 2 1 2 2 0 1 1 0 2 1 0 2 1
1 0 2 0 0 0 2 2 0 2 1 0 0 2 0 1 1 1 2 2 0 1 0 1 2 1 1 1 0 2 0 1 2 1 0 1 1 2 1 2 1 2 0 0 2 1 1 0 2 1 1 0 0 1 2 0 0 2 2 0 1 1 0 1 2 0 0 1 2 1 0 1 1 2 2 0 0 1 2 0 2 0 1 0 2 0 2 2 2 1 0 1 2 0 1 2 1 1 1 0 0 0 2 1 2 2 0 0 1 2 1 1 2 2 2 1 0 1 1 0 0 1 2 1 2 0 1 0 2 0 1 0 0 2 1 2 1 2 2 0 1 0 1
1 0 0 0 0 2 2 1 1 1 1 2 2 1 0 2 1 0 2 1 1 1 1 0 0 0 0 0 2 1 2 1 1 1 2 2 0 1 0 2 2 2 1 2 1 0 2 0 1 2 0 0 1 1 1 2 2 2 0 2 1 2 1 0 0 0 0 2 2 0 1 2 0 1 2 2 2 2 2 0 2 0 1 0 1 0 2 2 0 0 1 1 2 2 2 0 0 2 0 2 0 1 2 1 0 2 0 2 1 0 0 0 1 1 1 0 2 1 2 2 1 1 2 0 1 1 1 2 1 1 2 2 1 2 0 1 1 1 1 0 2 2 0
1 1 2 2 1 0 2 1 1 1 0 0 1 0 2 0 1 1 0 1 0 0 1 1 2 2 0 0 1 2 1 0 1 2 0 0 2 0 1 2 2 0 0 0 1 2 1 0 1 2 1 1 0 2 1 0 2 2 1 1 2 0 2 1 2 2 2 2 1 0 2 1 1 2 2 2 1 1 2 1 0 1 0 1 0 1 2 0 1 0 2 1 0 1 0 0 2 2 0 0 0 2 1 2 2 0 2 1 2 0 2 2 1 0 1 0 2 0 0 0 0 0 2 2 2 2 0 1 1 1 2 2 0 1 2 0 2 1 1 1 2 1 0
