3 145 19
1022009872 939081269 262108694 577820671 1148278097 185572469 864082254 641837273 497921658 56228077 1046081017 556567562 302485502 634865092 951076859 392994962 833306115 1121206276 1095396755 434795135 792566618 397662604 1092023748 1023577330 4303324 576554997 76377174 31452188 519260448 1098605366 478359007 855556443 44775048 751586343 784648017 537354918 945572567 666670762 209296463 891982112 214837349 146372524 276484864 383124183 801001995 780882137 329329730 346464060 514674129 294781059 811114616 891232533 1146390629 962882019 646996058 82182619 58622912 721614834 1050065671 611560603 890170910 808571501 657448261 701406616 898424227 969230559 1121292491 39285622 612650735 692573601 227712833 198030872 767301720 556453968 45447790 987847486 1074687282 898084610 579238305 242706901 568960292 669453440 86746750 939066262 725186083 803494711 1081077866 206111699 670611352 1129304242 430269527 931946375 432037770 1144791228 1098692418 1147862377 135211693 896538789 1119629117 639125900 74019416 1102989503 712501828 831834662 793684171 660518708 800118742 237716035 869713929 905648020 622511914 101792261 41798620 1057588676 671316252 244111594 947967487 308906961 1022370373 735099406 908971269 201090342 815688421 409116297 987509904 1134163932 638208931 206313892 437099468 961484173 62213350 199513494 144092399 191657051 611784337 794259151 189234774 1082931626 116755912 29328292 997477106 1111262895 574834986 1011448785 303523885
2 2 1 2 1 1 1 1 2 0 1 0 1 0 0 1 1 0 1 1 1 1 0 0 2 2 2 1 2 1 0 1 0 1 2 1 0 0 1 2 1 2 1 2 0 1 1 0 2 0 1 1 1 2 1 1 1 2 2 0 0 1 0 1 2 2 0 0 0 2 0 1 1 2 1 0 1 0 1 0 1 0 1 0 0 1 2 1 0 2 0 0 0 1 2 1 1 1 2 1 0 2 2 0 2 1 1 1 2 2 2 0 0 0 1 0 1 0 0 2 1 0 0 1 2 0 2 0 1 1 2 2 2 1 0 2 0 1 0 2 1 0 0 1 1
2 0 0 0 0 0 2 1 1 1 1 1 1 1 1 1 0 1 1 2 1 0 2 0 1 0 1 2 0 2 1 0 2 1 2 0 2 1 2 0 0 0 0 2 2 2 0 2 0 1 2 2 2 0 2 0 0 0 0 1 0 1 0 1 1 2 1 0 0 2 2 1 2 2 1 2 1 2 2 2 1 0 1 1 0 0 1 1 0 0 2 0 1 2 1 2 2 1 0 0 0 0 2 0 2 1 2 1 0 2 1 1 2 2 2 0 2 1 1 0 1 1 1 1 2 1 0 2 0 1 2 0 1 2 0 1 0 1 0 1 1 1 2 1 1
2 1 1 2 0 2 1 2 1 2 2 0 1 2 0 0 2 1 0 2 2 1 0 0 0 2 2 2 2 0 1 0 2 0 0 2 0 1 0 2 2 2 2 1 1 0 1 1 1 1 1 0 1 2 2 2 2 1 1 2 0 0 0 2 1 0 2 2 2 0 1 1 2 0 2 2 0 2 1 2 1 2 0 0 2 2 2 2 2 2 2 2 0 2 1 2 0 1 1 2 1 2 1 2 0 1 1 0 1 2 2 0 2 1 1 1 1 2 1 0 1 0 0 2 0 0 2 0 1 1 1 1 1 0 0 1 1 1 0 1 1 0 2 0 1
0 2 0 2 1 1 1 2 0 1 1 0 1 2 2 0 0 1 2 0 1 2 0 0 2 1 2 0 0 2 0 1 0 0 1 1 2 2 1 2 1 2 0 0 0 0 1 0 1 0 1 1 2 2 2 2 1 2 0 1 2 0 0 2 1 1 1 1 2 0 2 1 0 2 0 0 0 1 2 2 2 0 1 0 0 0 2 1 0 0 0 0 1 0 2 2 0 1 2 0 2 1 1 0 0 1 2 1 0 1 1 1 2 0 1 2 0 1 0 1 2 1 2 1 1 1 2 2 0 1 2 0 2 1 1 0 0 0 2 2 1 1 0 1 1
1 0 0 2 1 2 2 2 1 1 1 2 0 1 1 2 0 1 2 2 2 2 1 0 0 0 2 1 0 0 0 2 1 1 2 2 0 2 2 1 1 1 1 2 0 2 1 1 1 0 2 1 0 0 0 0 1 2 0 2 1 1 1 2 2 0 2 2 2 1 1 1 0 2 0 1 0 2 0 2 0 0 0 1 1 1 2 2 1 0 1 2 1 2 2 1 0 1 1 1 1 2 2 2 0 1 1 0 0 2 2 1 2 0 0 0 0 0 0 2 1 1 1 0 1 0 0 1 0 1 2 2 2 0 1 0 1 2 0 2 2 0 1 1 1
1 2 1 2 2 0 1 1 2 2 2 1 2 2 2 1 2 1 1 2 2 1 1 0 2 1 2 2 2 2 1 2 2 0 2 2 1 0 1 1 2 2 0 2 1 2 1 1 0 0 1 0 2 2 0 1 1 1 1 2 1 2 1 0 2 0 0 2 1 0 0 0 2 1 0 1 0 2 2 0 0 0 1 2 1 2 0 0 1 1 2 0 1 0 1 1 1 0 0 2 0 1 0 2 2 1 0 0 2 2 0 2 1 0 2 0 2 2 0 1 2 0 2 1 1 0 0 0 0 2 2 0 0 0 0 1 0 0 1 2 1 0 1 2 0
1 2 0 2 0 2 1 0 1 0 0 1 0 0 0 2 0 0 1 1 2 2 2 0 1 1 1 2 0 1 0 2 1 0 2 2 0 1 0 1 1 0 1 1 0 1 2 1 2 0 0 1 0 2 2 2 1 1 2 2 0 0 2 1 1 1 1 1 2 2 1 1 2 2 1 1 0 0 0 0 1 0 2 2 0 2 1 2 0 1 1 1 2 1 1 1 0 2 0 0 1 1 1 1 1 2 2 1 0 2 0 1 0 0 0 1 2 0 0 0 1 2 0 1 1 1 2 2 0 0 0 2 2 1 0 1 2 0 0 2 0 0 2 0 0
2 2 0 2 0 2 2 2 2 0 2 0 1 1 1 2 1 0 1 0 1 2 2 1 1 0 1 1 2 2 0 2 1 1 2 1 1 2 2 0 2 1 1 1 2 0 0 1 1 2 1 0 2 2 2 0 2 2 0 2 2 1 1 1 2 1 0 1 0 0 2 1 1 2 2 1 0 0 2 2 0 2 2 0 1 0 1 1 2 2 0 1 0 1 0 0 0 2 2 0 2 2 2 1 2 2 0 0 0 1 2 1 0 2 1 2 0 0 0 0 2 0 2 2 2 0 0 2 2 2 1 1 2 1 0 2 0 1 2 1 0 2 2 0 2
2 0 2 2 0 0 2 1 2 2 1 2 0 2 2 1 0 2 0 2 0 0 1 2 0 2 2 2 0 2 2 0 2 2 2 0 2 2 2 2 2 1 2 0 0 0 1 1 0 2 0 0 0 1 0 1 2 2 2 2 0 1 2 0 2 2 1 1 2 0 1 2 2 2 0 2 2 2 0 2 2 1 0 0 0 0 1 2 1 0 2 2 2 2 2 2 2 1 0 2 0 0 2 2 2 2 2 2 2 0 2 1 1 2 1 2 1 0 2 2 1 2 1 1 1 1 0 1 0 1 0 0 2 0 2 1 0 1 0 0 2 0 2 1 2
0 1 0 1 1 0 0 1 2 1 2 2 2 1 2 1 2 2 0 0 2 2 1 2 0 1 1 0 1 0 2 0 0 1 1 2 2 2 0 0 1 0 2 1 2 1 0 2 1 1 0 0 0 2 2 1 1 1 1 0 0 1 1 0 0 2 0 0 2 0 1 1 1 0 0 1 2 1 1 0 2 2 1 0 2 2 1 0 0 2 1 1 0 2 1 2 0 1 2 0 2 1 2 1 1 2 0 1 0 1 2 0 1 0 0 0 2 1 1 1 1 1 2 2 1 2 1 1 1 1 1 1 2 1 0 1 0 1 2 1 0 1 1 1 0
1 2 0 2 0 1 0 1 2 0 0 1 2 2 2 1 2 1 0 0 2 2 1 0 2 0 1 1 2 2 2 0 1 2 1 0 2 2 2 1 0 2 2 0 0 2 1 2 2 2 2 1 1 1 0 1 2 2 0 1 0 0 2 2 2 1 2 1 1 2 0 1 2 2 2 2 0 0 1 2 1 2 1 2 0 2 1 0 2 2 2 2 2 0 1 0 1 2 2 0 1 0 0 1 0 2 1 0 1 0 0 2 0 0 2 2 0 2 2 2 2 0 2 0 0 2 0 2 2 0 0 1 0 0 2 1 0 1 2 2 2 0 2 0 1
2 2 1 2 0 2 1 0 2 2 1 2 2 0 1 0 1 2 1 2 2 2 0 1 2 0 1 0 0 2 2 2 1 0 2 1 0 0 2 0 0 0 2 0 2 1 1 0 0 0 0 0 0 1 0 0 1 1 1 1 0 0 1 0 2 0 2 2 2 2 2 0 0 2 0 2 1 0 0 2 1 1 1 1 2 1 2 0 2 0 0 1 2 1 1 1 0 0 0 2 2 1 2 1 1 0 0 2 1 0 2 2 1 0 1 1 2 1 2 2 2 0 0 1 1 2 2 2 2 1 1 0 2 1 1 0 0 1 2 1 0 2 1 2 0
0 1 2 1 1 2 0 1 0 2 0 2 2 0 0 0 2 1 2 1 0 0 2 2 0 0 2 0 2 0 0 2 1 0 0 2 0 2 1 0 2 1 1 1 1 2 0 2 0 0 1 0 1 0 2 1 1 0 1 1 0 2 1 1 0 0 1 1 2 2 2 2 1 1 1 1 0 1 0 0 0 1 1 2 2 1 1 0 1 1 2 2 0 1 1 1 1 2 0 1 2 1 0 0 2 1 1 0 1 2 1 1 1 0 1 0 1 2 1 0 0 0 2 2 2 0 1 0 0 2 2 0 0 2 0 2 2 0 0 0 0 2 2 2 2
0 2 1 0 1 1 1 0 1 1 2 2 2 1 0 1 0 0 2 1 1 0 0 1 0 1 2 2 0 2 2 1 1 0 1 1 2 0 1 1 1 0 1 2 2 1 0 0 1 1 2 0 1 2 2 1 0 2 2 1 1 1 2 1 0 0 2 0 2 0 0 1 1 1 0 2 0 2 0 2 0 2 2 1 1 0 0 2 2 0 0 2 0 2 0 0 0 0 1 0 0 2 2 2 1 2 1 2 1 1 1 2 1 2 1 2 2 2 2 2 2 2 1 2 2 2 0 1 2 0 1 0 2 0 0 0 1 2 0 2 2 2 0 0 2
1 1 2 0 0 1 1 1 1 1 0 0 0 2 0 0 1 0 2 2 0 1 0 1 2 1 1 1 1 1 1 0 0 0 1 1 2 0 2 0 1 0 1 1 1 1 2 2 2 0 2 0 2 1 1 1 0 0 1 1 2 2 1 2 0 0 1 0 1 1 1 0 0 2 2 1 2 2 1 1 2 0 1 2 1 1 0 1 1 1 0 1 1 0 2 2 1 0 0 0 2 2 1 2 2 0 1 1 0 2 2 0 2 2 2 2 1 0 1 0 2 0 0 0 1 2 0 0 2 1 0 2 0 2 2 0 0 0 1 1 2 2 2 0 1
2 0 0 2 2 0 2 0 0 0 1 0 2 2 1 0 0 0 1 0 1 2 1 2 0 2 0 2 2 0 1 2 1 1 2 1 0 2 2 1 1 1 2 1 0 0 1 2 1 0 2 2 2 1 0 1 0 0 1 1 1 0 1 2 2 0 0 2 1 0 2 2 2 1 1 2 2 2 2 1 1 1 2 1 0 2 2 2 2 1 0 0 2 1 0 2 2 1 2 1 2 2 1 1 1 2 1 0 2 1 1 1 0 1 2 1 0 0 0 2 2 1 0 1 0 1 0 2 0 0 1 2 0 0 1 1 0 2 1 0 1 1 1 2 2
1 1 1 1 2 1 0 0 2 2 0 1 1 0 1 2 2 1 0 0 2 1 0 0 1 1 1 0 2 1 2 0 2 1 0 1 0 0 2 0 1 2 1 2 1 0 2 0 1 2 1 2 2 1 2 0 2 0 0 2 0 0 1 2 2 1 2 0 2 2 0 0 0 1 0 1 2 0 1 2 0 1 2 2 2 1 2 0 2 0 0 2 1 2 0 1 0 2 1 1 1 2 1 1 1 0 0 2 1 0 1 1 1 1 2 1 2 1 1 1 0 0 2 2 2 2 1 1 1 0 2 0 2 1 0 0 2 0 0 0 0 1 2 1 2
1 0 2 0 2 2 1 0 1 0 0 0 2 2 2 2 1 0 1 0 0 0 0 1 0 0 2 0 0 2 0 2 0 0 1 2 0 2 0 1 1 1 2 0 0 2 0 2 2 1 2 0 2 2 2 0 0 2 0 0 1 0 1 1 1 2 2 1 1 0 0 2 1 2 1 2 1 1 1 1 0 0 2 0 0 2 0 1 1 1 2 0 1 0 2 1 2 1 2 2 1 1 2 0 0 0 2 0 1 1 2 0 0 1 0 1 0 1 2 2 2 1 2 1 0 2 0 2 1 0 1 1 2 1 1 2 2 2 0 2 0 2 2 0 1
0 2 2 2 1 2 1 1 1 0 1 1 1 1 1 2 1 2 1 0 0 1 2 2 0 1 1 2 1 2 2 1 2 1 0 1 0 2 2 2 1 1 1 0 1 2 0 2 1 2 0 0 0 2 0 1 2 2 1 0 2 0 2 2 1 0 0 0 0 1 2 1 0 1 2 1 2 2 1 1 1 1 1 2 1 2 1 0 1 2 0 1 0 0 0 2 1 2 2 2 0 2 0 1 1 0 0 1 2 1 2 0 1 1 2 2 1 0 0 2 0 1 2 0 2 2 0 1 2 0 0 2 0 1 2 2 1 2 0 0 1 2 0 2 1
0 2 2 1 0 2 1 2 1 2 2 1 0 0 1 1 1 1 1 2 0 0 1 0 1 1 2 1 2 2 2 2 2 0 1 0 2 0 2 1 0 1 0 1 2 2 2 1 1 1 0 2 2 2 1 2 0 0 0 0 0 0 1 0 0 2 1 0 0 1 2 0 1 1 1 0 0 2 0 2 0 0 2 0 1 0 2 2 1 0 0 2 2 2 0 0 1 2 2 2 0 1 0 1 2 2 0 0 2 0 0 0 1 2 0 2 0 1 2 2 2 0 2 1 2 0 2 1 2 1 1 2 0 2 2 1 2 2 2 1 0 2 1 1 2
2 2 0 0 2 0 0 2 2 2 2 0 2 1 2 1 0 2 2 2 1 0 1 0 0 2 0 2 1 0 2 0 0 0 1 2 1 2 2 1 2 1 1 2 2 0 0 2 2 0 2 1 1 0 2 1 0 1 1 1 2 0 0 2 0 2 1 1 1 0 2 0 1 0 0 1 1 1 2 1 1 1 0 0 0 2 2 1 1 0 1 0 1 1 2 2 0 0 2 2 1 2 0 0 1 1 2 2 0 2 1 2 1 1 0 1 2 0 1 0 0 2 2 2 1 1 2 1 0 2 1 1 1 2 0 2 0 2 0 1 2 1 1 0 1
2 0 0 2 1 1 1 1 1 0 2 0 0 1 1 2 0 0 1 2 0 1 1 0 1 2 2 1 1 1 2 1 1 0 1 0 1 2 1 0 1 1 1 1 0 0 2 0 0 1 2 1 0 0 1 2 1 2 0 2 0 0 0 2 0 0 2 2 0 1 0 1 2 1 1 0 2 1 0 0 2 0 2 2 2 1 2 0 0 0 2 1 0 1 0 0 1 2 0 1 0 0 1 0 0 2 1 2 0 1 0 0 0 2 0 2 1 0 2 2 0 1 1 1 0 1 1 2 2 2 1 0 1 2 2 2 2 0 1 0 0 0 1 0 2
1 2 1 1 2 1 2 0 2 1 2 1 0 1 0 0 2 1 2 2 0 1 2 1 0 0 1 0 1 1 0 0 1 1 1 0 0 1 2 0 2 1 2 0 2 0 1 0 2 0 0 0 1 1 2 1 1 0 2 0 0 0 0 1 2 2 2 0 2 1 0 1 2 0 2 2 2 0 2 1 1 1 2 2 2 2 2 0 0 2 1 0 0 2 2 2 2 1 2 1 2 1 0 2 1 0 1 0 1 2 0 0 0 0 0 2 2 0 0 0 0 2 1 0 1 0 0 1 1 0 0 1 1 2 0 1 0 2 2 1 1 0 2 1 0
1 0 0 2 2 1 0 1 2 1 0 0 1 0 2 2 1 0 1 0 1 0 0 0 0 0 2 0 0 1 2 2 0 2 2 2 1 0 1 1 1 2 1 1 2 0 1 1 1 2 2 2 0 0 1 1 1 1 1 2 0 1 2 0 1 2 0 0 2 1 2 1 1 1 2 0 2 0 2 1 1 2 2 1 0 0 0 2 2 2 1 2 1 0 0 0 2 1 0 2 0 0 1 1 2 1 2 2 0 0 0 1 0 0 0 1 0 1 0 0 0 1 1 1 0 2 1 0 0 2 0 0 2 2 2 2 1 0 1 1 1 0 0 1 0
1 2 2 2 0 0 1 2 1 2 2 0 1 0 1 1 1 1 1 1 2 1 2 2 0 2 0 1 0 2 2 2 2 2 2 2 2 0 2 1 1 2 1 0 0 2 1 2 2 0 0 1 1 2 1 0 1 1 2 2 1 1 2 0 1 2 0 2 1 2 0 0 2 2 0 2 0 1 1 2 1 2 1 1 2 2 2 1 1 1 1 2 1 1 0 0 2 0 2 1 0 2 1 0 0 1 0 0 0 2 0 2 2 2 0 1 1 0 1 0 0 2 0 1 2 0 1 1 1 1 2 1 1 0 1 2 2 2 0 2 2 1 1 1 0
0 1 2 0 2 2 0 2 2 2 1 0 2 0 1 1 2 0 0 0 2 0 2 2 1 1 1 0 1 1 0 1 0 0 2 2 0 1 2 1 0 2 1 0 2 0 1 0 1 0 0 1 0 1 1 2 0 0 2 1 2 1 0 2 2 0 2 2 1 0 0 2 2 2 0 1 0 2 1 2 2 0 1 0 1 0 0 1 2 0 1 1 1 1 2 0 2 2 0 0 2 1 1 1 1 2 0 2 1 2 1 1 2 1 2 1 1 2 1 0 0 0 0 2 1 0 0 1 2 1 2 0 2 0 1 1 2 2 0 2 0 0 1 2 1
0 2 0 0 1 2 1 1 0 0 0 0 1 1 0 2 2 0 0 0 2 2 0 2 0 0 2 0 1 0 2 1 2 1 2 1 0 0 2 0 2 2 1 0 2 1 1 1 2 1 1 2 0 2 1 1 2 2 2 0 2 2 0 2 0 2 0 1 1 2 2 1 1 0 1 1 0 0 2 0 2 2 2 0 2 1 2 2 0 2 0 0 1 0 2 0 1 2 2 2 1 2 0 1 0 2 2 1 1 0 1 0 0 1 1 2 0 0 1 1 2 0 2 1 0 2 2 1 2 2 1 1 2 2 0 2 2 1 1 0 1 0 0 1 2
2 0 0 0 0 1 2 0 1 2 1 1 1 1 1 1 2 2 0 2 1 0 2 2 2 0 1 2 1 2 1 1 0 2 1 0 1 2 1 0 1 0 2 0 2 0 2 2 1 2 2 2 0 1 1 0 1 2 1 0 2 0 2 0 0 0 2 2 0 0 2 1 1 0 0 1 1 0 1 2 2 0 2 1 0 1 2 1 1 0 2 0 1 2 2 2 0 1 1 0 2 1 0 1 1 1 2 0 1 1 0 1 2 0 2 2 1 0 1 1 0 2 1 2 1 1 2 2 2 0 1 2 0 1 1 2 2 1 0 0 0 1 2 0 2
2 0 1 0 2 2 0 2 2 1 1 0 0 1 0 2 2 0 0 1 2 2 1 0 0 1 1 2 2 1 1 1 2 0 1 2 0 2 1 2 1 0 0 0 0 1 2 2 1 2 1 0 2 2 2 0 2 0 2 1 0 1 0 2 2 2 2 2 2 2 2 1 0 2 1 0 1 1 1 0 1 2 2 0 2 1 1 2 2 1 0 2 0 1 0 2 0 0 2 1 0 1 2 1 1 1 2 2 2 0 1 1 0 0 1 0 2 0 2 1 2 1 2 2 0 0 2 2 0 1 0 1 0 0 0 1 1 2 1 1 0 0 2 0 0
0 1 0 2 2 1 1 0 1 1 0 1 1 0 0 2 0 2 2 0 2 0 1 2 2 2 2 2 1 1 0 0 2 0 2 2 0 1 2 1 0 1 1 1 1 1 0 0 0 0 0 0 1 0 2 2 0 2 2 0 1 1 1 1 1 1 1 2 2 1 2 0 2 0 1 2 2 2 0 0 2 0 0 1 1 2 0 0 2 1 0 1 2 2 0 1 0 2 1 2 0 1 0 1 2 1 1 1 0 1 2 0 1 2 2 1 2 1 1 2 2 2 0 1 1 1 2 1 0 1 1 1 0 1 0 2 0 1 1 0 2 0 1 1 0
0 2 0 1 1 2 0 0 0 2 2 0 0 1 0 2 2 2 0 1 2 2 1 1 1 2 0 2 0 2 0 1 2 0 0 1 0 1 2 1 1 0 1 1 1 0 1 1 0 1 0 1 1 2 2 0 1 0 0 0 2 1 2 2 1 2 0 2 1 1 0 0 1 0 2 2 1 0 1 1 2 2 2 2 2 2 2 1 0 0 2 0 1 1 2 0 1 1 2 2 2 1 0 1 1 0 0 2 1 0 1 2 0 2 1 2 2 1 1 2 2 1 0 1 2 2 2 1 0 2 1 0 0 2 1 2 2 0 2 2 0 1 1 0 0
0 0 0 1 2 2 1 0 2 0 1 2 0 0 1 2 2 1 1 2 1 0 2 1 0 1 2 2 2 2 0 0 0 0 2 2 0 1 1 2 2 0 2 2 0 0 0 0 2 1 2 1 1 1 2 2 0 2 1 0 2 1 1 2 2 1 2 2 2 0 1 0 1 2 0 2 2 0 2 2 2 2 0 2 0 0 1 1 2 1 0 1 0 2 1 0 1 1 2 1 2 2 1 1 1 2 1 1 2 0 1 0 0 1 2 1 0 1 1 2 2 1 2 1 1 0 1 2 2 1 0 0 1 2 2 2 2 0 1 2 1 0 2 1 1
1 2 1 0 0 2 0 2 2 1 1 0 0 0 0 2 1 1 0 1 1 1 0 1 0 2 0 0 0 2 2 1 2 2 2 1 2 1 0 1 2 2 1 0 0 2 0 2 1 1 1 2 2 1 1 0 2 2 1 0 1 2 1 1 2 2 2 1 0 0 0 0 0 2 0 1 2 1 1 1 0 0 1 0 2 0 2 2 0 0 2 1 0 2 0 2 1 0 1 2 1 1 2 2 1 1 1 1 2 0 0 0 0 1 1 2 0 0 0 0 1 2 2 2 1 0 2 0 0 1 2 2 0 2 2 1 0 1 0 2 1 1 0 1 0
2 2 0 0 2 1 1 2 1 1 1 2 1 1 0 2 1 0 2 0 0 2 1 1 0 1 1 2 1 0 0 1 2 1 1 2 0 1 2 2 2 1 1 0 2 2 0 1 0 1 2 1 0 0 0 1 2 2 1 1 2 2 0 0 0 2 2 1 0 2 0 0 0 2 0 1 2 2 2 0 0 2 2 0 2 0 2 2 2 0 1 1 2 2 2 1 1 2 2 2 2 1 2 1 0 0 2 0 2 1 2 2 1 1 0 2 1 0 1 0 1 0 2 1 2 2 2 2 2 2 1 1 0 1 2 2 1 2 0 2 2 2 2 0 0
0 0 1 1 0 2 0 0 2 1 1 2 1 0 1 1 2 0 2 0 1 1 1 0 2 1 2 1 1 1 2 2 1 1 1 1 1 1 0 1 1 1 0 2 2 1 1 1 1 1 1 2 0 0 1 2 2 0 2 1 2 2 0 1 0 2 0 2 0 0 0 1 2 1 2 1 0 1 2 0 2 1 0 0 2 1 0 2 0 2 1 2 2 2 1 0 1 2 0 1 0 2 1 1 0 1 2 1 2 0 2 0 1 2 1 1 1 1 1 1 2 2 1 1 1 0 2 0 0 0 0 1 2 2 2 0 0 0 2 2 0 1 2 2 1
0 2 2 0 0 1 0 1 0 1 0 1 2 1 2 2 1 1 2 1 0 2 1 1 0 0 1 1 1 2 2 2 1 2 0 2 1 0 0 2 0 1 1 2 0 1 2 2 2 1 0 0 1 1 2 1 2 1 1 1 0 0 1 1 1 2 1 2 0 2 2 0 0 1 0 1 2 2 1 2 1 1 2 2 0 2 2 1 1 0 2 2 1 1 1 2 1 0 0 2 2 2 0 1 1 0 2 1 2 1 0 0 0 1 0 2 0 0 0 2 1 0 0 0 2 1 0 1 2 0 1 1 1 1 0 2 1 1 1 1 0 2 2 0 0
2 2 2 0 0 2 2 1 2 2 1 0 0 0 0 1 1 2 2 2 0 0 1 1 2 2 1 1 1 2 0 1 2 2 2 1 1 2 0 1 1 1 2 2 2 0 2 0 0 2 0 0 0 2 0 2 1 1 2 0 1 0 2 2 2 2 0 1 1 0 0 0 2 1 1 1 2 0 2 0 2 0 1 0 2 1 0 1 0 0 2 1 0 1 0 0 0 1 0 2 1 1 1 1 2 2 2 2 0 2 2 0 2 1 1 1 0 0 2 0 0 1 0 2 0 1 0 1 0 0 1 2 0 0 2 0 2 1 0 0 1 0 1 1 1
0 0 0 1 0 0 2 0 1 1 1 0 0 2 1 1 1 0 1 1 2 2 1 2 2 2 1 2 1 2 2 2 0 0 0 1 0 2 2 0 2 0 0 2 0 1 0 0 2 0 1 0 2 1 0 2 0 2 2 1 1 2 1 0 2 1 2 1 1 1 1 1 1 1 0 2 0 1 2 0 1 2 1 0 0 1 0 1 0 0 1 0 2 2 0 2 2 2 0 0 1 1 2 0 0 2 2 1 0 0 1 2 2 0 0 0 2 1 2 0 1 0 1 1 1 2 1 0 2 2 1 0 1 0 0 1 0 0 0 1 0 2 0 0 0
2 0 2 0 1 0 2 2 2 1 1 1 0 1 0 2 0 1 1 1 1 0 1 0 1 0 0 1 1 1 1 0 2 1 1 1 0 1 1 2 0 2 1 1 2 2 0 2 1 2 2 0 1 0 0 0 1 2 1 0 0 0 1 0 1 1 2 1 2 1 2 0 0 1 1 0 0 0 0 2 2 2 1 1 0 1 1 2 1 2 0 2 0 2 0 2 0 0 1 1 2 1 1 0 2 1 1 1 1 2 0 1 1 2 0 2 2 2 2 0 2 0 0 0 0 1 2 1 2 2 2 1 0 2 1 1 0 2 2 1 1 0 0 0 0
0 1 0 0 0 0 0 2 1 0 2 2 1 0 2 1 1 0 2 0 0 0 0 0 0 1 0 1 2 1 2 0 2 2 1 1 0 2 0 2 0 2 2 1 0 2 0 1 0 0 1 1 1 2 2 2 1 0 1 1 1 0 2 1 0 0 2 0 0 2 0 0 2 0 0 0 0 0 2 1 1 1 1 1 2 0 0 0 1 2 1 2 2 0 1 0 1 0 1 1 0 2 0 0 0 0 1 0 1 1 2 1 0 0 2 2 1 0 0 2 2 1 0 2 0 1 0 2 0 1 2 0 0 2 2 1 0 0 2 2 2 2 1 2 0
1 2 0 1 2 2 1 1 0 1 2 2 2 2 2 1 1 0 2 1 2 1 2 0 1 1 2 0 0 2 2 1 1 2 1 1 2 0 0 0 2 0 2 1 0 1 0 1 2 0 0 2 2 2 2 0 0 2 2 1 1 1 1 0 1 2 1 0 0 1 0 0 2 0 0 2 2 0 1 2 1 1 1 1 1 1 0 2 0 2 1 2 1 2 0 2 2 2 0 0 1 1 1 1 1 1 1 1 2 2 0 1 2 2 0 0 1 0 0 0 0 0 2 1 0 1 1 0 0 1 1 2 0 2 1 2 2 2 1 1 2 2 0 2 2
1 1 0 1 1 0 2 1 1 1 2 2 2 0 2 2 2 2 2 2 1 2 1 0 0 0 0 0 1 0 2 2 1 0 2 0 1 1 0 2 0 0 1 0 0 2 2 0 1 0 2 2 2 1 0 1 1 1 1 0 2 2 0 1 2 0 2 0 2 0 1 2 0 2 0 1 1 0 1 0 0 0 0 0 1 0 2 1 0 0 1 2 0 2 1 2 0 1 1 0 1 2 2 1 2 0 0 2 2 1 2 2 1 0 0 1 1 2 0 1 1 2 1 1 0 0 2 0 1 1 0 2 1 1 1 1 2 1 0 1 0 1 2 1 2
2 0 0 0 1 0 2 1 2 1 1 2 0 2 1 2 0 0 1 2 2 0 1 1 1 1 1 2 0 0 1 2 2 0 0 0 0 2 1 2 1 0 2 2 0 0 2 1 1 1 1 0 1 2 1 0 0 0 0 0 0 2 1 2 2 1 0 2 2 2 2 0 1 2 2 2 2 2 1 0 2 2 1 0 1 0 1 0 0 2 1 1 2 0 1 1 2 2 1 1 2 1 2 0 0 2 2 0 0 0 1 2 0 0 0 0 0 0 0 1 0 2 0 2 0 1 1 0 1 0 2 1 1 1 1 2 1 2 0 1 0 1 1 1 2
0 1 0 0 1 1 0 1 1 2 1 1 1 2 2 1 1 0 0 0 0 0 2 2 0 1 2 2 1 0 1 1 1 1 1 0 0 1 0 2 1 1 1 2 1 1 1 0 2 1 1 0 1 0 2 1 2 0 1 0 1 2 1 1 1 0 2 1 1 2 0 0 2 2 0 0 1 1 1 1 2 2 2 0 0 2 2 0 0 0 1 0 0 1 1 1 1 1 0 1 1 1 1 0 1 0 1 0 1 2 2 1 0 2 2 0 0 0 1 0 0 0 0 2 2 2 0 0 1 1 2 2 0 2 0 2 2 2 0 0 1 2 2 2 0
2 0 0 2 1 0 0 2 2 2 2 2 1 1 0 0 0 0 1 0 1 1 2 0 1 1 0 1 0 2 1 0 0 1 0 0 0 1 2 0 1 0 2 0 1 1 0 2 1 2 0 1 0 2 1 1 1 2 1 2 2 2 2 2 2 0 0 2 2 0 0 1 1 2 2 2 0 2 1 0 0 1 2 0 2 1 0 0 1 1 0 1 1 1 1 0 2 2 0 1 0 0 2 1 1 2 0 2 0 2 0 0 2 2 0 1 1 0 2 2 2 0 1 1 1 2 2 0 1 1 2 1 2 2 0 0 2 1 0 2 1 1 0 0 1
0 2 2 2 1 2 1 1 0 0 0 0 0 1 2 2 1 1 1 1 2 2 1 0 0 1 2 1 2 2 0 2 2 0 2 1 2 2 0 0 0 2 1 1 0 1 0 0 2 2 2 2 2 1 1 2 2 0 1 1 1 2 1 0 0 2 2 0 1 0 1 2 0 0 1 1 1 1 1 2 0 0 2 0 1 0 2 1 2 2 0 0 2 2 0 2 2 1 0 1 1 0 0 1 0 1 2 0 0 2 2 1 2 2 2 2 0 2 0 2 2 1 0 2 1 1 2 0 2 0 1 0 0 2 2 2 1 0 2 2 2 2 0 2 1
0 1 2 1 2 2 1 1 2 1 2 1 1 0 0 1 2 2 0 1 2 0 2 2 0 1 2 2 0 2 1 1 1 2 0 1 1 2 2 1 0 2 0 1 2 0 0 2 0 1 1 0 1 1 0 1 0 1 1 1 0 0 0 2 0 1 1 1 0 1 0 1 1 0 2 1 2 2 1 2 2 2 2 0 0 1 2 1 2 1 0 0 2 1 2 2 0 1 1 0 0 1 1 2 2 1 0 1 1 2 1 0 2 2 1 1 0 1 2 2 2 1 2 2 2 2 1 0 1 0 0 2 2 2 1 2 0 2 1 2 2 2 0 2 1
2 0 1 0 0 1 0 2 1 0 2 1 0 2 0 0 0 2 0 2 1 2 0 1 1 2 0 1 0 1 0 2 1 0 0 2 1 2 1 0 0 0 1 0 2 2 2 2 1 2 2 0 0 0 1 1 1 0 0 1 1 2 2 2 2 0 2 0 2 1 1 0 2 0 1 2 2 0 0 0 0 0 1 1 1 0 0 2 0 1 1 1 0 0 1 2 1 1 0 1 0 2 1 0 2 1 2 0 1 0 1 2 1 0 0 2 0 1 2 1 2 0 2 0 1 1 0 0 0 1 1 1 1 1 1 1 2 1 2 1 2 0 1 1 0
1 0 1 2 0 2 2 0 2 0 2 1 1 2 2 0 2 0 1 1 1 0 1 0 2 2 2 0 0 0 1 0 1 0 0 1 2 1 0 2 1 2 1 0 0 0 1 2 0 2 1 2 0 2 2 0 1 0 0 0 1 2 1 0 2 1 2 2 2 2 1 2 0 0 0 0 0 1 0 1 0 1 1 1 1 2 2 0 2 2 1 1 2 2 1 2 1 2 2 0 2 1 0 2 2 0 0 0 1 0 0 2 2 1 0 1 1 2 2 1 0 0 0 0 0 2 0 2 1 0 2 2 1 1 1 1 1 0 0 0 0 0 0 1 2
1 2 1 2 2 2 2 0 2 2 1 2 0 0 1 0 0 0 0 1 0 1 0 0 1 1 1 2 1 2 2 2 0 0 2 2 2 1 0 0 2 2 2 2 2 1 0 0 2 1 2 2 2 2 0 2 1 1 1 2 2 1 0 2 1 0 2 2 2 1 2 2 0 2 1 1 0 2 1 0 0 0 0 1 1 0 1 2 2 0 0 2 2 1 2 1 1 2 0 1 0 2 0 2 2 0 0 0 0 2 1 2 0 2 1 2 2 2 2 2 0 0 1 2 2 0 1 1 0 2 1 1 2 1 1 2 2 2 0 1 1 2 1 2 1
2 2 1 2 1 2 2 2 1 0 2 0 2 1 1 1 0 2 1 2 2 1 2 1 1 1 1 0 2 1 2 1 0 2 1 0 1 1 2 0 1 0 0 0 2 1 0 2 2 1 1 1 0 1 0 0 2 1 1 1 2 2 0 0 1 1 0 0 0 0 0 2 0 1 1 2 0 1 1 2 0 1 1 2 2 2 2 2 0 1 1 0 0 2 0 1 0 0 2 1 1 0 1 2 2 2 2 2 1 2 2 1 0 1 0 2 0 0 2 1 2 1 1 2 0 2 2 1 0 1 0 1 2 2 0 1 1 0 2 2 0 2 1 0 0
0 0 1 0 0 2 0 2 1 0 0 1 0 2 1 2 0 2 2 2 1 1 1 2 0 1 2 2 0 0 0 0 0 2 1 1 1 2 1 0 0 1 1 0 1 0 0 2 0 2 2 1 1 1 1 1 0 0 2 0 0 2 1 2 1 0 1 0 2 0 1 0 1 0 1 0 0 2 0 0 1 0 0 0 1 1 0 1 0 2 2 1 2 1 0 1 2 0 2 2 0 0 0 2 1 2 0 1 1 1 2 1 1 2 1 0 2 1 0 2 0 2 1 2 2 2 1 1 2 0 1 0 1 2 2 2 2 0 0 0 1 1 1 0 0
0 2 0 2 2 0 1 2 2 1 1 2 0 0 2 0 2 2 2 1 1 1 0 2 0 2 1 1 0 2 2 1 1 0 1 0 0 2 0 0 0 2 2 0 2 1 2 2 0 1 2 0 0 2 2 0 1 0 2 0 0 2 1 2 0 0 0 1 0 1 2 1 0 1 2 0 1 1 1 1 0 0 1 2 0 1 0 0 0 0 0 0 0 2 0 1 1 1 0 1 2 2 2 0 2 0 2 0 2 0 2 1 1 2 0 1 0 0 2 0 1 2 2 2 0 0 0 1 1 1 2 2 1 0 2 1 1 1 2 0 2 0 1 0 2
2 0 0 1 2 2 2 0 1 2 1 2 0 2 1 2 2 0 1 0 1 0 2 2 1 0 0 1 2 1 0 2 1 1 0 1 0 0 2 2 0 0 2 1 0 1 0 0 1 2 1 2 1 0 0 2 1 1 0 2 2 1 1 1 2 2 0 1 0 2 0 1 0 0 2 0 2 0 0 1 0 2 1 1 1 2 0 2 0 1 1 0 0 0 1 2 0 2 0 2 2 2 0 2 0 0 2 2 0 1 0 1 0 2 0 1 2 1 2 0 2 1 1 2 0 0 0 0 0 1 2 2 1 0 2 1 0 2 1 1 0 2 0 2 2
1 1 2 2 0 2 2 0 1 2 0 2 2 1 2 2 1 2 0 2 2 2 0 2 0 2 0 0 2 0 0 1 2 2 1 0 2 1 0 1 0 0 1 1 2 0 0 1 0 1 0 0 0 1 2 2 0 0 2 1 1 0 2 1 0 0 1 0 2 2 2 1 0 0 2 2 1 0 1 1 2 0 1 0 1 1 0 0 0 0 1 2 1 1 0 1 0 2 2 2 2 2 0 0 2 0 0 1 1 2 1 1 2 0 2 0 0 2 1 0 0 2 0 1 2 1 1 2 0 0 2 0 1 0 0 1 1 1 0 0 0 2 1 0 2
1 2 0 0 0 1 0 1 1 0 0 2 1 2 0 2 2 1 0 2 1 0 2 0 0 2 1 0 1 1 2 2 1 1 0 2 2 0 0 1 1 0 0 0 0 1 1 2 2 1 0 1 1 2 2 2 2 1 2 0 0 0 0 2 1 0 1 1 1 1 2 1 2 1 1 2 0 2 2 1 2 0 2 1 2 2 2 2 1 1 2 2 2 0 1 1 0 0 0 0 2 0 1 2 1 2 2 0 0 1 1 2 2 0 0 2 1 2 2 2 2 2 2 2 0 0 1 1 1 2 1 1 2 0 0 2 1 2 2 1 1 0 0 1 1
0 0 2 1 2 0 0 0 2 2 0 1 1 2 0 1 2 2 1 2 2 1 0 2 0 1 0 1 2 2 0 1 2 1 2 0 1 0 1 1 0 1 2 0 1 0 1 0 2 0 0 1 1 1 1 2 1 1 1 0 1 2 2 1 0 1 2 1 2 0 2 0 2 0 1 0 1 2 1 0 0 2 2 2 1 1 0 2 0 1 1 2 0 0 1 0 0 1 2 2 1 0 0 1 0 1 1 2 2 0 2 0 0 2 2 2 1 2 2 2 2 1 2 2 0 0 1 0 1 1 0 0 1 2 1 2 0 0 1 0 2 1 0 2 1
0 2 0 0 0 0 0 1 2 1 1 0 0 2 2 1 0 2 0 0 1 0 0 0 2 2 2 0 2 2 2 0 0 0 2 0 0 2 2 1 1 2 1 1 1 2 0 2 1 1 2 1 1 1 2 0 0 2 2 0 1 2 1 2 0 0 0 2 0 0 0 2 0 2 0 2 1 1 0 1 2 2 0 1 1 2 2 2 1 2 1 0 0 2 0 0 0 1 0 1 2 0 1 2 1 2 2 2 1 2 1 1 2 1 2 2 1 2 2 2 2 0 1 2 0 2 0 1 0 1 0 1 2 2 0 0 2 0 1 1 0 0 2 1 2
2 1 1 1 0 2 1 2 0 1 0 0 2 2 0 1 0 1 0 2 0 2 2 1 0 0 2 1 0 1 1 2 2 0 1 0 2 0 0 0 2 1 0 1 1 0 0 1 0 1 1 1 1 1 2 1 2 1 0 2 0 2 2 2 2 1 1 1 2 1 2 1 0 2 1 1 2 1 0 0 0 0 1 1 1 1 0 2 0 1 2 1 0 2 1 0 1 0 2 1 2 1 2 2 0 1 2 0 1 0 1 1 0 0 1 0 2 1 2 1 0 2 2 1 2 1 1 0 2 0 1 2 1 2 2 2 1 1 0 2 2 2 2 0 0
0 0 0 2 0 1 1 0 1 2 0 2 2 1 2 2 0 1 2 0 2 2 2 0 2 1 0 2 1 2 0 1 0 0 2 1 2 0 2 0 2 2 0 1 1 1 2 0 2 2 0 2 1 0 0 1 0 1 0 1 1 1 0 2 1 2 1 1 2 1 1 2 1 0 2 0 1 1 0 1 0 1 1 1 2 2 0 2 1 2 0 0 0 1 0 0 1 1 1 1 2 1 1 0 1 0 1 2 2 2 1 2 1 2 1 1 2 2 1 1 2 2 2 2 1 2 2 0 0 1 2 0 2 0 1 1 1 0 1 1 2 2 0 1 0
2 0 2 2 1 1 1 2 0 1 0 2 1 1 0 0 0 0 0 1 2 1 0 0 2 1 0 0 2 2 0 2 0 0 1 2 2 1 2 2 0 2 0 1 1 0 0 2 2 0 0 2 2 1 2 2 0 2 2 0 2 2 2 1 1 1 1 0 0 0 0 0 0 0 2 1 2 0 0 1 0 2 1 2 0 1 0 1 1 2 1 1 0 0 0 1 0 1 1 0 1 1 2 1 0 2 2 0 2 0 2 2 2 0 0 0 1 0 1 2 2 1 1 2 2 1 1 2 2 2 1 0 2 0 2 0 2 2 0 1 0 2 0 0 0
0 0 1 0 2 1 1 0 1 1 0 0 0 0 0 0 2 1 0 2 1 0 2 1 1 0 1 0 2 1 1 2 2 2 1 2 2 2 1 0 0 2 0 1 2 1 2 0 1 2 2 0 1 2 1 2 0 0 1 2 1 2 0 1 0 1 0 2 1 2 0 2 1 0 1 2 0 0 2 1 0 1 1 1 1 0 1 2 0 0 1 2 2 1 0 2 0 1 2 1 2 2 2 0 1 1 2 1 2 2 2 2 2 1 1 0 1 0 0 2 1 0 1 0 2 2 1 0 1 0 2 0 1 1 1 2 2 1 0 2 2 2 2 1 1
1 2 2 2 0 1 0 0 0 0 0 2 2 0 1 1 1 2 2 0 1 2 1 0 2 0 2 2 2 0 0 0 0 0 0 1 2 0 2 2 2 2 2 1 1 0 0 2 0 2 2 1 1 0 0 1 1 2 1 1 1 1 0 2 2 0 0 1 1 0 0 1 2 2 2 1 1 0 0 1 0 1 1 0 2 1 2 0 1 1 0 2 2 0 1 0 1 1 1 2 1 2 1 2 2 1 0 0 2 2 0 0 0 2 0 2 0 1 1 1 2 2 1 2 2 0 2 0 2 1 1 1 0 2 1 0 1 0 2 1 0 0 2 1 2
0 1 2 1 0 1 0 2 0 1 2 1 0 1 1 1 2 0 2 2 0 0 2 0 0 0 1 0 0 2 2 2 0 2 0 1 1 2 0 2 0 0 1 0 1 2 0 1 0 2 1 0 0 1 1 1 0 2 1 0 2 1 2 0 0 1 2 2 1 0 2 1 1 0 2 2 0 2 1 0 0 1 1 1 2 0 0 0 0 1 2 2 1 2 0 1 0 2 1 1 0 0 0 1 1 1 2 1 1 1 2 2 0 1 1 1 2 1 1 2 0 0 0 2 0 1 1 1 2 0 1 0 1 2 2 0 0 2 2 0 2 2 2 2 0
0 0 0 2 0 0 1 1 1 0 1 0 2 1 2 0 2 0 2 1 0 2 0 2 2 0 1 1 2 2 2 1 0 0 0 0 1 1 2 0 0 1 0 2 2 1 2 2 1 2 2 2 2 2 0 1 2 1 1 2 1 0 0 2 0 1 0 2 0 0 2 0 0 1 1 0 2 0 0 1 0 2 2 0 2 2 2 2 1 0 1 0 2 2 0 0 1 0 0 1 1 0 0 2 1 1 2 1 2 2 1 0 2 0 1 2 2 1 1 0 2 0 1 2 0 1 0 1 0 0 0 2 1 1 1 0 0 0 1 0 1 0 1 1 0
0 1 0 2 2 2 2 0 0 2 0 0 2 2 0 0 0 2 1 2 0 2 0 1 2 1 2 2 2 1 0 2 0 1 2 0 0 2 1 1 1 2 2 1 2 2 1 0 2 0 2 2 0 0 0 2 1 1 1 1 0 2 1 0 1 1 0 1 0 2 0 2 2 0 0 1 2 2 1 1 2 1 1 2 2 0 2 0 1 2 2 2 1 1 2 0 0 0 2 0 0 0 0 0 1 0 1 1 2 0 1 1 2 2 2 1 2 2 0 1 1 2 0 0 1 0 0 1 2 0 2 2 2 2 2 1 2 1 2 2 2 0 2 1 1
2 0 1 1 1 0 0 1 1 1 0 2 2 2 1 1 2 1 1 2 1 2 0 0 2 2 2 1 2 0 0 1 1 1 1 2 1 2 1 1 1 2 1 0 1 2 2 0 1 0 1 0 0 1 0 1 1 2 0 1 2 0 2 2 1 1 1 1 0 2 2 1 1 0 0 1 0 0 2 1 2 0 2 2 1 2 1 0 2 1 2 2 1 2 1 0 1 0 1 1 0 1 1 0 1 1 1 2 1 0 1 0 2 0 1 0 2 2 1 2 2 1 1 0 1 0 0 2 0 2 1 1 1 2 1 0 1 0 2 1 2 0 2 1 1
0 2 1 1 2 0 0 0 2 1 1 2 0 1 0 0 0 1 2 0 1 2 0 2 2 1 1 0 0 2 0 2 0 1 1 2 0 2 2 2 1 2 2 1 0 0 2 1 2 1 2 0 1 0 1 1 1 2 0 2 0 0 2 0 2 0 2 2 0 2 2 2 2 2 0 0 2 0 2 2 2 2 0 1 2 1 2 0 2 0 1 2 0 0 2 0 2 2 0 2 2 0 2 2 0 1 0 0 1 0 0 2 0 1 0 2 0 0 1 0 1 0 2 2 0 2 0 0 2 1 1 2 2 0 2 2 2 0 2 2 1 0 1 1 2
2 1 0 2 0 0 1 0 0 2 1 0 2 1 0 0 0 2 2 1 2 0 1 2 2 0 1 0 1 2 0 0 1 0 1 1 0 0 2 1 2 1 1 2 0 1 2 1 1 0 0 1 0 1 2 0 2 0 1 1 0 1 2 2 1 0 1 2 1 1 0 1 0 2 0 1 1 0 0 0 0 1 1 1 0 0 2 0 1 0 2 2 0 2 2 1 0 0 2 1 0 0 2 0 0 0 2 1 1 0 2 2 1 2 1 0 0 1 1 2 1 0 1 2 0 0 1 0 2 1 2 2 1 2 2 1 0 2 1 2 0 1 1 2 0
2 0 1 0 1 0 0 0 0 2 0 1 1 1 0 2 1 0 2 1 0 1 1 0 2 0 0 1 2 0 2 2 1 0 1 0 2 2 1 2 1 1 1 1 0 2 1 2 0 0 1 0 2 0 1 2 2 0 0 2 1 1 1 1 1 0 1 1 2 0 0 1 2 2 0 0 2 1 0 2 0 1 1 2 0 0 2 2 1 1 1 0 2 0 1 0 1 0 2 1 1 0 0 0 0 0 0 0 0 2 0 0 0 2 0 1 2 2 0 1 0 2 2 2 0 1 1 2 2 1 0 0 2 1 0 1 2 2 1 2 1 1 0 2 0
0 1 1 1 2 0 1 2 2 2 0 1 1 0 0 0 1 1 2 2 2 0 0 1 2 2 0 1 0 0 0 1 2 1 2 1 1 2 0 1 1 0 2 0 1 0 0 0 1 0 0 0 2 0 0 2 0 0 1 1 1 1 0 0 0 0 2 2 2 2 0 1 1 0 1 2 0 2 0 2 0 1 1 2 1 2 2 2 0 1 1 2 0 2 2 1 2 1 0 2 2 1 0 1 2 2 1 1 2 2 1 2 0 0 0 2 2 0 2 0 1 0 2 2 2 2 0 2 2 1 1 2 0 2 0 0 2 2 1 2 1 0 2 2 1
0 0 0 0 2 1 0 0 1 2 0 1 0 0 1 1 0 0 0 2 1 0 0 0 2 2 0 2 2 0 0 0 0 2 2 2 0 2 1 0 2 2 2 2 2 0 1 2 1 2 0 2 2 0 2 2 0 0 2 0 1 0 1 1 2 0 2 1 2 0 1 1 2 0 1 2 1 1 2 2 0 0 1 1 1 1 0 1 2 2 2 0 0 1 2 0 1 2 1 1 2 0 0 2 1 0 2 2 1 2 2 2 2 0 0 0 0 1 2 2 1 2 0 2 0 0 1 2 0 0 0 0 1 2 1 0 2 1 1 1 0 0 0 0 2
2 1 2 1 0 2 2 2 0 0 0 0 1 0 1 1 1 2 0 0 0 1 0 1 2 1 2 0 0 0 2 2 1 2 0 1 1 0 2 2 0 0 0 1 0 1 1 0 1 1 1 2 0 2 1 2 0 0 0 0 0 0 0 2 0 0 1 2 1 1 0 1 1 0 1 0 2 2 1 1 1 2 1 2 1 0 2 0 1 0 1 0 1 2 2 2 2 1 2 1 2 2 1 2 0 2 0 0 2 1 2 1 0 0 0 0 1 0 0 0 0 2 1 2 1 0 2 2 0 2 0 0 2 1 2 0 1 0 1 1 2 1 0 0 2
0 1 1 1 2 2 0 1 0 2 0 1 0 2 1 0 0 2 2 2 2 0 1 0 1 0 2 0 0 0 0 1 1 1 0 1 1 1 0 2 0 1 0 1 1 2 1 1 2 1 0 1 1 2 2 1 0 2 1 0 0 2 1 2 1 1 1 2 2 1 1 1 2 0 0 0 0 2 0 2 1 1 1 0 1 1 1 1 0 1 1 0 0 0 0 2 2 2 2 0 1 2 2 2 2 2 0 0 2 0 2 0 2 0 1 1 1 0 0 2 1 1 1 0 2 2 0 0 2 2 1 1 1 1 1 1 0 1 1 1 0 1 1 0 2
2 1 1 1 1 2 2 1 0 0 1 2 0 1 0 0 0 2 2 1 0 2 0 2 0 1 0 0 0 0 2 1 0 1 2 2 0 1 1 1 0 0 2 0 2 2 1 0 1 2 1 2 1 2 1 2 0 2 2 1 0 2 2 0 2 1 1 2 0 2 2 0 2 2 2 0 2 0 0 0 2 2 0 0 2 1 1 0 1 0 1 2 0 1 0 2 0 1 2 1 1 2 2 1 1 1 1 0 0 2 1 2 0 1 1 0 1 2 1 2 0 0 2 1 2 1 1 0 0 2 2 1 1 1 1 1 0 0 2 1 1 1 0 2 0
2 0 2 2 1 0 0 2 2 1 2 1 1 2 2 0 1 1 1 0 2 0 1 1 0 2 0 2 0 2 0 0 2 0 0 0 0 0 0 0 2 0 2 0 2 2 0 1 0 0 1 1 1 0 2 1 2 0 1 0 2 2 1 2 0 1 2 1 2 0 1 2 0 1 0 0 0 1 1 2 2 1 0 1 1 0 0 1 0 2 0 2 2 2 1 2 1 1 0 0 0 2 0 0 1 0 2 2 0 0 1 2 1 1 1 0 1 2 0 2 1 1 1 0 0 0 0 1 0 1 2 0 0 2 1 1 1 0 1 1 2 0 1 1 2
0 0 1 0 0 1 1 1 0 2 1 2 0 0 0 1 2 0 1 2 2 1 0 1 0 2 0 0 1 1 0 2 1 2 2 2 1 1 1 2 1 0 2 1 0 2 0 0 0 1 0 0 2 0 2 0 0 2 1 2 1 1 2 1 1 1 0 0 0 2 1 1 0 0 2 1 0 0 1 0 1 2 1 2 1 0 2 2 0 1 1 2 1 0 1 0 2 1 1 2 1 2 0 0 2 0 1 0 0 0 1 2 0 0 2 2 1 2 1 1 1 0 1 2 0 2 1 0 2 2 2 1 2 0 1 2 1 0 0 1 1 2 1 2 2
1 1 1 0 0 1 2 0 2 0 1 0 1 1 2 0 1 1 0 1 0 0 2 1 1 1 2 0 2 2 1 0 1 2 1 1 0 1 2 1 2 0 1 0 2 1 1 0 2 1 2 0 1 1 2 0 0 2 1 0 2 0 1 1 1 1 0 2 0 2 0 2 1 2 2 0 0 0 2 1 2 1 2 0 0 2 1 1 2 1 1 2 1 1 0 0 2 1 0 2 1 1 1 0 1 0 0 2 1 2 1 0 1 1 1 2 0 1 1 0 2 1 2 1 2 1 2 1 2 0 1 1 1 2 1 0 0 0 0 1 0 1 2 2 0
0 2 2 1 1 0 0 2 0 0 1 2 0 0 1 0 1 0 2 1 2 0 2 0 0 1 1 2 0 0 1 0 0 0 2 1 0 0 1 1 1 2 0 1 0 0 2 2 1 2 0 1 2 0 2 0 1 0 0 1 0 1 2 1 2 2 2 1 1 1 2 2 1 1 2 1 2 2 0 0 2 1 1 2 1 0 2 0 0 0 1 2 2 2 0 2 1 1 0 0 2 0 1 1 1 1 0 1 0 2 1 0 0 1 2 0 1 0 0 0 1 0 2 0 2 0 2 1 2 2 0 2 1 1 1 0 2 1 2 0 0 0 1 2 1
2 2 1 2 0 2 0 0 2 1 0 2 1 0 2 1 0 2 2 1 1 0 1 0 0 1 2 0 1 1 0 0 1 2 2 2 1 0 0 0 1 1 0 0 2 2 2 2 2 2 1 0 0 0 1 0 0 1 2 1 2 0 1 1 0 1 0 1 2 1 2 0 1 2 2 0 0 2 1 2 2 2 1 0 1 0 1 1 1 1 2 1 1 0 0 2 2 1 0 1 1 0 2 2 0 1 2 1 0 1 1 0 1 2 1 2 0 0 0 2 2 0 1 1 0 1 1 0 1 2 1 2 0 0 1 0 2 1 2 0 0 0 1 2 0
0 2 1 1 0 1 0 0 0 2 1 2 0 1 0 0 0 0 1 0 1 2 0 0 1 2 1 1 0 0 2 1 0 1 0 1 0 1 2 0 0 0 0 1 2 1 2 2 1 0 1 0 0 1 1 1 0 0 2 2 2 2 1 2 1 1 1 2 2 0 2 2 2 1 1 2 2 1 0 2 2 1 2 2 0 1 0 2 2 1 1 1 1 2 1 2 1 0 1 1 2 1 0 1 2 0 1 2 1 1 2 2 0 1 1 1 0 2 0 0 1 2 1 2 1 0 1 0 1 0 1 0 1 2 2 2 2 0 1 2 0 1 1 0 2
0 2 0 2 2 0 1 1 2 0 0 0 2 0 2 2 2 2 2 2 2 1 2 2 0 2 0 1 1 1 0 2 0 2 2 1 2 1 0 0 1 2 1 2 0 0 1 0 0 0 0 2 1 0 1 2 0 2 0 2 1 2 1 2 1 2 1 1 1 0 1 0 2 2 2 0 0 1 0 0 2 1 2 2 2 2 1 0 2 0 2 0 2 2 0 0 1 2 2 2 2 1 2 2 1 0 2 2 1 1 2 1 2 0 0 1 2 2 1 1 0 2 1 2 1 2 0 2 1 2 2 1 1 2 0 1 2 0 1 1 2 1 0 1 1
0 1 0 0 0 2 0 2 1 0 0 1 0 2 2 1 2 2 0 2 2 1 1 0 2 0 2 1 0 1 0 1 0 2 2 0 1 0 0 0 1 0 1 1 0 1 0 2 0 1 2 0 2 1 1 0 2 1 2 2 0 0 1 0 2 0 0 1 1 0 1 2 2 0 1 2 1 2 2 2 1 0 0 1 1 1 2 1 0 1 1 0 0 2 1 2 0 2 0 2 0 2 2 2 2 1 2 2 0 0 2 2 0 2 1 2 0 0 0 2 0 1 2 0 0 1 2 1 1 1 1 2 1 0 0 2 2 0 1 0 1 0 0 1 0
1 1 1 2 2 0 2 0 0 2 2 2 0 1 1 1 0 1 0 0 1 2 0 0 0 1 1 1 2 1 1 1 0 0 0 0 0 1 1 1 1 1 1 1 0 2 0 0 2 1 1 1 0 2 1 2 1 1 0 0 2 2 1 2 0 2 0 0 0 2 2 0 0 0 1 0 1 0 1 0 2 0 2 0 0 1 2 1 2 1 2 2 1 0 2 1 0 0 2 2 2 1 2 0 0 1 1 2 1 0 0 1 0 2 2 0 0 2 2 0 1 1 2 0 2 2 1 0 0 1 2 2 0 2 2 1 0 1 0 0 2 1 1 0 1
1 2 1 2 1 0 0 1 0 2 0 0 0 1 0 2 1 0 1 0 1 0 1 2 2 2 2 0 0 1 1 0 0 1 2 2 1 0 0 2 2 2 0 1 0 0 1 2 1 0 0 2 1 2 2 0 1 0 0 0 1 2 0 1 1 0 0 0 1 2 2 2 1 2 1 2 1 2 2 2 0 1 2 1 0 1 2 2 1 2 2 0 2 0 1 1 0 0 1 2 0 1 1 2 1 2 1 2 0 2 2 1 0 2 0 0 2 2 0 1 2 2 2 0 0 0 1 0 1 0 1 1 2 2 0 1 0 0 2 1 0 2 2 0 2
0 1 1 2 2 2 2 2 1 2 0 0 1 1 2 2 2 1 2 0 2 1 1 0 0 2 0 1 2 1 0 0 0 2 0 0 1 2 2 1 2 2 2 1 1 1 1 1 0 1 1 1 0 0 1 2 0 0 0 2 1 0 0 1 2 0 1 1 0 2 0 0 1 2 2 0 2 0 0 2 2 2 0 2 0 0 1 0 0 1 1 1 2 1 1 2 2 0 2 0 2 2 0 2 0 2 0 2 0 0 2 2 0 1 2 0 1 2 1 2 0 2 1 1 2 0 0 1 1 0 1 0 0 2 0 0 2 1 2 2 2 2 2 2 0
1 0 2 0 2 1 2 2 0 1 1 0 2 0 2 0 2 1 0 2 1 1 1 0 1 0 0 0 0 2 1 2 1 1 0 1 0 0 0 1 2 0 2 2 1 2 0 1 0 1 0 2 2 2 0 1 0 0 1 1 0 0 1 2 2 2 0 0 1 2 1 0 0 1 0 1 0 1 0 1 2 2 2 2 2 2 0 2 0 0 1 1 1 0 1 1 0 2 1 2 2 0 0 2 2 1 1 0 2 2 0 0 1 2 2 1 2 1 1 2 1 0 1 0 1 0 2 2 1 1 2 0 2 2 0 2 1 2 2 1 1 0 2 1 2
1 2 1 2 1 1 1 0 0 2 1 0 1 1 2 2 0 0 2 2 0 2 2 0 2 0 1 0 0 0 0 1 1 1 2 2 0 1 2 1 0 1 2 2 0 2 0 1 2 2 2 0 2 1 0 2 2 2 2 2 0 0 1 1 2 0 1 0 0 2 1 0 0 1 1 2 0 1 0 2 1 2 2 1 0 0 0 2 0 1 1 1 1 1 0 1 1 1 2 2 0 1 0 2 0 2 1 0 0 2 1 1 2 1 0 0 2 1 0 2 0 2 1 0 0 1 1 0 2 1 2 1 2 0 0 2 2 2 1 0 1 2 2 1 0
0 2 2 2 0 2 0 0 0 0 1 2 2 2 0 1 2 1 1 1 2 1 0 2 0 1 1 2 1 0 1 2 0 1 1 0 2 1 0 0 2 2 0 2 1 0 0 2 1 2 0 1 2 1 0 2 2 1 0 1 1 1 1 1 0 0 2 2 2 0 0 2 0 0 1 0 0 1 2 2 1 2 0 0 0 1 0 1 2 0 0 2 2 2 1 0 2 1 2 2 2 0 1 2 0 2 2 1 2 2 1 1 1 2 2 0 0 2 2 1 1 0 0 1 2 2 1 2 1 2 2 0 0 1 1 1 2 1 0 1 1 2 0 0 1
0 1 0 0 1 1 1 2 1 1 2 1 0 2 0 2 2 1 1 0 0 0 0 0 0 2 1 0 2 2 2 2 2 2 0 0 0 2 0 2 0 0 1 1 0 1 1 0 1 2 1 1 2 2 1 1 1 0 1 2 1 1 1 1 0 2 2 1 0 0 1 0 1 1 2 1 2 1 1 1 1 2 1 1 2 0 2 1 1 1 0 0 0 2 1 1 0 1 1 0 1 2 1 2 0 1 1 1 0 0 0 1 1 1 0 0 2 0 2 1 2 0 1 2 1 0 0 1 1 2 2 1 0 0 1 1 2 0 2 2 1 1 2 2 2
2 0 1 0 2 0 2 0 2 2 1 2 0 0 2 0 0 0 0 0 2 1 1 2 2 0 1 0 2 1 0 0 1 0 0 2 0 0 0 0 0 2 0 0 0 2 1 0 0 1 1 0 1 2 0 1 1 2 2 1 1 2 1 0 2 2 2 1 2 0 1 2 2 2 1 2 2 2 2 0 2 2 1 1 1 2 2 2 1 1 2 0 0 1 1 1 1 1 2 1 2 1 2 2 0 0 0 0 0 0 1 0 2 2 1 1 2 1 1 2 2 1 2 1 0 0 0 1 0 2 2 2 1 2 2 1 0 2 0 1 0 2 2 2 2
1 1 2 2 1 1 0 2 1 2 2 0 2 1 0 2 1 0 0 1 2 2 2 0 2 0 0 1 2 0 1 1 0 1 2 1 2 0 1 1 2 1 1 2 0 1 1 2 1 1 1 2 0 0 2 1 1 0 2 1 1 1 1 1 2 0 0 2 1 0 1 0 1 2 0 2 2 1 2 1 0 0 0 1 0 0 2 2 1 0 0 0 1 1 2 1 2 1 0 0 1 2 1 0 2 2 2 1 0 1 2 0 2 1 0 0 2 2 2 1 2 1 2 1 2 1 0 0 0 1 1 1 1 1 1 1 0 1 0 1 0 0 2 0 1
2 0 2 0 0 0 2 1 0 1 1 1 2 2 2 1 1 1 2 2 0 1 2 2 1 1 0 1 2 0 1 2 2 0 2 0 1 0 2 1 2 0 0 2 1 0 0 2 2 0 2 0 2 2 2 0 2 0 2 1 1 1 1 1 1 1 1 0 2 0 1 1 1 0 1 2 0 2 2 2 0 1 2 2 2 2 0 1 0 0 0 2 1 1 0 1 0 2 1 2 2 1 2 1 1 1 2 1 1 1 2 1 1 2 1 0 0 1 1 1 2 1 0 1 0 1 2 1 0 1 0 0 2 0 1 0 2 0 0 0 0 0 2 1 0
0 2 0 0 1 1 2 0 2 1 0 1 0 1 1 0 0 2 2 0 1 1 0 2 2 1 0 2 1 1 2 1 1 1 2 2 0 2 0 1 0 1 2 2 0 2 2 1 1 2 2 0 0 0 1 0 2 1 2 0 1 0 2 2 2 2 0 2 2 0 0 0 2 1 0 1 0 2 2 1 0 2 2 0 0 0 1 2 2 1 0 0 2 2 0 1 2 1 2 1 2 2 2 0 0 2 1 1 0 0 0 0 1 0 1 1 1 0 1 0 0 1 1 2 1 2 1 1 0 1 0 0 0 2 0 2 0 1 0 1 0 1 2 1 2
0 0 0 2 1 1 2 0 0 1 2 0 0 0 0 1 2 1 0 2 2 0 2 0 1 1 1 0 0 2 0 2 2 1 1 1 0 1 2 0 2 2 0 1 0 1 0 2 0 0 2 2 1 2 1 0 1 2 1 2 0 1 1 2 0 0 2 0 1 1 1 2 0 2 0 1 1 1 1 2 0 0 2 1 1 0 2 2 0 1 1 0 1 1 0 1 1 2 0 1 1 2 0 2 0 1 1 2 2 0 2 2 1 2 2 2 2 1 1 0 1 1 1 2 2 0 1 1 2 2 2 1 0 2 1 0 0 2 2 1 2 0 1 1 2
0 0 2 0 0 0 1 2 2 1 1 2 0 2 0 0 0 2 0 2 0 1 1 1 1 0 1 1 1 0 0 0 2 0 0 2 1 2 1 1 0 0 1 1 0 2 1 0 1 2 1 0 1 0 1 0 1 2 1 2 0 0 2 0 1 0 0 0 2 1 1 0 2 0 2 2 2 1 1 2 2 0 2 0 1 0 0 2 0 0 2 1 1 2 1 2 0 1 2 0 0 1 1 2 2 0 0 2 0 2 1 2 2 0 0 1 0 2 0 1 2 0 0 1 2 2 0 1 0 0 1 2 1 2 1 1 1 2 1 2 1 2 1 1 0
1 2 1 0 0 0 0 1 1 1 1 1 2 2 2 0 1 1 0 2 0 1 1 0 0 0 0 0 2 1 1 0 2 2 2 0 0 0 2 2 0 1 0 2 1 2 1 1 1 1 0 2 0 1 2 1 2 2 2 1 2 0 1 2 2 1 2 0 0 2 0 0 1 0 0 2 0 1 0 2 0 1 2 1 0 2 0 2 0 2 0 2 2 0 1 2 2 1 1 2 0 1 0 1 0 1 2 1 0 0 0 2 0 2 1 0 1 1 1 1 0 1 1 0 2 0 0 2 2 1 2 2 1 0 2 1 2 1 2 0 1 2 2 1 2
0 0 1 1 1 1 2 0 2 0 0 1 1 0 0 0 0 2 1 1 1 2 1 0 1 2 0 1 1 2 1 0 2 0 2 1 2 0 0 2 0 1 0 1 1 0 2 2 1 0 1 2 1 2 1 2 2 1 2 2 1 0 2 1 0 2 0 2 2 0 2 0 1 2 2 0 1 1 1 2 0 2 2 2 2 0 1 2 2 0 2 1 2 1 0 2 0 0 0 1 2 0 1 0 0 0 2 1 0 0 1 1 0 1 0 0 1 2 0 1 1 2 2 0 1 2 0 0 0 1 1 2 1 2 1 0 0 1 1 0 1 0 2 2 2
0 2 0 0 0 2 2 2 2 2 1 2 0 1 0 2 2 0 1 2 1 1 2 2 1 1 1 2 0 0 1 1 0 1 2 1 2 1 0 1 1 2 1 2 1 2 1 1 2 1 0 2 2 1 1 0 2 1 0 0 1 1 2 2 1 1 1 0 0 0 1 1 2 0 1 2 2 0 0 0 1 2 2 2 1 1 0 0 2 1 1 2 2 1 2 0 2 1 1 0 1 1 2 1 2 0 0 2 2 2 0 1 2 2 0 0 1 1 1 2 0 2 1 2 0 1 1 0 0 0 1 2 1 0 1 1 2 2 1 1 2 2 2 1 1
1 2 0 0 0 2 0 0 1 0 1 0 2 1 0 0 0 0 2 1 2 1 0 2 0 1 2 2 1 1 1 2 2 2 0 2 1 0 0 0 1 2 1 1 1 2 1 2 2 2 0 2 0 0 2 2 2 2 1 1 1 0 2 0 2 2 0 1 0 1 2 2 0 0 0 0 0 0 2 0 0 0 0 1 1 0 0 0 0 2 2 1 0 1 2 2 2 0 1 0 1 1 0 0 1 1 0 1 2 0 0 2 0 1 1 1 1 1 2 2 1 1 0 1 1 0 1 1 1 0 1 1 1 1 2 2 2 2 2 2 0 2 2 0 1
0 2 0 0 1 2 2 0 0 1 2 2 2 0 0 0 1 2 1 0 1 2 1 1 2 1 1 2 0 2 0 2 1 0 2 0 0 1 2 0 0 1 2 1 0 1 1 2 0 0 0 0 0 2 1 2 0 0 1 0 0 2 0 2 2 0 0 2 0 2 0 0 2 0 1 2 2 0 2 0 1 0 0 1 2 2 0 2 0 2 1 0 1 2 0 0 0 1 0 0 1 0 0 0 1 0 0 0 0 0 1 2 0 1 0 1 1 1 1 1 0 0 0 1 0 0 2 0 1 0 0 1 0 1 1 2 1 0 0 2 0 2 1 1 2
2 2 0 0 1 0 0 2 0 2 2 0 2 2 0 2 0 1 0 0 0 0 1 0 1 2 1 1 1 0 0 1 0 1 1 2 2 0 2 2 2 1 1 2 2 2 1 0 1 2 0 1 0 0 0 2 2 1 0 0 2 1 2 0 0 1 0 0 1 2 0 1 2 1 1 2 1 0 2 2 0 1 1 1 1 1 0 0 0 1 1 0 0 1 0 0 0 0 1 2 1 2 0 1 1 2 0 0 0 0 2 1 1 1 0 2 0 0 0 1 2 0 2 2 2 0 0 0 1 1 2 2 1 0 1 0 0 1 0 1 0 0 0 1 0
0 2 1 2 2 0 1 0 2 2 2 2 2 2 1 1 2 1 1 0 0 1 0 2 2 2 2 0 0 2 1 0 1 0 0 1 0 2 2 1 2 2 1 1 2 2 0 2 2 1 2 2 0 1 2 2 0 2 1 1 1 2 2 2 2 0 1 1 0 0 2 2 0 0 1 0 1 2 2 0 2 0 0 2 1 2 0 2 2 1 0 1 0 2 1 0 2 0 2 0 0 1 2 1 2 0 2 1 1 2 1 0 0 2 2 1 0 2 0 2 0 0 2 1 0 0 2 1 0 2 1 2 0 1 1 0 2 1 2 0 1 1 0 1 2
1 0 2 0 0 2 2 1 1 1 2 2 1 0 0 0 2 0 1 1 2 2 1 0 1 2 2 1 0 0 0 2 0 0 1 1 2 0 0 1 2 2 1 1 1 2 1 0 0 2 2 2 1 0 0 1 0 2 0 1 0 1 1 1 1 2 0 1 0 0 0 0 0 1 1 2 2 2 2 2 2 1 2 2 0 2 1 0 1 1 2 2 0 1 0 1 0 0 0 2 1 1 2 2 0 1 2 2 1 2 1 1 2 0 1 2 0 2 2 1 1 2 1 1 1 1 2 1 2 2 1 0 1 2 1 2 0 0 1 2 0 1 1 2 2
2 2 0 2 2 2 0 2 1 1 0 2 1 2 2 2 2 0 0 1 1 0 2 2 0 1 0 1 0 2 0 0 2 0 0 2 0 1 2 1 0 2 1 2 2 1 2 1 2 1 2 1 1 1 1 1 0 2 2 1 1 1 1 1 2 2 1 2 1 0 1 2 0 0 1 0 2 1 2 2 2 2 1 1 1 0 0 2 2 0 1 1 2 1 1 2 0 0 2 2 1 1 1 2 2 1 0 1 0 0 1 0 0 0 1 2 1 2 2 0 1 0 2 0 2 0 2 0 1 2 2 0 1 2 0 0 0 1 2 0 2 1 0 0 1
2 2 0 2 2 0 0 1 1 0 0 2 1 1 1 1 2 2 2 1 0 0 2 1 2 2 1 1 0 1 0 2 1 1 2 1 2 2 0 1 1 0 1 0 2 2 1 2 2 1 0 2 1 0 1 0 0 2 2 0 1 1 0 2 0 0 1 0 0 1 2 1 2 0 1 2 0 0 1 2 1 2 2 2 2 0 1 0 0 1 0 2 0 1 0 0 2 1 2 0 0 1 2 0 2 2 0 2 2 2 2 2 2 2 1 2 1 0 2 2 0 0 2 0 1 2 2 2 1 1 2 2 0 2 0 2 1 0 1 2 2 1 1 1 1
0 0 0 2 2 2 2 0 2 0 2 2 2 1 1 1 1 1 1 0 2 0 2 2 0 2 0 2 0 2 1 0 0 1 2 0 2 2 1 1 0 1 1 2 0 0 1 1 1 0 2 0 2 2 0 0 1 1 2 1 0 1 0 1 0 0 0 2 0 2 1 0 0 0 2 1 0 1 2 1 2 2 0 2 2 1 2 0 2 1 0 2 0 0 2 1 0 2 1 0 1 0 1 2 0 1 0 0 0 0 0 0 2 1 2 1 2 1 0 2 1 1 2 1 1 1 0 2 0 2 1 1 0 2 1 1 1 1 2 2 1 2 0 1 1
0 0 0 2 1 2 1 2 2 1 1 0 1 1 2 1 0 1 2 2 0 1 1 1 0 1 1 1 1 2 2 2 0 0 0 2 0 1 2 0 2 1 1 2 0 1 1 0 2 1 2 0 2 1 2 0 0 0 1 0 0 1 0 1 2 0 0 0 2 1 0 2 2 2 1 2 1 1 2 1 2 2 1 2 2 1 0 2 2 2 0 0 0 1 2 0 1 0 1 1 1 2 2 0 0 1 0 1 2 0 2 2 0 2 2 0 1 2 0 2 1 1 2 2 2 2 0 1 0 1 1 1 2 0 0 2 1 1 0 2 2 1 1 0 1
1 0 2 1 1 2 2 2 2 2 2 1 0 1 2 2 0 2 2 0 0 1 2 1 0 1 1 1 0 1 2 1 2 2 2 1 2 2 1 2 0 1 1 1 0 1 0 0 1 1 0 1 2 0 2 2 2 2 1 2 0 0 2 1 1 2 2 1 2 1 0 0 2 2 1 2 1 2 2 2 0 0 0 0 2 1 0 1 0 2 1 1 0 1 2 1 1 2 0 1 1 1 1 1 1 2 1 0 1 1 0 2 0 1 0 2 0 0 1 1 2 2 0 1 1 0 0 2 1 1 1 0 2 2 1 1 1 0 2 2 0 0 2 1 2
2 0 0 0 2 2 0 1 0 2 0 1 0 0 0 2 1 1 1 0 2 1 2 1 1 0 2 2 2 0 1 0 1 2 0 0 2 1 2 2 1 0 1 1 1 2 1 0 0 2 1 0 1 2 2 0 2 1 2 2 2 1 2 0 1 0 0 0 2 2 1 1 0 0 0 2 0 1 0 0 1 1 1 0 0 0 1 0 2 1 0 2 0 2 2 1 1 2 0 0 0 1 2 0 2 2 0 2 0 0 0 1 0 2 2 1 1 1 2 0 0 0 0 0 0 0 1 1 1 1 1 1 0 0 2 1 0 1 0 0 1 1 0 2 1
0 1 2 1 1 0 2 1 0 2 1 2 1 0 0 0 2 2 2 1 1 0 1 0 1 0 0 0 0 2 1 0 1 0 0 2 0 2 1 2 0 1 1 2 1 1 2 1 0 2 2 2 0 2 1 2 2 1 2 2 0 1 0 0 1 1 2 2 1 2 1 1 0 0 1 2 2 0 0 0 1 1 0 2 0 2 1 2 0 1 1 0 0 2 1 2 1 2 2 0 1 1 2 1 0 0 0 2 1 1 0 2 2 1 0 2 0 2 1 0 1 0 1 2 0 0 2 1 2 2 2 1 0 1 2 0 1 0 1 2 2 1 0 2 0
0 2 0 2 2 1 1 0 0 1 0 1 0 2 1 0 1 2 0 2 2 2 1 0 1 1 0 0 1 0 0 1 0 1 0 2 0 0 0 0 1 1 0 2 2 1 2 1 1 0 2 1 0 0 2 1 1 0 1 0 1 2 1 1 0 0 2 0 1 0 2 2 2 2 2 1 0 1 1 2 2 0 1 0 0 0 2 0 1 1 0 2 0 0 0 2 1 0 0 2 0 2 1 1 2 0 2 1 2 0 0 1 1 1 2 2 2 2 2 0 1 0 0 2 0 1 1 1 2 0 0 1 0 2 2 0 2 2 1 2 0 1 2 2 1
1 1 1 0 1 0 2 0 0 2 0 2 0 2 2 1 0 0 2 0 2 2 0 1 0 0 2 2 0 0 1 1 2 1 0 1 1 2 1 2 1 2 2 0 2 2 1 0 0 0 1 0 0 1 2 1 2 0 2 2 0 1 2 2 2 2 1 1 2 0 1 1 1 1 2 0 1 1 0 1 2 2 2 0 1 1 2 1 2 2 2 2 0 1 0 0 1 2 1 0 0 2 2 1 1 1 2 2 0 0 1 0 0 0 0 1 0 0 1 2 2 0 0 0 1 0 1 2 0 2 0 0 0 0 2 1 1 2 2 2 0 0 0 0 2
2 0 2 2 1 2 0 2 2 1 0 0 2 0 1 1 1 2 2 1 0 1 1 0 1 1 1 1 2 1 1 1 2 0 1 1 0 1 0 0 2 1 2 1 1 1 1 1 0 0 2 1 2 1 1 0 0 2 0 0 2 1 1 1 0 0 1 1 2 1 1 2 0 0 2 2 1 1 0 0 2 1 1 2 0 1 0 0 1 0 1 0 0 0 0 0 1 1 1 1 0 0 0 0 2 0 1 1 2 1 1 2 0 1 1 1 0 1 2 1 0 1 2 1 1 0 2 2 2 1 1 2 1 0 1 0 0 2 2 0 1 1 2 0 0
1 1 0 0 1 2 1 2 2 2 2 0 1 2 2 2 1 2 2 1 0 2 2 0 2 2 0 2 2 0 2 0 2 0 2 0 0 0 1 2 0 0 2 2 0 2 2 1 1 1 2 0 1 2 1 2 2 1 1 0 2 0 1 2 1 0 1 1 1 2 1 2 0 1 1 0 1 1 0 1 2 0 1 2 0 0 1 1 0 0 1 0 1 0 0 1 1 1 0 0 1 2 0 2 1 1 0 0 0 0 1 0 2 0 0 2 0 2 0 0 2 2 2 2 0 2 0 2 1 0 2 0 0 2 2 2 1 2 0 2 1 1 1 0 2
1 0 2 1 1 1 1 0 0 1 1 0 2 0 1 0 0 2 1 2 1 1 2 1 1 1 0 0 2 0 2 1 2 0 0 0 2 2 1 0 2 0 0 1 1 2 2 2 1 1 2 0 0 1 1 2 0 0 0 0 0 0 2 0 1 0 0 0 0 0 0 0 1 1 1 2 1 1 1 0 0 1 0 0 2 2 0 0 2 1 1 1 2 1 1 0 2 0 0 0 0 1 0 1 0 2 1 1 0 0 1 1 2 2 0 2 1 0 1 1 2 0 0 1 1 1 1 0 2 2 0 2 1 1 1 1 1 1 2 2 1 1 1 1 0
2 0 0 2 1 2 0 1 2 1 1 1 1 1 1 0 0 1 2 1 1 0 0 2 1 0 1 0 2 2 1 1 0 2 1 0 1 1 2 1 1 0 2 2 0 1 2 0 0 2 2 2 1 0 1 2 1 2 2 0 2 1 1 0 1 0 0 2 2 1 0 0 1 1 2 2 2 2 2 0 2 0 2 0 1 1 0 2 1 0 2 1 0 1 2 1 1 0 2 1 1 2 1 1 0 1 0 1 2 1 2 2 1 0 0 0 1 1 2 1 1 2 2 2 0 1 2 2 2 1 1 1 0 0 2 2 0 0 1 0 1 0 2 0 0
2 1 0 1 0 1 0 0 1 0 1 0 2 0 0 0 2 2 1 1 2 1 1 0 2 1 2 1 1 0 2 1 1 2 2 1 1 2 2 0 0 0 1 2 0 2 0 1 2 0 2 1 1 0 2 2 2 1 1 1 1 0 2 2 1 1 1 0 1 1 1 2 1 2 2 0 2 1 1 2 1 0 1 0 1 1 0 1 0 1 2 2 2 2 2 1 0 2 1 2 0 0 1 2 0 2 0 1 0 1 1 1 2 2 2 1 1 0 2 2 1 2 2 1 1 1 2 1 1 2 1 0 0 1 2 0 0 0 2 0 1 0 2 0 0
1 1 2 2 1 1 1 0 0 2 1 0 0 0 1 2 1 1 0 2 1 0 0 1 1 1 0 1 1 1 2 0 0 2 0 1 0 1 2 2 2 0 2 2 0 1 2 0 0 2 0 2 0 1 2 1 0 2 1 2 2 0 0 2 2 0 2 1 2 1 0 2 2 2 2 0 0 1 1 1 1 2 2 2 1 1 2 1 1 0 0 0 0 0 0 1 1 2 2 1 0 2 0 0 1 2 2 2 1 0 1 0 0 1 2 2 2 2 1 0 2 2 2 0 1 0 1 0 2 1 2 0 0 0 2 2 2 2 1 1 2 0 2 1 1
1 0 1 1 2 0 1 0 2 2 1 2 1 2 2 2 1 0 2 1 2 1 1 1 1 0 2 1 2 1 1 1 1 2 2 2 2 2 2 2 1 1 1 0 0 1 2 1 2 2 0 2 1 1 1 2 2 1 2 1 2 0 2 1 0 0 0 1 2 2 0 0 0 0 0 0 1 1 2 1 1 0 1 2 2 0 0 1 1 2 2 1 0 2 2 0 0 0 2 2 2 0 0 1 0 2 2 2 0 0 1 1 0 0 1 0 0 1 2 2 1 2 0 2 2 2 1 2 0 0 2 0 0 2 2 1 1 2 2 1 2 1 2 1 1
2 2 1 0 1 1 0 1 1 2 0 1 0 0 2 2 2 0 2 0 2 2 1 1 1 0 2 2 0 0 1 2 0 0 1 1 1 1 1 2 1 2 1 0 0 0 2 0 0 2 0 2 2 2 2 0 0 2 0 1 0 2 2 0 2 1 2 0 0 0 0 1 0 2 2 1 2 2 2 1 2 0 1 1 0 0 0 1 0 1 0 0 1 0 1 0 1 1 2 1 2 0 1 2 2 1 1 0 1 1 1 0 2 2 2 2 1 2 1 2 2 1 0 0 2 1 1 1 0 0 0 0 1 2 0 1 0 2 2 1 0 1 2 2 1
2 2 0 2 0 2 1 2 0 2 2 0 1 1 0 2 2 1 1 2 2 1 0 1 0 2 2 2 2 2 1 1 1 2 2 2 2 0 2 0 1 2 1 2 1 1 2 1 0 1 0 0 0 0 1 0 0 1 0 0 0 2 2 1 1 1 1 1 0 0 2 1 0 0 1 2 2 0 0 0 2 1 0 2 0 2 1 0 0 1 1 0 1 1 2 0 0 1 2 0 0 1 2 0 2 0 1 2 2 1 0 2 1 1 2 1 1 1 2 2 2 1 0 1 0 0 0 1 1 2 0 2 2 2 0 1 1 1 1 0 0 0 2 2 1
2 0 2 0 1 2 1 2 0 0 0 1 0 2 0 1 2 0 1 2 0 0 1 2 2 1 0 0 1 0 1 2 1 1 0 2 1 1 2 2 0 2 0 0 0 0 2 2 0 0 2 1 1 0 1 1 2 0 1 2 0 0 1 2 2 1 2 1 1 1 0 1 2 1 2 2 2 2 1 0 0 1 0 2 1 1 1 2 2 0 1 2 0 2 2 1 1 2 2 2 0 1 0 2 2 1 2 1 0 1 0 1 0 0 1 2 2 0 1 2 1 2 2 2 1 2 0 1 1 1 0 2 2 2 2 1 0 0 1 1 2 1 2 2 2
1 2 1 0 1 0 1 0 0 1 0 0 0 2 2 1 2 2 1 1 2 2 2 2 1 0 1 0 1 0 2 0 0 2 0 2 2 2 0 0 1 1 1 1 0 1 0 0 0 1 2 2 1 0 2 1 0 0 1 2 2 2 0 0 1 0 2 0 0 0 2 2 2 1 1 2 2 1 0 2 0 1 2 2 1 1 0 1 0 0 1 0 2 2 0 0 2 0 1 0 0 1 2 0 2 0 0 1 2 1 1 2 2 1 0 0 0 0 0 1 0 1 1 0 1 2 1 0 2 0 2 1 1 2 2 2 0 0 1 0 2 1 1 1 2
1 2 0 1 2 2 0 1 0 1 2 0 0 0 0 0 2 2 2 0 2 2 1 2 1 1 2 2 2 1 2 0 1 2 0 1 2 1 2 0 2 2 1 2 0 2 0 1 2 1 1 2 0 2 2 2 0 2 1 1 0 1 1 1 2 1 0 1 0 2 2 0 2 0 0 2 0 2 1 0 1 2 2 2 2 1 2 0 0 1 1 1 0 0 0 0 0 0 1 0 0 1 1 0 2 2 1 0 2 2 0 0 2 0 2 1 2 2 2 0 1 1 0 2 2 0 2 2 2 1 0 2 0 2 1 0 2 2 0 1 1 1 2 1 1
2 1 1 2 1 0 0 0 0 0 0 1 0 0 0 1 0 1 2 2 2 2 2 1 0 0 0 2 0 2 2 0 1 0 2 2 1 0 0 2 0 0 1 0 0 2 2 1 0 1 1 0 1 1 2 2 2 0 2 0 0 1 0 1 0 0 1 1 0 2 1 0 2 0 1 0 2 0 2 1 0 1 2 2 2 2 2 0 0 2 1 0 0 2 2 1 2 1 1 2 0 0 0 1 0 2 2 0 0 2 1 1 0 1 1 1 1 0 2 1 2 0 2 1 2 2 2 2 0 0 2 2 1 2 1 1 2 0 2 0 0 1 2 0 0
0 2 1 0 1 0 0 1 0 2 0 2 1 0 1 0 2 1 1 2 2 1 1 0 1 2 0 2 1 1 1 1 1 0 2 2 1 2 1 1 1 2 2 1 0 0 2 2 1 0 2 1 1 1 2 0 1 2 0 2 1 2 1 2 2 1 2 1 1 1 0 1 1 0 2 1 0 1 2 2 2 2 1 2 0 0 2 0 0 0 2 1 0 2 1 0 0 1 1 1 2 2 0 0 2 0 0 0 1 0 0 2 2 1 2 0 1 1 0 1 0 1 0 0 0 2 1 1 0 1 0 0 0 1 1 1 1 1 2 1 2 0 1 2 1
0 1 0 1 2 2 2 0 0 1 1 0 2 0 0 0 1 1 2 0 0 1 1 2 0 0 2 0 1 1 2 1 0 0 1 0 0 0 1 2 1 0 2 2 0 0 2 2 2 1 2 2 2 1 2 0 2 2 1 1 1 1 2 2 1 0 0 0 2 1 2 0 2 1 2 1 2 0 0 2 2 1 2 0 0 1 1 2 1 2 0 1 1 0 1 0 1 1 0 0 2 2 2 0 1 2 1 1 2 2 0 0 0 0 0 1 2 1 1 2 0 1 0 2 2 1 0 1 0 0 2 2 1 2 0 0 2 2 1 2 0 0 2 0 0
0 2 0 1 1 2 2 2 0 1 0 1 2 2 1 0 1 2 2 2 0 2 2 0 0 1 0 0 2 1 1 2 1 0 2 2 2 2 0 1 1 0 2 1 0 2 2 1 2 1 1 0 0 0 0 1 0 1 2 2 1 1 2 2 1 1 0 2 1 1 0 0 2 0 1 2 0 0 1 0 1 0 1 2 0 2 0 0 1 0 0 2 2 1 2 0 0 0 0 2 1 0 2 1 1 1 0 1 2 2 2 1 2 1 0 2 0 0 1 1 1 2 1 1 0 2 2 1 0 0 1 0 0 0 1 2 2 2 2 1 1 1 2 1 0
0 1 0 0 2 0 2 2 1 0 0 1 0 1 0 0 0 0 1 0 2 1 0 1 0 2 0 2 2 2 2 2 1 2 0 1 2 0 1 2 1 2 1 1 1 1 2 2 2 0 0 2 2 1 0 0 0 2 2 0 1 2 0 0 0 0 2 0 1 0 0 0 2 2 2 2 1 1 1 1 2 1 0 0 0 1 0 1 1 1 2 1 0 2 1 0 1 0 2 0 2 2 0 2 2 2 1 1 1 2 0 1 1 0 1 2 2 2 0 2 0 0 0 1 1 1 2 0 0 2 0 0 1 1 2 1 1 1 2 2 0 2 0 2 0
0 2 0 2 0 2 0 2 0 1 1 2 1 1 0 0 1 0 2 2 2 1 1 1 1 0 2 1 1 2 2 1 2 2 1 1 0 1 1 0 0 2 0 2 0 0 0 1 1 0 1 2 1 2 0 0 0 0 1 2 0 0 2 0 0 0 2 0 0 0 1 1 2 1 0 2 0 0 1 1 1 0 0 2 0 1 2 1 1 1 1 2 1 1 1 2 2 0 2 2 1 1 1 1 1 2 1 1 0 0 0 2 1 1 1 2 0 2 1 2 0 0 0 0 2 1 0 1 2 2 2 1 2 0 0 0 2 2 2 0 2 2 0 1 1
1 2 1 1 0 2 0 1 0 0 0 2 0 2 1 0 1 0 0 0 1 0 2 0 2 0 0 0 0 2 1 0 1 1 2 2 0 2 1 1 0 2 0 0 1 1 2 1 2 2 1 0 1 1 1 0 0 2 1 1 2 0 2 1 2 2 1 0 2 2 1 0 2 1 1 1 2 0 2 0 1 1 1 2 1 0 0 1 2 2 0 1 0 0 0 2 0 1 2 0 1 0 1 0 1 0 2 1 1 0 1 2 1 0 1 0 1 0 2 0 2 0 2 2 1 0 1 2 1 1 2 2 1 1 0 0 2 2 1 0 2 1 1 2 2
2 2 0 0 2 1 2 0 1 2 1 1 1 1 0 2 0 2 1 2 0 1 1 0 1 2 0 0 0 0 0 0 0 1 1 2 2 1 0 1 1 2 2 0 0 2 0 1 2 2 1 0 2 0 0 0 0 1 1 1 2 1 2 0 2 1 0 2 0 1 0 2 0 2 2 1 2 0 0 2 0 1 2 2 1 0 0 1 2 2 0 1 0 0 2 0 1 0 2 2 1 0 2 1 0 0 0 2 0 0 2 1 2 2 1 1 2 2 1 2 1 1 2 2 1 1 0 1 1 2 1 2 0 1 2 0 1 2 0 2 1 2 2 1 1
0 2 2 1 0 1 2 0 0 0 2 0 0 1 1 1 0 2 1 1 2 2 2 2 0 1 0 0 1 1 2 2 2 1 0 0 1 0 0 1 1 1 1 2 2 1 1 2 0 2 0 0 2 0 2 0 0 0 1 1 2 1 0 1 0 1 2 1 0 0 0 2 1 0 1 1 2 0 0 0 1 1 0 0 2 2 1 2 2 0 1 0 2 2 1 0 2 1 2 0 2 0 2 1 0 2 2 0 2 1 0 0 2 0 2 2 0 1 2 0 2 0 0 2 0 0 0 2 1 2 2 1 2 2 0 1 2 0 1 1 1 2 2 1 0
2 1 0 0 0 2 0 1 2 2 2 0 2 2 2 2 2 1 0 2 2 1 1 0 0 0 1 2 0 0 1 2 1 1 0 2 0 1 1 1 1 0 1 2 2 1 1 0 1 2 2 0 0 1 0 1 2 2 1 0 0 2 2 2 2 0 1 0 1 2 2 1 2 2 0 0 1 2 0 2 2 0 0 0 2 1 2 1 1 2 1 1 2 1 1 1 2 2 0 1 2 2 2 0 1 0 1 0 0 2 0 0 2 1 1 2 0 1 1 2 1 1 1 0 0 0 0 2 0 0 2 0 0 1 0 0 0 1 0 1 0 1 1 1 0
0 1 1 1 2 0 0 1 2 1 2 0 1 2 1 2 1 1 2 1 0 2 1 2 0 2 1 2 1 2 0 2 0 1 1 0 1 2 2 1 0 1 2 1 0 0 0 0 1 1 1 2 0 0 2 1 2 0 1 1 2 1 0 0 2 2 0 1 2 0 0 0 2 2 2 1 2 0 1 2 2 2 1 0 2 0 2 2 0 0 1 0 1 1 0 1 2 2 2 2 0 0 2 0 2 2 1 2 0 2 2 0 2 0 0 2 2 2 1 2 0 2 1 1 1 2 2 0 1 0 2 0 0 2 0 2 1 2 2 2 2 2 1 1 0
1 0 2 2 2 2 2 2 1 2 0 1 2 2 2 2 2 2 2 2 0 0 2 2 2 2 2 0 0 0 0 0 1 0 2 1 0 2 0 2 1 2 0 1 2 0 0 1 1 0 2 2 1 1 0 1 0 2 1 2 1 2 2 0 2 1 2 1 0 2 1 0 2 1 1 1 2 2 0 1 0 0 1 1 1 1 0 2 0 1 1 2 1 0 0 1 2 2 0 1 2 1 1 2 0 0 1 0 2 2 1 1 2 0 2 0 1 0 1 0 2 2 0 1 1 0 0 0 0 1 2 0 2 0 0 0 1 1 1 2 2 2 0 1 1
0 0 0 1 1 1 1 1 2 2 2 2 0 1 0 1 0 1 1 2 1 1 1 0 2 0 0 2 1 2 0 2 0 2 1 2 0 2 1 2 2 2 0 2 1 0 2 2 1 0 1 0 2 1 1 2 2 2 2 1 2 0 1 0 0 2 0 0 2 1 0 2 0 0 2 1 1 1 1 0 2 0 0 1 2 2 0 2 1 0 0 1 1 2 1 2 2 1 2 2 1 0 1 1 1 1 1 2 1 0 2 0 1 0 0 1 1 1 0 2 2 1 2 1 0 1 0 0 1 0 2 2 1 1 1 0 2 0 2 1 0 0 2 0 0
0 1 1 1 2 2 1 0 2 0 1 1 1 2 2 2 1 2 0 2 1 0 2 2 1 1 1 1 1 1 2 1 0 2 0 2 2 1 0 1 2 1 2 1 0 0 0 2 2 1 2 1 2 2 1 0 1 2 2 2 1 1 1 1 0 2 0 2 1 0 1 1 2 2 2 0 2 0 0 1 2 2 1 1 1 2 2 1 2 1 0 0 2 0 1 1 2 1 1 0 2 1 2 2 0 1 2 2 0 0 1 2 2 2 1 1 2 0 2 1 2 1 1 2 1 0 0 0 1 0 1 1 1 1 0 1 1 0 1 1 1 0 0 0 1
1 0 0 1 0 0 1 1 1 0 0 2 2 1 1 2 0 1 0 1 2 2 0 1 1 1 2 1 1 1 2 2 1 1 1 1 1 2 1 0 1 2 2 0 1 2 2 2 0 0 1 0 2 2 1 0 0 1 2 2 2 0 2 1 1 2 0 0 1 1 0 2 1 1 0 0 0 2 2 1 2 0 1 1 0 0 2 1 2 2 1 1 2 1 2 1 0 2 1 0 2 1 0 1 0 1 1 1 1 1 0 1 2 2 0 0 0 0 2 0 0 1 1 2 2 1 0 1 1 2 1 0 0 2 1 2 0 0 0 0 2 1 1 2 1
2 0 2 2 0 2 0 1 0 2 1 2 0 2 0 2 1 1 1 1 0 0 2 2 1 2 1 2 1 1 0 1 1 2 1 1 2 2 0 2 1 2 1 0 2 0 2 1 1 0 2 2 1 2 1 0 0 0 0 1 1 1 2 1 1 1 2 1 0 1 1 2 0 1 2 2 1 0 1 0 1 0 2 0 1 1 1 1 2 1 2 1 0 0 2 0 1 0 2 2 1 0 1 1 2 2 1 1 2 0 1 0 1 2 1 2 1 2 1 0 1 2 2 1 2 2 1 1 2 0 1 0 2 0 2 2 2 1 1 2 1 0 0 1 0
2 1 1 2 0 2 1 0 2 2 2 2 2 1 1 0 0 1 0 0 1 0 1 2 2 0 2 0 1 0 1 1 1 0 0 1 1 1 1 1 1 1 0 1 0 2 2 0 1 0 2 2 0 0 1 0 0 0 1 2 1 0 0 0 1 1 2 0 2 2 1 0 1 2 0 2 1 2 0 2 2 2 2 1 2 2 1 0 2 0 0 2 1 0 2 1 1 1 1 1 0 0 2 2 0 2 2 2 2 2 2 2 2 2 1 2 1 0 2 1 2 2 0 0 0 0 1 2 2 1 0 0 2 1 0 2 0 2 2 0 0 2 0 2 2
2 1 1 2 2 2 1 2 1 0 0 1 2 0 0 0 1 2 2 2 2 2 0 2 1 1 2 1 1 2 1 0 1 2 1 0 2 2 1 1 2 1 2 2 1 1 0 0 0 0 0 0 2 2 0 1 0 2 1 0 2 2 0 1 2 1 2 2 2 0 1 2 2 0 2 2 2 0 0 2 1 1 0 0 1 0 2 1 1 1 1 1 2 0 0 2 2 1 2 2 2 0 2 2 0 2 2 0 2 2 0 1 1 1 1 2 0 2 1 2 1 0 0 0 1 2 2 1 0 1 0 2 1 0 1 0 0 1 1 0 1 1 2 2 0
1 0 1 1 2 0 0 2 1 0 1 0 1 0 0 2 1 0 1 2 2 2 2 1 0 0 0 1 0 0 2 2 0 0 1 2 1 1 0 0 0 2 0 1 2 1 0 0 2 2 0 2 1 0 1 1 1 1 1 2 2 1 2 0 2 1 1 1 2 1 1 2 1 2 1 1 1 2 2 1 2 0 0 2 0 2 0 2 0 2 2 0 1 1 1 1 2 2 2 0 1 2 0 2 2 2 0 0 2 2 1 2 0 2 1 1 1 0 1 0 2 0 1 1 0 0 2 0 0 0 1 1 2 2 1 1 2 1 2 2 2 1 1 2 0
0 1 0 1 0 1 0 1 2 2 1 0 2 0 0 2 1 0 2 0 1 1 0 1 0 2 0 2 2 0 1 2 2 2 1 0 0 1 1 0 1 1 0 2 1 2 2 0 0 2 1 1 1 2 2 0 2 0 2 1 2 1 1 2 0 2 2 0 1 1 1 1 0 2 0 1 2 2 2 2 2 1 2 1 0 1 1 0 0 1 2 0 0 0 2 0 0 2 1 0 1 0 1 2 0 2 0 0 1 0 2 2 2 1 0 1 1 2 1 2 0 1 0 0 2 2 2 1 2 1 1 0 1 0 2 2 2 1 2 1 2 0 0 2 2
