3 146 19
903361778 570064157 404714973 298510093 459385005 1124318824 531640461 1049106138 659706708 354767628 214276497 67516531 457146144 586303304 8120142 904524861 302903005 357891622 566465986 845582305 674076231 1008121288 390277433 48749569 1055496055 538902339 956498444 700477329 909976866 873836116 503050191 809463586 264769059 1121057914 325655604 456801667 378959585 1036884967 608066009 930674394 165642181 44626475 732316526 639741623 149984030 266437021 972004154 473494759 584203133 1045548105 110041495 1126324441 862183185 687973895 1098165523 1125658877 728028398 544258533 478799715 841522442 285208040 1026842002 484145679 402706242 478254551 299318058 689564695 1113302737 692101736 248608804 837297575 300281 342622525 755354432 41405717 790732175 962946592 607082231 322618452 1086775679 14558989 812098524 819221042 139775916 853067433 463469187 899394136 797178737 872255838 14445234 334316929 222453370 259606432 916722881 313579140 151430741 825016983 392141622 249248264 503507253 93698604 177419029 801635026 508304702 369260687 594334954 462653451 384521610 99238890 81192133 1071571456 74119037 492931527 305441313 324609202 292055909 125854422 589994646 573062035 281208070 302759580 807009309 794814750 250272324 918588235 614992133 13438726 172878604 817803904 584451342 803924289 906174369 1010238270 1087062933 558834776 832267011 44874641 1101557111 706551196 595357053 342829237 812570739 932642004 104337259 41451060 660501981
0 0 0 2 2 1 1 2 0 2 1 0 1 0 0 1 1 2 2 0 0 1 0 1 1 2 0 1 1 0 2 1 1 0 0 2 1 2 1 1 1 0 0 1 1 0 2 0 1 2 0 1 1 0 1 2 0 2 1 1 2 1 1 2 2 2 1 0 2 0 2 0 1 0 1 0 0 2 0 2 1 1 1 2 2 0 2 0 2 1 2 1 2 0 1 1 1 2 0 0 0 0 1 2 0 1 0 1 0 0 1 2 2 2 2 0 2 2 1 1 0 0 0 2 2 2 2 1 2 2 2 1 2 0 0 2 2 0 0 2 1 2 1 2 2 0
2 1 0 1 0 0 2 2 0 2 2 0 0 2 2 2 0 2 1 1 1 0 1 2 0 1 0 2 0 2 1 0 2 1 1 2 0 0 2 0 0 1 0 1 2 0 1 2 2 0 1 1 0 0 0 1 1 1 2 2 1 0 2 0 2 1 2 2 0 0 0 1 2 1 2 1 1 1 1 1 1 0 2 0 0 1 1 0 2 1 0 0 2 0 0 2 2 1 2 2 2 1 1 1 2 1 0 2 2 2 0 2 0 1 2 0 0 1 1 2 0 2 1 0 0 2 2 2 1 0 0 0 1 1 2 1 0 0 0 1 0 2 0 0 1 0
1 1 2 0 0 0 2 2 1 0 2 1 2 0 1 0 1 0 2 1 2 2 2 2 1 2 2 1 0 0 2 1 1 2 2 0 2 1 0 1 2 2 0 2 1 1 0 0 0 2 1 2 0 1 2 1 1 2 1 1 0 0 0 0 0 0 1 1 2 1 2 2 2 2 2 0 2 2 0 2 2 2 2 0 0 1 2 1 1 1 0 2 0 0 0 0 0 1 2 0 0 2 0 2 2 2 2 2 1 0 2 1 2 1 2 0 0 2 1 1 1 2 1 1 0 1 2 1 0 1 2 2 1 2 1 2 1 2 1 0 2 1 2 2 2 2
0 2 1 2 2 2 2 1 2 2 1 1 1 1 0 0 0 0 1 0 2 2 2 0 0 1 1 0 1 2 2 2 2 1 2 1 1 1 0 0 2 1 2 1 0 0 2 2 1 0 2 0 1 2 1 1 1 1 2 0 0 1 0 2 2 0 2 2 2 0 2 2 1 2 0 2 0 1 1 1 1 1 2 0 1 0 2 0 2 2 1 2 1 2 0 1 2 2 0 2 2 0 2 1 0 0 0 0 1 0 1 1 2 1 1 1 1 1 1 1 1 2 1 0 1 1 1 1 1 0 1 1 1 0 2 1 1 1 1 0 1 0 1 1 1 0
2 0 2 1 2 0 1 2 0 0 1 0 2 0 1 1 1 2 1 2 0 0 0 2 1 2 0 2 0 1 0 1 2 0 0 0 1 2 2 0 0 0 0 0 0 2 1 0 1 0 2 2 1 2 2 0 1 2 2 2 1 1 1 0 2 2 0 0 2 2 0 2 1 1 2 1 1 1 2 2 2 1 2 1 1 1 1 0 0 1 0 1 0 1 2 2 1 0 0 0 0 1 0 1 1 2 0 2 2 1 0 1 2 2 0 2 1 1 2 1 0 2 0 1 2 0 1 0 0 2 1 1 1 2 0 0 2 2 0 1 0 0 0 0 1 0
2 2 2 2 1 1 2 2 2 2 2 0 1 1 0 0 0 2 2 1 0 1 1 0 0 1 2 0 2 1 2 0 0 1 0 2 2 0 2 2 0 2 1 2 0 2 2 1 2 1 0 2 2 1 0 0 0 0 1 0 1 1 0 2 0 0 2 1 1 1 0 2 0 2 1 2 1 0 0 0 2 1 0 1 2 2 2 0 2 1 0 1 2 1 1 2 2 0 0 0 1 2 0 0 1 1 2 1 2 2 2 1 0 1 1 0 0 0 1 0 2 1 2 1 0 1 1 1 1 0 2 0 2 0 1 1 2 0 0 2 0 0 0 1 1 1
1 2 2 2 2 1 1 2 0 0 0 0 1 2 0 0 0 0 0 1 2 0 1 0 0 1 1 1 0 0 1 1 2 0 1 2 0 1 2 1 1 2 1 0 2 2 0 2 0 2 2 0 2 0 1 0 0 2 1 0 2 2 0 2 1 2 1 1 0 1 0 2 1 0 2 1 2 0 2 1 0 1 2 2 2 0 0 0 0 1 1 2 1 1 2 2 1 1 1 2 2 1 2 2 2 2 1 0 0 0 1 0 2 0 0 2 1 0 2 1 1 1 1 0 0 0 0 2 1 1 2 2 1 1 1 1 1 0 1 2 1 2 2 1 0 0
1 1 0 2 2 0 0 1 1 2 1 2 1 0 1 1 0 0 0 2 2 2 2 0 1 0 1 2 0 1 2 1 1 1 0 1 2 2 0 0 1 1 2 0 2 1 2 2 1 2 1 1 2 1 2 2 2 0 1 2 1 1 2 0 2 2 2 2 1 2 0 0 1 2 0 1 1 2 0 1 0 0 2 2 2 2 1 1 2 0 2 2 2 1 2 2 0 2 2 0 1 0 1 0 0 0 2 0 0 0 1 0 0 1 1 0 2 2 2 1 1 2 1 1 0 2 0 1 1 0 2 1 1 1 2 2 1 2 2 1 2 1 0 1 0 1
1 2 0 1 2 2 0 0 0 1 0 2 0 2 0 2 1 2 1 1 1 0 0 1 2 2 0 2 1 0 0 0 0 1 2 0 1 1 0 1 2 2 0 2 2 2 0 0 1 2 1 0 0 2 1 0 1 1 0 1 2 1 2 0 2 1 0 1 2 2 1 2 1 2 2 0 1 0 1 2 0 0 2 1 2 1 1 1 0 1 2 0 2 1 0 2 0 1 2 0 0 0 0 2 2 0 2 2 1 0 1 1 0 2 0 0 1 1 1 2 0 1 0 0 2 0 0 0 2 0 2 0 0 2 2 0 0 2 2 2 2 2 1 0 2 2
0 0 1 2 0 2 1 0 0 0 1 1 2 1 1 2 2 1 1 1 2 0 1 2 0 1 1 1 0 0 1 1 2 0 0 2 0 2 0 0 1 2 2 0 0 1 2 2 0 1 2 0 2 1 0 2 2 2 1 0 0 0 2 2 0 2 0 1 0 0 0 1 0 0 2 0 1 2 1 1 0 1 2 1 2 0 0 2 0 1 0 1 0 2 2 1 2 2 0 2 0 0 0 0 0 2 1 1 1 2 1 0 0 1 1 0 2 2 0 2 1 0 1 2 2 0 0 1 0 0 2 0 1 2 0 2 0 1 2 2 2 0 0 0 2 2
1 2 2 2 1 1 2 0 0 2 1 0 1 1 2 0 1 0 1 1 0 1 1 2 1 0 0 2 1 2 1 0 1 1 2 1 2 1 2 0 1 1 1 0 0 1 1 2 1 2 1 2 1 2 2 0 0 2 2 0 0 1 0 2 1 0 0 1 2 1 2 1 2 1 2 0 2 0 2 1 0 2 1 1 2 1 1 0 1 1 0 1 1 0 0 2 1 2 1 1 1 0 2 1 2 2 1 1 2 1 1 0 1 0 2 0 1 1 0 2 1 1 1 2 0 0 2 1 0 0 2 1 2 2 2 1 1 0 1 2 2 2 2 0 2 1
1 0 1 2 1 2 2 2 2 2 0 2 1 0 0 2 1 2 1 1 2 1 0 0 0 2 2 2 1 1 2 0 2 0 2 0 0 2 0 0 2 0 0 1 2 0 0 1 1 2 0 0 0 0 1 1 0 0 2 2 2 1 2 2 2 0 0 0 2 1 0 2 2 0 1 1 1 1 0 0 1 1 0 0 1 2 1 2 0 0 2 0 2 2 0 1 2 0 1 0 2 2 0 1 0 1 1 2 0 2 2 1 0 1 1 1 0 1 1 1 2 0 1 2 0 2 1 0 0 0 0 2 0 1 2 1 2 1 0 2 0 0 2 0 1 1
2 0 2 0 2 0 2 1 2 0 1 0 0 1 1 2 2 0 0 2 1 1 0 2 0 0 2 0 0 2 2 2 2 2 0 2 2 2 0 2 2 2 1 1 2 2 1 1 0 1 1 1 2 1 0 1 1 0 2 2 0 1 2 0 2 2 2 1 0 2 1 0 2 0 1 2 0 0 0 1 2 1 2 2 0 0 1 2 1 1 2 2 0 1 2 2 1 1 2 2 1 0 0 1 1 2 0 1 0 1 2 0 0 2 0 0 0 2 0 2 1 2 1 1 0 1 2 0 0 1 2 1 2 0 1 0 0 2 1 1 1 1 1 1 1 1
0 2 1 0 2 2 0 1 2 1 2 1 2 2 2 0 1 1 0 0 2 1 0 0 2 2 2 1 1 1 1 1 1 2 0 0 0 1 1 2 0 1 1 0 1 1 0 1 0 1 1 2 0 2 0 0 1 1 0 0 2 1 2 1 0 0 2 1 1 2 0 2 0 2 0 0 0 1 1 0 0 0 0 0 0 1 2 2 2 2 2 2 0 0 1 1 0 2 0 0 1 1 0 2 1 0 2 2 2 1 0 2 2 1 1 2 2 0 2 2 0 0 0 1 0 1 2 1 0 0 1 2 2 1 2 1 1 1 0 0 0 1 1 0 0 2
0 0 0 2 1 0 2 1 1 2 0 1 1 1 2 2 1 2 2 0 0 0 0 1 2 1 0 1 1 1 0 1 2 0 0 0 0 0 1 2 0 2 0 2 1 0 2 2 2 2 1 0 2 1 2 2 2 2 0 0 1 1 2 0 1 2 1 2 0 0 2 1 0 0 0 2 1 0 2 1 2 1 1 0 2 1 0 2 1 2 2 2 0 2 1 2 1 2 2 0 0 2 1 1 0 2 0 1 1 0 0 1 1 0 2 1 1 1 0 0 0 0 0 0 2 1 0 2 1 0 2 2 0 1 1 0 1 2 2 0 1 0 2 2 0 2
2 2 0 2 0 1 1 1 2 0 2 0 2 1 1 1 1 1 2 2 2 1 2 2 1 0 2 1 1 0 2 0 0 0 0 1 2 1 2 2 2 2 2 2 1 1 1 2 0 1 2 0 0 2 2 0 0 2 1 1 0 1 1 0 2 0 1 2 1 1 1 1 1 1 1 2 0 0 0 1 2 2 1 0 2 1 0 0 1 2 1 1 1 1 1 1 1 1 0 2 2 1 2 1 0 0 2 1 1 2 2 0 1 1 0 2 2 1 2 0 1 1 2 0 2 1 2 1 2 2 2 0 1 1 1 1 2 1 2 0 0 2 0 0 0 2
2 0 0 2 1 2 0 0 0 0 2 2 2 2 2 1 2 1 2 2 0 1 1 0 2 2 0 1 2 1 0 2 2 1 1 1 2 1 0 0 2 0 1 2 2 1 0 0 0 1 0 0 0 1 0 0 0 1 1 0 0 2 2 0 1 0 1 1 0 1 2 2 1 1 1 2 2 0 2 2 1 0 0 1 1 1 2 0 0 0 1 0 0 1 0 0 2 0 1 2 1 1 0 1 2 2 0 2 2 2 2 1 0 0 0 2 2 2 2 2 1 2 1 2 1 1 2 0 1 2 1 1 0 2 2 0 1 2 0 2 2 0 0 2 0 1
1 2 1 2 0 0 1 1 0 0 2 0 1 2 2 2 0 2 2 2 0 1 2 1 0 1 2 1 1 0 0 0 0 2 0 0 2 2 1 2 2 1 0 1 1 2 1 1 0 1 1 1 0 1 1 0 0 1 1 1 1 2 0 2 1 0 0 0 0 2 1 2 1 1 1 2 2 0 2 0 1 1 1 1 0 0 2 0 1 1 0 0 1 0 2 2 1 0 1 1 2 0 2 1 2 1 2 2 1 1 2 0 0 2 2 1 2 2 2 1 2 0 1 0 0 1 0 2 1 2 1 2 2 1 0 0 2 2 2 2 1 0 0 2 2 1
1 2 0 0 0 2 1 2 0 2 1 2 2 0 1 1 0 2 2 1 0 2 1 2 2 0 0 0 0 2 1 1 0 2 0 1 2 1 1 0 2 0 2 1 1 1 2 2 1 2 1 1 1 2 1 2 0 2 2 0 2 1 0 2 0 1 1 0 0 0 1 2 1 1 0 2 0 2 2 1 1 0 2 1 0 2 0 0 1 0 2 0 1 0 1 2 1 2 1 2 2 0 2 1 1 0 0 2 1 0 1 0 0 2 2 1 1 2 0 2 0 2 0 2 2 1 2 1 1 1 1 1 1 0 2 0 2 0 0 0 1 2 1 2 2 1
2 0 0 2 0 2 1 1 1 1 0 1 0 1 2 1 0 1 0 0 2 2 1 0 0 2 2 1 0 2 2 2 2 1 1 0 0 0 2 1 2 2 0 2 1 0 1 2 2 1 0 2 1 1 2 1 2 0 1 0 2 0 2 0 2 1 0 2 2 2 2 1 2 0 1 2 0 0 1 2 2 2 2 1 2 2 0 1 0 2 1 2 0 1 2 0 0 1 0 2 0 2 1 1 2 0 0 0 0 2 0 0 2 1 2 1 0 0 0 1 2 1 0 2 0 1 0 0 2 1 0 0 0 2 2 1 2 2 2 0 0 0 1 2 1 1
1 2 1 1 0 1 0 1 1 0 0 2 1 0 0 1 0 1 0 0 0 0 0 2 0 0 0 2 0 1 0 1 1 1 0 1 2 0 0 2 1 0 1 2 0 2 1 2 1 2 0 2 2 1 1 1 2 2 0 0 1 1 2 0 0 0 2 1 1 1 0 0 2 2 1 1 1 2 0 2 0 1 2 0 2 1 1 1 0 0 2 2 2 2 0 0 0 0 1 2 2 2 0 1 1 1 2 0 1 0 1 2 1 0 0 1 2 2 0 0 2 0 0 2 2 2 0 0 2 2 2 2 0 0 0 2 2 0 0 2 0 2 1 2 2 2
1 2 2 1 0 2 2 1 2 2 0 0 0 0 0 0 2 0 1 0 1 1 1 2 1 1 1 2 1 0 2 2 0 2 1 1 1 0 0 1 2 0 2 0 1 0 1 1 1 0 1 2 2 2 1 0 2 2 0 0 1 0 1 2 2 0 1 1 0 1 0 0 2 0 1 1 1 0 0 0 1 2 0 0 2 0 1 2 0 2 0 2 2 1 2 2 1 1 0 2 0 1 1 2 2 0 1 1 2 2 1 1 1 0 2 1 0 1 1 0 0 2 0 0 1 0 2 1 1 1 1 1 2 2 0 2 1 2 1 0 2 0 2 1 1 1
0 1 0 2 0 1 2 1 2 0 1 2 1 2 1 0 0 2 0 1 1 2 2 0 2 1 2 2 0 0 1 2 0 2 1 0 0 0 1 0 1 2 1 0 2 2 1 2 1 1 1 1 1 0 2 1 2 1 2 0 0 0 2 0 2 0 1 0 1 0 1 0 0 2 1 2 1 2 2 1 1 0 0 0 1 2 0 1 2 2 1 2 2 2 0 2 2 2 2 2 2 0 0 0 0 1 2 0 0 2 2 1 2 2 0 1 1 0 0 0 2 0 0 2 2 0 1 2 0 1 1 0 0 1 0 1 0 2 1 0 1 0 0 2 2 1
1 2 1 2 2 1 2 1 0 1 2 2 1 0 0 0 0 1 2 1 0 0 1 2 1 1 0 2 0 0 0 1 2 1 1 0 2 0 2 0 2 1 2 1 1 1 2 0 2 2 1 0 0 0 0 2 1 1 2 2 1 0 2 2 2 0 0 0 2 2 0 1 1 1 0 0 0 0 1 0 1 2 1 1 0 1 1 2 0 1 2 2 2 1 1 2 2 2 2 1 2 1 0 1 2 2 2 2 0 0 2 1 0 1 0 0 0 2 0 0 0 0 0 0 2 2 0 1 0 2 0 2 1 2 1 1 1 1 1 1 1 1 1 2 0 2
1 1 1 1 1 2 2 2 0 2 2 0 1 2 1 2 2 2 1 1 1 0 2 0 2 2 2 0 1 0 2 2 1 1 2 0 1 2 0 1 2 0 0 1 2 1 1 1 1 2 0 0 0 0 1 2 0 0 0 1 0 0 2 2 1 2 1 0 1 1 2 2 2 2 0 1 1 2 0 2 2 2 1 2 0 2 1 0 2 2 1 1 1 1 1 2 0 2 0 0 1 0 0 0 0 1 2 2 0 1 1 2 0 2 2 0 2 1 0 0 1 2 2 2 2 0 2 0 0 0 0 2 1 0 0 1 1 0 1 2 1 0 1 1 0 0
2 1 2 0 1 1 1 0 1 0 1 0 0 2 2 2 2 0 0 0 0 2 0 1 2 2 2 1 1 1 2 2 2 2 2 1 1 0 2 2 0 1 1 2 1 0 1 0 1 1 0 2 1 0 2 1 0 2 0 0 0 0 2 0 0 2 2 1 0 1 2 1 0 0 0 1 1 1 2 0 1 2 0 2 0 0 1 2 2 1 2 0 2 2 1 0 1 1 1 2 2 0 1 0 1 2 2 2 2 2 1 0 2 2 0 0 2 2 0 1 0 2 2 0 2 1 0 0 2 0 0 2 1 2 1 0 2 0 0 1 1 1 2 0 0 0
1 2 2 1 2 0 1 1 1 0 2 1 2 1 1 0 2 0 0 0 1 2 0 1 1 2 1 0 0 2 0 1 0 0 0 2 1 2 0 2 1 1 1 0 0 0 0 2 1 0 2 2 0 1 1 1 0 2 0 0 0 1 0 0 2 1 2 0 0 0 0 1 1 1 2 0 2 0 2 0 1 0 0 2 1 2 1 2 2 1 1 2 1 1 0 0 2 2 1 0 1 2 0 2 0 0 0 1 1 0 2 2 0 0 2 2 0 1 1 0 2 2 1 1 1 1 1 1 1 0 0 2 2 0 2 1 0 0 2 2 1 1 0 2 2 2
1 2 0 2 1 1 0 2 2 1 0 2 1 2 2 1 2 0 1 0 1 2 1 1 0 2 0 0 1 0 2 0 0 0 0 2 2 0 1 1 0 0 0 1 2 1 0 0 1 2 0 0 2 2 2 2 2 2 2 1 0 0 1 2 0 1 1 0 0 0 1 1 1 0 0 0 2 0 1 1 2 2 2 1 1 1 1 0 1 1 1 2 1 0 1 2 2 0 2 0 0 2 1 1 0 2 0 0 2 2 1 2 2 0 0 0 2 2 2 0 2 1 0 0 2 2 1 2 0 1 2 1 0 1 1 1 1 2 1 0 1 0 0 0 1 1
2 0 1 1 2 1 2 2 2 2 0 0 1 0 2 1 1 0 0 0 2 1 2 1 2 1 2 2 1 0 1 1 2 0 2 1 1 0 1 0 0 1 2 2 2 1 1 2 2 2 2 2 1 2 1 1 0 0 1 2 1 0 1 0 0 1 2 2 2 1 0 0 0 0 0 1 2 1 0 1 1 0 1 0 2 2 2 0 0 0 1 1 1 2 0 2 1 2 2 2 1 0 2 0 0 2 2 2 1 0 1 0 0 2 0 1 2 0 1 0 0 0 0 2 2 0 2 2 0 2 1 0 2 0 0 0 0 2 2 1 0 1 1 0 1 2
1 1 2 1 0 1 1 0 1 2 1 0 2 2 0 0 2 2 1 0 0 2 0 2 0 0 2 0 1 1 0 0 2 0 2 0 2 2 0 0 2 2 2 1 2 2 1 2 0 0 0 0 2 0 1 0 2 0 1 1 1 2 1 1 0 2 2 0 1 0 0 0 1 2 2 1 0 1 0 0 1 1 1 1 0 2 2 2 0 1 0 1 1 2 1 2 2 0 2 0 1 2 1 2 0 0 0 0 2 2 1 0 0 2 1 0 0 1 2 0 0 0 2 2 1 0 1 0 1 0 2 2 0 0 0 1 2 1 2 1 0 1 0 1 1 2
1 2 1 2 2 1 2 2 1 0 0 2 1 1 0 0 2 2 1 0 0 1 1 1 1 2 2 2 0 1 1 2 0 1 1 0 0 1 2 2 2 0 1 0 2 2 1 2 1 1 0 2 0 2 0 1 1 0 1 2 1 0 1 0 2 1 0 2 2 0 1 2 0 1 1 1 1 2 1 2 1 2 2 2 1 0 1 0 1 0 0 0 1 2 0 0 0 1 0 2 2 0 0 0 1 1 1 2 0 1 2 0 0 1 2 2 2 1 0 1 1 0 0 0 2 0 1 0 0 2 0 2 2 0 2 1 1 2 0 0 0 0 0 1 2 0
0 0 1 0 1 1 1 1 1 1 0 1 1 0 0 0 0 0 1 2 1 1 1 2 2 2 2 0 0 2 0 1 2 2 1 1 0 0 0 0 2 1 1 1 2 2 1 2 0 1 0 2 0 2 1 2 2 1 2 0 0 0 2 0 0 1 2 2 2 0 2 1 0 1 2 2 1 2 0 1 1 0 0 1 2 2 1 2 1 1 0 2 1 2 2 1 0 2 0 0 1 0 1 1 2 2 1 0 2 1 2 0 2 0 2 2 2 0 1 0 1 1 0 0 1 0 2 0 1 1 0 0 2 0 1 2 2 0 0 2 2 0 0 1 0 2
1 0 0 1 1 1 2 2 2 2 1 2 2 0 0 0 0 0 0 1 0 0 1 0 2 1 0 2 1 2 2 2 0 2 0 1 1 1 2 0 0 1 0 0 1 1 0 1 2 1 0 2 2 2 1 2 1 1 2 0 0 2 2 0 1 1 0 0 2 0 1 0 1 2 1 2 1 1 1 1 0 1 1 0 0 2 0 2 1 2 2 0 1 0 1 1 1 1 1 1 2 0 1 0 0 2 0 1 1 1 2 2 2 1 0 1 1 0 1 0 0 2 1 0 2 2 1 0 2 0 1 1 0 0 2 0 0 0 2 1 2 0 0 2 1 1
0 1 2 0 2 0 2 0 1 1 2 2 2 2 0 1 1 1 1 1 2 1 1 2 2 1 2 1 1 2 0 1 1 0 2 0 1 1 0 2 2 0 2 2 1 0 0 2 1 2 1 1 0 0 1 1 2 1 0 0 0 1 2 2 1 2 2 0 0 0 2 1 2 2 0 0 2 2 2 2 1 1 0 0 1 1 2 0 0 0 0 1 1 1 1 1 0 1 1 1 2 2 2 1 2 1 1 2 0 1 1 2 2 1 2 0 1 2 2 2 2 2 1 1 0 2 0 1 1 1 0 0 1 0 2 1 1 0 1 2 1 0 2 1 2 2
1 0 2 1 0 1 2 2 0 0 1 0 2 0 0 2 1 1 0 0 0 2 1 1 2 2 2 1 1 2 1 0 0 0 2 1 2 1 0 0 2 2 1 1 0 1 1 2 1 1 1 2 1 2 2 1 0 1 0 1 0 1 2 1 2 2 0 2 0 0 0 2 2 1 1 0 1 0 0 2 0 1 2 1 1 1 0 1 0 1 0 1 0 0 2 1 2 0 0 1 0 0 0 1 2 0 1 0 0 2 2 1 0 2 1 2 1 1 1 1 0 2 0 2 0 0 0 2 1 1 0 2 2 2 0 1 0 2 2 1 1 2 0 0 2 1
0 1 0 1 0 2 1 0 1 2 2 2 1 1 0 0 0 0 0 2 1 0 2 1 1 0 1 2 1 0 0 2 2 1 2 0 0 0 1 2 0 1 1 1 2 2 2 1 2 2 1 1 0 0 0 2 1 1 2 0 2 0 0 2 2 2 0 0 0 1 2 0 0 1 2 0 1 2 2 0 0 0 1 0 0 2 0 2 1 0 0 1 0 0 1 0 0 1 0 0 0 0 1 1 2 1 2 0 1 1 0 1 0 2 2 0 2 2 0 1 0 1 2 0 2 1 1 0 2 1 1 1 2 0 2 1 2 2 1 1 2 2 2 2 2 2
0 2 0 1 0 0 2 1 1 2 2 0 2 0 2 2 1 2 2 1 1 2 1 2 0 0 0 0 0 0 0 0 2 0 2 0 0 2 2 2 2 0 0 0 0 0 2 2 2 1 1 1 1 2 2 1 0 2 0 0 2 1 2 2 1 1 0 2 0 1 0 1 1 1 1 2 1 1 1 1 2 0 1 2 0 0 1 1 0 1 0 2 2 2 2 1 0 2 1 2 0 2 0 2 0 1 1 1 2 0 0 2 1 1 1 2 2 0 0 2 2 0 1 2 0 1 0 1 2 2 0 0 1 1 0 1 2 1 0 2 0 1 2 1 0 2
0 0 0 1 2 2 0 2 2 0 1 0 2 0 0 0 1 0 1 1 1 1 0 0 0 0 2 1 2 2 0 0 0 0 0 0 2 1 0 2 2 1 0 2 0 1 2 1 1 1 0 1 2 1 1 1 0 0 2 0 0 0 1 1 0 2 2 0 0 2 0 2 1 1 2 1 0 0 0 2 1 1 0 1 0 1 0 0 2 0 0 0 0 2 1 1 1 0 0 1 0 0 2 2 0 1 1 0 1 2 2 0 1 1 0 1 2 1 2 0 2 0 0 0 1 1 2 2 2 2 2 2 0 1 1 0 0 0 1 2 0 2 0 1 0 0
0 0 2 0 0 2 0 0 2 1 2 2 2 1 1 1 0 0 0 0 1 0 0 0 0 1 2 1 2 0 2 0 0 2 0 2 1 2 2 2 1 2 1 0 0 1 2 2 1 0 2 2 2 0 0 2 2 0 1 2 0 2 0 2 1 1 1 1 1 0 0 1 0 1 2 2 2 2 1 1 0 1 1 2 1 2 2 1 0 1 1 1 0 2 0 2 0 1 0 0 0 0 1 1 2 0 0 2 0 2 0 1 1 2 0 0 2 0 1 0 2 0 1 2 2 0 2 1 2 0 1 2 1 2 1 1 0 2 0 1 2 0 0 0 1 0
1 0 1 1 1 0 1 2 0 1 0 0 2 0 0 1 2 2 1 1 0 1 2 1 0 2 2 0 2 0 2 2 1 0 0 2 1 2 0 1 1 0 2 0 1 0 1 1 0 0 0 1 2 0 2 0 2 2 1 2 0 0 2 1 1 0 2 2 2 0 1 1 1 1 2 0 1 2 2 2 2 2 1 2 0 0 0 0 2 2 0 0 0 2 0 1 2 2 1 0 0 2 2 1 0 1 1 2 1 0 1 2 1 2 1 2 0 2 2 1 2 0 2 2 0 2 1 0 2 2 1 2 0 0 1 0 2 0 0 2 1 2 1 0 0 0
2 1 1 2 0 0 2 0 1 0 2 2 1 2 0 0 1 0 1 0 1 0 1 1 0 0 2 2 0 0 0 2 1 2 1 2 2 2 2 1 0 2 2 2 2 2 2 2 0 0 2 1 1 1 1 2 1 0 1 1 0 2 1 2 1 1 2 2 0 2 0 1 2 2 0 1 2 0 1 0 0 1 2 2 0 0 2 2 1 2 1 2 1 0 1 1 1 2 1 2 1 2 0 0 2 1 0 2 1 1 0 2 0 0 2 1 0 2 1 2 2 2 2 0 2 1 2 1 0 0 1 2 0 2 0 0 0 1 0 2 1 0 2 1 1 2
0 2 2 1 1 1 2 0 2 2 2 2 1 2 0 2 2 1 2 0 2 0 2 0 0 0 1 0 0 0 2 0 2 2 0 2 0 2 2 0 1 2 0 0 0 1 1 2 0 1 0 2 1 1 0 2 1 2 0 2 0 0 1 2 0 1 1 0 1 2 1 0 2 1 2 2 0 0 0 1 1 1 1 0 2 2 1 1 2 1 1 0 1 2 0 2 1 0 0 2 2 1 1 1 1 0 2 2 1 2 1 0 0 2 0 0 2 2 2 2 0 0 2 0 0 0 2 1 0 0 2 0 2 1 2 1 1 1 1 0 0 2 0 2 2 1
0 0 1 2 0 2 0 0 2 1 1 0 1 2 0 0 0 0 2 2 1 1 2 0 1 0 2 2 2 0 1 2 0 0 2 0 0 1 1 0 2 0 0 0 0 2 1 0 2 0 1 2 1 1 2 2 1 0 2 2 0 1 2 1 1 0 1 2 1 1 0 0 2 1 2 0 0 0 1 0 1 2 2 0 1 2 1 0 2 0 0 0 1 2 1 1 2 1 0 1 2 1 2 1 0 1 2 0 2 1 1 1 1 1 2 0 1 0 1 1 0 1 2 0 1 1 1 2 2 2 0 2 1 0 2 2 2 1 0 2 0 2 0 2 1 0
0 0 0 1 2 2 0 2 2 1 0 1 1 0 0 2 0 2 0 2 1 0 1 2 0 2 2 1 1 0 2 1 1 0 0 1 2 0 0 1 0 0 2 1 1 1 1 2 0 2 2 2 0 1 2 1 1 1 2 2 1 1 2 0 2 2 1 2 1 2 1 1 0 1 0 2 2 2 1 0 2 2 0 0 0 2 1 1 0 0 1 2 0 1 1 0 0 2 2 2 2 1 0 0 0 2 2 2 1 2 0 1 1 0 1 2 2 0 1 0 0 0 0 1 1 2 2 2 1 2 2 1 0 0 2 1 2 0 1 1 0 1 2 2 0 1
1 2 1 2 1 0 2 2 2 1 1 2 2 0 1 1 0 2 1 2 2 2 2 0 0 0 2 1 2 0 2 1 0 2 0 2 0 1 1 2 0 2 2 2 2 1 1 2 1 1 0 1 0 0 1 0 1 1 1 0 2 2 1 0 2 0 2 0 2 0 0 2 0 0 2 2 1 0 0 0 1 1 1 2 1 0 0 0 2 2 1 2 2 0 2 2 1 2 2 0 0 0 0 0 0 0 0 1 1 1 2 1 2 1 0 2 2 1 2 1 2 1 1 1 2 0 1 0 0 1 2 0 1 2 0 1 0 0 1 1 2 1 2 2 2 1
1 2 2 1 0 1 2 2 1 2 0 0 1 0 1 0 0 1 0 1 0 0 2 1 2 2 0 0 1 1 1 0 0 1 2 2 1 1 1 2 2 2 0 0 2 2 0 1 0 1 2 1 1 2 0 0 2 1 0 2 0 2 2 0 1 2 2 0 0 2 0 2 2 0 0 1 2 0 0 1 1 1 2 0 1 2 2 1 1 0 0 1 0 0 0 2 2 0 2 0 2 2 1 1 0 1 1 2 0 2 0 2 1 0 0 0 1 2 2 2 2 0 2 0 0 0 2 0 0 1 0 1 1 2 0 1 1 2 2 1 2 0 0 1 1 1
1 2 1 0 2 1 0 2 1 1 0 2 1 1 1 0 0 0 2 1 2 1 1 1 0 1 0 2 2 2 0 2 1 2 2 1 1 1 2 0 2 2 2 2 1 2 0 2 0 0 1 2 2 0 2 2 1 0 2 1 2 0 0 1 0 1 2 1 2 2 2 2 0 2 1 1 2 1 2 2 2 0 2 2 1 1 2 0 1 2 1 0 0 0 1 0 2 2 2 1 2 1 1 2 1 1 2 0 2 1 2 2 2 2 1 0 1 2 0 1 1 2 2 1 0 1 2 2 1 1 1 1 2 0 1 1 1 1 2 1 0 2 2 0 2 1
1 0 0 2 2 1 1 2 0 0 0 2 2 2 0 2 1 1 2 2 0 1 1 2 0 2 2 2 2 1 1 0 0 1 2 2 1 2 1 1 0 2 1 2 2 2 2 1 1 2 1 1 0 1 2 1 0 1 0 0 1 1 1 2 1 1 2 2 1 1 0 1 1 2 1 2 0 1 0 1 0 2 1 2 0 0 1 1 2 1 1 1 1 0 0 0 2 0 2 0 2 2 2 1 0 2 0 0 1 1 2 2 1 0 1 1 1 0 2 1 0 1 2 2 0 1 2 2 1 1 0 1 1 0 2 1 0 1 2 1 2 2 1 0 0 0
0 2 1 0 1 1 0 1 0 0 2 0 2 0 1 0 2 2 1 0 2 2 1 2 1 0 2 0 2 0 0 2 0 2 0 1 1 0 2 2 0 0 2 1 0 0 1 1 1 0 1 1 0 2 0 2 0 0 2 2 1 0 2 2 0 0 0 2 1 0 2 0 0 2 1 2 1 0 1 0 1 2 1 2 1 2 1 2 0 1 2 1 1 2 1 2 0 2 2 2 0 2 2 1 1 0 1 2 1 2 0 0 2 1 2 1 1 1 1 2 2 1 2 1 0 0 0 1 0 0 0 1 2 0 0 2 1 2 2 2 2 0 0 0 1 0
1 0 2 2 0 1 1 2 0 2 0 2 1 0 2 2 1 2 2 0 1 0 0 0 0 2 0 1 0 0 2 2 1 1 2 1 0 1 1 2 1 2 1 2 0 0 1 0 0 1 0 2 1 0 1 2 0 2 1 1 2 0 0 1 2 0 0 2 2 0 1 0 0 0 2 0 1 1 0 2 2 0 2 1 0 1 1 1 0 0 2 1 0 0 0 2 1 0 2 1 1 2 1 1 0 2 2 2 1 2 2 1 1 2 0 2 0 2 0 1 2 0 2 2 1 2 2 0 1 0 1 2 0 2 2 0 2 1 0 1 1 2 0 0 2 0
0 2 0 0 0 0 2 1 1 0 0 0 0 2 1 1 0 2 2 2 0 1 1 1 0 2 1 0 0 0 2 1 0 2 1 1 2 1 2 0 2 1 2 2 0 1 2 1 1 1 0 2 2 1 0 1 2 1 1 0 1 0 1 2 0 0 0 1 2 0 2 2 2 2 2 2 1 1 2 0 2 2 2 0 2 2 1 1 1 0 2 2 1 1 2 2 2 2 0 1 0 0 1 2 2 1 0 1 2 2 1 0 2 0 1 1 0 2 0 1 2 2 1 1 1 0 1 1 0 2 0 1 2 2 1 0 1 1 2 0 0 1 1 2 2 2
2 0 2 2 1 0 0 1 1 1 1 0 0 2 1 1 1 1 1 2 1 2 1 1 0 2 0 2 1 2 2 1 2 2 1 2 2 2 0 1 1 2 0 2 2 1 1 1 2 2 0 2 1 2 1 1 1 1 1 0 1 1 2 1 1 1 1 0 1 1 2 2 0 0 2 0 2 0 1 2 2 2 2 1 1 1 0 2 2 2 1 0 0 0 2 1 2 0 2 0 2 0 0 1 0 0 1 0 0 1 0 1 0 0 2 0 1 0 0 1 0 1 1 1 2 2 1 2 0 1 2 1 1 0 2 0 0 1 1 1 0 2 0 2 0 0
2 1 1 0 2 2 2 1 1 2 1 0 2 2 1 2 0 1 2 0 2 0 2 1 0 0 0 0 2 1 1 1 2 1 2 2 0 1 0 2 2 2 2 1 2 2 1 0 0 1 0 0 2 0 1 2 0 2 1 2 0 0 1 2 1 1 1 0 0 2 2 2 2 2 1 1 2 0 2 2 2 2 0 2 0 1 0 1 0 1 2 1 2 0 1 1 2 0 1 1 2 1 1 2 1 0 1 0 1 1 0 1 1 0 0 2 1 0 1 2 2 0 1 2 1 2 0 1 2 2 2 2 0 0 2 2 1 1 0 0 2 1 1 2 1 2
1 1 0 0 1 0 0 0 2 2 2 0 1 2 0 1 2 0 2 2 0 2 0 2 2 1 0 2 0 1 2 2 0 2 0 2 2 0 2 1 0 1 1 2 1 1 0 1 0 1 0 1 0 2 0 0 0 1 2 1 0 2 0 1 2 0 0 1 2 2 1 0 2 0 0 1 0 1 0 1 2 1 0 0 1 1 1 1 2 1 0 0 1 2 2 0 0 0 2 2 0 1 1 0 2 1 1 2 0 2 1 0 2 1 1 0 2 2 0 0 2 1 1 1 0 1 1 1 2 1 1 0 0 2 0 0 1 2 0 2 0 1 0 0 2 1
1 0 2 2 1 1 1 0 2 1 2 1 0 1 0 2 2 1 2 2 1 1 2 2 1 0 0 1 0 1 0 2 1 2 1 0 1 0 0 1 0 0 0 0 2 1 0 1 0 1 1 0 0 1 2 2 1 1 0 0 2 1 2 1 1 1 1 0 0 2 2 0 0 0 1 0 2 0 2 0 2 0 0 2 2 0 1 2 1 2 2 0 0 2 2 2 1 1 0 1 1 0 2 2 0 1 2 0 2 2 1 1 0 1 1 0 2 0 2 1 2 2 2 0 1 2 0 0 0 1 2 2 1 2 1 2 1 2 2 1 1 0 0 1 2 1
0 2 1 2 1 1 2 0 1 1 2 2 1 1 0 2 0 1 2 2 2 1 1 1 2 2 0 2 2 0 1 2 0 0 2 1 1 1 0 0 0 2 0 2 1 0 2 2 0 1 1 2 2 0 1 1 0 2 1 2 0 2 2 0 2 2 0 1 1 0 2 2 2 2 0 1 0 2 1 1 1 0 1 1 0 1 0 0 0 2 1 0 0 1 2 2 1 2 2 0 2 1 0 2 1 0 1 2 0 2 2 2 2 0 0 0 1 1 1 2 1 0 0 1 2 2 1 1 1 1 1 1 2 2 1 1 0 2 2 1 0 1 0 2 1 1
0 1 0 2 1 2 0 1 1 2 2 0 0 0 2 2 0 2 0 1 2 0 1 1 1 2 2 2 0 1 0 1 0 1 1 1 1 1 1 2 1 0 1 0 1 0 0 1 0 0 0 2 0 0 1 2 2 1 2 2 1 1 0 1 2 1 0 2 0 2 1 2 2 0 2 0 0 2 0 2 0 0 2 1 0 1 1 0 2 1 2 0 2 1 0 0 2 1 2 0 0 1 0 2 2 2 0 0 2 0 2 0 1 2 2 2 1 1 2 0 2 0 2 0 2 2 0 1 0 2 2 0 0 0 0 2 0 0 0 0 1 0 1 0 2 0
2 1 2 0 2 0 0 2 0 2 2 1 1 2 0 2 0 1 2 1 2 1 2 0 1 0 0 2 1 1 1 1 2 0 2 2 1 2 2 1 2 1 2 1 1 0 1 2 0 2 0 2 0 0 0 2 1 1 2 0 0 0 2 0 2 1 0 0 1 0 0 1 2 0 0 1 1 2 0 2 1 2 1 2 2 2 1 1 0 0 2 1 1 2 2 1 1 0 2 0 1 2 1 1 1 0 2 0 2 0 2 1 2 1 0 2 0 1 1 1 2 0 0 1 1 2 2 2 1 2 0 2 2 1 0 0 1 0 0 1 1 0 0 1 1 0
1 1 2 0 1 2 1 1 0 2 1 0 2 0 0 0 2 0 1 1 2 1 1 0 0 0 1 1 0 2 2 2 2 2 0 0 1 1 1 2 2 0 0 2 0 1 2 0 2 1 1 2 0 0 2 1 2 0 0 0 0 2 2 0 1 2 0 0 1 1 1 0 2 1 2 2 0 2 0 0 1 2 2 1 1 1 0 0 0 0 0 1 1 0 1 0 2 1 2 0 0 0 2 0 1 2 1 2 2 1 2 0 2 2 2 0 2 0 1 2 1 2 0 2 0 2 0 2 1 2 0 1 2 2 0 1 0 1 2 2 0 2 0 0 2 2
0 1 0 2 1 2 2 2 2 2 1 0 1 0 0 0 2 0 0 2 2 0 1 2 2 2 1 0 0 0 0 1 2 0 1 1 0 1 0 1 0 2 1 0 2 2 1 2 2 1 2 2 2 1 1 2 1 0 0 1 1 1 0 2 2 0 0 1 1 2 2 2 1 1 0 2 0 1 2 1 0 1 0 0 0 0 0 2 1 1 2 0 2 2 2 2 2 0 1 1 0 0 2 1 1 2 1 0 1 0 1 2 0 2 2 0 0 0 1 1 2 0 2 1 0 1 1 1 2 2 2 0 0 1 0 2 1 1 0 0 0 1 2 0 1 2
1 2 2 2 0 1 2 0 1 1 0 0 2 0 0 1 1 1 1 1 1 0 0 1 0 0 2 0 1 1 2 0 1 1 0 2 1 1 0 2 2 1 2 1 1 0 0 0 2 2 2 1 0 0 0 1 1 2 1 0 1 0 1 0 0 1 0 1 2 1 1 2 2 0 0 1 2 2 0 2 2 2 0 0 2 0 1 1 1 0 2 0 1 0 1 1 1 2 0 2 0 1 1 0 0 0 2 0 0 2 2 2 2 0 2 2 2 1 1 0 1 0 1 0 0 2 2 0 1 2 2 2 2 1 2 2 1 2 2 1 1 2 1 1 2 1
2 1 2 0 2 1 2 1 2 0 1 1 0 0 1 0 2 0 0 0 0 1 2 2 1 1 2 0 1 2 1 0 1 2 1 2 0 0 0 2 1 1 1 2 2 1 1 0 2 1 0 0 0 0 0 1 2 1 2 0 0 2 1 2 1 0 1 2 1 2 0 0 2 2 0 1 0 1 1 1 2 2 1 2 2 2 2 2 0 2 0 1 1 0 2 0 1 0 1 2 1 1 0 0 0 1 1 1 0 1 0 2 0 1 2 0 1 2 0 0 2 1 2 1 2 1 2 0 0 0 1 1 1 2 1 2 1 0 1 1 2 1 0 0 0 0
1 2 0 2 0 2 1 2 0 1 1 0 2 2 1 1 0 0 0 2 0 2 0 1 0 0 1 1 1 1 2 2 1 0 1 1 2 0 2 0 1 1 1 1 0 0 2 1 1 1 1 1 0 1 0 2 2 1 0 0 0 0 0 2 0 2 1 2 0 1 1 1 2 0 0 2 0 1 0 1 0 1 0 1 0 1 0 0 2 1 1 0 1 2 1 2 1 0 2 1 1 0 1 0 1 2 2 2 0 2 0 0 1 1 2 1 0 0 2 0 1 2 2 1 1 0 1 0 0 1 0 1 0 2 1 1 1 1 0 2 1 2 0 2 1 0
1 1 1 2 1 0 1 0 2 0 1 0 0 1 0 0 0 0 2 2 1 2 0 0 1 2 2 2 1 0 1 1 2 2 1 1 0 2 2 0 2 1 1 0 1 2 2 1 2 2 2 1 1 0 2 0 0 1 0 2 2 1 0 1 1 1 2 1 1 2 2 1 2 2 2 0 1 1 2 1 0 1 0 2 2 2 2 0 1 0 2 0 1 0 2 0 2 2 2 2 0 2 0 2 1 2 0 1 0 2 2 2 2 0 1 2 0 1 2 1 2 1 2 1 2 2 0 0 2 2 2 0 2 0 2 2 0 0 0 1 1 0 0 1 0 2
0 1 2 0 2 2 2 2 0 0 2 0 1 1 0 0 2 1 0 2 0 1 0 1 0 2 1 1 0 2 1 1 0 0 1 0 2 1 2 0 1 2 2 2 0 0 0 2 1 2 0 2 1 1 0 1 0 1 0 1 1 2 2 1 2 1 1 2 2 1 2 2 0 2 1 1 0 0 1 2 0 2 0 1 0 0 1 1 0 2 2 1 1 2 0 1 0 2 0 1 1 0 0 2 1 2 1 1 0 1 1 0 0 1 0 2 0 1 0 0 0 1 2 2 1 0 0 0 0 1 1 2 2 1 1 0 1 1 2 2 2 1 2 0 0 2
2 0 1 1 1 1 0 2 0 1 2 1 1 0 2 2 2 2 1 2 2 0 0 0 0 0 1 0 0 2 0 0 1 1 2 0 1 2 2 2 1 2 1 0 2 0 0 0 0 0 2 1 1 0 1 1 0 0 1 0 0 2 1 1 2 0 2 0 0 1 0 2 1 1 2 2 0 0 2 0 1 2 2 2 2 1 1 0 1 1 0 2 0 0 1 0 0 1 1 1 1 2 1 2 0 0 2 1 1 1 2 0 0 2 0 0 1 2 0 0 0 2 0 1 0 2 2 0 0 1 2 2 0 0 0 2 1 2 0 1 1 0 1 2 0 1
1 1 1 2 1 1 1 2 1 1 2 1 0 0 2 0 0 1 2 0 0 1 2 0 2 1 1 1 2 2 0 1 0 1 0 2 1 0 2 0 2 2 1 0 0 1 1 1 2 1 1 0 2 1 1 0 1 0 1 0 2 2 1 0 2 2 0 0 2 1 1 2 0 0 2 1 2 1 2 2 0 0 2 1 0 1 1 1 2 2 2 2 2 0 0 1 0 1 2 0 0 1 0 0 1 0 2 0 2 1 0 0 0 1 1 0 0 2 1 0 0 0 2 0 1 0 2 1 2 1 2 0 0 2 0 2 0 0 0 0 0 1 0 0 0 2
1 0 2 0 1 0 0 2 0 2 0 2 1 2 1 1 0 1 0 0 1 1 2 2 1 0 0 0 0 1 2 2 2 2 2 1 0 0 0 1 2 0 1 0 0 0 1 0 0 0 1 1 2 1 0 1 1 1 1 2 2 1 1 2 1 1 0 2 1 1 1 0 1 2 2 2 0 1 0 0 1 1 2 2 1 2 0 2 1 2 0 0 1 2 0 0 1 1 0 2 2 1 1 1 1 0 0 1 1 0 2 1 0 2 0 2 1 1 2 0 1 2 2 0 2 2 0 0 1 0 0 0 2 1 0 1 1 1 1 1 0 1 0 0 0 0
0 2 2 2 0 0 2 2 0 2 1 0 0 0 2 0 2 2 0 2 1 2 0 0 0 0 1 1 1 1 1 2 0 1 2 1 1 2 0 2 1 0 1 2 1 0 0 0 0 0 0 2 0 2 2 1 2 0 0 2 2 2 1 1 1 1 0 0 0 1 0 2 2 1 1 0 2 0 2 2 0 2 2 1 1 2 1 2 1 1 1 1 1 0 0 0 2 1 1 0 0 2 0 2 0 2 2 2 2 1 2 1 2 2 2 0 2 1 0 1 2 2 2 2 0 1 2 0 2 1 0 2 0 1 1 0 2 1 0 2 1 1 0 0 0 1
1 0 2 2 1 0 1 2 0 2 0 2 2 0 2 1 2 2 0 1 1 2 0 2 0 1 0 0 2 1 2 2 2 0 2 2 0 0 1 0 1 2 0 1 2 2 0 2 0 1 0 1 1 0 0 1 0 1 0 0 0 2 2 0 0 1 2 1 0 0 2 1 0 0 0 0 0 1 2 0 2 2 2 0 1 1 0 2 0 0 2 0 0 0 0 2 2 0 0 2 1 0 1 0 0 2 0 1 1 0 0 0 0 2 1 1 0 2 1 0 0 2 1 1 2 0 0 1 1 1 2 0 1 1 0 2 1 1 1 2 2 1 2 2 1 2
2 2 1 0 0 2 2 0 1 2 0 2 2 2 0 1 2 0 0 0 2 2 2 1 1 2 0 2 1 2 2 1 2 1 0 0 0 2 0 2 0 1 1 2 0 0 1 0 0 1 1 0 0 1 2 0 0 0 0 2 2 2 1 2 0 2 1 2 1 1 2 2 0 2 1 1 2 2 1 0 1 0 1 2 2 1 0 2 2 1 0 2 0 2 2 2 1 0 2 0 2 1 0 0 1 1 2 1 2 1 1 0 2 0 0 1 1 2 2 1 0 0 1 2 2 0 2 1 1 1 1 0 0 1 2 2 1 1 0 0 2 0 1 2 1 2
2 0 1 2 2 2 2 0 1 2 1 0 0 0 2 1 1 0 1 0 2 0 1 1 0 2 2 2 1 0 1 0 1 0 0 1 0 2 1 1 1 0 2 1 0 1 1 2 1 0 2 2 0 2 1 1 1 0 0 0 1 2 1 0 0 2 2 0 2 1 1 1 2 0 1 0 2 0 0 2 0 1 1 1 0 2 0 1 0 1 1 2 0 0 2 1 0 1 1 0 1 1 2 0 2 0 1 0 0 2 2 1 0 0 2 1 0 2 2 1 0 1 0 1 0 2 0 1 2 2 2 0 0 1 1 1 2 2 1 0 2 0 2 2 1 1
0 1 2 0 2 2 0 2 1 1 2 2 2 1 2 1 2 0 0 0 1 2 1 2 1 0 0 0 1 1 1 1 2 1 0 2 1 0 1 0 1 2 0 1 1 2 0 1 2 0 2 1 1 1 1 2 2 2 2 0 0 1 2 1 0 2 0 2 0 0 2 1 2 2 0 0 2 0 2 2 2 0 1 0 1 2 0 0 2 0 1 0 1 1 2 2 0 2 1 1 2 2 0 1 2 2 0 2 2 0 2 2 0 0 2 0 0 0 1 1 0 0 2 0 1 1 0 2 0 0 1 0 2 0 2 1 2 0 1 2 1 0 2 2 1 2
2 0 0 1 1 1 2 0 1 0 1 2 0 2 2 2 0 2 0 0 1 2 0 0 1 2 1 1 2 0 1 2 1 2 1 2 0 0 0 0 1 2 2 2 1 2 2 2 1 2 0 2 2 1 0 1 1 2 0 1 0 1 0 1 1 2 1 1 0 1 1 2 1 1 1 0 0 1 0 2 0 0 0 2 2 1 0 1 1 1 2 1 2 0 0 1 2 2 0 1 1 2 0 2 1 2 0 2 0 0 0 0 2 0 0 2 1 1 0 1 0 0 2 0 0 1 2 1 0 0 2 2 2 2 2 1 1 2 2 2 1 2 2 0 0 0
0 2 1 0 0 1 0 1 0 0 2 2 2 0 2 1 2 2 1 0 1 0 0 1 2 1 0 2 2 0 2 2 0 2 0 1 1 0 2 1 2 2 0 2 2 0 1 0 0 0 0 2 1 0 0 0 0 1 0 2 2 0 0 2 2 1 0 1 2 0 2 2 2 1 2 0 1 0 0 2 2 0 1 0 1 2 1 1 0 1 2 2 0 0 2 2 1 0 1 1 2 2 0 2 0 1 2 2 1 0 2 0 1 1 1 0 1 0 1 1 2 1 2 2 1 2 0 0 2 1 1 2 0 0 2 1 1 2 1 0 0 1 2 1 2 1
1 0 1 1 0 2 0 0 2 2 2 2 0 1 2 2 2 0 0 1 2 2 1 1 1 1 2 1 1 1 2 0 0 2 2 1 2 0 1 1 0 1 2 1 2 2 0 2 2 2 0 2 2 2 0 0 1 0 1 0 0 2 1 1 2 0 2 1 1 1 0 1 2 2 2 2 1 1 2 1 0 0 1 2 0 2 1 0 0 2 0 0 2 1 1 1 0 1 0 1 0 1 0 0 0 0 0 2 1 0 1 1 1 0 2 2 2 0 0 0 0 0 1 1 0 0 2 0 1 0 2 0 1 0 0 2 1 0 2 2 1 1 2 0 2 2
0 2 2 0 0 0 0 2 1 0 2 2 1 1 2 1 1 1 1 2 1 0 0 1 0 0 2 0 0 2 2 1 2 2 1 2 0 2 2 2 1 2 1 2 2 1 1 0 0 1 0 1 1 2 0 1 2 1 2 0 0 2 1 2 2 0 0 0 2 2 0 0 0 2 1 2 1 0 2 1 1 1 0 0 1 1 2 1 0 0 1 0 2 0 1 0 0 1 0 0 1 1 2 1 0 1 0 2 1 1 0 1 0 1 1 1 0 1 0 0 1 1 1 2 2 2 2 0 1 0 0 0 1 0 0 2 2 1 1 1 0 2 0 0 1 2
2 2 0 2 0 0 1 1 0 0 1 2 1 0 0 0 2 1 0 2 1 1 0 2 0 1 2 0 2 0 2 0 2 0 2 1 0 2 2 0 0 2 0 2 0 0 2 2 2 0 1 1 1 0 1 1 1 0 2 0 2 1 0 2 2 1 0 0 1 1 2 1 0 2 1 1 1 1 1 1 2 0 0 1 0 1 1 2 2 0 1 2 0 2 1 0 1 2 0 2 0 2 2 1 0 0 2 1 2 1 2 2 0 0 1 0 2 0 1 2 1 0 1 2 2 2 2 1 1 0 1 1 1 0 2 2 1 0 0 1 1 0 0 1 1 1
0 1 2 2 0 1 2 1 1 1 1 1 0 0 1 0 2 0 0 0 2 2 0 0 0 2 2 1 2 0 1 2 2 1 2 2 2 1 1 1 0 2 2 2 0 1 2 1 0 2 1 2 0 2 0 0 1 2 0 1 0 1 1 2 2 0 2 2 1 0 0 2 0 0 2 2 1 1 0 1 1 2 2 1 2 0 0 1 2 0 0 0 1 1 0 0 2 2 2 1 0 0 1 1 0 0 0 2 1 1 1 0 1 1 2 0 1 2 0 1 2 0 1 0 2 2 1 2 1 1 1 2 1 0 0 1 1 2 1 0 1 0 1 1 1 1
2 2 0 2 0 1 0 2 2 0 1 1 0 0 2 1 2 1 2 0 0 1 2 1 1 2 2 0 0 0 1 2 0 2 0 1 0 0 0 0 1 1 2 2 1 1 1 1 0 1 2 2 2 1 0 1 1 1 2 1 1 0 2 0 0 2 1 2 2 2 2 1 1 2 1 0 1 2 1 2 1 1 1 0 1 2 2 2 1 1 1 1 2 1 1 1 0 2 0 2 2 2 1 1 2 2 2 0 0 1 0 1 0 1 2 2 2 2 1 0 1 0 2 2 1 0 0 1 1 0 2 0 0 1 2 2 2 2 2 2 2 0 1 0 2 0
2 2 0 0 1 0 1 0 2 0 2 2 2 0 0 2 1 1 0 2 0 2 1 0 1 1 1 2 1 2 1 0 1 1 2 0 2 1 1 1 1 1 1 1 1 2 1 0 0 2 2 0 2 2 2 2 0 0 2 0 2 1 1 2 0 0 0 2 2 2 2 2 0 1 0 1 1 0 2 1 0 2 0 2 1 2 2 0 0 2 0 1 0 1 1 1 0 1 2 0 1 2 2 1 0 1 1 1 1 1 0 1 0 1 0 0 1 1 0 1 1 1 0 1 2 1 1 0 1 1 1 2 0 0 0 1 1 2 0 0 0 1 1 1 0 0
1 1 1 2 0 2 0 1 1 0 0 0 1 1 2 0 1 0 1 0 2 1 2 0 1 0 2 0 2 2 1 1 0 2 0 0 2 0 2 0 1 1 2 0 0 1 0 2 2 0 2 1 1 2 2 0 0 1 0 0 0 2 1 0 1 2 1 0 0 2 2 2 0 2 2 1 0 1 0 2 1 0 1 0 1 0 0 1 2 2 0 2 1 1 0 1 2 0 2 2 2 2 2 0 1 2 1 2 1 0 2 0 1 2 0 0 0 1 2 0 0 0 2 0 1 0 1 1 0 0 1 0 0 0 1 1 0 2 1 1 0 1 2 0 1 2
0 1 1 0 1 2 0 1 2 0 2 1 1 0 2 0 0 0 1 1 2 2 1 2 2 0 0 1 0 1 2 1 0 0 2 2 2 2 0 0 2 0 1 2 0 1 2 1 1 1 0 2 1 2 1 1 2 2 2 0 1 1 2 1 2 1 0 0 1 1 0 2 1 2 1 2 1 1 0 2 0 1 2 2 1 0 0 1 2 0 2 1 0 1 0 0 0 1 0 1 0 1 1 2 1 2 2 2 1 0 2 2 2 2 1 1 0 2 2 1 0 1 2 0 0 0 2 1 2 2 0 2 2 1 2 0 2 1 0 1 0 0 0 0 2 2
1 1 1 1 0 1 1 2 0 1 0 2 0 2 2 1 2 1 0 1 1 2 1 2 1 2 0 1 2 0 0 1 1 2 2 1 2 1 2 2 1 0 2 1 0 1 0 2 0 1 1 2 2 0 2 0 2 0 2 1 0 0 0 0 1 1 2 0 2 1 2 0 2 1 2 2 0 0 2 0 2 1 1 1 2 1 1 2 1 1 1 2 0 2 2 1 0 2 1 0 1 1 1 1 0 0 0 0 1 0 2 0 2 0 2 1 1 1 1 0 0 0 2 1 0 2 2 0 2 1 0 1 0 2 2 0 0 1 1 2 2 0 0 2 0 2
1 2 0 0 2 1 0 2 2 0 1 2 1 1 1 2 2 1 2 0 2 0 1 2 0 1 2 0 0 1 0 1 0 1 1 0 1 2 0 1 0 2 1 2 0 0 2 0 0 2 0 0 0 1 2 0 2 2 1 0 1 2 2 1 0 1 2 2 1 0 1 2 2 0 2 0 0 2 1 0 1 1 2 1 1 1 2 0 1 1 1 2 0 1 2 1 2 2 1 1 0 2 1 2 0 0 0 0 2 2 2 1 0 1 0 1 0 2 0 2 0 2 1 1 1 1 2 0 1 0 0 1 0 1 1 0 2 1 2 2 1 2 0 2 0 1
1 0 1 2 0 2 2 0 0 0 1 2 1 0 1 2 1 2 0 0 1 0 2 0 2 1 2 0 1 0 2 0 1 0 0 2 2 2 0 2 0 1 1 2 2 0 1 1 0 2 2 1 2 0 2 2 1 1 0 0 2 2 0 0 2 0 0 1 1 0 0 1 0 2 0 0 1 2 1 2 1 2 1 1 2 0 1 1 2 1 1 1 0 1 1 0 0 0 1 1 0 2 0 1 2 1 1 1 0 1 0 2 0 1 1 2 1 2 0 0 1 1 2 1 0 2 2 1 2 0 2 0 0 2 2 2 0 0 1 1 1 2 1 1 1 2
0 0 2 0 1 0 2 1 2 0 0 1 2 0 2 2 1 2 2 0 0 1 1 2 0 0 1 2 2 0 2 1 1 2 2 0 0 2 1 0 0 0 2 2 0 2 2 1 2 0 2 0 1 1 0 1 2 0 1 2 0 1 0 1 1 0 2 1 0 2 2 1 2 0 1 0 0 1 2 2 1 2 1 0 1 1 2 0 1 1 1 2 0 1 1 2 2 2 1 0 1 1 1 1 2 1 1 2 2 1 2 1 1 1 2 2 0 1 1 2 0 2 2 1 1 1 0 2 1 2 2 2 1 2 1 0 0 2 0 0 1 0 2 0 2 1
2 0 0 1 2 2 1 2 0 1 1 2 1 2 1 1 2 2 0 0 0 1 0 1 2 1 1 1 1 1 0 2 1 2 1 2 1 1 1 2 2 0 1 0 2 2 1 2 2 0 0 0 2 0 1 2 0 1 1 2 0 2 1 0 1 1 2 0 2 1 2 2 1 1 2 1 1 1 0 2 1 0 2 2 0 2 1 0 0 2 1 1 2 0 1 0 1 0 1 1 1 1 0 0 0 2 1 2 2 1 1 0 2 1 2 0 0 1 1 1 1 2 2 0 1 1 2 2 2 1 1 1 2 1 2 0 2 1 0 1 2 1 2 2 2 0
0 0 1 2 1 0 0 1 2 1 0 2 1 2 0 2 1 1 2 1 1 1 2 2 0 2 1 0 1 1 0 2 0 0 0 1 1 0 0 0 2 0 0 0 1 2 1 2 0 0 0 2 2 0 2 0 0 1 0 2 0 1 0 0 2 0 0 0 0 1 2 2 0 2 0 1 2 1 1 2 1 0 0 1 0 0 1 0 1 2 1 2 1 1 1 0 1 1 0 2 0 0 2 0 1 2 2 0 1 1 0 0 1 1 2 1 1 1 0 0 0 1 2 2 0 0 2 1 2 1 0 0 1 0 1 0 2 1 1 1 2 2 2 1 0 2
0 1 1 0 1 2 2 1 2 2 0 0 1 2 1 1 0 0 1 0 1 2 1 0 0 1 2 0 2 2 0 2 0 2 1 2 1 0 0 1 1 0 1 2 1 0 2 2 1 0 2 0 0 0 0 1 2 0 2 2 2 0 2 2 2 1 2 1 2 2 2 0 1 1 0 2 1 2 1 0 0 1 1 1 2 2 0 2 2 2 1 1 2 1 1 1 0 0 0 0 1 0 0 2 2 0 2 1 0 0 0 1 2 1 0 2 2 0 2 2 0 1 1 1 1 0 0 1 2 1 2 1 1 0 0 1 1 2 2 0 0 2 1 0 2 2
0 1 2 0 0 0 1 2 1 0 1 2 0 1 0 2 2 2 0 2 0 2 2 0 2 2 0 1 0 0 0 0 1 0 1 2 0 0 2 0 1 1 2 1 2 2 2 1 2 2 1 2 2 1 0 2 1 0 0 2 0 1 0 2 2 2 2 1 0 2 1 1 1 0 1 0 0 0 2 0 2 0 0 2 2 0 1 0 2 0 2 0 1 0 0 2 0 0 0 0 0 1 2 1 2 0 2 0 0 1 0 1 2 0 0 1 0 2 1 2 0 2 0 0 0 1 2 0 2 2 1 2 1 0 1 1 1 0 1 2 2 1 0 1 2 1
0 0 2 2 0 2 1 1 2 1 0 1 2 2 1 0 2 0 2 0 1 1 0 2 0 0 1 2 1 1 0 2 2 0 1 0 0 0 1 2 2 2 2 2 1 1 0 0 2 2 1 1 1 2 2 2 2 0 1 1 0 2 0 2 0 1 2 1 2 1 1 0 0 1 0 2 0 0 2 0 1 1 1 0 0 0 2 2 2 1 1 2 2 1 2 0 0 1 1 1 2 2 1 0 1 1 2 2 2 2 2 1 0 1 2 0 2 2 0 2 2 1 1 1 0 0 1 0 2 0 2 2 0 0 2 2 2 1 1 0 1 1 2 1 0 2
2 0 2 0 2 1 2 1 0 2 1 2 0 1 2 0 0 2 1 2 2 2 1 1 0 2 0 2 0 1 2 0 1 2 0 1 0 2 2 1 2 0 0 2 1 2 0 2 2 0 1 1 2 0 1 2 2 2 2 0 0 1 0 2 1 1 0 1 1 2 2 1 0 0 0 2 2 2 1 2 2 0 1 2 0 2 2 0 2 1 0 0 1 1 2 2 0 0 2 1 0 2 2 0 0 0 0 0 0 2 2 2 2 2 2 0 2 1 0 2 1 0 2 2 2 0 2 2 0 2 1 1 2 1 2 0 0 0 0 0 2 1 1 0 0 0
0 2 2 1 2 0 2 2 0 0 0 0 2 0 0 2 2 0 0 2 0 1 2 1 2 2 2 0 2 0 1 0 1 1 2 0 2 2 0 2 2 1 0 0 2 1 2 2 1 0 1 2 2 1 0 1 2 1 2 1 2 0 2 0 2 2 2 1 2 0 2 2 2 0 2 1 1 2 1 0 0 0 2 2 2 0 1 1 2 1 1 2 2 0 2 2 1 2 2 0 0 2 2 2 2 0 1 1 2 2 1 2 0 1 2 0 2 1 2 2 2 1 1 0 0 1 2 1 1 1 1 1 0 1 1 0 1 2 1 1 1 0 1 0 2 2
1 2 0 0 1 1 0 2 1 0 1 1 1 2 1 0 1 2 1 2 0 1 1 2 0 1 1 2 2 0 1 0 2 2 1 1 1 1 0 2 1 2 0 0 2 1 0 1 1 0 1 2 1 1 1 2 2 0 1 1 1 0 2 1 0 0 0 1 2 1 1 1 1 1 2 1 1 2 0 0 0 1 2 2 2 1 1 2 2 1 1 1 2 0 0 2 2 0 1 2 2 2 0 1 1 2 2 0 0 0 0 1 2 0 1 2 2 0 0 2 1 1 1 0 0 1 0 2 0 1 1 0 1 1 1 1 2 2 1 0 0 2 1 0 2 0
0 2 1 0 2 2 2 1 1 2 0 1 1 1 1 0 1 0 0 0 1 0 2 0 1 0 0 0 0 2 1 1 0 2 1 2 2 2 1 0 1 2 2 1 0 1 1 2 1 2 2 1 2 0 1 0 0 1 1 1 1 2 0 1 2 2 2 1 1 1 2 1 1 2 2 2 1 1 1 0 1 0 1 0 0 0 2 1 1 0 1 1 0 1 0 2 1 0 1 1 1 1 2 0 1 2 2 2 0 0 0 2 2 2 0 0 0 0 0 1 0 1 0 1 0 1 1 1 2 2 0 1 2 0 2 0 2 2 0 1 0 1 0 2 0 1
0 0 1 0 0 2 2 1 1 2 2 2 1 2 0 2 1 2 0 0 0 0 0 0 2 1 2 2 0 1 2 1 2 0 2 2 1 2 1 2 1 1 2 0 1 0 0 0 2 0 2 0 1 2 1 0 0 1 1 2 2 0 1 2 0 2 2 2 1 1 2 1 0 2 2 2 2 0 0 2 0 2 2 0 2 1 0 1 0 1 1 0 2 2 0 0 2 0 2 2 2 2 0 0 1 0 0 0 0 1 0 1 1 0 1 0 2 0 1 0 2 2 1 2 0 2 2 0 2 2 2 0 0 0 0 1 1 0 0 1 1 0 0 2 1 1
1 1 1 2 1 1 0 0 1 1 0 1 1 0 0 2 0 1 0 1 0 2 1 0 0 1 1 1 1 0 0 2 1 2 2 0 1 0 1 2 1 1 0 0 1 2 0 2 0 2 0 1 1 2 2 2 0 1 1 2 1 2 2 0 2 1 0 2 2 1 2 1 2 1 2 2 0 0 1 1 2 2 1 0 1 0 1 0 1 0 0 0 2 2 0 2 1 2 1 1 1 1 0 2 2 0 1 0 0 2 2 0 1 0 1 0 2 2 0 0 2 0 2 2 0 0 2 2 2 1 0 2 0 1 1 2 1 2 0 2 2 1 0 0 1 1
0 1 2 2 0 1 2 2 2 2 2 1 2 0 0 0 0 1 2 1 1 1 0 2 0 2 0 1 0 2 2 1 1 1 0 2 1 1 1 0 1 1 2 1 2 2 2 2 0 1 1 2 2 1 2 0 1 2 1 2 2 2 1 1 0 2 0 1 0 2 2 2 1 1 1 1 1 0 2 1 2 0 1 2 0 0 0 2 2 0 2 0 2 1 2 2 1 0 2 0 2 1 2 1 1 1 1 2 2 0 1 1 1 0 0 1 0 2 1 1 2 1 2 1 0 1 1 1 1 1 1 2 1 1 1 2 2 0 1 1 0 0 1 0 0 2
1 2 1 0 0 0 2 2 2 2 1 2 2 0 0 0 0 1 0 2 1 0 1 2 0 1 0 1 2 1 0 2 0 2 0 1 0 0 1 1 0 0 0 2 1 1 1 1 1 1 1 2 2 2 0 2 2 1 0 1 2 1 1 1 1 2 2 2 2 1 1 0 1 1 1 2 1 2 1 2 1 0 1 1 0 1 1 0 2 1 2 2 0 1 1 2 0 0 2 0 1 0 0 0 0 1 0 1 1 1 0 0 2 2 0 0 1 1 0 0 2 0 0 1 1 1 0 2 0 0 2 2 2 1 0 2 0 0 1 0 0 2 1 2 1 1
0 0 2 1 2 0 1 0 2 1 2 2 0 0 1 1 2 0 0 0 0 0 1 2 0 2 1 0 1 0 1 2 2 2 0 1 2 2 1 1 0 1 1 2 1 2 1 2 2 1 2 0 1 1 2 0 0 1 0 2 2 2 1 1 1 2 0 1 2 2 0 0 1 0 0 0 2 1 2 0 0 0 0 0 2 1 1 1 2 2 0 2 1 0 1 1 0 1 2 0 1 1 1 0 1 2 0 1 2 1 2 2 2 1 2 1 2 1 2 1 0 1 1 2 2 0 0 2 2 0 0 1 2 2 1 0 1 1 2 1 0 1 1 2 2 1
2 2 0 1 2 0 0 0 0 2 1 1 2 0 2 0 1 1 2 0 0 1 2 0 0 0 2 2 1 0 1 0 2 2 2 1 1 0 2 1 0 1 0 2 2 0 0 1 2 0 1 0 2 1 0 0 0 0 0 1 0 2 2 0 2 1 0 0 2 2 1 0 1 2 0 1 0 2 0 0 2 2 0 2 1 2 0 2 2 1 0 0 1 2 1 0 1 1 0 2 1 2 2 2 0 0 1 0 2 1 1 0 1 2 2 0 2 0 2 2 1 2 0 0 2 1 0 1 0 1 0 2 1 0 2 2 1 1 2 1 0 1 1 1 1 2
1 0 0 1 2 2 1 2 0 0 0 0 2 1 2 0 0 1 1 1 0 2 2 0 1 0 1 1 2 2 0 1 0 0 0 2 2 1 2 2 0 1 1 0 2 1 0 1 2 1 2 0 1 2 0 0 2 0 1 2 2 2 1 0 2 2 0 2 0 0 2 1 2 1 1 1 2 2 0 2 0 0 2 0 2 0 0 0 0 2 2 1 1 1 2 1 0 0 0 2 1 0 0 0 1 2 0 0 1 0 2 2 1 2 0 1 1 1 2 2 0 2 0 2 1 0 1 2 1 2 1 2 0 1 1 2 1 1 0 0 2 0 1 1 0 1
0 1 0 2 1 1 2 2 2 1 0 0 1 2 2 2 1 0 1 0 0 0 1 0 1 1 1 2 2 2 1 0 1 2 1 0 0 0 0 2 2 1 1 0 0 0 0 2 1 2 0 1 0 2 0 1 1 1 1 1 1 0 2 0 2 0 1 0 2 2 1 1 1 2 2 2 0 2 2 2 2 0 1 2 0 1 2 2 0 0 1 2 1 0 2 0 1 2 1 1 1 2 2 0 2 2 2 0 0 2 0 0 0 1 0 1 0 2 1 1 0 2 0 1 0 1 2 2 1 0 0 2 1 0 0 0 0 1 1 1 0 1 2 2 0 2
1 1 2 2 0 0 2 0 2 2 2 2 2 0 0 2 1 1 0 1 0 2 0 1 0 1 1 2 1 2 2 2 0 1 2 1 2 1 2 2 0 2 1 2 0 2 0 1 0 0 1 1 2 1 1 0 0 2 2 1 1 0 1 2 2 0 0 2 1 2 1 2 2 1 2 1 0 2 2 1 1 1 0 0 0 2 1 1 1 2 1 0 2 2 0 1 0 0 1 2 0 1 2 1 2 2 2 2 2 2 0 0 1 1 2 2 0 0 0 1 2 2 2 2 2 2 2 0 0 0 0 2 1 0 0 0 0 0 2 2 2 1 0 1 2 0
0 0 0 2 2 1 1 2 0 1 2 2 2 0 1 0 0 2 0 1 1 0 1 0 0 1 2 1 0 2 1 1 0 0 1 0 1 1 2 2 2 0 0 2 1 1 2 1 1 0 2 2 1 1 1 2 2 0 1 0 0 0 0 0 0 1 1 1 0 1 2 0 2 2 0 0 1 0 1 2 1 1 2 2 2 0 1 0 0 0 0 1 1 1 2 1 1 1 1 1 1 0 2 0 0 2 1 1 0 0 1 1 0 0 0 2 0 0 0 2 0 2 1 1 0 1 1 1 0 2 0 1 0 2 2 0 0 0 2 0 2 0 2 2 2 0
2 2 0 0 2 2 2 1 0 2 0 1 2 0 1 2 2 1 2 1 2 0 0 1 1 2 0 1 1 2 1 1 2 0 1 2 2 1 0 0 1 1 2 1 1 0 1 0 0 0 0 2 1 0 2 0 2 2 2 1 2 0 2 1 1 2 1 1 0 0 2 2 1 2 0 1 0 1 2 0 0 2 1 2 2 1 2 2 1 1 1 0 2 2 2 2 1 2 1 2 2 0 2 1 0 0 0 1 0 0 2 0 0 1 0 1 2 0 0 0 2 0 1 2 2 1 1 1 0 0 0 0 1 0 2 0 2 0 2 2 1 1 0 2 1 0
0 1 1 2 2 0 2 0 2 2 2 2 0 2 0 1 0 2 0 0 2 2 1 1 2 0 1 0 2 0 1 1 1 2 0 0 2 0 2 2 2 1 2 0 2 0 2 2 0 0 0 0 2 2 2 2 2 1 2 2 1 0 0 0 2 1 2 2 1 1 0 1 0 2 2 2 0 2 0 1 0 1 1 0 1 1 0 0 0 0 0 2 1 0 0 1 2 2 2 1 0 2 0 1 2 2 2 0 0 2 2 0 1 1 0 2 0 1 0 1 2 0 0 0 2 0 2 2 2 1 1 0 1 1 0 2 2 2 0 2 2 0 2 0 2 0
0 2 2 1 0 1 2 2 2 2 2 2 2 0 2 1 1 1 0 1 0 2 1 2 2 0 2 1 2 2 0 2 1 2 1 0 1 1 2 1 1 2 0 1 0 2 2 2 1 2 1 2 0 0 1 2 1 1 2 0 0 2 0 0 2 1 0 0 0 0 1 2 0 2 0 1 2 0 1 1 2 2 1 2 0 1 2 2 2 1 2 1 0 1 2 0 2 0 0 0 0 2 0 0 1 0 2 1 0 0 0 1 1 2 0 1 0 0 1 0 2 2 2 0 0 1 0 2 1 0 1 2 0 1 1 0 0 0 2 1 1 0 2 0 0 1
1 1 1 1 2 1 0 2 1 0 1 2 0 1 0 1 1 2 1 2 2 2 0 2 0 2 2 0 0 0 1 2 1 2 0 1 1 0 1 1 0 0 0 2 1 1 0 0 0 2 0 0 1 1 0 2 1 0 0 1 1 1 1 0 1 1 2 1 0 1 2 1 2 0 0 1 1 1 2 0 1 1 1 1 2 1 0 1 0 1 0 2 2 2 2 1 1 0 2 2 2 1 0 1 1 1 1 1 0 1 2 1 2 0 0 2 0 1 1 0 2 2 0 1 2 0 0 1 0 0 0 0 0 0 2 1 2 1 0 2 0 2 2 2 0 2
2 1 1 1 1 0 1 1 0 0 2 1 1 0 1 1 1 1 2 1 1 2 0 1 2 1 2 1 1 0 2 1 1 0 0 0 1 1 2 2 2 1 0 1 1 0 2 0 2 0 2 1 0 0 0 2 1 0 1 2 0 1 1 1 2 0 1 0 2 0 0 2 1 1 0 1 2 1 2 2 1 2 0 2 2 1 1 1 1 0 2 1 1 1 0 0 1 2 2 1 2 0 0 2 1 1 1 1 2 0 0 1 0 1 0 0 0 0 0 2 0 2 2 2 1 2 0 0 2 2 2 2 2 0 2 2 1 0 0 2 2 1 1 0 2 0
1 0 0 1 0 0 1 2 0 0 2 2 1 2 1 0 0 2 0 2 1 1 1 1 1 0 0 0 1 2 0 2 1 0 2 1 1 0 1 0 1 0 2 2 1 1 0 1 0 0 0 1 0 2 2 1 0 0 2 1 1 2 1 2 0 0 1 2 1 2 2 0 0 2 0 1 0 1 2 1 2 1 2 0 1 0 0 2 0 2 0 1 2 2 1 0 2 2 2 2 1 2 0 0 1 0 2 0 2 0 1 0 1 1 0 0 2 1 2 0 1 0 2 1 2 1 1 0 0 2 2 0 2 2 1 2 0 0 2 0 0 1 1 2 2 2
0 0 1 2 0 0 2 0 2 0 2 1 0 0 0 0 1 0 2 2 2 2 2 2 0 1 0 2 0 0 2 0 0 1 1 1 1 0 0 1 1 2 2 1 0 1 1 2 1 1 1 1 2 2 1 0 1 1 0 1 2 2 0 1 0 1 0 2 2 0 0 1 1 2 2 1 1 2 1 2 0 0 1 0 0 0 1 1 1 1 1 2 1 1 1 2 2 1 1 1 0 2 0 1 2 1 2 1 0 1 1 1 0 1 2 0 1 1 0 1 2 1 0 1 2 1 0 2 0 2 1 0 1 2 1 0 0 2 1 1 1 1 0 1 2 0
2 0 1 0 1 1 1 2 2 1 1 2 0 2 1 2 2 0 1 2 1 2 1 0 1 2 1 2 2 0 2 1 2 2 1 0 0 0 0 0 1 1 0 2 1 0 1 1 0 0 1 2 0 2 1 2 2 2 2 1 1 1 0 0 0 2 1 2 2 2 0 0 2 0 2 0 1 1 2 2 2 0 2 0 0 0 0 0 0 2 2 2 1 0 0 2 2 2 2 0 2 2 1 2 1 1 2 2 0 0 2 0 1 2 1 2 2 2 0 0 1 2 0 0 2 0 1 0 1 0 0 0 1 1 0 2 0 0 2 1 0 0 2 2 2 1
2 2 1 2 1 2 1 1 0 2 0 1 2 2 2 0 0 0 2 0 0 1 0 1 0 2 1 1 1 1 0 1 1 1 0 2 0 2 2 1 1 0 0 1 0 1 2 0 1 0 0 0 1 0 1 2 2 0 0 1 1 0 0 0 2 0 1 0 0 1 2 2 2 1 2 2 2 1 2 0 1 2 1 0 0 0 0 1 0 0 0 2 2 1 0 1 2 2 2 0 0 2 0 2 0 2 2 0 1 1 1 1 1 0 1 2 0 1 0 2 0 2 2 2 0 0 1 0 2 1 1 0 1 2 0 2 2 2 2 0 0 0 1 2 1 1
2 0 2 0 2 0 2 2 0 0 0 2 1 2 1 0 1 2 0 1 2 2 1 2 0 2 0 0 2 2 1 2 0 1 2 0 2 0 2 2 0 2 2 2 0 0 0 1 0 0 2 0 2 1 2 1 1 0 1 1 0 0 0 1 1 2 1 1 2 0 1 1 1 1 1 2 2 2 1 2 2 1 0 2 0 0 0 2 1 2 0 2 2 0 0 1 0 1 0 1 0 2 2 2 0 0 1 0 2 0 1 0 1 2 2 2 2 0 1 1 0 1 1 2 1 2 1 2 1 2 1 1 2 0 1 0 1 0 1 2 0 2 2 0 1 2
2 2 2 1 1 0 2 2 2 2 2 1 2 1 1 0 0 0 0 2 1 2 2 1 2 0 0 1 0 0 0 0 0 0 1 1 0 1 1 0 0 1 0 0 0 1 0 0 2 1 2 2 0 0 0 0 1 1 2 2 2 1 2 2 1 1 1 0 0 1 1 1 2 1 1 0 2 1 0 0 2 1 2 0 1 2 1 2 1 1 1 1 0 0 0 1 2 0 2 2 1 1 0 1 2 2 1 0 0 1 1 0 0 0 2 1 0 0 0 1 2 2 2 2 0 1 2 2 1 2 0 0 0 1 1 1 1 0 1 1 2 2 0 0 0 2
1 1 0 0 2 1 2 0 1 0 2 0 1 1 0 1 1 1 2 0 2 0 0 1 0 2 1 0 0 1 0 2 2 0 2 0 2 2 1 1 0 1 1 1 2 2 0 1 1 2 1 1 0 2 0 1 2 1 1 0 1 2 0 0 0 0 1 0 2 0 1 0 1 2 1 0 0 1 2 2 2 0 0 0 0 0 1 1 0 0 1 1 2 1 2 2 2 2 2 1 2 1 2 1 2 1 1 2 1 1 1 1 2 2 1 1 1 2 2 1 2 1 0 2 0 2 2 2 1 0 0 1 1 0 2 0 0 1 0 2 0 2 0 1 2 1
2 0 1 2 1 1 0 1 0 0 1 0 2 1 0 0 2 0 2 2 0 0 1 2 2 0 1 2 1 0 1 1 1 2 0 0 1 1 2 2 1 1 2 1 0 1 2 2 1 1 2 2 1 1 1 1 1 1 1 2 2 2 0 1 2 1 1 0 2 2 2 0 1 0 2 1 1 2 1 0 1 0 2 0 1 2 1 0 0 0 0 2 0 1 0 0 2 0 1 0 0 2 1 1 2 1 2 1 0 0 1 1 1 0 2 2 2 2 0 0 0 1 0 0 0 1 1 0 2 0 0 2 0 2 0 2 1 2 0 1 0 1 0 1 2 0
1 0 0 2 0 0 1 0 1 1 2 0 2 1 1 0 2 1 0 2 1 1 2 2 0 2 1 1 2 0 2 0 0 0 0 1 0 2 2 1 0 2 2 0 2 1 2 1 0 2 0 2 2 0 1 2 1 2 1 0 1 0 1 1 0 1 0 1 1 1 1 2 0 1 0 2 0 0 0 1 1 2 1 0 2 0 2 1 1 1 1 2 2 2 1 1 2 2 2 0 1 0 0 1 2 2 1 0 2 2 2 0 1 0 0 2 1 1 0 0 0 0 2 2 0 0 0 2 0 1 1 1 1 2 1 1 1 0 2 2 2 2 0 2 0 2
2 2 0 0 2 0 0 1 0 1 0 2 1 1 0 2 0 2 2 1 2 1 2 1 1 1 1 2 1 0 1 1 2 1 2 0 2 2 2 0 0 2 2 2 1 2 2 2 0 2 1 2 1 0 1 2 2 0 2 2 1 0 0 0 2 2 0 2 2 0 0 2 0 2 2 2 0 2 1 0 1 0 2 0 0 1 0 0 2 0 0 0 1 0 1 0 0 2 1 2 0 1 2 2 1 0 1 1 2 1 2 0 1 2 2 2 1 0 0 0 0 0 1 1 1 0 0 1 0 1 1 2 2 2 1 1 2 2 0 1 1 0 2 0 0 1
0 1 1 1 2 2 2 1 1 0 1 1 0 2 0 1 1 2 0 0 1 2 0 2 1 2 0 2 2 0 0 0 2 0 1 2 0 0 1 1 1 0 1 1 0 1 0 2 2 1 2 1 1 2 1 0 1 1 2 1 2 0 1 2 1 0 2 1 1 1 0 0 2 1 1 2 1 2 1 0 1 1 2 0 0 0 0 0 1 0 2 1 1 2 2 0 0 1 1 2 0 2 2 2 2 1 2 0 1 0 1 2 2 0 2 1 1 2 2 0 0 1 0 1 1 2 1 2 1 0 1 2 1 1 2 0 2 2 0 0 0 1 2 0 2 1
1 0 2 0 0 0 2 0 2 1 0 1 1 2 0 2 2 1 0 1 2 0 0 2 1 2 1 1 2 1 1 1 1 0 1 2 0 1 1 0 2 1 0 0 0 1 0 2 0 1 2 2 2 0 2 1 2 0 2 1 1 0 2 0 1 1 2 0 0 0 0 0 0 1 2 1 0 0 2 0 0 1 0 0 1 2 1 1 0 0 0 1 2 1 2 0 2 2 0 0 0 2 2 1 1 1 0 2 1 2 0 2 0 1 2 2 1 0 1 2 2 2 1 1 0 1 2 0 1 1 2 2 1 1 1 2 0 1 2 1 1 0 2 2 2 1
1 0 2 0 0 1 0 2 0 1 1 0 2 2 1 1 2 0 0 1 0 0 0 2 0 1 0 2 0 0 0 0 2 2 1 2 1 2 2 2 0 0 1 0 0 0 0 1 1 0 2 1 1 0 1 1 2 0 1 0 0 1 1 2 2 2 0 1 1 2 1 2 1 0 0 1 0 0 0 1 1 0 2 0 1 2 2 0 2 0 1 2 1 2 0 1 2 0 0 1 0 2 1 1 2 2 1 2 2 1 1 1 1 1 1 0 0 0 1 0 1 2 1 1 0 1 2 2 1 2 1 1 1 0 1 1 2 2 1 2 0 0 1 0 2 0
0 1 1 2 1 1 2 2 2 0 1 1 2 0 1 1 0 0 2 1 0 1 0 2 1 1 2 0 2 1 1 1 0 0 0 2 1 0 2 0 0 1 2 1 1 1 2 1 2 2 0 2 2 0 1 1 0 1 2 0 1 1 1 1 2 0 1 0 1 1 2 2 0 2 1 2 1 1 2 1 1 2 1 1 1 0 2 1 0 2 2 1 1 1 0 0 2 0 2 0 2 2 2 2 1 0 1 2 0 1 0 1 1 2 0 2 1 2 1 2 2 0 1 1 2 1 2 1 1 1 2 1 0 2 0 2 1 0 2 1 1 1 0 0 0 0
0 2 0 1 1 0 0 2 2 0 2 1 2 1 1 2 0 2 2 1 2 0 2 2 2 1 0 2 2 2 0 0 1 1 1 1 2 2 1 1 0 1 0 0 0 2 2 1 2 2 2 2 0 2 1 0 1 2 1 0 2 1 1 0 2 1 2 1 0 1 0 0 2 2 1 0 1 1 1 1 1 1 1 2 1 1 2 0 1 0 1 0 2 0 0 2 1 0 2 1 2 2 0 1 2 1 0 1 0 1 0 2 0 2 1 1 0 0 2 1 1 1 2 1 1 2 0 2 0 0 0 0 0 1 0 0 1 0 1 2 1 0 1 0 2 2
2 0 0 2 2 1 0 1 0 1 1 1 1 0 2 2 0 0 1 0 1 0 1 0 2 1 0 0 1 2 0 0 0 0 2 2 0 0 0 0 2 2 2 0 0 2 0 0 2 2 2 0 2 0 1 2 1 1 2 0 2 0 1 2 0 1 2 0 0 0 2 2 0 1 1 0 0 1 2 1 1 1 1 1 2 0 0 2 0 0 2 0 0 0 2 1 0 2 2 0 1 1 0 1 0 1 0 2 0 2 0 1 1 2 0 1 1 0 0 1 0 0 1 1 1 1 0 2 2 0 2 0 2 0 2 2 1 0 1 0 0 2 1 1 0 0
0 1 0 0 0 2 1 1 1 0 0 1 2 2 1 0 0 0 1 0 1 0 0 0 0 1 0 0 0 1 0 0 2 1 2 2 0 1 1 2 1 1 1 2 2 0 0 2 1 1 2 0 2 1 1 0 2 2 0 0 0 1 2 0 2 1 2 0 0 1 0 0 2 1 2 2 2 0 2 2 2 2 0 1 0 1 2 0 1 0 1 2 1 0 0 1 2 2 2 2 1 0 2 1 2 2 1 2 2 0 2 2 0 2 1 0 2 0 1 1 2 0 1 0 0 1 2 2 2 2 2 0 2 2 2 2 1 1 2 2 2 1 1 2 0 0
1 2 2 0 1 1 0 0 2 0 2 2 0 2 1 2 0 2 2 0 1 2 2 0 1 2 2 0 1 2 2 2 0 1 2 2 2 0 2 1 0 1 1 1 2 0 2 2 2 2 0 1 1 0 2 0 2 1 2 1 1 1 2 1 2 2 0 2 0 0 1 0 0 0 0 2 1 0 1 1 2 2 2 1 2 1 2 1 0 1 1 1 2 0 0 1 2 1 1 2 2 0 1 2 0 2 1 1 2 0 2 1 2 2 2 0 1 2 2 1 1 0 2 1 0 0 0 1 2 2 0 1 2 2 1 2 1 0 1 0 1 1 2 1 0 2
1 1 2 1 0 1 2 0 2 1 1 0 2 0 2 0 2 1 0 1 1 2 1 2 0 0 0 0 1 1 2 0 0 0 2 0 2 2 1 1 0 2 2 0 0 2 1 0 0 2 1 2 1 0 2 1 1 1 1 2 2 2 0 0 0 0 0 2 0 1 1 1 1 0 2 2 2 0 2 1 2 1 1 0 2 0 0 0 2 2 0 2 2 1 2 2 2 0 1 2 0 0 1 1 1 0 2 1 1 1 2 0 1 0 2 0 2 0 2 1 2 2 1 0 1 0 2 0 2 2 0 2 2 2 1 1 2 0 0 1 0 0 2 1 1 2
2 1 0 1 0 1 1 2 1 0 0 1 1 2 1 2 1 1 2 0 0 2 1 0 1 1 2 2 2 0 1 2 2 2 1 0 0 0 2 2 1 1 0 2 0 2 1 0 1 1 1 2 1 2 0 2 1 2 1 0 0 1 0 0 1 2 0 2 0 1 1 1 2 1 0 0 1 0 0 2 1 1 2 2 1 0 0 0 0 2 0 1 0 2 2 1 2 0 0 2 1 1 1 1 1 2 2 2 2 0 0 2 0 0 2 1 1 2 1 2 2 2 1 2 2 0 2 2 1 2 1 0 2 0 2 1 0 2 1 2 0 1 1 0 2 2
2 1 1 1 1 1 1 2 2 1 0 1 0 2 1 0 0 1 1 0 2 1 0 1 2 1 0 1 1 1 0 1 2 0 2 1 1 1 1 0 0 0 2 2 2 1 0 0 0 1 0 0 0 0 1 0 1 1 1 0 2 0 2 0 0 1 2 1 1 0 0 1 0 2 0 0 1 0 0 2 0 2 2 0 0 1 1 2 0 2 0 1 2 0 1 2 2 0 2 0 1 2 0 0 1 1 0 1 2 2 0 2 1 0 0 1 1 1 1 2 1 0 0 2 0 2 2 0 0 1 2 2 0 2 2 0 0 0 1 0 0 2 0 2 0 1
2 2 0 0 1 2 1 0 2 2 2 1 0 0 0 2 0 1 2 0 2 2 0 1 0 1 0 1 1 1 0 0 0 0 2 2 0 0 2 2 0 2 1 1 2 2 0 2 1 2 2 1 2 1 0 0 0 2 2 1 0 2 2 1 0 1 1 1 2 0 0 0 2 2 1 0 2 2 0 1 1 1 0 2 2 0 2 0 2 1 1 1 1 1 2 2 0 0 0 1 1 1 1 1 1 0 1 0 2 0 2 2 1 2 1 0 1 1 1 1 0 0 2 1 2 1 1 0 2 1 1 1 1 1 0 2 1 2 0 1 0 1 1 1 1 0
2 2 2 0 2 2 1 1 1 1 1 0 2 1 2 2 0 0 0 1 0 2 1 2 1 2 0 0 0 1 0 0 2 2 1 1 2 0 0 1 1 1 2 2 0 2 1 1 1 2 2 1 1 1 1 0 0 2 0 1 1 2 2 1 2 1 0 2 2 0 1 0 0 1 2 1 0 1 2 1 0 2 1 2 0 0 0 1 0 1 0 2 1 0 0 1 1 0 1 0 1 0 2 1 1 2 2 2 1 2 2 2 1 0 2 0 0 0 1 0 2 2 2 1 2 0 0 1 1 1 2 1 1 1 2 0 0 0 2 2 2 1 2 2 2 2
2 0 0 1 1 2 1 2 1 1 0 1 2 0 0 2 1 2 0 0 2 2 1 2 2 2 1 1 2 1 1 2 2 1 0 1 1 2 0 0 0 2 2 0 2 0 0 0 0 0 1 2 0 0 2 0 0 1 2 2 2 1 1 1 0 2 2 2 1 1 0 2 1 2 2 0 0 2 1 0 1 2 0 2 0 0 2 0 1 0 0 1 1 1 2 1 1 0 1 0 2 1 2 0 1 0 1 2 0 2 0 1 1 1 2 2 1 1 0 1 1 1 2 0 0 0 0 2 0 1 0 0 0 1 0 2 1 2 1 2 1 2 1 2 0 1
2 0 2 1 1 2 2 0 2 0 0 0 0 1 1 1 1 2 2 2 2 1 1 2 0 0 1 2 0 0 0 0 0 1 1 1 0 1 2 0 2 1 1 2 2 0 1 2 1 0 2 0 2 2 0 0 2 2 0 0 0 1 1 0 0 0 2 0 2 1 1 2 0 0 2 1 1 1 0 2 2 0 0 2 2 2 0 0 2 0 0 2 2 2 2 2 0 2 0 0 1 0 2 2 0 2 0 1 0 1 1 1 1 0 1 2 2 1 2 1 2 2 0 0 2 0 0 0 0 2 0 1 2 0 0 2 2 0 2 1 1 1 0 1 2 1
0 1 0 2 0 0 2 1 0 2 1 2 2 1 1 0 1 0 1 1 0 2 0 0 0 1 2 1 2 1 2 0 1 0 0 1 0 0 0 1 0 2 0 1 2 2 2 0 0 1 2 0 0 2 2 1 2 2 2 2 0 2 0 2 2 0 2 2 1 0 1 0 0 2 1 2 1 0 0 1 1 1 0 2 0 2 0 2 1 2 2 2 2 2 2 1 0 2 1 0 2 0 0 2 0 1 0 1 1 0 1 1 1 1 0 0 0 2 2 2 2 2 1 2 1 1 0 0 0 2 0 2 0 0 0 0 2 0 2 1 1 0 2 1 1 1
1 2 0 1 2 2 1 2 2 0 1 1 0 2 1 0 2 1 1 0 2 0 0 0 2 2 0 2 1 0 0 2 0 1 1 1 2 2 0 1 0 1 2 1 1 1 0 2 0 1 2 1 0 1 1 2 1 2 1 2 0 0 2 1 1 0 2 1 1 0 0 1 2 0 0 2 2 0 1 1 0 1 2 0 0 1 2 1 0 1 1 2 2 0 0 1 2 0 2 0 1 0 2 0 2 2 2 1 0 1 2 0 1 2 1 1 1 0 0 0 2 1 2 2 0 0 1 2 1 1 2 2 2 1 0 1 1 0 0 1 2 1 2 0 1 0
2 0 1 0 0 2 1 2 1 2 2 0 1 0 1 1 0 0 0 0 2 2 1 1 1 1 2 2 1 0 2 1 0 2 1 1 1 1 0 0 0 0 0 2 1 2 1 1 1 2 2 0 1 0 2 2 2 1 2 1 0 2 0 1 2 0 0 1 1 1 2 2 2 0 2 1 2 1 0 0 0 0 2 2 0 1 2 0 1 2 2 2 2 2 0 2 0 1 0 1 0 2 2 0 0 1 1 2 2 2 0 0 2 0 2 0 1 2 1 0 2 0 2 1 0 0 0 1 1 1 0 2 1 2 2 1 1 2 0 1 1 1 2 1 1 2
2 1 2 0 1 1 1 1 0 2 2 0 1 1 2 2 1 0 2 1 1 1 0 0 1 0 2 0 1 1 0 1 0 0 1 1 2 2 0 0 1 2 1 0 1 2 0 0 2 0 1 2 2 0 0 0 1 2 1 0 1 2 1 1 0 2 1 0 2 2 1 1 2 0 2 1 2 2 2 2 1 0 2 1 1 2 2 2 1 1 2 1 0 1 0 1 0 1 2 0 1 0 2 1 0 1 0 0 2 2 0 0 0 2 1 2 2 0 2 1 2 0 2 2 1 0 1 0 2 0 0 0 0 0 2 2 2 2 0 1 1 1 2 2 0 1
2 0 2 1 1 1 2 1 0 2 2 2 0 1 0 0 0 1 1 2 1 1 2 1 0 0 2 0 2 0 1 2 0 0 2 2 2 1 1 0 1 0 0 1 0 1 0 0 2 2 2 1 1 1 2 1 0 2 1 0 0 0 0 1 1 2 0 0 0 0 0 0 0 2 2 1 0 2 1 0 2 2 1 0 1 1 2 1 0 1 2 0 1 2 2 2 2 2 0 0 2 2 0 1 1 0 2 1 0 2 1 1 1 0 2 0 1 2 2 2 1 2 0 0 2 2 0 1 2 2 1 2 2 0 1 0 1 1 2 1 0 1 0 2 1 0
0 0 0 0 2 1 2 2 1 1 2 0 0 1 2 2 1 2 2 0 2 0 2 2 0 0 0 0 1 2 1 1 2 1 2 2 0 1 2 2 0 1 0 1 0 0 0 0 2 0 0 1 1 2 1 1 1 1 2 2 1 1 1 1 0 0 0 1 1 0 0 2 2 1 0 0 2 0 0 2 1 0 1 0 1 0 1 2 2 1 2 1 0 0 2 1 0 1 2 2 1 2 1 1 1 2 2 1 0 0 1 2 1 2 0 2 2 1 2 0 1 1 1 2 2 1 0 2 2 2 1 2 2 2 1 2 2 0 1 0 0 2 0 2 2 0
0 0 2 2 0 0 2 1 0 1 0 1 2 0 1 0 0 1 1 1 1 0 1 2 1 2 2 1 2 1 1 2 1 1 0 1 2 0 0 1 1 1 2 1 2 1 2 2 0 0 0 1 1 2 1 0 2 1 2 1 2 2 2 2 0 2 1 0 2 2 2 1 1 2 0 0 1 2 0 1 0 1 0 2 1 2 0 1 0 0 0 0 2 2 0 0 1 2 1 1 2 1 0 0 1 1 1 2 1 2 0 1 0 0 1 1 0 0 0 0 1 0 0 1 1 1 1 0 1 0 2 0 1 0 1 2 1 2 2 2 1 2 1 2 0 2
1 0 0 1 0 1 2 2 2 0 1 1 1 0 2 0 0 1 1 1 2 2 1 1 1 0 2 2 0 2 2 1 1 1 0 2 2 0 2 2 1 0 0 0 0 0 1 1 0 2 0 0 1 2 1 0 0 1 2 0 1 2 2 0 0 0 2 1 1 2 0 2 0 1 0 1 0 1 0 0 0 2 0 1 1 2 1 0 1 1 0 0 1 1 0 0 1 2 1 2 2 2 2 0 1 2 2 1 0 2 2 0 1 0 2 1 1 0 1 0 2 2 1 1 0 1 1 0 1 0 0 1 2 1 2 1 1 1 1 2 1 1 0 1 2 1
2 1 1 1 1 2 0 2 0 2 1 2 0 0 2 0 2 2 1 1 0 0 0 2 0 2 1 1 0 0 2 0 2 2 2 0 1 0 0 1 2 2 1 2 2 0 1 0 0 2 1 1 0 2 1 0 2 2 0 0 0 2 0 2 2 2 0 0 2 0 2 0 0 0 0 2 1 1 2 2 2 2 1 0 2 2 2 1 2 2 1 2 2 2 2 2 2 2 2 2 0 0 2 0 1 1 0 1 0 1 0 2 0 2 1 0 2 0 1 1 2 0 1 1 2 0 0 1 2 1 1 2 2 1 0 0 0 1 2 0 0 0 1 1 2 2
1 0 2 0 1 2 0 0 0 0 0 2 2 1 1 0 0 0 2 2 1 0 1 1 1 1 2 0 2 2 0 1 2 0 1 2 2 2 2 0 0 0 0 0 1 1 1 0 2 1 2 2 1 0 1 0 2 1 1 2 0 1 1 1 2 0 0 2 0 0 0 0 0 0 1 2 0 2 2 2 0 2 2 0 0 0 1 2 1 0 2 0 2 0 1 2 0 2 1 0 2 2 1 2 1 2 2 1 1 1 1 0 0 1 0 0 2 2 0 1 2 2 1 0 0 0 0 0 2 2 1 2 0 2 1 1 1 2 2 1 0 1 1 2 0 2
