3 147 19
954806066 711941365 1105658140 122699003 512728113 627845339 183722118 280379599 100140918 200839548 979217267 664129175 11621035 130095465 952798845 154651028 127217613 383989492 734558096 978911413 920285287 326198114 132223911 839423252 86526221 455455242 777132911 1111083021 199000228 753620148 557604159 132580399 89089652 579587669 31186871 1114251812 636157138 307759825 800813216 1107546448 1123805078 40849537 1020324691 727429919 307863730 480260887 822695851 949055586 598716690 447580056 897567734 869684526 306073875 282279774 848693619 529957843 255701108 4613654 148832579 612635822 1098905068 72288842 183641775 476213781 350159649 393519116 922934165 962679135 771955966 107360782 93752957 604660428 563958993 117980592 605006136 1123855494 925947576 400780677 319149235 784540268 729012718 63403523 644428702 406123090 1080538633 532400421 6870953 707958939 409898597 692377273 703610867 729210305 149741836 1057142215 532792143 443682997 715285898 287943941 1061720169 354644816 1026085928 552233203 662974757 814877979 123227856 729173323 402955717 715083531 201310055 403775917 1073704777 581172550 153637815 971370966 370314376 435935005 1142450550 1034833691 701746667 1131471039 9855164 592306486 347027680 660231706 344801019 847226997 496714108 165447397 310465414 733018077 971791805 192395879 603953627 53790285 814335265 584042920 288299582 143600542 229932640 390778101 762282200 1087244995 31580548 910962828 837957860 769420322 119112383
0 0 0 2 2 1 1 2 0 2 1 0 1 0 0 1 1 2 2 0 0 1 0 1 1 2 0 1 1 0 2 1 1 0 0 2 1 2 1 1 1 0 0 1 1 0 2 0 1 2 0 1 1 0 1 2 0 2 1 1 2 1 1 2 2 2 1 0 2 0 2 0 1 0 1 0 0 2 0 2 1 1 1 2 2 0 2 0 2 1 2 1 2 0 1 1 1 2 0 0 0 0 1 2 0 1 0 1 0 0 1 2 2 2 2 0 2 2 1 1 0 0 0 2 2 2 2 1 2 2 2 1 2 0 0 2 2 0 0 2 1 2 1 2 2 0 2
1 0 1 0 0 2 2 0 2 2 0 0 2 2 2 0 2 1 1 1 0 1 2 0 1 0 2 0 2 1 0 2 1 1 2 0 0 2 0 0 1 0 1 2 0 1 2 2 0 1 1 0 0 0 1 1 1 2 2 1 0 2 0 2 1 2 2 0 0 0 1 2 1 2 1 1 1 1 1 1 0 2 0 0 1 1 0 2 1 0 0 2 0 0 2 2 1 2 2 2 1 1 1 2 1 0 2 2 2 0 2 0 1 2 0 0 1 1 2 0 2 1 0 0 2 2 2 1 0 0 0 1 1 2 1 0 0 0 1 0 2 0 0 1 0 1 1
2 0 0 0 2 2 1 0 2 1 2 0 1 0 1 0 2 1 2 2 2 2 1 2 2 1 0 0 2 1 1 2 2 0 2 1 0 1 2 2 0 2 1 1 0 0 0 2 1 2 0 1 2 1 1 2 1 1 0 0 0 0 0 0 1 1 2 1 2 2 2 2 2 0 2 2 0 2 2 2 2 0 0 1 2 1 1 1 0 2 0 0 0 0 0 1 2 0 0 2 0 2 2 2 2 2 1 0 2 1 2 1 2 0 0 2 1 1 1 2 1 1 0 1 2 1 0 1 2 2 1 2 1 2 1 2 1 0 2 1 2 2 2 2 0 2 1
2 2 2 2 1 2 2 1 1 1 1 0 0 0 0 1 0 2 2 2 0 0 1 1 0 1 2 2 2 2 1 2 1 1 1 0 0 2 1 2 1 0 0 2 2 1 0 2 0 1 2 1 1 1 1 2 0 0 1 0 2 2 0 2 2 2 0 2 2 1 2 0 2 0 1 1 1 1 1 2 0 1 0 2 0 2 2 1 2 1 2 0 1 2 2 0 2 2 0 2 1 0 0 0 0 1 0 1 1 2 1 1 1 1 1 1 1 1 2 1 0 1 1 1 1 1 0 1 1 1 0 2 1 1 1 1 0 1 0 1 1 1 0 2 0 2 1
2 0 1 2 0 0 1 0 2 0 1 1 1 2 1 2 0 0 0 2 1 2 0 2 0 1 0 1 2 0 0 0 1 2 2 0 0 0 0 0 0 2 1 0 1 0 2 2 1 2 2 0 1 2 2 2 1 1 1 0 2 2 0 0 2 2 0 2 1 1 2 1 1 1 2 2 2 1 2 1 1 1 1 0 0 1 0 1 0 1 2 2 1 0 0 0 0 1 0 1 1 2 0 2 2 1 0 1 2 2 0 2 1 1 2 1 0 2 0 1 2 0 1 0 0 2 1 1 1 2 0 0 2 2 0 1 0 0 0 0 1 0 2 2 2 2 1
1 2 2 2 2 2 0 1 1 0 0 0 2 2 1 0 1 1 0 0 1 2 0 2 1 2 0 0 1 0 2 2 0 2 2 0 2 1 2 0 2 2 1 2 1 0 2 2 1 0 0 0 0 1 0 1 1 0 2 0 0 2 1 1 1 0 2 0 2 1 2 1 0 0 0 2 1 0 1 2 2 2 0 2 1 0 1 2 1 1 2 2 0 0 0 1 2 0 0 1 1 2 1 2 2 2 1 0 1 1 0 0 0 1 0 2 1 2 1 0 1 1 1 1 0 2 0 2 0 1 1 2 0 0 2 0 0 0 1 1 1 1 2 2 2 2 1
1 2 0 0 0 0 1 2 0 0 0 0 0 1 2 0 1 0 0 1 1 1 0 0 1 1 2 0 1 2 0 1 2 1 1 2 1 0 2 2 0 2 0 2 2 0 2 0 1 0 0 2 1 0 2 2 0 2 1 2 1 1 0 1 0 2 1 0 2 1 2 0 2 1 0 1 2 2 2 0 0 0 0 1 1 2 1 1 2 2 1 1 1 2 2 1 2 2 2 2 1 0 0 0 1 0 2 0 0 2 1 0 2 1 1 1 1 0 0 0 0 2 1 1 2 2 1 1 1 1 1 0 1 2 1 2 2 1 0 0 1 1 0 2 2 0 0
1 1 2 1 2 1 0 1 1 0 0 0 2 2 2 2 0 1 0 1 2 0 1 2 1 1 1 0 1 2 2 0 0 1 1 2 0 2 1 2 2 1 2 1 1 2 1 2 2 2 0 1 2 1 1 2 0 2 2 2 2 1 2 0 0 1 2 0 1 1 2 0 1 0 0 2 2 2 2 1 1 2 0 2 2 2 1 2 2 0 2 2 0 1 0 1 0 0 0 2 0 0 0 1 0 0 1 1 0 2 2 2 1 1 2 1 1 0 2 0 1 1 0 2 1 1 1 2 2 1 2 2 1 2 1 0 1 0 1 1 2 0 1 2 2 0 0
0 1 0 2 0 2 0 2 1 2 1 1 1 0 0 1 2 2 0 2 1 0 0 0 0 1 2 0 1 1 0 1 2 2 0 2 2 2 0 0 1 2 1 0 0 2 1 0 1 1 0 1 2 1 2 0 2 1 0 1 2 2 1 2 1 2 2 0 1 0 1 2 0 0 2 1 2 1 1 1 0 1 2 0 2 1 0 2 0 1 2 0 0 0 0 2 2 0 2 2 1 0 1 1 0 2 0 0 1 1 1 2 0 1 0 0 2 0 0 0 2 0 2 0 0 2 2 0 0 2 2 2 2 2 1 0 2 2 0 0 1 2 0 2 1 0 0
0 1 1 2 1 1 2 2 1 1 1 2 0 1 2 0 1 1 1 0 0 1 1 2 0 0 2 0 2 0 0 1 2 2 0 0 1 2 2 0 1 2 0 2 1 0 2 2 2 1 0 0 0 2 2 0 2 0 1 0 0 0 1 0 0 2 0 1 2 1 1 0 1 2 1 2 0 0 2 0 1 0 1 0 2 2 1 2 2 0 2 0 0 0 0 0 2 1 1 1 2 1 0 0 1 1 0 2 2 0 2 1 0 1 2 2 0 0 1 0 0 2 0 1 2 0 2 0 1 2 2 2 0 0 0 2 2 1 2 2 2 1 1 2 0 0 2
1 0 1 1 2 0 1 0 1 1 0 1 1 2 1 0 0 2 1 2 1 0 1 1 2 1 2 1 2 0 1 1 1 0 0 1 1 2 1 2 1 2 1 2 2 0 0 2 2 0 0 1 0 2 1 0 0 1 2 1 2 1 2 1 2 0 2 0 2 1 0 2 1 1 2 1 1 0 1 1 0 1 1 0 0 2 1 2 1 1 1 0 2 1 2 2 1 1 2 1 1 0 1 0 2 0 1 1 0 2 1 1 1 2 0 0 2 1 0 0 2 1 2 2 2 1 1 0 1 2 2 2 2 0 2 1 1 0 1 2 1 2 2 2 2 2 0
2 1 0 0 2 1 2 1 1 2 1 0 0 0 2 2 2 1 1 2 0 2 0 2 0 0 2 0 0 2 0 0 1 2 0 0 1 1 2 0 0 0 0 1 1 0 0 2 2 2 1 2 2 2 0 0 0 2 1 0 2 2 0 1 1 1 1 0 0 1 1 0 0 1 2 1 2 0 0 2 0 2 2 0 1 2 0 1 0 2 2 0 1 0 1 1 2 0 2 2 1 0 1 1 1 0 1 1 1 2 0 1 2 0 2 1 0 0 0 0 2 0 1 2 1 2 1 0 2 0 0 2 0 1 1 2 0 2 0 2 0 2 1 2 0 1 0
0 1 1 2 2 0 0 2 1 1 0 2 0 0 2 0 0 2 2 2 2 2 0 2 2 2 0 2 2 2 1 1 2 2 1 1 0 1 1 1 2 1 0 1 1 0 2 2 0 1 2 0 2 2 2 1 0 2 1 0 2 0 1 2 0 0 0 1 2 1 2 2 0 0 1 2 1 1 2 2 0 1 2 2 1 1 2 2 1 0 0 1 1 2 0 1 0 1 2 0 0 2 0 0 0 2 0 2 1 2 1 1 0 1 2 0 0 1 2 1 2 0 1 0 0 2 1 1 1 1 1 1 1 1 0 2 1 0 2 2 0 1 2 1 2 1 2
2 2 0 1 1 0 0 2 1 0 0 2 2 2 1 1 1 1 1 1 2 0 0 0 1 1 2 0 1 1 0 1 1 0 1 0 1 1 2 0 2 0 0 1 1 0 0 2 1 2 1 0 0 2 1 1 2 0 2 0 2 0 0 0 1 1 0 0 0 0 0 0 1 2 2 2 2 2 2 0 0 1 1 0 2 0 0 1 1 0 2 1 0 2 2 2 1 0 2 2 1 1 2 2 0 2 2 0 0 0 1 0 1 2 1 0 0 1 2 2 1 2 1 1 1 0 0 0 1 1 0 0 2 0 0 0 2 1 0 2 1 1 2 0 1 1 1
2 2 1 2 2 0 0 0 0 1 2 1 0 1 1 1 0 1 2 0 0 0 0 0 1 2 0 2 0 2 1 0 2 2 2 2 1 0 2 1 2 2 2 2 0 0 1 1 2 0 1 2 1 2 0 0 2 1 0 0 0 2 1 0 2 1 2 1 1 0 2 1 0 2 1 2 2 2 0 2 1 2 1 2 2 0 0 2 1 1 0 2 0 1 1 0 0 1 1 0 2 1 1 1 0 0 0 0 0 0 2 1 0 2 1 0 2 2 0 1 1 0 1 2 2 0 1 0 2 2 0 2 2 2 0 2 0 1 1 1 2 0 2 0 2 1 1
1 1 1 2 2 2 1 2 2 1 0 2 1 1 0 2 0 0 0 0 1 2 1 2 2 2 2 2 2 1 1 1 2 0 1 2 0 0 2 2 0 0 2 1 1 0 1 1 0 2 0 1 2 1 1 1 1 1 1 1 2 0 0 0 1 2 2 1 0 2 1 0 0 1 2 1 1 1 1 1 1 1 1 0 2 2 1 2 1 0 0 2 1 1 2 2 0 1 1 0 2 2 1 2 0 1 1 2 0 2 1 2 1 2 2 2 0 1 1 1 1 2 1 2 0 0 2 0 0 0 2 2 0 0 2 1 2 0 0 0 0 2 2 2 2 2 1
2 1 2 2 0 1 1 0 2 2 0 1 2 1 0 2 2 1 1 1 2 1 0 0 2 0 1 2 2 1 0 0 0 1 0 0 0 1 0 0 0 1 1 0 0 2 2 0 1 0 1 1 0 1 2 2 1 1 1 2 2 0 2 2 1 0 0 1 1 1 2 0 0 0 1 0 0 1 0 0 2 0 1 2 1 1 0 1 2 2 0 2 2 2 2 1 0 0 0 2 2 2 2 2 1 2 1 2 1 1 2 0 1 2 1 1 0 2 2 0 1 2 0 2 2 0 0 2 0 1 1 2 1 2 0 0 1 1 0 0 2 0 1 2 2 2 0
2 2 2 0 1 2 1 0 1 2 1 1 0 0 0 0 2 0 0 2 2 1 2 2 1 0 1 1 2 1 1 0 1 1 1 0 1 1 0 0 1 1 1 1 2 0 2 1 0 0 0 0 2 1 2 1 1 1 2 2 0 2 0 1 1 1 1 0 0 2 0 1 1 0 0 1 0 2 2 1 0 1 1 2 0 2 1 2 1 2 2 1 1 2 0 0 2 2 1 2 2 2 1 2 0 1 0 0 1 0 2 1 2 1 2 2 1 0 0 2 2 2 2 1 0 0 2 2 1 1 2 0 0 0 2 1 2 0 2 1 2 2 0 1 1 0 2
2 1 0 2 1 2 2 0 0 0 0 2 1 1 0 2 0 1 2 1 1 0 2 0 2 1 1 1 2 2 1 2 1 1 1 2 1 2 0 2 2 0 2 1 0 2 0 1 1 0 0 0 1 2 1 1 0 2 0 2 2 1 1 0 2 1 0 2 0 0 1 0 2 0 1 0 1 2 1 2 1 2 2 0 2 1 1 0 0 2 1 0 1 0 0 2 2 1 1 2 0 2 0 2 0 2 2 1 2 1 1 1 1 1 1 0 2 0 2 0 0 0 1 2 1 2 2 1 2 0 0 2 0 2 1 1 1 1 0 1 0 1 2 1 0 1 0
0 2 2 1 0 0 2 2 1 0 2 2 2 2 1 1 0 0 0 2 1 2 2 0 2 1 0 1 2 2 1 0 2 1 1 2 1 2 0 1 0 2 0 2 0 2 1 0 2 2 2 2 1 2 0 1 2 0 0 1 2 2 2 2 1 2 2 0 1 0 2 1 2 0 1 2 0 0 1 0 2 0 2 1 1 2 0 0 0 0 2 0 0 2 1 2 1 0 0 0 1 2 1 0 2 0 1 0 0 2 1 0 0 0 2 2 1 2 2 2 0 0 0 1 2 1 1 1 2 1 1 0 1 0 1 1 0 0 2 1 0 0 1 0 1 0 0
0 0 0 2 0 0 0 2 0 1 0 1 1 1 0 1 2 0 0 2 1 0 1 2 0 2 1 2 1 2 0 2 2 1 1 1 2 2 0 0 1 1 2 0 0 0 2 1 1 1 0 0 2 2 1 1 1 2 0 2 0 1 2 0 2 1 1 1 0 0 2 2 2 2 0 0 0 0 1 2 2 2 0 1 1 1 2 0 1 0 1 2 1 0 0 1 2 2 0 0 2 0 0 2 2 2 0 0 2 2 2 2 0 0 0 2 2 0 0 2 0 2 1 2 2 2 1 2 2 1 0 2 2 1 2 2 0 0 0 0 0 0 2 0 1 0 1
1 1 2 1 1 1 2 1 0 2 2 0 2 1 1 1 0 0 1 2 0 2 0 1 0 1 1 1 0 1 2 2 2 1 0 2 2 0 0 1 0 1 2 2 0 1 1 0 1 0 0 2 0 1 1 1 0 0 0 1 2 0 0 2 0 1 2 0 2 0 2 2 1 2 2 1 1 0 2 0 1 1 2 2 0 1 1 2 2 1 1 1 0 2 1 0 1 1 0 0 2 0 0 1 0 2 1 1 1 1 1 2 2 0 2 1 2 1 0 2 0 2 1 1 1 0 1 0 2 0 1 2 1 2 0 1 2 1 2 1 0 0 2 0 1 1 2
2 0 2 1 2 2 0 0 1 2 0 2 1 0 0 0 1 0 1 2 1 0 2 2 1 2 1 1 1 1 1 0 2 1 2 1 2 0 0 0 2 0 2 0 1 0 1 0 1 0 0 2 1 2 1 2 2 1 1 0 0 0 1 2 0 1 2 2 1 2 2 2 0 2 2 2 2 2 2 0 0 0 0 1 2 0 0 2 2 1 2 2 0 1 1 0 0 0 2 0 0 2 2 0 1 2 0 1 1 0 0 1 0 1 0 2 1 0 1 0 0 2 2 1 1 2 1 2 2 1 2 1 0 1 2 2 1 0 0 0 0 1 2 1 0 0 1
2 1 1 0 2 0 0 0 1 2 1 1 0 2 0 2 0 2 1 2 1 1 1 2 0 2 2 1 0 0 0 0 2 1 1 2 2 1 0 2 2 2 0 0 0 2 2 0 1 1 1 0 0 0 0 1 0 1 2 1 1 0 1 1 2 0 1 2 2 2 1 1 2 2 2 2 1 2 1 0 1 2 2 2 2 0 0 2 1 0 1 0 0 0 2 0 0 0 0 0 0 2 2 0 1 0 2 0 2 1 2 1 1 1 1 1 1 1 1 1 2 0 2 1 1 1 1 1 2 2 2 0 2 2 0 1 2 1 2 2 2 1 1 1 0 2 0
2 2 2 0 1 0 2 2 1 1 2 0 1 2 0 1 2 0 0 1 2 1 1 1 1 2 0 0 0 0 1 2 0 0 0 1 0 0 2 2 1 2 1 0 1 1 2 2 2 2 0 1 1 2 0 2 2 2 1 2 0 2 1 0 2 2 1 1 1 1 1 2 0 2 0 0 1 0 0 0 0 1 2 2 0 1 1 2 0 2 2 0 2 1 0 0 1 2 2 2 2 0 2 0 0 0 0 2 1 0 0 1 1 0 1 2 1 0 1 1 0 0 2 1 2 0 1 1 1 0 1 0 1 0 0 2 2 2 2 0 0 0 0 2 0 1 2
2 2 1 1 1 2 2 2 2 2 1 1 0 2 2 0 1 1 2 1 0 1 0 1 1 0 2 1 0 2 1 0 2 0 0 0 0 2 0 0 2 2 1 0 1 2 1 0 0 0 1 1 1 2 0 1 2 0 2 0 0 1 2 2 1 2 0 2 2 1 0 1 1 1 2 2 0 1 0 1 2 2 2 2 2 1 0 2 2 0 0 2 2 0 1 0 2 2 0 2 1 0 0 2 0 0 2 1 2 1 0 2 0 0 1 1 1 2 0 0 0 1 2 2 1 2 0 1 1 1 0 2 1 2 1 1 0 2 0 0 0 1 2 0 1 1 2
1 0 0 2 0 1 0 0 0 2 1 2 0 2 1 1 1 0 0 0 0 2 1 0 2 2 0 1 1 1 0 2 0 0 0 1 0 0 2 1 2 0 0 0 0 1 1 1 2 0 2 0 2 0 1 0 0 2 1 2 1 2 2 1 1 2 1 1 0 0 2 2 1 0 1 2 0 2 0 0 0 1 1 0 2 2 0 0 2 2 0 1 1 0 2 2 1 1 1 1 1 1 1 0 0 2 2 0 2 1 0 0 2 2 1 1 0 2 2 2 1 2 0 2 1 1 0 2 2 1 0 2 1 2 2 1 2 0 1 0 1 2 1 1 0 2 0
0 1 0 2 0 0 0 0 2 2 0 1 1 0 0 0 1 2 1 0 0 1 2 0 0 2 2 2 2 2 2 2 1 0 0 1 2 0 1 1 0 0 0 1 1 1 0 0 0 2 0 1 1 2 2 2 1 1 1 1 0 1 1 1 2 1 0 1 2 2 0 2 0 0 2 1 1 0 2 0 0 2 2 1 2 2 0 0 0 2 2 2 0 2 1 0 0 2 2 1 2 0 1 2 1 0 1 1 1 1 2 1 0 1 0 0 0 1 1 2 0 1 1 2 1 2 2 2 2 0 0 1 0 2 1 1 0 0 0 2 1 2 1 2 1 2 2
1 0 1 1 2 0 2 1 1 0 1 0 0 1 2 2 2 1 1 2 2 2 2 2 1 2 1 1 0 0 1 2 1 0 1 0 0 1 2 2 2 1 0 0 0 0 0 1 2 1 0 1 1 0 1 0 2 2 2 0 0 0 1 1 1 2 0 2 1 2 2 2 1 0 2 0 0 2 2 2 1 0 1 0 0 2 0 1 2 0 1 0 0 0 0 2 2 0 2 2 0 2 1 0 2 0 0 0 0 2 2 1 0 1 1 0 1 2 1 1 2 1 0 1 1 0 1 2 1 0 2 2 0 0 2 2 1 0 0 2 0 2 0 0 2 0 1
1 0 0 2 0 2 0 2 2 0 0 2 2 2 1 2 2 1 2 0 0 0 0 2 0 1 0 2 0 1 1 1 2 1 1 0 2 2 0 1 0 0 0 1 2 2 1 0 1 0 0 1 1 1 1 0 2 2 2 0 1 0 1 1 2 1 2 2 0 2 0 1 2 1 2 0 0 0 0 2 2 1 0 0 2 1 0 0 1 2 0 0 0 2 2 1 0 1 0 1 0 2 2 0 0 0 1 2 1 2 1 0 1 0 1 1 2 1 2 1 2 2 1 2 2 1 0 0 2 1 1 0 0 2 2 1 0 0 1 1 1 1 2 2 2 0 1
1 2 0 1 1 0 0 1 2 2 2 0 1 0 2 2 1 2 1 1 0 2 0 2 0 1 1 0 1 2 1 0 1 0 2 1 0 2 2 0 1 2 0 1 1 1 1 2 1 2 1 2 2 2 1 0 1 0 1 0 0 0 1 2 0 0 0 1 0 2 2 0 0 0 1 1 1 2 0 1 2 0 0 1 2 2 2 1 0 1 1 0 0 0 2 0 1 0 0 2 0 2 2 0 2 1 1 2 0 0 0 0 0 1 2 0 0 0 1 0 1 1 1 1 1 1 0 1 1 0 0 0 0 0 1 2 1 1 1 2 2 2 2 0 0 2 0
1 2 2 1 1 0 0 0 0 2 1 1 1 2 2 1 2 0 1 0 2 0 2 1 2 2 1 2 0 0 0 2 0 0 1 2 2 2 0 2 1 0 1 2 2 1 2 0 1 1 0 0 1 2 2 1 2 1 1 0 2 1 2 2 1 0 2 0 0 1 0 1 1 2 2 1 0 2 1 2 0 2 0 2 2 2 0 1 0 1 1 0 0 1 0 2 0 1 1 0 0 2 0 1 2 2 0 0 2 2 0 0 1 0 2 1 0 0 1 1 1 2 2 2 2 1 2 2 0 0 0 0 0 0 1 0 0 1 0 2 1 0 2 1 2 2 2
0 2 0 1 1 1 2 0 0 1 0 0 1 1 0 1 2 1 0 2 2 2 1 2 1 1 2 0 0 2 2 0 1 1 0 0 2 0 1 0 1 2 1 2 1 1 1 1 0 1 1 0 0 2 0 2 1 2 2 0 1 0 1 1 1 1 1 1 2 0 1 0 0 2 0 1 1 1 2 2 2 1 0 1 1 0 1 0 0 2 1 0 2 2 1 0 2 0 1 1 0 0 2 0 0 0 2 1 2 0 0 2 1 1 0 1 2 0 2 0 2 0 1 1 2 2 2 2 0 1 1 1 1 1 2 1 1 2 2 1 2 1 1 2 0 1 1
0 2 0 1 1 0 2 2 0 2 2 1 0 0 2 1 2 1 1 0 0 1 1 2 1 0 0 0 1 2 2 1 2 2 0 0 0 2 1 2 2 0 0 2 2 2 2 1 1 0 0 1 1 2 0 0 0 0 1 1 1 1 1 0 1 1 1 2 2 2 1 2 1 1 2 0 1 1 2 2 1 2 0 1 2 2 2 2 2 1 1 0 2 0 1 1 1 0 0 1 0 2 1 1 0 1 2 1 0 2 1 2 2 1 0 2 1 0 1 2 2 0 0 1 0 2 0 0 2 1 1 0 0 0 2 1 1 2 2 2 1 1 2 1 0 0 0
2 1 2 1 0 0 2 2 1 1 0 1 1 2 1 1 1 2 1 2 2 1 0 1 0 1 0 1 2 1 2 2 0 2 0 0 0 2 2 1 1 0 1 0 0 2 0 1 2 1 1 1 0 1 0 1 0 1 0 0 2 1 2 0 0 1 0 0 0 1 2 0 1 0 0 2 2 1 0 2 1 2 1 1 1 1 0 2 0 2 0 0 0 2 1 1 0 2 2 2 0 1 0 2 2 1 1 2 0 0 2 1 0 1 0 1 0 2 1 0 1 2 2 2 1 1 0 0 0 0 0 2 1 0 2 1 1 0 1 2 1 0 0 2 2 1 2
0 0 0 1 2 0 1 1 1 2 2 2 1 2 2 1 1 0 0 0 2 1 1 2 0 2 0 0 2 2 2 0 0 0 1 2 0 0 1 2 0 1 2 2 0 0 0 1 0 0 2 0 2 1 0 0 1 0 0 1 0 0 1 0 0 0 0 1 1 2 1 2 0 1 1 0 1 0 2 2 0 2 2 0 1 0 1 2 0 2 1 1 0 2 1 1 1 2 0 2 1 2 2 1 1 2 2 2 2 2 2 0 2 0 1 0 0 2 1 1 2 2 0 2 0 2 2 1 2 2 1 1 2 1 2 0 0 0 0 0 0 0 0 2 0 2 0
0 2 2 2 2 0 0 0 0 0 2 2 2 1 1 1 1 2 2 1 0 2 0 0 2 1 2 2 1 1 0 2 0 1 0 1 1 1 1 2 1 1 1 1 2 0 1 2 0 0 1 1 0 1 0 2 2 2 2 1 0 2 1 2 0 2 0 2 0 1 1 1 2 0 0 2 1 1 1 2 2 0 0 2 2 0 1 2 0 1 0 1 2 2 0 0 1 1 0 1 2 1 0 2 0 1 2 1 0 2 0 0 0 1 2 2 0 2 2 0 1 0 2 0 0 0 1 0 1 1 1 1 0 0 0 0 2 1 2 2 0 0 0 0 0 0 2
1 0 2 2 1 0 2 0 1 2 1 1 1 0 1 2 1 1 1 0 0 2 0 0 0 1 1 0 2 2 0 0 2 0 2 1 1 2 1 0 0 0 2 1 1 0 1 0 1 0 0 2 0 0 0 0 2 1 1 1 0 0 1 0 0 2 2 0 1 1 0 1 2 2 0 1 1 0 1 2 1 2 0 2 0 0 0 1 1 2 2 2 2 2 2 0 1 1 0 0 0 1 2 0 2 0 1 0 0 0 0 2 0 0 2 0 0 2 1 2 2 2 1 1 1 0 0 0 0 1 0 0 0 0 1 2 1 2 0 2 0 0 2 0 2 1 2
2 2 1 2 1 0 0 1 2 2 1 0 2 2 2 0 0 2 2 0 1 2 0 2 0 2 1 1 1 1 1 0 0 1 0 1 2 2 2 2 1 1 0 1 1 2 1 2 2 1 0 1 1 1 0 2 0 2 0 1 0 0 0 0 1 1 2 0 0 2 0 2 0 1 1 2 0 0 2 0 1 0 2 0 1 2 2 0 2 1 2 0 1 2 1 2 1 1 0 2 0 1 2 0 0 0 1 0 1 0 1 1 1 0 1 2 0 1 0 0 2 0 0 1 2 2 1 1 0 1 2 1 0 2 2 0 2 0 2 2 1 0 0 2 1 2 0
1 1 0 2 0 1 0 1 1 0 0 0 1 2 0 2 0 2 2 1 2 0 0 2 1 1 0 2 2 2 0 1 1 1 1 2 0 1 2 2 2 2 2 1 2 0 0 0 0 2 2 0 0 0 2 0 1 2 2 1 0 0 2 2 1 0 1 1 2 1 0 1 2 1 2 1 2 0 2 2 1 2 0 2 2 0 2 1 0 2 2 1 2 0 0 1 0 2 0 0 2 1 2 1 0 0 0 2 1 1 2 0 0 2 0 1 0 2 2 1 2 0 0 1 0 1 0 1 0 1 1 0 0 2 2 0 0 0 2 1 2 1 2 2 2 2 1
0 2 2 2 2 2 2 2 0 0 2 1 1 1 1 2 1 0 1 1 0 2 1 2 1 1 2 2 0 2 0 1 2 2 0 1 2 0 1 0 0 1 2 2 0 0 2 2 1 2 1 2 1 0 1 1 1 2 1 2 1 2 0 0 2 1 0 2 1 1 0 2 0 0 2 1 0 2 1 2 2 2 2 0 2 1 2 1 0 0 1 2 0 2 0 0 0 1 0 2 1 0 2 1 1 2 0 2 2 1 1 1 2 0 2 2 2 2 1 2 0 2 2 1 2 0 2 0 2 0 0 0 1 0 0 0 2 0 2 2 0 2 0 2 2 0 1
2 0 0 0 1 1 2 0 1 0 2 1 1 0 2 1 2 0 2 0 0 1 2 0 1 1 0 1 2 1 0 2 1 2 2 0 0 0 1 1 1 1 0 2 2 1 1 2 1 1 0 1 2 0 2 1 0 0 2 2 1 1 1 1 0 2 2 1 2 1 0 0 2 0 0 2 2 2 2 0 0 2 0 0 0 2 1 0 0 2 0 2 1 2 1 1 1 1 0 0 2 0 2 2 1 0 0 1 2 0 2 0 0 2 1 1 0 1 2 0 0 0 0 2 2 1 1 2 0 1 0 2 2 2 0 1 2 0 0 2 0 0 1 1 0 2 0
0 0 0 2 1 0 2 0 1 2 1 1 2 2 1 0 2 2 0 1 2 1 1 0 1 2 1 1 0 0 2 1 2 0 0 0 1 0 1 2 2 0 1 2 1 0 2 0 0 0 1 2 1 1 2 1 0 1 2 1 2 1 0 1 2 0 2 1 1 1 1 1 2 0 1 0 1 1 0 1 2 0 1 1 1 2 2 2 0 2 1 0 2 2 2 1 0 2 0 2 0 2 1 0 0 0 0 1 2 2 0 2 2 1 0 1 1 0 0 2 0 2 0 2 1 0 1 2 0 2 2 1 1 0 2 1 1 0 0 1 2 0 0 1 0 0 2
1 1 1 1 2 0 2 2 2 0 1 2 1 1 1 2 2 1 1 2 0 2 2 1 2 1 2 1 1 0 1 0 2 2 2 1 0 2 2 0 0 0 2 1 1 0 0 1 2 0 1 1 0 0 2 2 2 2 1 0 0 0 2 2 2 1 2 0 1 1 0 1 2 2 0 1 0 0 0 0 1 1 2 2 2 1 2 2 1 0 0 2 1 2 0 1 1 0 1 2 2 0 1 1 2 1 2 1 0 2 2 2 1 1 2 2 0 1 1 0 2 1 2 2 2 2 0 0 0 2 1 2 0 2 1 0 2 0 2 0 1 1 2 0 2 2 2
2 1 1 2 1 1 0 1 0 0 1 0 1 1 1 0 2 2 1 0 2 0 2 0 2 0 0 2 0 0 2 2 1 0 0 0 1 1 1 2 1 0 0 0 2 2 1 2 2 0 2 2 1 2 2 0 0 0 0 0 0 0 0 1 1 1 2 1 2 1 0 2 2 1 2 1 2 1 1 1 2 0 1 0 0 1 2 0 1 2 0 1 0 0 1 1 2 1 2 2 2 1 1 2 2 1 0 1 2 2 1 2 0 0 1 0 1 0 0 1 0 1 0 0 2 1 2 2 0 0 1 1 1 0 0 1 2 2 1 1 1 2 2 2 0 0 2
2 0 1 0 1 2 1 1 2 0 0 2 1 0 2 0 2 2 0 1 2 2 0 0 2 0 2 2 0 0 1 2 0 0 1 1 1 2 0 1 2 2 1 1 0 0 1 0 0 0 2 2 0 2 0 2 2 1 1 0 1 1 2 0 2 0 2 1 0 0 0 1 2 2 2 2 0 2 0 0 0 2 0 0 1 0 1 1 2 0 1 1 2 2 1 2 0 0 1 1 1 1 2 1 0 2 1 0 2 1 1 0 2 1 1 1 0 0 0 2 1 2 1 1 1 0 1 0 2 2 2 0 2 1 2 2 1 1 1 2 0 2 2 2 2 1 2
0 2 0 0 1 2 2 0 2 2 1 0 2 1 2 0 0 1 0 1 2 1 2 2 2 2 0 2 1 1 2 1 2 2 2 0 2 2 1 1 2 0 1 2 1 0 0 0 1 0 2 2 2 1 2 1 1 2 1 1 2 0 2 1 2 2 2 2 1 0 1 2 0 1 1 2 2 1 0 1 2 2 1 1 1 1 2 0 1 1 1 1 2 1 0 2 2 0 2 1 1 0 0 2 2 1 1 2 0 0 0 2 2 2 0 2 1 1 2 2 0 1 1 2 0 2 2 2 2 1 1 0 0 1 2 2 1 2 1 1 0 2 1 2 2 2 2
1 1 2 1 1 0 1 2 1 0 1 0 0 1 1 1 2 1 1 2 2 1 1 0 1 1 2 1 2 0 1 0 1 0 2 1 2 0 0 1 1 2 1 1 1 1 0 0 0 2 0 2 0 2 2 2 1 0 2 0 0 1 1 2 2 1 0 1 1 1 0 2 1 0 1 2 2 0 1 2 2 1 1 0 1 1 0 2 1 0 1 2 1 2 2 1 0 0 0 0 2 1 0 1 1 0 1 0 0 2 0 2 0 1 0 2 2 1 0 2 2 1 2 1 0 2 0 2 0 0 2 0 2 0 1 1 0 2 2 0 0 2 1 0 0 1 1
1 0 1 1 0 2 0 2 0 0 2 2 1 0 2 2 0 0 0 2 1 0 2 0 0 2 1 2 1 0 1 0 1 2 1 2 1 2 1 2 0 1 2 1 1 2 1 2 0 2 2 2 0 2 2 1 1 0 1 2 1 2 0 0 2 1 2 1 1 1 1 2 2 1 2 1 0 0 0 1 0 0 0 1 2 0 0 2 1 2 2 2 2 0 0 0 1 0 1 0 2 2 0 1 1 2 0 2 0 2 1 0 2 2 1 2 2 0 1 0 0 0 0 2 0 1 0 0 2 2 1 1 2 1 0 1 1 2 1 2 1 2 0 0 1 0 0
1 0 2 1 0 1 2 0 2 1 1 2 0 0 1 2 0 0 2 2 0 1 0 0 0 2 0 1 1 0 2 2 0 2 1 0 1 1 1 0 0 2 1 0 0 0 2 1 0 2 1 1 2 1 1 0 2 2 2 1 2 2 1 1 2 0 2 0 2 0 1 2 0 2 2 1 2 2 0 1 0 1 2 0 2 2 0 2 1 0 1 1 2 0 0 2 0 0 2 0 0 0 0 2 1 1 0 0 0 0 2 1 1 0 2 2 2 0 1 1 1 0 2 1 0 0 0 2 1 0 2 1 1 2 1 2 0 2 1 2 2 0 1 2 1 1 1
0 2 2 1 0 1 2 1 1 0 1 0 1 2 0 0 0 1 2 0 2 2 2 2 2 2 1 1 2 0 2 2 2 0 2 2 1 1 1 0 2 2 1 1 2 2 2 2 0 1 0 0 1 2 2 1 0 1 2 2 1 0 2 0 1 1 0 2 0 1 2 2 1 1 1 0 1 1 0 2 0 1 2 2 1 0 1 1 2 0 0 1 1 2 2 2 2 0 2 2 1 0 0 1 1 1 1 0 0 2 1 1 1 1 1 2 1 2 1 1 0 2 0 2 1 2 2 1 2 2 1 2 2 2 0 1 1 2 0 2 2 1 1 1 2 2 0
2 1 2 1 1 1 1 1 0 1 1 2 1 1 1 1 0 1 1 2 2 0 0 2 0 2 0 1 2 2 2 2 1 1 1 0 2 2 2 1 0 0 0 2 1 2 0 2 0 2 0 0 1 0 0 1 0 0 1 0 1 0 0 2 0 1 0 0 1 0 1 1 1 2 2 1 2 0 1 2 1 1 0 2 0 0 1 1 1 0 2 0 2 0 0 2 1 1 0 2 2 2 1 1 2 1 0 2 2 1 2 0 1 2 0 2 0 2 1 0 0 0 0 2 1 1 1 2 1 2 2 0 1 0 2 2 2 2 1 2 2 1 0 0 1 0 0
2 0 1 2 0 2 1 2 0 0 1 2 1 1 1 0 0 2 2 2 2 2 1 1 2 0 2 2 2 2 0 2 0 1 0 1 0 1 2 1 2 0 1 1 2 0 1 1 2 1 1 2 1 0 1 0 1 1 0 1 1 0 0 2 1 0 1 2 2 0 1 2 1 2 0 1 2 2 2 2 0 0 2 2 1 1 0 0 2 1 1 2 1 2 1 1 0 0 1 0 0 0 2 2 2 0 1 2 0 1 2 0 2 2 0 2 0 2 2 1 0 2 0 1 2 2 0 2 0 2 2 0 2 1 0 1 1 2 1 1 0 1 0 1 0 1 0
2 0 0 0 1 2 1 0 2 0 1 2 0 0 1 2 2 1 0 2 0 0 1 0 1 0 1 2 1 0 0 1 1 1 1 2 1 0 0 1 2 2 0 0 0 2 2 0 1 1 0 2 1 1 2 0 2 1 0 2 1 1 0 2 2 0 0 2 1 1 1 0 1 1 1 2 1 1 0 0 2 0 0 1 2 0 2 0 1 0 0 2 1 1 0 2 2 1 1 1 0 2 1 2 1 0 1 0 2 2 1 2 2 1 1 2 2 1 0 0 1 0 1 0 2 1 2 1 0 1 0 0 1 0 0 0 0 2 1 0 1 0 1 1 0 0 1
2 2 1 1 0 0 2 1 2 1 1 1 1 0 0 2 2 0 0 0 1 0 2 0 2 0 2 0 0 2 2 0 1 2 1 2 2 0 0 2 2 2 1 1 0 1 1 0 2 2 0 1 2 0 2 2 1 1 0 1 1 0 2 0 2 1 2 2 2 0 1 2 0 0 0 1 2 2 1 2 1 2 1 2 2 1 1 0 0 1 2 1 0 2 1 2 1 1 2 0 1 1 2 2 1 1 0 2 0 1 2 2 2 1 1 1 2 2 0 2 2 0 1 2 0 0 2 1 1 1 0 0 0 2 0 2 1 0 2 2 0 1 1 2 2 0 1
1 0 2 1 2 0 2 2 0 2 2 0 1 1 0 2 2 2 2 0 1 0 2 1 1 1 0 1 1 0 1 0 0 0 2 1 0 0 1 2 2 1 2 2 0 2 1 0 2 1 0 1 2 0 2 2 2 2 0 0 0 1 1 1 2 1 0 0 1 2 2 1 1 1 1 1 1 2 2 1 1 0 2 2 1 0 1 0 2 1 1 0 1 0 2 1 2 0 1 1 2 2 0 0 0 2 2 0 2 0 1 2 0 1 1 1 2 2 2 0 1 0 1 0 1 1 1 1 1 1 2 1 0 1 0 1 0 0 1 0 0 0 2 0 0 1 2
2 1 2 2 1 1 0 1 2 1 0 2 0 2 1 2 2 0 2 0 0 2 0 2 0 0 2 1 0 1 1 0 2 1 2 0 2 1 0 0 2 1 2 0 0 1 0 2 2 2 0 0 2 0 2 0 1 2 2 2 1 1 2 0 2 0 2 0 2 2 0 1 0 2 2 0 0 0 0 2 0 0 0 0 1 0 1 0 2 0 2 1 2 0 2 0 0 2 0 2 2 1 1 2 0 2 0 1 2 1 2 1 2 0 1 0 0 2 1 1 1 1 2 0 2 2 1 2 2 1 2 1 2 1 1 0 1 2 0 2 0 2 0 0 0 2 1
1 2 0 0 0 2 0 2 1 0 0 1 0 0 1 2 0 0 1 1 2 0 2 1 2 1 2 2 2 1 1 0 0 2 1 1 2 2 1 1 0 2 0 1 2 1 1 1 0 2 0 2 0 2 1 2 1 0 2 0 1 1 1 2 0 0 1 1 2 2 2 1 2 0 2 2 1 0 0 1 0 0 1 1 0 0 1 1 0 1 1 2 0 1 2 1 1 0 2 1 0 2 0 0 0 2 0 1 1 2 1 1 0 0 0 1 1 0 2 2 2 2 2 0 0 1 1 1 2 2 0 0 2 0 1 2 0 2 1 1 2 0 0 2 1 2 0
0 0 0 2 2 0 1 2 0 0 1 1 1 0 2 1 2 2 0 2 0 0 1 2 2 1 1 1 0 0 0 0 0 1 1 0 1 0 2 1 2 0 0 0 2 0 1 2 1 2 2 1 2 0 2 2 2 0 2 0 1 2 1 2 0 2 0 2 0 2 1 2 0 1 2 2 0 1 0 1 2 2 0 2 0 0 2 2 0 1 0 2 1 2 2 2 2 2 1 0 1 0 0 0 2 0 0 2 2 0 1 2 2 2 1 0 0 0 0 1 2 0 1 1 0 1 0 1 0 2 1 0 2 2 1 2 2 1 2 2 2 1 1 2 1 0 0
1 1 1 0 2 2 0 0 1 1 2 2 2 1 1 0 2 0 1 2 1 0 1 0 0 0 0 0 2 1 1 2 0 2 2 2 2 2 0 1 1 0 0 2 1 1 2 1 0 1 0 1 2 0 2 2 0 0 0 1 1 2 0 2 1 0 1 1 1 2 2 2 0 0 1 0 2 1 1 0 0 0 1 2 0 1 2 1 2 2 2 0 1 2 0 1 1 0 0 2 0 0 1 1 1 1 1 1 0 0 1 0 0 2 0 1 1 2 0 1 1 0 2 1 1 0 2 2 1 2 1 1 0 0 0 2 2 2 1 0 0 0 1 1 2 1 0
1 0 1 0 0 1 0 1 2 1 1 2 2 0 0 1 2 2 0 2 2 2 0 0 2 0 1 1 1 0 2 0 1 0 1 1 1 2 0 2 0 1 1 0 0 0 2 0 0 2 2 2 2 0 2 2 2 1 1 0 1 0 1 0 0 2 2 0 1 2 2 2 2 1 2 2 1 2 2 1 1 2 1 1 2 1 2 1 2 0 2 1 2 1 2 0 1 1 0 0 1 0 2 0 0 0 0 1 2 2 1 1 2 0 1 2 1 0 1 2 1 2 0 0 0 2 1 1 1 2 2 1 1 0 2 1 0 0 0 0 0 1 2 1 2 0 0
2 1 2 1 0 1 2 1 2 0 0 2 2 0 1 0 1 1 1 2 2 1 2 2 2 2 2 0 2 0 1 1 0 2 0 1 0 1 2 1 1 0 0 0 1 1 1 0 1 0 2 0 1 2 0 1 2 0 0 2 1 2 1 2 1 2 0 0 0 1 1 1 2 1 2 1 0 1 1 2 1 0 0 0 0 1 2 0 2 0 2 1 2 0 1 1 0 2 2 1 1 0 0 0 2 0 2 0 1 0 0 1 1 1 1 2 2 1 0 1 1 2 0 2 0 1 1 1 1 0 0 2 1 1 1 1 1 0 1 0 2 2 1 0 0 0 0
0 2 0 2 1 2 0 1 1 1 2 0 0 2 0 1 0 1 0 1 0 1 0 1 0 0 2 1 1 0 1 2 1 2 1 0 2 1 1 0 1 0 1 2 2 2 0 2 0 0 1 1 2 1 0 0 2 0 1 2 2 1 1 0 1 0 0 1 0 1 0 2 1 1 1 1 0 2 1 2 0 2 1 0 1 1 1 2 1 0 1 0 2 0 1 0 0 1 0 0 0 0 2 2 1 2 0 0 1 2 2 2 1 0 1 1 2 2 1 1 0 2 2 0 2 1 1 0 1 2 2 1 2 2 2 1 1 0 2 0 0 1 0 2 2 1 0
1 1 1 2 1 1 2 2 1 2 2 2 0 1 1 2 1 0 1 0 2 2 2 2 0 1 0 2 0 1 0 2 0 2 2 2 2 0 2 0 2 1 2 0 1 0 2 2 2 2 0 1 2 0 1 2 1 2 1 2 1 2 2 0 0 2 2 2 0 2 0 2 2 0 0 0 1 1 0 0 1 0 2 0 1 2 0 2 2 2 2 0 0 2 0 1 1 0 0 2 1 0 2 0 1 0 1 0 2 1 1 0 2 1 1 0 0 1 0 2 1 2 0 1 2 2 2 0 0 0 2 1 2 0 2 1 1 0 1 0 1 0 1 1 2 2 1
2 1 1 2 2 1 2 2 0 2 1 1 0 0 1 2 0 2 0 1 0 0 1 1 0 2 2 1 1 2 0 1 0 2 0 1 1 0 0 2 1 2 1 1 0 1 1 0 0 1 0 2 0 1 0 0 0 1 2 2 1 0 0 0 0 1 1 2 2 1 1 0 1 1 2 2 2 1 2 0 0 2 2 0 1 1 1 1 0 2 0 1 2 1 1 0 2 2 2 2 1 2 2 0 0 0 0 0 1 0 0 2 0 0 1 1 2 0 1 2 2 2 1 2 1 0 2 0 0 0 0 0 2 1 1 0 1 1 0 0 1 0 0 2 1 1 2
0 2 0 0 1 0 2 1 1 2 2 0 0 2 0 1 2 2 2 2 1 1 0 1 1 0 2 0 0 1 0 0 1 1 1 1 2 1 2 0 0 2 1 1 1 2 0 0 2 0 0 1 2 0 0 0 2 0 1 0 2 2 0 0 1 2 2 0 0 0 2 1 2 0 1 1 0 1 2 0 1 1 1 1 2 1 1 1 2 1 1 2 1 0 0 2 0 0 1 2 0 0 1 2 0 2 1 1 1 2 2 0 1 0 1 0 2 1 0 2 0 2 2 1 0 0 1 1 1 2 1 1 0 2 1 1 0 1 0 1 0 2 2 1 0 2 2
0 0 2 1 1 2 0 0 2 1 2 1 2 2 0 0 2 1 0 1 1 1 2 2 2 2 2 0 0 1 0 1 2 0 0 1 0 0 1 0 2 0 2 1 0 0 0 1 1 0 0 2 1 0 0 0 2 0 1 0 2 1 2 1 2 0 0 2 0 2 0 0 0 0 0 1 0 0 0 2 1 0 2 0 1 0 0 2 0 2 0 2 1 2 1 1 0 1 0 0 1 1 2 2 1 0 0 0 0 1 2 2 2 2 2 1 0 0 0 1 2 0 1 0 0 0 1 0 0 0 1 1 2 1 0 1 1 1 1 2 2 1 1 2 1 1 0
2 1 1 1 0 1 2 2 2 0 1 0 0 1 1 2 2 1 2 0 2 1 2 0 0 1 2 0 0 1 1 0 2 2 1 1 1 1 0 0 1 1 0 2 1 0 2 0 2 1 1 2 0 1 2 2 0 2 2 0 0 1 0 0 0 2 1 0 1 1 1 1 1 0 1 0 0 0 0 0 2 2 2 0 0 2 2 0 2 1 0 0 0 2 0 2 2 0 2 1 2 0 0 0 0 1 1 1 1 1 2 0 1 2 1 1 2 0 2 1 0 1 2 1 0 0 0 0 0 0 2 0 2 2 1 2 0 0 2 2 2 1 1 1 1 0 0
0 1 0 2 2 1 1 0 2 0 2 2 0 2 2 1 1 2 1 2 1 1 1 1 1 0 0 0 2 1 1 0 0 2 0 2 0 2 2 2 2 1 2 1 2 2 2 0 2 1 0 1 2 2 2 2 0 1 2 0 2 1 0 2 0 1 1 0 2 1 0 2 1 1 0 0 0 1 1 0 2 2 1 0 1 2 0 2 0 2 2 0 2 1 2 2 0 1 1 2 0 2 0 1 0 0 2 1 2 2 2 0 2 2 0 0 1 0 1 2 0 1 2 2 0 2 0 1 0 1 1 0 0 1 0 1 0 0 0 2 2 0 0 1 2 1 0
0 2 1 0 0 0 0 0 1 2 0 2 2 2 0 1 1 0 2 0 0 2 0 0 0 0 2 2 0 0 2 1 0 1 0 0 2 0 1 1 0 0 0 0 2 1 1 0 2 1 0 0 2 1 1 2 0 0 1 1 1 2 0 1 1 0 2 1 1 1 2 2 1 2 2 1 2 2 2 1 0 0 2 2 0 1 2 0 2 2 2 0 1 2 0 0 0 2 2 2 1 1 2 0 2 1 2 2 1 2 1 0 0 0 2 0 2 0 1 1 2 0 0 1 0 0 1 1 0 0 1 2 0 0 0 0 2 2 2 1 2 0 2 1 2 1 1
2 2 0 2 1 1 2 2 1 0 1 0 1 2 2 1 0 2 2 1 0 2 0 2 2 2 1 0 2 0 2 1 0 0 1 1 2 1 2 1 1 0 2 0 0 1 1 2 2 1 0 0 1 2 2 0 2 1 1 1 1 0 0 1 2 2 1 1 0 0 2 0 1 2 1 2 2 0 1 2 2 2 2 0 1 2 1 0 0 0 2 1 1 0 1 0 2 0 1 1 0 2 2 2 1 0 1 0 1 0 0 1 0 2 1 1 1 0 2 1 0 1 1 2 1 0 2 2 0 2 1 1 1 0 0 0 1 2 1 0 0 2 2 0 2 1 1
1 2 0 1 0 2 0 0 2 0 1 1 1 0 2 0 1 0 1 1 2 0 0 2 1 0 1 1 0 1 1 2 0 2 0 1 0 0 2 2 1 0 0 2 1 0 2 2 1 0 1 0 1 0 2 0 1 2 2 2 0 0 1 1 1 2 2 1 0 2 0 2 2 1 1 0 1 2 0 2 2 0 2 1 1 2 2 2 1 2 1 2 0 0 0 1 2 1 2 1 0 0 0 1 1 1 1 2 1 0 2 1 0 1 0 1 2 0 1 1 2 0 1 2 0 2 1 1 1 1 2 2 2 2 0 0 1 2 1 0 2 0 2 0 0 2 1
2 2 0 0 2 0 2 2 2 0 1 0 1 2 0 0 2 0 1 0 1 1 2 2 0 2 1 1 2 2 0 1 2 2 0 2 2 0 2 2 0 0 2 0 0 0 1 1 0 0 2 0 1 1 0 2 0 0 1 0 2 0 2 1 2 0 1 2 1 0 2 2 1 2 2 0 0 1 1 1 2 0 1 0 1 2 0 2 2 2 0 2 0 0 1 2 0 0 1 2 1 1 2 0 1 2 1 2 1 2 0 0 0 0 1 2 2 2 1 2 2 2 1 2 0 2 2 1 0 1 1 2 0 1 0 1 0 1 1 2 1 1 0 1 1 2 1
1 1 0 0 1 0 2 0 0 0 2 2 1 0 1 1 1 2 1 2 0 0 1 2 2 0 1 1 2 0 2 1 2 0 2 0 0 0 0 2 0 0 2 1 1 0 1 0 0 2 0 0 1 2 1 0 0 2 2 2 2 2 1 1 2 2 2 1 2 2 0 0 0 0 2 1 0 0 1 0 1 0 0 2 2 2 0 2 1 2 2 1 0 1 0 0 1 2 1 0 2 2 0 2 2 0 2 0 1 1 0 2 1 2 2 0 2 2 0 1 0 0 0 0 2 1 0 0 0 0 1 0 2 2 0 0 2 2 1 0 1 2 0 2 2 2 1
2 0 1 0 0 2 2 0 1 0 1 2 1 1 0 1 2 2 0 0 2 2 1 0 1 1 2 2 0 2 0 1 2 2 1 0 2 0 1 1 1 0 1 0 1 1 2 1 2 2 1 2 0 0 2 1 1 2 0 0 2 1 1 2 1 0 0 1 2 1 2 1 1 0 1 1 0 2 0 0 2 2 2 2 0 1 2 2 2 0 0 1 2 2 1 1 1 1 2 1 1 1 2 0 0 2 2 1 2 0 1 1 0 1 2 1 2 2 0 2 2 2 0 2 2 2 0 0 1 0 1 0 0 2 1 1 2 0 2 1 1 1 0 1 2 2 2
2 1 1 2 1 0 0 1 2 0 2 1 0 0 2 0 0 2 1 1 1 0 1 0 1 0 1 0 0 0 0 0 2 1 0 1 1 1 0 2 2 2 0 0 0 0 0 1 1 0 0 2 0 1 0 2 0 1 0 0 2 1 0 2 2 1 1 2 0 2 2 0 2 2 0 0 0 0 2 1 0 2 2 1 1 2 1 1 1 1 2 1 0 0 1 0 0 2 0 0 2 2 1 2 2 1 2 0 2 2 2 1 2 1 2 2 1 1 0 0 1 0 1 1 2 0 1 2 1 2 0 0 2 1 2 2 0 0 0 2 2 0 0 0 2 1 2
1 0 2 1 1 1 0 0 1 1 2 1 0 0 1 0 2 0 1 0 0 1 0 0 1 1 2 1 0 1 0 2 1 1 0 1 0 1 1 1 0 1 0 0 1 1 1 2 2 2 2 0 1 0 0 0 1 0 0 2 2 1 1 1 0 2 0 0 1 2 2 2 0 2 0 0 1 1 0 0 1 2 1 0 0 0 2 1 0 2 1 1 0 2 0 1 2 0 2 0 2 0 2 0 2 1 0 2 2 0 0 2 0 2 0 0 2 2 2 0 1 1 1 0 1 1 1 0 2 0 2 1 0 2 2 1 0 0 1 1 2 1 0 2 1 1 1
1 1 1 2 0 0 1 0 1 1 2 2 0 1 2 0 2 1 0 1 2 0 2 0 2 2 1 0 0 2 1 2 1 2 2 0 0 1 0 2 0 1 2 1 0 1 2 2 2 2 1 1 0 1 1 1 0 2 2 1 0 0 1 1 0 0 1 1 1 0 1 2 2 0 1 2 1 1 1 1 1 0 0 1 0 2 0 0 0 2 2 0 0 0 2 2 1 2 0 1 2 2 1 2 2 2 1 1 1 0 2 2 2 0 1 2 1 0 2 1 2 0 2 0 0 1 2 0 1 0 1 1 2 2 0 2 2 1 0 0 2 0 0 2 2 1 1
0 1 1 2 2 1 2 0 0 1 2 0 0 0 1 1 0 0 2 2 2 1 0 0 1 1 0 0 0 2 1 1 1 0 1 1 2 0 1 2 0 1 2 0 1 0 2 2 1 2 1 1 1 2 1 0 0 1 1 2 1 0 1 0 1 1 1 1 2 2 0 2 0 1 0 2 2 0 1 1 0 0 2 1 2 1 2 0 0 1 2 1 1 2 2 0 0 0 1 2 0 2 0 1 0 0 0 0 1 1 2 2 1 1 1 1 0 1 2 2 2 1 0 1 1 1 2 1 1 0 2 0 0 2 1 2 2 2 2 1 1 2 1 0 1 2 1
2 1 1 1 0 1 2 2 2 1 1 1 1 2 1 1 1 0 2 0 2 2 2 1 1 2 2 2 0 0 1 0 1 0 1 2 2 2 2 1 0 1 0 2 2 1 0 0 1 1 0 2 0 0 1 2 2 2 2 2 2 2 0 1 0 2 0 2 2 0 0 1 0 1 0 2 0 2 2 2 0 0 2 1 1 0 2 0 2 1 0 1 1 1 2 1 2 1 0 1 1 2 0 2 1 1 1 1 1 1 1 1 2 1 0 0 2 2 0 2 2 2 2 0 0 2 0 2 1 1 2 0 0 0 2 2 2 2 2 0 1 0 1 1 0 2 1
0 2 0 2 1 2 2 0 0 2 0 1 0 1 1 1 0 1 2 0 1 2 2 1 0 1 1 1 1 1 0 1 0 1 0 0 1 1 0 1 1 1 0 1 2 1 1 0 1 1 1 2 0 0 0 1 1 2 0 0 0 1 1 1 0 0 1 1 1 2 0 2 0 1 1 0 0 0 1 1 2 0 1 0 1 0 2 1 2 0 1 0 2 0 2 2 1 1 0 2 0 0 2 0 2 0 1 1 2 0 0 1 0 2 2 0 2 1 1 2 2 0 0 1 0 0 0 2 1 0 1 2 1 0 0 2 2 2 0 2 2 1 0 1 0 2 1
0 1 0 1 0 0 1 2 2 0 2 1 1 0 1 2 0 2 2 2 2 2 0 1 2 1 2 1 0 2 0 1 2 0 0 0 1 2 0 0 0 2 0 1 0 1 1 0 0 1 0 0 0 1 1 0 2 1 1 0 1 2 0 1 2 0 1 1 0 1 2 0 1 2 0 2 1 1 0 2 0 0 0 1 1 2 2 1 2 2 0 0 1 0 1 2 1 0 0 2 2 2 2 0 0 2 0 1 2 0 1 2 1 1 1 0 2 1 2 1 1 2 2 2 0 1 1 2 1 2 1 0 0 1 1 0 2 1 2 1 2 1 1 0 2 0 1
2 2 1 0 0 1 2 0 2 1 0 1 0 0 0 1 0 1 0 1 1 2 1 2 2 2 1 0 2 2 2 2 1 1 0 2 2 1 0 1 2 0 0 0 2 1 2 2 0 2 2 1 2 0 2 1 0 1 0 0 0 0 2 2 1 1 1 1 0 1 1 2 0 1 0 2 0 2 2 1 2 1 0 1 1 2 1 2 1 2 0 1 2 0 0 1 1 2 2 1 2 1 2 2 1 0 2 1 0 1 0 2 0 1 1 2 2 0 2 0 2 0 2 1 0 0 0 0 1 1 2 0 2 1 2 0 2 1 2 2 0 0 2 0 2 1 1
1 2 1 1 2 1 1 1 2 0 2 2 1 0 2 1 0 1 1 1 1 0 0 0 0 1 0 2 0 2 0 2 1 1 1 1 0 0 0 2 1 0 2 2 0 2 1 0 1 0 2 2 0 0 1 1 2 2 0 0 2 0 2 1 2 0 0 2 1 0 2 2 0 1 2 1 1 1 2 2 1 2 0 2 0 1 2 0 1 2 0 0 1 0 1 0 1 1 0 1 2 0 1 0 2 1 2 0 0 2 0 0 2 0 0 0 1 2 0 2 2 1 0 1 2 2 1 0 1 2 2 1 0 1 2 2 0 2 0 0 2 1 0 1 1 2 1
1 1 2 0 1 1 1 2 0 1 2 1 2 2 1 1 0 2 1 2 0 0 0 0 2 2 2 1 0 1 0 1 0 2 0 2 0 2 1 1 1 1 2 0 1 0 0 1 0 1 1 0 2 1 2 2 1 2 0 2 0 1 1 0 1 2 0 2 2 0 0 0 1 2 1 0 1 2 1 2 0 0 1 0 2 0 2 1 2 0 1 0 2 0 1 0 0 2 2 2 0 2 0 1 1 2 2 0 1 1 0 2 2 1 2 0 2 2 1 1 0 0 2 2 0 0 2 0 0 1 1 0 0 1 0 2 0 0 1 2 1 2 1 2 1 1 2
0 1 1 2 1 1 1 0 1 1 0 0 0 1 1 0 2 0 1 2 1 1 1 0 1 0 2 0 1 1 2 1 2 0 0 1 1 2 1 0 2 2 1 2 0 2 0 0 2 2 2 0 0 1 1 1 2 1 1 1 2 0 0 2 0 1 0 2 1 2 0 0 1 2 0 2 2 1 2 2 0 0 1 1 2 0 0 1 2 2 0 2 1 1 2 2 0 0 2 1 0 0 0 2 2 0 2 2 1 2 0 2 0 1 1 0 1 2 0 1 2 0 1 0 1 1 0 2 1 0 2 2 1 2 0 1 0 0 1 2 2 1 2 1 0 1 1
2 0 1 1 1 2 0 1 1 2 2 2 1 0 1 1 1 1 2 1 1 2 2 1 2 1 1 1 2 2 0 1 1 2 0 2 2 1 1 1 0 2 1 2 2 2 1 2 1 0 0 2 0 0 1 0 2 0 2 1 2 0 0 1 2 2 1 2 0 1 1 2 1 2 1 1 2 2 0 0 0 1 0 1 2 1 1 1 1 1 0 2 1 2 1 2 1 1 1 2 2 0 1 0 2 2 1 2 2 0 0 0 2 0 1 2 0 1 1 2 0 2 1 0 1 1 2 0 2 1 2 2 1 1 2 1 1 1 0 2 1 0 2 2 0 2 1
0 0 2 1 1 2 0 1 0 1 0 1 1 1 1 0 0 0 2 1 2 2 1 1 0 2 1 2 0 0 1 1 1 1 2 2 0 1 1 2 2 2 1 1 1 2 1 2 0 2 1 0 1 2 1 2 2 2 0 0 0 1 2 1 0 0 1 2 1 0 2 1 2 0 2 1 1 2 1 1 1 2 2 0 2 1 0 1 1 0 2 0 0 0 1 1 0 0 0 2 0 0 0 1 2 1 2 0 0 0 2 2 0 2 0 0 1 0 2 0 1 0 0 2 0 0 0 0 1 2 2 0 2 0 1 2 1 1 2 1 0 0 1 0 0 1 0
1 2 1 2 1 1 1 0 1 1 0 2 0 0 2 0 1 2 2 0 1 1 0 0 1 1 2 1 1 1 0 0 0 1 2 2 0 0 2 1 2 1 0 0 1 0 1 0 2 1 1 1 2 2 2 1 0 2 0 1 1 0 1 2 2 1 2 2 0 0 1 2 1 1 0 0 1 0 1 2 1 0 0 1 2 0 2 2 0 2 0 2 1 2 1 0 0 1 1 0 1 2 1 0 2 2 1 0 2 0 0 0 0 1 2 0 2 2 2 0 2 2 2 1 2 1 2 2 2 0 1 1 0 2 1 2 1 0 0 1 1 1 2 2 0 2 2
2 1 1 2 1 1 1 0 0 0 0 1 0 0 2 2 0 2 1 0 0 0 1 2 1 0 2 2 0 2 2 0 1 1 1 1 0 0 1 2 1 2 1 1 0 0 1 1 2 2 0 0 2 1 0 2 2 0 1 2 0 0 0 1 2 1 0 1 2 0 1 0 2 2 2 0 2 0 2 2 0 2 2 0 1 0 0 0 0 1 0 1 2 0 0 2 0 1 1 2 1 2 2 2 1 2 2 1 2 2 1 0 2 1 0 0 2 0 1 0 2 2 2 2 1 0 2 1 1 1 0 1 0 0 0 2 0 2 0 0 2 2 0 1 0 2 0
2 0 1 0 0 2 0 0 0 0 0 1 2 1 2 0 2 0 0 1 0 1 2 0 0 1 0 2 1 2 0 2 0 0 0 1 2 0 2 2 1 2 1 0 1 1 1 0 1 2 2 1 0 1 2 1 0 0 2 2 0 2 1 1 2 1 0 1 2 2 1 0 2 0 2 0 1 1 0 2 0 0 1 2 1 1 0 2 2 0 1 0 0 0 1 2 2 2 2 2 1 1 0 0 2 2 1 1 1 2 2 2 2 0 1 1 0 2 0 2 0 1 2 1 2 1 1 0 0 1 0 2 0 0 2 0 1 1 1 0 0 0 2 2 2 1 1
2 2 1 2 0 0 1 1 1 2 2 1 0 1 1 2 2 2 2 2 1 0 1 2 0 2 2 0 2 2 1 1 1 0 0 1 0 2 0 2 2 0 0 2 2 2 1 1 0 1 1 2 1 0 2 2 0 2 0 2 1 2 1 0 2 1 2 0 1 2 0 0 2 1 2 2 2 1 1 0 2 0 2 0 1 2 0 1 2 0 1 0 2 2 1 2 0 0 2 1 2 0 2 2 0 1 1 2 0 1 2 2 2 2 0 0 1 0 2 1 1 0 1 1 2 2 1 0 0 0 2 2 2 1 2 2 0 1 2 0 2 2 0 2 1 0 0
1 1 2 2 0 0 2 1 0 2 2 0 0 0 0 0 0 2 2 2 2 2 2 0 2 1 0 2 1 0 2 2 2 0 2 2 0 2 1 1 2 1 2 0 0 0 0 0 2 1 1 0 0 0 0 2 2 1 2 0 2 2 0 0 0 0 2 0 0 2 2 0 0 2 0 1 2 1 2 2 2 0 2 0 1 0 1 1 2 0 2 2 0 2 2 1 0 0 2 1 2 2 1 0 1 2 2 1 0 1 2 1 2 1 2 0 2 0 2 2 2 1 2 0 2 2 2 0 2 1 1 2 1 0 0 0 2 2 2 0 1 1 2 1 1 2 2
0 2 2 1 2 2 0 0 2 2 2 2 0 1 1 2 2 1 2 0 1 2 0 2 1 2 2 2 1 1 0 0 1 2 1 1 1 1 1 0 1 1 0 1 2 1 1 1 0 1 0 2 2 1 2 0 0 1 1 0 2 1 0 1 1 1 2 1 0 1 2 1 2 0 1 1 2 0 1 1 2 2 0 1 0 2 2 1 1 1 1 0 2 1 2 0 0 2 1 0 1 1 0 1 2 1 1 1 2 2 0 1 1 1 0 2 1 0 0 0 1 2 1 1 1 1 1 2 1 1 2 0 0 0 1 2 2 2 1 1 2 2 1 1 1 2 0
0 2 2 0 1 2 2 2 0 1 1 2 2 0 0 0 0 1 2 0 1 2 2 0 0 2 1 1 1 0 0 1 0 2 0 1 1 0 1 1 1 1 2 2 1 0 0 2 1 0 2 0 0 2 1 0 2 2 2 1 1 2 0 1 1 1 1 0 1 0 0 0 1 0 2 0 1 0 0 0 0 2 1 1 0 2 1 2 2 2 1 0 1 2 2 1 0 1 1 2 1 2 2 1 2 0 1 0 0 1 1 1 1 2 0 1 2 2 2 1 1 1 2 1 1 2 2 2 1 1 1 0 1 0 1 0 0 0 2 1 1 0 1 1 0 1 0
2 1 0 1 1 1 1 2 0 1 2 2 2 0 0 0 2 2 2 0 0 0 0 0 1 0 1 0 1 0 1 1 1 2 2 0 1 2 0 2 0 2 2 0 1 0 1 0 2 0 1 0 0 1 0 0 2 2 1 1 2 2 2 1 2 0 2 1 2 0 0 0 0 0 0 2 1 2 2 0 1 2 1 2 0 2 2 1 2 1 2 1 1 2 0 1 0 0 0 2 0 2 0 1 2 1 0 0 1 1 2 2 0 1 2 0 2 2 2 1 1 2 1 0 2 2 2 2 0 0 2 0 2 2 0 2 1 0 1 0 1 1 0 2 2 0 0
2 0 2 2 2 2 0 0 1 0 0 0 0 1 0 1 1 0 1 0 2 0 1 0 2 2 1 2 0 2 2 0 2 2 2 0 0 0 0 1 1 0 0 1 1 0 0 2 1 1 1 1 1 2 1 1 0 0 1 1 0 1 1 0 0 2 0 1 0 1 0 2 1 0 0 1 1 1 1 0 0 2 1 2 2 0 1 0 1 2 1 1 0 0 1 2 0 2 0 2 0 1 1 2 2 2 0 1 1 2 1 2 2 0 2 1 0 2 2 1 2 1 2 1 2 2 0 0 1 1 2 2 1 0 1 0 1 0 1 0 0 0 2 2 0 2 1
2 1 1 1 1 0 2 2 0 1 0 0 2 2 0 1 0 1 0 2 2 0 0 2 0 2 2 0 0 2 2 2 1 0 2 0 1 1 2 1 2 0 2 2 1 0 0 1 1 0 1 2 2 0 1 2 2 2 2 2 1 2 0 0 0 0 1 2 1 1 1 0 2 0 2 0 1 0 2 2 1 1 1 0 2 1 1 1 0 1 1 2 1 2 2 2 2 0 1 1 2 2 1 2 0 1 2 1 2 2 2 1 1 0 2 0 1 0 2 2 2 1 1 1 1 1 0 2 1 2 0 1 2 0 0 0 2 2 0 2 0 2 1 2 2 1 0
2 0 2 1 2 1 1 1 1 2 2 0 1 1 1 0 0 1 0 2 1 1 2 1 2 1 0 1 1 1 1 1 1 2 1 1 1 2 2 0 1 1 0 0 1 0 0 2 1 2 1 0 0 0 2 2 2 2 1 2 2 0 0 0 0 1 0 2 1 0 1 2 0 1 0 1 2 1 0 2 0 2 0 1 0 0 1 1 0 0 0 2 1 1 1 1 1 1 1 2 2 2 0 2 2 1 0 1 2 1 1 1 1 2 2 2 2 1 1 0 1 1 1 2 1 2 1 2 1 0 1 1 0 1 1 0 2 1 2 2 0 1 1 2 0 0 2
0 1 0 0 0 0 1 0 1 1 1 0 0 2 2 0 0 1 1 0 0 2 0 0 1 1 1 0 2 0 0 2 2 2 1 0 2 0 0 1 0 0 2 1 2 1 1 0 0 2 1 2 0 1 0 2 1 2 2 0 0 1 1 2 0 0 0 0 0 1 2 0 2 1 0 1 0 1 2 2 2 0 1 2 2 1 1 0 1 1 2 1 2 1 2 2 1 2 0 1 1 2 0 0 1 0 2 2 2 1 1 1 2 0 1 2 2 0 0 1 0 0 0 2 1 2 0 0 0 0 0 2 1 1 1 2 2 0 2 1 0 1 1 0 1 2 0
1 1 1 0 1 2 0 1 2 1 2 2 2 1 2 1 2 1 2 1 0 1 1 2 2 0 0 2 2 0 0 1 2 2 1 0 1 1 2 1 0 1 1 2 2 1 2 2 0 1 2 0 0 0 0 2 1 1 2 0 2 0 1 1 2 0 0 1 2 0 0 0 2 2 1 0 1 0 2 2 2 1 1 0 2 1 0 1 0 2 2 0 0 1 2 0 1 0 2 1 0 0 0 0 0 1 0 2 2 0 2 1 0 0 2 2 1 0 1 2 0 1 0 2 0 0 2 2 0 2 1 2 0 2 2 1 0 0 1 2 1 0 1 1 0 2 1
2 2 2 0 0 1 0 2 1 1 0 1 2 2 0 2 0 2 2 1 2 0 0 2 1 0 1 0 1 0 2 1 0 2 2 1 1 2 1 0 1 1 1 1 2 1 0 0 1 2 2 1 2 0 0 0 0 2 1 2 0 0 1 1 1 0 2 2 0 1 0 1 1 2 2 0 1 0 0 0 2 2 1 2 2 0 1 1 0 2 1 0 1 2 1 2 0 1 2 0 0 2 0 1 2 2 2 1 0 2 2 0 2 0 0 2 1 2 1 1 1 2 2 0 2 0 0 2 0 2 0 0 0 0 2 2 1 1 1 2 1 0 0 0 2 1 0
0 0 1 2 0 0 1 0 2 2 1 2 0 1 1 1 2 2 0 2 0 2 1 0 1 2 1 2 1 2 0 1 1 2 1 1 0 0 2 0 1 1 0 1 0 1 0 2 1 1 2 2 2 1 0 0 1 2 2 2 1 0 1 0 0 0 1 0 1 1 1 2 2 2 1 0 1 2 1 0 0 0 0 2 2 1 1 0 0 0 0 2 1 2 0 1 0 2 0 1 1 1 1 1 1 0 2 0 2 0 1 0 2 2 1 1 1 2 2 2 0 2 2 2 2 0 1 2 0 1 2 2 0 0 1 2 1 0 2 0 1 2 1 1 1 2 2
0 2 2 2 0 0 2 0 0 0 1 0 1 0 2 1 1 0 2 0 1 0 1 2 2 1 0 0 2 1 0 0 0 0 1 1 1 0 1 2 2 0 2 1 1 2 2 0 0 2 0 2 2 2 2 2 0 0 2 1 1 0 1 0 2 0 1 0 1 1 2 1 2 2 2 0 1 2 1 2 1 2 2 0 2 1 2 0 2 0 1 0 0 1 1 2 1 1 0 0 2 2 1 1 0 1 2 2 0 0 2 1 2 1 2 2 1 2 1 0 2 2 1 1 1 0 0 0 2 1 1 1 2 1 0 2 2 0 1 0 0 1 2 0 1 2 1
2 2 2 2 2 2 0 0 1 1 2 2 0 0 0 1 2 2 2 2 2 2 2 0 0 0 0 2 1 0 0 0 0 0 2 2 2 1 0 1 2 0 0 0 0 2 2 1 1 2 0 1 2 2 2 0 1 0 0 2 0 1 1 0 1 0 0 1 2 1 0 2 1 1 0 0 1 0 1 1 2 2 2 0 0 2 1 1 2 1 1 0 2 2 1 1 1 2 2 0 1 0 0 0 0 0 0 1 1 1 0 1 2 0 2 2 0 0 1 0 1 2 1 1 2 2 2 0 1 0 0 0 0 1 1 1 2 1 1 1 1 1 1 0 2 0 0
2 1 1 0 0 1 1 0 0 0 2 0 0 0 2 0 2 1 1 0 1 1 1 0 2 0 1 0 2 2 0 0 0 2 0 2 0 2 2 2 0 2 2 0 0 2 2 2 1 0 2 0 1 2 0 1 2 2 1 2 1 2 0 0 1 1 2 0 1 1 2 1 1 2 0 1 2 2 1 0 0 1 1 2 1 1 0 1 0 0 0 0 2 1 0 2 0 2 2 2 1 2 0 2 1 1 2 1 1 0 0 2 2 1 2 0 1 0 1 2 0 0 2 1 2 2 1 2 2 1 1 1 0 2 2 2 2 1 2 1 2 2 0 2 1 0 0
0 1 0 0 2 0 0 1 0 1 2 0 0 0 2 0 1 2 2 1 1 1 0 0 0 0 1 0 2 0 2 0 2 2 1 1 0 2 1 0 0 1 1 2 2 0 2 0 2 2 2 2 0 2 0 1 0 2 0 0 2 2 1 1 2 0 1 0 2 0 1 1 1 2 0 0 2 0 2 2 2 1 2 0 2 0 2 2 0 0 0 0 2 2 2 2 2 1 2 2 1 0 0 0 2 1 2 2 1 1 0 1 0 2 2 2 0 2 0 1 0 1 1 0 1 1 0 0 0 0 0 2 1 0 0 1 2 2 2 1 0 2 0 1 2 2 2
0 0 2 2 0 1 1 0 2 0 1 0 1 2 0 0 0 2 0 2 2 2 1 1 0 1 1 0 2 2 2 0 2 2 0 2 0 2 0 0 2 2 1 0 1 2 2 2 2 2 2 2 0 2 1 1 1 0 1 0 2 1 2 2 0 2 1 2 2 0 2 1 2 1 0 1 1 2 1 1 2 0 1 0 2 2 2 1 2 1 2 0 0 1 2 1 1 2 0 0 2 0 0 2 1 0 0 0 0 1 2 0 2 0 1 2 0 1 1 2 2 1 2 0 1 2 2 2 1 2 1 0 1 2 0 2 0 0 0 0 2 0 0 1 0 2 1
0 0 0 1 1 2 0 1 0 0 1 0 2 2 2 0 0 1 0 2 1 0 1 2 0 1 1 0 0 0 2 1 1 0 2 0 0 1 1 1 1 1 2 1 0 2 1 0 1 2 0 1 0 1 1 2 1 2 2 2 0 2 0 2 2 0 0 0 1 2 1 2 0 1 1 0 1 1 0 0 0 2 1 1 0 0 0 2 0 0 1 1 0 2 1 0 0 1 1 1 1 0 1 1 2 1 0 1 2 1 2 0 0 1 1 1 2 0 1 1 1 1 2 1 0 1 0 1 0 2 2 2 2 1 1 0 2 2 2 1 0 1 1 1 1 1 0
1 2 1 2 0 0 2 0 1 1 0 2 2 0 1 2 0 0 1 0 0 0 0 0 0 2 1 2 1 0 2 0 2 2 2 0 2 2 1 1 1 1 0 1 1 0 0 2 1 1 0 1 1 1 1 2 1 1 2 0 1 2 1 2 1 1 0 2 1 1 0 0 0 1 1 2 2 2 1 0 1 1 0 2 0 2 0 2 1 0 0 0 2 1 0 1 2 0 1 1 1 2 0 1 0 2 0 0 2 1 1 0 1 2 1 2 2 1 2 0 2 2 1 1 1 1 0 2 1 1 1 0 0 1 2 2 1 2 0 0 2 1 1 1 1 2 0
0 1 0 1 0 0 0 0 0 2 0 2 2 2 1 2 0 0 2 2 2 2 2 0 2 2 1 0 0 2 2 1 1 0 2 0 1 0 0 1 0 0 1 2 0 0 2 2 1 2 1 0 0 2 0 2 1 1 1 1 1 0 0 0 1 2 0 2 1 0 2 1 1 0 1 0 1 0 2 2 1 1 0 1 0 0 0 1 0 2 2 1 0 0 2 1 1 2 1 2 0 0 1 2 1 2 2 0 0 2 0 1 0 1 2 1 2 1 2 0 1 0 0 2 0 2 0 1 2 2 1 0 2 2 2 2 1 2 0 0 1 0 2 0 2 0 1
0 1 1 0 0 2 1 2 0 1 0 2 1 2 1 1 0 0 2 2 0 2 2 1 2 0 0 2 0 0 1 1 2 2 2 0 0 1 2 0 0 2 0 2 0 2 1 0 0 0 0 1 0 2 2 2 2 2 2 0 1 0 2 0 0 2 0 0 1 1 1 1 0 0 1 1 2 2 1 0 1 1 2 1 1 1 1 2 2 1 0 1 1 0 1 2 2 0 1 0 1 0 2 2 0 0 1 1 2 2 1 1 2 1 2 0 0 1 0 0 0 1 1 1 1 1 2 1 1 1 2 2 1 1 1 0 2 0 1 2 1 2 1 0 1 1 1
0 1 2 0 1 1 0 1 2 1 0 1 2 1 0 2 0 2 1 0 1 2 1 0 0 2 1 1 1 1 0 1 2 0 2 0 1 0 1 1 1 2 2 1 1 2 0 2 1 2 2 0 1 2 1 2 1 0 1 2 1 2 2 0 2 1 2 2 1 0 0 0 0 0 1 1 0 2 1 0 1 1 0 0 1 2 0 2 1 2 2 2 2 1 1 1 0 0 0 2 1 2 2 2 0 0 2 0 2 0 1 1 2 2 2 0 2 0 0 0 0 0 0 2 2 2 1 0 0 2 2 2 2 0 2 2 1 2 1 1 2 2 0 0 2 0 1
2 1 2 2 2 0 0 1 2 0 0 2 0 1 0 1 0 0 0 1 1 0 2 0 0 2 1 0 0 2 2 2 1 2 2 1 2 1 2 1 1 0 2 0 1 2 2 2 0 0 0 2 0 0 1 0 1 0 2 1 1 1 1 0 1 1 1 0 2 0 2 2 1 1 0 0 1 0 1 2 0 1 0 0 0 1 0 1 2 2 0 0 1 1 0 0 0 2 0 1 0 0 1 2 2 2 1 2 2 2 1 2 0 1 2 1 0 0 0 0 1 0 0 0 2 2 1 0 1 2 2 2 0 0 2 0 2 0 2 2 0 1 1 1 1 1 0
1 2 0 1 0 2 0 2 2 2 0 0 1 0 2 1 1 0 1 2 0 2 2 2 2 0 0 0 1 2 1 1 2 0 2 0 2 0 2 2 0 0 0 2 1 2 1 0 1 2 0 1 2 2 1 2 0 2 0 0 2 2 1 2 0 1 2 0 2 0 2 2 0 2 2 2 0 0 0 1 0 0 2 0 2 1 2 1 1 0 1 1 0 0 0 1 1 2 1 1 2 0 1 1 1 1 1 2 2 2 1 2 2 1 0 2 0 0 0 2 1 2 0 2 2 0 0 1 0 1 0 1 0 2 2 2 0 0 1 0 2 0 1 0 1 2 2
2 2 0 1 1 0 1 1 2 1 2 1 2 1 2 1 1 2 0 1 0 1 0 1 2 0 2 2 0 1 2 2 2 2 1 1 0 2 2 2 2 2 1 2 1 1 0 0 0 0 2 1 2 2 1 2 0 0 1 0 0 0 0 0 0 1 1 0 1 1 0 0 1 0 0 0 1 0 0 2 1 2 2 0 0 0 0 1 1 2 2 2 1 2 2 1 1 1 0 0 1 1 1 2 1 1 0 2 1 0 0 2 1 2 0 1 2 1 2 1 1 1 1 0 0 0 1 2 0 2 2 1 1 0 1 2 2 1 0 0 1 1 0 0 0 2 1
0 0 0 1 2 2 2 2 0 1 2 2 1 2 0 0 0 1 1 1 1 0 1 1 2 2 0 0 0 2 1 1 0 0 2 1 2 0 1 0 2 0 1 1 0 1 1 1 2 0 2 0 0 1 0 2 1 0 0 1 0 2 2 0 2 0 2 2 1 1 0 1 1 1 2 2 0 1 1 2 1 1 0 2 0 1 2 1 1 0 1 2 0 0 0 0 1 0 2 0 1 0 1 2 1 0 0 1 2 2 2 0 0 0 0 0 1 1 0 0 1 1 2 1 2 2 2 2 2 1 2 1 2 1 2 1 1 2 1 1 1 1 2 2 1 1 1
2 2 1 2 1 0 2 0 2 2 2 1 0 0 1 1 0 2 0 0 1 0 2 0 2 0 1 2 1 2 0 1 2 1 1 0 1 0 0 1 0 2 1 0 0 2 0 2 2 0 0 1 2 2 0 1 2 1 0 1 1 1 2 0 0 1 1 2 2 1 1 2 1 0 1 2 2 1 1 2 2 1 1 1 1 1 1 1 2 2 2 0 1 2 1 1 0 2 2 2 0 1 0 2 1 1 2 1 0 1 0 2 0 1 2 1 0 0 0 0 2 0 1 0 0 2 0 1 0 0 2 1 1 2 1 2 1 0 0 1 1 1 0 2 2 2 2
0 0 0 1 0 0 0 1 1 0 2 0 0 2 0 2 0 2 1 2 0 1 0 1 0 1 2 0 1 0 0 2 0 0 1 0 1 1 2 0 2 1 1 0 2 1 0 2 1 1 2 2 0 2 1 1 2 0 2 0 0 0 0 1 0 2 2 1 0 2 2 0 2 1 2 1 0 2 0 2 2 0 1 2 1 2 1 0 1 0 1 1 0 1 0 1 1 1 1 2 0 1 0 2 0 0 0 1 1 2 1 0 2 0 2 1 1 1 1 2 2 2 1 1 2 2 2 0 1 0 0 1 2 2 1 0 2 2 2 0 1 0 0 2 1 1 0
0 0 0 2 2 0 0 0 2 0 1 1 1 1 2 1 1 1 0 2 2 2 2 0 2 0 2 2 2 0 0 2 0 0 1 0 1 0 2 1 1 0 2 0 2 2 1 2 1 2 1 1 1 1 2 1 0 1 1 2 1 2 0 2 2 2 0 0 2 2 2 1 2 2 2 0 2 1 2 1 0 1 2 2 0 2 2 1 0 0 0 2 2 0 2 2 0 0 2 0 2 2 2 0 2 1 0 1 0 2 0 0 1 0 0 2 0 0 0 1 0 1 0 0 2 1 2 0 1 2 2 1 0 1 1 2 1 2 0 1 2 2 2 1 0 0 0
0 0 1 1 1 0 0 1 0 1 1 2 2 2 1 1 2 2 0 1 1 0 2 0 0 1 0 1 1 1 2 2 2 1 1 0 1 1 0 2 0 1 1 2 0 0 1 2 0 2 1 2 0 2 2 0 0 0 2 0 1 2 0 0 1 1 1 0 1 1 0 1 0 2 2 1 2 1 1 2 1 0 1 1 2 1 2 0 1 2 1 0 2 1 1 1 0 0 2 1 1 2 1 2 1 0 1 1 2 0 0 0 0 0 1 0 2 1 1 2 2 0 0 1 1 2 0 2 2 2 2 1 2 0 1 0 1 2 2 0 2 1 1 2 2 0 0
1 0 1 1 2 1 2 1 0 1 2 1 1 2 0 2 2 0 0 0 1 2 0 2 1 1 0 2 0 0 0 2 0 2 1 0 1 1 2 0 2 2 1 0 1 2 0 0 2 1 2 1 1 2 1 1 1 1 0 1 2 0 1 1 0 2 1 0 0 0 1 0 2 0 1 2 2 2 0 2 1 2 0 2 1 1 0 2 0 1 1 2 0 0 0 0 0 0 1 2 1 0 0 2 0 0 1 0 0 1 2 1 1 0 0 0 1 2 1 2 0 2 2 0 0 0 2 2 1 1 1 0 2 1 2 0 2 0 1 2 2 1 0 1 2 2 2
1 1 0 1 2 0 1 1 2 2 1 1 1 2 0 1 2 1 1 0 2 2 2 1 1 0 2 0 0 1 0 2 0 1 1 0 2 2 1 1 2 0 0 1 0 0 0 2 0 1 0 2 0 0 0 0 2 2 1 2 1 2 2 2 0 0 1 0 0 0 0 1 1 0 2 1 1 0 1 1 2 0 1 0 0 1 1 2 2 2 0 1 1 2 1 2 1 0 0 1 0 0 0 1 1 0 2 0 1 2 2 0 2 0 1 2 1 2 0 1 2 0 0 1 0 2 1 1 2 2 1 2 2 1 1 1 1 1 1 0 0 0 1 0 1 2 1
1 0 1 2 2 1 2 1 1 1 0 1 1 2 2 1 2 0 0 1 0 2 0 0 1 1 2 1 1 2 2 2 0 1 1 2 0 1 1 0 0 2 1 0 1 0 2 1 1 2 0 2 1 1 1 0 0 0 2 1 0 2 0 0 1 2 1 1 1 2 1 2 2 0 2 2 0 1 1 0 1 2 0 1 1 1 1 2 0 1 0 1 1 2 2 0 2 1 2 1 1 2 1 1 2 1 1 1 0 2 1 0 2 2 1 1 1 0 0 2 0 2 0 2 2 2 2 1 0 1 2 0 1 0 1 1 2 0 2 1 2 1 2 2 0 1 1
2 1 2 1 1 1 2 1 0 2 0 2 1 0 2 1 1 1 0 0 0 0 0 2 0 1 1 0 0 2 2 0 2 1 2 1 1 2 0 2 2 1 2 0 2 2 2 1 0 2 2 2 0 0 1 1 1 1 2 2 1 1 0 1 0 0 0 2 2 1 2 2 2 2 0 2 1 0 1 2 1 0 2 1 1 0 2 1 2 1 0 1 0 0 2 2 1 0 1 1 1 1 1 1 1 2 1 1 2 0 1 0 1 0 2 0 0 2 1 0 2 1 2 2 0 1 2 1 0 1 0 1 0 2 0 2 1 1 0 0 2 1 1 1 2 1 1
2 0 2 0 0 0 0 0 1 0 0 1 0 1 2 1 0 1 0 2 2 2 0 0 2 2 1 0 1 0 1 1 1 1 0 2 2 0 0 1 0 1 0 1 0 2 1 0 0 1 2 0 0 0 0 2 2 0 0 0 0 2 2 2 0 0 2 0 0 2 2 2 0 2 0 1 2 1 1 2 0 2 0 1 2 0 1 2 0 0 0 2 2 0 1 1 0 0 1 2 1 1 1 1 1 2 0 0 2 0 0 2 0 0 0 2 1 0 2 2 0 1 1 0 1 0 1 0 2 0 2 0 1 1 2 0 1 1 0 0 1 0 0 1 1 1 1
0 2 2 0 2 0 2 0 2 2 1 0 1 0 0 2 1 1 0 0 0 1 0 0 0 2 1 1 1 0 0 1 2 2 1 0 0 0 1 0 1 0 0 0 0 1 0 0 0 1 0 0 2 1 2 2 0 1 1 2 1 1 1 2 2 0 0 2 1 1 2 0 2 1 1 0 2 2 0 0 0 1 2 0 2 1 2 0 0 1 0 0 2 1 2 2 2 0 2 2 2 2 0 1 0 1 2 0 1 0 1 2 1 0 0 1 2 2 2 2 1 0 2 1 2 2 1 2 2 0 2 2 0 2 1 0 2 0 1 1 2 0 1 0 0 1 2
2 2 2 2 0 2 2 2 2 1 1 2 2 2 1 1 2 0 0 1 2 2 0 1 1 0 0 2 0 2 2 0 2 1 2 0 2 2 0 1 2 2 0 1 2 2 0 1 2 2 2 0 1 2 2 2 0 2 1 0 1 1 1 2 0 2 2 2 2 0 1 1 0 2 0 2 1 2 1 1 1 2 1 2 2 0 2 0 0 1 0 0 0 0 2 1 0 1 1 2 2 2 1 2 1 2 1 0 1 1 1 2 0 0 1 2 1 1 2 2 0 1 2 0 2 1 1 2 0 2 1 2 2 2 0 1 2 2 1 1 0 2 1 0 0 0 1
2 2 0 1 2 2 1 2 1 0 1 0 1 1 2 1 0 2 1 1 2 1 0 1 2 0 2 1 1 0 2 0 2 0 2 1 0 1 1 2 1 2 0 0 0 0 1 1 2 0 0 0 2 0 2 2 1 1 0 2 2 0 0 2 1 0 0 2 1 2 1 0 2 1 1 1 1 2 2 2 0 0 0 0 0 2 0 1 1 1 1 0 2 2 2 0 2 1 2 1 1 0 2 0 0 0 2 2 0 2 2 1 2 2 2 0 1 2 0 0 1 1 1 0 2 1 1 1 2 0 1 0 2 0 2 0 2 1 2 2 1 0 1 0 2 0 2
2 0 2 2 2 1 1 2 0 0 1 0 0 2 1 1 2 2 1 0 1 0 1 1 2 1 0 0 1 1 2 1 2 1 1 2 0 0 2 1 0 1 1 2 2 2 0 1 2 2 2 1 0 0 0 2 2 1 1 0 2 0 2 1 0 1 1 1 2 1 2 0 2 1 2 1 0 0 1 0 0 1 2 0 2 0 1 1 1 2 1 0 0 1 0 0 2 1 1 2 2 1 0 0 0 0 2 0 1 0 2 2 1 2 0 0 2 1 1 1 1 1 2 2 2 2 0 0 2 0 0 2 1 1 2 1 2 2 2 1 2 2 0 2 2 1 2
1 0 2 0 2 1 0 2 1 2 0 1 1 0 2 2 2 1 1 1 1 1 1 2 2 1 0 1 0 2 1 0 0 1 1 0 2 1 0 1 2 1 0 1 1 1 0 1 2 0 2 1 1 1 1 0 0 0 2 2 2 1 0 0 0 1 0 0 0 0 1 0 1 1 1 0 2 0 2 0 0 1 2 1 1 0 0 1 0 2 0 0 1 0 0 2 0 2 2 0 0 1 1 2 0 2 0 1 2 0 1 2 2 0 2 0 1 2 0 0 1 1 0 1 2 2 0 2 1 0 0 1 1 1 1 2 1 0 0 2 0 2 2 0 0 1 2
2 0 2 2 0 0 0 1 0 0 2 0 2 0 1 2 2 0 0 1 2 1 0 2 2 2 1 0 0 0 2 0 1 2 0 2 2 0 1 0 1 0 1 1 1 0 0 0 0 2 2 0 0 2 2 0 2 1 1 2 2 0 2 1 2 2 1 2 1 0 0 0 2 2 1 0 2 2 1 0 1 1 1 2 0 0 0 2 2 1 0 2 2 0 1 1 1 0 2 2 0 2 0 2 1 1 1 1 1 2 2 0 0 0 1 1 1 1 1 1 0 1 0 2 0 2 2 1 2 1 0 1 1 1 1 0 0 2 1 2 1 1 0 2 1 1 1
1 1 0 2 1 2 0 1 0 1 1 1 1 0 2 2 2 0 2 2 1 1 1 1 1 0 2 1 2 2 0 0 0 1 0 2 1 2 1 2 0 0 0 1 0 0 2 2 1 1 2 0 0 1 1 1 2 2 0 2 1 1 1 2 2 1 1 1 1 0 0 2 0 1 1 2 2 1 2 1 0 2 2 0 1 0 0 1 2 1 0 1 2 1 0 2 1 2 0 0 0 1 0 1 0 2 1 0 0 1 1 0 1 0 1 0 2 1 1 2 2 2 1 2 2 2 1 0 2 0 0 0 1 0 2 2 2 1 2 0 0 1 1 1 2 1 1
1 2 0 0 0 2 2 2 1 2 2 2 2 2 0 0 1 1 2 1 2 1 1 0 1 2 0 0 2 1 2 0 0 2 2 1 2 2 2 1 1 2 1 1 2 2 1 0 1 1 2 0 0 0 2 2 0 2 0 0 0 0 0 1 2 0 0 2 0 0 1 2 2 2 1 1 1 0 2 2 2 1 1 0 2 1 2 2 0 0 2 1 0 1 2 0 2 0 0 2 0 1 0 0 1 1 1 2 1 1 0 1 0 2 1 2 0 1 0 1 2 0 2 0 1 1 1 2 2 1 1 0 1 1 1 2 0 0 0 0 2 0 1 0 0 0 1
0 2 1 2 1 2 1 2 1 2 0 1 2 0 2 1 1 2 2 0 2 0 0 0 0 1 1 1 1 2 2 2 2 1 1 2 0 0 1 2 0 0 0 0 0 1 1 1 0 1 2 0 2 1 1 2 2 0 1 2 1 0 2 0 2 2 0 0 2 2 0 0 0 1 1 0 0 0 2 0 2 1 1 2 0 0 2 1 1 1 0 2 2 0 0 2 2 2 0 0 2 0 0 2 2 2 2 2 0 2 0 0 1 0 2 2 0 2 0 1 0 1 1 1 1 0 1 2 2 1 2 1 2 2 0 0 2 0 0 0 0 2 0 1 2 0 0
2 2 0 2 1 1 1 0 1 2 1 0 1 0 2 0 0 2 1 0 2 1 2 2 1 1 0 1 0 1 1 0 2 0 0 0 1 2 1 2 1 2 0 1 0 0 1 0 0 0 1 0 2 0 1 2 2 2 0 0 1 2 0 0 2 2 1 2 2 2 2 0 2 0 2 2 0 2 2 1 0 1 0 0 2 1 2 1 0 0 1 1 1 0 2 0 2 0 2 1 2 2 2 2 2 2 1 0 2 1 0 2 0 0 2 0 1 0 1 1 0 1 1 1 1 0 0 0 2 2 2 2 2 1 2 1 1 0 0 0 2 0 2 0 0 0 0
2 0 2 1 1 0 2 1 1 1 1 2 0 1 2 2 1 2 2 0 1 1 0 2 1 0 2 1 1 0 2 0 0 0 2 2 0 2 1 0 0 2 0 1 1 1 2 2 0 1 0 1 2 1 1 1 0 2 0 1 2 1 0 1 1 2 1 2 1 2 0 0 2 1 1 0 2 1 1 0 0 1 2 0 0 2 2 0 1 1 0 1 2 0 0 1 2 1 0 1 1 2 2 0 0 1 2 0 2 0 1 0 2 0 2 2 2 1 0 1 2 0 1 2 1 1 1 0 0 0 2 1 2 2 0 0 1 2 1 1 2 2 2 1 0 1 1
0 0 1 2 1 2 0 1 0 2 0 1 0 0 2 1 2 1 2 2 0 1 0 1 1 0 0 0 0 2 2 1 1 1 1 2 2 1 0 2 1 0 2 1 1 1 1 0 0 0 0 0 2 1 2 1 1 1 2 2 0 1 0 2 2 2 1 2 1 0 2 0 1 2 0 0 1 1 1 2 2 2 0 2 1 2 1 0 0 0 0 2 2 0 1 2 0 1 2 2 2 2 2 0 2 0 1 0 1 0 2 2 0 0 1 1 2 2 2 0 0 2 0 2 0 1 2 1 0 2 0 2 1 0 0 0 1 1 1 0 2 1 2 2 1 1 2
0 1 1 1 2 1 1 2 2 1 2 0 1 1 1 1 0 2 2 0 1 1 2 2 1 0 2 1 1 1 0 0 1 0 2 0 1 1 0 1 0 0 1 1 2 2 0 0 1 2 1 0 1 2 0 0 2 0 1 2 2 0 0 0 1 2 1 0 1 2 1 1 0 2 1 0 2 2 1 1 2 0 2 1 2 2 2 2 1 0 2 1 1 2 2 2 1 1 2 1 0 1 0 1 0 1 2 0 1 0 2 1 0 1 0 0 2 2 0 0 0 2 1 2 2 0 2 1 2 0 2 2 1 0 1 0 2 0 0 0 0 0 2 2 2 2 0
1 1 1 2 2 0 1 2 0 2 1 1 1 2 1 0 2 2 2 0 1 0 0 0 1 1 2 1 1 2 1 0 0 2 0 2 0 1 2 0 0 2 2 2 1 1 0 1 0 0 1 0 1 0 0 2 2 2 1 1 1 2 1 0 2 1 0 0 0 0 1 1 2 0 0 0 0 0 0 0 2 2 1 0 2 1 0 2 2 1 0 1 1 2 1 0 1 2 0 1 2 2 2 2 2 0 0 2 2 0 1 1 0 2 1 0 2 1 1 1 0 2 0 1 2 2 2 1 2 0 0 2 2 0 1 2 2 1 2 2 0 1 0 1 1 2 1
0 1 0 2 1 0 0 0 0 0 2 1 2 2 1 1 2 0 0 1 2 2 1 2 2 0 2 0 2 2 0 0 0 0 1 2 1 1 2 1 2 2 0 1 2 2 0 1 0 1 0 0 0 0 2 0 0 1 1 2 1 1 1 1 2 2 1 1 1 1 0 0 0 1 1 0 0 2 2 1 0 0 2 0 0 2 1 0 1 0 1 0 1 2 2 1 2 1 0 0 2 1 0 1 2 2 1 2 1 1 1 2 2 1 0 0 1 2 1 2 0 2 2 1 2 0 1 1 1 2 2 1 0 2 2 2 1 2 2 2 1 2 2 0 1 0 0
2 0 2 2 0 0 0 2 2 0 0 2 1 0 1 0 1 2 0 1 0 0 1 1 1 1 0 1 2 1 2 2 1 2 1 1 2 1 1 0 1 2 0 0 1 1 1 2 1 2 1 2 2 0 0 0 1 1 2 1 0 2 1 2 1 2 2 2 2 0 2 1 0 2 2 2 1 1 2 0 0 1 2 0 1 0 1 0 2 1 2 0 1 0 0 0 0 2 2 0 0 1 2 1 1 2 1 0 0 1 1 1 2 1 2 0 1 0 0 1 1 0 0 0 0 1 0 0 1 1 1 1 0 1 0 2 0 1 0 1 2 1 2 2 2 1 2
1 2 0 2 1 0 0 1 0 1 2 2 2 0 1 1 1 0 2 0 0 1 1 1 2 2 1 1 1 0 2 2 0 2 2 1 1 1 0 2 2 0 2 2 1 0 0 0 0 0 1 1 0 2 0 0 1 2 1 0 0 1 2 0 1 2 2 0 0 0 2 1 1 2 0 2 0 1 0 1 0 1 0 0 0 2 0 1 1 2 1 0 1 1 0 0 1 1 0 0 1 2 1 2 2 2 2 0 1 2 2 1 0 2 2 0 1 0 2 1 1 0 1 0 2 2 1 1 0 1 1 0 1 0 0 1 2 1 2 1 1 1 1 2 1 1 0
1 2 1 2 1 1 1 1 2 0 2 0 2 1 2 0 0 2 0 2 2 1 1 0 0 0 2 0 2 1 1 0 0 2 0 2 2 2 0 1 0 0 1 2 2 1 2 2 0 1 0 0 2 1 1 0 2 1 0 2 2 0 0 0 2 0 2 2 2 0 0 2 0 2 0 0 0 0 2 1 1 2 2 2 2 1 0 2 2 2 1 2 2 1 2 2 2 2 2 2 2 2 2 0 0 2 0 1 1 0 1 0 1 0 2 0 2 1 0 2 0 1 1 2 0 1 1 2 0 0 1 2 1 1 2 2 1 0 0 0 1 2 0 0 0 1 1
2 2 1 0 2 0 1 2 0 0 0 0 0 2 2 1 1 0 0 0 2 2 1 0 1 1 1 1 2 0 2 2 0 1 2 0 1 2 2 2 2 0 0 0 0 0 1 1 1 0 2 1 2 2 1 0 1 0 2 1 1 2 0 1 1 1 2 0 0 2 0 0 0 0 0 0 1 2 0 2 2 2 0 2 2 0 0 0 1 2 1 0 2 0 2 0 1 2 0 2 1 0 2 2 1 2 1 2 2 1 1 1 1 0 0 1 0 0 2 2 0 1 2 2 1 0 0 0 0 0 2 2 1 2 0 2 1 1 1 2 2 1 0 1 1 2 0
2 0 0 1 2 1 2 2 0 2 0 0 0 1 0 2 0 2 0 0 1 1 0 0 1 1 2 0 2 2 1 2 0 1 0 2 0 2 2 0 2 0 1 2 1 1 0 2 1 0 1 0 0 1 1 1 2 0 2 2 0 1 2 1 0 2 0 1 0 0 2 2 0 1 0 0 0 1 0 0 2 1 0 2 2 2 2 2 1 1 2 1 0 1 2 1 2 1 2 2 1 1 2 0 0 2 1 1 1 1 1 1 1 2 0 1 1 0 2 0 2 1 2 0 1 1 1 1 2 1 0 2 0 2 0 1 0 1 2 1 0 1 2 1 1 1 0
1 1 2 1 1 1 0 0 0 0 1 1 0 1 2 0 1 2 0 0 0 1 1 1 2 2 2 1 2 0 2 0 2 2 2 2 1 0 2 2 1 1 2 2 2 1 0 1 1 0 2 1 0 0 1 0 0 0 1 2 1 1 0 1 1 0 1 2 1 1 0 2 0 2 1 0 1 1 0 1 0 0 0 0 1 1 0 2 2 2 2 1 1 0 0 0 0 2 0 1 1 0 1 2 0 1 2 0 0 0 1 0 1 1 1 2 1 1 2 0 2 2 0 0 2 0 0 1 0 1 2 1 2 2 0 1 0 1 1 0 2 0 2 1 2 0 0
