3 149 19
1123722681 645826213 772881833 1090115300 857276491 857738267 685365948 76459632 110369510 573753603 914740288 1006833225 809569355 206731216 900966460 1016869474 200973297 546371840 387864618 228040569 875796863 104813249 97036937 1142863586 430203763 231877017 853985731 692949225 774575761 751753463 154107748 1131472177 630484435 445915853 43121211 1008337964 1006968276 260588215 934822481 136127133 883698416 131993058 773781163 433596939 170132091 685896114 906149235 1131730237 1071656508 208803918 985366310 445332945 527880361 858435663 1077411358 1091253585 998461815 46755631 569332037 707543819 694583005 1028772173 770581499 1065953188 722980151 656874817 809956243 816546651 776968246 1147967059 390621007 423654028 1031438275 318680407 36499963 735273880 751781051 584355271 1122236187 1146607830 928048770 133054024 972988127 93499716 567285598 719292359 522816236 117364661 171237029 351672048 951354495 788263053 459264778 625916935 1120140757 659759320 294126136 891677097 407662421 485726423 195932530 919035350 442336485 1093232962 537629877 662501030 448887322 809714232 810952078 55589074 922360540 562865934 600872832 355090368 505095027 338851619 878608603 524938165 489442677 721280758 29391966 972900996 457205325 519492828 348525264 218785667 364649006 550151279 38809730 93946923 402350523 214832932 1099185552 162088604 32056803 907892424 960195455 778271470 20901942 275923747 66472914 864742856 655945561 372665096 773837315 19831989 192151097 973599305 791742724
0 2 0 2 1 1 2 0 0 1 1 2 1 2 0 2 2 2 1 0 0 2 0 1 1 1 1 2 2 0 1 2 1 2 2 0 1 1 0 2 1 2 1 2 2 2 0 2 0 1 2 0 0 0 2 1 1 0 2 0 2 1 1 1 1 0 1 2 0 2 1 1 2 1 1 1 0 1 0 0 1 0 1 1 2 1 1 0 2 1 2 2 0 0 0 1 1 1 0 2 1 0 1 1 1 1 0 1 2 1 0 0 0 2 0 2 1 2 0 1 0 0 1 0 1 1 2 0 0 2 0 0 2 0 1 0 1 2 0 0 2 1 2 2 1 0 2 0 2
0 2 0 1 0 1 2 2 0 0 0 0 1 0 0 1 2 1 2 2 2 0 1 1 0 0 1 1 0 1 0 0 1 1 1 2 2 2 2 2 2 2 1 1 0 1 2 2 0 2 1 1 1 2 2 2 0 0 1 1 0 2 2 1 1 1 1 0 0 0 1 0 2 2 1 0 1 2 0 2 2 2 0 0 0 1 1 0 1 2 0 2 1 2 1 2 1 0 1 2 0 0 0 1 0 2 1 1 2 1 0 2 2 2 0 2 0 1 0 2 1 0 2 0 0 0 0 2 0 1 2 1 1 2 2 2 2 0 0 2 0 2 2 2 2 0 2 2 0
2 1 1 0 0 2 1 1 0 0 1 2 2 0 2 2 2 1 0 0 0 2 1 2 2 1 1 0 0 1 1 2 2 1 0 0 0 2 2 1 0 1 1 1 2 1 0 1 2 0 2 2 0 0 2 0 2 1 1 2 2 0 0 0 1 1 1 0 0 0 2 2 1 1 0 0 2 0 2 2 2 2 1 2 1 2 1 0 0 0 0 0 0 1 0 0 2 1 0 0 2 0 0 0 2 0 2 1 1 2 0 0 1 0 1 2 2 2 1 2 2 1 0 0 2 1 0 2 2 1 2 2 2 0 1 1 0 0 2 2 2 1 0 1 1 1 2 0 1
0 2 1 2 1 2 2 2 0 1 0 2 2 2 2 2 0 0 1 0 0 0 0 1 1 2 0 1 2 0 2 2 1 1 1 2 0 1 1 0 2 1 0 2 2 2 2 2 0 0 1 1 1 1 0 0 1 1 1 0 2 1 0 0 2 2 0 0 0 0 1 1 1 0 0 1 2 0 1 1 1 2 0 0 1 0 1 1 2 2 1 2 1 0 0 1 2 1 2 0 1 1 2 0 2 2 2 1 1 0 0 0 0 0 1 2 1 2 0 0 2 0 0 2 1 1 0 0 2 0 1 1 2 0 1 1 1 0 2 2 1 0 2 2 1 1 0 2 1
0 1 2 1 1 1 2 2 1 1 2 1 2 0 0 0 2 1 2 0 2 2 2 0 2 2 1 1 2 2 2 1 0 1 0 2 0 1 0 2 2 2 1 2 1 2 0 0 1 2 1 1 1 1 2 1 1 2 0 1 2 0 2 0 0 1 2 0 2 0 2 2 0 2 1 1 2 2 2 1 1 0 0 1 2 0 0 1 0 0 2 2 0 2 0 1 1 0 2 0 0 2 2 1 1 1 0 1 0 2 0 0 1 0 1 0 1 1 1 0 2 1 0 0 1 1 2 2 2 2 2 2 2 2 2 2 2 2 0 2 0 0 2 1 1 1 2 0 2
1 1 2 2 1 0 1 2 0 0 1 2 1 2 2 1 1 1 0 1 2 1 2 2 0 1 1 0 0 2 2 2 0 0 2 1 0 1 1 1 1 0 1 0 2 0 2 1 2 0 1 1 1 0 1 0 2 2 0 0 2 0 1 0 0 0 2 1 2 1 2 0 2 0 2 2 1 2 0 1 2 1 0 2 0 1 2 0 2 2 0 1 2 1 2 1 2 2 2 1 1 0 0 0 1 2 0 0 2 1 1 1 0 1 0 1 0 2 1 0 2 2 1 0 1 1 1 2 1 1 0 2 1 1 1 1 0 1 1 0 0 1 2 2 2 0 0 0 1
2 1 0 2 0 1 1 2 2 0 1 2 2 1 1 0 0 2 2 2 1 2 0 0 2 2 2 0 1 1 1 0 2 2 0 0 1 1 1 1 0 0 0 2 2 0 0 0 2 2 0 1 2 0 1 2 1 2 2 2 1 1 0 0 2 1 2 1 2 1 2 0 1 1 0 0 1 1 1 1 0 1 0 0 0 1 1 1 1 0 0 2 2 1 0 2 2 0 0 2 1 0 0 0 1 0 0 0 2 0 0 1 1 0 2 1 2 0 2 1 1 0 0 1 1 1 1 1 2 1 1 0 1 1 1 1 2 2 2 0 2 2 1 1 0 0 1 0 2
0 2 1 2 2 0 1 2 1 0 1 2 1 0 0 0 1 2 0 1 2 0 1 1 2 1 2 1 2 0 0 0 2 1 2 2 1 2 2 2 2 2 2 1 2 0 2 1 0 2 1 0 1 0 2 0 1 1 2 0 2 2 1 2 1 1 2 2 0 2 2 0 1 2 1 1 0 0 1 1 1 2 1 2 2 0 0 2 0 0 2 2 0 1 2 2 0 2 2 0 1 0 2 1 2 0 2 0 2 0 1 0 0 2 0 0 1 1 2 1 2 2 1 1 1 1 0 2 1 0 0 1 0 2 2 1 0 1 1 0 0 0 1 0 0 2 1 1 0
1 0 1 1 0 2 0 2 0 2 1 1 2 2 2 2 2 0 0 1 2 1 1 2 2 0 1 1 1 0 2 1 1 1 0 2 1 1 1 2 0 0 1 0 0 1 0 2 2 1 2 1 2 0 2 2 1 0 0 1 0 1 2 2 2 0 1 2 1 1 1 2 1 2 2 2 0 1 1 2 2 0 1 2 2 0 1 0 1 0 2 1 2 2 1 2 2 0 1 0 1 0 2 0 0 0 2 1 1 1 1 0 0 0 0 2 1 0 0 2 1 1 1 0 0 0 0 0 1 2 1 0 0 2 1 0 2 1 2 1 2 1 2 2 2 1 2 1 1
1 0 0 2 1 1 2 2 1 0 1 0 0 2 0 2 0 2 2 1 1 1 1 0 0 1 0 1 1 1 0 2 2 0 2 2 1 0 1 1 1 0 1 1 2 0 1 2 0 0 1 2 1 0 0 0 2 1 1 0 0 0 1 2 0 1 1 0 1 0 1 0 0 0 2 1 1 1 0 1 1 2 1 1 0 2 1 2 0 0 2 0 0 1 0 2 0 2 0 1 0 1 2 1 2 0 2 1 1 1 0 0 1 1 1 1 0 0 0 1 2 0 2 0 2 0 2 0 2 2 1 0 1 2 1 2 2 1 1 1 2 1 1 0 0 1 1 1 1
2 1 1 2 0 2 2 0 2 2 0 0 2 0 1 2 2 1 2 1 2 0 0 1 1 1 2 2 0 1 2 2 2 0 2 0 0 0 0 0 2 2 0 2 2 2 1 2 1 0 0 1 0 0 2 0 1 2 2 2 1 2 1 0 1 2 0 1 2 2 2 2 1 2 2 1 0 0 1 1 2 1 2 0 0 0 0 2 2 1 2 0 0 1 1 1 0 1 1 2 1 0 0 2 1 2 1 1 0 2 0 0 1 0 1 1 0 1 1 1 2 0 1 1 1 0 0 2 0 1 2 1 0 2 1 1 2 0 0 0 2 0 0 0 0 2 0 2 1
1 0 1 1 2 0 0 0 1 0 0 0 1 1 0 1 0 2 1 0 0 2 0 0 0 2 2 0 2 1 2 0 2 1 2 1 2 2 1 1 1 2 1 2 1 2 0 2 2 2 0 0 1 1 1 2 0 0 0 0 2 0 0 2 1 0 1 1 1 2 2 2 0 1 2 1 1 2 1 1 0 2 1 1 1 1 1 2 2 1 0 2 2 1 2 1 2 0 2 1 1 0 1 1 1 0 0 0 0 1 1 0 1 0 0 0 2 1 2 1 1 0 1 0 2 1 2 2 1 0 1 0 0 2 1 1 2 1 1 0 1 0 1 0 1 2 1 0 0
0 2 2 2 0 1 2 2 0 2 1 1 0 1 1 2 1 0 2 0 2 2 2 0 1 2 1 0 0 2 2 2 2 2 1 0 0 1 0 2 0 2 0 0 1 2 2 0 0 1 1 0 1 0 0 1 1 2 1 1 2 1 1 1 1 2 0 2 0 1 2 0 1 0 1 2 0 0 1 0 2 2 0 2 0 1 0 1 1 2 1 0 2 2 0 1 0 0 0 1 2 1 0 0 1 1 0 2 0 1 2 0 1 1 2 0 0 0 1 1 0 0 0 0 1 0 1 1 1 2 0 0 0 1 0 2 0 1 1 1 0 2 1 2 1 2 2 1 2
2 0 0 2 0 0 1 1 2 0 2 2 1 2 2 2 0 2 0 1 1 2 2 0 1 2 1 1 1 0 0 1 1 2 2 2 0 0 0 0 1 2 0 2 2 0 2 0 0 1 1 2 0 2 2 2 1 2 0 0 2 2 2 1 1 1 0 2 2 0 2 0 0 0 0 2 1 1 2 1 2 1 0 0 0 1 0 2 0 1 0 0 0 0 1 2 2 1 2 1 2 2 0 2 0 0 1 2 1 1 0 1 0 2 2 1 0 0 0 1 1 1 1 2 2 0 2 1 2 2 1 1 2 1 1 0 1 2 2 1 1 0 2 1 2 1 0 2 1
1 1 1 0 2 1 0 0 0 1 2 0 2 1 0 1 2 0 0 2 0 1 1 0 1 0 0 1 0 0 0 2 2 1 0 2 2 0 0 1 2 0 1 0 2 1 1 2 2 1 2 2 0 0 2 0 1 2 1 2 1 1 2 0 0 2 2 2 0 2 1 0 0 2 0 0 1 2 0 1 2 2 0 2 1 1 0 2 1 1 2 2 0 0 2 1 2 2 1 1 2 0 1 0 2 2 0 2 2 1 0 1 1 1 2 0 0 2 1 1 1 0 1 2 0 0 0 1 0 1 2 0 1 1 0 2 1 2 1 0 1 1 2 0 0 1 1 1 1
2 0 2 0 2 1 2 2 2 0 1 1 0 1 2 2 2 1 0 2 0 1 0 0 1 1 1 0 0 0 2 2 0 1 2 2 1 1 2 0 2 1 2 0 2 2 2 0 1 0 2 0 2 1 0 1 0 1 2 0 1 1 0 2 0 2 2 2 2 0 0 2 1 2 0 2 2 2 2 2 1 2 2 1 1 2 2 1 1 1 2 1 0 2 0 1 0 1 0 0 2 1 2 0 2 2 0 1 0 0 0 1 0 2 2 2 2 1 1 1 1 1 2 1 1 0 0 2 2 2 2 1 0 1 0 0 2 0 2 2 1 0 1 1 1 0 1 1 2
2 2 1 2 2 0 0 0 1 0 2 0 2 2 2 1 2 2 0 2 2 2 0 0 0 2 2 1 1 0 2 1 0 0 0 0 0 1 0 0 1 1 0 1 1 0 0 0 0 0 0 0 1 1 0 2 1 0 1 0 1 0 2 2 0 0 2 2 2 1 0 1 0 0 0 1 2 0 2 0 1 2 0 2 1 2 2 0 2 1 1 1 2 0 1 2 2 2 2 2 1 2 1 1 1 1 0 0 2 2 1 2 1 1 1 1 1 1 2 1 0 0 0 2 2 2 0 1 2 2 0 0 0 1 1 2 1 1 0 1 1 1 0 2 0 0 0 2 2
0 0 0 1 1 2 0 1 0 2 0 0 0 0 1 1 1 0 0 0 1 0 1 2 0 2 2 1 0 1 1 1 2 1 2 2 1 0 0 2 2 1 0 2 1 1 1 1 2 0 2 0 0 2 0 1 1 0 0 2 0 1 1 0 0 0 2 1 1 0 0 0 2 1 0 1 0 2 2 0 2 0 0 2 2 1 0 1 2 1 1 0 2 0 0 2 1 0 2 0 0 0 1 2 2 2 0 2 1 1 1 0 2 2 0 2 1 1 0 1 0 1 1 2 2 1 0 1 1 0 1 2 0 2 2 0 2 1 1 0 0 2 1 2 1 2 1 0 1
2 1 1 1 0 1 1 2 2 2 1 0 1 2 2 1 1 2 1 0 1 2 0 1 1 2 0 0 1 1 2 0 0 1 2 1 0 0 0 0 0 0 1 1 2 0 0 1 0 2 2 0 2 2 1 1 2 2 1 0 1 2 2 2 0 1 0 1 1 2 2 1 2 1 0 2 2 0 0 2 0 2 0 0 0 2 1 2 1 0 0 0 2 2 2 0 1 1 1 2 0 1 1 0 2 2 2 2 1 0 0 1 1 0 2 1 2 0 1 2 0 1 2 0 2 2 1 1 1 2 1 1 2 0 2 1 0 2 2 1 2 2 0 0 2 2 1 0 0
2 2 1 2 1 1 2 1 0 0 2 1 2 1 0 1 0 2 1 0 1 0 0 0 1 1 1 1 1 1 1 1 0 2 1 2 2 1 2 2 0 2 0 2 1 0 1 2 0 2 1 1 0 2 0 1 0 1 2 2 2 1 1 0 1 0 0 0 2 2 0 2 2 1 2 1 2 1 1 0 1 2 0 2 2 0 1 0 2 1 0 2 0 2 2 1 0 0 2 2 0 1 2 0 0 1 2 2 2 1 0 1 2 1 1 1 2 2 2 1 1 0 0 2 2 0 1 2 1 2 2 1 0 1 2 0 0 2 0 0 1 1 2 1 2 0 2 1 1
2 0 2 2 0 2 2 1 1 0 0 0 2 2 1 2 0 1 0 0 2 0 1 1 0 2 0 1 0 0 2 0 0 2 2 2 2 2 1 1 2 2 2 2 2 0 1 0 2 1 0 2 2 0 0 0 0 1 2 0 1 1 0 2 1 0 2 1 1 0 2 0 0 0 0 0 0 2 0 0 0 1 0 1 1 0 1 0 2 0 1 1 0 0 1 1 1 0 0 2 1 1 0 1 1 0 1 2 1 2 0 1 2 0 0 1 0 2 1 1 0 0 2 0 1 1 0 2 2 0 2 0 2 0 2 1 1 1 1 2 2 1 2 1 2 2 2 0 1
2 1 2 0 1 0 1 2 0 0 1 2 0 0 1 0 2 1 0 1 2 2 1 1 1 2 0 2 0 2 1 2 1 1 2 0 2 1 0 0 1 0 2 2 0 2 0 0 0 0 2 0 1 1 1 0 0 0 2 1 0 2 1 1 0 0 2 0 1 1 1 1 1 1 1 2 0 2 2 1 1 1 1 2 0 1 0 1 1 1 0 2 0 2 0 1 0 1 2 0 0 1 2 2 2 0 1 0 2 1 1 1 0 1 0 1 2 1 0 1 2 0 0 0 0 1 1 1 2 1 2 0 2 1 2 2 1 1 0 1 2 2 0 1 0 1 2 0 0
0 1 0 0 1 0 2 0 0 0 0 1 2 1 2 0 1 1 2 0 2 1 0 2 1 1 0 1 1 0 1 1 2 2 0 1 2 2 1 0 0 0 2 0 1 1 0 0 0 0 0 0 1 2 2 1 1 2 2 0 1 0 2 1 2 2 2 0 2 2 0 2 2 0 2 1 2 0 1 2 1 2 0 0 2 0 1 0 0 1 0 2 1 1 0 2 0 1 0 0 1 1 0 0 2 1 2 1 1 0 2 0 0 2 1 2 0 0 0 1 1 1 1 0 2 2 2 1 1 2 2 2 1 2 0 1 1 2 0 0 0 2 1 1 0 0 1 1 0
2 0 2 1 2 2 1 2 0 2 0 2 2 0 1 0 1 2 1 1 0 2 1 0 0 0 1 1 2 0 2 1 1 1 0 0 2 2 2 2 2 0 2 2 1 1 2 0 1 1 1 2 1 1 1 2 1 2 1 1 0 0 1 2 0 1 2 0 1 0 0 2 1 2 1 0 1 1 0 0 2 0 0 0 1 1 0 0 1 2 2 2 0 0 1 1 2 2 1 1 0 1 0 1 2 2 2 0 1 0 1 1 1 2 2 2 0 0 0 2 0 2 2 0 0 1 0 0 1 2 2 1 1 2 0 1 1 0 2 2 1 1 0 2 1 0 2 2 1
0 2 2 0 2 1 1 0 1 2 0 0 1 1 2 1 2 0 2 0 0 2 1 2 0 1 0 2 1 0 1 1 2 2 2 2 0 1 1 1 1 1 1 0 2 2 1 0 0 1 0 0 1 2 0 2 0 1 1 2 2 1 1 2 0 1 2 0 0 0 2 1 2 1 2 1 0 0 2 1 1 2 2 0 2 1 0 0 2 2 0 2 0 2 2 1 0 1 2 2 2 1 0 1 0 1 0 1 1 0 0 1 0 1 1 0 2 1 1 2 1 2 2 2 1 1 1 0 0 0 2 2 2 0 1 0 1 2 2 0 0 0 2 1 1 0 1 1 2
0 0 1 0 2 0 2 0 1 2 1 2 2 1 2 0 2 0 2 2 2 0 2 0 2 1 2 0 1 0 0 1 1 2 2 1 2 2 0 1 1 1 1 1 0 1 2 0 1 1 2 0 2 0 2 1 2 1 2 0 2 0 2 1 2 2 2 2 1 0 1 1 2 0 0 0 1 2 0 2 1 1 0 0 2 2 0 1 2 0 2 1 1 2 0 0 1 2 0 0 1 2 2 0 2 2 1 0 2 1 0 0 2 2 1 1 2 2 1 1 2 0 0 1 2 0 2 1 1 0 2 2 0 1 0 2 0 1 1 2 2 1 0 0 1 2 2 2 2
0 0 1 1 1 0 1 2 0 0 0 0 2 2 1 2 2 1 0 0 0 1 1 2 2 2 1 1 1 0 1 0 1 2 1 0 0 0 0 1 1 0 0 1 1 1 0 1 0 1 0 0 2 1 0 1 0 1 0 2 2 1 2 0 1 1 1 0 2 2 1 0 2 1 1 1 0 0 0 1 2 0 2 2 2 0 1 0 2 2 0 1 1 0 2 2 2 0 0 2 2 2 2 0 1 1 2 2 2 2 1 1 0 1 1 0 1 2 1 0 1 2 1 2 2 1 0 2 2 1 1 2 1 1 0 0 0 1 2 0 0 1 2 2 2 1 0 0 1
2 1 0 1 0 0 1 2 1 1 2 0 2 2 1 0 0 2 0 1 0 1 2 1 1 2 2 0 0 0 1 0 2 2 2 2 1 0 1 2 2 0 0 1 0 0 2 1 0 0 0 0 0 0 2 1 0 1 2 1 1 0 1 1 1 1 1 2 2 2 2 1 1 1 0 2 1 2 1 1 0 1 0 0 2 2 2 0 1 1 1 0 0 0 2 1 1 0 0 1 0 2 2 2 0 2 1 2 2 2 2 0 1 2 1 1 2 1 2 0 0 1 0 0 2 0 1 2 0 1 0 2 2 1 1 0 0 1 0 0 1 0 1 0 2 2 2 1 1
1 2 2 0 0 2 1 1 1 1 2 0 1 1 2 2 1 0 1 2 1 2 0 1 0 1 1 0 1 2 2 1 2 1 1 2 0 0 1 2 1 1 0 1 2 0 0 0 1 2 0 0 1 1 1 1 2 0 0 2 0 2 0 2 0 2 0 1 0 1 2 1 2 0 2 0 0 1 0 0 0 1 0 0 0 0 1 0 0 1 2 2 1 2 1 2 0 1 2 0 1 1 2 0 1 2 0 2 1 2 2 2 1 1 2 2 1 2 2 2 1 0 2 0 2 1 0 0 0 2 0 1 0 0 0 1 0 0 1 1 0 1 1 2 2 1 1 1 1
1 2 2 1 1 0 1 2 1 2 1 0 0 2 2 0 2 0 1 1 2 2 1 1 2 2 0 1 0 0 2 1 2 2 0 0 0 0 1 2 2 2 0 0 2 2 1 0 0 2 2 0 0 1 1 2 0 0 0 1 0 0 2 0 2 1 1 2 1 2 2 1 2 0 1 0 2 0 1 0 1 0 1 2 1 0 2 2 0 0 0 1 0 0 2 2 1 1 0 0 1 2 2 2 0 2 0 0 2 1 0 1 1 2 0 2 0 2 1 1 2 2 1 0 0 0 1 2 2 1 1 2 1 0 1 2 2 1 0 0 2 1 2 1 1 0 0 1 0
0 0 1 2 1 2 2 0 0 0 0 2 1 2 2 1 0 1 2 2 2 0 2 0 2 0 2 0 2 1 1 2 2 0 1 1 2 2 2 1 2 0 0 0 2 2 2 1 1 1 1 0 1 1 2 2 2 1 2 1 0 1 1 0 1 0 1 2 0 1 0 0 1 1 0 1 1 0 2 2 2 1 1 1 0 0 1 2 2 1 2 2 2 0 2 2 0 2 2 1 0 0 1 2 1 2 1 2 0 1 0 0 0 1 2 0 2 1 0 1 2 2 2 2 0 1 2 1 1 1 0 2 2 2 1 1 2 0 1 2 2 2 0 0 0 2 0 0 0
1 2 0 1 2 0 2 1 0 0 0 2 1 2 2 1 2 0 1 0 0 0 0 2 0 0 1 2 1 1 1 2 1 1 0 0 2 2 2 0 1 0 2 2 2 2 1 2 0 2 2 1 0 2 0 1 2 2 2 0 2 0 1 1 1 1 2 1 2 2 1 1 0 1 1 2 0 1 0 1 0 2 0 2 0 2 0 2 1 2 1 0 2 2 2 2 1 2 1 1 2 2 0 2 1 2 2 2 0 2 2 1 0 2 0 0 1 2 0 0 1 2 1 2 1 1 1 1 0 2 0 0 2 1 0 0 1 1 0 1 1 2 0 1 2 2 1 0 1
0 1 2 2 0 1 2 2 0 0 1 2 0 1 2 2 0 0 0 1 1 1 2 0 0 1 0 2 0 1 0 1 0 0 1 1 0 0 1 0 1 2 0 2 1 0 2 1 1 2 0 2 2 0 2 2 2 0 2 0 2 0 2 2 0 1 2 1 2 0 2 0 0 0 2 1 0 2 1 1 2 1 0 2 2 1 2 2 2 1 0 1 2 0 1 2 1 0 2 0 1 1 1 1 1 1 1 2 1 0 1 0 2 2 0 2 0 2 1 2 0 2 1 2 2 1 2 1 2 1 2 1 0 0 0 2 2 2 2 0 2 1 1 2 0 1 2 2 1
0 2 1 1 1 1 1 0 1 0 2 1 2 1 1 1 2 2 0 1 1 1 2 2 0 1 0 2 0 2 0 1 2 2 2 1 0 1 1 2 2 1 0 1 0 0 2 2 2 0 1 0 1 0 0 1 2 0 1 2 1 1 2 0 0 2 2 0 0 1 0 0 2 1 2 2 1 2 2 0 1 2 1 0 2 1 0 0 0 1 2 1 0 2 2 0 2 2 2 0 0 0 1 0 1 1 0 1 0 0 1 2 2 1 0 0 2 0 0 0 1 0 2 1 0 2 0 2 2 2 2 2 2 0 1 1 1 2 2 0 2 2 2 0 0 0 0 0 0
1 1 0 1 1 1 1 2 1 1 1 1 2 1 1 0 2 0 0 1 2 0 1 2 0 1 2 1 2 0 2 0 2 2 2 1 2 1 0 1 1 2 0 0 1 1 1 1 2 1 0 0 2 1 2 1 1 2 0 0 0 2 2 2 0 2 0 2 0 1 0 2 0 1 0 2 1 2 0 0 1 0 0 1 1 1 2 0 0 2 1 1 2 1 0 2 0 1 2 1 0 1 1 1 2 1 0 1 1 0 2 0 0 0 2 0 2 1 0 0 1 2 1 0 0 1 1 0 1 0 2 1 1 1 0 2 0 1 0 2 2 0 0 0 2 2 1 1 1
2 2 2 1 0 2 0 0 1 0 1 2 0 0 1 1 1 0 2 0 1 2 0 2 2 1 2 1 0 1 2 2 1 2 1 2 2 1 2 1 0 1 0 0 0 1 2 1 0 2 2 2 1 2 1 0 2 1 2 2 0 2 1 1 1 0 1 0 0 1 1 0 0 2 1 0 2 1 0 0 0 2 2 2 0 1 0 2 0 2 1 0 2 0 2 1 0 1 0 1 0 2 1 1 2 0 2 2 1 2 2 0 2 1 2 2 0 0 2 1 0 0 1 0 1 2 2 0 1 2 1 2 2 1 0 1 1 2 1 0 2 0 1 0 2 1 2 2 2
0 0 2 1 0 0 0 0 0 0 1 0 2 0 2 0 0 1 2 1 2 1 1 0 2 1 0 1 2 0 1 2 1 2 0 2 2 1 2 0 2 1 2 2 2 1 0 0 0 0 2 0 1 1 2 1 1 2 0 0 0 2 0 0 1 1 2 1 0 2 2 2 1 1 2 1 1 0 2 2 0 2 2 2 0 2 0 1 2 1 1 0 1 2 0 2 1 0 1 2 0 2 1 1 1 1 0 2 2 2 2 2 1 2 2 2 2 0 1 1 2 1 2 1 0 0 1 2 0 1 1 1 1 0 1 2 2 1 0 1 1 2 1 2 2 0 2 2 0
1 1 0 2 1 2 0 2 2 0 2 0 1 2 1 2 0 1 2 1 1 1 2 2 2 0 1 0 0 0 2 2 2 0 2 0 1 0 2 0 0 0 0 2 2 2 0 0 0 2 1 0 1 2 2 1 2 0 0 0 2 0 0 2 1 2 2 2 2 0 2 0 1 0 1 1 2 1 1 1 0 2 1 2 1 0 2 1 1 0 2 0 0 2 0 1 2 1 2 2 2 1 0 0 0 1 2 0 2 1 1 1 1 0 1 1 1 1 2 0 1 2 1 2 2 2 2 2 0 1 2 0 0 2 0 0 1 0 1 1 1 0 0 2 1 0 0 2 1
1 0 1 1 0 0 1 0 2 0 1 1 2 1 2 2 2 0 1 2 2 1 0 1 1 0 2 2 2 2 2 0 1 0 1 1 1 0 1 2 0 0 0 0 1 0 1 0 2 2 2 1 0 0 0 0 0 0 0 2 0 2 0 1 2 2 0 2 0 2 1 1 2 1 2 0 0 0 0 2 1 0 1 2 0 0 2 1 0 0 2 0 0 2 2 1 2 0 0 0 2 1 2 2 0 2 2 1 1 0 1 2 0 1 1 1 1 2 0 1 0 0 2 1 2 2 2 0 0 2 1 0 1 0 0 0 2 2 2 0 1 1 0 2 2 0 1 0 0
2 1 0 2 1 2 2 1 2 0 2 2 1 2 2 1 0 2 2 1 1 0 2 0 1 1 2 2 0 0 2 2 2 0 2 1 2 0 0 1 0 2 2 2 0 1 1 0 1 0 1 2 1 1 1 0 0 0 2 1 1 1 1 1 2 1 2 1 2 0 1 0 0 0 2 0 1 1 2 2 2 1 2 1 0 0 1 0 2 0 1 1 2 0 2 1 0 2 2 2 0 1 0 1 1 0 2 2 2 1 2 1 0 2 2 0 0 0 1 2 1 0 0 1 2 0 2 0 0 2 0 1 1 1 2 0 1 2 0 0 1 0 1 1 2 1 2 1 2
1 0 1 0 2 2 0 0 1 0 1 2 0 0 1 1 2 1 1 2 2 1 1 0 1 0 0 2 1 1 0 2 0 1 0 0 1 0 0 0 1 0 0 2 0 1 1 0 0 2 1 0 2 2 0 0 0 2 0 1 0 0 2 1 0 2 2 2 1 1 2 2 1 1 2 2 2 2 2 0 1 0 2 0 0 2 1 1 1 2 2 0 0 2 2 0 2 2 0 1 1 1 0 2 2 1 1 2 0 1 0 2 2 2 1 2 2 2 1 2 1 2 0 0 1 0 1 1 2 2 2 0 0 1 0 2 2 1 1 2 0 2 2 0 2 0 0 0 0
2 2 2 1 0 2 0 0 2 2 1 1 1 2 1 2 0 1 1 2 0 1 0 1 2 0 0 2 2 1 0 2 0 0 1 1 0 1 2 2 0 1 1 0 0 0 2 1 2 2 1 0 1 1 1 0 0 2 1 2 1 1 2 2 2 0 1 0 1 1 0 0 2 0 0 2 0 2 2 0 2 0 1 1 2 2 2 2 2 0 2 0 0 1 0 2 2 1 2 2 0 1 2 2 2 2 2 2 2 1 0 0 2 1 2 2 1 1 2 1 0 0 2 0 2 2 2 2 1 0 1 1 2 1 1 1 0 2 1 0 1 0 1 1 2 0 0 1 0
0 0 0 0 0 1 0 0 1 2 2 2 1 2 2 2 1 0 0 0 0 1 2 0 0 1 2 0 2 1 1 2 2 2 0 0 0 0 0 0 0 0 2 1 2 2 0 2 0 1 2 0 2 2 0 2 0 1 1 2 2 2 2 2 2 0 2 0 0 0 0 1 0 1 2 1 1 0 0 1 1 0 2 1 0 0 1 1 1 0 2 1 2 2 1 2 2 0 0 0 0 1 1 1 2 0 0 0 1 1 0 0 2 0 1 0 0 2 2 0 2 1 2 0 0 0 2 2 1 0 0 2 0 1 0 0 2 2 1 0 0 2 0 2 2 2 0 0 2
0 1 2 1 0 0 0 1 0 0 2 2 1 1 2 2 0 2 2 0 1 0 0 0 1 1 0 1 1 1 0 2 2 0 2 1 0 2 2 2 0 0 1 1 2 0 2 0 0 2 0 2 2 1 0 1 0 1 2 1 0 0 2 0 0 1 1 2 1 2 1 2 2 0 2 2 0 1 0 1 0 0 1 0 2 2 2 2 1 2 2 2 0 1 2 2 0 1 1 2 1 0 1 0 0 0 0 1 2 0 2 0 2 2 2 1 2 1 2 0 1 1 2 2 0 2 1 1 0 2 0 1 0 2 2 0 1 0 2 0 1 2 2 0 1 1 2 0 2
2 1 1 0 1 0 1 1 1 2 1 1 2 1 2 2 1 0 0 1 2 1 0 2 0 1 1 1 1 0 1 0 1 2 1 0 1 2 1 0 1 0 2 1 1 1 1 1 2 1 2 2 0 0 2 0 0 1 2 1 2 1 2 0 2 0 0 0 0 2 0 2 0 0 1 2 0 2 0 0 0 1 2 1 2 0 2 2 2 0 1 1 1 1 1 1 2 0 1 2 0 0 0 0 1 1 1 1 0 1 2 1 0 0 0 1 0 0 0 0 0 2 1 2 0 0 1 1 1 0 0 2 1 1 0 0 2 1 2 0 1 0 2 2 0 2 0 1 0
2 1 1 1 0 2 0 1 0 1 1 1 2 0 0 1 1 1 1 0 1 2 2 1 2 2 2 2 0 0 1 2 2 2 1 0 1 2 2 2 0 0 1 1 1 2 2 2 1 1 0 2 1 0 1 0 0 1 1 1 2 2 1 2 2 2 1 2 2 0 1 0 1 0 1 0 0 1 0 1 0 1 1 1 2 0 0 0 1 2 1 1 2 2 2 1 0 0 0 0 1 0 1 2 1 0 0 0 2 0 1 0 1 0 0 2 1 0 2 1 0 1 0 2 1 2 0 2 2 2 2 1 0 1 1 2 2 1 2 1 2 2 2 1 2 0 0 2 1
1 0 1 2 0 0 1 1 1 1 1 1 1 0 2 2 1 2 2 0 2 1 0 1 1 2 2 2 0 1 0 2 2 1 2 2 2 0 0 0 2 2 0 1 0 2 1 1 2 1 2 2 0 0 1 2 0 1 1 1 2 1 0 2 0 2 2 2 0 0 2 0 0 0 1 1 0 0 0 2 2 0 2 2 2 2 2 2 0 0 0 0 2 1 2 2 0 2 1 1 1 2 1 2 2 0 1 0 1 2 1 0 0 1 1 2 0 0 1 1 2 2 2 2 1 2 2 2 0 1 1 1 1 2 1 2 0 2 2 2 2 1 0 0 0 1 2 0 0
2 1 2 2 1 1 1 1 1 0 1 1 1 0 2 2 1 2 2 2 0 2 1 1 2 2 1 2 0 0 2 2 2 2 2 1 1 0 0 0 2 1 2 1 2 2 0 0 2 0 0 2 2 2 1 0 1 1 2 1 1 1 1 1 0 2 2 1 2 0 2 2 1 2 1 0 2 1 2 1 2 2 1 2 2 2 2 2 0 1 1 2 2 0 1 0 2 1 0 2 2 0 0 1 0 1 0 2 0 2 1 2 2 0 0 2 0 2 1 1 1 2 1 1 0 0 0 0 2 0 1 2 0 1 1 1 2 1 0 0 1 2 0 2 2 0 1 0 0
0 2 1 0 1 1 2 2 1 0 2 2 1 1 2 2 2 1 2 2 2 0 0 0 1 2 2 2 1 0 2 2 0 2 0 2 0 0 1 2 0 0 1 2 2 1 2 1 0 0 0 1 1 2 1 2 2 0 2 1 2 1 0 2 1 1 2 1 1 1 1 2 1 2 2 1 2 2 1 0 2 2 1 0 1 2 0 1 1 2 0 1 2 1 0 0 1 1 0 0 2 1 0 2 2 2 0 2 2 1 2 2 1 1 0 2 1 1 1 0 1 2 1 0 2 0 1 1 1 1 1 0 0 2 2 0 2 0 2 2 1 1 0 0 0 0 1 2 2
0 2 0 0 1 1 0 1 0 1 2 1 2 0 2 2 0 2 0 0 1 2 2 1 2 0 1 0 1 0 0 1 1 1 2 0 0 2 2 0 1 1 2 1 2 2 1 2 2 1 0 1 2 0 0 2 1 1 1 0 0 2 2 1 0 0 2 1 2 1 2 1 0 2 0 2 2 2 2 1 1 0 0 1 1 0 0 2 0 1 0 0 0 0 2 2 0 1 0 0 2 0 2 2 0 0 1 2 0 1 1 2 2 0 0 0 0 0 1 1 0 1 1 1 2 1 0 0 2 2 2 2 2 1 2 0 0 2 0 0 0 1 2 0 1 0 1 0 0
0 1 1 2 1 0 2 2 0 0 0 2 2 2 2 1 2 2 1 1 0 2 2 2 2 0 1 2 2 1 0 0 1 2 2 2 2 1 1 0 2 1 0 1 1 0 0 1 1 2 0 1 2 2 0 1 0 0 0 2 2 2 2 0 1 2 2 1 1 1 1 1 0 2 1 1 0 2 0 1 2 0 2 1 0 1 1 0 2 2 1 1 1 1 2 2 1 1 0 1 0 0 2 1 2 1 0 2 1 1 1 1 1 2 2 2 1 1 1 0 1 0 1 2 1 0 0 1 0 1 2 0 1 1 2 1 0 0 1 2 1 0 0 0 2 0 1 1 2
0 1 0 0 2 2 2 1 2 0 2 2 2 0 0 2 0 2 2 0 1 1 2 2 2 0 2 2 1 0 1 2 1 1 2 1 2 2 0 2 0 0 1 0 1 0 2 1 2 2 1 1 1 1 0 0 1 0 0 1 0 2 0 2 1 0 2 0 0 2 0 1 0 2 1 2 2 1 0 2 1 2 1 0 0 0 1 2 0 2 0 2 1 1 1 2 2 0 1 0 1 1 1 2 0 1 1 1 0 2 1 2 1 2 0 2 2 2 1 0 1 0 2 0 1 1 0 1 0 1 1 2 0 0 1 2 1 0 0 0 0 1 0 2 0 0 1 1 2
0 1 0 0 1 0 2 0 1 1 0 0 2 0 1 1 2 0 0 2 1 0 0 2 0 2 0 1 0 1 0 2 0 2 2 2 0 0 0 2 1 1 0 2 2 2 0 1 2 0 2 1 2 2 0 2 2 0 1 0 0 0 2 0 0 0 1 0 0 1 1 2 0 1 1 0 0 2 2 0 1 2 1 0 2 2 0 2 0 0 1 0 0 0 2 0 1 0 1 2 2 2 2 2 1 0 0 2 1 0 0 2 0 2 2 2 1 2 2 2 0 0 0 0 1 2 1 1 0 1 0 2 0 2 0 0 1 1 2 2 2 0 1 2 2 1 1 1 1
1 1 2 2 2 0 2 2 2 0 0 0 0 0 1 1 0 1 0 2 1 0 1 2 2 0 1 0 2 0 1 2 2 1 1 2 2 1 2 2 1 2 2 0 0 1 2 0 0 2 0 2 0 1 2 2 1 0 2 2 2 1 1 2 0 0 1 0 2 1 2 1 1 2 2 1 0 1 0 1 1 1 1 1 0 0 0 2 2 0 1 2 2 2 1 0 0 1 1 0 2 0 1 1 0 1 1 1 0 2 1 2 0 2 1 0 1 0 0 1 0 2 0 0 2 2 1 0 0 2 1 1 2 0 0 0 2 1 2 0 1 0 0 2 0 1 0 1 1
1 0 0 1 1 0 1 1 0 2 2 2 1 0 0 1 1 0 1 0 2 2 2 2 2 2 0 1 2 2 1 2 0 1 0 1 2 2 0 2 2 0 0 0 1 0 1 0 0 0 1 1 2 1 0 1 0 1 1 2 2 2 1 0 1 2 2 1 2 0 2 1 1 2 1 2 2 0 0 2 0 1 0 0 0 2 2 0 1 1 2 0 0 2 1 2 2 1 1 2 1 0 0 2 2 2 1 2 0 2 2 1 1 0 1 1 0 2 1 2 0 2 0 2 2 1 2 1 2 1 1 1 2 2 1 1 2 1 1 2 0 1 0 2 2 0 1 2 0
0 1 1 0 2 0 2 2 1 0 2 2 2 2 2 2 0 1 1 1 0 1 0 1 2 2 0 2 0 0 2 1 2 1 1 0 2 0 2 0 2 2 1 2 1 0 2 2 2 1 1 2 2 1 1 1 1 2 1 0 2 1 1 0 0 1 0 1 1 0 2 1 2 0 1 1 1 0 1 1 1 2 1 1 2 0 0 0 2 2 0 0 1 2 1 0 1 2 1 0 2 0 2 1 2 1 0 1 2 2 2 1 0 1 0 2 2 1 2 2 0 0 0 2 0 1 2 2 0 0 2 0 2 1 0 2 0 0 0 0 1 1 2 1 2 0 0 2 1
0 1 2 1 0 2 1 2 1 0 1 0 0 1 2 2 1 2 0 0 2 1 1 0 1 2 0 1 0 0 1 0 0 0 2 0 2 1 0 1 0 1 2 1 0 2 0 1 1 2 2 1 1 0 0 2 0 1 2 0 2 0 1 2 1 1 0 1 2 0 0 2 2 2 0 0 2 2 2 0 2 2 1 0 2 2 1 1 1 0 1 0 1 0 0 2 1 0 1 1 1 2 1 1 1 2 1 0 2 1 1 1 1 1 1 1 0 0 2 1 1 2 2 2 2 2 0 2 0 2 1 0 2 2 1 1 2 1 0 1 2 2 0 0 0 0 1 2 0
2 1 2 1 1 2 0 1 0 2 0 1 0 0 0 1 2 2 0 0 0 0 2 0 1 0 1 1 0 0 0 2 2 0 0 1 2 0 2 1 1 2 2 2 0 0 1 0 0 2 0 1 0 1 1 1 1 0 1 1 1 1 1 1 1 1 2 1 0 1 0 2 2 2 1 0 0 1 0 1 0 1 0 1 0 2 0 1 2 1 1 0 0 2 1 2 1 1 2 2 0 2 1 0 2 0 0 0 1 2 1 2 1 2 0 1 1 2 2 1 1 1 1 0 2 1 2 1 2 1 0 0 2 1 0 2 2 2 2 1 1 2 0 2 1 2 1 0 2
0 1 0 0 0 0 2 1 1 0 2 0 1 2 2 0 1 1 2 1 2 0 0 1 2 2 0 2 0 0 1 1 2 2 2 0 1 2 2 2 0 2 2 1 0 0 1 1 2 2 0 1 0 0 0 2 0 1 2 1 2 1 0 2 1 0 0 2 2 0 2 0 0 2 2 0 2 2 2 0 1 0 1 1 0 2 2 1 1 2 2 0 1 2 0 0 0 1 0 1 2 2 2 0 2 1 1 0 0 1 0 2 1 1 1 2 1 0 0 0 2 0 1 1 0 2 1 1 1 2 2 1 1 2 1 2 0 0 2 2 1 2 1 0 1 0 2 1 1
0 1 2 0 2 0 0 0 0 2 1 2 2 2 2 1 1 1 0 1 1 0 2 0 2 0 2 0 2 0 1 0 2 0 1 2 2 2 2 2 2 0 2 2 0 2 1 1 0 2 2 2 2 2 2 1 2 2 2 2 0 2 2 2 0 1 2 2 1 1 2 1 0 0 0 0 2 2 0 1 1 0 0 1 0 0 1 0 0 0 0 1 0 0 1 1 2 1 1 0 0 1 2 1 1 2 0 1 0 0 2 1 0 0 1 1 1 2 2 2 0 0 0 1 0 2 0 0 0 1 1 2 2 0 0 1 1 0 0 1 0 0 2 2 0 1 1 1 1
0 1 2 1 2 1 2 2 1 2 0 2 1 2 0 2 0 1 0 1 2 1 2 0 2 2 1 0 1 1 2 1 2 2 0 2 0 0 2 2 0 0 1 2 0 1 2 0 1 0 1 0 2 2 1 1 1 0 2 2 1 2 2 0 1 0 1 2 0 0 1 1 0 1 1 0 0 1 0 1 1 0 0 0 0 1 2 1 2 0 1 1 2 1 2 2 1 0 2 2 1 2 0 1 0 1 2 0 2 0 0 1 1 0 2 1 2 2 1 0 0 0 1 2 1 1 2 2 2 2 1 0 1 1 2 2 1 1 0 1 0 0 2 1 1 0 1 2 0
2 2 0 2 0 2 1 2 0 0 2 2 2 0 1 1 2 0 0 2 1 2 0 2 2 2 0 2 0 0 2 0 2 2 2 1 0 1 1 0 1 0 0 1 0 1 1 1 2 1 1 0 0 1 2 0 0 1 2 2 1 0 2 2 0 0 0 0 1 1 1 1 2 1 0 0 2 1 2 1 0 0 0 1 2 2 1 0 1 2 2 1 2 0 1 2 0 2 1 1 0 2 0 0 1 1 0 1 2 0 0 0 0 1 2 0 0 0 1 0 0 1 2 0 1 0 1 1 2 2 1 0 2 1 0 0 0 2 0 0 2 1 0 1 2 0 2 2 2
0 0 2 0 2 0 1 0 2 1 0 1 0 0 1 2 2 2 0 1 2 1 0 0 2 2 0 0 2 0 2 0 1 1 0 1 2 0 2 1 2 0 0 0 1 2 2 0 2 0 2 2 1 0 0 2 0 0 2 0 0 1 0 2 0 2 1 0 2 1 2 2 1 1 2 0 1 2 1 0 0 0 0 2 1 1 1 2 1 1 2 2 2 0 2 0 2 1 1 2 0 1 1 2 0 1 0 1 1 1 2 2 0 2 2 2 1 2 1 0 0 1 0 0 2 0 1 2 2 0 1 0 2 1 2 0 2 2 1 0 2 1 0 0 1 0 2 0 2
1 0 2 0 1 0 2 2 2 1 2 0 1 2 0 2 2 1 1 2 0 0 2 2 0 2 1 1 2 2 0 1 0 1 1 0 1 2 2 2 1 2 2 2 1 0 2 1 1 2 1 2 0 0 1 0 1 0 2 0 0 0 2 2 1 1 2 1 0 2 0 0 2 0 2 2 1 0 0 0 2 2 0 2 0 0 0 2 1 0 2 2 2 2 2 0 2 1 2 0 1 0 0 2 1 1 1 0 1 2 1 1 2 0 1 0 0 2 2 2 0 2 2 2 0 1 0 2 0 1 2 2 1 1 1 0 2 0 1 0 2 1 2 2 1 0 0 2 2
0 1 0 0 1 0 1 2 2 1 1 0 1 0 2 2 2 1 1 0 2 2 0 0 2 1 2 2 1 1 0 2 0 0 0 2 2 1 2 1 0 0 2 1 1 1 1 1 0 0 1 0 1 2 1 0 0 1 1 2 0 1 1 0 2 2 0 1 1 0 2 1 0 1 0 2 1 2 1 1 0 0 2 1 0 2 0 1 1 1 0 1 2 2 0 1 2 0 0 1 0 0 2 2 0 0 2 2 2 0 0 0 1 1 2 1 0 2 2 1 0 0 0 0 0 0 2 2 1 0 0 2 1 1 2 1 1 2 0 1 0 2 2 1 1 1 1 1 2
0 0 2 1 0 0 1 2 0 2 1 1 0 1 2 1 1 1 0 1 2 2 1 1 1 1 0 0 0 1 2 0 2 0 2 1 1 1 1 2 0 2 0 1 0 2 0 2 1 0 1 1 2 0 0 1 2 1 0 2 0 0 1 1 1 1 2 2 2 1 2 1 0 2 0 1 2 0 2 1 2 0 2 2 1 1 2 1 2 2 1 0 0 2 1 2 0 1 2 0 2 2 2 0 1 2 2 1 0 1 1 2 2 1 2 0 2 1 2 2 1 1 0 1 1 2 1 2 1 1 0 1 1 2 2 0 2 1 0 0 0 1 0 2 2 0 0 2 1
1 2 0 0 2 2 1 2 1 0 1 0 1 2 1 1 2 1 1 1 2 2 1 0 2 1 1 2 0 1 1 1 0 2 2 1 1 0 1 2 2 2 2 1 2 1 0 0 1 1 1 0 0 0 1 0 2 2 0 2 1 2 1 1 1 0 2 0 2 1 0 2 1 1 0 2 2 0 2 0 2 0 1 0 1 0 1 1 0 1 1 1 1 1 0 0 2 1 1 2 2 2 1 1 0 2 0 0 2 0 2 2 0 0 0 2 1 2 1 1 1 0 0 0 2 1 1 0 2 2 2 0 2 1 1 0 1 2 1 0 2 0 1 0 1 2 0 2 1
1 1 2 0 2 0 0 0 2 0 1 1 0 1 2 2 0 2 0 0 0 1 2 1 2 0 2 1 1 2 0 0 1 1 0 1 2 1 0 1 1 1 0 2 0 2 1 0 2 1 0 0 0 0 2 0 0 2 0 1 0 0 2 2 1 0 1 1 2 1 2 1 0 0 1 0 0 1 0 2 0 1 0 1 1 0 2 1 2 2 1 0 0 0 0 0 1 1 1 1 0 1 0 0 2 1 1 2 2 1 0 1 2 1 2 1 1 1 2 1 1 1 2 0 2 2 0 1 1 1 2 2 0 2 2 0 1 0 0 2 2 1 0 2 2 0 0 1 0
0 0 1 2 2 1 2 2 2 0 1 2 0 0 2 0 0 0 2 1 1 2 0 0 0 0 2 0 0 1 0 2 1 0 2 2 2 1 2 2 2 1 1 0 2 1 1 0 1 1 2 0 0 0 0 0 0 0 1 2 2 2 1 1 2 0 1 2 2 0 1 2 2 0 0 0 2 1 1 1 2 0 0 0 0 0 1 2 2 2 2 2 2 1 0 1 2 2 1 1 0 0 1 0 1 1 0 1 0 1 2 0 2 0 0 0 2 2 0 1 1 0 0 1 1 2 0 0 1 2 0 2 0 1 1 2 0 2 1 0 1 1 0 1 2 1 2 1 0
1 0 1 1 1 0 1 1 1 1 1 1 1 0 1 0 2 1 0 2 0 1 1 2 2 0 2 0 0 0 1 1 0 0 1 2 1 2 1 0 0 2 2 0 0 1 1 0 1 2 0 1 1 1 0 1 2 0 1 2 0 0 2 1 1 0 1 2 2 2 1 0 2 0 1 2 1 0 2 2 2 0 1 0 2 2 1 1 0 1 2 1 2 1 0 0 1 2 0 1 2 1 1 1 2 0 0 1 0 1 1 0 1 0 1 1 1 1 0 2 2 2 0 2 0 1 2 2 0 0 0 2 0 2 0 2 0 2 1 0 0 0 1 1 1 0 0 2 1
1 1 1 1 0 0 2 1 0 1 0 1 0 0 2 2 2 2 0 1 1 1 2 2 2 1 1 2 2 1 2 1 0 0 2 1 2 2 1 2 2 1 1 2 2 0 2 1 1 2 0 0 1 2 2 1 2 1 0 1 2 0 0 1 1 0 2 0 1 0 0 0 2 2 0 2 0 0 1 1 0 0 1 1 0 1 2 2 0 0 1 0 1 2 2 0 0 2 0 1 0 1 2 1 0 2 1 2 0 0 1 0 0 0 1 2 2 1 1 0 1 1 2 2 0 1 0 1 1 1 2 2 0 2 1 1 2 2 0 2 2 2 2 1 0 1 0 0 2
1 1 2 0 0 1 1 2 0 2 1 1 0 1 1 2 2 0 0 1 1 2 1 0 0 2 1 1 2 2 2 2 1 1 2 2 0 1 1 0 1 0 2 2 1 0 2 1 1 2 0 0 2 2 0 0 1 0 2 2 0 1 1 1 2 1 1 0 1 2 1 2 1 0 2 2 1 1 2 0 1 2 0 1 2 1 2 2 2 1 1 2 0 0 1 0 2 2 1 0 2 0 0 0 0 2 1 2 2 0 0 1 0 0 0 0 2 2 0 2 1 2 1 1 0 2 0 2 2 1 1 2 1 1 2 0 2 0 0 1 1 1 0 2 0 0 0 0 0
0 0 1 0 1 1 0 2 2 2 1 0 0 0 0 0 1 1 2 1 1 1 1 1 2 0 1 0 1 1 0 2 1 2 2 1 1 2 0 0 1 2 2 0 1 2 0 2 1 0 0 0 2 2 1 1 2 2 1 0 2 2 0 1 2 2 2 1 1 0 2 1 0 1 2 1 1 0 0 2 0 1 1 2 1 2 0 1 0 2 0 2 1 0 0 0 1 1 2 2 1 0 1 1 1 0 0 1 0 1 1 1 1 2 1 2 2 2 1 0 1 2 2 0 0 0 2 1 1 1 1 0 1 1 2 1 2 1 2 0 2 0 2 0 1 1 0 0 0
0 0 0 2 0 0 2 1 2 1 0 2 1 1 1 2 1 2 1 2 2 2 0 1 2 0 2 1 2 0 2 2 1 0 1 1 2 2 2 2 1 0 1 2 2 1 1 1 1 1 1 1 0 1 0 0 2 0 2 2 0 0 1 2 0 0 1 2 2 0 2 1 2 1 1 1 2 1 0 1 2 2 0 0 0 1 2 0 1 2 2 2 2 1 1 1 2 2 1 2 0 0 1 0 0 0 2 0 1 0 2 1 2 0 2 1 1 1 1 0 2 2 2 1 0 1 0 2 0 2 2 2 0 0 2 0 1 2 2 0 0 1 1 0 2 2 1 1 1
0 2 0 2 2 0 0 1 0 1 2 2 1 2 1 2 2 2 1 2 1 1 2 1 1 0 0 0 2 2 2 2 2 0 2 2 0 1 0 1 2 0 2 0 0 0 2 0 2 1 2 2 0 2 0 2 0 1 0 2 0 2 0 0 0 0 0 0 1 0 0 0 1 2 1 1 0 1 2 2 0 2 2 0 2 2 0 2 0 1 2 2 1 2 0 1 1 0 0 2 1 0 1 2 0 2 2 0 1 1 0 2 1 0 0 0 0 2 2 2 0 0 1 1 0 2 1 1 2 1 1 1 2 0 0 2 2 0 0 2 0 0 1 2 1 2 0 2 1
0 1 2 0 0 1 1 2 0 2 2 1 1 0 1 1 1 0 2 0 0 1 1 2 0 0 0 0 0 0 0 1 2 0 2 2 1 0 2 0 1 1 1 0 1 1 0 1 1 2 1 0 1 2 0 2 2 1 2 1 2 0 2 1 0 2 2 0 0 1 0 2 1 2 0 2 0 0 1 0 2 2 1 1 2 1 1 2 2 2 1 2 2 0 1 0 0 1 1 1 2 1 0 0 0 1 1 2 2 2 2 0 0 0 1 2 1 0 2 1 0 1 1 2 2 0 0 0 1 1 1 1 2 2 0 1 1 1 1 0 1 0 1 2 1 0 0 0 1
0 1 1 2 0 1 1 1 2 1 2 0 0 2 1 0 2 2 2 1 1 2 0 1 2 0 2 2 1 2 1 1 1 0 1 0 1 0 1 0 2 2 2 2 1 0 0 1 0 2 2 1 0 0 2 2 1 2 2 2 2 0 2 1 1 0 1 2 1 0 1 1 2 0 1 1 0 0 2 1 2 2 2 0 2 2 2 2 2 1 1 1 2 0 0 0 2 2 1 0 2 2 2 2 2 2 1 0 2 1 1 1 0 0 2 0 0 2 0 2 2 2 0 1 0 0 0 2 0 1 1 0 0 0 0 0 0 1 0 2 2 1 2 0 2 2 2 2 1
2 1 0 2 2 0 0 0 0 0 1 1 2 2 2 0 0 2 1 1 0 1 2 1 0 0 1 2 0 0 1 1 2 2 0 2 0 1 2 0 0 1 2 2 1 1 0 2 0 2 1 0 0 1 2 1 2 1 1 0 1 2 1 1 2 0 0 0 1 0 0 1 0 2 2 1 0 2 1 1 1 2 2 2 1 2 1 1 0 2 1 2 0 1 0 0 1 1 1 0 2 1 0 2 2 2 1 0 2 0 2 1 2 2 1 1 2 0 0 0 0 2 0 1 1 1 2 2 1 1 2 0 0 2 0 2 1 2 1 1 2 1 0 2 0 2 1 0 0
1 1 2 1 2 0 2 1 0 2 2 2 2 0 0 2 1 0 2 1 1 1 0 0 2 1 1 1 2 2 0 1 1 2 1 0 0 1 0 1 1 0 1 1 1 1 0 0 0 2 2 2 0 0 0 0 1 2 2 1 1 0 1 0 2 0 1 2 1 1 1 0 0 1 1 2 0 0 2 0 0 1 1 2 0 2 2 1 1 2 0 2 2 1 0 1 1 2 2 0 1 1 1 1 2 0 0 1 1 1 1 2 0 0 1 0 2 1 2 1 1 0 1 0 2 2 0 0 1 0 1 1 1 0 0 2 1 1 0 0 0 2 2 0 1 1 1 1 0
1 0 2 1 2 2 0 1 0 1 1 0 2 2 0 1 2 2 0 1 0 0 1 0 1 0 2 2 1 1 0 0 1 2 2 0 0 0 2 0 1 0 2 1 0 2 2 0 2 0 2 0 1 2 0 2 2 1 2 1 2 0 1 0 0 1 1 1 1 1 2 0 2 1 1 0 0 2 1 0 2 1 0 1 0 1 0 0 2 0 1 1 1 0 2 1 1 1 0 2 0 0 2 0 2 1 0 0 1 2 0 2 0 0 0 1 1 2 1 1 2 0 0 1 0 0 2 2 1 0 1 1 1 1 2 0 2 0 0 2 2 0 1 0 1 1 2 1 0
1 2 0 1 2 1 2 0 2 1 2 0 0 1 2 1 1 2 1 2 1 0 1 2 1 2 1 1 1 0 2 2 2 0 1 2 2 1 0 2 2 0 0 0 1 0 1 0 2 2 2 1 1 1 1 2 1 0 1 2 0 1 2 0 2 1 2 2 2 0 2 1 0 2 2 0 2 0 1 2 1 2 2 2 1 0 2 0 1 2 0 2 0 0 2 0 2 2 2 2 0 1 1 1 1 1 1 1 2 0 2 0 2 1 0 0 2 1 1 0 0 2 0 1 2 2 1 2 2 0 1 2 0 0 1 1 2 0 1 1 0 0 2 0 2 0 2 1 2
0 2 2 2 2 1 2 2 2 2 1 1 1 2 1 2 0 0 1 1 2 0 0 2 0 1 2 0 0 0 0 2 0 0 2 0 0 2 2 2 2 2 1 1 1 0 1 2 2 2 0 1 2 0 1 2 2 0 1 0 2 2 2 2 0 2 0 0 2 0 0 2 2 2 0 0 0 1 0 0 1 1 1 1 2 0 2 2 2 0 0 1 0 0 1 0 0 2 1 0 0 2 2 0 1 1 2 2 2 2 2 1 0 1 1 1 2 0 0 1 1 1 2 2 0 2 2 0 1 0 1 2 0 1 1 0 2 0 0 0 2 0 2 1 2 1 0 1 1
0 0 0 0 0 2 0 2 0 1 2 1 0 2 2 2 0 2 2 0 2 0 1 0 0 0 0 2 0 0 2 1 1 2 1 1 0 2 2 0 1 2 1 2 1 1 1 0 0 2 1 1 2 2 1 0 2 2 1 2 0 0 1 1 2 0 2 0 0 2 0 2 2 0 1 2 1 1 2 0 1 0 1 1 1 0 0 0 0 1 1 0 1 0 1 1 1 2 2 2 2 0 1 2 0 1 1 0 0 1 0 2 1 2 0 0 2 1 1 0 2 0 1 0 1 0 2 2 2 2 2 2 2 1 1 1 0 0 1 1 1 2 0 1 1 2 1 1 0
0 2 0 1 1 1 2 1 1 2 1 0 2 0 1 0 0 2 2 0 1 0 0 0 1 2 2 0 1 0 0 2 1 1 0 2 0 1 1 2 1 0 0 0 1 1 1 1 1 0 0 2 2 1 0 1 0 2 1 1 0 2 1 1 2 2 1 0 1 0 2 2 0 0 0 2 2 1 1 0 0 1 0 0 0 0 1 0 0 0 2 1 0 0 0 2 0 0 2 2 0 2 1 2 2 1 2 2 1 0 0 2 0 1 2 0 1 0 1 0 0 1 2 0 2 2 1 1 0 0 0 2 0 0 1 1 2 0 1 0 1 1 0 1 2 2 0 2 2
2 0 0 0 2 2 0 2 0 2 0 0 0 2 2 1 1 0 0 2 1 2 0 2 2 0 0 0 0 0 2 0 0 1 0 2 0 1 2 0 1 2 1 2 2 0 0 1 0 1 0 2 1 2 0 1 2 0 2 0 1 1 0 2 0 1 2 0 0 1 1 1 2 1 1 1 1 1 0 0 1 1 0 2 0 0 1 0 1 0 1 0 0 1 2 0 0 2 2 1 1 1 0 1 2 2 2 2 1 0 0 2 2 0 0 0 1 1 1 0 2 2 1 2 2 1 0 0 1 0 2 0 2 1 1 1 1 0 1 2 2 1 0 2 0 0 2 2 2
1 2 2 2 1 2 2 0 0 0 1 0 0 1 0 2 2 0 0 0 1 2 0 1 0 2 1 0 0 1 1 2 0 0 2 0 0 1 0 0 0 1 1 1 0 0 0 0 0 0 0 2 2 2 0 0 2 2 1 0 0 0 0 2 1 0 2 1 0 0 2 0 1 1 1 2 1 1 2 1 1 2 2 1 2 2 2 2 0 1 2 1 2 0 1 0 1 1 1 1 1 1 1 0 0 0 2 1 1 1 1 0 2 0 1 1 0 1 0 1 0 1 0 2 1 2 0 2 1 2 1 2 2 0 0 2 0 2 1 2 2 0 2 1 1 1 2 0 0
1 1 0 2 2 0 1 2 1 2 0 2 0 0 1 1 1 0 2 1 2 2 1 1 1 2 2 0 1 2 0 0 2 1 2 1 0 1 0 1 0 1 0 1 2 1 2 1 2 0 0 0 2 1 1 1 0 0 2 0 1 0 0 0 0 0 1 0 2 0 2 0 1 1 1 1 0 2 0 1 0 1 1 2 0 0 0 0 1 0 0 2 2 1 0 0 2 2 1 2 0 0 2 2 2 1 2 0 1 0 1 1 1 0 0 1 0 2 2 1 0 0 2 0 1 2 0 1 2 1 0 2 0 0 0 0 2 2 0 0 2 2 0 0 0 0 2 0 0
2 0 2 2 2 2 2 2 0 1 2 2 2 2 0 2 2 1 1 1 2 0 1 2 0 2 0 1 2 1 0 2 2 2 1 2 2 1 1 0 0 1 1 0 2 1 2 1 0 2 1 0 0 2 0 1 2 0 0 2 2 0 1 1 0 0 0 1 2 0 1 0 2 2 0 1 2 0 1 2 0 0 2 0 0 0 2 1 1 2 0 0 1 2 0 1 0 1 0 2 2 2 0 2 2 1 1 1 2 0 2 2 0 2 0 2 0 2 0 2 2 0 0 1 2 0 2 2 2 1 0 2 0 1 1 0 2 1 0 2 1 2 1 2 2 0 1 2 2
2 2 2 2 0 0 2 0 1 2 0 2 2 0 0 0 2 1 0 0 1 2 2 1 1 2 1 1 1 0 2 0 1 1 2 1 0 2 2 1 2 0 1 1 1 1 0 1 2 0 2 2 0 2 0 2 1 1 1 2 0 1 0 1 2 2 0 0 2 2 1 2 0 0 1 2 1 1 1 2 2 1 2 0 0 2 0 1 1 2 1 2 0 1 1 0 1 1 1 1 0 0 0 2 1 2 1 0 0 2 0 1 0 2 1 0 2 2 2 1 1 1 1 2 0 2 1 2 1 2 0 1 0 2 0 2 1 0 0 2 2 1 0 1 1 0 2 1 2
0 0 2 1 2 1 2 1 2 2 2 2 0 1 1 2 0 0 0 0 1 0 0 0 1 2 1 1 2 0 2 2 0 1 0 0 2 0 1 0 0 1 0 1 0 1 1 1 2 0 2 0 1 0 1 2 2 0 2 2 0 1 1 1 2 0 1 2 1 0 2 0 2 1 2 0 2 0 1 2 0 1 1 1 2 2 2 2 0 1 2 1 2 0 0 2 1 2 1 0 0 2 0 2 0 0 0 2 0 2 0 2 1 1 0 0 1 2 2 2 1 2 1 1 0 1 0 2 1 0 0 1 2 1 2 2 1 2 2 2 2 0 1 0 1 2 1 1 0
2 0 1 1 1 0 2 0 1 2 2 1 2 1 0 1 1 0 0 1 1 2 0 1 1 2 1 1 0 2 1 2 0 0 1 2 1 0 0 1 0 0 2 0 0 1 2 1 1 2 2 0 0 1 2 1 0 0 0 1 0 2 1 0 1 0 0 2 1 2 1 2 2 1 0 2 0 0 2 2 0 1 0 1 0 2 1 1 0 1 0 0 2 2 1 0 0 2 0 2 1 2 1 1 1 2 2 1 0 1 0 2 0 0 0 1 0 1 0 0 1 0 1 0 0 0 1 1 0 2 1 1 1 0 0 0 1 2 1 1 0 0 0 1 1 1 0 0 0
0 1 1 2 0 2 2 1 1 2 1 1 0 0 0 1 0 1 2 0 2 1 0 0 2 2 2 1 2 2 2 0 0 1 2 1 1 2 2 2 2 0 0 2 1 2 2 2 0 1 2 0 0 0 1 0 1 1 1 0 1 1 1 2 0 1 1 1 1 1 1 1 0 0 1 1 2 1 0 2 2 0 2 0 2 1 1 0 0 0 1 1 2 0 2 2 1 1 1 0 2 2 2 0 2 1 2 2 2 0 1 2 2 2 0 1 1 1 1 2 2 0 1 2 0 0 1 0 1 2 0 2 2 0 2 0 1 2 2 1 0 2 1 0 1 1 1 2 1
0 2 0 0 1 2 2 1 1 2 0 1 2 2 0 0 2 0 2 2 1 1 0 0 0 0 1 1 1 1 2 2 1 0 0 2 0 2 0 1 1 1 2 2 1 1 2 1 2 2 0 0 1 1 0 1 1 2 1 0 1 1 2 0 2 0 2 0 0 0 2 1 0 2 0 1 1 0 0 1 0 1 2 2 2 1 1 0 0 2 1 2 1 1 0 0 2 2 2 2 1 1 1 1 1 2 0 1 0 1 0 1 2 2 1 2 1 0 0 2 0 2 2 1 0 0 0 2 0 2 2 2 1 1 1 0 1 2 1 1 1 1 1 0 2 2 0 0 2
1 0 0 1 1 1 1 2 1 2 0 1 1 0 2 0 1 0 1 1 2 1 2 1 0 1 1 2 1 2 2 2 0 0 1 2 1 0 1 1 0 1 2 2 2 2 0 2 0 2 0 2 1 1 1 1 2 2 1 1 2 1 2 0 1 0 2 1 1 1 2 1 2 2 1 0 2 2 2 0 2 0 0 1 1 1 0 1 2 0 0 2 2 0 2 2 0 2 0 2 0 0 0 0 2 2 1 0 1 0 0 2 1 1 1 0 1 1 0 0 2 1 2 2 1 2 1 1 2 2 1 0 2 2 1 2 2 0 2 2 0 1 1 2 2 2 1 0 1
1 1 1 0 1 1 2 1 2 0 0 1 0 1 1 2 0 0 2 0 1 1 1 0 2 2 2 2 0 1 1 2 2 0 2 1 2 1 2 2 2 1 0 2 2 2 2 2 0 2 0 2 0 2 2 1 1 0 1 2 1 2 1 1 0 1 0 2 0 0 1 0 2 2 1 1 2 0 2 0 0 2 2 2 2 0 1 1 0 2 0 2 0 2 1 1 0 2 1 0 0 0 2 2 1 0 0 0 1 2 1 0 0 1 2 2 2 1 1 0 0 1 0 1 2 1 0 2 0 1 1 1 2 0 0 1 1 2 2 2 1 0 2 2 2 2 2 2 1
1 2 2 0 2 0 2 1 0 2 2 2 1 1 0 1 2 1 0 1 1 2 1 0 0 0 2 0 0 0 0 1 2 0 2 2 1 1 1 0 1 1 2 2 0 0 1 0 2 1 2 1 2 0 1 0 1 2 1 1 2 1 0 1 1 0 1 0 1 0 0 1 2 0 0 0 2 0 0 2 2 0 0 2 1 2 2 2 1 2 2 1 0 0 2 0 0 2 1 2 2 2 1 2 0 0 0 2 0 1 1 2 2 2 2 1 2 2 0 1 1 0 2 0 0 2 1 1 1 2 2 2 2 0 1 2 0 2 0 1 1 1 2 0 1 2 1 1 1
0 2 1 0 2 2 2 2 0 1 0 0 0 0 2 1 2 2 2 2 2 1 0 2 1 2 0 0 1 2 2 1 2 1 0 2 0 2 1 1 1 2 2 2 0 2 1 0 2 1 0 2 2 1 1 1 1 2 1 2 2 1 2 2 2 2 2 1 2 1 0 0 1 0 0 2 2 1 0 2 0 0 2 0 2 0 2 1 0 1 1 0 0 0 1 1 0 0 2 0 2 2 0 1 0 2 1 1 0 2 0 1 0 0 0 1 2 0 2 0 1 1 2 2 1 0 0 2 0 0 2 0 0 1 2 1 0 0 2 1 2 0 1 1 2 1 2 1 1
1 1 0 0 0 2 2 1 0 2 0 0 2 0 1 1 0 0 2 1 0 2 2 0 0 0 0 2 2 1 1 1 1 1 1 2 2 1 1 2 1 1 0 1 2 2 1 0 2 0 2 2 0 2 0 0 2 2 0 2 0 1 0 2 0 0 2 2 2 1 2 1 2 0 2 1 2 1 0 2 0 2 2 0 1 0 1 1 0 2 1 0 1 1 1 1 1 1 1 0 2 0 2 1 1 2 0 1 1 0 1 1 0 0 2 2 1 1 0 1 0 1 0 2 1 1 0 0 2 2 2 2 1 1 1 0 1 1 1 0 0 0 2 1 1 1 1 0 0
2 2 2 2 0 1 1 2 0 1 1 2 1 1 1 0 2 1 2 1 1 0 2 2 0 1 1 2 0 2 0 2 2 0 2 2 1 0 1 1 0 0 2 1 2 0 2 1 0 0 2 2 0 2 1 1 1 0 2 1 0 0 0 2 0 1 2 1 1 1 0 2 2 2 2 1 0 2 2 0 2 2 2 1 2 2 0 0 0 2 1 0 2 0 0 2 1 0 1 0 1 2 1 1 2 0 2 2 2 2 1 0 2 1 1 2 0 1 0 0 1 2 1 1 2 1 1 1 1 0 2 0 0 0 1 2 0 1 2 1 1 0 1 2 2 0 1 2 1
1 1 0 1 2 2 1 2 1 2 1 2 0 2 2 0 1 2 2 1 1 0 0 2 2 2 2 2 1 2 1 0 0 0 2 1 2 1 1 1 1 2 0 1 2 0 2 2 2 1 0 1 2 0 1 1 0 0 1 1 0 2 2 1 2 2 0 2 1 2 1 2 2 1 1 2 2 0 1 2 2 1 1 2 0 2 1 1 1 2 2 2 2 0 1 0 0 2 0 1 2 2 0 1 1 1 2 1 2 0 0 1 0 2 0 0 0 1 1 1 1 1 1 1 1 2 2 1 2 2 0 2 1 1 1 0 2 0 2 0 1 0 2 2 0 0 2 1 2
1 0 2 0 1 1 2 1 0 1 1 2 2 1 2 1 2 0 1 1 2 1 0 0 1 2 0 2 1 2 2 0 2 1 0 1 0 0 0 0 0 2 1 0 1 1 1 0 1 2 2 1 2 2 1 0 1 0 0 0 2 2 1 0 2 2 1 2 0 2 1 0 1 0 1 2 2 2 1 0 0 0 2 0 1 1 0 0 1 1 1 2 0 2 0 0 2 1 1 0 1 2 1 0 0 0 0 2 0 2 0 1 2 2 1 1 1 2 2 1 0 0 0 2 0 0 2 1 2 0 2 1 0 1 2 0 1 2 0 0 1 0 1 1 0 1 0 2 0
0 0 1 1 1 0 1 2 0 0 1 1 0 0 2 2 2 0 1 2 0 1 1 2 1 0 2 2 1 2 2 1 0 1 2 1 2 2 1 0 0 1 2 1 1 1 0 1 2 2 1 1 2 0 0 0 0 0 0 2 1 0 1 1 2 1 1 2 1 2 0 1 1 2 2 0 2 0 1 2 0 0 1 2 0 1 2 1 0 0 1 2 0 2 0 0 1 2 0 2 0 0 1 1 1 0 2 1 2 1 1 2 2 0 1 0 2 1 2 2 1 0 1 1 1 0 2 2 0 0 0 0 0 1 0 2 2 2 1 1 0 0 0 0 0 2 2 2 0
1 0 1 0 2 1 1 2 0 1 1 1 1 1 1 0 1 2 1 1 0 0 0 0 2 1 0 1 0 1 0 2 1 2 2 0 0 1 1 1 0 2 2 0 1 2 1 1 1 2 2 2 1 2 0 0 2 1 2 2 2 2 1 1 2 1 2 2 0 1 2 2 1 1 2 2 1 0 0 0 1 1 0 2 1 1 2 0 2 2 0 0 2 2 2 1 2 2 1 0 0 1 2 1 1 1 2 2 0 0 0 1 1 1 1 1 2 1 1 2 0 2 0 2 2 0 1 2 2 1 2 1 2 2 2 1 1 2 1 1 0 2 0 2 0 1 0 0 2
2 0 0 2 1 0 1 2 2 1 1 1 2 2 0 1 0 2 0 0 1 2 0 1 0 1 2 2 1 2 1 1 0 2 1 1 0 0 0 0 0 0 1 2 0 2 0 1 2 1 2 0 0 0 1 1 1 0 1 1 0 0 0 1 0 2 0 1 0 2 1 1 0 2 0 0 2 1 0 2 2 2 2 1 0 2 0 0 0 1 1 2 1 2 0 2 2 1 0 0 1 2 1 1 2 1 0 2 2 0 1 2 0 1 0 0 1 0 1 2 1 0 1 1 0 2 0 2 1 2 2 0 1 1 1 2 2 1 1 2 2 0 1 2 1 2 1 1 0
2 0 2 1 2 1 1 1 1 1 2 1 0 2 1 2 2 0 1 1 2 0 1 0 2 1 1 1 2 0 2 0 0 2 1 2 0 0 1 2 1 2 2 2 2 0 1 1 1 2 0 0 0 2 0 2 0 2 2 1 0 2 1 1 1 0 2 2 0 0 2 1 0 1 1 0 1 2 2 0 2 2 0 2 1 1 2 0 2 2 1 0 1 0 1 0 0 0 0 1 2 0 0 2 1 1 2 1 1 2 1 0 2 0 0 2 2 2 0 2 0 1 2 1 1 2 0 2 2 0 0 2 0 1 0 0 2 2 2 1 2 1 1 0 2 1 0 2 1
0 1 1 1 2 1 0 1 1 2 1 1 0 1 0 2 1 1 2 1 0 0 2 2 1 0 2 0 0 2 2 0 0 1 2 0 0 2 1 1 2 0 0 0 1 1 0 0 2 2 2 0 2 1 1 1 1 0 1 2 2 0 0 0 2 2 1 0 2 0 1 2 0 0 0 2 1 0 0 2 2 0 2 1 2 0 0 2 1 1 1 1 0 2 0 0 2 1 1 2 1 0 2 0 0 0 2 0 1 0 2 1 1 1 0 0 0 1 2 2 0 2 1 1 2 1 0 1 0 2 1 2 2 1 2 1 2 0 1 0 1 0 2 2 2 0 0 0 2
1 0 0 0 1 2 2 2 0 1 0 2 0 2 1 2 2 0 1 0 1 2 1 2 2 1 2 0 1 2 2 2 2 2 2 1 2 2 1 2 1 1 2 2 1 2 1 1 2 0 1 1 2 2 0 2 0 0 2 2 0 2 2 0 2 2 2 2 2 0 0 1 2 2 1 1 1 0 2 1 0 0 0 0 0 1 1 0 2 0 2 0 0 2 0 0 2 0 2 2 2 2 1 2 0 2 0 1 2 2 0 0 2 1 1 2 0 2 0 0 0 0 0 1 1 1 1 0 2 1 0 2 2 2 1 2 1 1 1 1 0 2 2 0 1 0 0 1 0
1 1 1 2 2 2 0 1 1 0 1 2 1 0 1 0 1 1 2 0 1 1 1 1 0 1 2 1 2 1 2 0 0 0 2 0 2 0 1 0 1 0 0 1 1 0 1 2 1 2 0 2 0 1 0 1 0 1 0 2 2 2 0 2 0 2 2 2 0 1 0 0 2 0 1 0 0 0 0 0 0 0 0 1 1 2 0 1 0 1 1 0 1 1 2 1 2 0 1 2 2 1 0 2 2 2 2 1 0 0 2 1 0 2 0 0 2 0 2 2 2 1 2 0 0 0 1 2 1 0 0 0 1 0 2 2 0 0 0 1 1 2 2 1 2 0 2 2 1
0 2 1 2 2 2 2 0 2 2 1 2 2 2 2 0 0 1 0 0 1 1 1 1 2 0 0 2 1 2 1 1 2 2 0 2 0 2 0 2 2 1 1 2 0 0 0 0 2 1 1 0 1 0 2 0 1 0 0 2 0 1 0 0 2 1 2 2 0 2 1 0 1 0 0 0 2 0 1 1 2 0 0 1 0 2 1 2 0 2 2 1 0 0 1 0 1 2 2 2 2 1 0 1 0 0 2 2 2 0 1 2 1 2 0 0 2 2 0 2 1 0 1 1 0 0 2 2 0 2 2 2 2 0 1 2 1 0 2 0 1 0 2 0 0 0 0 0 2
1 0 0 2 2 0 2 0 0 2 0 0 2 2 2 2 1 1 1 2 1 2 1 2 0 2 0 0 0 1 1 1 1 2 0 1 2 1 1 0 1 1 1 1 2 1 0 1 1 2 0 2 0 2 1 0 1 2 1 1 0 2 1 0 2 2 2 2 0 1 1 2 0 0 1 2 1 2 0 2 0 1 2 0 1 1 0 2 2 2 1 0 2 0 0 2 0 0 2 1 2 0 1 2 0 2 0 0 0 0 2 0 2 2 0 0 1 1 0 1 0 0 1 2 1 2 2 2 0 2 1 2 0 0 2 2 1 2 2 1 1 2 1 1 2 1 0 1 2
1 2 0 2 1 1 1 0 0 0 1 0 2 1 1 0 2 0 1 1 0 0 0 2 1 0 2 0 0 1 0 1 1 0 2 0 1 0 1 0 0 0 0 1 2 2 1 1 0 0 1 0 0 2 1 1 2 0 2 2 2 2 2 1 2 1 1 2 2 0 2 0 1 0 1 0 1 2 0 1 2 1 0 0 0 1 1 1 2 1 0 2 0 0 1 1 2 2 1 1 2 1 2 0 1 0 2 2 1 2 2 1 0 2 2 1 0 1 2 0 0 1 0 0 1 1 2 1 0 0 0 1 1 2 2 1 1 1 1 2 0 0 0 1 2 0 0 0 2
0 1 2 1 1 0 1 0 0 0 1 1 0 2 0 1 0 1 2 1 2 2 2 1 2 1 1 0 2 2 0 0 1 2 2 0 0 0 0 0 0 1 0 2 2 0 0 2 2 0 1 2 2 1 0 2 0 2 2 2 2 0 2 0 0 2 0 1 0 1 2 2 0 2 1 0 0 2 2 2 2 1 0 2 2 0 1 0 0 1 0 2 2 0 0 0 0 1 1 1 2 0 0 1 1 2 1 1 2 1 1 2 0 1 1 0 2 2 1 1 1 2 1 1 2 2 1 0 1 2 2 1 0 0 2 2 2 1 1 2 2 0 1 0 2 2 2 1 2
0 0 1 0 2 2 2 2 1 0 0 1 2 2 1 2 2 1 2 1 0 2 1 0 0 2 2 0 1 1 0 2 2 2 2 2 1 2 1 2 0 1 0 0 2 2 1 1 1 0 2 2 0 1 2 1 1 2 0 2 1 0 2 1 2 2 0 1 1 2 1 2 1 2 0 0 2 1 2 2 2 2 1 0 0 2 2 2 1 2 2 0 0 1 1 0 0 2 2 0 1 0 0 0 2 1 1 2 0 0 1 0 0 0 1 1 0 1 1 1 1 0 2 1 0 1 2 1 1 1 2 0 1 0 1 1 1 0 1 2 1 0 0 2 1 2 2 1 1
0 0 2 1 0 2 2 1 1 1 0 1 0 2 2 1 0 2 0 1 1 0 0 1 1 2 0 0 1 1 1 2 2 2 2 2 1 1 2 0 0 2 1 2 1 2 0 0 2 1 1 0 2 1 1 0 1 2 2 0 1 1 0 1 0 0 1 2 1 0 1 0 2 0 2 2 0 0 2 2 2 0 2 1 2 2 2 1 2 2 2 1 0 0 0 1 0 1 1 0 1 2 0 1 1 0 1 1 0 0 1 2 2 1 1 1 1 1 0 1 0 2 2 1 0 0 2 1 1 2 1 0 2 1 0 0 1 1 2 2 0 1 2 2 2 1 1 2 0
2 0 1 2 0 0 2 2 0 2 0 2 0 2 2 0 2 0 2 1 2 2 2 0 2 1 1 0 0 0 2 2 1 0 0 2 0 0 1 1 2 0 1 0 2 1 0 2 2 2 1 2 0 2 1 2 0 0 0 2 0 2 2 2 1 2 2 1 0 2 0 2 2 0 0 2 2 1 2 1 2 1 2 2 0 1 1 2 1 2 1 2 0 1 1 1 2 1 0 2 0 2 2 0 0 1 2 2 2 2 2 1 1 1 1 1 2 2 0 1 0 2 0 0 2 2 2 1 0 0 1 2 2 1 2 2 2 2 0 0 1 2 1 0 1 0 2 0 0
0 2 1 0 2 1 2 1 1 1 2 2 2 1 2 0 1 0 0 1 0 1 2 0 2 1 1 0 0 2 2 1 1 0 1 0 0 1 2 2 0 1 1 2 0 2 0 1 2 1 2 0 2 2 0 2 0 1 1 1 1 0 0 2 1 2 0 2 2 2 2 2 0 1 0 1 0 1 0 2 2 0 0 2 1 0 2 2 2 0 1 1 1 2 0 1 2 1 0 1 0 2 2 2 1 2 0 2 0 2 0 0 2 0 0 0 2 2 0 2 1 2 1 0 2 2 2 1 1 0 1 2 0 1 1 2 1 0 2 1 0 2 2 2 2 2 1 2 2
2 2 1 2 0 0 1 0 2 0 1 2 2 1 1 0 0 0 1 1 2 0 1 1 2 2 2 2 0 1 0 2 1 1 2 1 2 0 0 2 1 1 2 1 0 0 1 2 1 0 1 1 1 0 1 1 2 1 1 0 0 1 0 2 1 2 1 1 2 1 0 0 1 0 1 1 1 1 1 0 2 0 2 0 1 1 2 0 2 1 1 2 0 1 1 2 0 1 1 0 2 2 0 0 0 0 0 2 1 1 2 1 2 2 1 0 0 1 1 0 0 2 0 0 0 2 1 0 0 2 0 0 1 2 1 2 0 1 2 2 1 2 0 1 2 1 2 0 2
0 1 2 1 2 1 1 1 2 0 0 2 1 1 1 1 2 1 1 2 0 1 1 0 1 2 0 0 1 0 0 0 2 1 1 1 0 0 1 0 1 2 2 1 0 0 0 0 0 2 2 0 0 0 1 0 1 2 0 2 1 1 0 1 0 2 0 0 1 2 0 0 1 0 1 2 1 2 2 1 2 0 2 0 1 2 0 2 2 1 0 0 1 0 2 1 1 0 0 2 0 0 2 1 2 2 1 0 2 0 2 1 1 2 2 0 2 0 2 2 2 2 2 0 1 2 0 2 0 0 2 0 1 1 2 0 1 0 1 0 1 1 2 2 1 2 0 1 0
0 0 0 0 1 1 2 0 2 2 1 0 1 2 1 1 2 0 2 2 2 0 1 1 0 2 0 2 2 1 0 0 2 1 1 1 0 1 2 2 1 0 2 2 1 1 0 0 2 0 2 2 1 1 0 1 0 1 2 2 2 2 0 2 0 2 0 0 0 0 2 1 1 2 2 2 2 2 2 1 0 0 0 2 1 1 1 2 2 0 1 2 0 2 1 1 2 0 1 0 1 2 2 0 2 1 0 1 2 0 0 2 0 0 0 2 0 1 1 2 2 1 1 2 1 1 1 1 2 1 2 0 0 1 0 0 1 1 2 1 0 2 0 1 0 0 1 0 2
0 0 2 2 2 0 1 1 1 0 0 0 2 1 1 1 0 2 0 1 1 1 2 1 0 1 2 1 0 0 1 0 1 1 1 1 1 0 0 1 0 1 2 0 0 1 1 0 0 0 2 1 1 2 0 2 0 2 1 1 0 0 2 2 1 0 1 1 0 2 0 1 0 2 1 1 1 1 2 1 1 2 0 0 2 0 0 0 1 1 1 1 2 0 1 0 2 0 2 2 2 0 2 0 0 0 2 2 2 2 1 0 1 2 2 1 0 2 1 2 1 0 0 1 2 2 1 1 0 2 1 2 2 0 1 0 2 1 0 1 0 2 2 0 1 2 1 2 2
1 1 1 1 0 2 0 2 1 2 0 0 1 0 1 2 1 2 1 2 2 0 1 2 0 1 1 2 2 0 2 1 2 0 0 0 2 1 2 0 2 0 2 0 2 1 2 1 0 2 2 1 2 0 0 0 1 1 0 1 0 2 1 0 2 2 0 2 1 0 0 0 2 2 0 1 1 1 2 2 0 2 0 0 2 1 1 1 0 1 1 1 0 0 1 0 2 1 2 0 1 2 1 0 0 2 2 1 0 0 1 1 2 1 2 0 0 0 2 1 2 0 0 2 0 1 2 0 0 2 1 2 2 2 1 0 1 0 2 0 1 1 2 1 0 2 2 1 0
1 2 0 0 0 0 1 1 1 2 2 0 0 0 0 0 1 0 1 2 0 2 1 2 2 0 2 2 2 1 0 1 1 0 1 2 1 0 1 2 2 1 0 2 1 1 2 0 2 1 2 0 2 1 2 1 2 2 1 1 0 1 1 1 2 2 0 1 2 2 1 2 1 1 1 0 0 1 0 0 1 0 1 0 2 1 2 2 0 0 1 1 1 0 2 1 2 1 2 0 1 1 2 0 1 1 0 1 0 1 2 1 1 1 2 1 2 1 1 0 1 0 1 0 0 1 1 0 2 2 0 0 0 0 1 1 2 1 1 2 2 1 2 2 2 1 1 2 1
2 2 2 0 1 0 1 0 0 2 2 0 2 1 0 2 2 0 1 2 2 2 2 0 1 1 0 0 0 0 2 0 0 0 2 1 0 0 1 1 2 2 1 0 1 0 0 1 1 2 0 0 2 0 1 1 2 2 2 0 0 2 1 1 2 0 2 0 1 2 0 1 2 1 2 0 2 2 2 0 2 0 1 1 1 0 2 0 2 0 1 0 2 0 1 2 1 2 2 2 1 2 1 1 2 0 2 1 1 1 2 0 2 1 2 0 1 2 2 2 2 1 2 2 2 1 1 0 1 2 0 0 1 0 1 0 0 1 0 1 2 0 0 0 1 0 1 0 2
0 0 0 2 2 2 2 1 2 2 2 1 1 2 0 1 1 1 2 2 2 2 0 2 2 0 0 2 1 1 2 0 1 0 0 2 1 0 1 0 0 2 1 1 2 1 0 1 0 0 1 0 2 1 2 2 1 1 2 1 2 1 1 2 2 1 2 0 1 1 1 2 0 0 1 0 2 2 2 1 0 0 1 2 2 1 2 1 0 1 2 0 2 1 2 2 0 2 0 2 1 1 2 1 2 2 2 2 1 2 0 1 1 1 1 0 0 0 2 1 2 0 2 1 1 2 2 2 2 2 0 0 2 2 2 1 2 0 1 1 0 1 0 1 1 1 1 2 2
2 1 1 2 0 1 0 2 1 0 1 1 1 2 0 0 0 0 1 1 1 2 1 1 0 0 2 2 2 1 2 1 2 1 1 0 0 0 0 2 1 2 1 2 0 2 0 1 0 1 2 2 1 1 0 1 1 0 0 2 2 0 1 2 0 0 0 1 1 1 1 2 2 0 1 2 2 1 1 0 0 1 0 2 2 1 0 2 1 1 1 1 0 0 0 0 1 2 1 2 0 0 1 2 0 2 2 1 2 0 2 0 2 2 2 2 1 2 1 0 1 0 1 1 1 0 2 0 2 1 2 2 2 2 0 1 1 0 2 1 1 1 1 0 1 0 0 2 0
2 0 0 0 1 1 2 1 1 2 1 0 2 2 0 1 2 1 1 2 1 2 1 2 2 0 1 0 1 1 2 1 1 2 2 1 1 1 0 2 1 2 0 1 2 1 2 2 0 0 2 2 1 2 2 0 2 2 1 1 0 0 0 0 2 0 2 1 1 2 1 0 2 2 2 1 1 1 1 2 0 1 1 2 0 2 0 0 1 1 1 1 2 2 2 1 0 1 0 1 2 2 2 2 2 1 2 1 1 0 0 2 1 2 1 1 1 2 2 0 0 1 2 2 1 2 2 1 1 0 0 0 2 1 1 2 0 0 0 1 0 2 1 0 2 0 2 1 2
2 1 0 1 0 0 2 2 0 1 2 1 1 0 1 0 1 2 1 1 2 0 0 2 2 0 1 0 2 2 0 1 0 1 2 1 1 2 1 0 0 1 1 0 2 0 0 0 2 2 0 0 0 0 2 0 0 1 0 2 1 0 1 2 2 1 1 2 1 0 2 2 2 1 2 1 1 1 2 1 0 2 1 1 2 1 1 2 0 2 0 2 0 2 1 1 0 0 0 2 0 2 2 2 0 2 1 1 1 1 0 2 1 2 1 2 1 0 2 1 0 2 0 1 2 2 2 0 2 2 0 1 2 0 1 2 0 0 2 1 2 0 1 1 0 0 0 2 1
0 0 1 2 2 0 0 1 0 0 2 0 1 0 0 2 1 0 0 2 0 2 2 1 2 1 2 2 1 1 1 2 2 2 0 2 2 0 2 0 1 1 1 2 2 2 2 0 0 2 1 2 0 0 0 2 2 0 2 2 2 0 1 1 0 1 2 0 1 1 1 2 2 0 0 1 0 2 2 0 0 1 2 0 0 0 2 2 0 1 2 0 2 1 0 2 0 2 2 0 0 0 0 2 1 0 1 1 1 1 2 2 0 2 2 0 0 2 0 1 1 0 2 0 2 0 0 2 2 2 0 2 1 1 2 2 2 0 1 0 1 1 0 2 0 0 0 1 2
1 1 1 2 1 2 1 1 2 1 0 0 2 0 1 1 2 0 0 2 2 2 1 1 2 2 0 0 2 1 0 1 0 0 0 1 2 2 0 0 2 0 0 1 0 1 2 0 2 0 2 2 2 2 1 2 2 1 0 1 1 0 1 1 1 1 1 1 2 1 2 1 0 2 0 1 1 0 2 0 0 2 0 0 2 2 0 1 0 0 1 2 1 2 1 0 1 0 2 0 1 1 2 2 0 2 1 2 0 1 2 1 0 1 1 1 0 2 2 1 2 0 1 1 2 0 1 1 0 0 2 2 2 2 2 0 2 1 2 0 2 2 2 0 0 1 1 1 0
2 2 0 2 1 1 0 1 1 1 1 2 1 2 2 1 1 2 1 0 2 2 2 2 1 0 0 0 0 1 0 2 1 0 2 0 2 2 2 0 1 2 0 0 1 2 1 0 2 0 0 1 0 0 0 2 0 0 2 0 2 2 0 1 0 0 2 0 2 1 1 1 1 2 2 2 1 1 2 2 0 0 0 0 0 2 0 1 0 0 2 1 0 0 2 1 1 2 2 0 1 1 2 0 0 2 0 0 1 1 2 2 1 0 2 2 0 0 1 2 1 1 0 2 2 0 1 0 2 1 2 0 0 2 1 1 2 2 2 1 1 2 1 2 0 0 2 1 2
1 0 1 1 0 1 1 0 2 2 0 1 2 2 2 2 1 2 2 0 1 0 2 1 1 0 2 0 0 1 0 2 2 2 1 0 0 2 2 0 2 0 2 1 2 2 2 1 1 1 2 1 0 2 2 1 0 2 2 0 0 0 0 0 2 1 2 2 2 1 0 1 1 0 1 2 0 0 1 2 1 0 0 1 0 0 1 0 0 1 2 1 2 2 2 2 2 1 2 1 0 0 2 2 1 1 1 2 2 0 2 2 1 0 0 2 1 2 1 1 2 0 0 2 2 0 1 1 2 1 2 2 2 0 2 1 2 2 2 2 2 1 1 0 2 2 1 0 0
2 0 2 2 0 2 1 0 1 1 0 1 1 2 0 1 1 0 1 0 2 1 0 1 2 1 1 1 2 2 1 2 0 1 1 0 0 1 1 0 2 1 1 1 1 1 0 0 2 2 1 2 1 2 1 0 1 2 2 2 2 2 1 2 0 1 0 2 2 2 2 2 1 0 0 0 2 1 1 2 1 0 2 2 0 0 2 1 1 0 1 0 2 0 1 2 2 2 2 1 0 1 1 1 2 2 2 2 1 1 2 2 2 1 0 2 0 0 1 1 0 0 2 2 1 1 0 0 1 2 2 1 2 0 0 2 2 0 2 0 1 2 1 0 1 1 0 2 1
2 1 0 2 0 2 0 0 0 0 1 1 0 0 0 0 0 0 2 1 0 1 0 2 0 2 1 2 2 0 1 2 2 1 1 1 2 2 1 2 0 2 0 0 0 1 1 0 2 2 2 0 1 1 2 1 1 2 0 1 0 2 1 0 1 0 1 0 1 2 2 1 2 1 0 0 2 1 1 2 1 2 2 2 0 0 0 2 2 1 0 2 1 2 2 0 0 1 1 2 1 1 1 0 2 1 1 0 1 0 2 2 2 2 2 2 2 0 2 2 2 2 1 1 2 2 2 0 0 0 2 0 1 0 1 1 0 0 1 2 0 0 1 2 0 1 2 0 2
1 2 2 1 2 1 0 1 0 1 2 0 1 2 1 2 1 0 0 1 2 2 1 1 0 1 1 0 0 0 2 2 2 2 0 1 0 2 0 1 0 0 1 2 0 0 2 1 1 2 0 1 1 2 2 2 0 2 2 1 2 2 1 2 2 2 1 2 1 2 0 2 2 2 2 1 1 1 0 0 1 1 1 2 1 1 0 0 0 0 1 2 0 1 1 2 0 0 0 2 0 1 1 0 2 1 2 0 0 0 0 2 2 1 2 0 2 2 0 0 1 0 0 1 1 0 1 2 1 2 1 2 2 0 1 1 2 0 1 0 1 1 0 0 0 2 1 1 0
1 1 1 2 0 0 0 0 2 2 2 2 1 2 1 2 0 0 1 1 1 2 0 0 2 0 0 0 1 1 0 1 1 2 1 1 0 0 2 2 0 1 2 2 0 1 2 1 1 0 0 2 1 0 0 0 1 1 0 1 0 1 0 1 0 1 2 0 1 1 1 2 0 0 2 1 2 1 0 0 2 1 1 0 2 1 2 0 2 2 1 0 1 2 1 2 1 2 1 0 1 2 0 2 2 2 1 1 0 2 0 1 1 1 1 0 2 0 0 0 1 0 0 0 2 2 0 1 2 1 2 1 0 2 0 1 0 2 0 0 2 0 2 0 1 2 0 2 0
2 2 1 0 0 2 0 2 0 2 2 1 2 1 0 1 2 2 1 2 2 0 1 1 0 0 0 2 1 2 0 0 2 2 0 2 2 2 0 2 1 0 1 0 1 2 2 0 1 2 0 2 2 0 0 2 0 0 0 1 0 0 0 2 0 1 0 2 0 0 2 1 0 2 2 2 1 2 2 1 2 0 0 1 0 0 1 1 1 2 2 1 0 0 2 1 2 0 1 2 0 1 2 1 1 2 0 2 2 2 1 1 0 1 0 1 2 0 2 1 2 0 0 0 0 0 1 0 0 2 1 0 1 0 2 2 0 2 0 0 0 2 1 0 1 0 0 1 0
2 0 2 0 1 0 2 2 2 0 0 0 1 1 1 1 1 2 2 0 0 0 1 2 1 2 1 1 2 0 2 2 0 0 1 2 0 0 2 0 0 0 1 2 1 2 1 0 2 1 1 2 2 0 2 1 2 0 0 2 1 1 2 0 1 1 2 1 1 2 2 2 2 0 2 2 1 2 2 1 1 1 1 1 2 1 0 1 2 1 2 1 2 1 2 0 0 2 0 1 2 0 1 2 2 2 1 0 1 1 2 0 2 0 1 1 1 2 1 2 1 0 0 1 2 2 2 2 1 0 1 1 0 0 1 2 2 2 0 1 1 0 2 2 1 1 0 1 1
2 0 0 0 1 1 0 1 1 0 2 2 2 2 1 0 0 0 2 0 2 2 0 0 1 2 1 0 0 0 2 0 0 2 1 1 2 2 2 1 0 0 2 0 2 0 0 0 0 0 1 0 2 1 0 1 1 0 2 2 0 2 0 1 0 1 0 2 1 1 1 2 1 0 0 1 0 0 2 2 1 1 2 1 0 1 0 1 1 0 1 1 0 1 0 0 1 1 0 2 0 2 2 1 0 2 0 1 0 0 1 2 1 2 1 2 0 2 1 2 0 0 0 1 2 2 2 0 1 2 0 1 1 1 0 2 0 0 2 2 0 0 2 1 0 1 1 0 0
0 2 1 0 1 2 0 1 1 0 2 1 2 0 0 0 0 0 1 0 0 0 1 2 0 0 2 1 2 0 2 2 0 0 1 2 1 1 0 2 0 2 1 2 0 2 0 0 0 1 1 2 0 0 1 0 1 1 0 0 1 0 1 0 1 2 0 2 1 1 0 2 1 2 1 2 1 1 2 2 1 2 1 1 2 0 2 0 2 2 2 1 2 0 2 2 0 0 1 1 1 1 1 2 0 0 1 2 0 2 0 2 1 2 0 0 0 0 2 2 1 1 1 1 1 1 0 2 1 2 1 0 1 0 2 0 1 2 0 2 1 1 1 0 1 2 1 1 2
0 1 1 1 0 0 0 1 0 0 2 0 2 2 0 2 0 1 1 0 1 0 1 0 2 2 1 2 0 0 2 1 2 1 0 2 1 2 1 2 2 1 0 1 2 0 2 0 1 0 0 0 2 1 1 2 1 0 2 1 1 1 2 0 2 1 2 2 0 1 1 2 0 1 2 0 0 1 0 1 2 0 2 2 2 1 2 0 1 1 1 2 0 2 0 0 0 0 2 0 1 1 0 2 1 0 0 1 2 0 2 2 0 0 1 2 1 0 0 1 2 2 1 2 1 2 0 1 2 2 2 1 1 2 2 2 1 2 0 0 1 0 0 1 1 0 2 1 1
2 2 1 1 0 0 0 0 0 1 0 0 1 2 2 2 2 1 0 2 2 0 0 0 1 2 0 1 2 1 2 1 1 0 1 2 2 2 0 2 1 0 0 0 0 2 2 2 1 2 2 1 1 0 2 2 0 0 1 2 1 1 2 2 0 1 2 2 0 2 1 2 0 0 0 0 2 2 1 1 0 1 2 1 1 2 1 2 2 0 2 1 1 1 1 2 0 1 1 1 0 1 0 1 1 0 0 1 1 2 2 2 0 0 0 2 0 2 2 1 2 2 2 1 1 2 1 2 0 0 1 1 2 1 1 0 0 1 2 2 0 2 1 1 0 1 0 1 0
1 2 0 1 2 1 2 1 2 2 1 1 0 1 0 0 2 1 0 1 1 2 2 1 0 0 2 2 1 1 0 2 1 0 1 0 1 2 2 2 1 1 0 0 0 0 1 2 2 2 0 1 2 0 1 2 0 1 2 0 2 2 0 1 0 2 1 1 1 1 1 2 0 2 0 0 0 2 1 0 1 2 0 0 0 1 0 1 0 2 1 2 2 2 1 2 1 2 2 2 2 1 2 0 1 1 0 2 0 2 0 0 0 0 0 0 2 1 2 2 1 1 2 2 1 0 2 0 1 2 0 0 1 0 0 2 2 1 2 0 1 2 0 2 0 1 0 2 2
2 0 2 1 2 1 0 1 0 0 2 0 1 2 2 2 2 2 1 1 1 2 2 0 0 1 1 2 2 2 2 2 2 1 0 2 0 1 0 1 2 2 2 1 2 2 0 1 1 2 0 2 2 0 0 2 0 0 2 2 2 2 2 2 0 0 2 1 2 0 0 2 0 0 0 0 2 1 2 1 1 0 1 1 2 1 0 0 2 0 2 1 0 0 1 0 1 1 2 0 1 0 2 2 1 1 2 1 2 2 2 1 0 0 2 2 0 1 2 2 2 0 2 2 0 0 0 1 2 1 1 1 2 1 1 1 0 0 2 1 0 0 2 1 0 0 1 1 2
1 2 1 1 1 1 1 2 1 2 2 0 1 1 0 0 2 1 1 1 1 2 1 1 2 0 0 0 2 1 2 1 0 0 2 2 2 1 0 1 1 0 2 0 1 2 0 1 1 2 2 0 2 1 1 0 0 2 0 0 1 0 1 2 1 1 0 1 2 0 2 1 0 2 1 1 2 1 0 0 2 0 0 2 2 0 2 0 2 0 0 1 1 2 2 2 0 0 0 0 1 0 1 1 0 2 0 2 1 2 0 0 2 2 1 1 2 0 2 2 1 2 2 2 1 1 2 2 1 0 2 0 1 0 1 1 2 2 1 1 1 1 2 1 0 0 0 0 2
0 0 0 0 0 1 0 1 1 2 0 1 0 0 0 0 2 2 1 2 1 0 1 1 0 0 2 2 1 0 1 2 1 2 0 1 1 1 0 2 0 1 2 1 1 0 2 1 0 0 0 1 1 2 2 1 2 2 0 1 0 1 1 1 2 1 0 0 2 0 1 1 2 1 0 0 1 2 2 1 0 2 1 1 0 0 1 2 0 1 1 0 1 0 2 1 2 0 1 0 1 0 2 0 1 2 1 0 0 0 2 0 1 0 0 1 1 2 1 2 0 1 1 2 2 1 0 2 2 0 2 0 0 2 2 0 2 0 0 0 2 2 1 1 1 2 2 2 1
1 2 0 2 0 0 2 2 1 2 2 2 1 0 0 2 2 0 1 1 1 2 0 2 0 1 0 0 1 0 1 2 2 2 0 1 0 2 1 2 1 0 1 1 0 2 0 0 1 2 2 0 1 0 2 1 1 0 2 0 0 2 0 1 1 1 0 1 2 1 0 1 1 2 0 2 2 0 2 0 0 2 0 2 2 1 2 1 1 1 1 0 0 0 2 2 1 2 1 1 0 2 0 2 1 0 1 1 2 2 1 2 1 0 2 1 1 2 2 0 0 2 0 2 2 0 1 1 2 0 0 0 2 0 2 2 1 2 0 0 1 0 1 0 0 1 2 2 0
2 2 0 2 1 0 2 1 2 0 2 0 1 2 2 2 0 2 1 2 0 2 1 0 0 2 0 1 2 0 1 2 2 0 1 1 0 0 0 0 1 2 1 0 2 1 0 2 1 1 2 1 2 1 1 2 2 2 2 1 2 1 0 2 1 2 1 0 0 2 1 1 2 2 2 2 0 0 0 2 2 2 0 1 2 2 2 1 1 1 0 1 0 1 2 2 0 1 0 0 0 2 2 0 2 0 2 0 1 2 0 0 0 0 0 0 1 0 2 0 2 2 2 2 1 2 2 1 0 2 2 1 2 2 1 1 2 1 0 0 2 0 2 2 1 0 0 2 0
2 0 2 2 0 2 0 0 2 2 0 2 2 1 2 1 0 1 2 1 1 0 0 2 2 0 1 0 0 1 0 0 2 0 0 0 0 0 0 0 0 0 2 2 2 2 2 2 2 1 2 1 2 0 1 0 1 0 0 2 1 2 1 2 2 1 2 0 2 0 1 2 0 1 0 1 1 2 0 0 1 2 2 0 0 1 0 2 1 2 2 0 1 0 2 1 2 2 0 2 0 1 2 0 0 2 2 2 1 0 0 0 0 0 1 1 1 2 0 0 1 0 2 2 1 2 2 0 2 2 0 2 0 0 1 1 0 0 1 0 0 1 0 2 0 2 0 2 2
2 0 1 0 0 2 1 2 1 0 2 0 1 1 1 1 2 2 0 0 1 0 1 1 0 1 1 1 2 0 0 2 1 1 0 1 0 1 2 2 2 1 2 1 0 2 0 1 2 0 2 1 0 0 2 2 0 0 0 0 1 1 2 0 0 2 2 1 1 1 0 2 0 1 1 1 0 1 2 2 0 2 1 1 0 0 0 0 1 1 0 0 0 2 1 1 2 0 0 2 0 1 1 0 2 2 2 0 1 2 1 1 1 2 1 2 1 2 2 2 1 0 0 2 0 2 0 1 0 0 0 1 2 2 1 2 2 2 0 0 1 2 0 0 1 2 2 0 1
