17 15 7
268009736 394913012 13439947 14291928 376941999 222026741 311349224 17940965 388238623 298525857 166280015 184536824 364055248 345944228 108913776
9 15 15 0 7 11 5 16 10 10 2 10 7 2 5
1 12 7 9 5 8 16 10 4 6 12 9 3 7 4
15 7 11 13 7 9 15 3 8 8 13 1 10 12 4
15 4 16 5 13 5 5 3 15 0 0 1 0 11 16
13 10 6 7 14 4 16 13 8 15 12 12 8 5 15
12 3 2 2 0 6 15 13 0 4 13 1 5 4 12
4 0 13 1 7 11 6 14 15 14 4 1 0 12 7
16 15 1 9 8 1 16 7 14 16 11 1 8 8 6
12 3 14 8 5 5 10 11 10 16 16 5 1 7 8
8 14 6 0 7 6 2 14 13 7 13 15 0 13 6
6 8 1 3 16 6 16 1 8 1 0 15 14 1 5
6 0 3 3 1 10 9 11 15 13 9 11 12 9 15
9 6 6 10 10 14 7 0 15 15 9 6 13 7 8
10 13 16 4 7 8 5 0 10 3 13 3 5 16 12
4 9 2 10 10 3 15 1 11 13 7 4 3 4 2
