5 151 13
687403337 862457446 929325850 45814024 781625651 1200355137 982289785 962781433 420048747 336977275 929724663 405287377 251679736 466486598 362133156 414745987 459799081 113372943 357828354 697004610 252118052 1039489044 425136530 227879099 120284541 36005316 162004270 729143301 70903796 520327747 82900432 1018788602 207201954 197592295 1137125497 599120821 235027368 520315033 254206798 420712827 491993479 373832 438357845 1190688022 126643078 936469713 385890881 465945924 1206496749 401806471 338661407 875218977 362183116 985948177 1053005240 1073405541 497693315 1112753410 1140308484 732715063 981215929 1130946824 281749884 108313369 519928338 42629957 464360556 654218726 631468472 28883163 746562186 814733388 1118610776 64606679 51023965 1206319246 48539450 433584227 306580019 278328974 581145415 1135473452 591646032 662348869 304648604 16762695 277732912 547422080 410337721 969467882 717722384 320689836 321789868 1110386282 816199482 1217331265 982647835 1117168772 872846812 138997184 344934739 23497960 156036387 454595208 205966148 939395105 1220346825 925407554 739628379 1173871875 732909566 180295695 806566924 398964716 206900186 1085594737 377945279 1137857504 810319945 727077770 414781809 985110099 1101279384 266128806 719551641 1025203146 647247974 552786616 640474999 371858817 233407818 666730398 99537253 645683892 56668270 677595526 1077951970 278855582 842195099 556579812 1130309116 538992917 1060867396 771856949 500569267 1123363085 780332568 666199658 1207089375 608091175 285614613
2 1 4 4 4 1 2 0 0 0 0 0 2 0 4 1 3 0 1 0 4 3 0 0 0 1 3 0 3 1 2 1 2 1 0 4 4 2 4 0 4 1 2 1 1 1 2 0 3 0 2 3 1 0 0 1 3 0 3 1 2 0 2 1 3 4 0 2 3 1 4 3 2 2 1 1 0 1 3 4 3 2 2 4 2 4 0 0 4 0 4 3 0 3 0 0 3 2 3 1 1 4 1 0 3 3 1 4 4 1 3 2 4 2 4 3 1 1 1 0 2 0 4 4 3 1 0 3 0 3 2 1 4 3 4 3 3 0 2 4 4 2 2 3 4 3 1 0 4 2 2
1 4 3 1 0 4 1 3 2 1 0 3 0 4 4 0 4 0 2 4 1 1 3 4 0 1 2 0 0 2 3 2 3 3 0 3 3 1 2 2 4 2 2 1 3 2 2 3 4 1 4 0 3 2 1 3 3 3 1 0 2 1 4 1 4 4 4 4 2 3 1 1 1 1 0 1 3 2 4 2 0 0 2 0 2 3 1 2 3 2 3 3 0 2 4 1 2 0 3 1 4 1 0 2 2 0 3 0 4 0 4 4 0 1 2 3 1 3 0 2 2 0 0 2 3 1 0 2 1 3 0 2 0 0 4 2 0 0 0 1 0 4 3 2 3 0 2 4 3 0 3
0 0 3 4 0 1 4 2 0 3 3 2 0 0 4 2 3 4 4 4 1 4 2 3 2 4 1 3 2 1 2 4 3 2 0 4 4 2 3 4 0 3 3 2 4 2 1 2 1 1 3 2 0 1 3 2 0 1 2 0 2 1 1 2 4 2 1 0 4 2 1 1 2 4 0 1 4 1 0 2 2 4 2 2 2 0 1 4 1 4 4 0 2 3 2 1 0 1 3 1 0 4 4 2 1 4 1 2 0 1 4 3 2 1 2 4 3 4 4 4 0 0 4 2 3 4 1 0 2 4 1 2 1 0 1 4 1 2 1 2 4 0 2 3 4 4 3 2 0 4 4
2 1 3 2 0 4 3 0 3 4 4 2 0 1 4 1 3 1 2 0 2 0 4 1 1 3 1 3 4 2 2 1 3 3 3 3 4 3 1 3 3 0 0 0 1 1 4 1 3 1 3 2 3 2 0 4 1 1 0 2 0 4 0 4 2 1 4 4 4 0 4 4 2 4 2 1 1 1 2 1 4 1 3 0 0 1 1 1 2 1 0 3 3 1 4 2 4 3 1 3 4 0 0 3 2 4 4 0 2 2 1 3 0 1 3 0 2 2 4 2 3 1 2 3 2 1 1 1 4 2 2 0 0 4 4 2 3 0 2 0 2 0 0 4 3 4 0 3 1 1 0
1 2 4 0 2 0 1 0 1 0 2 4 0 3 0 2 3 0 1 0 0 3 1 4 2 0 1 0 3 2 2 1 2 1 1 4 3 4 4 1 2 4 0 2 4 0 2 3 3 0 3 3 4 4 2 1 1 1 3 4 3 0 1 2 3 4 1 1 4 3 2 3 4 0 0 3 2 4 1 0 0 2 3 1 1 3 2 3 4 2 4 4 2 0 4 0 2 0 3 3 0 0 1 1 2 1 2 0 3 0 0 3 2 1 4 4 1 3 4 2 0 3 3 4 1 2 1 3 0 1 3 2 3 4 4 1 2 1 1 0 1 3 0 1 1 1 2 2 4 1 1
1 1 0 2 4 2 0 4 4 1 2 2 0 1 1 3 4 4 4 1 2 4 2 0 1 3 2 0 0 0 2 1 4 4 1 3 3 1 0 3 0 2 0 0 1 3 0 2 4 4 3 3 3 2 4 1 1 1 2 1 2 4 4 1 3 0 1 1 4 1 1 4 1 3 1 2 1 1 1 2 2 1 1 2 4 0 4 0 1 1 3 0 2 2 3 2 0 0 0 4 3 2 0 1 0 3 0 4 1 1 1 3 3 2 0 2 2 4 4 1 2 2 3 4 1 2 1 3 4 4 4 4 1 4 1 3 4 1 2 0 3 4 3 3 3 1 2 3 0 3 4
0 2 2 4 3 1 3 2 0 2 1 0 0 3 3 3 2 4 3 3 4 2 3 4 2 4 1 0 2 4 1 2 3 1 3 2 4 1 1 0 0 4 2 0 4 0 1 2 1 4 2 1 3 0 0 0 0 4 3 2 0 1 1 4 2 4 1 4 1 4 1 3 3 3 1 3 0 2 2 1 1 4 2 4 1 0 1 3 4 1 0 4 3 1 3 2 1 1 1 4 0 2 2 1 2 3 1 2 2 0 1 0 1 3 4 2 0 3 1 4 4 3 4 4 2 4 2 0 1 0 4 3 3 3 1 0 4 4 0 1 4 1 2 2 1 3 0 2 3 3 3
0 1 4 4 3 4 3 3 2 4 4 2 2 0 4 4 4 0 4 2 0 2 1 4 4 2 4 1 2 2 4 2 1 1 4 1 0 2 2 2 1 1 4 0 3 0 0 4 1 1 4 3 4 2 2 3 1 4 1 4 3 2 3 4 3 2 3 0 2 0 4 3 3 4 4 4 1 1 3 4 2 2 2 1 0 2 1 3 1 4 2 1 4 3 3 4 0 1 0 4 3 4 3 3 0 4 2 2 2 1 3 4 0 3 3 2 0 1 1 3 3 0 4 2 3 4 1 1 0 1 0 0 3 0 4 3 4 1 2 3 4 1 3 2 4 3 4 1 4 2 1
2 3 2 1 1 2 3 2 4 1 0 0 4 0 1 0 2 4 2 0 4 0 0 3 1 3 4 2 0 2 0 4 0 3 1 3 0 1 3 4 2 3 1 2 0 2 2 2 2 1 0 3 4 0 1 0 1 0 0 1 4 0 0 4 3 3 0 0 4 0 2 2 0 3 1 0 1 0 0 0 1 0 3 0 2 1 3 3 1 3 4 1 0 2 2 1 0 4 1 0 4 3 2 4 2 0 2 0 0 2 0 3 4 0 1 3 1 4 2 2 4 3 0 1 0 0 2 1 4 1 3 1 1 2 2 0 2 4 0 4 3 2 2 4 2 3 3 3 4 2 3
0 0 0 2 1 0 4 4 2 2 4 0 4 1 2 4 0 4 0 4 4 4 1 1 2 2 1 0 1 3 3 4 3 4 1 1 1 2 2 3 0 3 0 1 4 3 0 1 4 2 0 0 2 4 1 4 3 2 4 1 2 0 0 3 4 1 1 2 1 4 3 1 2 3 2 4 3 4 2 4 2 0 0 4 1 3 0 4 3 1 0 0 1 3 3 2 4 2 0 0 1 0 3 0 3 2 1 4 2 1 3 4 1 3 0 2 4 2 1 2 3 3 4 0 1 0 4 3 2 1 0 0 1 4 0 0 3 4 1 0 0 4 1 3 0 3 0 4 0 3 1
1 3 0 3 0 2 2 0 4 1 0 4 2 1 2 4 0 1 0 2 3 0 4 1 2 4 1 1 2 1 4 3 4 1 1 1 4 0 1 3 1 2 3 4 0 0 0 0 3 1 3 1 3 4 4 0 0 2 3 2 3 2 2 4 0 0 1 4 1 2 3 4 1 3 3 2 0 1 4 0 4 4 1 2 3 0 4 1 2 2 3 2 1 3 1 1 3 2 3 4 2 1 4 3 1 4 2 3 2 2 3 1 1 4 3 2 1 4 3 0 3 3 4 1 3 0 3 2 0 1 3 4 4 2 4 2 4 2 0 1 1 3 0 4 4 0 1 2 0 1 2
0 2 3 2 0 0 2 4 0 3 3 4 4 2 1 3 1 3 3 0 4 3 0 0 2 0 2 4 2 0 3 3 4 3 0 2 3 2 1 1 2 4 2 3 2 3 1 0 1 1 2 2 4 2 3 3 0 2 4 4 4 4 2 4 2 4 1 0 1 2 1 0 4 4 0 1 4 1 1 1 4 4 0 0 3 0 3 0 4 2 0 4 1 4 0 0 4 1 3 2 0 4 0 4 0 0 2 0 4 4 3 3 0 0 4 3 1 4 1 2 2 1 1 0 0 1 1 4 4 1 4 2 2 4 3 3 4 1 0 3 2 0 4 2 0 0 2 3 4 3 1
1 4 4 4 2 3 2 3 4 3 2 1 0 1 0 0 3 1 2 3 0 2 2 2 0 2 4 0 4 3 3 0 4 3 1 1 1 3 0 0 3 2 4 1 1 1 1 4 4 4 4 4 3 2 1 3 1 0 1 0 0 4 3 0 2 1 1 0 2 3 3 0 3 2 3 4 3 0 0 2 1 4 1 4 3 4 0 2 1 3 2 2 2 2 4 2 4 2 2 3 1 2 0 4 1 4 0 1 4 0 3 2 4 1 3 0 2 3 2 4 3 1 3 1 4 2 3 0 4 2 0 0 0 0 1 1 4 1 3 3 1 3 2 3 2 1 0 4 1 2 0
0 3 3 1 4 0 4 1 0 1 1 2 3 2 1 0 1 2 0 2 1 3 1 1 0 2 1 2 4 0 2 4 0 1 2 0 3 1 3 0 4 2 0 0 4 1 0 2 3 2 1 1 0 3 4 3 2 0 2 1 2 4 0 3 2 2 0 1 0 3 1 2 2 1 2 3 4 4 3 0 1 4 1 3 4 1 1 2 3 0 0 1 0 3 1 4 2 1 0 3 1 4 2 4 2 1 2 2 2 0 2 3 2 0 3 3 1 2 2 2 2 3 0 2 1 1 2 3 2 4 3 0 0 0 1 3 3 1 2 0 3 4 0 0 4 4 1 3 1 3 2
3 1 2 3 2 0 2 1 4 3 1 4 4 2 3 2 0 4 4 3 2 0 3 0 1 2 1 1 0 1 0 4 3 2 4 2 2 3 0 1 1 2 3 0 1 1 4 1 0 0 4 4 2 0 4 4 2 2 2 3 4 3 4 2 2 0 1 0 3 2 3 1 4 3 4 0 1 0 3 3 1 0 3 3 0 2 4 4 0 4 4 1 2 3 3 4 0 4 1 0 3 2 2 2 0 3 4 2 3 3 0 1 0 0 2 0 3 1 1 0 0 1 1 4 1 1 4 2 2 0 2 1 2 1 0 0 4 0 4 0 0 4 1 0 0 3 0 0 2 3 2
4 4 0 4 1 1 0 3 0 0 2 1 0 1 2 2 2 4 1 2 4 0 1 4 2 4 1 4 3 4 1 3 4 3 4 2 4 4 2 2 1 4 0 3 2 2 0 0 3 1 4 2 4 0 3 3 2 4 3 0 1 1 3 2 0 4 4 1 3 1 3 0 2 4 3 0 3 4 2 2 2 3 1 1 4 2 0 1 3 0 3 4 1 4 3 3 3 2 0 2 0 0 4 3 1 4 0 0 0 4 4 3 2 2 4 1 4 1 4 3 1 0 4 0 4 3 0 2 2 0 1 3 3 2 3 4 2 3 1 2 2 2 2 1 0 4 3 1 0 4 1
4 4 1 1 0 4 1 0 3 4 1 1 2 1 4 3 3 4 0 2 1 2 0 3 4 4 3 1 1 4 2 2 1 3 0 1 4 4 1 3 3 0 1 2 1 1 0 1 0 0 3 4 0 0 4 4 1 4 0 0 0 0 4 1 0 0 0 0 4 3 0 4 3 1 1 1 4 1 2 0 4 3 1 4 0 2 0 4 1 1 4 1 3 3 0 3 0 0 3 1 3 0 0 4 4 1 0 3 0 0 0 1 0 1 0 0 3 0 4 1 3 0 3 1 1 3 0 1 0 0 3 3 3 3 2 2 2 0 0 4 2 1 0 2 4 2 4 0 2 1 1
3 1 1 1 2 1 3 1 1 4 4 2 4 4 1 1 3 1 1 2 0 4 2 2 1 4 4 1 4 0 4 4 3 3 0 1 1 1 2 3 2 3 2 1 4 3 2 3 2 0 2 2 0 0 0 1 1 4 4 2 1 0 3 4 3 1 2 0 2 4 0 4 4 2 0 4 0 4 4 2 4 1 2 4 3 2 2 2 3 3 1 4 4 0 0 4 1 3 1 0 4 3 1 4 0 3 0 3 2 4 2 1 0 4 3 1 3 2 3 3 1 4 4 2 1 0 1 4 3 0 4 2 3 0 3 4 3 3 4 2 4 1 4 2 3 4 3 1 1 3 0
2 4 1 1 1 1 3 0 1 3 2 1 1 4 4 2 0 0 3 2 1 0 3 3 0 4 3 3 1 1 0 0 1 2 2 4 3 2 1 0 2 3 3 3 0 2 3 0 4 1 4 1 3 3 4 0 2 0 4 0 1 4 1 4 3 0 0 2 2 2 4 4 2 2 4 2 1 4 4 1 3 4 2 1 4 3 2 3 3 3 4 2 4 2 3 3 2 1 2 1 3 1 0 2 0 1 2 3 1 1 4 4 0 3 2 1 4 1 0 4 4 4 3 1 1 2 4 0 3 1 1 3 4 3 0 1 1 4 4 4 1 1 3 3 1 3 0 0 4 0 2
1 4 0 4 2 4 3 4 4 1 2 2 0 0 0 3 3 4 2 3 2 0 3 1 2 1 1 4 3 1 1 1 2 4 0 1 3 3 0 3 4 2 2 1 4 4 4 2 1 3 2 3 4 1 4 3 2 2 2 2 3 1 3 2 0 3 3 0 3 0 0 4 2 3 2 3 4 1 3 0 2 0 1 1 1 2 4 1 0 3 3 0 4 2 3 1 2 3 2 3 4 2 4 3 2 2 2 2 0 0 4 2 0 0 3 4 3 4 0 0 3 0 0 4 2 0 1 2 1 0 2 0 2 1 3 0 0 2 4 1 4 3 3 2 1 4 1 1 3 3 1
3 3 3 3 3 1 1 2 2 1 4 4 0 2 4 2 3 2 1 4 1 2 2 0 0 1 1 1 2 1 4 0 0 4 0 3 0 1 0 4 2 1 3 0 3 3 2 1 0 4 2 3 3 0 4 3 3 2 4 0 4 0 1 1 4 3 4 0 0 1 1 4 4 0 4 2 3 2 1 0 3 3 0 1 0 4 1 4 4 2 1 0 2 4 1 1 3 2 3 3 0 0 2 4 2 4 3 0 1 4 2 4 0 2 2 0 4 3 1 0 0 3 0 4 2 3 0 0 0 1 0 2 3 0 1 0 4 1 2 0 3 4 1 3 3 0 0 2 0 2 2
2 0 4 1 4 2 3 2 4 1 2 1 4 4 4 4 3 1 3 0 4 2 3 2 1 3 4 0 0 1 0 2 3 4 3 3 2 4 2 3 0 1 0 2 1 1 1 4 2 2 2 3 4 0 2 2 1 2 0 1 3 0 4 2 4 4 2 3 3 4 2 1 0 4 3 1 0 1 3 0 3 2 3 0 2 3 4 0 0 4 2 3 4 3 2 1 4 1 1 0 0 0 1 3 4 1 1 2 2 1 4 3 3 2 3 3 0 4 3 2 4 2 3 0 0 0 3 0 2 0 2 4 0 3 4 2 4 1 1 3 2 0 1 1 2 4 4 0 4 4 2
0 2 0 2 4 3 1 1 2 3 3 3 0 1 3 2 2 4 3 1 1 3 2 4 3 4 0 0 0 0 4 2 2 2 4 1 0 2 0 4 0 3 2 1 2 0 0 4 1 1 2 0 1 0 4 1 1 0 1 3 0 1 0 4 0 1 2 2 4 2 1 4 1 0 2 0 3 3 4 4 1 2 4 2 4 1 4 2 3 2 0 0 3 0 4 0 1 3 2 2 1 3 2 4 4 1 4 2 1 3 3 2 2 0 0 3 1 1 0 4 3 2 1 4 4 0 4 3 3 2 0 1 2 4 0 3 1 4 0 2 0 4 2 4 1 4 0 2 0 0 3
0 3 4 4 4 1 1 2 1 3 3 3 2 2 3 1 0 0 1 0 2 2 2 3 3 3 3 2 3 4 0 0 4 1 0 3 2 1 3 4 1 1 4 3 3 4 4 4 4 3 1 3 2 3 2 1 1 0 0 1 1 3 1 0 4 3 1 4 1 1 0 2 2 4 3 2 3 2 3 0 2 4 3 0 2 0 3 0 3 3 3 4 1 0 2 3 0 0 4 2 1 1 1 3 2 4 2 0 4 1 2 1 0 3 1 0 0 4 2 3 0 1 3 3 3 2 3 3 2 2 2 3 3 4 3 0 0 0 3 4 1 2 1 4 0 4 4 1 1 3 1
1 4 1 4 2 3 3 3 2 2 0 0 1 1 0 3 2 1 3 1 4 1 4 3 3 4 4 1 2 3 3 3 4 1 4 4 2 4 2 4 2 4 2 0 3 2 3 0 3 4 3 0 0 3 3 0 4 0 2 1 0 2 1 4 3 0 0 2 0 2 2 2 4 4 4 2 1 4 2 2 3 2 4 0 2 4 1 3 4 0 4 1 2 2 3 2 3 3 2 0 1 4 4 2 3 3 4 1 2 3 0 1 0 4 3 0 4 4 3 0 1 0 2 0 2 0 3 2 3 0 2 1 1 3 3 1 1 4 2 4 4 0 2 0 1 0 0 0 2 3 3
3 3 2 4 3 2 4 0 2 1 0 1 4 3 1 0 0 3 4 1 2 4 0 2 1 2 4 3 1 0 3 0 0 0 1 3 4 2 1 4 0 1 0 4 4 3 4 4 1 3 2 4 0 2 3 1 2 0 1 3 0 0 0 2 0 1 3 0 0 4 1 0 0 1 1 4 1 0 1 3 1 0 4 1 3 4 4 2 4 2 0 1 2 1 4 0 4 2 2 0 3 3 2 3 1 4 4 2 1 2 2 2 3 1 0 3 1 1 0 0 4 0 4 3 1 3 3 3 2 2 3 2 0 2 0 3 3 1 1 0 4 3 4 4 2 2 2 3 3 2 0
4 4 4 3 3 4 3 1 3 1 1 0 3 0 2 2 4 4 0 1 0 0 0 4 2 4 3 2 3 2 3 2 1 4 2 1 4 1 4 4 4 0 0 2 1 2 1 2 3 3 3 0 4 0 4 3 0 4 1 0 1 1 4 0 2 2 3 3 0 3 3 4 0 0 1 3 2 0 0 3 3 0 3 4 1 0 3 3 4 1 0 3 4 1 3 1 3 3 0 3 1 0 2 2 0 1 0 4 1 3 2 1 3 1 1 1 3 1 1 2 2 1 0 3 3 0 4 3 1 1 4 2 1 3 4 3 4 2 3 2 0 0 1 3 3 4 0 1 0 1 4
4 0 1 2 0 4 3 3 0 2 4 4 3 3 1 2 4 3 2 4 3 2 0 3 1 4 0 2 4 4 3 0 4 2 4 4 3 2 4 0 4 4 4 0 4 0 4 3 0 1 2 0 0 2 4 1 3 4 1 4 3 1 4 4 0 3 0 3 3 0 0 4 1 0 4 0 2 0 0 3 1 3 3 2 2 4 0 1 4 3 0 4 0 0 4 2 0 4 1 0 1 1 0 4 3 4 1 1 2 2 1 0 0 1 4 2 1 0 3 2 0 1 1 2 3 2 0 3 4 1 4 0 4 1 2 0 0 3 3 4 0 1 0 0 2 4 0 3 1 0 0
2 1 4 4 4 1 4 0 0 2 4 3 4 0 0 4 2 0 4 4 1 0 4 3 2 3 3 3 2 1 0 4 2 4 3 2 3 0 2 0 2 3 3 1 0 0 2 4 1 1 3 2 1 2 2 1 3 3 4 0 4 1 1 1 3 4 0 1 1 4 1 4 2 2 2 4 2 0 4 0 3 2 4 2 2 2 3 0 0 4 2 1 2 3 2 0 4 0 3 1 4 2 2 4 4 4 3 3 1 2 1 2 0 0 4 2 4 4 4 1 0 3 2 4 3 2 0 2 2 0 0 3 2 4 2 3 1 1 4 4 0 2 1 0 2 2 4 2 3 0 3
0 3 3 0 1 0 2 1 4 4 3 2 4 3 0 4 4 3 3 3 3 0 2 1 0 1 2 4 2 3 2 2 3 0 4 0 2 3 3 1 3 1 4 2 4 1 1 0 4 2 1 4 4 0 0 4 1 3 3 3 3 3 3 1 0 2 1 3 3 1 1 1 3 2 0 4 3 3 2 4 0 3 4 2 0 1 3 1 1 2 2 4 2 0 1 4 4 4 4 2 1 1 0 1 3 2 0 2 1 2 3 3 2 2 0 2 1 1 1 2 3 0 2 2 0 3 1 1 4 1 1 0 4 3 3 2 1 4 1 2 3 0 2 3 4 0 2 0 1 0 3
1 0 0 3 2 0 1 1 4 4 2 2 3 0 0 1 1 1 2 0 2 4 3 2 4 3 4 4 4 0 4 0 2 4 0 0 4 1 1 1 1 0 3 4 0 0 2 4 2 2 4 1 1 4 3 2 2 2 4 3 4 3 0 2 3 0 4 4 2 2 2 0 2 0 1 4 3 4 0 2 1 2 3 4 1 1 2 1 0 3 1 2 1 2 4 4 2 0 1 1 2 3 1 1 1 3 0 4 2 1 3 0 3 1 1 1 4 0 2 4 3 1 1 0 3 2 1 0 4 2 2 1 3 3 4 4 3 0 0 2 3 0 2 3 1 1 1 2 1 1 1
2 2 0 2 0 4 3 0 4 3 4 2 1 3 2 2 3 4 4 1 4 4 3 4 2 1 0 4 3 1 2 0 0 4 4 0 4 4 3 0 2 2 2 0 2 4 4 1 0 0 2 4 4 2 3 3 1 1 2 1 4 2 1 0 1 2 0 2 1 0 2 1 0 0 3 2 1 3 0 2 0 4 1 0 4 2 0 0 3 0 1 2 2 4 2 3 1 0 3 4 2 0 2 2 0 1 0 2 1 2 4 1 2 2 3 3 1 4 3 4 4 1 4 1 2 1 1 0 3 4 4 1 0 2 3 2 0 0 4 1 3 0 2 2 0 1 0 1 0 0 3
4 3 2 2 0 0 3 0 4 0 4 2 2 3 2 4 3 3 1 4 3 1 4 2 3 0 4 0 2 4 3 1 2 2 0 2 2 0 4 1 0 3 0 2 4 3 2 4 3 3 4 1 1 0 0 2 0 4 2 2 3 2 0 2 4 0 1 3 0 0 2 3 0 2 0 1 0 4 1 0 4 2 3 3 2 3 0 2 2 4 1 2 3 3 1 4 3 4 2 0 4 4 0 2 2 3 3 4 4 4 0 4 1 0 4 0 4 4 4 3 0 0 3 3 3 4 4 3 4 1 1 0 3 1 2 2 1 3 1 1 2 3 2 1 4 1 3 0 2 3 0
2 0 3 2 4 0 1 4 1 2 2 1 0 1 1 2 2 4 1 3 3 1 0 1 2 3 0 4 0 3 0 2 3 3 4 4 3 0 1 4 0 3 3 2 4 4 2 4 0 0 4 3 1 0 0 1 0 0 0 1 0 0 3 3 1 0 3 1 2 4 3 4 4 1 2 4 2 1 0 2 1 4 2 4 1 2 2 2 4 0 3 4 2 3 3 3 3 3 2 3 4 0 2 0 3 1 1 2 2 1 4 0 1 3 2 2 1 4 4 2 1 4 2 4 3 2 2 3 2 4 3 3 1 1 3 4 2 0 1 2 3 2 4 4 1 1 4 4 3 3 1
4 0 0 3 3 2 3 3 1 4 2 4 1 0 3 2 4 0 1 3 3 3 3 0 1 1 4 2 1 4 1 3 4 1 3 4 1 1 0 2 3 2 2 4 4 2 3 0 4 4 4 2 0 4 4 3 0 3 1 2 3 2 0 2 0 3 4 1 2 4 4 0 3 3 1 2 0 4 2 4 1 3 3 1 2 3 4 3 1 2 2 1 1 4 1 2 4 0 0 1 4 4 3 2 2 4 1 2 1 3 3 4 4 2 0 1 2 1 4 0 1 3 2 2 2 0 1 2 0 2 0 1 3 4 3 1 0 4 0 3 4 1 2 3 0 4 0 2 3 1 2
4 2 1 3 4 3 0 3 3 4 1 4 2 2 4 3 4 0 1 3 0 2 2 0 2 2 2 1 0 1 0 1 3 4 4 4 2 1 0 3 0 1 2 3 3 4 3 2 4 1 2 4 3 0 2 2 4 4 0 4 0 1 0 0 2 1 0 4 3 0 2 3 1 2 3 1 1 2 0 0 3 3 2 4 3 4 3 2 0 1 3 1 2 0 3 1 1 3 0 4 0 0 0 3 2 3 4 3 2 0 0 3 0 2 2 0 3 2 4 4 3 2 2 2 4 0 3 2 1 1 4 1 1 4 0 3 4 1 3 2 1 3 0 1 3 4 3 3 1 2 2
2 4 1 4 0 4 0 3 0 1 2 1 2 1 3 2 0 0 0 4 3 0 4 2 3 3 0 2 2 3 1 4 4 0 0 0 4 0 3 4 3 0 2 0 3 3 4 0 3 4 0 3 2 4 0 0 0 1 4 2 4 3 1 0 3 3 0 2 4 0 3 2 0 2 0 0 2 1 1 0 1 1 4 3 2 1 0 2 2 2 1 3 0 2 4 0 1 1 4 2 2 4 1 2 3 3 0 1 0 1 1 3 4 2 3 1 4 3 1 3 2 2 2 4 2 3 4 0 4 0 2 1 4 0 1 3 4 1 4 4 4 2 2 3 2 0 4 1 0 2 1
0 0 3 4 2 3 1 4 3 1 1 1 1 1 2 4 2 0 0 1 4 2 0 2 4 2 4 2 0 3 1 0 3 4 4 2 0 0 1 3 4 4 4 0 3 4 1 0 4 1 4 1 0 1 0 2 4 1 1 4 0 2 4 0 4 0 0 4 3 1 4 2 3 0 4 3 1 2 0 3 0 4 4 0 3 1 4 2 3 3 3 0 2 4 0 1 4 0 2 4 4 3 3 4 1 2 2 2 4 2 0 1 4 1 4 4 3 3 1 3 3 4 3 1 3 3 4 4 1 2 4 2 2 4 1 3 4 3 1 0 2 3 2 3 0 1 2 0 4 0 3
3 1 1 1 4 1 0 1 2 2 2 4 2 1 2 0 0 2 3 1 2 2 3 0 2 4 0 2 0 0 2 0 2 3 1 3 1 4 1 4 3 3 0 0 2 0 1 4 2 4 0 4 3 0 2 2 1 2 4 4 4 3 1 3 1 0 2 3 4 0 4 2 1 1 3 3 1 1 2 4 2 0 0 1 2 2 3 1 4 0 0 4 3 1 4 2 3 3 2 2 4 1 0 0 4 0 3 1 3 2 2 0 4 2 3 2 2 2 3 1 4 0 2 2 3 2 1 2 0 3 4 1 1 1 1 1 3 1 2 1 1 1 2 0 0 0 2 2 4 2 4
3 2 3 3 3 2 4 0 3 0 1 4 1 0 3 2 3 4 1 0 2 2 4 3 3 4 2 0 1 2 1 4 1 2 4 4 4 1 4 4 1 3 1 4 3 1 2 1 0 3 3 3 3 2 3 3 4 0 3 0 2 2 1 4 1 3 0 0 4 0 2 2 0 3 1 3 1 3 1 1 4 0 1 4 4 1 2 3 4 2 0 1 4 4 2 2 2 3 3 3 0 2 0 0 2 3 0 3 2 1 1 3 1 0 2 3 1 4 3 0 1 4 4 3 0 1 0 4 1 0 2 3 4 4 3 1 2 3 4 1 2 3 1 0 3 3 3 4 4 2 2
3 3 1 3 3 4 3 2 1 1 1 1 0 2 0 4 4 0 3 3 4 3 4 0 1 0 3 1 4 2 3 4 0 1 2 0 0 3 4 3 4 2 0 1 4 2 0 4 2 1 4 2 4 3 4 1 3 2 4 0 2 4 4 2 2 2 0 2 0 4 1 1 2 3 4 3 0 0 2 4 3 3 3 4 2 2 2 2 2 1 4 4 2 1 3 4 3 0 4 0 0 2 3 4 0 2 2 2 2 2 1 2 0 2 2 4 4 4 4 3 3 0 4 2 1 0 2 1 0 3 1 2 0 1 3 0 4 3 4 3 2 0 1 4 2 0 1 4 4 0 4
4 0 1 2 4 1 1 0 3 4 4 3 4 0 1 1 4 1 0 3 3 2 1 3 2 1 4 1 2 1 2 2 3 3 4 2 1 0 3 0 1 2 3 0 4 1 1 4 3 3 4 1 0 2 1 2 3 0 0 2 3 3 4 2 3 0 4 0 2 4 2 3 3 2 0 3 3 3 4 3 1 0 0 2 2 1 1 0 4 2 2 2 2 4 1 0 4 3 2 4 2 4 2 3 1 3 3 2 1 2 0 3 2 2 2 4 1 3 1 2 0 0 1 2 1 3 0 1 1 2 0 0 4 4 3 2 2 1 1 1 0 2 1 4 1 3 3 2 3 1 4
1 4 1 3 0 1 0 1 2 0 3 4 4 3 0 3 2 3 0 0 4 4 1 3 0 1 4 0 0 0 4 1 4 2 1 0 3 2 3 2 4 4 2 3 4 2 3 1 0 0 4 1 4 0 0 2 2 4 2 2 1 1 0 3 1 1 0 4 3 3 2 2 4 1 2 3 3 3 2 0 3 1 2 0 1 4 2 0 0 4 4 1 2 4 1 3 1 1 0 1 2 4 1 1 0 0 2 0 3 4 0 4 2 4 4 0 0 3 1 0 4 0 4 1 2 0 2 3 4 4 1 1 3 2 4 3 3 1 0 3 2 0 2 4 2 3 0 2 1 3 0
0 0 4 4 2 1 3 2 0 2 4 3 0 1 3 0 1 1 0 0 1 2 4 0 4 3 2 4 1 2 4 2 3 0 3 2 1 1 0 2 0 4 2 0 0 2 0 2 4 0 4 2 2 3 4 4 1 2 0 3 1 4 2 4 4 2 2 2 0 2 4 0 3 2 0 0 4 2 2 0 4 3 4 3 2 4 4 0 3 4 3 4 0 2 1 4 1 0 2 1 2 3 1 2 2 3 2 4 2 2 1 1 0 1 0 2 0 1 3 3 1 3 4 1 3 0 3 4 0 2 3 4 2 4 1 0 0 4 1 2 3 2 1 3 3 3 3 0 4 3 0
0 3 0 4 1 0 4 3 3 1 1 4 0 2 1 0 4 2 3 2 0 1 0 0 1 3 3 2 2 1 2 0 0 4 4 3 2 0 3 0 1 4 4 1 4 2 4 0 1 2 2 3 0 4 4 2 2 2 1 0 1 0 2 3 0 3 1 4 3 2 4 1 3 0 4 2 0 3 3 1 3 2 2 3 2 1 2 1 0 0 3 3 1 0 1 3 3 0 2 3 2 3 4 0 0 4 0 0 4 0 4 2 4 1 3 3 4 2 0 1 3 3 0 4 1 3 2 1 3 4 0 2 4 1 0 4 0 2 0 2 2 1 4 1 4 4 2 0 2 2 1
0 2 3 4 0 2 3 2 2 4 4 2 3 2 2 2 0 4 4 2 3 2 3 4 1 3 3 3 0 0 0 2 0 3 1 0 2 1 4 0 0 0 2 0 3 1 2 0 2 4 2 0 1 0 1 0 0 0 3 0 0 0 2 2 1 0 0 3 3 4 3 3 2 2 3 2 0 3 2 2 2 4 2 0 1 4 0 2 4 1 4 1 1 2 1 4 4 1 3 3 2 3 3 4 1 2 1 3 2 0 1 4 4 0 1 3 4 4 0 0 0 4 4 3 3 0 3 0 1 1 3 3 1 3 3 4 2 1 3 4 2 4 0 3 4 2 1 1 1 3 3
1 0 2 1 3 2 1 3 0 4 3 4 1 4 4 0 1 2 3 1 4 4 1 0 1 3 3 4 4 2 2 2 2 0 1 2 4 2 1 0 2 1 4 3 0 0 3 2 2 4 0 2 3 1 4 1 2 2 0 1 4 3 1 3 3 4 1 4 1 4 4 3 0 0 3 3 0 4 2 3 3 2 2 3 0 1 0 2 3 0 1 0 0 4 3 0 3 1 0 4 0 4 0 3 0 0 1 2 4 0 0 2 4 2 3 4 0 0 4 1 2 0 3 3 4 3 3 2 0 3 3 0 0 0 3 2 1 1 4 0 3 0 0 2 4 3 2 2 0 1 3
2 3 3 0 2 1 4 1 1 4 1 4 1 2 2 3 3 1 3 3 4 0 0 2 1 0 1 3 0 4 3 3 2 3 3 1 0 4 4 1 1 0 0 2 4 0 1 2 1 1 3 2 1 3 4 4 4 2 0 4 1 0 2 0 4 3 3 4 2 2 2 3 0 0 1 4 2 4 4 0 0 2 2 3 2 2 4 3 1 4 3 3 0 2 0 4 0 4 0 0 1 4 0 3 4 1 3 3 2 4 3 2 3 1 2 0 0 2 4 1 1 4 4 3 1 0 4 4 1 4 1 2 1 1 3 2 0 1 1 2 2 4 0 0 0 4 0 0 1 1 4
0 2 3 3 4 0 3 0 1 4 1 1 2 2 4 0 4 2 1 2 4 0 4 1 3 3 3 0 0 2 4 2 4 0 0 0 2 0 0 1 2 3 4 4 3 0 4 2 2 0 4 3 3 3 1 3 4 4 0 1 1 0 3 1 2 3 1 4 4 4 2 1 2 1 0 2 1 2 0 0 2 1 3 2 0 4 2 1 1 3 2 2 3 0 0 2 3 4 1 4 3 4 2 2 2 0 0 4 2 0 1 1 1 0 4 3 1 1 4 4 1 1 4 4 1 4 1 2 3 0 1 3 1 4 1 3 4 1 4 1 1 1 4 4 3 3 0 1 2 4 1
3 3 2 0 4 1 3 3 2 0 0 0 1 1 3 2 2 4 3 0 2 1 4 2 1 0 4 3 4 3 1 2 1 3 4 3 1 0 3 0 0 0 1 4 1 1 3 0 1 3 0 3 0 2 2 1 2 1 1 1 2 2 0 0 2 2 0 1 2 4 1 4 4 4 0 3 1 3 3 2 4 1 2 4 0 2 2 4 0 4 0 2 3 2 0 3 1 0 4 3 1 0 0 1 0 0 1 3 1 1 0 0 2 4 4 4 1 3 3 4 4 0 1 3 3 3 3 4 4 2 0 0 4 2 3 4 2 4 2 3 1 4 0 0 1 1 0 4 0 0 3
4 1 2 4 1 0 2 2 1 4 4 4 4 1 2 0 4 2 0 4 0 1 0 2 2 3 2 4 3 0 2 0 1 1 4 2 2 2 1 0 3 1 4 4 2 2 2 3 1 2 3 1 0 0 3 3 3 3 4 4 3 1 4 1 3 0 0 2 4 1 2 0 2 2 4 2 1 1 0 2 0 0 0 3 2 0 3 3 0 2 2 3 3 3 1 3 0 1 0 0 3 3 0 2 2 1 4 3 0 2 2 2 4 2 0 2 2 3 0 3 0 4 3 1 4 2 4 4 3 0 1 3 0 1 3 4 0 4 2 0 1 1 2 1 3 3 3 2 1 0 2
4 1 3 0 0 0 4 1 3 1 3 4 3 1 2 2 1 1 1 1 3 2 4 1 2 4 1 0 2 3 2 1 4 0 1 1 2 3 2 3 4 0 2 0 2 4 2 0 2 1 2 2 0 3 3 3 2 1 3 4 4 2 3 3 0 4 4 2 4 4 0 1 1 4 1 0 0 3 1 3 1 3 2 2 3 1 0 0 4 0 1 4 4 4 4 4 1 1 2 0 2 4 1 3 4 4 4 4 3 0 4 1 0 2 3 0 0 0 0 4 2 3 0 2 0 2 3 1 0 0 3 2 2 2 0 3 1 1 2 1 3 4 0 0 1 0 0 3 3 0 2
0 1 0 4 1 2 3 4 2 0 4 4 2 3 1 0 2 3 0 3 1 4 0 2 2 1 4 0 4 0 4 4 3 4 1 4 3 4 0 2 4 4 3 4 3 0 1 0 0 3 0 3 4 3 2 1 4 2 3 3 4 3 4 2 4 0 3 0 1 0 2 1 4 3 2 4 0 3 1 0 2 4 0 1 2 0 0 1 4 3 1 3 3 2 2 0 3 2 0 1 2 4 2 3 2 1 3 2 2 1 4 1 2 2 2 4 2 4 2 1 0 0 1 0 3 0 0 3 2 2 4 4 2 4 4 1 0 4 1 2 1 0 3 3 4 3 0 1 4 4 4
4 0 2 2 0 2 2 3 4 0 2 0 4 3 0 0 4 4 1 3 2 4 4 3 3 4 0 2 0 4 1 2 1 4 4 1 1 1 1 3 3 1 0 2 4 0 0 0 2 1 4 1 0 0 4 1 4 1 3 4 3 1 1 4 2 2 3 1 4 1 4 4 2 4 2 2 2 2 2 4 0 3 2 1 3 4 2 4 0 2 1 3 3 4 0 1 2 0 2 3 1 3 2 4 2 1 3 4 3 2 0 1 1 0 2 1 4 1 3 4 3 4 0 3 0 0 4 4 0 3 2 3 1 0 2 4 1 0 0 2 3 3 3 1 3 2 4 4 0 2 0
0 3 0 3 4 2 0 0 4 3 3 3 0 0 2 1 3 0 3 0 0 1 0 1 1 4 0 2 1 0 3 1 3 3 2 4 3 2 0 4 2 0 2 2 0 0 0 3 2 4 1 2 2 3 3 1 0 0 3 1 0 1 3 1 2 2 2 2 4 4 1 1 4 4 1 1 1 1 2 3 0 0 0 0 3 0 1 3 2 4 2 3 3 2 1 2 4 3 4 3 0 0 1 4 1 2 1 4 1 0 2 3 0 4 3 3 1 4 4 4 1 3 4 4 0 0 3 4 0 2 4 0 2 0 2 4 0 0 3 1 0 3 1 0 4 0 0 1 1 1 2
2 4 1 3 4 1 1 0 3 3 4 4 3 0 1 4 2 1 4 0 3 2 1 3 4 3 0 2 0 2 4 2 1 0 3 3 3 1 3 1 0 3 2 0 0 0 4 4 3 3 4 1 3 2 4 4 1 0 1 3 4 0 2 2 0 0 0 0 2 1 3 4 4 1 1 1 1 0 0 2 0 1 3 0 0 0 4 3 2 0 1 1 0 4 3 2 1 1 4 0 2 3 4 3 4 0 4 2 2 1 1 0 4 0 0 4 0 0 3 4 0 1 0 3 0 0 2 4 1 2 4 0 0 1 3 1 3 4 0 1 2 2 1 1 2 3 3 4 3 3 3
1 4 3 4 2 0 1 1 4 0 2 4 0 3 3 1 2 4 2 0 2 4 1 3 3 4 3 2 0 1 0 1 1 0 2 0 2 0 3 1 1 0 1 3 4 1 0 1 0 4 1 2 0 4 3 3 0 1 0 2 3 2 3 1 4 2 3 1 0 1 3 3 1 1 1 0 2 3 3 4 2 1 2 2 2 2 2 3 3 4 0 3 1 1 1 2 0 4 4 0 0 4 3 4 0 0 1 4 3 0 3 3 3 2 2 1 4 0 1 0 4 3 0 3 1 4 0 2 3 1 2 1 0 3 2 2 0 3 1 0 0 2 3 4 4 3 2 1 3 3 3
4 3 0 2 0 4 0 2 0 1 1 3 2 4 2 1 1 0 3 2 1 2 0 2 3 0 4 1 3 4 4 0 2 2 2 2 3 2 1 0 1 3 3 3 4 0 1 3 3 4 0 1 3 2 3 2 3 4 3 3 0 0 3 4 2 1 4 0 0 0 1 3 0 1 1 2 4 0 0 2 4 0 0 3 4 0 2 2 4 0 1 1 0 4 0 2 2 1 0 0 2 3 3 4 1 2 1 0 2 3 4 3 3 4 3 3 4 0 2 0 1 3 3 1 0 1 1 2 2 3 2 4 1 3 1 2 0 2 0 2 1 4 2 1 1 1 1 2 1 4 0
2 4 3 1 4 4 4 4 2 2 3 3 0 1 4 2 1 4 4 0 2 1 0 3 2 1 2 1 2 1 1 2 0 2 3 0 1 2 4 0 1 2 1 1 1 0 0 4 1 0 2 3 1 2 4 0 3 1 3 2 2 0 4 4 4 4 1 2 3 2 3 4 2 4 0 3 1 3 2 3 3 1 3 1 3 2 1 3 3 1 1 2 1 0 2 2 0 3 0 3 3 0 0 0 1 2 0 2 0 2 2 0 1 1 1 4 3 4 3 4 1 4 1 4 1 0 2 1 1 4 2 4 4 2 1 0 4 1 4 2 0 2 2 1 3 1 1 3 0 1 2
1 2 1 3 3 1 2 2 4 1 4 3 0 3 1 2 4 2 1 3 3 3 1 4 3 2 2 4 4 0 3 3 2 4 1 3 3 3 0 4 4 1 3 1 4 1 0 0 4 1 4 2 2 2 3 0 4 3 4 3 3 3 1 3 4 4 1 4 2 1 4 3 4 4 1 0 0 1 0 4 0 1 3 2 3 4 2 4 2 4 0 2 4 3 0 3 3 1 0 2 4 4 3 3 0 4 0 0 3 1 2 3 4 2 0 3 1 4 2 3 0 2 3 4 1 3 0 1 2 0 3 3 1 1 4 1 3 4 1 3 2 0 3 2 3 0 0 4 4 4 0
0 4 3 1 2 3 1 3 0 1 1 1 2 0 0 0 0 1 2 3 4 4 3 1 2 3 3 4 4 4 4 1 3 4 3 0 2 1 0 0 3 4 1 2 4 1 3 1 4 2 1 3 1 4 1 1 4 4 0 3 1 4 2 4 0 2 2 2 3 2 2 3 1 3 1 2 1 1 0 1 3 1 1 1 2 3 2 1 4 4 2 0 3 4 2 3 1 4 3 4 3 0 3 2 1 1 4 2 2 2 0 2 3 2 0 1 0 3 4 1 2 3 2 3 2 1 3 0 0 1 2 3 4 2 2 0 3 2 4 2 4 0 1 4 4 1 2 1 1 4 2
4 2 1 4 0 2 4 2 4 1 4 0 2 3 2 4 3 1 3 0 2 0 3 2 1 0 1 2 1 0 2 2 3 0 3 0 0 3 2 4 1 4 1 3 2 4 2 1 2 2 3 0 3 4 4 4 4 0 4 2 3 1 2 1 3 0 1 3 3 0 3 4 1 1 2 4 0 1 2 0 4 2 0 4 1 1 0 2 1 1 2 4 2 4 2 1 4 0 1 3 3 4 4 4 1 4 0 3 0 4 3 1 2 0 2 0 1 3 0 0 4 2 1 4 3 4 2 2 1 3 2 4 0 2 1 3 3 1 3 0 1 4 2 0 4 1 2 3 4 2 3
1 1 1 2 4 2 1 4 4 1 1 0 1 0 1 1 0 3 0 1 1 4 0 3 0 1 0 3 1 0 3 4 3 2 3 3 4 4 4 3 0 2 1 2 0 2 0 0 2 0 1 3 1 1 1 2 3 4 2 1 4 3 2 2 0 0 2 4 4 1 0 4 4 1 3 4 3 4 4 1 1 3 1 3 1 3 2 1 2 4 4 3 4 1 2 4 1 0 4 2 3 4 4 2 0 2 3 0 3 0 1 2 3 3 2 4 3 4 1 2 0 0 0 0 4 4 4 2 4 0 0 3 4 4 2 1 3 1 2 4 1 0 3 1 0 0 2 3 4 0 2
1 3 4 1 2 4 3 4 3 3 1 3 0 2 3 3 3 4 2 4 2 3 2 3 0 2 0 1 3 1 3 4 4 3 3 3 2 1 4 2 1 1 1 1 3 4 0 3 0 2 2 4 2 4 4 3 1 1 4 1 4 4 1 3 2 4 3 1 2 3 4 3 4 2 0 4 1 2 3 3 1 2 4 4 2 3 4 0 4 0 2 4 4 3 4 4 4 3 0 1 3 4 4 2 1 1 3 4 3 3 4 0 1 3 1 3 1 0 0 1 2 2 2 3 2 1 2 1 4 0 4 2 1 4 1 3 0 2 4 1 0 4 3 1 4 4 1 3 1 2 4
3 1 1 3 4 4 3 2 1 3 4 0 4 3 4 4 0 1 1 3 1 2 1 0 1 0 3 4 3 2 0 3 4 3 2 0 0 0 4 1 0 3 1 1 3 0 3 1 3 4 4 2 3 3 4 4 0 2 1 4 0 3 2 4 2 1 4 4 3 0 0 3 4 3 2 2 1 0 3 4 1 3 1 4 3 2 0 3 0 1 2 0 2 2 1 1 3 2 0 2 2 0 2 1 3 4 1 1 1 4 1 2 4 4 3 2 2 4 1 2 2 0 4 4 2 2 0 1 4 0 0 3 2 2 0 1 4 3 2 0 2 0 0 4 0 3 1 4 4 4 3
2 0 2 1 2 1 2 0 0 4 0 3 2 3 0 0 4 3 4 4 3 0 1 2 2 0 0 3 4 0 1 3 2 0 0 4 1 4 2 3 3 2 3 2 2 4 2 1 4 2 3 2 4 4 1 3 1 2 3 3 2 4 1 4 1 1 0 4 2 2 2 3 2 0 0 4 1 3 1 1 2 4 0 3 0 4 3 2 1 1 0 0 2 1 1 3 0 3 2 4 1 1 2 3 1 3 4 3 3 2 1 2 1 3 2 4 2 0 1 0 3 1 0 0 4 1 3 1 0 2 1 3 3 3 3 1 3 2 1 3 2 4 0 0 3 4 4 2 4 0 3
4 3 0 4 3 4 4 4 4 3 2 4 1 1 2 3 1 1 1 0 3 1 0 4 4 0 0 3 1 1 3 3 4 4 2 4 3 4 1 4 2 3 3 1 1 2 1 3 0 2 3 1 3 0 2 4 2 2 3 1 3 3 4 0 4 3 1 2 2 2 3 0 3 3 3 4 0 4 2 3 1 2 4 0 0 1 4 2 3 4 0 4 3 4 1 2 0 2 2 2 0 2 4 3 1 2 4 3 1 4 1 0 1 0 0 3 1 1 3 2 1 3 3 1 0 4 0 0 1 4 4 3 2 1 3 3 3 3 1 2 2 0 2 0 0 4 4 4 0 2 1
3 2 4 1 2 0 2 4 1 1 4 0 0 0 3 3 0 3 2 4 0 2 3 1 4 2 2 3 0 1 1 0 3 2 2 1 2 4 2 1 2 1 1 3 3 1 3 4 0 2 0 2 1 4 0 1 3 2 4 0 3 3 1 4 0 3 2 0 4 4 1 3 1 2 1 1 0 2 0 2 4 3 0 3 2 0 4 0 0 0 1 0 3 4 4 1 2 1 1 1 1 2 1 4 1 3 0 1 2 3 4 3 1 4 1 3 1 0 0 1 1 3 2 1 2 3 2 1 0 3 4 3 2 1 2 3 4 2 2 3 0 1 1 3 2 3 1 0 0 4 2
3 2 1 0 2 4 4 3 1 3 3 4 0 4 1 1 0 1 3 3 3 1 4 2 3 4 0 3 2 4 2 0 2 0 2 4 0 2 4 1 2 2 1 2 1 4 0 1 2 3 1 1 4 3 3 4 2 3 0 4 0 4 2 2 0 4 3 0 1 2 3 3 2 1 3 3 3 0 2 0 4 3 1 0 1 1 0 1 0 0 2 0 1 4 4 1 1 4 3 2 3 2 3 0 0 3 4 3 3 3 4 4 1 0 0 0 2 2 1 4 4 3 1 0 0 0 2 1 1 0 0 4 4 0 0 0 0 1 3 4 4 2 0 0 0 0 0 2 2 3 3
1 4 4 2 4 4 1 2 2 1 2 1 1 0 1 3 0 2 1 1 3 4 2 4 1 2 1 3 2 0 1 3 4 0 2 0 1 3 2 3 2 1 1 3 1 3 1 4 2 4 0 3 0 2 4 1 2 0 1 4 2 2 2 3 4 2 0 2 0 2 2 4 1 4 2 4 4 0 3 3 2 1 1 2 3 0 4 0 3 0 4 0 0 4 1 1 3 1 4 0 1 1 0 4 2 4 3 1 0 4 0 4 0 1 1 3 4 2 1 2 0 2 4 0 3 0 3 1 4 2 2 2 1 2 1 3 1 4 2 3 0 2 2 0 0 1 1 1 3 2 3
3 4 0 0 3 2 1 1 3 3 3 0 1 2 1 2 4 3 4 4 3 3 2 4 0 3 0 4 3 4 2 4 0 4 1 0 2 2 2 0 3 2 1 4 0 4 3 1 4 2 0 3 2 2 4 0 2 1 4 1 0 3 0 2 3 1 3 2 4 0 2 2 4 0 3 4 0 2 0 1 1 1 4 1 3 0 1 3 1 0 4 3 0 4 1 3 2 1 0 3 3 0 2 2 0 1 2 2 0 2 4 1 0 0 2 1 1 0 4 4 2 3 0 3 4 3 3 3 4 4 2 2 1 4 4 1 2 3 1 2 3 0 4 3 2 3 4 3 4 0 0
1 3 0 1 4 3 0 3 4 1 2 1 2 3 2 0 1 1 1 3 4 3 4 4 1 3 4 1 4 4 1 0 0 3 4 1 3 4 1 2 0 3 0 4 2 0 4 0 1 3 3 2 1 3 1 4 3 2 3 2 4 4 4 4 0 3 2 3 2 4 3 4 4 3 3 3 3 0 3 1 3 2 3 1 0 2 3 3 4 1 2 3 2 1 4 2 0 2 1 4 3 4 4 2 4 4 1 3 1 4 4 1 1 0 3 3 2 3 3 3 4 0 2 1 2 1 4 4 0 2 3 3 1 4 1 2 1 4 0 2 3 2 1 0 4 1 0 1 4 4 1
0 1 3 1 0 2 2 4 4 4 0 3 2 1 1 0 2 0 2 2 3 1 3 0 0 4 3 3 0 4 0 0 0 0 3 1 2 1 2 2 2 4 2 2 1 3 4 0 3 3 4 3 0 2 1 2 3 4 1 0 3 1 0 3 1 4 1 1 2 1 0 1 0 2 3 3 0 4 4 0 3 3 0 0 3 1 2 3 0 3 4 3 1 1 4 0 2 2 3 4 3 3 1 1 0 1 1 2 3 0 4 1 1 4 1 1 1 0 4 1 4 0 2 2 2 1 4 1 0 2 1 1 0 4 4 2 2 0 4 0 3 3 3 4 0 1 2 1 2 1 4
3 4 1 0 3 4 2 4 2 4 2 3 2 1 2 4 4 2 1 1 2 1 0 3 3 1 0 4 3 4 1 1 3 2 4 1 4 1 2 3 2 0 1 4 1 0 1 2 4 4 4 2 2 1 0 1 2 1 2 1 0 3 4 3 3 0 1 4 1 0 2 4 0 3 0 4 3 1 3 2 2 4 1 0 0 2 1 3 3 3 1 0 4 2 0 2 3 1 1 4 3 3 0 4 3 1 3 1 4 1 0 2 3 2 2 3 1 0 1 4 0 4 4 4 2 1 1 0 4 4 4 2 2 2 1 0 3 1 3 2 0 1 4 3 3 3 1 1 3 0 0
1 4 1 0 3 2 4 3 1 3 0 0 3 2 2 3 2 0 4 4 2 0 1 0 0 4 4 1 0 1 3 1 0 4 3 4 3 4 4 1 0 4 1 3 3 0 3 0 3 2 2 0 4 3 3 4 4 2 0 1 3 3 4 0 4 0 1 4 4 3 2 1 4 1 4 3 1 0 0 1 2 2 2 2 2 0 3 4 4 4 0 4 4 2 1 4 2 3 0 3 3 3 0 2 4 4 0 2 1 3 4 4 0 3 3 0 0 3 1 4 2 3 0 4 0 1 3 4 1 0 3 4 3 3 2 2 4 4 2 1 2 1 2 0 4 2 2 1 0 3 2
0 1 2 4 2 0 4 3 2 4 1 3 3 1 2 2 1 4 4 4 3 2 3 0 3 2 2 4 2 2 1 4 4 3 3 3 1 4 1 3 4 0 3 4 1 3 1 2 2 3 3 0 0 3 1 1 0 0 0 0 3 4 4 2 4 0 2 0 4 3 0 0 0 4 4 2 2 3 1 1 1 0 1 3 3 4 4 4 0 2 1 3 1 0 2 0 0 1 3 2 1 3 2 2 2 4 4 1 2 0 2 0 2 1 0 1 0 2 2 2 4 3 2 2 0 1 4 3 2 2 0 4 1 4 1 0 3 2 2 2 2 1 2 0 2 0 3 0 2 0 2
3 0 2 0 0 3 1 0 3 4 0 2 0 2 0 0 0 2 4 0 1 1 4 1 0 4 4 0 1 1 3 4 3 2 1 1 0 3 1 3 2 4 2 4 1 4 1 3 1 3 3 0 4 3 1 4 2 3 2 1 1 2 2 0 4 4 3 1 4 4 0 3 3 4 2 4 4 0 0 2 3 3 2 4 3 1 1 1 1 3 4 2 0 1 4 1 2 2 2 1 2 4 4 2 4 3 4 0 1 4 4 1 2 4 1 3 0 4 4 1 4 0 3 1 1 0 2 4 2 4 2 1 4 2 1 0 2 0 2 3 1 1 2 0 0 3 3 2 4 4 3
3 4 4 4 1 4 3 2 3 2 4 2 3 3 3 0 3 0 2 3 1 1 0 1 3 0 0 1 4 4 4 4 4 0 0 2 4 3 4 0 3 0 2 1 1 2 2 4 2 1 2 3 4 3 4 3 3 1 4 0 1 0 4 2 1 0 4 2 3 0 2 1 0 1 0 1 3 4 0 2 2 0 0 2 3 2 0 3 0 4 3 1 4 3 0 2 0 4 0 0 4 4 2 2 3 4 3 3 0 1 1 2 3 3 4 1 0 4 1 1 0 2 4 2 0 0 4 2 1 1 2 3 3 1 0 1 0 0 4 2 3 0 0 1 4 4 4 1 1 1 4
1 3 1 0 0 3 0 4 4 3 1 2 3 0 4 4 2 0 1 0 0 3 0 2 4 1 1 1 2 4 2 1 4 3 1 1 3 3 0 3 2 4 2 0 4 2 2 1 4 0 1 4 3 3 3 3 0 0 1 2 1 3 3 3 4 0 4 4 0 2 2 2 1 2 0 2 1 4 3 0 4 2 1 2 0 0 2 0 2 3 3 0 4 3 3 0 0 0 4 1 2 4 0 0 1 2 2 2 1 0 4 0 2 2 0 3 4 2 0 1 3 3 4 4 4 2 4 4 2 0 2 1 4 3 1 2 0 3 1 4 4 2 1 3 0 1 3 4 1 4 3
4 4 2 3 3 1 4 0 1 4 2 2 4 0 4 1 3 4 3 2 3 0 0 4 2 2 2 4 3 3 4 4 3 3 4 3 4 3 3 2 2 1 0 3 3 1 0 1 0 0 0 1 2 1 2 2 0 1 1 0 0 0 4 0 3 3 3 4 3 2 2 0 0 4 4 3 2 1 2 4 3 2 2 0 0 4 4 2 3 0 2 0 2 3 0 2 3 0 4 1 2 3 4 2 2 3 3 1 1 0 2 4 4 0 1 2 1 1 4 1 3 4 1 3 2 1 0 3 2 4 1 1 2 0 1 1 0 4 4 1 1 2 0 0 4 4 2 2 0 4 4
0 3 0 3 2 4 1 0 3 2 2 1 0 2 2 3 3 3 0 1 1 4 2 2 3 1 1 2 3 0 1 3 0 4 4 3 3 0 3 3 2 2 4 4 2 4 0 2 4 0 3 1 1 2 0 4 3 3 3 3 1 0 4 1 1 3 4 1 3 0 4 2 2 0 2 4 4 4 1 1 4 0 4 0 4 4 1 0 4 4 3 0 1 2 2 2 2 3 3 2 3 4 0 1 0 4 2 1 3 4 4 4 1 3 1 0 4 2 2 4 3 1 4 2 0 3 4 0 2 0 2 0 1 4 3 3 3 1 0 3 2 4 2 3 0 3 0 4 2 3 3
1 1 0 3 3 3 4 3 0 1 1 3 3 2 1 1 3 2 3 1 4 0 4 4 0 4 2 4 2 0 3 0 3 3 3 1 3 4 2 4 1 0 2 1 2 0 2 0 3 3 2 4 3 3 4 3 4 1 4 1 3 4 1 3 4 1 4 3 3 1 4 4 3 3 2 1 3 1 3 3 4 2 3 2 0 2 2 2 0 4 3 3 3 2 3 3 0 2 3 3 1 2 4 4 0 1 2 0 3 1 4 2 3 2 2 1 1 1 3 1 2 3 1 1 2 4 1 3 3 4 3 1 3 3 3 3 1 0 0 4 3 4 4 4 1 3 2 2 1 0 0
4 0 1 0 3 0 3 3 4 2 1 2 2 4 0 2 1 1 2 2 1 2 1 0 3 1 2 3 3 4 3 2 2 2 4 0 2 2 3 3 1 4 1 3 1 3 0 4 4 4 1 3 1 0 3 2 1 3 0 4 4 0 3 1 2 2 3 2 1 3 2 4 0 0 4 1 4 1 0 3 1 3 3 2 3 2 4 0 2 1 1 1 2 0 0 1 4 3 3 3 2 1 2 4 1 2 0 2 3 2 1 4 0 4 4 1 3 3 1 2 2 4 4 1 1 4 2 1 4 3 1 3 1 3 2 4 2 4 2 3 3 0 2 4 1 3 2 2 2 3 4
1 4 3 2 1 4 4 2 4 4 0 4 0 3 2 2 3 1 4 1 0 4 0 1 0 4 3 2 3 3 2 4 2 2 1 0 4 2 4 0 2 4 4 4 3 1 1 1 0 0 4 2 1 4 0 4 3 0 3 1 3 2 2 2 0 3 3 1 3 4 1 0 4 0 1 4 4 3 2 1 0 1 3 2 0 3 3 1 3 1 4 3 4 2 2 1 2 2 2 0 2 3 0 1 3 4 0 4 2 2 0 4 3 3 3 0 3 1 1 3 3 3 1 2 0 4 3 2 1 2 3 0 0 0 1 0 4 3 0 3 2 2 3 2 3 1 3 1 3 1 0
3 4 1 2 1 2 2 4 1 4 4 1 4 4 0 4 1 0 1 4 3 1 4 0 4 3 0 0 3 2 2 1 3 1 3 0 3 2 4 1 1 0 0 0 4 2 1 0 2 0 2 0 1 3 3 0 1 3 2 4 2 0 2 3 1 2 3 1 4 4 3 0 4 0 2 0 2 4 3 4 1 2 2 2 0 2 4 2 2 1 3 2 1 3 0 4 0 0 1 2 1 1 2 0 3 2 2 0 3 0 1 4 2 0 3 3 4 2 2 2 3 0 1 2 0 1 3 1 3 1 0 4 4 2 4 2 1 3 4 4 4 1 3 1 3 1 1 3 0 3 2
1 1 3 3 1 4 3 4 2 0 4 3 1 4 2 4 0 0 0 0 1 3 0 0 2 2 1 0 2 2 2 3 0 2 3 1 1 4 3 0 1 4 3 2 0 2 3 1 4 4 3 3 2 0 3 1 4 4 3 4 3 0 4 3 4 0 2 0 4 2 2 0 1 2 4 2 1 3 0 3 4 0 1 3 0 4 0 0 0 3 1 1 1 0 4 0 0 1 3 1 0 2 3 2 0 3 1 3 3 1 1 2 3 4 2 3 3 2 0 1 1 3 2 4 4 3 4 1 2 4 3 2 2 1 4 4 4 2 2 4 3 1 3 3 0 1 2 1 0 4 4
3 3 1 2 4 1 4 0 3 3 0 3 0 2 4 4 3 2 4 3 0 0 1 1 0 4 3 1 0 4 0 3 4 3 1 0 2 2 1 0 0 1 0 1 0 0 2 4 2 1 4 4 1 2 0 2 2 0 0 2 2 3 2 1 1 0 4 0 2 0 1 3 3 1 1 1 3 3 0 0 0 4 0 3 3 0 0 0 3 3 4 0 1 2 3 4 4 2 0 2 4 3 2 0 1 3 1 0 3 3 0 0 4 2 4 2 0 4 3 3 4 2 3 0 1 1 2 3 1 2 0 0 2 4 0 3 4 1 3 2 4 1 3 3 3 2 3 0 3 1 3
3 0 3 0 4 2 2 2 3 1 4 0 3 0 1 2 4 4 2 3 1 0 1 1 4 0 4 1 1 0 2 1 3 0 1 2 4 1 1 4 2 0 0 1 0 1 0 1 2 2 4 3 3 3 0 4 0 4 2 1 2 4 2 0 0 1 4 1 2 0 1 4 2 1 0 4 4 2 2 1 0 1 0 0 1 0 1 2 1 3 0 3 3 3 0 0 4 4 1 1 1 4 2 0 2 0 1 1 2 3 0 4 2 2 1 3 4 2 2 0 3 3 4 3 3 4 3 4 1 1 2 2 3 4 0 0 4 1 4 4 2 4 3 4 3 2 4 2 1 2 2
4 2 3 4 0 0 4 4 1 1 1 0 1 2 0 1 4 4 2 3 1 1 3 2 4 0 1 3 2 0 1 3 4 4 3 1 4 2 0 2 0 3 3 3 3 0 0 2 4 4 0 2 3 0 4 4 3 3 3 2 3 4 0 0 0 0 1 2 0 2 1 2 2 4 1 0 2 3 4 1 2 1 4 0 2 0 0 0 3 3 4 2 4 1 4 1 2 0 0 4 4 2 3 2 3 4 4 0 4 4 4 2 2 3 4 4 0 1 1 4 4 0 3 0 2 2 4 1 2 4 0 2 1 3 1 2 0 2 2 4 3 1 3 1 1 3 0 2 4 4 1
1 4 1 3 3 3 2 4 0 2 1 4 0 0 2 2 2 0 2 1 3 0 2 1 4 2 4 1 1 3 4 4 4 0 3 3 0 2 2 0 4 4 2 2 1 4 1 3 4 3 1 0 1 3 3 0 0 2 3 4 2 2 0 2 4 0 0 1 3 4 1 4 3 0 1 1 0 0 4 1 3 3 3 1 3 4 1 1 1 4 2 1 3 2 3 4 3 0 0 1 4 4 0 0 4 4 1 1 4 3 0 4 1 3 1 1 2 2 4 1 4 1 2 2 4 2 2 4 2 2 2 3 1 4 3 3 3 2 4 4 0 4 1 3 0 4 4 4 3 4 0
2 2 4 0 3 3 4 2 0 3 1 1 0 1 4 0 1 1 4 1 3 1 4 1 1 3 3 0 1 4 3 4 1 4 1 0 3 0 4 0 3 1 1 0 2 3 2 3 1 2 1 0 0 0 1 1 3 1 3 2 0 3 1 2 3 2 4 3 4 3 0 4 1 4 2 3 2 4 4 3 3 2 0 3 0 4 1 0 0 0 2 1 0 3 0 0 2 1 3 3 1 4 0 3 3 2 1 2 3 2 2 2 0 3 2 0 2 4 0 4 1 0 2 1 0 4 2 0 0 2 3 2 3 3 0 1 2 3 0 1 1 3 0 3 3 2 0 2 1 2 3
2 2 1 1 3 0 3 3 3 0 3 2 1 4 2 4 3 2 0 4 0 0 1 3 3 4 0 2 2 3 0 2 0 3 3 0 4 3 0 4 0 4 1 1 3 0 1 3 4 3 3 0 3 1 0 3 2 1 0 0 4 2 4 1 1 4 2 2 4 2 3 1 3 4 3 3 1 1 2 0 4 2 0 4 3 3 2 1 4 4 3 3 3 4 4 4 3 3 3 4 1 1 0 1 2 3 0 3 1 2 1 2 4 1 1 2 4 3 0 0 4 3 3 3 2 0 4 2 0 0 1 3 1 2 0 1 2 0 4 4 2 0 3 1 4 0 0 0 0 1 1
0 4 1 0 4 3 1 3 4 1 0 2 0 4 2 1 3 2 2 4 1 0 3 2 1 3 3 1 3 1 4 0 0 1 2 1 4 1 2 0 4 4 3 1 3 2 4 3 2 2 3 3 4 3 3 0 1 1 1 1 2 1 4 4 4 3 3 0 4 0 1 4 4 1 0 4 0 0 2 2 4 2 1 3 0 4 3 3 2 1 0 1 4 1 2 3 4 2 1 4 2 4 0 3 2 2 2 2 4 2 0 3 4 3 3 2 2 3 0 1 0 2 2 4 0 1 0 0 4 1 1 3 2 3 2 4 0 1 1 0 3 1 0 0 4 1 4 3 4 1 1
4 4 3 1 4 2 1 1 1 4 2 4 1 0 3 0 3 0 1 0 0 0 2 2 1 3 1 2 3 3 3 4 4 4 0 0 1 3 2 4 2 1 3 0 2 4 0 2 4 4 2 1 1 1 4 2 0 2 1 0 2 0 1 1 4 4 2 2 2 1 1 2 2 1 2 1 0 0 3 1 1 2 3 2 4 2 1 1 1 3 3 4 3 4 0 4 0 4 1 3 0 2 2 3 3 1 4 4 1 0 0 4 2 0 1 3 4 0 1 1 3 4 0 3 1 2 2 1 4 0 4 1 2 3 4 2 0 1 1 3 3 4 0 0 4 1 1 1 1 2 2
1 2 4 4 3 3 3 4 2 3 1 4 0 1 0 3 3 3 1 4 1 2 4 4 4 0 0 0 4 4 2 2 3 3 2 3 1 0 3 1 1 1 2 1 4 4 1 3 3 0 2 4 4 1 3 3 3 0 3 4 0 2 2 3 2 1 2 1 1 2 2 4 0 4 3 4 3 1 4 3 1 1 3 1 4 3 1 0 1 2 4 1 1 3 1 4 4 0 0 3 4 4 2 4 0 0 1 0 2 2 4 0 1 4 3 0 2 2 2 0 4 4 1 2 2 0 1 2 0 3 2 0 2 4 1 2 2 4 0 1 2 4 3 3 0 2 0 4 4 0 0
0 4 3 2 1 3 4 0 1 4 4 3 4 1 4 1 0 1 3 1 0 4 4 3 4 1 0 4 2 0 4 2 1 2 0 0 3 1 2 4 0 2 2 4 3 3 3 3 4 3 1 4 3 0 4 2 4 2 1 3 2 2 1 4 0 3 1 3 4 3 4 1 0 1 3 0 4 3 3 1 1 4 0 4 2 2 2 3 4 0 1 1 3 2 2 0 2 3 0 3 4 4 0 4 0 0 0 1 3 0 2 1 2 3 1 4 0 0 2 4 0 3 2 3 3 2 0 0 2 0 4 1 4 1 3 4 1 3 3 1 3 0 2 2 0 0 1 2 0 0 3
1 4 1 1 2 0 2 4 4 2 3 3 4 1 1 0 4 1 3 0 1 4 0 4 4 0 2 2 1 3 0 2 2 3 0 1 0 4 0 0 2 1 0 3 4 1 3 4 4 2 1 0 1 1 1 0 2 4 4 3 2 0 2 4 0 2 2 1 2 4 1 1 2 1 1 2 4 4 1 3 1 4 0 4 1 2 2 3 1 1 1 3 3 0 2 4 2 1 0 1 0 3 4 3 1 2 2 2 2 0 0 3 4 2 0 0 4 2 3 0 3 1 3 2 1 2 3 1 0 3 4 1 3 1 1 4 3 3 1 0 3 3 1 2 0 1 3 2 3 3 2
3 0 3 0 3 2 3 4 3 3 4 1 1 0 2 2 0 0 0 1 0 0 4 2 3 2 2 0 0 1 4 0 3 4 1 1 2 1 3 2 2 2 3 3 4 2 3 4 4 0 2 4 1 3 3 1 0 1 1 2 4 2 3 4 2 1 2 1 4 0 0 1 2 0 2 3 2 0 0 1 0 2 2 3 1 0 4 3 3 2 3 4 0 1 0 2 4 3 0 3 3 0 0 3 0 2 1 4 4 1 2 1 1 4 0 4 1 1 4 0 4 2 1 4 3 2 3 2 0 3 3 0 0 3 3 2 2 2 1 1 0 3 4 1 4 4 2 0 1 2 2
0 4 4 1 3 1 4 2 3 4 2 3 1 0 4 3 4 1 4 2 1 4 2 0 3 1 2 3 4 4 1 1 1 2 2 1 3 3 0 3 4 3 3 0 3 2 0 0 0 4 2 4 0 4 1 3 1 3 4 2 0 2 4 1 4 3 4 4 2 4 2 3 2 2 4 1 2 4 1 4 1 0 3 1 0 4 2 3 0 3 0 2 0 1 0 4 0 4 0 2 3 4 0 1 1 1 4 0 3 2 0 4 2 0 2 2 0 1 0 2 4 3 4 1 4 4 2 4 3 2 3 3 1 1 4 0 4 0 0 2 2 0 3 2 1 1 4 3 4 2 0
1 0 1 2 1 2 0 1 0 4 1 0 3 2 0 3 2 0 3 4 0 1 3 2 2 1 3 2 2 0 2 3 2 0 1 4 2 3 2 4 4 3 4 2 1 1 0 0 4 1 1 4 2 1 3 1 2 1 3 0 4 2 0 1 2 3 2 4 3 4 0 3 3 4 0 1 1 1 3 0 2 4 1 1 1 4 2 0 2 0 2 1 2 3 3 4 1 2 0 0 2 0 3 2 1 0 0 4 3 3 1 2 4 2 3 0 3 0 1 1 2 3 2 4 3 2 0 0 0 2 2 4 4 2 3 1 2 0 0 3 0 2 0 4 1 4 0 0 1 3 1
4 3 0 0 2 3 1 4 0 0 3 4 0 0 4 1 4 4 3 2 4 2 3 0 4 4 2 4 2 0 2 1 4 2 4 3 0 2 4 0 2 2 1 4 4 2 2 3 1 1 3 2 3 3 3 2 4 0 3 1 3 0 0 4 0 4 2 0 1 3 3 0 0 1 0 1 4 2 4 2 0 4 0 4 2 0 3 3 2 4 0 0 4 0 1 4 1 3 2 4 3 2 4 3 3 4 4 4 4 1 2 4 2 4 0 2 1 4 0 3 3 0 1 4 2 2 1 0 3 0 4 1 2 4 2 2 0 3 2 4 4 1 1 4 0 1 1 1 2 1 1
2 4 2 4 3 2 0 4 0 2 3 1 4 4 0 3 0 4 2 1 0 3 2 4 0 1 2 3 3 4 0 3 0 4 2 3 1 4 4 1 1 3 0 2 4 0 0 1 4 3 3 0 3 2 1 4 0 4 2 1 0 2 4 0 2 1 0 0 2 2 2 3 2 2 2 1 4 4 3 4 2 1 1 3 0 4 2 1 3 1 2 0 4 3 0 3 1 3 3 3 0 2 3 2 4 0 3 1 4 3 0 4 1 3 2 2 2 1 0 3 2 4 3 3 2 1 3 3 4 2 1 1 1 1 3 3 3 3 4 4 4 4 3 0 4 2 2 1 0 4 1
3 3 0 3 0 1 2 0 2 1 3 3 2 4 3 0 2 3 1 2 2 2 2 3 1 2 2 0 2 2 1 2 0 1 3 3 2 0 3 4 3 2 4 2 3 2 0 1 3 1 0 0 4 2 0 0 4 3 0 4 0 2 3 2 0 1 2 0 3 3 1 1 0 1 4 0 0 4 1 3 0 1 4 4 1 4 2 2 2 4 1 4 1 2 4 4 3 3 4 2 1 0 3 3 1 4 4 2 3 0 0 1 4 1 0 2 3 4 4 2 4 3 4 2 0 3 1 3 1 0 2 0 1 3 3 4 2 2 3 3 0 1 4 1 2 1 3 0 1 4 3
2 2 4 4 4 2 1 3 0 3 2 2 1 0 1 3 0 0 1 3 0 2 2 1 2 3 1 4 1 1 4 3 0 3 0 0 0 1 0 3 1 2 0 3 0 3 1 0 4 4 3 4 2 2 3 4 0 1 3 4 4 3 4 0 1 4 0 4 2 0 4 4 4 1 4 4 0 2 4 1 1 4 0 3 1 0 4 4 4 0 3 3 0 2 0 3 4 0 4 1 2 3 0 4 2 1 3 2 3 0 3 0 4 0 0 1 3 2 0 4 2 0 2 4 4 0 2 0 0 2 2 0 2 4 4 4 1 2 3 4 4 3 1 4 1 2 2 1 1 4 0
0 1 4 4 0 4 3 1 2 2 0 2 0 4 3 1 0 2 2 2 2 0 3 1 1 2 0 2 3 4 4 3 0 4 4 2 3 3 0 0 0 0 4 2 0 2 1 2 0 3 4 2 3 0 0 2 2 0 1 3 1 1 1 1 2 3 0 0 3 1 3 3 1 2 3 3 0 4 3 2 2 2 4 2 2 1 1 2 3 3 0 4 1 3 0 3 1 2 3 4 3 3 0 2 1 0 2 3 1 0 2 3 0 3 2 4 4 4 1 2 4 1 1 0 2 3 3 0 2 3 0 1 2 2 0 0 4 2 0 0 0 2 3 0 2 2 4 1 1 1 0
0 4 3 2 3 3 0 4 0 4 1 3 3 3 3 0 2 3 0 2 3 4 2 3 3 1 2 4 3 0 1 0 2 1 0 0 4 0 1 1 1 2 0 1 0 0 1 4 3 3 3 1 4 2 1 2 4 1 3 4 3 4 1 0 2 1 3 1 2 4 0 0 2 0 4 4 2 0 1 1 1 4 4 0 2 1 3 1 4 1 0 2 3 3 0 0 0 0 4 4 1 4 4 0 1 3 2 3 1 3 1 2 4 1 2 1 4 2 4 0 1 1 4 1 0 4 3 2 1 4 1 3 3 2 3 1 3 0 2 4 0 3 3 0 1 2 3 2 0 0 2
3 3 2 4 0 3 4 2 0 4 3 3 2 3 3 1 1 1 3 2 1 3 0 1 0 4 2 2 1 2 2 4 0 1 0 1 4 0 0 1 4 4 1 3 2 0 4 0 1 4 2 4 3 4 3 3 3 0 2 0 2 1 1 4 2 2 2 4 4 3 2 3 4 4 3 3 1 0 3 2 4 2 3 2 3 1 2 1 3 2 3 2 3 2 2 3 1 1 4 0 4 1 0 0 0 3 3 1 3 3 0 0 0 4 2 3 2 2 2 1 4 2 3 4 4 2 2 2 4 1 4 0 3 4 1 0 0 4 2 0 3 4 0 0 0 0 1 3 2 0 1
3 2 1 2 4 4 0 1 0 3 3 0 3 2 1 4 2 3 3 0 3 4 0 0 0 0 1 0 4 1 1 2 1 4 0 0 3 2 3 3 0 1 1 1 1 2 2 0 2 2 0 0 1 3 3 3 0 4 3 0 3 1 2 4 1 4 1 1 1 1 0 4 0 1 0 3 0 4 3 3 1 1 0 4 4 3 3 1 0 1 1 3 0 1 4 3 0 0 4 4 3 1 3 3 2 0 1 0 4 2 0 2 0 2 1 4 1 4 0 3 3 4 1 0 0 0 3 2 2 2 1 0 4 1 1 3 3 4 0 4 3 0 1 3 3 0 2 1 1 0 4
4 1 2 1 1 4 4 0 1 4 4 3 3 0 1 3 4 1 4 0 4 4 2 3 4 4 2 0 0 4 1 0 0 3 3 3 2 3 1 0 2 0 4 2 0 0 0 1 3 1 4 0 3 1 0 2 2 2 0 2 4 1 4 4 0 3 0 2 1 1 3 0 3 4 4 0 1 1 4 0 3 3 2 1 1 2 0 3 4 0 0 0 2 0 2 2 3 2 1 1 0 1 3 3 0 2 0 2 3 4 4 1 2 1 4 3 3 0 1 4 0 4 0 2 4 2 1 4 1 3 2 3 4 0 3 2 2 3 1 2 3 0 1 2 3 0 1 3 2 4 4
3 3 1 2 4 0 1 3 3 1 0 1 2 2 4 4 1 0 0 4 0 2 0 2 2 2 0 2 0 0 2 0 0 0 4 0 1 0 0 4 1 3 3 4 0 4 0 2 4 3 3 1 0 0 4 0 2 1 2 4 3 1 1 4 2 1 4 3 3 1 4 0 4 2 1 0 2 3 4 3 1 4 0 2 4 1 2 3 2 1 0 1 3 1 2 0 2 3 0 1 4 1 3 4 4 1 1 3 4 0 3 1 1 0 0 0 1 2 0 1 3 0 4 3 2 1 3 4 4 0 2 3 2 0 4 3 3 0 1 3 2 1 4 3 2 4 0 0 3 1 1
3 3 0 2 0 1 2 2 2 3 4 3 0 2 2 3 0 3 1 0 2 4 4 1 1 0 3 2 3 1 3 4 0 1 1 0 4 3 4 2 3 1 2 0 3 4 3 0 4 1 1 2 1 2 0 4 3 3 1 3 0 2 2 2 3 0 2 4 1 4 3 4 0 0 0 0 0 0 2 1 4 3 3 2 3 0 1 1 1 3 1 1 2 4 0 0 4 2 4 2 3 0 2 3 0 4 3 0 4 1 4 0 1 2 2 1 0 4 2 1 4 1 4 1 0 4 3 1 3 4 4 2 4 3 0 0 2 1 2 3 4 1 4 2 1 1 4 1 2 3 2
1 4 1 2 1 2 0 0 0 0 1 2 4 4 0 4 3 3 4 1 2 0 2 1 1 1 0 2 3 4 1 0 0 4 2 2 1 0 2 2 0 3 4 1 4 1 3 4 4 2 2 3 2 0 0 1 1 0 0 1 1 2 1 2 1 1 1 3 3 3 0 3 3 1 1 4 0 4 3 4 3 0 0 3 2 0 4 0 2 4 2 4 3 0 3 0 3 4 3 1 4 0 1 2 3 3 3 3 4 3 0 0 0 0 3 3 2 4 0 4 0 4 0 4 0 3 1 0 4 1 2 3 1 3 2 1 3 0 0 3 0 0 0 1 2 3 4 4 4 1 0
4 1 1 0 3 1 1 3 1 2 0 1 0 1 4 2 4 1 2 4 2 4 4 0 3 4 1 2 3 2 2 3 3 0 0 3 4 2 2 0 4 2 3 0 0 4 4 0 1 1 4 0 2 1 2 0 0 3 2 4 0 1 4 1 4 4 4 3 1 3 0 3 1 3 0 3 3 4 3 1 2 0 3 4 1 0 1 1 0 0 2 0 1 1 3 2 3 0 0 1 3 0 1 1 1 3 0 4 2 3 2 1 0 2 2 1 2 3 0 2 3 2 4 2 1 3 4 1 0 2 2 3 2 1 0 0 4 0 4 4 0 3 0 1 0 3 2 4 3 4 3
2 4 3 1 0 3 2 3 3 4 2 1 4 3 1 4 3 3 1 4 4 1 4 0 2 4 2 1 3 2 0 2 1 0 3 3 3 2 3 3 4 0 1 0 1 3 1 1 3 2 0 2 1 4 2 3 4 2 1 4 1 3 1 4 3 4 4 3 3 2 1 2 4 3 2 0 3 4 1 3 3 1 1 1 3 0 4 2 2 3 1 3 1 4 4 2 0 3 0 3 0 4 1 2 4 0 2 4 1 4 2 2 2 0 3 0 1 0 4 3 0 0 4 1 1 0 3 1 4 1 0 1 2 3 3 3 0 1 2 2 2 1 1 4 2 1 0 3 3 4 3
3 2 4 2 3 0 2 0 4 0 2 2 2 0 3 0 0 1 2 4 3 1 2 4 3 1 4 3 4 1 1 0 0 1 2 0 3 4 2 4 0 4 1 4 1 4 0 4 2 4 3 0 0 3 0 0 4 1 3 3 4 2 0 4 0 2 0 3 4 2 2 4 4 0 3 0 2 0 4 4 0 0 0 2 3 2 3 4 0 3 4 0 0 0 4 0 2 1 3 1 1 0 2 0 1 3 0 3 3 2 4 0 4 4 3 4 3 3 3 4 1 2 4 4 4 0 4 2 2 0 0 3 2 0 3 0 3 0 3 3 4 0 4 3 1 4 2 0 2 2 1
0 0 0 4 4 0 1 3 4 1 1 2 3 1 0 4 1 3 4 4 2 4 0 3 1 4 2 3 3 0 4 1 0 1 2 1 1 3 2 1 1 3 0 0 1 3 1 2 1 0 3 0 2 4 0 0 0 3 3 1 3 4 2 0 0 4 3 3 0 0 1 1 0 2 1 3 0 4 2 3 2 1 0 4 2 1 4 4 1 4 0 4 3 2 1 3 4 4 1 4 2 3 2 4 2 1 3 2 0 0 2 2 3 2 1 0 0 2 0 1 3 2 2 1 2 3 1 1 0 0 2 2 0 4 1 2 2 1 4 3 2 3 0 0 2 4 3 3 3 3 1
2 0 1 0 2 1 2 0 1 4 4 0 4 1 4 1 3 0 2 1 2 0 4 0 2 3 3 2 1 3 4 3 0 2 4 0 3 3 0 0 2 2 2 1 3 1 2 1 2 1 0 1 1 4 1 3 2 1 3 0 4 2 4 0 4 0 0 4 0 2 4 4 1 4 0 4 0 4 3 4 0 0 1 3 4 4 3 3 1 1 0 2 0 1 4 4 3 1 1 3 4 0 2 2 1 4 4 2 0 2 3 2 4 1 0 0 1 1 0 4 2 0 3 3 2 3 4 0 4 0 1 0 3 3 3 4 0 2 3 2 1 2 0 0 0 2 0 3 3 2 2
3 2 1 1 1 4 2 2 0 0 3 1 3 3 4 4 0 3 3 3 4 2 3 1 2 2 1 1 3 0 0 1 2 3 4 4 4 1 3 0 1 3 1 1 1 2 1 4 0 1 2 1 0 2 2 4 4 0 2 4 0 3 0 2 3 4 3 3 3 1 3 1 4 1 3 3 3 1 2 0 4 4 1 4 3 3 3 4 3 3 4 3 1 4 2 1 1 1 4 4 2 4 2 2 0 0 0 0 3 4 2 2 0 3 3 3 3 4 2 3 2 1 1 0 3 4 1 1 2 1 0 4 0 4 3 3 2 0 0 0 4 3 0 4 3 3 4 2 2 2 0
4 0 4 4 0 0 3 1 2 4 3 1 1 3 2 4 0 2 0 2 4 0 2 3 3 1 3 2 0 2 3 2 4 2 3 2 4 1 3 1 0 4 4 4 2 1 0 4 4 2 1 0 2 4 3 1 2 3 3 4 2 3 1 4 2 0 1 1 3 1 4 1 0 4 0 4 2 0 3 3 3 0 3 2 1 2 0 0 2 1 4 2 4 3 1 4 0 2 2 3 3 2 4 1 1 1 0 3 4 4 2 4 1 2 1 4 4 2 4 4 0 0 1 1 3 4 0 0 3 3 4 1 2 0 4 0 2 0 3 3 4 2 2 0 0 3 1 1 2 0 2
4 0 0 1 1 4 3 1 2 1 2 1 3 3 0 0 2 0 4 0 1 3 4 3 0 4 4 4 4 4 3 3 2 4 4 0 0 3 3 3 1 1 1 2 1 3 2 0 4 3 2 2 4 1 1 1 0 0 2 1 2 1 0 1 2 1 1 2 1 1 2 0 2 0 4 0 4 1 0 0 2 2 2 3 0 3 1 1 1 4 2 3 2 4 4 4 3 2 3 4 0 3 1 3 3 0 0 2 4 1 4 1 0 2 1 1 0 2 4 3 1 3 1 3 3 2 4 1 1 0 2 2 3 4 2 1 4 2 1 0 0 0 1 1 4 4 2 2 2 1 0
0 4 2 1 4 1 0 2 3 0 0 0 0 1 4 4 2 1 0 3 2 2 1 0 4 1 2 1 3 0 1 0 4 0 1 4 4 4 3 2 1 3 4 2 1 0 1 4 1 3 4 0 2 0 0 1 1 4 2 1 4 1 4 4 3 0 0 2 1 0 1 3 4 2 2 2 2 0 3 4 3 2 1 2 3 2 4 1 3 3 0 3 1 4 4 0 1 1 4 3 1 1 3 2 3 0 0 1 2 3 2 2 1 3 4 4 2 0 2 1 4 2 4 2 1 0 2 3 1 4 3 2 0 1 0 0 1 0 1 0 0 0 2 1 4 1 2 3 2 0 1
3 4 2 0 3 2 0 1 3 4 1 3 4 2 3 1 0 0 3 0 0 0 2 4 1 3 3 0 2 0 1 0 0 1 3 3 3 3 1 4 4 2 2 0 4 2 1 1 4 4 1 1 2 3 0 3 3 4 3 1 1 2 3 1 3 3 1 3 1 2 2 0 1 4 2 2 3 4 3 2 0 1 4 2 4 1 1 0 2 4 3 4 3 1 2 3 0 4 2 3 3 4 1 2 1 3 4 1 2 0 4 3 1 0 2 3 3 3 3 1 0 1 2 3 4 4 2 1 0 1 2 1 0 3 3 3 3 2 0 3 4 1 3 1 1 0 1 4 4 4 2
4 2 1 4 3 3 3 2 3 4 4 4 2 4 2 0 4 2 2 2 1 3 0 4 1 1 0 3 0 1 2 1 0 4 2 1 2 3 3 2 2 4 4 1 0 3 4 4 0 1 2 4 2 2 3 0 0 1 3 2 4 1 3 0 2 3 1 1 1 1 3 0 0 4 2 0 3 3 4 3 4 3 4 3 3 0 4 3 1 4 1 2 0 4 2 4 4 0 0 0 1 1 1 3 0 0 0 3 3 2 4 4 0 0 3 3 0 4 2 3 3 0 1 1 4 0 2 1 1 3 1 4 1 4 3 3 4 0 4 4 2 3 4 3 3 4 3 1 0 2 4
3 2 2 1 4 3 4 0 1 4 3 0 2 3 0 0 4 1 4 1 3 4 0 3 0 1 4 1 1 1 2 1 1 0 0 0 0 1 2 1 0 0 1 4 0 4 4 2 0 1 3 3 0 0 4 0 1 3 3 4 1 3 2 2 3 2 4 0 3 1 1 0 4 4 4 1 3 1 3 3 2 1 4 2 3 0 0 1 3 3 0 1 3 0 4 1 2 3 3 3 2 1 0 1 1 2 2 1 3 3 2 0 1 3 4 0 3 4 1 3 0 4 4 3 4 3 2 3 4 2 3 1 4 4 4 2 3 3 3 1 1 2 3 3 2 2 3 0 4 1 0
1 0 0 1 1 0 3 0 1 1 0 2 2 1 3 4 4 2 4 2 3 4 0 1 1 3 1 2 4 3 2 0 3 4 1 0 0 2 2 3 0 2 1 4 1 1 3 0 3 4 3 4 3 3 2 0 3 4 4 4 2 3 1 0 3 0 2 0 2 4 3 4 4 1 3 2 0 3 2 3 2 2 4 1 3 2 3 3 1 2 3 3 0 1 3 0 1 3 2 0 4 3 4 3 4 4 0 4 2 0 0 0 4 4 3 2 3 1 1 4 0 1 2 2 2 3 3 1 3 2 1 2 0 1 3 0 0 0 1 0 0 3 0 0 0 0 4 3 1 2 0
3 0 4 0 0 4 0 1 2 3 2 0 3 3 3 0 1 3 4 1 1 2 3 3 2 3 2 3 1 2 3 4 2 4 4 2 4 0 3 1 3 1 3 3 1 1 4 2 2 0 0 0 2 3 3 2 1 2 2 4 1 2 3 4 1 0 3 0 0 4 2 0 2 0 0 3 4 4 3 3 1 0 3 4 4 3 3 2 0 0 2 4 2 2 3 3 2 3 1 2 2 3 4 4 0 0 0 1 1 0 4 3 0 4 4 1 2 2 4 0 4 3 4 3 0 4 3 3 2 4 2 2 4 2 3 2 4 0 0 0 0 0 0 1 1 4 4 4 3 3 4
4 3 0 4 4 4 0 4 3 1 3 0 3 2 1 0 1 1 2 4 2 2 4 0 4 1 4 0 1 0 1 1 3 1 2 4 0 2 0 3 4 4 1 2 1 2 4 3 3 1 4 2 1 0 4 2 1 1 2 3 1 3 1 1 4 3 3 1 1 3 1 2 2 2 4 1 1 3 1 2 4 0 1 2 0 1 4 2 2 1 2 0 1 3 3 0 3 1 3 1 0 0 3 4 4 2 0 1 2 1 0 4 3 1 1 4 4 1 3 3 4 2 0 1 2 4 3 0 0 2 2 2 2 2 4 3 2 4 1 1 3 1 0 1 0 4 2 1 2 0 0
3 4 0 4 1 1 3 2 4 2 1 1 4 0 0 4 2 2 1 4 2 4 1 3 4 2 3 3 4 0 3 3 0 0 4 1 2 4 0 1 1 3 4 2 4 0 2 3 4 3 4 1 4 1 1 4 0 4 2 2 0 2 2 0 2 1 3 1 1 4 4 4 2 4 2 3 1 1 2 0 4 1 3 0 4 4 4 0 4 3 2 1 2 4 3 2 2 1 3 0 2 3 0 2 4 2 0 0 3 4 0 4 3 0 4 2 4 1 4 0 1 3 1 4 4 4 3 2 3 1 2 0 1 2 2 0 1 0 2 1 4 2 2 2 4 4 2 4 0 3 1
3 2 3 4 3 4 2 0 4 1 0 0 2 2 4 0 1 4 2 4 1 2 2 0 1 1 4 2 3 3 4 1 2 4 3 0 0 0 3 0 1 3 2 1 2 3 1 0 3 0 0 1 2 2 1 1 0 3 3 0 3 2 1 0 3 4 2 4 2 2 1 3 2 3 4 0 1 2 0 1 3 2 4 2 1 3 3 1 1 2 1 4 1 0 1 0 1 0 1 0 3 2 4 2 0 0 2 3 0 0 2 3 2 1 0 4 4 1 2 2 0 1 1 1 3 4 3 4 0 1 2 0 3 1 2 0 3 2 1 3 4 3 3 1 1 1 2 1 2 2 3
2 3 2 0 1 3 1 2 3 2 4 0 3 2 0 3 3 4 4 1 3 4 0 1 1 1 4 4 3 3 4 2 1 3 4 4 2 0 3 0 0 0 3 3 4 0 3 2 4 3 4 2 4 1 3 2 4 4 1 4 2 3 1 0 1 0 4 3 3 0 1 3 2 4 1 1 4 4 4 0 4 0 2 4 3 0 3 2 0 0 1 4 3 4 0 4 4 4 0 2 1 1 0 3 0 3 0 1 3 1 1 2 3 0 3 3 0 2 0 2 4 3 2 4 2 4 0 1 3 0 1 2 1 3 0 3 2 2 4 0 0 2 4 0 2 0 3 0 4 0 4
3 3 3 2 0 2 2 4 3 0 2 0 1 0 2 0 2 2 1 4 2 1 1 0 3 3 3 0 2 4 2 2 4 2 1 2 2 0 1 0 0 3 2 2 0 1 2 3 3 0 4 3 1 2 3 2 0 3 4 2 4 1 4 4 1 0 1 3 3 4 0 3 2 4 0 2 0 4 2 1 0 4 4 1 1 2 3 2 2 3 1 2 1 3 1 2 0 4 2 3 3 2 2 2 3 4 1 4 4 1 2 4 0 1 2 3 0 1 2 2 1 4 1 2 4 2 2 4 3 4 0 3 4 4 0 4 3 4 0 2 0 2 3 0 0 1 3 0 4 1 0
0 2 1 4 1 1 3 2 1 0 4 0 4 3 2 0 2 1 1 1 1 3 2 1 4 3 2 1 4 0 3 4 2 0 0 0 3 4 2 4 4 2 4 0 2 2 0 4 0 3 3 2 2 0 0 3 0 2 1 4 2 0 0 1 2 0 1 0 1 1 1 2 0 3 2 2 2 0 2 2 3 2 4 2 2 0 2 4 4 4 3 4 4 3 2 1 0 4 3 4 0 4 1 2 2 1 4 4 1 3 4 1 0 3 1 4 0 3 3 2 4 1 1 0 1 3 3 4 4 1 3 1 3 4 3 0 2 3 2 3 1 1 2 4 1 3 3 4 3 2 1
3 0 4 0 4 4 4 3 4 0 3 0 3 2 1 1 2 4 0 0 2 3 4 1 1 4 2 0 0 1 1 0 3 0 0 2 0 4 2 1 0 0 3 0 0 4 3 2 0 0 4 0 0 4 3 2 0 0 2 0 3 1 0 2 3 1 4 0 2 4 1 4 4 2 2 4 1 0 1 4 3 3 4 3 4 2 0 4 3 0 0 1 3 2 0 1 0 2 2 3 1 0 2 0 2 4 2 1 2 0 0 0 3 4 0 2 3 3 2 3 0 4 2 3 3 2 4 4 4 3 4 0 1 3 1 0 3 3 1 2 3 3 4 4 4 4 1 3 4 0 1
4 1 3 2 0 1 4 1 0 4 0 3 0 3 1 1 3 1 4 0 4 3 4 0 4 1 2 2 0 4 4 0 1 4 4 3 0 3 4 3 0 1 3 2 1 4 0 0 0 0 2 1 0 4 2 4 2 1 4 2 0 3 4 3 2 1 3 0 1 4 0 1 0 3 4 2 2 4 4 2 1 3 0 3 2 2 3 4 0 2 4 3 2 0 3 1 1 2 1 3 1 3 1 4 1 2 3 0 2 2 4 0 0 0 4 0 4 4 1 0 1 0 3 0 3 1 1 4 0 0 4 2 3 1 1 2 3 4 2 2 3 2 3 0 2 4 2 1 3 4 3
1 1 1 1 4 0 4 4 0 4 0 2 0 3 0 2 4 1 4 1 1 1 1 2 0 0 4 4 3 3 2 4 2 1 2 1 1 2 2 1 1 3 1 1 1 3 0 0 0 0 4 1 3 2 0 4 3 2 3 3 0 2 0 4 3 2 1 4 1 3 3 3 1 1 1 0 4 2 2 1 4 3 0 2 1 2 3 1 4 3 4 2 1 1 1 4 4 2 1 0 1 1 0 4 4 4 1 0 3 1 4 2 4 4 1 0 3 0 1 3 3 3 0 4 4 1 1 0 1 4 3 4 2 0 0 1 4 2 1 4 0 2 3 4 1 0 2 2 0 0 0
0 0 2 2 0 3 0 2 1 4 0 0 3 1 3 4 2 2 2 2 2 2 0 3 3 0 2 2 2 0 2 0 0 4 2 2 0 4 0 1 3 2 4 3 3 2 4 3 1 3 0 3 0 2 1 1 0 1 3 4 1 1 4 1 2 3 4 2 2 1 1 2 3 2 0 4 4 4 4 2 3 4 0 3 3 3 1 3 4 0 3 0 1 2 2 3 3 3 3 0 1 4 3 1 1 3 0 2 0 1 4 3 2 1 3 1 4 0 4 1 2 4 1 3 4 0 3 2 0 3 2 1 2 0 3 0 1 0 4 1 2 0 1 4 1 4 2 3 1 4 4
3 3 0 3 4 3 4 1 3 2 1 2 2 3 2 4 4 2 4 0 1 4 3 3 1 0 0 1 1 1 0 2 0 2 2 1 0 3 3 1 3 1 3 0 4 0 4 4 4 0 1 1 0 2 1 3 2 3 4 0 0 4 4 2 3 2 3 4 2 3 0 0 4 0 0 1 0 2 2 4 2 0 2 4 2 0 2 4 4 3 0 1 4 4 0 3 3 3 4 3 4 4 3 3 4 1 1 1 3 3 2 2 4 0 2 1 2 1 1 1 2 3 4 1 4 4 1 0 0 0 3 4 1 1 4 2 2 1 3 2 4 1 0 3 3 2 2 0 0 0 4
2 3 0 4 4 0 2 4 2 3 4 1 1 1 2 4 0 3 4 3 0 0 3 0 0 2 4 3 2 4 4 0 4 4 1 4 4 3 0 3 1 0 4 0 1 4 4 3 4 3 1 4 1 1 2 3 3 1 1 3 3 0 3 2 0 1 1 1 4 2 0 3 4 1 3 0 0 4 0 2 2 2 1 0 0 0 1 1 4 2 4 2 0 4 4 2 2 3 0 1 2 2 1 1 1 4 1 3 0 3 0 0 2 4 0 3 4 1 4 0 1 0 2 3 1 4 0 3 2 0 1 4 0 3 0 1 4 3 4 0 1 0 0 4 4 2 4 0 4 3 1
2 0 3 0 3 2 2 1 1 4 2 0 4 0 0 2 2 0 2 2 2 4 2 3 0 4 2 0 0 2 3 4 2 2 4 2 1 3 3 3 3 2 0 4 0 3 2 2 3 4 4 0 0 3 3 0 4 2 2 0 4 1 4 3 3 1 0 1 4 3 1 4 3 4 4 3 2 1 2 0 2 3 3 4 1 3 4 0 1 1 2 0 2 4 1 2 0 1 1 1 2 4 1 0 3 2 0 0 3 2 3 2 2 1 1 3 1 2 0 2 0 3 0 3 2 1 2 4 4 0 0 1 0 3 3 0 0 3 1 0 2 1 4 4 4 2 4 0 4 2 0
0 2 2 0 4 3 4 0 2 0 2 1 2 1 4 2 3 0 0 1 4 1 0 4 2 3 0 0 4 2 0 1 4 2 3 0 2 3 2 1 0 0 4 2 1 4 4 1 1 2 2 0 0 3 1 3 3 2 3 2 1 0 4 3 4 2 0 3 2 3 1 2 3 1 1 1 2 3 2 3 0 2 3 0 0 0 0 0 4 3 2 2 0 3 0 4 3 3 4 0 3 1 0 3 4 1 4 1 1 3 4 1 2 4 4 2 4 4 4 0 0 2 3 0 2 0 2 0 3 1 3 1 4 0 1 3 3 0 1 0 1 0 3 3 2 2 3 3 2 2 4
4 1 2 1 4 2 3 1 3 2 1 1 3 1 3 2 0 0 3 2 3 1 0 4 3 3 4 3 2 3 2 1 0 1 2 1 1 3 2 4 2 1 2 0 2 2 4 4 0 0 1 0 1 2 4 1 2 0 4 1 4 4 4 1 0 3 2 1 1 1 2 0 2 2 1 2 4 0 1 1 2 3 2 0 2 3 1 1 4 3 2 3 4 3 4 4 1 1 3 0 4 0 0 2 4 3 4 4 1 2 2 3 2 4 4 4 3 2 2 2 2 4 0 1 4 1 3 1 4 1 1 3 3 3 2 3 2 3 4 3 1 1 3 3 1 2 0 4 0 2 3
2 4 0 1 3 1 4 1 0 0 4 0 0 3 0 3 0 3 2 0 1 4 3 2 2 3 2 3 3 1 1 2 0 1 3 1 4 2 2 1 4 2 3 0 2 3 3 4 2 3 4 0 2 4 2 1 2 1 4 2 3 0 0 0 3 3 1 4 3 1 2 4 0 0 4 2 4 0 1 3 3 2 3 2 1 3 3 1 4 4 3 2 4 0 3 4 1 4 0 4 2 2 3 2 2 0 4 1 2 2 1 2 4 0 4 3 3 4 1 2 3 4 2 4 2 0 0 3 1 0 4 4 2 4 3 1 4 3 0 1 0 1 3 2 3 4 2 3 0 3 3
0 4 0 1 1 2 1 4 3 3 0 4 2 0 3 1 4 1 1 3 3 2 3 2 3 0 4 1 0 4 4 3 4 1 4 2 3 3 4 2 3 4 3 3 4 1 4 1 4 0 1 0 4 4 2 2 4 4 4 2 3 0 2 4 2 3 2 0 1 3 4 2 2 3 0 2 4 4 0 4 4 1 1 3 0 3 3 2 4 2 1 0 2 3 4 1 1 3 2 0 1 3 2 1 1 4 0 1 3 0 2 4 1 3 4 3 3 2 0 0 1 3 0 1 3 1 2 0 2 1 2 0 0 1 1 1 0 1 4 3 1 3 2 4 3 3 3 4 1 0 4
2 4 4 3 2 2 3 4 4 4 3 0 4 4 3 3 4 0 4 4 3 3 3 0 1 2 3 0 3 0 1 2 1 2 3 1 0 1 0 1 2 1 1 4 0 2 2 2 4 1 1 4 1 0 4 3 4 4 0 2 0 4 1 1 1 4 2 1 2 0 3 0 1 1 4 3 0 1 0 4 4 4 4 1 1 3 1 0 3 3 4 0 2 0 1 4 2 1 2 4 1 2 4 4 1 3 4 1 1 0 1 3 1 0 4 2 0 2 4 3 0 3 3 0 0 2 1 2 3 3 2 1 1 3 2 2 2 1 3 0 3 1 3 4 1 4 3 2 3 2 2
1 2 3 1 3 0 2 0 0 2 4 3 3 3 0 2 2 1 3 2 0 4 3 1 3 4 0 2 3 2 1 4 2 4 2 0 1 4 2 3 1 2 1 2 0 1 1 4 0 4 1 2 1 1 3 4 1 3 3 1 3 4 0 0 1 2 2 4 3 4 3 1 3 4 3 0 3 0 4 3 1 1 2 2 4 0 3 0 1 1 3 1 3 3 3 1 2 0 0 2 4 0 4 3 2 2 3 0 4 0 0 1 1 2 3 2 4 4 0 0 2 3 1 0 2 4 3 1 1 1 4 1 1 3 1 3 2 1 0 4 1 2 0 4 1 0 2 1 4 2 3
2 2 0 4 1 1 0 3 3 1 4 1 4 4 4 0 3 2 2 2 4 0 2 0 1 0 4 4 4 3 3 3 1 0 0 2 3 0 0 3 3 1 4 2 0 0 2 4 3 0 3 4 2 1 4 0 1 4 0 2 2 0 3 0 2 3 3 0 0 0 4 3 2 0 0 4 3 3 3 1 0 2 0 2 0 1 2 3 2 2 2 2 4 0 2 1 3 0 2 0 1 3 3 0 0 4 4 3 4 0 1 4 4 1 1 4 0 3 4 2 3 1 4 2 4 2 4 4 4 3 0 0 3 3 0 0 2 2 4 1 2 0 0 1 4 3 0 4 4 1 3
2 2 3 1 1 2 2 1 1 0 1 2 0 1 4 1 4 1 2 2 3 4 0 4 3 3 1 4 2 2 3 1 2 3 3 0 0 0 3 1 3 1 0 3 3 2 1 4 3 3 1 4 3 1 0 3 2 4 3 4 3 3 1 0 3 4 3 3 1 1 1 4 0 4 0 3 1 1 2 1 0 0 2 0 2 0 3 1 4 3 0 2 3 3 0 1 4 0 1 1 1 0 2 3 4 2 1 2 4 0 0 1 3 3 3 2 3 1 3 2 2 3 1 0 4 3 4 3 3 0 1 2 2 4 0 3 1 4 0 2 1 1 0 4 4 0 1 4 2 4 3
1 0 1 1 4 0 2 4 0 0 1 2 2 2 0 1 0 1 1 0 2 4 0 4 0 1 2 4 0 4 2 1 4 4 4 0 1 2 4 1 2 2 4 1 4 1 2 0 2 1 0 1 0 2 0 1 0 0 0 2 4 0 3 3 1 0 0 2 4 1 3 1 4 4 2 0 0 2 0 4 3 2 3 0 0 0 1 2 0 4 0 4 1 0 4 2 0 4 4 4 1 4 2 2 4 2 2 1 4 0 3 4 2 1 4 4 1 3 2 2 2 4 1 3 4 1 0 2 2 1 1 3 0 1 2 4 3 0 3 2 0 1 3 4 2 2 4 3 0 3 2
4 4 4 4 3 2 4 2 4 2 4 0 3 2 2 4 0 2 4 4 4 0 2 4 4 1 0 0 2 0 2 3 4 1 3 4 0 4 2 0 2 3 2 2 0 4 1 0 4 3 1 3 3 3 4 0 4 4 0 3 4 2 4 0 1 2 2 1 1 4 3 0 2 0 2 4 0 1 4 4 4 2 4 4 0 4 4 1 3 4 2 0 2 1 2 0 0 4 1 3 3 2 4 2 2 3 1 4 1 2 3 0 4 3 2 1 4 1 0 2 3 2 4 2 0 2 2 0 3 0 3 2 2 4 1 0 0 0 4 1 2 0 4 4 0 1 0 4 4 2 3
4 4 3 1 1 2 0 1 0 1 2 4 0 3 1 2 3 1 4 0 0 1 4 4 1 2 2 2 1 4 0 1 1 0 4 2 2 0 1 0 3 0 4 0 3 2 3 4 3 4 1 1 0 0 2 1 4 4 0 2 1 0 0 4 3 0 3 0 2 4 2 2 4 2 2 0 1 2 1 2 1 2 3 1 2 0 4 3 2 4 0 0 0 1 4 0 3 2 0 0 4 0 4 0 4 1 0 0 4 1 2 2 0 0 4 4 3 3 2 0 0 3 0 2 1 1 2 4 3 2 1 4 4 0 0 3 3 2 4 2 1 1 2 1 4 1 1 2 1 3 4
1 3 1 3 4 2 0 0 2 0 1 2 4 3 4 3 2 1 4 1 2 2 3 4 1 1 0 0 3 0 4 4 4 0 0 0 4 0 3 4 0 1 3 2 0 2 2 2 3 1 0 1 3 1 0 2 2 2 2 0 2 4 2 3 1 2 1 1 4 4 2 0 0 0 4 0 2 1 4 0 2 2 3 2 3 0 4 0 4 4 3 4 3 0 2 4 4 0 2 3 4 4 0 2 4 4 4 3 2 4 1 1 3 4 4 1 2 0 3 1 4 1 0 4 3 3 4 4 0 3 3 0 3 0 2 4 2 1 3 1 2 4 3 2 0 4 3 2 1 4 4
