5 156 13
35646949 444132218 1217642130 200841241 91658335 1075803393 363092164 1039647034 1036502634 50274882 535249750 718010025 279170442 306538058 118599175 163306081 9119718 14574392 495348824 1209191383 1176770457 274525913 886221337 633666636 1045738511 824557534 613995402 543907928 1183208181 1137277214 755582494 292233533 857087386 1172606223 710250335 966120051 1095818651 310876428 412954033 497375052 128226146 84223611 566558748 270230098 488279538 961211612 911077928 1170125210 123663600 346997898 952756584 72603195 109399453 878568200 975681626 760526630 945697114 1123397615 286664228 419527082 127881988 931633571 187964748 267788472 702738235 113186327 510271888 881189706 1207680769 4635505 227458267 948284019 172006158 385594655 721339954 656897139 1063181633 835752430 215812236 41391696 932283236 715827036 75342917 425742686 1155797326 180248209 1168838936 631538736 592597728 668342042 1071519122 833482400 49858670 631526624 269538233 807714455 545918023 905005500 337967891 1119638516 580854494 427518175 454702867 7846374 157002317 909732857 82613799 724534047 701949731 970458630 1165363521 621798972 485693176 1072201150 529287378 1043187733 990094087 429620788 661326159 903026203 175163654 1208981215 746371315 1010579437 933858732 1154410135 811384872 409116993 911816448 239000531 58849848 478793680 715204308 986055436 921419809 674238757 1106349851 997474636 640684891 200470325 317601438 979112329 621249861 674039327 298294696 1003771538 759042029 366402719 854217245 126207717 235470142 511819034 1024396144 982218421 387902152 95655400
4 1 4 1 1 0 3 0 1 2 3 0 3 4 1 0 0 0 4 0 1 4 2 2 0 3 0 0 2 3 1 1 2 0 4 3 2 2 0 4 2 3 1 0 4 2 0 4 3 1 0 1 1 2 4 1 2 4 3 4 0 1 2 4 1 1 4 4 4 4 0 3 4 1 3 0 1 0 4 4 2 1 2 3 1 1 1 3 3 2 3 0 3 0 1 2 4 0 3 0 1 3 3 0 1 1 0 2 1 1 3 3 3 1 3 4 2 2 4 2 4 4 4 2 2 0 1 1 0 4 1 3 2 4 3 1 0 0 3 3 4 2 2 4 0 2 0 2 4 4 2 0 4 1 0 1
4 1 2 4 1 3 3 0 2 3 1 4 1 2 2 2 1 1 1 1 4 1 0 0 0 2 3 4 1 3 2 0 1 4 1 4 2 1 0 1 2 3 2 3 0 0 0 3 1 1 4 2 4 0 3 4 4 3 1 2 1 3 4 4 3 1 4 2 4 4 1 1 4 3 1 2 3 1 0 2 4 0 4 0 2 4 0 3 2 3 1 0 3 0 0 1 3 4 1 0 0 4 1 4 4 3 1 0 1 4 2 3 1 3 3 3 3 0 1 2 0 4 3 4 2 3 2 2 4 0 2 4 4 4 3 4 4 2 1 2 1 3 2 2 1 1 2 1 3 0 1 1 2 4 0 4
4 2 1 0 0 1 4 4 2 4 0 1 3 1 3 4 1 1 3 0 4 2 1 4 0 4 0 2 3 2 3 4 2 4 4 2 2 0 3 4 0 4 0 0 2 1 2 1 4 0 1 0 0 4 1 0 4 4 2 4 1 0 4 3 1 0 0 4 1 1 3 3 0 1 3 4 4 0 0 3 3 3 0 0 3 1 0 2 0 4 1 2 1 2 2 2 0 0 3 1 1 4 1 3 2 4 2 1 2 0 1 2 3 1 2 3 2 2 0 0 3 4 2 4 3 1 3 3 1 4 4 2 3 2 2 2 4 2 3 1 2 1 0 2 2 2 1 1 1 3 1 4 4 3 3 3
2 1 1 3 2 3 3 2 0 0 4 4 4 4 2 1 0 2 1 4 1 4 1 2 2 2 1 2 3 4 2 0 3 3 0 2 3 3 0 4 1 4 0 0 1 0 4 1 4 2 1 1 1 4 3 0 1 2 4 1 3 1 3 1 2 4 1 0 4 1 1 2 0 2 3 1 4 4 0 0 3 3 1 1 2 2 1 0 4 3 2 2 4 0 1 1 1 2 4 1 0 0 3 0 2 3 4 3 4 1 4 2 4 2 3 3 4 2 3 0 0 2 0 1 0 1 3 1 0 2 2 0 2 3 2 2 3 3 2 3 1 3 2 2 1 1 0 2 0 1 3 0 0 3 1 0
1 1 2 3 0 1 0 0 4 4 4 3 3 1 3 1 0 0 4 3 3 1 0 3 2 0 3 3 0 2 3 1 3 2 1 1 4 3 1 3 3 0 3 3 3 1 4 0 4 3 3 2 0 1 1 2 1 1 2 2 3 3 0 4 0 2 0 1 0 3 2 0 3 0 3 3 4 3 4 3 1 4 0 1 0 3 1 2 0 0 4 0 3 1 4 1 3 1 2 1 4 1 1 4 2 2 0 3 0 4 1 1 3 3 0 1 2 1 3 4 3 4 4 4 0 1 2 1 4 1 4 4 3 2 0 2 4 0 0 4 1 3 3 2 1 3 3 0 1 3 4 4 4 4 0 1
2 2 4 1 4 0 2 2 3 3 4 4 0 4 1 2 2 4 4 0 4 4 1 0 4 2 1 3 1 2 4 0 4 1 2 0 1 4 2 1 2 1 1 0 2 2 2 1 3 3 4 2 2 0 4 1 2 2 1 1 4 2 1 1 3 0 1 2 0 1 3 4 2 4 4 2 3 1 0 3 1 4 2 3 4 1 1 4 4 4 2 0 2 0 3 2 1 2 4 1 3 3 0 2 4 2 1 0 3 2 3 0 1 3 0 3 4 4 2 0 3 1 3 2 1 3 0 4 0 4 2 0 4 0 3 4 2 4 1 0 1 4 2 0 4 0 3 4 4 0 1 4 3 4 2 1
3 2 1 0 1 3 1 3 3 1 2 0 0 3 3 4 4 2 4 4 2 2 0 3 4 3 3 2 0 0 0 0 2 1 0 0 0 1 0 0 2 2 1 0 2 1 1 4 3 2 0 3 1 2 3 0 0 1 4 0 3 4 0 2 3 3 0 3 4 0 0 4 3 3 1 2 4 4 3 0 1 3 0 2 2 3 4 3 0 3 0 0 4 1 3 2 4 3 2 0 3 0 1 3 3 4 3 3 3 1 0 4 2 0 1 4 0 0 4 2 0 0 3 2 3 1 1 4 4 1 4 4 1 3 3 4 2 1 4 1 4 1 0 1 1 4 3 4 1 2 1 4 4 4 1 2
0 4 1 1 0 3 1 3 3 1 3 0 4 4 3 3 1 1 0 4 0 0 3 3 2 0 2 2 1 0 1 2 0 0 0 0 3 3 1 1 4 4 3 3 0 2 2 3 3 4 3 0 4 3 3 3 0 1 2 2 1 1 1 3 1 1 1 1 0 2 4 1 3 2 2 3 4 1 2 4 0 2 4 1 0 0 1 1 3 1 0 4 2 1 0 3 4 1 4 1 3 3 3 1 2 0 1 4 1 3 3 3 2 0 1 3 0 4 1 0 0 1 1 2 2 1 2 1 2 1 0 0 1 3 3 4 0 0 3 3 0 3 3 3 3 4 3 0 0 1 0 1 2 2 3 1
3 1 4 3 4 4 0 3 4 4 2 4 1 2 2 3 2 2 3 1 3 3 3 4 4 1 0 3 0 0 4 0 3 1 3 3 2 1 3 2 2 2 1 3 4 1 3 3 3 4 4 4 2 0 3 4 3 3 2 3 3 4 3 2 0 4 2 2 0 2 1 2 4 0 2 0 1 2 3 1 1 0 0 1 2 0 0 0 3 2 3 4 1 3 3 3 4 2 3 1 4 4 0 3 4 4 0 2 2 3 1 0 0 3 1 2 4 1 2 4 4 2 3 2 3 1 3 2 3 1 1 4 2 1 4 4 1 4 1 0 0 4 0 0 0 4 3 4 0 2 3 1 2 2 1 0
0 4 2 1 2 0 0 4 2 0 3 0 1 2 0 1 1 2 4 1 1 4 2 2 3 3 0 0 2 1 0 2 0 0 0 2 0 1 4 2 3 2 4 1 1 4 3 0 2 4 3 0 0 1 2 3 4 0 4 3 1 4 0 4 4 1 1 2 4 2 1 4 2 1 0 3 2 0 3 1 4 4 2 4 0 1 0 1 1 4 4 3 3 1 2 0 4 0 4 0 0 0 4 2 1 0 0 4 2 1 0 2 0 4 3 2 1 3 3 2 4 4 2 0 2 1 2 4 4 1 4 4 1 1 1 0 3 1 4 0 4 1 4 4 1 0 1 4 0 1 1 0 2 1 0 0
2 2 1 1 3 0 0 1 1 3 1 1 2 2 2 1 1 1 1 2 3 4 3 4 3 4 4 0 2 1 2 0 0 3 3 0 1 1 1 4 4 3 1 1 2 3 0 3 1 1 2 2 2 0 1 0 2 2 3 4 3 0 1 0 1 0 0 2 3 1 1 2 1 4 1 1 4 1 4 1 4 2 3 1 4 1 4 3 3 2 3 3 4 4 3 0 1 3 4 4 1 1 4 0 2 2 1 2 3 0 0 4 4 3 2 1 1 3 4 4 0 4 4 2 1 2 4 2 2 4 4 0 2 0 0 4 4 1 1 2 4 1 3 0 1 0 1 2 1 3 3 1 2 2 0 3
1 0 3 3 1 4 1 3 4 1 2 3 0 1 2 1 2 2 1 1 4 0 3 0 3 4 4 2 1 4 1 0 1 4 0 2 3 1 0 4 0 0 4 0 1 3 3 0 0 1 1 4 1 2 0 1 1 4 4 4 0 2 4 2 3 0 4 3 1 2 4 3 2 3 3 0 1 3 0 3 0 2 2 1 4 4 0 2 0 1 1 1 0 1 3 3 3 4 3 4 3 2 0 0 2 3 2 3 4 3 1 4 2 0 2 3 0 2 0 0 0 3 3 0 4 3 0 2 3 3 4 1 2 4 4 4 4 1 4 3 1 2 4 3 3 2 1 0 1 3 2 2 2 1 4 3
4 2 3 4 2 4 3 0 0 4 1 1 0 1 2 2 3 1 2 3 3 1 0 0 1 0 4 3 3 0 4 2 2 4 4 2 3 4 4 0 3 0 1 3 1 0 2 2 2 2 2 2 3 3 4 4 0 0 0 3 1 1 2 0 0 1 2 0 0 1 0 0 4 3 1 2 4 0 1 1 2 4 0 2 4 0 4 4 0 1 2 3 2 4 4 2 3 3 4 0 2 4 1 1 2 2 0 1 2 2 4 2 1 0 4 2 2 3 1 4 4 0 3 3 1 4 0 4 2 4 0 1 0 3 4 0 2 0 1 1 2 3 3 0 0 3 2 4 3 0 3 0 0 1 3 3
2 4 3 2 0 0 3 3 0 0 3 2 0 1 3 2 1 4 2 1 4 1 0 2 1 1 2 3 4 1 1 2 2 1 4 4 3 4 2 3 4 2 2 4 4 1 3 0 2 2 4 1 0 1 3 3 2 3 1 2 4 0 1 3 3 2 2 2 3 2 0 3 4 3 4 0 1 0 3 3 4 2 4 0 0 4 3 3 2 2 2 3 4 0 1 2 2 1 4 2 0 2 0 1 2 2 2 3 4 2 3 3 4 4 0 4 3 4 4 3 3 3 1 2 3 0 4 2 1 1 0 3 3 2 4 0 1 3 0 0 0 3 1 4 4 1 1 4 2 2 2 0 1 1 4 1
1 1 4 4 2 1 2 0 0 3 2 2 2 2 2 2 2 0 2 3 2 0 2 4 2 2 2 0 3 3 2 1 4 3 2 1 4 4 3 1 2 2 3 4 1 3 2 3 3 1 3 0 3 1 2 0 3 1 1 3 4 3 1 4 3 3 2 4 4 3 0 1 0 4 3 2 4 2 2 2 0 1 0 3 4 2 0 4 0 1 2 4 1 3 0 1 1 0 0 0 0 1 3 0 2 3 4 1 2 4 0 4 0 0 2 4 4 0 0 4 1 2 1 0 2 3 3 0 0 4 2 0 2 0 3 4 1 2 2 0 3 2 0 3 3 4 4 4 4 4 4 3 3 2 0 0
2 3 0 3 2 2 3 4 0 3 0 3 3 2 3 1 2 0 2 2 0 1 1 4 3 2 2 3 4 2 4 4 1 1 2 0 1 2 2 3 3 2 3 1 2 3 2 1 4 4 3 4 3 4 0 3 4 3 1 3 2 2 4 0 1 1 3 4 1 0 4 4 4 2 0 3 0 4 4 1 1 4 2 4 4 3 2 0 3 0 3 2 0 0 3 1 1 1 0 4 3 4 0 4 3 2 3 0 2 4 2 3 4 4 4 0 4 3 0 2 3 0 0 3 0 0 1 4 3 1 0 1 2 1 0 2 3 0 3 0 0 2 0 1 3 4 3 3 2 3 2 3 0 4 1 3
4 3 2 2 1 4 0 1 0 3 3 1 3 3 3 0 2 4 3 1 0 1 1 3 1 0 3 2 0 4 0 4 4 4 4 3 3 1 1 1 4 4 2 0 0 0 2 2 4 3 0 0 4 3 0 3 4 3 0 1 4 2 2 1 3 3 4 1 0 0 2 1 1 4 3 3 2 3 3 1 1 3 3 2 4 0 0 0 3 2 1 0 4 3 1 2 2 2 1 4 4 0 0 0 2 4 4 4 4 4 0 0 2 1 2 3 1 3 3 2 0 4 2 2 0 3 1 2 2 4 3 1 0 3 3 2 4 4 1 3 3 3 0 1 1 3 1 3 3 0 0 0 4 4 4 4
4 1 3 1 0 1 2 2 2 2 4 3 2 2 4 0 1 4 3 2 4 0 2 4 0 4 2 1 3 1 3 4 4 3 0 2 2 4 4 1 2 4 4 1 1 0 1 4 2 2 4 1 4 1 3 4 3 0 2 1 1 0 1 1 1 3 3 3 0 4 4 4 3 0 0 2 1 3 3 3 0 2 1 4 1 4 0 4 4 0 2 3 0 0 4 3 1 4 1 1 3 0 0 4 3 0 3 4 0 1 2 1 1 0 2 2 0 0 3 1 0 0 4 2 1 0 1 2 1 2 0 2 0 0 1 3 2 4 4 4 2 3 2 3 3 0 2 0 2 0 2 2 1 3 1 4
4 2 3 2 2 3 4 4 0 0 4 4 1 0 3 1 3 1 1 3 3 4 4 2 4 3 1 2 1 2 1 2 2 1 0 1 1 1 2 1 4 1 2 2 3 3 3 1 1 0 4 4 1 0 1 0 3 2 3 2 1 1 1 3 3 3 1 4 0 3 3 4 1 2 1 4 0 2 0 1 4 2 2 0 4 0 0 3 4 0 2 1 2 3 1 0 4 3 1 4 1 4 0 3 2 3 4 4 0 0 1 1 4 3 1 3 1 4 3 0 4 0 1 1 1 3 3 2 1 2 3 4 3 3 4 2 3 4 2 1 1 3 2 0 3 1 0 4 0 4 0 4 1 3 3 4
1 3 1 4 0 1 4 4 1 0 1 0 4 0 1 0 0 0 0 4 1 3 0 1 2 2 3 0 3 3 2 4 1 0 1 2 2 2 3 3 2 1 0 2 2 3 4 2 4 0 3 2 0 1 1 4 3 4 4 1 2 1 3 0 4 1 4 1 0 2 1 2 1 2 1 3 0 1 2 1 3 1 4 3 2 0 2 2 1 3 1 0 2 1 0 1 4 0 2 4 4 3 1 0 0 0 3 3 1 3 4 4 4 3 4 3 0 3 2 1 1 0 3 3 3 4 4 2 4 1 1 3 2 0 1 4 0 4 2 1 4 2 2 0 2 3 0 3 1 3 1 2 0 0 1 4
4 0 3 0 4 0 0 3 0 1 2 2 3 0 0 2 2 2 0 1 2 0 4 3 0 3 0 1 3 3 2 4 1 0 1 0 0 1 0 2 0 2 1 3 2 1 2 1 0 2 3 2 3 4 0 3 2 1 1 0 1 3 1 2 4 2 4 1 4 4 1 4 2 2 4 1 4 1 3 4 1 3 4 4 2 4 4 0 2 1 2 4 1 4 1 0 1 3 4 2 2 0 3 4 4 2 1 3 1 1 0 2 4 4 3 3 0 4 3 3 0 3 2 4 2 0 4 0 3 0 0 3 2 3 2 2 3 0 2 4 3 2 3 2 3 3 1 4 2 1 4 0 4 3 4 3
3 0 4 4 1 1 2 3 4 1 2 2 4 0 3 2 4 1 0 0 1 3 4 4 4 0 4 1 3 3 4 3 0 0 2 1 1 1 2 3 0 1 0 4 1 1 1 3 2 3 3 4 1 4 0 3 4 4 1 2 4 0 0 1 3 0 3 1 3 2 4 3 0 0 2 4 3 1 2 0 4 2 1 3 1 3 3 2 4 4 1 3 1 3 0 4 0 0 1 4 4 0 2 1 2 2 0 0 3 2 3 4 1 1 4 4 2 2 1 1 3 4 2 0 3 4 1 0 1 4 4 0 0 4 1 4 3 4 2 1 1 2 2 0 0 2 4 2 1 1 4 0 2 3 2 2
2 3 3 3 3 4 0 0 3 3 1 1 2 3 4 1 2 4 1 3 1 0 2 2 3 3 4 1 1 1 3 3 2 3 1 0 3 3 2 3 2 3 0 4 4 1 2 1 0 3 1 3 1 1 3 1 4 2 2 1 1 3 4 3 1 3 0 1 1 2 0 0 0 0 2 4 3 4 3 4 0 1 2 1 2 2 4 4 0 2 0 3 2 1 1 0 1 1 2 3 3 2 0 0 4 2 2 2 2 2 3 4 3 3 2 3 0 1 4 2 0 4 0 2 2 1 3 4 4 0 4 4 2 4 2 1 4 4 0 3 1 4 2 1 2 4 1 2 2 0 0 3 1 0 0 1
4 0 2 0 0 1 2 4 2 4 2 1 3 3 1 1 2 3 4 1 4 3 3 2 0 0 2 2 3 4 0 4 0 2 4 2 3 3 2 2 2 4 1 2 4 2 3 1 3 0 2 2 3 3 1 3 3 3 2 3 0 4 2 0 1 4 2 1 2 1 4 0 1 2 2 2 4 3 4 2 0 3 2 3 3 0 3 4 1 3 2 1 2 2 1 1 1 3 2 3 0 3 3 3 0 3 0 2 3 1 1 3 2 3 3 0 4 3 1 2 1 1 3 1 3 4 2 4 4 1 2 1 0 3 1 0 1 4 4 1 0 1 4 4 1 2 2 2 0 3 4 4 4 2 2 2
3 1 3 3 2 1 1 2 1 0 0 2 4 1 0 1 2 4 1 4 3 3 3 0 3 3 1 0 2 3 4 1 4 3 1 4 1 4 3 2 4 0 1 3 2 1 0 4 2 3 0 0 3 1 2 1 4 4 3 3 2 3 4 4 3 2 3 4 2 1 1 1 2 2 0 1 0 2 0 2 0 3 2 3 4 4 1 0 0 0 3 3 0 0 4 3 2 4 4 4 2 0 3 1 4 0 2 4 2 0 3 4 0 2 2 4 3 0 1 4 0 1 4 2 1 3 2 4 4 1 0 1 3 3 3 2 3 2 3 2 2 1 1 2 0 0 3 4 1 1 3 3 3 4 1 4
2 0 0 3 2 1 4 0 1 4 0 0 2 3 2 4 2 1 4 4 1 2 3 2 4 3 3 4 2 1 3 1 1 1 4 3 2 4 4 0 3 1 0 0 4 0 2 3 1 1 3 4 3 3 2 4 2 2 3 1 3 4 3 4 0 4 3 4 3 4 4 4 0 2 1 1 4 0 2 2 1 0 1 2 0 0 3 2 2 2 4 0 3 4 0 3 3 0 4 4 1 0 3 1 2 1 4 3 2 1 0 0 3 4 4 4 4 3 3 4 2 2 4 0 3 1 0 2 3 4 1 4 4 1 2 4 4 2 4 3 0 0 4 4 1 3 3 0 3 3 1 0 3 1 0 1
4 0 3 3 1 1 4 3 2 4 4 4 1 3 2 1 0 3 2 1 2 2 4 2 1 0 3 4 3 3 0 0 1 1 0 4 2 4 4 2 3 3 1 1 4 3 0 1 4 2 0 3 0 1 0 1 1 3 2 2 4 2 2 2 0 4 3 3 3 3 2 4 3 3 2 4 3 2 1 2 0 1 0 2 2 1 0 0 1 2 4 0 1 3 4 2 2 3 0 3 3 2 2 1 2 4 1 0 4 2 0 4 0 2 3 4 0 3 1 2 0 1 4 1 4 1 0 2 4 0 2 4 4 4 0 3 0 3 1 4 2 1 0 2 0 3 3 1 3 0 0 3 1 4 2 2
2 2 1 1 0 3 0 1 2 3 0 0 1 1 1 1 4 4 0 4 4 4 2 3 4 2 3 2 4 0 4 1 0 1 0 2 4 2 3 4 0 0 1 4 1 2 0 2 3 0 4 3 1 1 1 0 4 1 2 3 4 4 4 4 0 4 1 1 2 1 2 4 2 3 3 0 3 0 0 1 3 4 4 4 0 2 2 4 4 4 4 3 0 4 4 0 0 2 4 4 3 1 4 2 0 4 3 3 0 3 1 0 4 1 4 4 0 1 1 1 3 0 1 0 4 0 3 2 4 2 1 3 3 0 2 0 0 2 0 2 0 2 4 1 0 3 1 0 2 2 4 2 2 0 2 4
3 0 1 2 4 2 2 3 0 2 0 2 4 1 1 2 3 0 3 3 3 4 0 2 3 1 1 3 2 1 2 2 3 0 1 3 4 4 3 4 1 3 3 0 4 4 4 4 4 3 4 0 2 0 4 3 3 1 1 2 2 3 4 0 0 1 0 4 2 3 1 0 2 4 2 3 1 2 3 0 0 4 2 4 1 2 2 0 0 3 2 2 3 2 4 3 0 2 0 2 0 1 2 4 2 4 0 0 1 0 3 1 4 0 3 1 4 0 1 4 4 3 3 2 2 3 3 2 0 3 4 2 4 3 4 3 3 4 4 1 4 2 0 3 4 3 1 4 0 2 3 4 3 2 4 0
2 2 3 4 0 4 3 1 3 2 4 3 1 0 1 2 4 3 3 4 1 4 3 2 2 3 3 0 2 4 2 4 1 2 0 3 2 4 4 2 1 1 2 0 3 3 2 3 4 2 4 0 2 4 4 1 2 0 3 0 4 0 1 1 3 2 1 2 1 3 1 4 4 3 4 4 3 4 4 2 1 3 0 0 2 1 1 2 1 4 4 1 2 0 4 0 4 0 4 2 3 0 2 4 0 3 1 0 4 0 0 1 4 2 1 3 3 3 0 0 4 4 3 1 2 4 3 1 1 2 4 2 4 3 3 1 1 4 4 1 2 4 4 3 1 2 1 1 2 4 1 2 3 1 0 2
2 4 4 4 3 0 1 0 0 4 1 3 1 0 4 3 1 0 1 2 3 4 4 0 3 2 4 4 1 0 1 3 4 2 2 4 4 0 4 4 2 1 3 3 3 4 3 0 0 4 4 0 3 3 2 4 3 4 3 4 4 1 4 0 4 4 4 3 4 4 0 1 2 3 1 0 2 4 2 4 0 2 1 1 0 4 0 0 3 0 1 4 1 1 4 2 0 0 3 1 1 3 0 3 1 1 1 0 3 3 2 3 0 3 1 3 4 1 0 4 1 2 3 3 0 4 0 2 2 0 3 3 3 0 4 1 4 0 2 2 3 1 2 1 1 4 1 1 2 1 2 4 3 3 4 3
4 1 0 1 2 1 0 0 1 4 4 0 1 1 4 1 4 2 2 0 3 3 3 0 2 1 4 0 1 0 1 0 4 3 2 1 1 4 3 3 0 2 0 1 0 0 2 4 4 2 2 2 0 2 2 4 0 4 2 1 1 3 2 0 3 1 3 0 2 2 0 2 4 0 3 2 2 0 3 3 2 2 0 0 0 0 4 0 1 1 2 4 1 1 0 0 4 3 2 1 2 2 3 4 4 1 1 2 3 1 2 1 4 3 3 4 0 2 4 3 1 3 2 4 1 4 4 0 0 1 3 2 0 1 1 0 4 4 4 3 1 1 1 0 1 4 4 3 3 0 1 1 4 1 1 2
2 0 3 2 4 3 2 4 0 3 1 1 3 0 4 1 2 2 1 0 1 2 4 2 2 2 3 3 0 4 1 3 2 1 2 3 4 4 4 4 3 1 3 3 3 4 4 2 2 2 3 0 4 2 2 1 4 3 2 0 4 3 0 1 4 2 1 3 2 1 0 2 4 3 2 2 2 3 0 1 2 0 2 1 2 1 4 3 1 1 3 1 4 0 4 0 3 1 4 2 4 4 1 3 4 0 2 3 3 4 0 0 4 4 3 3 0 2 2 4 1 2 0 0 3 4 3 3 2 2 0 3 3 3 3 2 3 1 2 1 2 2 3 4 1 1 2 4 0 4 3 1 2 0 4 2
1 2 0 4 1 2 2 4 0 1 3 0 4 0 1 3 0 1 2 3 4 0 4 4 4 4 1 3 4 2 2 3 4 4 4 0 1 1 1 3 4 4 3 0 1 1 4 1 2 1 2 3 3 1 3 0 1 1 3 2 3 3 0 4 2 4 1 1 3 2 4 4 3 0 2 1 1 3 0 1 4 2 4 3 0 4 0 3 0 0 3 0 3 0 1 1 0 2 2 0 1 3 1 1 3 3 3 2 1 3 0 3 2 4 3 4 4 3 3 1 3 1 2 4 1 3 2 3 3 1 0 1 4 2 3 0 2 3 4 1 3 4 1 0 3 1 1 4 4 4 1 4 0 0 0 4
0 2 4 3 3 0 2 0 4 0 0 3 0 4 4 3 0 2 0 3 3 1 0 4 3 3 1 0 3 1 4 3 4 4 4 4 1 3 4 0 3 4 3 0 0 0 3 0 4 0 1 3 3 3 4 1 1 0 2 1 4 3 1 3 4 0 4 0 3 4 2 3 0 3 0 3 3 0 0 2 0 3 2 1 1 2 2 2 4 1 0 3 0 2 3 4 4 3 2 0 2 4 3 4 2 1 2 2 1 3 2 4 1 4 0 3 3 2 2 0 1 3 3 1 2 4 2 1 2 4 1 1 1 2 2 3 3 0 1 4 3 0 3 1 1 0 1 0 0 4 0 1 4 0 4 1
1 1 4 0 3 1 1 4 3 1 4 1 1 2 2 1 2 3 2 4 3 4 1 0 0 3 1 1 3 0 4 0 4 3 0 4 4 4 3 4 2 4 0 3 2 0 1 4 0 3 3 0 4 4 1 1 4 2 2 3 0 1 0 1 0 2 0 1 3 0 1 0 4 3 0 1 3 1 1 0 2 1 1 1 3 2 0 2 1 2 2 1 1 4 2 3 4 4 4 2 4 0 0 4 1 0 0 1 4 3 2 1 2 3 4 0 2 4 4 3 4 2 0 0 3 4 3 2 4 4 0 3 2 2 4 3 4 2 4 3 0 3 1 2 3 1 4 0 2 4 4 1 3 1 1 1
0 1 4 1 1 1 0 0 3 1 3 2 3 4 3 4 3 4 3 1 2 0 4 0 4 3 1 4 4 0 0 4 3 1 3 1 2 0 1 2 1 1 2 0 3 0 1 1 1 4 4 4 4 3 4 0 3 2 1 2 4 4 4 0 0 2 1 0 2 0 2 0 1 1 0 4 1 1 2 0 3 4 4 4 4 0 2 3 4 3 2 1 2 3 1 0 0 2 0 4 2 4 0 1 1 2 2 4 4 0 4 4 4 0 0 0 2 2 0 2 3 3 0 2 1 1 2 4 3 4 3 3 4 0 1 2 3 3 3 4 3 3 0 4 0 0 0 0 0 0 4 0 0 4 2 2
0 2 3 0 1 3 3 2 4 1 4 4 0 3 0 3 3 0 0 0 2 2 0 2 4 4 4 0 0 2 4 0 1 2 1 2 0 1 0 1 3 1 2 0 1 2 3 1 2 0 2 0 2 4 4 2 1 4 4 1 3 3 4 4 2 2 3 4 3 0 1 3 2 3 0 0 3 4 2 0 4 1 2 4 0 4 1 1 0 0 0 3 0 4 4 2 1 2 3 1 3 4 2 0 0 2 0 0 3 4 0 3 0 0 4 1 1 0 4 1 2 4 4 4 0 3 3 1 0 1 3 3 3 2 0 3 4 3 0 3 2 0 3 0 2 2 3 3 4 4 4 3 1 0 2 1
0 0 3 3 1 3 3 4 0 4 4 1 4 4 4 3 2 4 3 1 3 1 2 2 3 1 2 4 4 4 0 4 1 0 4 0 3 3 1 0 2 3 4 3 4 0 1 3 0 2 0 3 3 2 3 3 0 2 2 1 4 3 3 0 3 2 2 4 0 1 1 4 4 0 2 3 1 4 2 3 1 4 1 1 1 1 0 3 1 4 0 0 2 3 2 1 0 0 2 3 1 3 2 2 4 0 2 0 1 4 3 4 0 1 2 3 0 4 2 1 4 4 3 3 4 0 4 4 2 3 4 0 2 2 4 3 4 2 3 2 1 3 3 4 1 0 2 3 2 4 1 1 0 4 1 4
2 1 1 1 1 0 2 3 2 1 1 3 0 1 0 4 1 3 3 3 1 0 3 3 2 0 1 2 1 2 4 3 0 0 2 2 0 1 2 0 2 1 3 0 2 1 4 1 1 2 1 2 2 4 2 1 4 0 4 3 3 0 3 0 0 0 4 0 1 4 2 1 0 3 1 4 4 0 0 2 2 1 0 1 1 4 3 2 0 4 0 0 4 4 0 4 4 2 1 3 1 1 4 1 4 0 2 0 0 3 2 4 4 4 0 2 4 3 2 4 4 2 1 3 3 3 4 0 0 1 3 3 2 4 1 3 4 4 3 1 2 0 0 3 0 0 1 1 1 3 2 0 2 3 1 3
1 0 0 2 3 0 0 2 4 4 0 3 3 0 4 0 3 1 3 0 1 1 1 4 1 3 2 1 1 3 1 2 0 1 1 4 1 4 1 2 3 4 0 1 4 1 3 2 2 3 4 0 0 0 2 3 3 4 1 1 2 2 4 2 0 2 3 1 1 2 0 1 1 2 4 2 3 2 2 2 1 1 0 3 4 2 3 2 1 0 4 0 2 0 4 3 2 0 1 1 2 2 2 0 4 2 4 0 1 3 4 2 0 4 2 4 3 1 3 1 1 4 1 0 4 3 0 4 3 2 2 2 1 1 4 2 0 3 4 2 2 4 1 4 0 4 0 4 2 0 0 0 0 4 0 1
2 1 0 2 0 4 1 3 1 0 2 1 3 2 3 2 1 2 1 1 1 1 0 0 4 3 0 4 2 0 0 1 3 3 0 0 4 1 0 0 1 3 2 1 0 2 4 3 1 2 1 2 1 2 4 0 2 4 4 4 0 1 2 0 1 2 3 1 3 3 3 1 1 0 4 3 0 3 1 1 1 3 1 2 2 0 4 4 0 3 0 2 1 2 4 0 1 2 1 4 1 4 2 4 2 1 3 4 2 4 2 3 4 3 2 1 1 3 2 3 1 2 2 4 1 1 4 2 1 2 3 2 2 2 3 1 4 1 0 3 3 2 1 2 3 0 1 1 3 3 4 1 3 1 2 1
4 4 4 0 1 4 4 0 2 3 1 3 1 3 1 1 3 4 1 1 1 2 2 1 2 3 4 0 4 1 4 0 0 0 1 2 4 2 2 3 2 1 1 4 4 4 2 2 3 3 0 1 2 4 2 0 2 3 2 3 0 1 4 2 1 2 1 3 4 1 1 2 2 0 3 3 4 2 3 0 1 3 1 3 3 1 0 2 4 3 1 1 1 0 4 3 2 2 1 3 3 4 2 2 4 2 1 4 0 1 1 3 4 4 1 4 2 2 2 2 2 3 0 3 0 1 1 4 4 4 2 2 4 2 2 3 4 3 4 1 4 0 4 0 2 1 2 4 0 4 3 2 4 4 2 4
2 1 0 1 0 4 1 1 1 3 2 1 3 1 4 4 4 4 4 1 2 1 2 4 2 1 1 1 2 0 2 4 1 4 1 4 4 4 0 0 2 2 3 0 1 3 4 0 4 0 3 1 4 2 0 1 3 3 0 2 3 4 2 0 4 0 4 0 4 1 0 3 4 1 3 2 1 4 4 0 1 2 1 0 1 3 4 2 1 1 4 4 2 1 1 3 3 2 3 2 1 1 0 0 2 0 4 0 1 3 0 0 2 3 2 3 1 1 0 2 4 0 3 2 3 2 0 2 1 4 4 2 0 2 4 4 4 3 4 1 1 1 3 3 4 0 2 0 2 4 2 3 4 2 0 0
4 3 2 3 2 3 0 4 2 2 0 2 0 1 0 2 2 3 2 1 3 1 1 2 1 0 1 0 2 3 2 4 1 4 4 0 0 4 4 2 1 1 1 4 2 1 3 4 4 0 0 0 2 3 2 3 3 0 0 3 4 3 4 0 4 3 1 4 4 2 2 3 1 3 2 3 2 0 0 3 2 2 3 4 1 3 2 1 3 0 1 2 3 0 0 2 0 3 4 2 0 3 0 1 3 4 2 0 1 2 4 3 4 4 0 2 2 2 4 1 4 2 0 2 3 2 2 0 0 1 4 3 1 4 1 4 0 3 0 3 2 1 2 4 0 2 1 0 1 2 3 1 0 0 0 0
3 4 2 0 2 2 3 3 3 0 3 4 0 0 4 0 1 1 4 3 0 2 0 4 0 3 2 2 4 4 2 4 4 4 4 3 3 3 2 2 0 2 3 2 2 2 2 0 1 1 0 1 4 3 2 1 1 1 0 2 1 2 3 2 3 3 0 2 3 4 1 0 3 4 2 0 1 0 2 4 3 0 3 4 3 0 0 1 2 0 1 0 4 4 2 0 2 2 4 2 4 0 2 2 1 0 0 4 2 4 4 0 1 2 0 1 2 2 3 1 0 1 1 1 0 3 1 0 3 2 2 4 4 0 1 0 2 3 0 4 3 4 1 4 3 1 3 0 1 3 4 1 4 0 2 4
1 1 4 1 3 4 0 3 1 1 0 3 2 0 4 0 1 0 1 4 4 4 2 0 2 3 1 3 3 0 3 4 3 4 0 2 0 2 2 1 1 2 1 3 0 0 0 3 3 1 0 2 3 4 4 2 2 2 1 0 2 1 2 1 0 4 0 1 2 2 4 3 1 1 3 3 3 3 2 3 1 2 2 4 1 1 4 3 3 0 0 3 1 4 1 3 4 3 1 3 2 1 3 3 4 1 2 4 1 1 3 2 3 0 4 1 4 3 1 2 0 1 2 1 3 0 1 2 3 3 2 0 1 2 1 0 0 3 4 1 4 4 3 4 0 2 0 4 2 3 3 2 1 1 0 4
3 2 3 2 2 0 2 3 2 3 0 2 3 4 0 4 4 4 3 1 3 0 0 1 3 0 0 0 3 1 4 2 3 3 4 0 0 3 0 0 4 0 4 4 1 0 4 0 1 2 3 1 0 0 4 3 1 0 3 4 1 0 3 1 0 4 1 0 0 3 0 4 3 0 0 4 2 4 2 3 4 0 4 4 1 4 4 4 4 0 0 2 0 4 3 0 3 1 2 3 4 3 4 4 0 0 3 2 4 2 2 0 0 3 4 1 2 1 2 3 1 2 2 1 1 0 3 0 1 2 0 2 2 0 1 2 2 2 1 3 4 0 4 4 4 0 2 3 1 4 2 2 2 4 0 0
2 0 2 3 3 3 3 0 0 4 0 2 1 3 0 3 4 1 4 0 2 2 3 0 3 2 3 2 4 0 3 1 3 0 1 3 0 4 0 2 4 0 4 2 1 2 0 2 3 0 2 2 4 0 3 4 3 3 4 4 3 2 0 3 4 3 1 2 3 2 4 4 4 1 3 0 3 4 4 3 1 1 1 2 4 4 3 4 2 2 3 2 1 0 1 3 3 2 0 3 4 1 2 4 2 1 1 0 2 3 4 0 4 0 4 0 1 2 4 3 0 4 0 3 4 1 1 0 1 1 3 0 3 3 1 0 1 0 3 3 3 4 0 4 1 4 0 2 3 1 2 0 3 4 4 4
3 0 4 4 4 0 4 2 3 3 4 4 0 4 4 3 3 1 2 1 2 4 3 0 3 2 1 1 2 2 0 0 2 0 4 1 2 0 0 0 0 2 1 0 3 0 3 4 1 3 0 3 4 1 0 2 0 3 3 2 0 4 4 0 1 3 3 3 1 1 0 3 0 1 4 3 3 4 2 1 4 0 4 4 3 1 1 3 0 2 1 2 3 2 2 1 1 1 1 4 4 1 2 4 4 3 2 2 3 2 3 2 4 4 1 2 0 0 2 2 2 0 0 2 3 4 3 1 2 4 0 1 2 4 0 1 3 0 0 1 2 3 0 3 4 4 2 1 1 4 4 3 0 1 2 3
2 0 4 0 1 1 3 3 2 4 1 0 1 1 3 3 1 1 3 0 0 0 1 1 4 2 1 4 0 3 4 3 0 0 0 3 3 3 1 1 4 4 1 0 0 2 0 1 3 3 3 0 3 4 1 0 4 4 1 4 4 1 4 4 3 1 2 2 0 0 3 1 1 1 2 3 3 4 1 3 3 4 3 3 0 1 0 4 0 2 1 1 0 2 0 3 4 4 2 4 1 0 2 4 2 4 2 2 4 3 3 4 2 1 4 0 0 0 4 2 2 2 4 4 0 4 4 4 1 2 0 4 2 2 4 1 4 1 4 3 2 4 4 4 0 3 1 2 3 1 0 2 0 4 1 0
0 1 1 1 3 3 3 2 1 4 4 0 0 0 0 4 4 4 4 1 4 0 4 3 3 4 0 1 3 4 3 3 0 0 2 0 0 2 2 3 1 3 3 3 0 0 3 4 1 4 1 1 1 2 1 2 1 1 3 1 2 1 1 4 3 0 4 4 2 4 4 0 4 3 4 0 0 4 4 4 3 2 2 1 1 3 3 4 1 3 0 4 2 4 3 0 4 0 1 4 1 1 4 0 1 0 2 3 4 4 4 4 3 1 3 0 4 1 4 1 0 0 2 4 1 0 4 0 2 3 4 0 1 1 1 4 1 0 4 3 4 4 4 3 0 2 3 0 1 4 3 3 1 0 2 2
2 3 3 0 3 4 0 4 0 3 0 4 4 0 4 0 4 0 3 4 0 3 1 3 3 4 1 4 4 0 2 4 0 2 4 4 1 1 0 4 0 1 0 1 3 1 1 2 1 2 3 3 2 0 1 0 1 4 2 3 4 1 2 2 0 1 1 1 4 3 2 4 4 2 2 2 3 1 1 2 3 0 0 2 2 2 0 3 3 2 1 3 0 0 2 0 3 3 3 3 1 1 4 3 0 2 2 1 0 4 3 0 1 3 2 0 2 2 3 1 1 2 1 1 2 3 1 1 3 2 1 1 3 0 4 0 4 4 1 4 0 1 4 3 2 2 3 4 4 3 2 1 2 0 4 2
3 3 0 3 0 1 0 0 1 1 0 1 2 4 2 2 0 2 0 2 4 0 4 0 4 1 3 1 4 3 3 2 1 0 3 1 1 0 1 0 3 3 1 1 2 3 0 3 2 1 2 3 3 1 4 2 0 4 1 4 2 1 3 0 2 1 3 0 3 1 0 2 0 3 3 4 4 0 2 1 3 2 0 2 3 1 1 3 0 2 4 0 1 3 0 0 1 4 0 0 2 1 2 2 4 2 2 3 2 1 2 1 3 2 0 4 0 1 2 0 1 4 0 2 2 3 2 0 4 4 0 1 2 4 4 2 3 3 2 3 1 1 4 0 0 4 4 0 2 3 1 3 4 3 0 1
1 4 2 0 4 4 2 1 4 3 0 4 3 0 2 4 3 3 4 4 2 0 4 2 1 0 0 0 1 1 4 2 2 3 3 3 2 2 2 3 2 4 3 0 4 2 4 3 1 1 4 0 3 3 2 4 1 3 2 2 1 1 4 3 4 4 2 3 3 1 4 0 0 4 0 2 1 2 2 2 3 1 3 1 4 0 3 0 3 0 4 4 3 4 0 4 0 4 2 1 0 3 1 0 2 4 4 4 1 1 1 1 2 4 2 4 0 2 4 0 2 1 0 2 2 2 1 2 1 1 3 1 4 2 3 2 1 3 1 4 4 4 0 2 4 4 3 1 2 2 3 1 0 0 4 2
2 2 0 3 3 0 4 3 2 0 2 0 3 0 4 2 4 1 1 0 1 4 1 3 4 2 4 4 2 3 2 0 1 4 0 1 1 2 1 1 2 3 1 0 0 3 4 0 4 1 0 0 2 4 0 1 1 0 3 0 0 2 0 3 1 3 0 2 0 3 0 2 4 2 2 4 2 1 4 3 4 2 4 4 3 1 2 1 1 0 1 4 2 4 2 0 2 4 0 2 3 0 4 2 4 3 1 3 1 3 2 3 2 3 2 0 4 4 1 1 0 4 2 4 3 4 2 2 1 4 4 1 4 0 3 1 0 1 4 2 1 3 0 3 1 2 3 1 1 1 4 3 1 1 0 4
0 2 4 3 1 3 4 2 1 4 0 1 3 0 0 4 3 0 0 2 4 3 3 3 2 2 3 3 3 3 4 0 0 3 4 3 4 3 1 2 3 3 3 3 0 4 2 1 1 2 3 3 3 1 3 0 3 1 0 3 0 1 3 0 0 2 1 1 3 4 3 3 2 3 1 3 2 3 4 1 3 2 1 3 3 4 0 3 0 2 3 0 3 1 3 3 1 4 1 4 3 4 2 2 3 0 0 2 0 4 0 3 1 1 3 1 2 3 1 3 0 4 0 1 3 3 4 4 4 3 3 4 2 2 2 2 2 4 2 2 4 2 3 2 1 3 1 3 4 4 3 4 4 4 0 2
4 2 3 4 2 3 0 1 0 2 4 4 4 3 3 3 2 3 2 3 2 3 4 1 0 2 2 4 1 0 3 1 4 3 2 1 1 2 2 3 2 3 2 1 1 2 1 1 1 3 4 3 4 0 4 4 0 3 0 1 3 0 4 2 3 3 3 4 3 3 2 0 3 1 3 2 3 1 3 1 1 4 4 0 0 0 1 0 4 3 3 4 3 0 2 3 3 2 4 1 2 1 3 1 4 3 3 0 4 3 1 1 2 3 3 4 0 2 1 1 0 0 1 1 2 0 4 2 2 4 1 2 2 1 3 4 0 3 4 1 3 2 4 0 2 3 2 3 2 3 4 2 0 0 0 2
2 0 2 2 1 3 4 3 4 4 2 4 4 3 3 2 3 2 4 0 2 1 3 4 2 3 4 2 0 4 2 3 1 4 0 2 2 1 3 3 0 2 0 4 1 3 3 4 2 2 4 0 1 3 1 3 3 2 2 0 2 1 0 0 0 2 3 4 3 1 3 0 3 0 4 1 3 4 2 0 2 2 2 0 2 1 3 2 3 2 2 2 4 0 3 4 2 3 1 1 1 1 3 1 1 3 3 1 4 0 3 1 4 1 3 3 2 3 0 2 1 0 0 0 0 0 1 4 3 4 2 4 0 1 0 1 1 0 4 0 3 3 4 2 4 2 1 3 1 3 2 2 3 2 4 0
2 2 0 0 2 2 1 2 3 4 1 4 4 0 0 2 3 4 2 4 3 3 4 4 3 2 3 2 4 2 2 4 0 2 1 4 2 3 1 0 2 4 0 3 2 2 1 2 3 0 2 1 0 3 1 3 0 4 0 2 4 0 1 1 4 4 0 1 2 3 2 1 3 4 0 2 3 3 4 1 3 3 2 3 2 3 3 4 0 4 1 1 1 4 2 0 1 2 4 0 2 3 2 2 4 4 4 2 4 4 3 4 4 2 4 3 1 2 3 3 3 1 4 1 3 3 4 4 2 3 4 4 3 3 2 2 2 1 4 3 2 4 2 4 1 3 2 4 1 2 4 1 4 0 3 2
3 2 3 0 0 2 2 3 1 4 2 0 2 3 4 2 2 3 1 0 2 0 0 0 3 1 1 4 2 4 3 0 1 1 3 3 3 0 3 1 1 0 4 0 3 3 2 2 3 0 0 2 1 0 2 4 1 4 0 0 0 3 1 4 4 1 2 4 3 3 3 4 3 2 1 4 2 4 3 0 4 3 3 2 0 2 3 4 3 3 4 4 1 2 0 2 3 2 2 1 2 2 2 3 4 4 4 1 0 2 3 1 3 3 4 3 1 2 4 4 1 4 0 4 1 0 2 2 0 1 3 2 3 3 2 2 2 1 0 2 4 0 3 4 4 4 2 0 2 2 1 0 3 4 1 1
4 3 3 1 1 4 1 4 2 3 3 1 0 0 0 1 1 0 0 0 0 4 2 4 1 0 1 1 4 2 3 1 3 3 4 1 2 0 3 1 4 3 2 1 4 2 2 2 0 4 2 0 3 1 1 2 1 2 3 3 1 3 4 1 2 3 3 4 1 1 1 2 4 0 3 0 0 2 2 0 1 1 0 4 2 3 1 1 0 2 4 3 0 0 2 2 0 0 4 1 3 2 0 4 2 3 0 2 2 4 2 3 1 4 0 0 2 1 3 4 0 2 0 1 4 2 0 0 4 1 3 4 3 4 3 3 4 0 2 2 2 2 2 3 1 2 0 1 1 4 2 3 3 4 4 0
1 2 2 2 3 0 1 2 1 0 0 3 2 2 2 4 4 4 4 3 4 0 1 2 1 3 0 4 0 2 1 1 4 3 4 2 4 2 1 2 4 3 2 2 3 4 3 4 1 3 2 2 0 0 4 1 1 1 2 1 0 4 2 4 2 3 4 3 3 0 3 2 4 0 4 4 2 0 3 3 3 3 0 0 3 1 3 4 4 0 0 0 1 0 4 1 0 0 1 3 1 1 3 2 4 2 1 1 2 4 4 2 4 1 2 3 4 0 4 3 3 2 3 1 4 0 4 1 0 1 0 3 4 3 0 3 2 3 4 2 0 0 1 4 3 1 4 2 1 4 1 1 1 1 3 0
1 4 1 2 0 3 2 2 3 0 0 3 3 2 2 0 4 3 2 3 4 1 2 3 0 0 1 3 2 1 3 0 1 2 4 3 2 2 0 1 2 1 1 2 0 3 3 4 3 0 2 0 3 0 0 4 2 1 4 4 0 0 2 1 2 1 1 1 3 2 4 2 0 0 0 0 0 0 4 4 2 4 4 0 1 4 1 3 2 1 0 2 1 2 0 0 3 2 1 4 1 1 1 1 1 3 3 2 3 4 3 0 0 2 1 1 3 2 2 0 0 2 0 1 1 0 1 4 2 0 0 3 1 4 1 4 2 1 1 1 1 4 3 1 3 1 0 1 1 2 4 1 1 4 3 2
4 1 3 4 1 4 4 4 3 1 4 0 2 2 3 0 4 4 4 2 0 4 1 1 1 0 0 4 1 3 1 0 1 4 1 0 0 1 4 3 4 3 1 3 3 1 1 2 0 0 4 1 4 0 4 2 2 4 1 3 4 4 1 3 3 4 3 1 2 4 4 1 0 0 2 3 4 0 0 4 0 4 2 1 2 2 3 1 1 1 2 3 2 0 1 2 4 4 3 2 3 3 0 3 0 4 3 4 4 3 1 1 0 3 2 4 0 2 0 4 0 4 2 2 4 3 0 1 4 3 3 4 3 0 0 1 0 3 2 1 4 3 3 4 2 0 3 2 3 0 3 3 2 0 3 1
0 3 2 1 3 2 1 4 3 3 0 0 3 2 1 2 1 4 1 0 2 1 2 2 4 3 2 1 0 0 4 1 0 4 4 4 3 2 0 1 0 0 3 4 4 2 3 2 1 0 2 0 3 2 2 4 0 2 0 0 2 2 3 0 3 3 1 1 0 1 0 3 3 3 4 2 0 2 0 4 4 4 4 3 1 4 2 3 3 0 4 0 4 4 2 2 4 3 0 0 4 0 0 2 4 4 2 4 3 2 0 3 1 2 3 0 3 0 3 1 2 4 1 3 4 4 0 0 4 1 0 4 3 2 3 2 3 0 4 2 4 1 2 3 3 0 3 1 2 3 2 0 0 1 0 1
2 3 1 1 1 4 2 4 1 3 2 0 3 3 4 3 4 1 3 0 1 1 1 0 1 1 2 1 4 3 2 1 1 4 4 2 3 4 1 4 2 0 1 2 0 2 2 2 3 0 2 1 3 0 2 0 1 1 3 0 4 1 3 0 2 0 4 0 1 3 1 0 3 0 2 1 2 2 3 3 2 0 1 3 0 0 3 2 2 3 4 1 4 0 4 1 2 0 3 3 3 0 3 4 2 2 0 4 4 3 4 4 0 1 2 0 1 2 4 3 0 1 2 2 3 3 0 0 3 4 0 4 1 0 3 3 2 0 2 4 0 2 0 0 0 4 0 1 3 2 2 3 0 1 2 3
1 3 3 1 4 3 0 0 0 0 3 4 0 2 3 0 1 0 2 1 4 0 3 2 2 2 3 2 0 2 0 1 0 0 2 1 0 0 1 0 0 4 4 3 4 0 0 0 0 3 2 2 0 2 1 2 1 4 1 1 4 3 2 1 0 1 3 0 1 4 2 4 1 3 4 0 3 4 0 1 4 4 3 4 1 4 3 4 1 1 0 0 1 4 1 1 1 4 3 4 1 2 3 2 1 4 4 4 4 1 0 0 3 0 2 4 2 2 1 3 4 1 0 0 1 3 4 2 3 4 3 1 2 4 0 3 3 4 2 4 2 0 0 0 2 2 2 4 4 3 4 0 4 4 3 0
0 2 4 3 3 0 4 0 4 1 3 2 0 3 2 2 0 4 0 4 1 2 4 2 0 0 0 4 2 3 2 2 2 3 0 2 3 1 3 2 2 3 2 4 3 4 3 3 3 3 3 1 0 4 0 2 4 0 4 1 0 3 3 4 1 0 2 2 3 2 1 2 0 3 3 4 4 2 4 2 2 2 0 3 3 1 0 3 3 1 1 1 4 2 2 3 2 4 0 3 3 3 2 4 2 1 0 3 0 4 3 2 4 3 2 2 1 0 2 2 1 4 3 1 1 2 4 0 4 1 0 2 4 3 1 3 1 1 2 1 3 0 3 2 0 1 4 2 3 2 4 4 3 4 2 1
3 1 3 2 2 4 0 4 4 3 2 0 2 1 1 0 3 1 4 4 4 3 3 2 2 4 4 0 0 1 3 3 3 2 3 2 3 0 3 2 3 3 4 2 4 2 4 0 3 3 4 0 2 4 4 1 3 3 4 3 0 2 3 0 1 1 4 4 1 3 1 2 1 0 4 2 2 1 2 3 4 3 3 3 4 4 0 2 3 1 2 0 3 3 0 0 4 1 4 3 1 3 0 2 0 1 2 0 2 1 3 4 2 3 2 1 2 4 4 2 0 3 2 4 1 4 1 3 1 2 1 2 0 3 2 3 4 1 3 4 2 3 3 4 1 0 3 0 0 4 3 0 2 2 1 1
2 4 4 3 2 0 2 4 3 4 2 4 0 0 3 0 0 1 1 3 4 4 4 1 3 4 3 3 1 0 4 3 4 3 3 3 0 1 3 0 2 0 4 3 3 3 0 3 1 1 2 0 1 3 3 1 2 2 4 0 2 3 1 3 3 4 2 3 2 0 3 2 2 3 2 2 3 2 1 4 3 0 2 4 0 0 1 4 2 2 4 1 1 0 2 4 2 1 3 1 3 3 3 0 1 0 0 4 4 3 1 3 3 0 4 3 2 2 2 2 0 3 3 1 1 2 2 0 3 2 1 3 1 2 1 4 4 1 4 4 4 2 4 4 4 3 2 1 1 1 3 3 1 4 1 2
3 3 4 2 1 3 2 4 0 3 3 1 4 4 0 0 3 4 4 2 0 3 4 3 1 4 1 3 3 2 2 2 2 2 1 0 0 0 4 2 4 3 3 0 4 1 1 3 2 0 0 2 1 1 2 2 1 3 0 1 0 0 0 3 2 3 3 4 4 0 3 0 0 1 0 4 4 1 2 4 4 3 3 0 4 1 2 2 4 0 4 2 2 4 2 1 3 2 0 4 2 0 4 2 1 4 2 3 3 4 2 4 4 0 1 4 3 0 1 3 0 2 0 4 2 4 0 2 1 0 1 1 0 2 3 4 1 2 4 1 4 3 0 3 0 3 4 4 4 1 2 1 0 4 1 4
3 1 1 1 4 4 2 1 1 3 2 0 0 1 3 4 4 4 0 0 2 4 1 3 2 3 0 3 4 1 2 4 2 1 0 1 0 0 3 4 3 0 1 0 4 4 2 3 0 2 0 3 1 1 3 4 1 3 2 2 4 1 1 2 2 4 3 0 4 3 4 4 4 0 1 3 1 3 3 2 0 1 2 4 4 0 0 1 4 2 3 3 0 2 0 3 1 1 3 2 4 4 1 0 1 4 0 2 3 1 4 0 2 1 4 1 4 4 4 3 3 0 1 4 4 4 4 0 2 2 4 3 3 2 1 4 1 1 3 4 2 3 2 1 1 1 3 0 3 4 0 3 1 4 2 0
0 3 2 2 2 1 0 0 3 3 1 0 0 0 1 4 3 3 1 1 2 1 4 2 0 4 0 4 3 0 4 3 3 2 2 1 3 0 1 4 3 3 1 0 3 4 0 3 3 3 1 2 4 0 4 1 2 4 0 0 4 2 1 0 4 0 1 4 2 4 3 1 4 1 3 2 1 3 2 1 1 4 0 2 1 4 4 3 0 1 1 2 3 4 2 4 4 3 4 4 2 4 0 2 1 3 1 4 4 1 0 2 2 0 0 3 1 1 4 1 4 0 3 0 1 2 4 2 0 3 1 0 0 3 4 3 2 2 2 3 0 2 0 4 4 2 0 0 0 4 1 0 1 2 0 2
4 1 1 2 2 3 4 2 1 0 0 0 4 2 3 0 1 1 4 0 3 1 0 4 0 3 1 3 2 3 0 4 1 2 1 3 2 2 2 3 4 4 4 3 1 4 0 4 0 2 4 4 3 1 0 1 0 3 4 2 3 0 1 4 4 4 0 3 3 2 1 2 2 2 3 0 2 3 2 2 2 1 3 1 0 0 4 0 0 3 4 3 0 3 0 1 4 0 4 0 4 1 2 3 3 2 4 2 3 1 2 0 4 0 3 4 3 2 1 3 1 3 4 3 3 1 0 2 3 4 4 2 0 2 1 1 1 2 0 4 0 2 2 1 3 0 1 3 0 4 3 3 4 4 1 2
0 1 2 0 1 1 3 3 0 1 1 2 0 2 3 0 4 0 1 4 3 4 2 3 1 3 1 0 2 4 0 0 1 2 0 4 0 0 4 3 1 1 0 3 0 3 0 4 1 2 1 4 3 0 2 4 3 0 2 1 4 2 3 2 1 3 1 1 4 1 4 2 4 1 1 4 2 1 0 3 0 1 2 1 4 1 0 2 1 2 0 2 1 3 0 2 2 1 1 3 4 0 0 3 4 3 4 1 2 2 1 4 0 3 0 4 1 3 2 4 2 2 1 4 3 3 3 0 0 4 0 1 2 2 2 1 1 3 2 0 0 3 1 1 3 4 0 4 2 2 0 1 2 1 2 0
0 1 2 2 0 4 0 2 1 2 3 4 1 2 4 3 0 3 4 0 2 0 1 1 4 1 2 3 0 0 0 2 1 4 1 3 3 1 3 0 1 3 4 2 3 1 2 0 4 2 1 3 4 2 4 3 4 1 4 1 1 4 3 4 4 4 0 2 2 0 4 3 0 4 2 3 2 0 4 1 2 0 1 1 2 0 1 3 1 0 1 0 2 4 1 3 0 3 2 3 3 2 1 4 3 4 2 0 4 1 3 3 3 4 1 3 4 2 1 2 0 0 4 4 4 1 2 2 4 4 0 0 3 1 4 1 2 3 1 3 2 4 1 0 0 2 3 4 2 2 4 4 2 3 3 1
4 0 3 1 1 0 1 0 4 2 1 1 0 0 2 4 4 0 0 2 3 3 1 2 0 2 1 2 1 1 1 2 3 1 3 4 2 1 1 3 0 0 1 3 0 3 2 1 4 2 3 4 1 2 1 3 4 4 3 0 0 1 0 0 4 3 4 3 2 3 1 2 3 3 0 3 1 0 4 2 2 0 1 0 2 4 1 3 0 4 1 2 2 1 2 1 1 4 0 3 2 3 3 0 1 0 0 0 0 1 2 3 3 1 0 0 2 1 1 3 2 2 0 4 3 0 3 4 4 0 0 1 3 3 3 0 3 0 2 1 3 1 1 2 2 1 2 2 0 3 0 4 2 2 1 0
2 4 0 1 4 0 4 2 0 4 4 0 4 1 1 3 0 4 0 2 3 4 1 0 0 1 4 2 4 0 0 3 4 0 0 0 2 4 0 4 1 1 4 0 0 3 0 0 4 2 4 2 4 1 2 1 2 2 3 3 4 0 2 1 0 4 1 4 0 3 0 1 0 2 4 0 0 4 0 1 4 4 4 3 0 3 4 0 2 4 3 2 0 2 3 2 1 1 4 2 0 4 3 0 1 2 0 3 4 2 0 3 1 1 3 4 1 2 4 4 1 4 1 1 2 1 1 0 2 0 2 4 4 3 4 3 2 1 1 3 3 3 1 2 4 4 1 1 3 0 2 0 4 0 3 3
1 1 4 0 1 3 0 3 1 4 1 1 3 4 4 1 3 3 3 4 2 4 2 3 1 4 0 3 4 3 3 2 0 2 3 3 3 0 1 1 4 2 2 4 2 2 1 2 2 1 1 4 3 1 2 1 0 2 4 2 3 3 1 0 2 1 0 2 1 2 4 3 1 3 2 0 2 0 2 4 4 1 1 2 2 3 3 4 3 0 3 3 0 0 0 4 3 0 2 0 4 3 3 1 1 2 3 4 3 1 3 4 4 1 1 3 2 1 2 0 3 3 0 3 0 2 0 3 2 4 0 4 2 3 2 0 3 0 4 3 3 0 2 2 1 0 0 3 1 0 0 0 0 2 0 0
4 0 0 4 4 1 0 1 1 2 2 4 2 3 2 3 0 1 0 4 1 3 2 3 0 0 0 0 4 0 2 4 1 2 0 2 3 0 1 0 2 0 1 1 3 4 4 1 2 2 0 4 2 4 2 4 1 4 1 1 4 3 2 2 0 2 0 1 4 3 1 3 3 2 4 3 3 1 4 1 0 4 2 2 1 4 3 2 0 4 3 4 2 0 4 4 4 1 0 3 4 3 1 2 3 1 0 3 4 2 1 4 1 3 1 4 4 4 2 4 3 0 4 2 1 3 3 2 1 1 1 0 4 2 2 4 0 4 3 4 1 1 3 0 0 1 4 4 0 1 4 0 4 0 4 2
0 3 4 1 4 0 3 0 3 0 0 3 1 0 0 3 1 3 0 3 0 4 3 2 3 4 0 2 1 4 1 3 4 0 4 0 1 2 1 1 4 3 1 2 0 1 0 1 0 2 0 2 4 0 4 2 1 4 1 2 1 2 0 2 2 1 3 0 0 1 3 1 1 0 3 1 1 1 4 3 3 1 0 2 1 2 1 4 3 4 1 4 1 3 4 1 4 2 3 4 0 2 0 1 2 4 4 0 0 3 4 0 0 1 0 3 3 1 3 2 1 1 3 4 0 2 2 1 1 3 1 1 0 3 4 4 4 3 4 1 4 0 4 1 2 4 4 0 0 4 4 3 3 3 0 3
0 4 1 2 2 4 0 2 3 0 3 4 0 3 3 4 3 2 0 2 1 2 3 3 3 2 4 1 2 1 1 3 0 3 2 3 2 2 2 2 4 1 2 0 1 2 1 1 4 2 4 0 1 4 3 4 3 4 3 1 0 4 4 1 4 3 1 4 2 0 1 2 3 0 4 4 2 2 3 1 4 2 3 2 3 4 2 1 3 2 2 4 1 3 2 3 3 0 2 1 0 0 3 4 1 4 0 0 1 3 2 3 2 0 0 0 1 4 2 0 1 1 1 0 2 3 0 0 0 2 1 0 2 1 1 0 2 2 1 1 2 0 4 0 2 1 2 4 3 1 4 1 0 2 3 2
2 3 4 2 2 3 2 0 1 4 2 1 3 3 2 2 3 3 4 1 1 2 0 4 3 1 3 0 3 1 2 0 2 4 4 4 2 1 4 0 2 2 1 2 2 3 0 1 3 4 4 0 1 4 1 2 2 4 2 2 3 2 4 0 1 3 4 0 1 1 2 4 3 4 1 2 4 3 3 3 3 2 0 1 3 1 0 2 3 0 4 1 2 3 1 0 1 2 2 0 3 4 4 3 0 2 1 0 3 1 0 1 1 2 4 1 3 2 4 3 2 0 4 1 4 2 3 2 2 0 2 0 1 3 1 4 3 2 4 1 0 1 4 1 3 3 0 3 0 4 2 4 4 3 0 0
3 3 0 0 0 2 0 4 3 1 3 1 0 4 2 1 2 1 4 2 1 4 0 2 0 4 3 2 0 1 2 3 1 2 3 4 2 0 3 0 4 1 1 4 2 3 2 4 4 4 1 0 0 3 4 1 3 0 3 0 1 2 3 2 0 3 1 2 3 1 4 4 2 0 1 1 0 3 0 1 4 1 3 0 0 0 1 0 0 1 0 3 3 0 2 3 3 4 2 3 2 1 3 2 3 1 3 3 4 4 4 4 2 3 1 2 3 2 4 0 3 1 3 1 1 0 2 1 1 1 0 4 3 0 1 1 1 1 0 2 0 1 3 3 1 4 2 1 3 2 1 3 0 1 2 2
2 1 0 3 2 2 4 0 2 2 4 0 4 1 0 1 2 0 4 1 2 4 2 0 3 4 1 3 0 3 2 4 4 3 0 1 0 1 4 0 4 3 0 0 1 2 1 3 3 1 1 0 2 4 2 0 0 3 3 0 3 1 2 2 4 2 1 4 3 2 4 4 2 2 4 3 1 1 3 1 4 0 1 1 4 1 1 4 4 4 1 0 2 0 4 1 2 0 3 3 4 4 2 1 3 4 4 0 0 3 1 4 3 0 2 4 1 3 3 2 4 1 4 4 2 4 0 1 1 0 4 1 0 4 2 0 3 2 0 0 2 4 4 0 4 3 4 2 3 4 1 4 0 1 3 2
0 1 4 3 1 0 4 3 4 2 4 4 1 1 4 3 0 0 3 1 3 4 0 1 3 4 3 0 0 1 0 2 2 1 0 1 1 2 4 3 4 0 4 0 2 4 0 4 1 0 3 0 4 3 3 4 2 1 1 4 0 1 3 2 2 1 3 1 3 0 1 2 0 2 4 4 1 4 4 0 4 2 2 0 2 2 1 2 1 2 3 1 4 2 3 3 3 4 1 3 4 4 2 1 2 1 1 0 2 2 0 3 1 2 0 3 0 1 2 1 3 1 4 4 0 4 0 0 3 3 3 2 3 0 1 2 3 2 2 2 4 0 2 0 4 2 0 4 0 3 2 0 4 3 2 1
3 2 1 1 0 4 1 0 1 2 2 1 4 2 3 0 2 0 0 1 4 0 3 1 0 2 1 1 1 3 2 4 2 0 0 0 4 3 0 2 0 0 3 1 4 3 3 1 0 3 4 4 1 4 0 3 2 4 0 0 2 4 4 2 0 1 2 1 2 4 4 2 4 4 1 0 3 4 1 3 0 3 0 3 2 2 1 1 1 3 1 1 3 2 3 3 1 2 4 3 1 0 2 3 0 3 3 0 0 2 3 0 0 0 0 4 3 1 1 4 0 4 0 0 2 0 3 3 2 4 3 4 2 0 4 2 4 2 2 1 4 2 3 1 3 3 3 1 1 1 2 1 0 0 1 4
2 1 4 0 3 2 1 0 3 0 4 4 4 3 2 1 2 0 4 0 0 2 3 1 3 3 3 1 3 1 0 0 0 2 2 3 4 0 3 4 0 4 0 2 2 2 3 4 4 4 2 4 2 0 1 2 0 1 3 0 2 1 1 2 3 0 2 4 1 2 4 3 1 4 0 3 4 0 0 3 2 2 3 4 4 4 3 2 2 2 2 4 0 0 4 3 1 1 2 4 1 3 2 2 0 0 3 4 2 0 2 4 2 2 0 3 3 4 0 0 3 3 2 3 3 1 1 1 4 0 0 0 4 0 0 4 0 3 3 2 3 2 4 2 0 4 2 0 3 0 1 1 0 3 1 0
1 2 2 2 3 4 0 4 4 0 3 4 0 3 4 0 0 3 2 2 4 1 0 3 3 1 1 3 1 3 1 4 2 0 1 2 4 1 1 4 1 1 0 3 4 1 3 2 4 2 1 4 4 1 4 4 4 2 3 2 2 1 1 2 1 0 4 0 1 3 1 0 1 2 3 3 0 2 0 2 4 1 3 0 0 2 0 4 1 0 2 4 1 0 1 2 0 2 4 2 2 1 4 4 0 4 4 0 3 4 2 3 2 0 0 2 4 2 4 1 4 3 2 2 3 0 1 4 4 1 3 2 4 2 3 4 1 2 1 0 3 1 0 0 1 2 0 3 2 4 1 1 2 3 1 2
0 2 1 4 3 4 3 2 3 3 3 2 2 0 4 0 1 1 3 4 0 0 4 2 1 0 1 0 0 2 2 0 4 1 2 0 0 2 4 1 1 3 0 3 0 4 1 1 2 1 2 2 3 2 0 4 2 3 1 0 0 0 0 1 1 4 3 4 2 3 0 3 3 0 3 3 1 1 4 3 4 3 2 2 0 2 3 0 2 1 0 4 2 2 3 3 2 1 2 1 1 4 4 4 1 4 2 2 3 3 2 2 2 0 2 2 4 2 2 2 4 2 1 1 2 4 1 4 3 4 0 4 3 1 4 2 2 3 4 0 2 4 0 4 4 4 3 3 1 3 2 2 2 4 0 4
0 2 0 0 1 0 0 1 3 1 3 1 4 0 3 1 4 0 2 3 4 1 3 3 4 1 0 3 2 3 3 4 0 3 0 1 1 0 4 4 1 0 2 2 0 3 4 4 3 1 4 0 4 4 3 0 0 0 4 4 3 4 4 3 2 1 1 3 3 3 0 4 3 2 1 0 2 2 4 1 1 0 1 0 4 1 3 2 1 4 1 2 3 2 2 0 3 4 1 1 4 1 2 2 0 1 2 3 0 3 1 1 0 2 4 4 0 2 3 1 3 0 3 1 4 3 3 3 2 4 1 1 2 1 0 0 2 4 0 4 2 3 1 2 0 2 3 0 1 2 3 4 4 4 0 3
2 3 3 1 0 2 4 4 3 4 1 2 0 1 1 2 4 2 1 1 1 1 3 2 3 4 1 4 3 3 3 2 2 3 0 4 0 4 0 3 0 2 0 0 3 4 4 0 3 0 3 0 1 4 2 2 3 4 1 3 2 1 2 1 2 2 2 2 1 3 3 3 0 0 3 0 4 2 2 3 4 1 0 0 2 2 4 0 1 3 0 1 4 2 4 3 1 2 1 2 0 1 2 0 3 0 2 3 4 0 3 3 3 0 0 0 2 0 0 1 3 2 4 4 4 3 3 2 0 1 4 2 2 3 2 0 3 2 0 2 2 0 2 0 0 2 0 0 2 2 1 2 1 0 2 0
3 2 4 1 3 3 3 2 1 3 4 1 0 2 0 4 2 2 1 0 4 3 2 4 0 3 1 3 0 0 3 0 2 4 3 2 4 2 1 2 2 1 3 2 3 3 3 2 2 4 4 1 2 1 0 4 1 4 2 1 1 2 4 1 1 2 0 0 1 2 2 3 3 2 2 1 2 0 0 4 4 0 0 3 1 3 4 3 4 1 1 2 0 2 3 3 2 4 0 3 1 2 2 1 1 4 2 3 2 2 2 3 4 0 2 1 0 3 1 4 2 4 1 2 2 2 3 4 1 3 4 4 1 1 0 4 3 4 3 0 3 0 0 3 2 2 1 2 1 2 3 0 3 2 2 0
4 0 1 2 1 1 1 4 4 3 3 2 2 1 4 2 4 0 0 1 4 1 4 2 0 2 2 4 4 2 1 0 4 3 2 0 1 0 4 0 0 3 0 4 4 4 2 0 1 2 2 1 1 3 0 3 2 3 4 4 2 1 4 1 1 4 2 2 4 1 4 2 1 4 1 3 1 3 3 2 3 0 0 1 0 1 4 3 1 4 2 0 2 3 1 3 2 0 2 4 4 1 1 0 3 4 3 4 3 4 1 3 1 4 4 2 2 0 0 3 1 4 3 0 4 1 0 2 2 2 3 3 1 1 3 1 0 4 0 0 3 3 3 4 2 4 3 1 2 0 4 0 1 4 1 1
3 1 3 2 1 3 0 4 4 3 0 1 4 0 2 4 0 2 1 0 4 4 1 1 2 3 1 3 4 4 4 2 1 4 4 2 2 4 1 3 0 3 0 1 3 2 1 0 4 2 0 3 3 4 1 0 2 0 4 3 4 3 1 0 0 2 4 2 2 2 1 4 0 1 0 0 0 3 1 1 2 3 2 1 4 3 3 1 3 2 2 3 3 3 0 3 0 0 2 4 2 0 0 0 3 1 0 3 1 3 0 4 4 2 0 3 2 0 2 1 3 4 1 3 4 1 3 4 3 0 1 3 3 1 3 1 4 0 0 1 4 2 0 0 1 2 3 3 2 2 1 2 3 2 2 2
1 0 2 4 3 0 2 1 1 0 2 1 3 4 2 4 3 4 4 4 3 4 0 2 2 1 0 2 1 2 0 2 0 4 1 3 4 4 4 2 1 3 3 1 3 2 0 3 3 4 3 1 1 3 4 0 1 1 2 2 0 2 4 0 3 3 0 2 4 1 0 0 0 0 2 0 0 4 0 3 1 3 2 2 3 1 2 0 4 1 4 1 4 1 2 4 4 4 2 3 1 4 0 3 4 4 0 4 4 0 0 0 1 2 4 4 0 1 1 1 2 3 2 3 4 4 3 3 1 2 3 2 3 3 2 2 3 4 4 4 1 1 4 2 3 3 4 0 1 2 1 0 0 3 1 4
0 1 4 3 3 2 2 1 3 4 0 3 0 1 2 1 4 3 4 4 3 3 4 1 0 2 1 3 3 2 4 3 0 4 1 0 3 0 1 3 4 4 1 4 2 3 0 2 3 1 1 1 1 3 2 2 0 1 2 3 0 1 3 1 2 1 1 1 1 0 4 2 1 3 3 3 3 1 2 2 2 1 0 4 4 0 3 1 1 0 2 1 3 0 4 1 4 1 2 2 3 3 0 4 3 3 4 2 1 4 1 4 0 1 0 1 1 0 2 4 2 4 1 0 2 0 1 1 3 3 3 1 4 0 0 2 1 2 1 2 1 2 3 1 1 3 2 2 0 1 2 2 1 0 3 0
2 4 3 1 0 1 2 4 4 0 3 0 2 0 2 3 4 1 1 0 1 0 0 2 1 4 4 4 1 2 1 3 4 4 4 4 3 4 0 2 4 3 2 3 0 1 3 2 4 4 4 1 1 1 0 4 0 1 1 3 4 2 2 0 2 3 4 2 2 4 4 1 4 3 1 2 1 4 4 1 0 3 4 1 0 4 3 2 2 4 1 1 1 0 1 0 3 2 2 1 1 3 4 3 1 1 0 0 0 1 1 3 4 2 1 1 3 4 1 0 3 4 4 2 4 2 2 2 0 2 0 3 0 0 1 4 3 1 4 0 2 0 3 4 4 0 2 2 1 0 2 0 4 1 2 0
4 1 0 1 3 0 4 4 2 1 3 0 4 4 3 4 1 3 0 0 3 4 2 0 0 1 2 4 0 1 2 4 2 2 2 1 2 1 2 0 4 2 2 1 1 2 0 2 1 2 2 1 1 1 3 3 2 0 0 2 1 2 3 1 4 0 2 1 4 1 3 3 3 3 4 4 0 1 1 3 0 0 0 4 1 3 2 0 4 2 3 2 1 3 3 0 1 2 4 0 3 4 0 1 4 2 0 2 0 3 0 1 3 0 0 4 1 2 0 2 2 0 4 3 0 0 1 1 2 0 3 3 1 1 1 1 3 4 3 3 2 0 1 1 1 1 2 2 1 4 4 0 1 0 0 4
2 1 2 2 3 1 0 0 4 1 1 2 0 1 2 0 1 4 3 4 2 0 1 3 2 2 0 0 0 1 4 2 2 2 4 1 0 4 3 4 3 4 1 0 2 0 0 3 4 3 3 4 1 1 4 3 1 0 3 1 1 3 3 0 2 3 1 2 4 4 1 4 0 4 0 2 4 0 3 1 1 1 0 2 4 4 0 0 1 0 1 2 0 2 3 2 2 1 4 1 3 2 3 0 1 3 0 3 0 3 4 1 1 1 3 0 2 0 3 4 1 4 1 3 3 1 1 0 0 2 4 0 0 2 0 3 2 0 1 2 0 2 4 1 3 4 4 1 0 2 2 3 3 3 1 2
2 4 2 2 4 3 2 1 0 4 4 2 2 3 2 2 0 3 1 1 2 2 4 4 4 1 2 4 1 1 1 3 0 1 2 1 4 1 2 2 1 4 4 3 2 1 2 4 4 3 0 4 2 1 3 1 2 3 3 1 4 4 4 1 2 4 3 2 0 0 4 1 1 0 1 3 4 4 3 0 4 0 4 2 2 0 0 1 3 3 4 4 0 1 0 2 0 0 1 0 3 0 4 4 3 0 3 2 1 3 2 3 0 4 0 4 4 2 3 2 3 2 3 3 3 3 2 3 1 4 1 4 1 0 0 4 2 0 3 4 3 1 2 1 2 4 0 1 3 3 0 1 1 3 1 1
3 4 0 4 0 3 0 1 3 3 3 2 3 1 1 4 4 0 0 1 1 2 4 0 1 4 1 4 2 0 0 3 4 2 4 4 0 0 2 0 0 0 3 3 4 1 4 3 2 4 2 0 2 1 0 0 1 4 4 0 4 4 0 3 4 0 4 4 2 1 0 2 4 0 0 3 1 2 1 0 1 0 1 0 2 3 0 0 2 1 2 1 3 3 1 2 3 0 3 0 4 0 4 3 0 1 1 4 3 4 1 2 2 4 2 4 3 0 1 2 3 3 1 1 3 2 0 1 0 4 3 1 1 4 4 2 1 2 3 4 3 4 3 0 1 1 1 1 3 2 3 1 3 1 0 1
4 0 0 1 1 0 4 3 0 3 2 3 2 0 2 2 1 1 3 4 4 1 0 4 4 1 0 4 2 2 0 3 0 2 4 3 3 3 3 0 3 0 3 2 2 2 0 1 0 0 0 1 1 3 0 2 4 3 1 1 0 4 0 2 1 1 1 1 2 4 1 2 0 4 0 4 2 2 0 4 2 3 1 3 1 1 3 2 4 4 0 2 0 0 4 2 4 0 3 3 2 0 0 2 1 0 3 0 4 1 0 1 4 1 2 2 2 0 1 4 1 1 1 2 4 2 1 3 3 4 1 0 1 3 4 0 1 4 0 0 0 2 2 1 3 1 0 3 1 1 4 4 3 0 1 2
2 2 2 2 4 0 4 2 3 0 2 4 0 0 0 0 2 4 2 3 0 2 3 3 1 2 2 4 4 1 3 3 0 2 3 1 2 2 4 2 3 3 2 3 3 4 3 3 3 2 1 0 2 4 3 0 3 2 1 2 3 4 0 1 1 3 2 0 3 3 2 1 2 1 1 2 2 4 0 2 4 3 2 3 4 0 3 2 0 4 4 3 0 2 4 3 2 4 3 0 2 2 1 1 1 2 4 3 4 1 3 0 0 0 0 4 3 3 4 3 4 3 3 1 0 0 4 0 4 4 0 3 1 4 0 4 3 1 0 2 2 3 4 4 0 4 1 0 4 0 3 0 0 4 1 3
4 0 3 0 1 0 0 3 4 0 4 3 1 4 2 1 4 2 2 2 3 0 2 0 2 3 0 3 2 4 3 3 1 3 0 3 3 0 3 3 3 2 1 1 4 3 4 0 2 2 2 1 4 2 3 2 0 3 2 4 4 0 4 1 3 4 4 1 1 2 4 4 1 2 1 0 3 0 3 0 4 0 3 4 2 1 1 4 2 3 3 1 0 4 2 0 0 3 1 2 0 3 3 2 2 4 4 0 2 2 1 3 0 4 2 4 3 0 1 0 0 1 1 0 1 1 0 1 4 4 0 2 4 4 4 1 0 0 2 4 0 3 3 2 4 2 3 2 3 4 2 3 1 1 1 2
2 1 0 3 2 1 0 1 0 4 3 2 2 0 2 4 0 0 3 1 2 1 1 2 1 0 1 2 1 2 1 0 0 1 4 0 4 4 1 1 1 4 4 0 1 1 4 3 3 2 0 2 0 1 0 1 1 1 0 0 0 3 0 2 2 1 2 1 1 1 3 4 0 4 4 4 2 3 2 0 2 4 2 2 0 4 1 4 2 3 1 2 2 3 2 1 0 1 2 1 2 2 0 0 1 1 4 0 1 1 0 0 1 0 4 3 4 0 4 2 1 0 1 0 4 0 1 4 2 0 2 4 3 4 4 1 2 0 2 3 2 4 3 0 4 2 0 1 0 2 3 1 2 1 1 3
2 4 4 4 4 1 0 2 2 2 1 4 2 0 4 1 4 2 3 1 2 4 4 2 1 2 0 0 0 1 4 2 0 0 3 4 4 1 4 1 3 2 3 0 2 2 4 3 2 2 4 4 3 3 1 1 2 3 2 0 1 3 2 1 3 3 2 2 4 3 1 4 0 1 4 4 0 0 3 2 3 4 3 1 0 1 0 4 4 4 4 0 2 4 3 2 4 3 2 3 1 0 2 4 1 3 0 1 1 3 1 4 0 4 2 0 1 2 4 0 1 1 3 0 2 1 0 1 4 4 4 3 4 3 2 0 3 2 3 4 3 1 0 3 1 0 0 4 4 1 1 1 2 4 3 4
1 0 2 2 4 3 0 3 3 4 0 2 4 1 3 2 2 1 2 3 1 2 4 0 0 1 3 3 0 4 4 3 4 4 1 4 2 3 4 1 3 2 0 2 3 3 1 0 1 3 1 2 2 0 0 2 3 3 2 1 4 4 4 4 3 2 0 0 1 1 1 4 3 1 3 3 2 4 4 3 4 2 3 1 4 3 3 3 3 1 4 3 2 0 4 0 3 4 2 1 2 1 0 1 2 0 4 1 4 0 2 3 4 0 4 4 0 4 4 3 2 0 3 4 2 2 1 0 3 4 1 1 0 3 4 4 3 3 3 4 1 0 2 2 2 3 1 4 0 2 2 2 4 3 4 2
0 2 4 4 1 3 2 3 3 1 0 4 1 3 3 2 0 3 0 4 3 3 3 3 3 2 3 4 0 4 3 1 1 0 2 0 3 4 3 3 0 0 2 3 3 3 1 0 1 3 4 4 3 4 0 3 2 0 3 4 4 1 2 2 1 4 2 1 0 3 2 2 3 4 1 4 2 4 1 0 4 1 2 2 0 4 3 4 4 1 4 0 4 1 2 3 3 2 1 3 0 3 3 0 0 4 4 4 3 1 0 4 4 4 1 1 3 1 3 2 4 2 4 4 0 1 4 0 3 2 4 0 3 4 1 3 3 2 2 3 0 4 2 1 3 0 3 1 2 3 0 1 0 4 2 2
1 3 3 1 3 4 4 1 3 0 4 3 4 1 1 2 1 0 3 4 0 3 3 4 1 3 3 3 3 2 1 1 3 1 2 1 0 3 2 0 3 1 3 0 4 4 2 2 1 2 4 3 1 2 3 4 0 3 3 0 0 1 1 0 2 1 1 4 4 3 4 0 1 4 0 1 0 4 0 1 3 4 4 4 3 4 4 4 4 4 4 0 2 3 2 1 4 4 0 3 4 1 3 1 0 0 4 2 1 4 3 0 1 4 1 4 4 2 0 3 1 2 0 0 0 3 1 4 4 1 4 3 4 0 4 1 2 3 3 1 0 3 1 1 3 4 0 4 2 1 4 0 3 2 1 0
2 2 1 1 1 0 1 0 2 1 2 0 1 2 1 3 1 4 4 4 3 2 0 0 0 4 3 0 1 4 0 3 3 1 1 4 3 3 0 1 1 4 3 4 1 1 3 4 0 2 0 0 1 0 3 1 0 1 1 3 2 3 4 0 1 2 0 0 0 2 3 3 1 1 3 4 2 1 1 4 0 1 4 2 2 2 0 4 3 4 4 0 2 3 1 4 3 3 1 3 0 4 2 3 0 2 2 4 3 0 3 3 2 4 2 1 2 3 0 2 4 1 0 1 2 3 2 0 1 0 3 3 4 2 1 1 4 0 0 4 1 0 3 3 0 2 1 4 0 3 1 4 4 3 3 1
1 2 1 4 3 2 2 4 1 3 1 3 1 3 2 2 4 2 2 4 0 3 3 2 1 1 4 2 0 4 4 3 1 2 3 1 4 0 1 3 1 4 1 2 2 0 1 1 0 3 2 2 3 2 4 4 1 0 3 1 4 2 4 3 2 4 1 3 2 4 1 0 3 4 2 1 2 0 4 2 3 4 4 3 3 0 4 4 1 2 0 2 0 2 2 2 3 4 2 0 0 4 0 4 3 4 2 0 1 3 4 4 2 3 2 1 4 1 2 2 4 0 4 1 2 4 0 2 0 2 0 0 3 2 1 4 2 3 1 3 4 1 0 3 1 4 1 0 3 4 2 4 4 4 2 3
3 4 0 0 1 0 0 2 3 2 1 2 2 2 2 3 0 4 2 2 4 3 2 4 2 2 3 3 3 0 1 3 4 4 3 2 4 3 4 4 2 2 3 2 2 1 0 2 2 4 4 1 3 4 0 2 3 0 3 3 2 4 1 1 0 4 1 2 4 2 1 4 0 2 3 2 3 0 1 0 0 3 4 0 2 1 4 2 2 2 0 1 4 3 3 4 4 1 1 3 3 0 4 0 2 2 4 2 0 1 4 0 4 3 2 3 2 1 0 1 1 2 2 2 0 2 1 4 3 0 4 4 0 1 1 4 3 1 1 0 2 0 0 1 1 4 4 3 3 1 4 4 3 3 1 0
1 4 1 1 4 0 0 1 1 2 0 2 3 1 2 2 4 0 3 0 4 4 0 2 2 1 3 2 4 1 2 0 1 3 2 2 0 4 4 2 3 1 1 3 0 0 0 4 0 0 1 2 4 1 1 3 2 0 0 3 3 2 4 4 2 3 4 3 2 0 2 3 1 3 1 3 0 2 2 1 2 0 0 4 3 3 2 0 0 0 4 4 2 0 0 2 3 4 0 2 4 4 0 3 4 2 1 4 1 1 2 0 1 2 1 0 1 1 2 1 1 3 0 0 0 3 2 0 2 4 0 4 3 0 4 2 4 0 2 2 3 4 3 2 4 4 2 0 2 1 3 3 2 1 4 2
4 1 0 3 1 0 2 4 2 1 4 2 4 1 1 2 2 4 4 1 1 3 3 3 2 2 2 1 0 3 3 1 1 0 4 2 0 4 4 3 2 3 2 1 1 3 1 3 0 2 0 3 3 3 1 0 2 0 1 2 0 1 3 2 2 0 1 4 4 0 2 1 0 4 3 1 0 1 2 0 3 2 0 1 2 1 3 2 4 1 1 4 0 0 3 4 2 0 3 1 0 1 2 3 2 2 4 4 0 1 1 1 0 1 4 0 0 3 2 4 1 3 0 3 0 4 2 2 4 1 0 1 4 0 4 3 4 1 3 0 2 1 1 0 3 0 0 3 0 4 4 2 4 1 2 0
0 0 4 1 1 0 3 2 0 2 0 4 0 0 1 3 2 2 0 2 0 2 0 0 1 1 4 0 2 2 2 0 4 2 1 2 4 4 4 4 4 1 0 4 4 2 4 3 1 1 0 3 3 2 1 1 3 2 4 2 4 1 2 0 3 4 2 2 0 3 3 1 0 1 3 1 0 2 4 1 1 4 2 4 1 3 1 1 0 2 3 2 3 1 2 4 0 0 3 2 3 2 4 0 0 2 1 0 1 0 1 2 4 3 2 2 3 0 0 4 2 4 1 2 2 3 1 4 0 0 1 4 4 0 4 4 2 3 4 4 3 2 1 0 3 0 4 1 2 0 0 4 1 3 2 3
2 0 2 2 0 3 3 1 1 0 2 3 3 1 4 3 1 3 0 4 3 0 0 1 0 3 2 3 1 1 1 0 2 0 0 4 3 0 3 1 0 0 0 0 4 1 1 0 4 1 1 0 1 3 1 3 1 0 1 0 4 4 2 3 4 2 4 0 0 2 1 2 0 3 3 4 0 1 1 4 2 2 4 1 0 2 1 4 0 0 4 4 4 3 2 1 1 3 1 1 1 4 3 1 3 3 2 3 1 3 4 1 2 4 4 2 3 0 1 3 2 2 4 2 3 3 3 1 2 1 4 3 0 2 1 3 3 0 3 1 0 3 2 2 4 1 1 2 4 0 3 1 4 2 0 2
3 0 3 0 3 2 0 4 2 3 4 2 3 3 3 3 3 3 2 2 4 3 4 0 3 4 4 3 4 4 2 2 2 1 2 0 3 2 1 2 0 1 4 0 1 3 0 4 1 2 1 2 2 2 0 1 2 4 1 3 0 3 0 2 1 2 3 0 1 4 2 1 2 2 3 3 2 3 4 0 2 0 2 4 0 4 2 4 3 0 2 4 1 2 1 2 1 1 2 2 3 2 0 0 1 3 1 0 3 0 0 0 3 4 1 3 4 1 2 2 1 1 3 2 3 2 0 4 3 4 3 1 3 3 4 1 3 0 1 1 2 3 3 0 3 4 0 4 0 4 3 2 0 2 1 0
4 3 1 4 3 4 3 3 4 2 0 2 4 1 3 3 0 1 1 0 3 1 4 3 3 2 2 0 1 1 1 2 4 4 2 2 4 0 1 3 2 3 3 3 4 1 1 4 0 2 1 3 1 0 3 4 0 3 4 1 4 2 4 3 2 3 3 3 3 1 3 2 4 1 0 3 0 3 0 0 3 1 0 4 4 3 3 4 1 4 2 0 2 3 1 4 1 4 4 1 0 2 3 4 4 0 4 4 1 1 4 4 0 1 3 4 4 3 0 3 4 2 3 1 3 4 2 4 0 1 1 0 4 1 1 0 2 1 4 3 2 0 4 2 1 2 3 2 2 3 0 1 3 4 0 3
0 2 4 1 1 0 3 2 4 0 2 3 3 1 3 2 3 2 2 4 1 0 1 0 1 4 1 1 3 3 4 0 3 3 3 4 1 2 3 0 4 0 0 2 3 3 4 1 2 1 2 3 4 0 3 0 4 1 1 4 0 2 0 0 0 0 1 1 2 4 3 1 4 0 3 4 3 0 0 0 1 4 0 0 4 0 2 1 2 0 0 4 2 2 1 3 3 2 1 0 1 2 4 2 2 2 1 3 4 3 3 1 2 1 3 3 1 1 4 0 3 0 4 1 2 2 1 0 4 4 3 2 1 2 4 1 1 0 4 1 3 4 2 2 0 2 1 2 0 0 4 4 0 1 0 0
3 3 2 3 2 0 0 4 2 0 2 1 2 1 2 3 0 1 0 3 3 3 2 1 4 1 0 1 2 2 3 1 0 1 4 4 1 1 3 1 3 2 2 1 3 1 1 1 2 3 4 0 2 1 1 3 2 3 1 0 0 0 1 2 1 2 2 4 3 2 2 2 0 1 0 0 2 1 1 4 1 2 2 3 3 0 3 3 4 0 3 1 0 1 1 3 0 0 2 3 4 2 2 1 3 4 2 3 2 0 2 4 3 1 2 1 2 1 4 3 1 4 1 3 2 4 1 2 1 0 1 1 2 0 2 3 0 4 1 2 0 0 1 0 4 1 1 3 4 3 3 2 4 1 2 2
1 3 4 2 0 2 0 0 3 3 3 0 4 1 2 4 3 1 1 4 4 3 2 0 3 0 2 2 4 1 4 0 4 1 4 1 3 0 1 1 3 4 1 4 2 1 1 3 4 2 2 3 2 0 3 0 2 2 0 1 3 1 3 4 2 0 0 1 0 2 4 0 3 3 4 3 4 0 3 3 0 0 3 2 2 1 3 2 0 0 3 0 1 4 1 4 4 3 2 1 2 3 1 3 1 2 1 0 0 4 3 0 1 3 2 1 1 2 3 1 2 3 3 1 2 1 2 1 0 4 4 2 2 2 2 4 0 3 1 2 4 2 2 3 0 1 4 2 1 2 0 0 0 1 1 0
2 3 3 4 4 3 4 4 0 1 0 2 2 1 4 3 0 3 1 1 2 2 0 3 4 2 3 2 3 2 2 3 0 2 2 2 0 3 3 1 0 3 3 2 1 0 2 2 3 4 0 2 1 0 0 3 4 1 0 3 3 4 3 0 1 0 4 4 4 2 0 1 0 0 0 4 2 2 1 3 1 3 0 0 0 3 3 4 4 0 4 4 1 2 1 4 3 1 3 4 0 0 2 3 3 2 2 0 4 0 3 3 0 4 3 0 4 3 4 3 0 1 4 1 3 0 0 3 3 4 2 4 1 4 4 4 3 1 0 3 3 0 1 3 1 4 3 0 4 4 0 4 0 4 0 1
2 2 4 0 3 4 1 0 0 0 4 4 3 1 4 3 2 0 1 0 1 1 1 0 3 1 1 0 3 3 1 0 0 3 2 4 2 4 4 4 1 0 3 2 2 2 2 1 4 4 1 2 2 4 2 0 1 0 3 1 3 4 1 4 4 3 0 1 4 4 3 3 1 1 2 0 1 4 1 2 0 0 0 3 4 4 0 2 0 3 3 3 0 1 4 4 0 4 3 1 0 3 1 2 1 3 2 2 0 1 2 0 1 2 0 2 1 1 0 3 1 0 2 1 2 1 3 4 3 3 2 3 1 4 0 2 4 0 2 4 1 4 2 4 3 2 1 4 3 3 0 0 4 4 3 3
2 1 4 0 4 3 4 2 2 4 0 4 1 4 3 2 3 2 1 1 0 3 2 3 3 2 0 4 3 4 4 1 0 3 1 2 2 0 1 1 2 1 2 3 0 3 3 0 0 4 3 0 4 1 4 3 0 4 4 4 0 4 0 1 2 1 0 1 4 1 0 1 0 4 1 2 2 4 0 3 4 3 3 0 4 4 0 2 1 0 3 1 4 3 4 3 1 1 2 0 0 4 3 0 3 0 4 1 1 4 1 2 3 4 3 4 1 0 1 2 0 1 0 1 4 2 2 3 3 4 0 3 0 4 0 3 1 2 1 4 1 2 2 1 4 0 3 0 0 1 4 3 3 1 1 4
3 3 2 4 2 3 2 4 4 0 3 2 2 1 1 0 4 3 4 0 0 2 2 3 0 1 3 3 4 4 3 3 3 2 2 2 0 1 2 1 1 0 3 0 3 2 3 4 0 2 4 1 1 1 1 3 4 4 2 4 3 2 2 1 4 1 4 2 2 1 3 1 3 2 3 3 4 1 3 1 0 4 4 3 1 0 2 2 1 1 1 0 3 0 1 4 3 2 1 1 0 0 4 0 4 2 4 0 4 2 3 1 1 3 0 4 0 4 2 2 0 0 2 0 1 0 4 4 0 1 2 0 3 1 1 4 1 2 4 0 4 2 3 2 2 3 2 3 2 1 2 4 1 4 4 4
1 4 1 1 2 0 4 0 4 2 1 0 4 0 2 3 4 0 2 4 4 4 4 3 2 1 3 4 2 4 0 3 3 1 2 2 2 1 4 1 3 0 3 2 2 0 2 4 0 4 3 1 1 2 2 3 0 0 4 2 4 0 0 0 3 4 2 0 0 4 3 0 4 3 4 2 3 1 3 1 3 1 2 4 0 4 2 0 1 4 2 3 4 4 3 2 4 2 0 1 1 0 2 3 4 1 0 2 0 3 0 3 1 3 2 1 4 1 3 1 0 0 4 1 1 4 4 0 3 4 4 0 4 1 3 0 4 0 0 4 0 0 4 3 0 3 1 0 0 4 3 2 1 2 4 2
3 0 0 1 1 4 3 2 2 3 3 1 0 3 3 0 0 2 0 1 1 1 1 3 0 4 2 1 3 3 1 3 3 3 4 4 2 0 2 4 3 2 2 1 2 0 1 2 0 2 3 1 3 1 1 1 0 3 4 0 4 0 3 2 3 0 4 2 0 3 3 0 0 1 1 2 3 0 4 3 4 0 1 4 1 2 0 4 3 2 4 2 2 3 1 3 3 0 2 0 3 1 0 0 2 4 2 0 4 4 1 0 4 2 4 2 0 2 1 0 4 1 2 3 1 0 3 4 1 1 1 1 2 3 2 1 2 1 3 3 2 4 3 1 2 0 1 4 2 2 4 3 3 3 1 4
3 0 0 1 3 3 0 2 2 2 0 1 0 3 2 3 0 2 1 4 2 2 3 1 0 4 4 0 4 1 2 4 3 2 3 3 3 3 0 0 2 0 3 2 0 0 2 2 3 4 1 0 1 1 4 3 0 3 4 1 1 1 1 1 0 4 4 3 4 4 3 1 1 2 0 4 4 3 1 2 2 3 0 3 4 4 4 2 4 3 3 1 1 4 2 1 0 4 0 4 0 0 0 2 4 1 1 4 1 4 3 3 2 3 3 4 4 2 1 4 0 4 0 1 1 4 0 3 3 2 3 4 2 0 3 4 3 1 0 4 0 3 2 3 4 3 4 3 0 0 4 3 1 1 1 2
1 1 1 1 3 1 2 3 3 0 4 2 3 1 3 4 4 3 4 0 1 3 1 3 3 0 1 1 4 0 4 0 1 2 3 2 3 1 2 3 3 3 0 2 4 1 3 0 4 2 1 2 2 4 0 2 1 4 3 0 4 2 2 2 1 1 1 1 4 0 0 4 3 2 1 2 3 4 3 4 3 4 1 0 0 4 4 1 3 3 4 4 0 1 3 4 4 0 0 0 0 0 0 1 3 1 3 3 3 1 3 3 2 1 1 2 0 0 4 0 3 0 1 1 1 0 0 1 2 2 1 4 3 3 0 3 2 4 1 0 0 1 0 3 3 3 2 3 4 3 1 4 3 2 0 0
4 2 3 1 0 1 3 0 0 3 0 2 2 1 4 0 3 1 0 3 0 2 3 1 1 4 0 4 4 3 1 3 0 1 2 2 0 0 2 0 3 4 4 3 1 0 0 1 3 0 1 3 4 4 4 0 4 0 2 0 3 0 3 0 2 2 3 4 2 2 4 1 2 0 1 0 2 1 3 0 1 4 4 2 0 0 3 1 2 2 1 0 4 2 3 3 4 3 2 2 2 3 0 1 3 3 1 2 4 1 3 2 2 2 4 3 4 4 4 2 3 3 4 3 0 2 3 4 0 1 3 3 4 0 4 0 3 3 2 2 1 0 1 4 4 1 4 4 2 3 3 1 3 2 1 3
0 4 0 2 0 3 0 2 4 2 2 4 2 1 2 3 2 0 4 3 1 3 4 1 4 2 2 2 0 3 3 2 4 3 4 0 3 2 4 4 4 1 4 3 4 3 3 1 3 3 2 2 3 1 3 4 1 2 4 3 0 2 0 4 2 4 1 0 1 0 0 2 3 1 0 3 4 4 1 4 4 3 3 4 2 1 4 0 3 0 3 0 4 0 2 1 4 0 3 3 1 0 0 1 1 3 4 2 4 3 4 3 3 2 2 2 4 3 2 4 3 2 0 4 2 4 0 2 4 1 2 2 1 4 4 0 2 0 4 1 3 3 1 2 1 1 4 2 4 4 1 0 1 3 4 4
4 2 3 4 3 2 1 1 1 2 1 4 3 3 2 1 1 4 0 2 0 2 1 4 1 3 1 2 3 3 3 3 0 3 4 0 0 0 3 2 3 2 3 3 0 0 1 1 4 2 1 4 4 2 1 0 2 4 4 1 2 0 1 4 0 0 1 1 0 0 0 0 2 3 0 2 0 2 0 0 1 1 1 0 4 4 2 3 4 3 4 3 0 0 3 1 0 4 4 3 1 4 0 3 4 3 2 1 0 3 3 1 1 0 3 2 1 2 1 0 0 2 4 1 3 4 4 0 0 3 0 2 4 3 2 0 1 0 1 3 0 0 1 3 2 1 1 3 3 2 4 0 4 0 3 4
4 2 2 4 0 4 3 1 2 1 1 0 3 3 0 0 0 1 3 2 4 4 0 2 3 1 3 0 3 1 4 4 4 3 1 1 3 4 3 2 0 4 3 3 4 0 3 4 4 4 3 3 3 1 1 4 4 1 4 3 2 3 4 3 2 0 2 2 0 0 4 0 1 4 1 3 0 1 4 1 0 3 4 1 1 2 0 0 3 4 0 3 4 0 3 3 0 0 0 0 2 2 3 1 1 1 1 3 4 0 4 0 0 1 3 1 3 3 4 4 4 4 4 0 1 2 4 2 0 1 4 4 0 4 0 2 2 1 2 2 4 4 4 4 0 2 3 0 2 4 4 1 0 3 1 2
3 2 1 3 1 2 2 1 2 0 0 1 3 0 3 4 4 2 1 1 4 4 1 1 0 3 4 0 3 3 2 1 2 3 1 3 3 1 2 2 1 2 3 1 2 2 1 3 1 2 4 3 3 3 4 3 3 1 3 1 4 1 0 1 1 1 2 4 4 4 3 2 3 2 4 3 1 0 1 2 2 3 0 2 3 2 0 1 3 3 4 4 1 4 2 3 3 4 4 2 0 3 0 4 2 1 2 3 1 3 2 0 3 3 2 1 2 4 4 2 2 4 1 4 0 0 4 3 0 0 3 0 0 0 4 2 1 3 0 4 2 3 1 2 3 0 1 0 4 0 4 3 4 0 4 0
0 3 0 2 1 0 0 1 2 1 4 0 0 1 1 2 1 2 1 1 4 2 1 0 3 2 4 4 2 0 1 0 1 4 4 2 4 4 3 2 1 2 4 1 1 1 0 2 3 1 4 0 4 2 0 4 0 1 3 4 4 2 1 0 1 1 2 2 0 0 1 1 0 1 4 1 2 4 3 2 3 4 2 4 2 0 3 4 3 3 3 2 0 0 2 3 1 1 1 3 2 2 2 2 0 1 0 2 3 3 2 1 0 1 0 4 3 0 3 2 3 3 1 1 3 1 1 1 2 2 2 1 2 4 3 2 2 3 2 0 4 4 1 4 0 1 3 1 1 3 3 2 1 1 0 2
4 1 0 2 1 2 3 3 3 4 2 1 4 1 1 3 2 0 4 0 1 4 1 0 2 1 4 1 2 4 3 2 0 3 1 1 3 4 1 1 0 1 4 0 4 1 3 2 1 0 2 4 1 0 1 4 1 0 2 3 4 0 2 2 0 3 0 0 0 4 2 0 0 3 0 1 4 1 3 2 3 2 2 4 2 0 0 3 1 2 4 0 2 3 4 0 4 0 0 4 4 4 1 1 3 4 2 4 0 1 4 0 0 1 4 3 1 0 3 4 2 4 2 2 3 1 4 2 1 1 1 0 3 4 1 3 3 4 2 0 2 1 0 2 4 0 2 3 2 1 2 4 2 1 3 0
3 2 2 4 4 0 2 2 2 0 0 0 1 4 1 0 3 3 3 4 3 2 2 0 0 2 2 3 3 0 3 3 0 3 3 4 0 2 3 2 2 0 3 1 4 1 1 4 4 1 4 0 4 1 2 4 0 4 2 1 2 3 4 2 1 4 3 3 1 1 1 1 1 1 4 2 4 0 2 3 2 3 0 1 4 3 2 2 4 2 3 1 0 4 3 3 4 1 1 2 4 4 3 2 0 2 2 1 0 1 0 2 4 2 0 3 0 4 2 0 1 2 3 3 2 4 1 1 0 0 3 2 4 4 4 2 3 1 3 0 2 0 2 3 0 4 4 0 4 1 2 2 4 3 1 1
2 4 4 4 4 4 1 1 0 3 0 1 4 0 1 4 3 1 2 3 0 1 0 1 0 0 1 4 3 2 2 0 3 3 4 3 2 3 1 0 1 1 1 2 3 2 3 1 3 3 1 1 1 2 4 1 4 0 2 2 4 4 4 3 4 0 3 4 3 4 4 4 2 0 4 2 4 2 4 0 0 2 3 2 1 2 3 0 3 1 4 4 2 0 2 2 1 0 1 1 1 2 3 0 4 2 3 0 4 4 0 0 1 3 4 3 3 2 0 3 0 0 2 0 2 2 4 0 4 2 2 1 4 0 3 3 4 1 3 3 0 1 0 4 1 4 2 4 4 4 2 1 1 0 1 4
2 0 4 1 2 1 4 3 3 3 3 2 4 4 3 2 0 0 1 1 2 3 1 3 4 3 4 1 0 1 0 2 3 4 1 3 3 0 1 3 3 0 1 0 1 1 2 1 3 3 4 0 3 0 3 2 1 0 3 1 1 0 1 1 0 2 4 0 4 3 3 3 0 1 0 1 4 2 2 3 2 3 3 2 4 4 1 2 4 2 0 2 4 1 0 4 0 0 1 0 0 0 0 0 3 0 1 3 4 0 1 3 3 1 2 4 2 3 1 1 2 4 0 2 0 1 3 3 3 2 3 3 2 3 3 0 0 1 0 1 3 1 4 1 3 1 1 0 1 4 4 1 3 1 0 1
2 3 4 0 0 4 0 4 4 0 2 4 1 2 0 4 1 1 3 4 4 1 1 2 0 2 3 1 4 0 4 3 1 3 1 3 4 1 3 3 2 2 4 0 1 4 0 2 2 3 3 3 4 0 0 1 4 1 4 3 1 3 4 2 3 0 1 2 1 1 0 0 3 4 1 4 0 1 2 2 1 2 0 2 2 3 3 4 4 0 4 0 3 3 0 2 3 1 4 2 2 2 2 2 1 3 3 4 1 0 3 2 0 4 4 4 4 0 3 3 0 3 0 3 3 0 2 2 3 4 4 2 1 3 4 4 2 3 3 3 0 2 1 0 3 2 0 2 4 3 2 4 3 4 0 2
0 4 1 0 3 2 3 1 0 4 1 2 2 4 3 0 3 1 0 1 3 2 0 3 3 4 4 3 4 4 0 1 4 1 1 4 0 1 1 1 1 2 3 3 3 3 0 4 4 1 2 0 0 3 3 3 4 4 2 3 4 4 1 0 3 3 4 3 1 2 4 2 1 0 3 0 3 3 1 3 1 3 3 2 3 3 2 3 2 1 1 3 1 0 0 4 3 2 4 4 4 4 4 1 1 2 3 4 0 4 4 2 2 4 1 1 4 3 1 2 0 4 2 1 4 3 2 2 2 1 4 1 2 3 2 3 2 0 0 2 1 4 1 4 4 2 2 0 1 3 2 3 2 2 1 4
2 0 3 4 1 2 0 1 2 0 1 1 2 1 4 4 1 2 0 2 0 4 2 3 2 2 3 1 1 4 0 3 4 4 4 2 3 1 3 3 1 0 4 1 3 0 2 1 3 2 0 0 1 3 0 0 2 3 3 3 2 1 3 3 2 2 0 2 3 1 2 2 3 4 3 3 4 2 0 4 4 0 4 2 0 1 4 2 4 4 2 3 2 2 1 4 1 4 4 2 2 1 4 2 0 4 0 2 1 0 1 2 1 3 1 1 4 0 1 1 1 0 4 4 3 1 3 4 2 4 1 4 1 2 1 3 3 1 0 1 4 2 3 0 2 4 3 3 1 1 4 3 2 4 2 2
2 2 1 4 2 0 0 0 4 1 3 3 4 4 4 3 3 0 0 2 1 1 0 3 2 0 3 1 4 2 3 1 4 2 2 3 4 2 0 3 0 4 3 4 0 0 0 3 2 2 0 3 0 2 3 3 2 1 1 1 0 0 4 2 4 1 2 3 3 3 3 3 2 2 0 2 4 2 2 1 4 4 4 2 1 0 2 1 1 3 2 4 0 4 1 4 2 3 2 3 1 1 3 0 0 3 4 4 2 1 2 4 2 1 1 1 1 3 2 0 1 1 1 2 0 2 3 3 2 3 1 4 1 1 1 1 0 1 2 4 2 4 3 2 2 4 3 1 2 2 3 1 3 4 0 1
3 3 1 0 1 2 1 2 0 3 0 2 4 4 2 3 3 0 2 3 0 2 4 4 4 4 2 3 3 2 4 1 3 0 1 1 4 0 1 4 3 1 2 4 1 4 4 1 1 2 4 3 4 0 3 4 4 0 4 4 0 0 0 3 2 4 4 1 4 0 2 4 4 1 0 2 2 1 3 4 3 0 2 0 2 2 1 2 0 0 1 0 0 4 0 2 0 1 0 1 4 4 2 3 3 2 0 0 3 0 1 4 0 1 4 0 3 0 4 3 2 2 0 4 1 0 3 1 2 3 4 1 4 1 1 2 3 1 3 4 3 1 3 1 2 4 1 3 1 0 1 3 2 4 2 1
4 0 4 3 0 4 4 4 0 0 4 1 3 2 0 2 0 0 0 3 1 1 1 2 3 4 2 2 3 1 3 0 3 0 3 3 4 0 4 1 0 3 2 1 2 4 0 0 1 0 3 4 3 1 1 3 2 0 0 3 1 1 3 4 1 3 4 2 3 1 3 1 1 3 4 1 4 4 1 1 1 1 0 1 4 4 4 1 1 4 1 3 0 1 4 3 0 1 0 0 2 1 1 3 4 0 4 3 1 2 1 2 3 4 3 2 0 2 4 1 4 2 1 1 4 1 0 1 2 2 1 1 3 0 1 4 0 3 3 4 0 1 3 4 2 2 1 2 1 2 1 2 0 2 4 1
0 1 2 4 3 0 0 2 0 2 1 3 0 1 2 2 0 0 1 2 4 0 2 3 4 3 0 1 0 1 2 1 2 1 0 1 2 3 0 2 2 3 0 4 2 4 1 2 0 0 1 4 0 3 4 4 1 0 3 2 1 0 0 4 2 2 2 1 0 4 3 2 2 1 3 1 0 0 0 2 0 2 4 2 0 3 3 4 0 1 3 2 2 3 3 1 2 0 2 3 4 2 2 3 0 1 0 3 3 0 2 0 4 1 2 0 2 0 1 2 4 4 1 1 4 4 4 1 1 3 4 2 2 4 1 3 2 3 3 0 0 0 2 0 2 4 2 1 1 0 3 0 4 0 3 3
1 2 4 3 2 1 0 0 0 3 0 4 3 3 1 4 3 3 1 2 2 0 3 0 0 4 1 1 1 4 4 2 4 3 2 1 1 3 3 3 3 0 2 2 3 3 3 4 1 1 1 0 3 2 1 0 3 4 1 4 3 0 3 4 0 1 3 2 1 3 0 4 4 0 3 2 3 3 1 2 4 0 2 2 4 0 2 4 4 3 3 0 0 3 4 1 1 4 0 2 3 2 4 2 2 4 1 1 3 0 3 2 0 2 2 1 3 4 0 2 0 0 4 0 0 4 3 2 3 0 4 3 3 0 0 2 0 2 0 3 2 0 0 4 3 4 2 3 4 4 2 1 4 2 3 4
3 4 3 1 4 0 2 4 0 2 2 0 1 2 0 0 3 3 1 3 2 3 1 3 4 0 4 0 2 0 0 0 4 0 4 0 0 1 2 1 0 4 3 2 3 1 4 3 4 1 3 3 1 1 2 1 2 3 1 4 3 3 0 4 1 1 0 1 2 2 2 2 3 3 1 3 4 3 4 0 4 2 3 2 1 2 0 3 1 4 2 1 4 4 1 0 2 3 2 4 0 1 4 0 4 2 0 0 0 4 0 1 4 4 4 0 1 1 3 4 0 2 1 0 4 4 0 1 2 2 3 4 4 4 1 0 1 1 1 4 3 1 0 4 2 1 1 1 3 1 0 3 3 3 0 4
2 1 1 1 0 1 0 4 0 3 0 1 0 3 2 0 4 3 4 2 1 0 3 4 3 0 0 1 4 0 3 3 3 1 2 4 2 2 0 2 3 2 0 3 0 0 0 0 3 1 4 1 3 4 3 1 4 3 4 0 0 2 1 4 0 3 0 2 2 0 1 0 3 4 0 3 4 0 0 4 3 1 0 1 0 3 4 2 3 4 2 4 3 0 0 4 3 0 3 1 0 0 3 0 1 4 1 0 1 1 1 0 3 3 3 0 2 3 2 2 4 2 1 2 2 3 1 3 3 0 1 1 2 4 3 3 0 4 0 4 3 1 1 1 4 4 1 3 4 1 1 3 3 4 1 2
3 4 0 3 4 1 4 1 3 0 1 3 4 1 2 2 2 3 0 4 0 4 2 4 0 0 0 0 0 1 2 3 0 3 1 2 1 3 0 4 3 2 0 4 0 4 2 0 0 4 4 0 3 3 1 0 4 1 0 4 4 3 4 2 3 2 1 1 0 1 1 0 0 3 2 1 2 4 1 2 0 2 4 4 2 3 4 1 1 0 2 1 0 1 0 0 4 1 1 1 2 4 4 0 2 1 1 0 2 4 4 2 3 4 3 0 2 3 4 3 0 1 1 2 0 1 2 1 4 3 2 2 3 3 4 0 1 0 2 0 1 2 3 4 3 3 1 2 1 0 2 3 4 4 0 4
2 2 0 2 3 4 1 1 3 0 3 1 2 1 2 0 0 2 4 3 0 2 2 4 3 4 2 4 0 0 3 3 2 0 2 2 4 3 0 4 0 4 1 4 2 3 4 4 0 0 4 2 2 1 1 2 0 4 1 3 4 4 1 3 4 0 3 1 0 3 0 0 4 3 1 3 1 0 2 3 0 3 1 2 4 2 0 2 3 1 0 4 3 3 3 4 3 1 0 0 1 3 0 1 1 1 4 0 3 2 3 3 2 1 0 2 1 2 1 4 1 3 4 4 1 4 0 1 2 1 1 3 4 3 4 2 1 4 2 4 3 3 4 2 4 1 4 0 4 2 2 2 0 3 3 3
4 3 1 1 4 4 4 0 2 1 3 0 2 2 1 2 0 0 4 0 4 1 2 0 3 1 2 1 1 0 4 0 3 1 1 0 0 3 2 0 4 2 2 1 0 4 0 0 1 4 2 2 0 2 2 1 0 4 2 2 1 1 2 0 4 4 2 2 4 1 2 3 4 1 1 1 2 1 3 4 2 1 1 0 0 1 1 0 0 3 2 2 1 0 4 1 1 3 3 0 4 2 0 0 3 3 1 1 1 0 2 0 3 0 0 3 1 1 3 4 4 3 1 3 0 2 4 3 0 4 0 4 1 0 0 1 0 3 2 1 3 1 3 1 2 4 1 0 0 2 4 2 0 0 0 0
4 1 3 4 0 0 1 1 2 1 4 2 4 2 0 0 0 3 3 2 2 0 3 0 2 2 4 2 0 1 4 4 2 4 4 4 4 2 2 1 3 1 0 4 0 0 4 1 0 3 3 3 0 3 0 2 3 4 4 3 2 0 4 4 4 0 3 0 2 0 1 2 1 3 2 4 3 3 0 3 3 0 3 3 4 3 2 4 4 3 4 3 3 3 2 4 1 2 4 3 4 2 3 3 0 2 2 0 0 2 1 1 2 4 1 3 0 4 2 1 4 1 0 3 2 4 4 3 2 1 3 3 0 1 1 3 3 0 3 1 2 4 4 2 1 0 0 3 1 0 4 1 1 1 1 3
1 2 3 0 3 2 0 4 3 2 2 4 4 2 0 2 4 4 1 0 1 3 0 0 3 1 3 2 3 1 2 1 3 1 1 2 0 1 3 3 0 0 4 0 4 4 4 3 0 2 0 4 0 0 1 1 2 1 3 2 2 2 3 2 3 1 4 0 4 4 4 0 4 0 2 1 0 1 4 2 3 0 3 0 2 4 1 4 2 1 3 4 4 1 2 4 2 3 0 2 3 1 4 4 1 1 2 3 4 2 1 4 4 1 4 1 3 3 3 0 4 1 2 0 0 1 0 4 4 0 1 4 3 2 1 4 0 3 3 4 2 1 0 1 4 2 3 2 2 3 0 1 4 2 4 1
