5 158 13
1070888463 155909118 1157442591 2725008 806616852 570721695 1191344177 366670991 494363580 547713507 240698859 242883573 802497978 955423017 960494945 788898818 1173448641 350788377 1051900743 955742843 571230117 600802900 1095455464 1012430710 1110196396 741179411 881214126 1158585797 147377575 976853980 1026158265 912472649 1100043586 866564114 1064616271 731961025 130505602 72245612 755915029 1044521537 63424846 513219560 614239024 816073782 642115421 627151645 907368192 989981998 1141534852 287323576 150126925 635272713 361219810 1012109179 187419668 534710168 383202279 723190570 993954700 296224591 641154035 52891487 639293126 827541079 292061870 188509942 509218906 1011912004 1157704011 699197678 342615543 1186100187 16071388 631157680 877909675 951440870 1207098320 893445973 84727396 686937920 1061524140 569965141 937569849 344931640 1060739563 740532915 674110866 304118568 498349514 467673537 548362364 380971292 475056513 347707068 857136304 684831774 1157240071 1186640532 253456531 315587526 360649966 779277583 1194999578 1106314049 944081009 803303931 543930184 944792729 921748507 1015447217 1088167642 305147918 23096004 719633723 1186911486 70529241 807673520 219470797 930769280 3379648 584919745 604092103 427430168 250874830 756656195 367701361 555527984 1026307636 602783988 303879404 1137611284 843347735 619324406 853780141 47218365 1024021668 979704343 360119297 158223363 1011198368 851266464 873928739 163101606 406739444 944454372 297151786 1185141748 205356960 151217475 961825052 728208929 388277875 118416553 148468500 794378772 944997960 1163234498 44055128
0 1 0 0 4 4 4 3 3 1 3 1 0 0 4 3 3 1 0 3 2 0 3 3 0 2 3 1 3 2 1 1 4 3 1 3 3 0 3 3 3 1 4 0 4 3 3 2 0 1 1 2 1 1 2 2 3 3 0 4 0 2 0 1 0 3 2 0 3 0 3 3 4 3 4 3 1 4 0 1 0 3 1 2 0 0 4 0 3 1 4 1 3 1 2 1 4 1 1 4 2 2 0 3 0 4 1 1 3 3 0 1 2 1 3 4 3 4 4 4 0 1 2 1 4 1 4 4 3 2 0 2 4 0 0 4 1 3 3 2 1 3 3 0 1 3 4 4 4 4 0 1 2 2 4 1 4 0
2 2 3 3 4 4 0 4 1 2 2 4 4 0 4 4 1 0 4 2 1 3 1 2 4 0 4 1 2 0 1 4 2 1 2 1 1 0 2 2 2 1 3 3 4 2 2 0 4 1 2 2 1 1 4 2 1 1 3 0 1 2 0 1 3 4 2 4 4 2 3 1 0 3 1 4 2 3 4 1 1 4 4 4 2 0 2 0 3 2 1 2 4 1 3 3 0 2 4 2 1 0 3 2 3 0 1 3 0 3 4 4 2 0 3 1 3 2 1 3 0 4 0 4 2 0 4 0 3 4 2 4 1 0 1 4 2 0 4 0 3 4 4 0 1 4 3 4 2 1 3 2 1 0 1 3 1 3
3 1 2 0 0 3 3 4 4 2 4 4 2 2 0 3 4 3 3 2 0 0 0 0 2 1 0 0 0 1 0 0 2 2 1 0 2 1 1 4 3 2 0 3 1 2 3 0 0 1 4 0 3 4 0 2 3 3 0 3 4 0 0 4 3 3 1 2 4 4 3 0 1 3 0 2 2 3 4 3 0 3 0 0 4 1 3 2 4 3 2 0 3 0 1 3 3 4 3 3 3 1 0 4 2 0 1 4 0 0 4 2 0 0 3 2 3 1 1 4 4 1 4 4 1 3 3 4 2 1 4 1 4 1 0 1 1 4 3 4 1 2 1 4 4 4 1 2 0 4 1 1 0 3 1 3 3 1
3 0 4 4 3 3 1 1 0 4 0 0 3 3 2 0 2 2 1 0 1 2 0 0 0 0 3 3 1 1 4 4 3 3 0 2 2 3 3 4 3 0 4 3 3 3 0 1 2 2 1 1 1 3 1 1 1 1 0 2 4 1 3 2 2 3 4 1 2 4 0 2 4 1 0 0 1 1 3 1 0 4 2 1 0 3 4 1 4 1 3 3 3 1 2 0 1 4 1 3 3 3 2 0 1 3 0 4 1 0 0 1 1 2 2 1 2 1 2 1 0 0 1 3 3 4 0 0 3 3 0 3 3 3 3 4 3 0 0 1 0 1 2 2 3 1 3 1 4 3 4 4 0 3 4 4 2 4
1 2 2 3 2 2 3 1 3 3 3 4 4 1 0 3 0 0 4 0 3 1 3 3 2 1 3 2 2 2 1 3 4 1 3 3 3 4 4 4 2 0 3 4 3 3 2 3 3 4 3 2 0 4 2 2 0 2 1 2 4 0 2 0 1 2 3 1 1 0 0 1 2 0 0 0 3 2 3 4 1 3 3 3 4 2 3 1 4 4 0 3 4 4 0 2 2 3 1 0 0 3 1 2 4 1 2 4 4 2 3 2 3 1 3 2 3 1 1 4 2 1 4 4 1 4 1 0 0 4 0 0 0 4 3 4 0 2 3 1 2 2 1 0 0 4 2 1 2 0 0 4 2 0 3 0 1 2
0 1 1 2 4 1 1 4 2 2 3 3 0 0 2 1 0 2 0 0 0 2 0 1 4 2 3 2 4 1 1 4 3 0 2 4 3 0 0 1 2 3 4 0 4 3 1 4 0 4 4 1 1 2 4 2 1 4 2 1 0 3 2 0 3 1 4 4 2 4 0 1 0 1 1 4 4 3 3 1 2 0 4 0 4 0 0 0 4 2 1 0 0 4 2 1 0 2 0 4 3 2 1 3 3 2 4 4 2 0 2 1 2 4 4 1 4 4 1 1 1 0 3 1 4 0 4 1 4 4 1 0 1 4 0 1 1 0 2 1 0 0 2 2 1 1 3 0 0 1 1 3 1 1 2 2 2 1
1 1 1 2 3 4 3 4 3 4 4 0 2 1 2 0 0 3 3 0 1 1 1 4 4 3 1 1 2 3 0 3 1 1 2 2 2 0 1 0 2 2 3 4 3 0 1 0 1 0 0 2 3 1 1 2 1 4 1 1 4 1 4 1 4 2 3 1 4 1 4 3 3 2 3 3 4 4 3 0 1 3 4 4 1 1 4 0 2 2 1 2 3 0 0 4 4 3 2 1 1 3 4 4 0 4 4 2 1 2 4 2 2 4 4 0 2 0 0 4 4 1 1 2 4 1 3 0 1 0 1 2 1 3 3 1 2 2 0 3 1 0 3 3 1 4 1 3 4 1 2 3 0 1 2 1 2 2
1 1 4 0 3 0 3 4 4 2 1 4 1 0 1 4 0 2 3 1 0 4 0 0 4 0 1 3 3 0 0 1 1 4 1 2 0 1 1 4 4 4 0 2 4 2 3 0 4 3 1 2 4 3 2 3 3 0 1 3 0 3 0 2 2 1 4 4 0 2 0 1 1 1 0 1 3 3 3 4 3 4 3 2 0 0 2 3 2 3 4 3 1 4 2 0 2 3 0 2 0 0 0 3 3 0 4 3 0 2 3 3 4 1 2 4 4 4 4 1 4 3 1 2 4 3 3 2 1 0 1 3 2 2 2 1 4 3 4 2 3 4 2 4 3 0 0 4 1 1 0 1 2 2 3 1 2 3
3 1 0 0 1 0 4 3 3 0 4 2 2 4 4 2 3 4 4 0 3 0 1 3 1 0 2 2 2 2 2 2 3 3 4 4 0 0 0 3 1 1 2 0 0 1 2 0 0 1 0 0 4 3 1 2 4 0 1 1 2 4 0 2 4 0 4 4 0 1 2 3 2 4 4 2 3 3 4 0 2 4 1 1 2 2 0 1 2 2 4 2 1 0 4 2 2 3 1 4 4 0 3 3 1 4 0 4 2 4 0 1 0 3 4 0 2 0 1 1 2 3 3 0 0 3 2 4 3 0 3 0 0 1 3 3 2 4 3 2 0 0 3 3 0 0 3 2 0 1 3 2 1 4 2 1 4 1
0 2 1 1 2 3 4 1 1 2 2 1 4 4 3 4 2 3 4 2 2 4 4 1 3 0 2 2 4 1 0 1 3 3 2 3 1 2 4 0 1 3 3 2 2 2 3 2 0 3 4 3 4 0 1 0 3 3 4 2 4 0 0 4 3 3 2 2 2 3 4 0 1 2 2 1 4 2 0 2 0 1 2 2 2 3 4 2 3 3 4 4 0 4 3 4 4 3 3 3 1 2 3 0 4 2 1 1 0 3 3 2 4 0 1 3 0 0 0 3 1 4 4 1 1 4 2 2 2 0 1 1 4 1 1 1 4 4 2 1 2 0 0 3 2 2 2 2 2 2 2 0 2 3 2 0 2 4
2 2 2 0 3 3 2 1 4 3 2 1 4 4 3 1 2 2 3 4 1 3 2 3 3 1 3 0 3 1 2 0 3 1 1 3 4 3 1 4 3 3 2 4 4 3 0 1 0 4 3 2 4 2 2 2 0 1 0 3 4 2 0 4 0 1 2 4 1 3 0 1 1 0 0 0 0 1 3 0 2 3 4 1 2 4 0 4 0 0 2 4 4 0 0 4 1 2 1 0 2 3 3 0 0 4 2 0 2 0 3 4 1 2 2 0 3 2 0 3 3 4 4 4 4 4 4 3 3 2 0 0 2 3 0 3 2 2 3 4 0 3 0 3 3 2 3 1 2 0 2 2 0 1 1 4 3 2
2 3 4 2 4 4 1 1 2 0 1 2 2 3 3 2 3 1 2 3 2 1 4 4 3 4 3 4 0 3 4 3 1 3 2 2 4 0 1 1 3 4 1 0 4 4 4 2 0 3 0 4 4 1 1 4 2 4 4 3 2 0 3 0 3 2 0 0 3 1 1 1 0 4 3 4 0 4 3 2 3 0 2 4 2 3 4 4 4 0 4 3 0 2 3 0 0 3 0 0 1 4 3 1 0 1 2 1 0 2 3 0 3 0 0 2 0 1 3 4 3 3 2 3 2 3 0 4 1 3 4 3 2 2 1 4 0 1 0 3 3 1 3 3 3 0 2 4 3 1 0 1 1 3 1 0 3 2
0 4 0 4 4 4 4 3 3 1 1 1 4 4 2 0 0 0 2 2 4 3 0 0 4 3 0 3 4 3 0 1 4 2 2 1 3 3 4 1 0 0 2 1 1 4 3 3 2 3 3 1 1 3 3 2 4 0 0 0 3 2 1 0 4 3 1 2 2 2 1 4 4 0 0 0 2 4 4 4 4 4 0 0 2 1 2 3 1 3 3 2 0 4 2 2 0 3 1 2 2 4 3 1 0 3 3 2 4 4 1 3 3 3 0 1 1 3 1 3 3 0 0 0 4 4 4 4 4 1 3 1 0 1 2 2 2 2 4 3 2 2 4 0 1 4 3 2 4 0 2 4 0 4 2 1 3 1
3 4 4 3 0 2 2 4 4 1 2 4 4 1 1 0 1 4 2 2 4 1 4 1 3 4 3 0 2 1 1 0 1 1 1 3 3 3 0 4 4 4 3 0 0 2 1 3 3 3 0 2 1 4 1 4 0 4 4 0 2 3 0 0 4 3 1 4 1 1 3 0 0 4 3 0 3 4 0 1 2 1 1 0 2 2 0 0 3 1 0 0 4 2 1 0 1 2 1 2 0 2 0 0 1 3 2 4 4 4 2 3 2 3 3 0 2 0 2 0 2 2 1 3 1 4 4 2 3 2 2 3 4 4 0 0 4 4 1 0 3 1 3 1 1 3 3 4 4 2 4 3 1 2 1 2 1 2
2 1 0 1 1 1 2 1 4 1 2 2 3 3 3 1 1 0 4 4 1 0 1 0 3 2 3 2 1 1 1 3 3 3 1 4 0 3 3 4 1 2 1 4 0 2 0 1 4 2 2 0 4 0 0 3 4 0 2 1 2 3 1 0 4 3 1 4 1 4 0 3 2 3 4 4 0 0 1 1 4 3 1 3 1 4 3 0 4 0 1 1 1 3 3 2 1 2 3 4 3 3 4 2 3 4 2 1 1 3 2 0 3 1 0 4 0 4 0 4 1 3 3 4 1 3 1 4 0 1 4 4 1 0 1 0 4 0 1 0 0 0 0 4 1 3 0 1 2 2 3 0 3 3 2 4 1 0
1 2 2 2 3 3 2 1 0 2 2 3 4 2 4 0 3 2 0 1 1 4 3 4 4 1 2 1 3 0 4 1 4 1 0 2 1 2 1 2 1 3 0 1 2 1 3 1 4 3 2 0 2 2 1 3 1 0 2 1 0 1 4 0 2 4 4 3 1 0 0 0 3 3 1 3 4 4 4 3 4 3 0 3 2 1 1 0 3 3 3 4 4 2 4 1 1 3 2 0 1 4 0 4 2 1 4 2 2 0 2 3 0 3 1 3 1 2 0 0 1 4 4 0 3 0 4 0 0 3 0 1 2 2 3 0 0 2 2 2 0 1 2 0 4 3 0 3 0 1 3 3 2 4 1 0 1 0
0 1 0 2 0 2 1 3 2 1 2 1 0 2 3 2 3 4 0 3 2 1 1 0 1 3 1 2 4 2 4 1 4 4 1 4 2 2 4 1 4 1 3 4 1 3 4 4 2 4 4 0 2 1 2 4 1 4 1 0 1 3 4 2 2 0 3 4 4 2 1 3 1 1 0 2 4 4 3 3 0 4 3 3 0 3 2 4 2 0 4 0 3 0 0 3 2 3 2 2 3 0 2 4 3 2 3 2 3 3 1 4 2 1 4 0 4 3 4 3 3 0 4 4 1 1 2 3 4 1 2 2 4 0 3 2 4 1 0 0 1 3 4 4 4 0 4 1 3 3 4 3 0 0 2 1 1 1
2 3 0 1 0 4 1 1 1 3 2 3 3 4 1 4 0 3 4 4 1 2 4 0 0 1 3 0 3 1 3 2 4 3 0 0 2 4 3 1 2 0 4 2 1 3 1 3 3 2 4 4 1 3 1 3 0 4 0 0 1 4 4 0 2 1 2 2 0 0 3 2 3 4 1 1 4 4 2 2 1 1 3 4 2 0 3 4 1 0 1 4 4 0 0 4 1 4 3 4 2 1 1 2 2 0 0 2 4 2 1 1 4 0 2 3 2 2 2 3 3 3 3 4 0 0 3 3 1 1 2 3 4 1 2 4 1 3 1 0 2 2 3 3 4 1 1 1 3 3 2 3 1 0 3 3 2 3
2 3 0 4 4 1 2 1 0 3 1 3 1 1 3 1 4 2 2 1 1 3 4 3 1 3 0 1 1 2 0 0 0 0 2 4 3 4 3 4 0 1 2 1 2 2 4 4 0 2 0 3 2 1 1 0 1 1 2 3 3 2 0 0 4 2 2 2 2 2 3 4 3 3 2 3 0 1 4 2 0 4 0 2 2 1 3 4 4 0 4 4 2 4 2 1 4 4 0 3 1 4 2 1 2 4 1 2 2 0 0 3 1 0 0 1 4 0 2 0 0 1 2 4 2 4 2 1 3 3 1 1 2 3 4 1 4 3 3 2 0 0 2 2 3 4 0 4 0 2 4 2 3 3 2 2 2 4
1 2 4 2 3 1 3 0 2 2 3 3 1 3 3 3 2 3 0 4 2 0 1 4 2 1 2 1 4 0 1 2 2 2 4 3 4 2 0 3 2 3 3 0 3 4 1 3 2 1 2 2 1 1 1 3 2 3 0 3 3 3 0 3 0 2 3 1 1 3 2 3 3 0 4 3 1 2 1 1 3 1 3 4 2 4 4 1 2 1 0 3 1 0 1 4 4 1 0 1 4 4 1 2 2 2 0 3 4 4 4 2 2 2 3 1 3 3 2 1 1 2 1 0 0 2 4 1 0 1 2 4 1 4 3 3 3 0 3 3 1 0 2 3 4 1 4 3 1 4 1 4 3 2 4 0 1 3
2 1 0 4 2 3 0 0 3 1 2 1 4 4 3 3 2 3 4 4 3 2 3 4 2 1 1 1 2 2 0 1 0 2 0 2 0 3 2 3 4 4 1 0 0 0 3 3 0 0 4 3 2 4 4 4 2 0 3 1 4 0 2 4 2 0 3 4 0 2 2 4 3 0 1 4 0 1 4 2 1 3 2 4 4 1 0 1 3 3 3 2 3 2 3 2 2 1 1 2 0 0 3 4 1 1 3 3 3 4 1 4 2 0 0 3 2 1 4 0 1 4 0 0 2 3 2 4 2 1 4 4 1 2 3 2 4 3 3 4 2 1 3 1 1 1 4 3 2 4 4 0 3 1 0 0 4 0
2 3 1 1 3 4 3 3 2 4 2 2 3 1 3 4 3 4 0 4 3 4 3 4 4 4 0 2 1 1 4 0 2 2 1 0 1 2 0 0 3 2 2 2 4 0 3 4 0 3 3 0 4 4 1 0 3 1 2 1 4 3 2 1 0 0 3 4 4 4 4 3 3 4 2 2 4 0 3 1 0 2 3 4 1 4 4 1 2 4 4 2 4 3 0 0 4 4 1 3 3 0 3 3 1 0 3 1 0 1 4 0 3 3 1 1 4 3 2 4 4 4 1 3 2 1 0 3 2 1 2 2 4 2 1 0 3 4 3 3 0 0 1 1 0 4 2 4 4 2 3 3 1 1 4 3 0 1
4 2 0 3 0 1 0 1 1 3 2 2 4 2 2 2 0 4 3 3 3 3 2 4 3 3 2 4 3 2 1 2 0 1 0 2 2 1 0 0 1 2 4 0 1 3 4 2 2 3 0 3 3 2 2 1 2 4 1 0 4 2 0 4 0 2 3 4 0 3 1 2 0 1 4 1 4 1 0 2 4 0 2 4 4 4 0 3 0 3 1 4 2 1 0 2 0 3 3 1 3 0 0 3 1 4 2 2 2 2 1 1 0 3 0 1 2 3 0 0 1 1 1 1 4 4 0 4 4 4 2 3 4 2 3 2 4 0 4 1 0 1 0 2 4 2 3 4 0 0 1 4 1 2 0 2 3 0
4 3 1 1 1 0 4 1 2 3 4 4 4 4 0 4 1 1 2 1 2 4 2 3 3 0 3 0 0 1 3 4 4 4 0 2 2 4 4 4 4 3 0 4 4 0 0 2 4 4 3 1 4 2 0 4 3 3 0 3 1 0 4 1 4 4 0 1 1 1 3 0 1 0 4 0 3 2 4 2 1 3 3 0 2 0 0 2 0 2 0 2 4 1 0 3 1 0 2 2 4 2 2 0 2 4 3 0 1 2 4 2 2 3 0 2 0 2 4 1 1 2 3 0 3 3 3 4 0 2 3 1 1 3 2 1 2 2 3 0 1 3 4 4 3 4 1 3 3 0 4 4 4 4 4 3 4 0
2 0 4 3 3 1 1 2 2 3 4 0 0 1 0 4 2 3 1 0 2 4 2 3 1 2 3 0 0 4 2 4 1 2 2 0 0 3 2 2 3 2 4 3 0 2 0 2 0 1 2 4 2 4 0 0 1 0 3 1 4 0 3 1 4 0 1 4 4 3 3 2 2 3 3 2 0 3 4 2 4 3 4 3 3 4 4 1 4 2 0 3 4 3 1 4 0 2 3 4 3 2 4 0 2 2 3 4 0 4 3 1 3 2 4 3 1 0 1 2 4 3 3 4 1 4 3 2 2 3 3 0 2 4 2 4 1 2 0 3 2 4 4 2 1 1 2 0 3 3 2 3 4 2 4 0 2 4
4 1 2 0 3 0 4 0 1 1 3 2 1 2 1 3 1 4 4 3 4 4 3 4 4 2 1 3 0 0 2 1 1 2 1 4 4 1 2 0 4 0 4 0 4 2 3 0 2 4 0 3 1 0 4 0 0 1 4 2 1 3 3 3 0 0 4 4 3 1 2 4 3 1 1 2 4 2 4 3 3 1 1 4 4 1 2 4 4 3 1 2 1 1 2 4 1 2 3 1 0 2 2 4 4 4 3 0 1 0 0 4 1 3 1 0 4 3 1 0 1 2 3 4 4 0 3 2 4 4 1 0 1 3 4 2 2 4 4 0 4 4 2 1 3 3 3 4 3 0 0 4 4 0 3 3 2 4
3 4 3 4 4 1 4 0 4 4 4 3 4 4 0 1 2 3 1 0 2 4 2 4 0 2 1 1 0 4 0 0 3 0 1 4 1 1 4 2 0 0 3 1 1 3 0 3 1 1 1 0 3 3 2 3 0 3 1 3 4 1 0 4 1 2 3 3 0 4 0 2 2 0 3 3 3 0 4 1 4 0 2 2 3 1 2 1 1 4 1 1 2 1 2 4 3 3 4 3 4 1 0 1 2 1 0 0 1 4 4 0 1 1 4 1 4 2 2 0 3 3 3 0 2 1 4 0 1 0 1 0 4 3 2 1 1 4 3 3 0 2 0 1 0 0 2 4 4 2 2 2 0 2 2 4 0 4
2 1 1 3 2 0 3 1 3 0 2 2 0 2 4 0 3 2 2 0 3 3 2 2 0 0 0 0 4 0 1 1 2 4 1 1 0 0 4 3 2 1 2 2 3 4 4 1 1 2 3 1 2 1 4 3 3 4 0 2 4 3 1 3 2 4 1 4 4 0 0 1 3 2 0 1 1 0 4 4 4 3 1 1 1 0 1 4 4 3 3 0 1 1 4 1 1 2 2 0 3 2 4 3 2 4 0 3 1 1 3 0 4 1 2 2 1 0 1 2 4 2 2 2 3 3 0 4 1 3 2 1 2 3 4 4 4 4 3 1 3 3 3 4 4 2 2 2 3 0 4 2 2 1 4 3 2 0
4 3 0 1 4 2 1 3 2 1 0 2 4 3 2 2 2 3 0 1 2 0 2 1 2 1 4 3 1 1 3 1 4 0 4 0 3 1 4 2 4 4 1 3 4 0 2 3 3 4 0 0 4 4 3 3 0 2 2 4 1 2 0 0 3 4 3 3 2 2 0 3 3 3 3 2 3 1 2 1 2 2 3 4 1 1 2 4 0 4 3 1 2 0 4 2 1 2 0 4 1 2 2 4 0 1 3 0 4 0 1 3 0 1 2 3 4 0 4 4 4 4 1 3 4 2 2 3 4 4 4 0 1 1 1 3 4 4 3 0 1 1 4 1 2 1 2 3 3 1 3 0 1 1 3 2 3 3
0 4 2 4 1 1 3 2 4 4 3 0 2 1 1 3 0 1 4 2 4 3 0 4 0 3 0 0 3 0 3 0 1 1 0 2 2 0 1 3 1 1 3 3 3 2 1 3 0 3 2 4 3 4 4 3 3 1 3 1 2 4 1 3 2 3 3 1 0 1 4 2 3 0 2 3 4 1 3 4 1 0 3 1 1 4 4 4 1 4 0 0 0 4 0 2 4 3 3 0 2 0 4 0 0 3 0 4 4 3 0 2 0 3 3 1 0 4 3 3 1 0 3 1 4 3 4 4 4 4 1 3 4 0 3 4 3 0 0 0 3 0 4 0 1 3 3 3 4 1 1 0 2 1 4 3 1 3
4 0 4 0 3 4 2 3 0 3 0 3 3 0 0 2 0 3 2 1 1 2 2 2 4 1 0 3 0 2 3 4 4 3 2 0 2 4 3 4 2 1 2 2 1 3 2 4 1 4 0 3 3 2 2 0 1 3 3 1 2 4 2 1 2 4 1 1 1 2 2 3 3 0 1 4 3 0 3 1 1 0 1 0 0 4 0 1 4 0 4 1 1 1 4 0 3 1 1 4 3 1 4 1 1 2 2 1 2 3 2 4 3 4 1 0 0 3 1 1 3 0 4 0 4 3 0 4 4 4 3 4 2 4 0 3 2 0 1 4 0 3 3 0 4 4 1 1 4 2 2 3 0 1 0 1 0 2
0 1 3 0 1 0 4 3 0 1 3 1 1 0 2 1 1 1 3 2 0 2 1 2 2 1 1 4 2 3 4 4 4 2 4 0 0 4 1 0 0 1 4 3 2 1 2 3 4 0 2 4 4 3 4 2 0 0 3 4 3 2 4 4 0 3 2 2 4 3 4 2 4 3 0 3 1 2 3 1 4 0 2 4 4 1 3 1 1 1 0 1 4 1 1 1 0 0 3 1 3 2 3 4 3 4 3 4 3 1 2 0 4 0 4 3 1 4 4 0 0 4 3 1 3 1 2 0 1 2 1 1 2 0 3 0 1 1 1 4 4 4 4 3 4 0 3 2 1 2 4 4 4 0 0 2 1 0
2 0 2 0 1 1 0 4 1 1 2 0 3 4 4 4 4 0 2 3 4 3 2 1 2 3 1 0 0 2 0 4 2 4 0 1 1 2 2 4 4 0 4 4 4 0 0 0 2 2 0 2 3 3 0 2 1 1 2 4 3 4 3 3 4 0 1 2 3 3 3 4 3 3 0 4 0 0 0 0 0 0 4 0 0 4 2 2 0 2 3 0 1 3 3 2 4 1 4 4 0 3 0 3 3 0 0 0 2 2 0 2 4 4 4 0 0 2 4 0 1 2 1 2 0 1 0 1 3 1 2 0 1 2 3 1 2 0 2 0 2 4 4 2 1 4 4 1 3 3 4 4 2 2 3 4 3 0
1 3 2 3 0 0 3 4 2 0 4 1 2 4 0 4 1 1 0 0 0 3 0 4 4 2 1 2 3 1 3 4 2 0 0 2 0 0 3 4 0 3 0 0 4 1 1 0 4 1 2 4 4 4 0 3 3 1 0 1 3 3 3 2 0 3 4 3 0 3 2 0 3 0 2 2 3 3 4 4 4 3 1 0 2 1 0 0 3 3 1 3 3 4 0 4 4 1 4 4 4 3 2 4 3 1 3 1 2 2 3 1 2 4 4 4 0 4 1 0 4 0 3 3 1 0 2 3 4 3 4 0 1 3 0 2 0 3 3 2 3 3 0 2 2 1 4 3 3 0 3 2 2 4 0 1 1 4
4 0 2 3 1 4 2 3 1 4 1 1 1 1 0 3 1 4 0 0 2 3 2 1 0 0 2 3 1 3 2 2 4 0 2 0 1 4 3 4 0 1 2 3 0 4 2 1 4 4 3 3 4 0 4 4 2 3 4 0 2 2 4 3 4 2 3 2 1 3 3 4 1 0 2 3 2 4 1 1 0 4 1 4 2 1 1 1 1 0 2 3 2 1 1 3 0 1 0 4 1 3 3 3 1 0 3 3 2 0 1 2 1 2 4 3 0 0 2 2 0 1 2 0 2 1 3 0 2 1 4 1 1 2 1 2 2 4 2 1 4 0 4 3 3 0 3 0 0 0 4 0 1 4 2 1 0 3
1 4 4 0 0 2 2 1 0 1 1 4 3 2 0 4 0 0 4 4 0 4 4 2 1 3 1 1 4 1 4 0 2 0 0 3 2 4 4 4 0 2 4 3 2 4 4 2 1 3 3 3 4 0 0 1 3 3 2 4 1 3 4 4 3 1 2 0 0 3 0 0 1 1 1 3 2 0 2 3 1 3 1 0 0 2 3 0 0 2 4 4 0 3 3 0 4 0 3 1 3 0 1 1 1 4 1 3 2 1 1 3 1 2 0 1 1 4 1 4 1 2 3 4 0 1 4 1 3 2 2 3 4 0 0 0 2 3 3 4 1 1 2 2 4 2 0 2 3 1 1 2 0 1 1 2 4 2
3 2 2 2 1 1 0 3 4 2 3 2 1 0 4 0 2 0 4 3 2 0 1 1 2 2 2 0 4 2 4 0 1 3 4 2 0 4 2 4 3 1 3 1 1 4 1 0 4 3 0 4 3 2 2 2 1 1 4 2 0 3 4 2 2 4 1 4 0 4 0 4 2 0 0 0 0 4 0 1 2 1 0 2 0 4 1 3 1 0 2 1 3 2 3 2 1 2 1 1 1 1 0 0 4 3 0 4 2 0 0 1 3 3 0 0 4 1 0 0 1 3 2 1 0 2 4 3 1 2 1 2 1 2 4 0 2 4 4 4 0 1 2 0 1 2 3 1 3 3 3 1 1 0 4 3 0 3
1 1 1 3 1 2 2 0 4 4 0 3 0 2 1 2 4 0 1 2 1 4 1 4 2 4 2 1 3 4 2 4 2 3 4 3 2 1 1 3 2 3 1 2 2 4 1 1 4 2 1 2 3 2 2 2 3 1 4 1 0 3 3 2 1 2 3 0 1 1 3 3 4 1 3 1 2 1 4 4 4 0 1 4 4 0 2 3 1 3 1 3 1 1 3 4 1 1 1 2 2 1 2 3 4 0 4 1 4 0 0 0 1 2 4 2 2 3 2 1 1 4 4 4 2 2 3 3 0 1 2 4 2 0 2 3 2 3 0 1 4 2 1 2 1 3 4 1 1 2 2 0 3 3 4 2 3 0
1 3 1 3 3 1 0 2 4 3 1 1 1 0 4 3 2 2 1 3 3 4 2 2 4 2 1 4 0 1 1 3 4 4 1 4 2 2 2 2 2 3 0 3 0 1 1 4 4 4 2 2 4 2 2 3 4 3 4 1 4 0 4 0 2 1 2 4 0 4 3 2 4 4 2 4 2 1 0 1 0 4 1 1 1 3 2 1 3 1 4 4 4 4 4 1 2 1 2 4 2 1 1 1 2 0 2 4 1 4 1 4 4 4 0 0 2 2 3 0 1 3 4 0 4 0 3 1 4 2 0 1 3 3 0 2 3 4 2 0 4 0 4 0 4 1 0 3 4 1 3 2 1 4 4 0 1 2
1 0 1 3 4 2 1 1 4 4 2 1 1 3 3 2 3 2 1 1 0 0 2 0 4 0 1 3 0 0 2 3 2 3 1 1 0 2 4 0 3 2 3 2 0 2 1 4 4 2 0 2 4 4 4 3 4 1 1 1 3 3 4 0 2 0 2 4 2 3 4 2 0 0 4 3 2 3 2 3 0 4 2 2 0 2 0 1 0 2 2 3 2 1 3 1 1 2 1 0 1 0 2 3 2 4 1 4 4 0 0 4 4 2 1 1 1 4 2 1 3 4 4 0 0 0 2 3 2 3 3 0 0 3 4 3 4 0 4 3 1 4 4 2 2 3 1 3 2 3 2 0 0 3 2 2 3 4
1 3 2 1 3 0 1 2 3 0 0 2 0 3 4 2 0 3 0 1 3 4 2 0 1 2 4 3 4 4 0 2 2 2 4 1 4 2 0 2 3 2 2 0 0 1 4 3 1 4 1 4 0 3 0 3 2 1 2 4 0 2 1 0 1 2 3 1 0 0 0 0 3 4 2 0 2 2 3 3 3 0 3 4 0 0 4 0 1 1 4 3 0 2 0 4 0 3 2 2 4 4 2 4 4 4 4 3 3 3 2 2 0 2 3 2 2 2 2 0 1 1 0 1 4 3 2 1 1 1 0 2 1 2 3 2 3 3 0 2 3 4 1 0 3 4 2 0 1 0 2 4 3 0 3 4 3 0
0 1 2 0 1 0 4 4 2 0 2 2 4 2 4 0 2 2 1 0 0 4 2 4 4 0 1 2 0 1 2 2 3 1 0 1 1 1 0 3 1 0 3 2 2 4 4 0 1 0 2 3 0 4 3 4 1 4 3 1 3 0 1 3 4 1 4 0 2 4 1 1 4 1 3 4 0 3 1 1 0 3 2 0 4 0 1 0 1 4 4 4 2 0 2 3 1 3 3 0 3 4 3 4 0 2 0 2 2 1 1 2 1 3 0 0 0 3 3 1 0 2 3 4 4 2 2 2 1 0 2 1 2 1 0 4 0 1 2 2 4 3 1 1 3 3 3 3 2 3 1 2 2 4 1 1 4 3
3 0 0 3 1 4 1 3 4 3 1 3 2 1 3 3 4 1 2 4 1 1 3 2 3 0 4 1 4 3 1 2 0 1 2 1 3 0 1 2 3 3 2 0 1 2 1 0 0 3 4 1 4 4 3 4 0 2 0 4 2 3 3 2 1 1 0 4 3 2 3 2 2 0 2 3 2 3 0 2 3 4 0 4 4 4 3 1 3 0 0 1 3 0 0 0 3 1 4 2 3 3 4 0 0 3 0 0 4 0 4 4 1 0 4 0 1 2 3 1 0 0 4 3 1 0 3 4 1 0 3 1 0 4 1 0 0 3 0 4 3 0 0 4 2 4 2 3 4 0 4 4 1 4 4 4 4 0
0 2 0 4 3 0 3 1 2 3 4 3 4 4 0 0 3 2 4 2 2 0 0 3 4 1 2 1 2 3 1 2 2 1 1 0 3 0 1 2 0 2 2 0 1 2 2 2 1 3 4 0 4 4 4 0 2 3 1 4 2 2 2 4 0 0 2 0 2 3 3 3 3 0 0 4 0 2 1 3 0 3 4 1 4 0 2 2 3 0 3 2 3 2 4 0 3 1 3 0 1 3 0 4 0 2 4 0 4 2 1 2 0 2 3 0 2 2 4 0 3 4 3 3 4 4 3 2 0 3 4 3 1 2 3 2 4 4 4 1 3 0 3 4 4 3 1 1 1 2 4 4 3 4 2 2 3 2
1 0 1 3 3 2 0 3 4 1 2 4 2 1 1 0 2 3 4 0 4 0 4 0 1 2 4 3 0 4 0 3 4 1 1 0 1 1 3 0 3 3 1 0 1 0 3 3 3 4 0 4 1 4 0 2 3 1 2 0 3 4 4 4 3 0 4 4 4 0 4 2 3 3 4 4 0 4 4 3 3 1 2 1 2 4 3 0 3 2 1 1 2 2 0 0 2 0 4 1 2 0 0 0 0 2 1 0 3 0 3 4 1 3 0 3 4 1 0 2 0 3 3 2 0 4 4 0 1 3 3 3 1 1 0 3 0 1 4 3 3 4 2 1 4 0 4 4 3 1 1 3 0 2 1 2 3 2
2 1 1 1 1 4 4 1 2 4 4 3 2 2 3 2 3 2 4 4 1 2 0 0 2 2 2 0 0 2 3 4 3 1 2 4 0 1 2 4 0 1 3 0 0 1 2 3 0 3 4 4 2 1 1 4 4 3 0 1 2 3 2 0 4 0 1 1 3 3 2 4 1 0 1 1 3 3 1 1 3 0 0 0 1 1 4 2 1 4 0 3 4 3 0 0 0 3 3 3 1 1 4 4 1 0 0 2 0 1 3 3 3 0 3 4 1 0 4 4 1 4 4 1 4 4 3 1 2 2 0 0 3 1 1 1 2 3 3 4 1 3 3 4 3 3 0 1 0 4 0 2 1 1 0 2 0 3
4 4 2 4 1 0 2 4 2 4 2 2 4 3 3 4 2 1 4 0 0 0 4 2 2 2 4 4 0 4 4 4 1 2 0 4 2 2 4 1 4 1 4 3 2 4 4 4 0 3 1 2 3 1 0 2 0 4 1 0 0 1 1 1 3 3 3 2 1 4 4 0 0 0 0 4 4 4 4 1 4 0 4 3 3 4 0 1 3 4 3 3 0 0 2 0 0 2 2 3 1 3 3 3 0 0 3 4 1 4 1 1 1 2 1 2 1 1 3 1 2 1 1 4 3 0 4 4 2 4 4 0 4 3 4 0 0 4 4 4 3 2 2 1 1 3 3 4 1 3 0 4 2 4 3 0 4 0
1 4 1 1 4 0 1 0 2 3 4 4 4 4 3 1 3 0 4 1 4 1 0 0 2 4 1 0 4 0 2 3 4 0 1 1 1 4 1 0 4 3 4 4 4 3 0 2 3 0 1 4 3 3 1 0 2 2 2 3 3 0 3 4 0 4 0 3 0 4 4 0 4 0 4 0 3 4 0 3 1 3 3 4 1 4 4 0 2 4 0 2 4 4 1 1 0 4 0 1 0 1 3 1 1 2 1 2 3 3 2 0 1 0 1 4 2 3 4 1 2 2 0 1 1 1 4 3 2 4 4 2 2 2 3 1 1 2 3 0 0 2 2 2 0 3 3 2 1 3 0 0 2 0 3 3 3 3
1 1 4 3 0 2 2 1 0 4 3 0 1 3 2 0 2 2 3 1 1 2 1 1 2 3 1 1 3 2 1 1 3 0 4 0 4 4 1 4 0 1 4 3 2 2 3 4 4 3 2 1 2 0 4 2 3 3 0 3 0 1 0 0 1 1 0 1 2 4 2 2 0 2 0 2 4 0 4 0 4 1 3 1 4 3 3 2 1 0 3 1 1 0 1 0 3 3 1 1 2 3 0 3 2 1 2 3 3 1 4 2 0 4 1 4 2 1 3 0 2 1 3 0 3 1 0 2 0 3 3 4 4 0 2 1 3 2 0 2 3 1 1 3 0 2 4 0 1 3 0 0 1 4 0 0 2 1
2 2 4 2 2 3 2 1 2 1 3 2 0 4 0 1 2 0 1 4 0 2 2 3 2 0 4 4 0 1 2 4 4 2 3 3 2 3 1 1 4 0 0 4 4 0 2 3 1 3 4 3 0 1 1 4 2 0 4 4 2 1 4 3 0 4 3 0 2 4 3 3 4 4 2 0 4 2 1 0 0 0 1 1 4 2 2 3 3 3 2 2 2 3 2 4 3 0 4 2 4 3 1 1 4 0 3 3 2 4 1 3 2 2 1 1 4 3 4 4 2 3 3 1 4 0 0 4 0 2 1 2 2 2 3 1 3 1 4 0 3 0 3 0 4 4 3 4 0 4 0 4 2 1 0 3 1 0
2 4 4 4 1 1 1 1 2 4 2 4 0 2 4 0 2 1 0 2 2 2 1 2 1 1 3 1 4 2 3 2 1 3 1 4 4 4 0 2 4 4 3 1 2 2 3 1 0 0 4 2 2 2 0 3 3 0 4 3 2 0 2 0 3 0 4 2 4 1 1 0 1 4 1 3 4 2 4 4 2 3 2 0 1 4 0 1 1 2 1 1 2 3 1 0 0 3 4 0 4 1 0 0 2 4 0 1 1 0 3 0 0 2 0 3 1 3 0 2 0 3 0 2 4 2 2 4 2 1 4 3 4 2 4 4 3 1 2 1 1 0 1 4 2 4 2 0 2 4 0 2 3 0 4 2 4 3
1 3 1 3 2 3 2 3 2 0 4 4 1 1 0 4 2 4 3 4 2 2 1 4 4 1 4 0 3 1 0 1 4 2 1 3 0 3 1 2 3 1 1 1 4 3 1 1 0 4 0 2 4 3 1 3 4 2 1 4 0 1 3 0 0 4 3 0 0 2 4 3 3 3 2 2 3 3 3 3 4 0 0 3 4 3 4 3 1 2 3 3 3 3 0 4 2 1 1 2 3 3 3 1 3 0 3 1 0 3 0 1 3 0 0 2 1 1 3 4 3 3 2 3 1 3 2 3 4 1 3 2 1 3 3 4 0 3 0 2 3 0 3 1 3 3 1 4 1 4 3 4 2 2 3 0 0 2
0 4 0 3 1 1 3 1 2 3 1 3 0 4 0 1 3 3 4 4 4 3 3 4 2 2 2 2 2 4 2 2 4 2 3 2 1 3 1 3 4 4 3 4 4 4 0 2 4 2 3 4 2 3 0 1 0 2 4 4 4 3 3 3 2 3 2 3 2 3 4 1 0 2 2 4 1 0 3 1 4 3 2 1 1 2 2 3 2 3 2 1 1 2 1 1 1 3 4 3 4 0 4 4 0 3 0 1 3 0 4 2 3 3 3 4 3 3 2 0 3 1 3 2 3 1 3 1 1 4 4 0 0 0 1 0 4 3 3 4 3 0 2 3 3 2 4 1 2 1 3 1 4 3 3 0 4 3
1 1 2 3 3 4 0 2 1 1 0 0 1 1 2 0 4 2 2 4 1 2 2 1 3 4 0 3 4 1 3 2 4 0 2 3 2 3 2 3 4 2 0 0 0 2 2 0 2 2 1 3 4 3 4 4 2 4 4 3 3 2 3 2 4 0 2 1 3 4 2 3 4 2 0 4 2 3 1 4 0 2 2 1 3 3 0 2 0 4 1 3 3 4 2 2 4 0 1 3 1 3 3 2 2 0 2 1 0 0 0 2 3 4 3 1 3 0 3 0 4 1 3 4 2 0 2 2 2 0 2 1 3 2 3 2 2 2 4 0 3 4 2 3 1 1 1 1 3 1 1 3 3 1 4 0 3 1
4 1 3 3 2 3 0 2 1 0 0 0 0 0 1 4 3 4 2 4 0 1 0 1 1 0 4 0 3 3 4 2 4 2 1 3 1 3 2 2 3 2 4 0 2 2 0 0 2 2 1 2 3 4 1 4 4 0 0 2 3 4 2 4 3 3 4 4 3 2 3 2 4 2 2 4 0 2 1 4 2 3 1 0 2 4 0 3 2 2 1 2 3 0 2 1 0 3 1 3 0 4 0 2 4 0 1 1 4 4 0 1 2 3 2 1 3 4 0 2 3 3 4 1 3 3 2 3 2 3 3 4 0 4 1 1 1 4 2 0 1 2 4 0 2 3 2 2 4 4 4 2 4 4 3 4 4 2
4 3 1 2 3 3 3 1 4 1 3 3 4 4 2 3 4 4 3 3 2 2 2 1 4 3 2 4 2 4 1 3 2 4 1 2 4 1 4 0 3 2 3 2 3 0 0 2 2 3 1 4 2 0 2 3 4 2 2 3 1 0 2 0 0 0 3 1 1 4 2 4 3 0 1 1 3 3 3 0 3 1 1 0 4 0 3 3 2 2 3 0 0 2 1 0 2 4 1 4 0 0 0 3 1 4 4 1 2 4 3 3 3 4 3 2 1 4 2 4 3 0 4 3 3 2 0 2 3 4 3 3 4 4 1 2 0 2 3 2 2 1 2 2 2 3 4 4 4 1 0 2 3 1 3 3 4 3
1 2 4 4 1 4 0 4 1 0 2 2 0 1 3 2 3 3 2 2 2 1 0 2 4 0 3 4 4 4 2 0 2 2 1 0 3 4 1 1 4 3 3 1 1 4 1 4 2 3 3 1 0 0 0 1 1 0 0 0 0 4 2 4 1 0 1 1 4 2 3 1 3 3 4 1 2 0 3 1 4 3 2 1 4 2 2 2 0 4 2 0 3 1 1 2 1 2 3 3 1 3 4 1 2 3 3 4 1 1 1 2 4 0 3 0 0 2 2 0 1 1 0 4 2 3 1 1 0 2 4 3 0 0 2 2 0 0 4 1 3 2 0 4 2 3 0 2 2 4 2 3 1 4 0 0 2 1
3 4 0 2 0 1 4 2 0 0 4 1 3 4 3 4 3 3 4 0 2 2 2 2 2 3 1 2 0 1 1 4 2 3 3 4 4 0 1 2 2 2 3 0 1 2 1 0 0 3 2 2 2 4 4 4 4 3 4 0 1 2 1 3 0 4 0 2 1 1 4 3 4 2 4 2 1 2 4 3 2 2 3 4 3 4 1 3 2 2 0 0 4 1 1 1 2 1 0 4 2 4 2 3 4 3 3 0 3 2 4 0 4 4 2 0 3 3 3 3 0 0 3 1 3 4 4 0 0 0 1 0 4 1 0 0 1 3 1 1 3 2 4 2 1 1 2 4 4 2 4 1 2 3 4 0 4 3
3 2 3 1 4 0 4 1 0 1 0 3 4 3 0 3 2 3 4 2 0 0 1 4 3 1 4 2 1 4 1 1 1 1 3 0 1 4 1 2 0 3 2 2 3 0 0 3 3 2 2 0 4 3 2 3 4 1 2 3 0 0 1 3 2 1 3 0 1 2 4 3 2 2 0 1 2 1 1 2 0 3 3 4 3 0 2 0 3 0 0 4 2 1 4 4 0 0 2 1 2 1 1 1 3 2 4 2 0 0 0 0 0 0 4 4 2 4 4 0 1 4 1 3 2 1 0 2 1 2 0 0 3 2 1 4 1 1 1 1 1 3 3 2 3 4 3 0 0 2 1 1 3 2 2 0 0 2
0 1 1 0 1 4 2 0 0 3 1 4 1 4 2 1 1 1 1 4 3 1 3 1 0 1 1 2 4 1 1 4 3 2 4 1 3 4 1 4 4 4 3 1 4 0 2 2 3 0 4 4 4 2 0 4 1 1 1 0 0 4 1 3 1 0 1 4 1 0 0 1 4 3 4 3 1 3 3 1 1 2 0 0 4 1 4 0 4 2 2 4 1 3 4 4 1 3 3 4 3 1 2 4 4 1 0 0 2 3 4 0 0 4 0 4 2 1 2 2 3 1 1 1 2 3 2 0 1 2 4 4 3 2 3 3 0 3 0 4 3 4 4 3 1 1 0 3 2 4 0 2 0 4 0 4 2 2
4 3 0 1 4 3 3 4 3 0 0 1 0 3 2 1 4 3 3 4 2 0 3 2 3 0 3 3 2 0 3 1 0 3 2 1 3 2 1 4 3 3 0 0 3 2 1 2 1 4 1 0 2 1 2 2 4 3 2 1 0 0 4 1 0 4 4 4 3 2 0 1 0 0 3 4 4 2 3 2 1 0 2 0 3 2 2 4 0 2 0 0 2 2 3 0 3 3 1 1 0 1 0 3 3 3 4 2 0 2 0 4 4 4 4 3 1 4 2 3 3 0 4 0 4 4 2 2 4 3 0 0 4 0 0 2 4 4 2 4 3 2 0 3 1 2 3 0 3 0 3 1 2 4 1 3 4 4
0 0 4 1 0 4 3 2 3 2 3 0 4 2 4 1 2 3 3 0 3 1 2 3 2 0 0 1 0 1 2 3 1 1 1 4 2 4 1 3 2 0 3 3 4 3 4 1 3 0 1 1 1 0 1 1 2 1 4 3 2 1 1 4 4 2 3 4 1 4 2 0 1 2 0 2 2 2 3 0 2 1 3 0 2 0 1 1 3 0 4 1 3 0 2 0 4 0 1 3 1 0 3 0 2 1 2 2 3 3 2 0 1 3 0 0 3 2 2 3 4 1 4 0 4 1 2 0 3 3 3 0 3 4 2 2 0 4 4 3 4 4 0 1 2 0 1 2 4 3 0 1 2 2 3 3 0 0
3 4 0 4 1 0 3 3 2 0 2 4 0 2 0 0 0 4 0 1 3 2 2 3 0 1 2 3 1 3 3 1 4 3 0 0 0 0 3 4 0 2 3 0 1 0 2 1 4 0 3 2 2 2 3 2 0 2 0 1 0 0 2 1 0 0 1 0 0 4 4 3 4 0 0 0 0 3 2 2 0 2 1 2 1 4 1 1 4 3 2 1 0 1 3 0 1 4 2 4 1 3 4 0 3 4 0 1 4 4 3 4 1 4 3 4 1 1 0 0 1 4 1 1 1 4 3 4 1 2 3 2 1 4 4 4 4 1 0 0 3 0 2 4 2 2 1 3 4 1 0 0 1 3 4 2 3 4
3 1 2 4 0 3 3 4 2 4 2 0 0 0 2 2 2 4 4 3 4 0 4 4 3 0 0 2 4 3 3 0 4 0 4 1 3 2 0 3 2 2 0 4 0 4 1 2 4 2 0 0 0 4 2 3 2 2 2 3 0 2 3 1 3 2 2 3 2 4 3 4 3 3 3 3 3 1 0 4 0 2 4 0 4 1 0 3 3 4 1 0 2 2 3 2 1 2 0 3 3 4 4 2 4 2 2 2 0 3 3 1 0 3 3 1 1 1 4 2 2 3 2 4 0 3 3 3 2 4 2 1 0 3 0 4 3 2 4 3 2 2 1 0 2 2 1 4 3 1 1 2 4 0 4 1 0 2
4 3 1 3 1 1 2 1 3 0 3 2 0 1 4 2 3 2 4 4 3 4 2 1 3 1 3 2 2 4 0 4 4 3 2 0 2 1 1 0 3 1 4 4 4 3 3 2 2 4 4 0 0 1 3 3 3 2 3 2 3 0 3 2 3 3 4 2 4 2 4 0 3 3 4 0 2 4 4 1 3 3 4 3 0 2 3 0 1 1 4 4 1 3 1 2 1 0 4 2 2 1 2 3 4 3 3 3 4 4 0 2 3 1 2 0 3 3 0 0 4 1 4 3 1 3 0 2 0 1 2 0 2 1 3 4 2 3 2 1 2 4 4 2 0 3 2 4 1 4 1 3 1 2 1 2 0 3
2 3 4 1 3 4 2 3 3 4 1 0 3 0 0 4 3 0 2 2 1 1 2 4 4 3 2 0 2 4 3 4 2 4 0 0 3 0 0 1 1 3 4 4 4 1 3 4 3 3 1 0 4 3 4 3 3 3 0 1 3 0 2 0 4 3 3 3 0 3 1 1 2 0 1 3 3 1 2 2 4 0 2 3 1 3 3 4 2 3 2 0 3 2 2 3 2 2 3 2 1 4 3 0 2 4 0 0 1 4 2 2 4 1 1 0 2 4 2 1 3 1 3 3 3 0 1 0 0 4 4 3 1 3 3 0 4 3 2 2 2 2 0 3 3 1 1 2 2 0 3 2 1 3 1 2 1 4
4 1 4 4 4 2 4 4 4 3 2 1 1 1 3 3 1 4 1 2 3 3 4 2 1 3 2 4 0 3 3 1 4 4 0 0 3 4 4 2 0 3 4 3 1 4 1 3 3 2 2 2 2 2 1 0 0 0 4 2 4 3 3 0 4 1 1 3 2 0 0 2 1 1 2 2 1 3 0 1 0 0 0 3 2 3 3 4 4 0 3 0 0 1 0 4 4 1 2 4 4 3 3 0 4 1 2 2 4 0 4 2 2 4 2 1 3 2 0 4 2 0 4 2 1 4 2 3 3 4 2 4 4 0 1 4 3 0 1 3 0 2 0 4 2 4 0 2 1 0 1 1 0 2 3 4 1 2
4 1 4 3 0 3 0 3 4 4 4 1 2 1 0 4 1 4 3 1 1 1 4 4 2 1 1 3 2 0 0 1 3 4 4 4 0 0 2 4 1 3 2 3 0 3 4 1 2 4 2 1 0 1 0 0 3 4 3 0 1 0 4 4 2 3 0 2 0 3 1 1 3 4 1 3 2 2 4 1 1 2 2 4 3 0 4 3 4 4 4 0 1 3 1 3 3 2 0 1 2 4 4 0 0 1 4 2 3 3 0 2 0 3 1 1 3 2 4 4 1 0 1 4 0 2 3 1 4 0 2 1 4 1 4 4 4 3 3 0 1 4 4 4 4 0 2 2 4 3 3 2 1 4 1 1 3 4
2 3 2 1 1 1 3 0 3 4 0 3 1 4 2 0 0 3 2 2 2 1 0 0 3 3 1 0 0 0 1 4 3 3 1 1 2 1 4 2 0 4 0 4 3 0 4 3 3 2 2 1 3 0 1 4 3 3 1 0 3 4 0 3 3 3 1 2 4 0 4 1 2 4 0 0 4 2 1 0 4 0 1 4 2 4 3 1 4 1 3 2 1 3 2 1 1 4 0 2 1 4 4 3 0 1 1 2 3 4 2 4 4 3 4 4 2 4 0 2 1 3 1 4 4 1 0 2 2 0 0 3 1 1 4 1 4 0 3 0 1 2 4 2 0 3 1 0 0 3 4 3 2 2 2 3 0 2
0 4 4 2 0 0 0 4 1 0 1 2 0 2 4 1 1 2 2 3 4 2 1 0 0 0 4 2 3 0 1 1 4 0 3 1 0 4 0 3 1 3 2 3 0 4 1 2 1 3 2 2 2 3 4 4 4 3 1 4 0 4 0 2 4 4 3 1 0 1 0 3 4 2 3 0 1 4 4 4 0 3 3 2 1 2 2 2 3 0 2 3 2 2 2 1 3 1 0 0 4 0 0 3 4 3 0 3 0 1 4 0 4 0 4 1 2 3 3 2 4 2 3 1 2 0 4 0 3 4 3 2 1 3 1 3 4 3 3 1 0 2 3 4 4 2 0 2 1 1 1 2 0 4 0 2 2 1
3 0 1 3 0 4 3 3 4 4 1 2 0 1 2 0 1 1 3 3 0 1 1 2 0 2 3 0 4 0 1 4 3 4 2 3 1 3 1 0 2 4 0 0 1 2 0 4 0 0 4 3 1 1 0 3 0 3 0 4 1 2 1 4 3 0 2 4 3 0 2 1 4 2 3 2 1 3 1 1 4 1 4 2 4 1 1 4 2 1 0 3 0 1 2 1 4 1 0 2 1 2 0 2 1 3 0 2 2 1 1 3 4 0 0 3 4 3 4 1 2 2 1 4 0 3 0 4 1 3 2 4 2 2 1 4 3 3 3 0 0 4 0 1 2 2 2 1 1 3 2 0 0 3 1 1 3 4
0 4 2 2 0 1 2 1 2 0 0 1 2 2 0 4 0 2 1 2 3 4 1 2 4 3 0 3 4 0 2 0 1 1 4 1 2 3 0 0 0 2 1 4 1 3 3 1 3 0 1 3 4 2 3 1 2 0 4 2 1 3 4 2 4 3 4 1 4 1 1 4 3 4 4 4 0 2 2 0 4 3 0 4 2 3 2 0 4 1 2 0 1 1 2 0 1 3 1 0 1 0 2 4 1 3 0 3 2 3 3 2 1 4 3 4 2 0 4 1 3 3 3 4 1 3 4 2 1 2 0 0 4 4 4 1 2 2 4 4 0 0 3 1 4 1 2 3 1 3 2 4 1 0 0 2 3 4
2 2 4 4 2 3 3 1 4 0 3 1 1 0 1 0 4 2 1 1 0 0 2 4 4 0 0 2 3 3 1 2 0 2 1 2 1 1 1 2 3 1 3 4 2 1 1 3 0 0 1 3 0 3 2 1 4 2 3 4 1 2 1 3 4 4 3 0 0 1 0 0 4 3 4 3 2 3 1 2 3 3 0 3 1 0 4 2 2 0 1 0 2 4 1 3 0 4 1 2 2 1 2 1 1 4 0 3 2 3 3 0 1 0 0 0 0 1 2 3 3 1 0 0 2 1 1 3 2 2 0 4 3 0 3 4 4 0 0 1 3 3 3 0 3 0 2 1 3 1 1 2 2 1 2 2 0 3
0 4 2 2 1 0 2 4 0 1 4 0 4 2 0 4 4 0 4 1 1 3 0 4 0 2 3 4 1 0 0 1 4 2 4 0 0 3 4 0 0 0 2 4 0 4 1 1 4 0 0 3 0 0 4 2 4 2 4 1 2 1 2 2 3 3 4 0 2 1 0 4 1 4 0 3 0 1 0 2 4 0 0 4 0 1 4 4 4 3 0 3 4 0 2 4 3 2 0 2 3 2 1 1 4 2 0 4 3 0 1 2 0 3 4 2 0 3 1 1 3 4 1 2 4 4 1 4 1 1 2 1 1 0 2 0 2 4 4 3 4 3 2 1 1 3 3 3 1 2 4 4 1 1 3 0 2 0
4 0 3 3 1 1 4 0 1 3 0 3 1 4 1 1 3 4 4 1 3 3 3 4 2 4 2 3 1 4 0 3 4 3 3 2 0 2 3 3 3 0 1 1 4 2 2 4 2 2 1 2 2 1 1 4 3 1 2 1 0 2 4 2 3 3 1 0 2 1 0 2 1 2 4 3 1 3 2 0 2 0 2 4 4 1 1 2 2 3 3 4 3 0 3 3 0 0 0 4 3 0 2 0 4 3 3 1 1 2 3 4 3 1 3 4 4 1 1 3 2 1 2 0 3 3 0 3 0 2 0 3 2 4 0 4 2 3 2 0 3 0 4 3 3 0 2 2 1 0 0 3 1 0 0 0 0 2
0 0 4 0 0 4 4 1 0 1 1 2 2 4 2 3 2 3 0 1 0 4 1 3 2 3 0 0 0 0 4 0 2 4 1 2 0 2 3 0 1 0 2 0 1 1 3 4 4 1 2 2 0 4 2 4 2 4 1 4 1 1 4 3 2 2 0 2 0 1 4 3 1 3 3 2 4 3 3 1 4 1 0 4 2 2 1 4 3 2 0 4 3 4 2 0 4 4 4 1 0 3 4 3 1 2 3 1 0 3 4 2 1 4 1 3 1 4 4 4 2 4 3 0 4 2 1 3 3 2 1 1 1 0 4 2 2 4 0 4 3 4 1 1 3 0 0 1 4 4 0 1 4 0 4 0 4 2
0 3 4 1 4 0 3 0 3 0 0 3 1 0 0 3 1 3 0 3 0 4 3 2 3 4 0 2 1 4 1 3 4 0 4 0 1 2 1 1 4 3 1 2 0 1 0 1 0 2 0 2 4 0 4 2 1 4 1 2 1 2 0 2 2 1 3 0 0 1 3 1 1 0 3 1 1 1 4 3 3 1 0 2 1 2 1 4 3 4 1 4 1 3 4 1 4 2 3 4 0 2 0 1 2 4 4 0 0 3 4 0 0 1 0 3 3 1 3 2 1 1 3 4 0 2 2 1 1 3 1 1 0 3 4 4 4 3 4 1 4 0 4 1 2 4 4 0 0 4 4 3 3 3 0 3 0 4
1 2 2 4 0 2 3 0 3 4 0 3 3 4 3 2 0 2 1 2 3 3 3 2 4 1 2 1 1 3 0 3 2 3 2 2 2 2 4 1 2 0 1 2 1 1 4 2 4 0 1 4 3 4 3 4 3 1 0 4 4 1 4 3 1 4 2 0 1 2 3 0 4 4 2 2 3 1 4 2 3 2 3 4 2 1 3 2 2 4 1 3 2 3 3 0 2 1 0 0 3 4 1 4 0 0 1 3 2 3 2 0 0 0 1 4 2 0 1 1 1 0 2 3 0 0 0 2 1 0 2 1 1 0 2 2 1 1 2 0 4 0 2 1 2 4 3 1 4 1 0 2 3 2 2 3 4 2
2 3 2 0 1 4 2 1 3 3 2 2 3 3 4 1 1 2 0 4 3 1 3 0 3 1 2 0 2 4 4 4 2 1 4 0 2 2 1 2 2 3 0 1 3 4 4 0 1 4 1 2 2 4 2 2 3 2 4 0 1 3 4 0 1 1 2 4 3 4 1 2 4 3 3 3 3 2 0 1 3 1 0 2 3 0 4 1 2 3 1 0 1 2 2 0 3 4 4 3 0 2 1 0 3 1 0 1 1 2 4 1 3 2 4 3 2 0 4 1 4 2 3 2 2 0 2 0 1 3 1 4 3 2 4 1 0 1 4 1 3 3 0 3 0 4 2 4 4 3 0 0 3 3 0 0 0 2
0 4 3 1 3 1 0 4 2 1 2 1 4 2 1 4 0 2 0 4 3 2 0 1 2 3 1 2 3 4 2 0 3 0 4 1 1 4 2 3 2 4 4 4 1 0 0 3 4 1 3 0 3 0 1 2 3 2 0 3 1 2 3 1 4 4 2 0 1 1 0 3 0 1 4 1 3 0 0 0 1 0 0 1 0 3 3 0 2 3 3 4 2 3 2 1 3 2 3 1 3 3 4 4 4 4 2 3 1 2 3 2 4 0 3 1 3 1 1 0 2 1 1 1 0 4 3 0 1 1 1 1 0 2 0 1 3 3 1 4 2 1 3 2 1 3 0 1 2 2 2 1 0 3 2 2 4 0
2 2 4 0 4 1 0 1 2 0 4 1 2 4 2 0 3 4 1 3 0 3 2 4 4 3 0 1 0 1 4 0 4 3 0 0 1 2 1 3 3 1 1 0 2 4 2 0 0 3 3 0 3 1 2 2 4 2 1 4 3 2 4 4 2 2 4 3 1 1 3 1 4 0 1 1 4 1 1 4 4 4 1 0 2 0 4 1 2 0 3 3 4 4 2 1 3 4 4 0 0 3 1 4 3 0 2 4 1 3 3 2 4 1 4 4 2 4 0 1 1 0 4 1 0 4 2 0 3 2 0 0 2 4 4 0 4 3 4 2 3 4 1 4 0 1 3 2 0 1 4 3 1 0 4 3 4 2
4 4 1 1 4 3 0 0 3 1 3 4 0 1 3 4 3 0 0 1 0 2 2 1 0 1 1 2 4 3 4 0 4 0 2 4 0 4 1 0 3 0 4 3 3 4 2 1 1 4 0 1 3 2 2 1 3 1 3 0 1 2 0 2 4 4 1 4 4 0 4 2 2 0 2 2 1 2 1 2 3 1 4 2 3 3 3 4 1 3 4 4 2 1 2 1 1 0 2 2 0 3 1 2 0 3 0 1 2 1 3 1 4 4 0 4 0 0 3 3 3 2 3 0 1 2 3 2 2 2 4 0 2 0 4 2 0 4 0 3 2 0 4 3 2 1 3 2 1 1 0 4 1 0 1 2 2 1
4 2 3 0 2 0 0 1 4 0 3 1 0 2 1 1 1 3 2 4 2 0 0 0 4 3 0 2 0 0 3 1 4 3 3 1 0 3 4 4 1 4 0 3 2 4 0 0 2 4 4 2 0 1 2 1 2 4 4 2 4 4 1 0 3 4 1 3 0 3 0 3 2 2 1 1 1 3 1 1 3 2 3 3 1 2 4 3 1 0 2 3 0 3 3 0 0 2 3 0 0 0 0 4 3 1 1 4 0 4 0 0 2 0 3 3 2 4 3 4 2 0 4 2 4 2 2 1 4 2 3 1 3 3 3 1 1 1 2 1 0 0 1 4 2 1 4 0 3 2 1 0 3 0 4 4 4 3
2 1 2 0 4 0 0 2 3 1 3 3 3 1 3 1 0 0 0 2 2 3 4 0 3 4 0 4 0 2 2 2 3 4 4 4 2 4 2 0 1 2 0 1 3 0 2 1 1 2 3 0 2 4 1 2 4 3 1 4 0 3 4 0 0 3 2 2 3 4 4 4 3 2 2 2 2 4 0 0 4 3 1 1 2 4 1 3 2 2 0 0 3 4 2 0 2 4 2 2 0 3 3 4 0 0 3 3 2 3 3 1 1 1 4 0 0 0 4 0 0 4 0 3 3 2 3 2 4 2 0 4 2 0 3 0 1 1 0 3 1 0 1 2 2 2 3 4 0 4 4 0 3 4 0 3 4 0
0 3 2 2 4 1 0 3 3 1 1 3 1 3 1 4 2 0 1 2 4 1 1 4 1 1 0 3 4 1 3 2 4 2 1 4 4 1 4 4 4 2 3 2 2 1 1 2 1 0 4 0 1 3 1 0 1 2 3 3 0 2 0 2 4 1 3 0 0 2 0 4 1 0 2 4 1 0 1 2 0 2 4 2 2 1 4 4 0 4 4 0 3 4 2 3 2 0 0 2 4 2 4 1 4 3 2 2 3 0 1 4 4 1 3 2 4 2 3 4 1 2 1 0 3 1 0 0 1 2 0 3 2 4 1 1 2 3 1 2 0 2 1 4 3 4 3 2 3 3 3 2 2 0 4 0 1 1
3 4 0 0 4 2 1 0 1 0 0 2 2 0 4 1 2 0 0 2 4 1 1 3 0 3 0 4 1 1 2 1 2 2 3 2 0 4 2 3 1 0 0 0 0 1 1 4 3 4 2 3 0 3 3 0 3 3 1 1 4 3 4 3 2 2 0 2 3 0 2 1 0 4 2 2 3 3 2 1 2 1 1 4 4 4 1 4 2 2 3 3 2 2 2 0 2 2 4 2 2 2 4 2 1 1 2 4 1 4 3 4 0 4 3 1 4 2 2 3 4 0 2 4 0 4 4 4 3 3 1 3 2 2 2 4 0 4 0 2 0 0 1 0 0 1 3 1 3 1 4 0 3 1 4 0 2 3
4 1 3 3 4 1 0 3 2 3 3 4 0 3 0 1 1 0 4 4 1 0 2 2 0 3 4 4 3 1 4 0 4 4 3 0 0 0 4 4 3 4 4 3 2 1 1 3 3 3 0 4 3 2 1 0 2 2 4 1 1 0 1 0 4 1 3 2 1 4 1 2 3 2 2 0 3 4 1 1 4 1 2 2 0 1 2 3 0 3 1 1 0 2 4 4 0 2 3 1 3 0 3 1 4 3 3 3 2 4 1 1 2 1 0 0 2 4 0 4 2 3 1 2 0 2 3 0 1 2 3 4 4 4 0 3 2 3 3 1 0 2 4 4 3 4 1 2 0 1 1 2 4 2 1 1 1 1
3 2 3 4 1 4 3 3 3 2 2 3 0 4 0 4 0 3 0 2 0 0 3 4 4 0 3 0 3 0 1 4 2 2 3 4 1 3 2 1 2 1 2 2 2 2 1 3 3 3 0 0 3 0 4 2 2 3 4 1 0 0 2 2 4 0 1 3 0 1 4 2 4 3 1 2 1 2 0 1 2 0 3 0 2 3 4 0 3 3 3 0 0 0 2 0 0 1 3 2 4 4 4 3 3 2 0 1 4 2 2 3 2 0 3 2 0 2 2 0 2 0 0 2 0 0 2 2 1 2 1 0 2 0 3 2 4 1 3 3 3 2 1 3 4 1 0 2 0 4 2 2 1 0 4 3 2 4
0 3 1 3 0 0 3 0 2 4 3 2 4 2 1 2 2 1 3 2 3 3 3 2 2 4 4 1 2 1 0 4 1 4 2 1 1 2 4 1 1 2 0 0 1 2 2 3 3 2 2 1 2 0 0 4 4 0 0 3 1 3 4 3 4 1 1 2 0 2 3 3 2 4 0 3 1 2 2 1 1 4 2 3 2 2 2 3 4 0 2 1 0 3 1 4 2 4 1 2 2 2 3 4 1 3 4 4 1 1 0 4 3 4 3 0 3 0 0 3 2 2 1 2 1 2 3 0 3 2 2 0 4 0 1 2 1 1 1 4 4 3 3 2 2 1 4 2 4 0 0 1 4 1 4 2 0 2
2 4 4 2 1 0 4 3 2 0 1 0 4 0 0 3 0 4 4 4 2 0 1 2 2 1 1 3 0 3 2 3 4 4 2 1 4 1 1 4 2 2 4 1 4 2 1 4 1 3 1 3 3 2 3 0 0 1 0 1 4 3 1 4 2 0 2 3 1 3 2 0 2 4 4 1 1 0 3 4 3 4 3 4 1 3 1 4 4 2 2 0 0 3 1 4 3 0 4 1 0 2 2 2 3 3 1 1 3 1 0 4 0 0 3 3 3 4 2 4 3 1 2 0 4 0 1 4 1 1 3 1 3 2 1 3 0 4 4 3 0 1 4 0 2 4 0 2 1 0 4 4 1 1 2 3 1 3
4 4 4 2 1 4 4 2 2 4 1 3 0 3 0 1 3 2 1 0 4 2 0 3 3 4 1 0 2 0 4 3 4 3 1 0 0 2 4 2 2 2 1 4 0 1 0 0 0 3 1 1 2 3 2 1 4 3 3 1 3 2 2 3 3 3 0 3 0 0 2 4 2 0 0 0 3 1 0 3 1 3 0 4 4 2 0 3 2 0 2 1 3 4 1 3 4 1 3 4 3 0 1 3 3 1 3 1 4 0 0 1 4 2 0 0 1 2 3 3 2 2 1 2 3 2 2 2 1 0 2 4 3 0 2 1 1 0 2 1 3 4 2 4 3 4 4 4 3 4 0 2 2 1 0 2 1 2
0 2 0 4 1 3 4 4 4 2 1 3 3 1 3 2 0 3 3 4 3 1 1 3 4 0 1 1 2 2 0 2 4 0 3 3 0 2 4 1 0 0 0 0 2 0 0 4 0 3 1 3 2 2 3 1 2 0 4 1 4 1 4 1 2 4 4 4 2 3 1 4 0 3 4 4 0 4 4 0 0 0 1 2 4 4 0 1 1 1 2 3 2 3 4 4 3 3 1 2 3 2 3 3 2 2 3 4 4 4 1 1 4 2 3 3 4 0 1 2 1 0 0 3 1 4 0 1 4 3 3 2 2 1 3 4 0 3 0 1 2 1 4 3 4 4 3 3 4 1 0 2 1 3 3 2 4 3
0 4 1 0 3 0 1 3 4 4 1 4 2 3 0 2 3 1 1 1 1 3 2 2 0 1 2 3 0 1 3 1 2 1 1 1 1 0 4 2 1 3 3 3 3 1 2 2 2 1 0 4 4 0 3 1 1 0 2 1 3 0 4 1 4 1 2 2 3 3 0 4 3 3 4 2 1 4 1 4 0 1 0 1 1 0 2 4 2 4 1 0 2 0 1 1 3 3 3 1 4 0 0 2 1 2 1 2 1 2 3 1 1 3 2 2 0 1 2 2 1 0 3 0 2 4 3 1 0 1 2 4 4 0 3 0 2 0 2 3 4 1 1 0 1 0 0 2 1 4 4 4 1 2 1 3 4 4
4 4 3 4 0 2 4 3 2 3 0 1 3 2 4 4 4 1 1 1 0 4 0 1 1 3 4 2 2 0 2 3 4 2 2 4 4 1 4 3 1 2 1 4 4 1 0 3 4 1 0 4 3 2 2 4 1 1 1 0 1 0 3 2 2 1 1 3 4 3 1 1 0 0 0 1 1 3 4 2 1 1 3 4 1 0 3 4 4 2 4 2 2 2 0 2 0 3 0 0 1 4 3 1 4 0 2 0 3 4 4 0 2 2 1 0 2 0 4 1 2 0 4 1 0 1 3 0 4 4 2 1 3 0 4 4 3 4 1 3 0 0 3 4 2 0 0 1 2 4 0 1 2 4 2 2 2 1
2 1 2 0 4 2 2 1 1 2 0 2 1 2 2 1 1 1 3 3 2 0 0 2 1 2 3 1 4 0 2 1 4 1 3 3 3 3 4 4 0 1 1 3 0 0 0 4 1 3 2 0 4 2 3 2 1 3 3 0 1 2 4 0 3 4 0 1 4 2 0 2 0 3 0 1 3 0 0 4 1 2 0 2 2 0 4 3 0 0 1 1 2 0 3 3 1 1 1 1 3 4 3 3 2 0 1 1 1 1 2 2 1 4 4 0 1 0 0 4 2 1 2 2 3 1 0 0 4 1 1 2 0 1 2 0 1 4 3 4 2 0 1 3 2 2 0 0 0 1 4 2 2 2 4 1 0 4
3 4 3 4 1 0 2 0 0 3 4 3 3 4 1 1 4 3 1 0 3 1 1 3 3 0 2 3 1 2 4 4 1 4 0 4 0 2 4 0 3 1 1 1 0 2 4 4 0 0 1 0 1 2 0 2 3 2 2 1 4 1 3 2 3 0 1 3 0 3 0 3 4 1 1 1 3 0 2 0 3 4 1 4 1 3 3 1 1 0 0 2 4 0 0 2 0 3 2 0 1 2 0 2 4 1 3 4 4 1 0 2 2 3 3 3 1 2 2 4 2 2 4 3 2 1 0 4 4 2 2 3 2 2 0 3 1 1 2 2 4 4 4 1 2 4 1 1 1 3 0 1 2 1 4 1 2 2
1 4 4 3 2 1 2 4 4 3 0 4 2 1 3 1 2 3 3 1 4 4 4 1 2 4 3 2 0 0 4 1 1 0 1 3 4 4 3 0 4 0 4 2 2 0 0 1 3 3 4 4 0 1 0 2 0 0 1 0 3 0 4 4 3 0 3 2 1 3 2 3 0 4 0 4 4 2 3 2 3 2 3 3 3 3 2 3 1 4 1 4 1 0 0 4 2 0 3 4 3 1 2 1 2 4 0 1 3 3 0 1 1 3 1 1 3 4 0 4 0 3 0 1 3 3 3 2 3 1 1 4 4 0 0 1 1 2 4 0 1 4 1 4 2 0 0 3 4 2 4 4 0 0 2 0 0 0
3 3 4 1 4 3 2 4 2 0 2 1 0 0 1 4 4 0 4 4 0 3 4 0 4 4 2 1 0 2 4 0 0 3 1 2 1 0 1 0 1 0 2 3 0 0 2 1 2 1 3 3 1 2 3 0 3 0 4 0 4 3 0 1 1 4 3 4 1 2 2 4 2 4 3 0 1 2 3 3 1 1 3 2 0 1 0 4 3 1 1 4 4 2 1 2 3 4 3 4 3 0 1 1 1 1 3 2 3 1 3 1 0 1 4 0 0 1 1 0 4 3 0 3 2 3 2 0 2 2 1 1 3 4 4 1 0 4 4 1 0 4 2 2 0 3 0 2 4 3 3 3 3 0 3 0 3 2
2 2 0 1 0 0 0 1 1 3 0 2 4 3 1 1 0 4 0 2 1 1 1 1 2 4 1 2 0 4 0 4 2 2 0 4 2 3 1 3 1 1 3 2 4 4 0 2 0 0 4 2 4 0 3 3 2 0 0 2 1 0 3 0 4 1 0 1 4 1 2 2 2 0 1 4 1 1 1 2 4 2 1 3 3 4 1 0 1 3 4 0 1 4 0 0 0 2 2 1 3 1 0 3 1 1 4 4 3 0 1 2 2 2 2 2 4 0 4 2 3 0 2 4 0 0 0 0 2 4 2 3 0 2 3 3 1 2 2 4 4 1 3 3 0 2 3 1 2 2 4 2 3 3 2 3 3 4
3 3 3 2 1 0 2 4 3 0 3 2 1 2 3 4 0 1 1 3 2 0 3 3 2 1 2 1 1 2 2 4 0 2 4 3 2 3 4 0 3 2 0 4 4 3 0 2 4 3 2 4 3 0 2 2 1 1 1 2 4 3 4 1 3 0 0 0 0 4 3 3 4 3 4 3 3 1 0 0 4 0 4 4 0 3 1 4 0 4 3 1 0 2 2 3 4 4 0 4 1 0 4 0 3 0 0 4 1 3 4 0 3 0 1 0 0 3 4 0 4 3 1 4 2 1 4 2 2 2 3 0 2 0 2 3 0 3 2 4 3 3 1 3 0 3 3 0 3 3 3 2 1 1 4 3 4 0
2 2 2 1 4 2 3 2 0 3 2 4 4 0 4 1 3 4 4 1 1 2 4 4 1 2 1 0 3 0 3 0 4 0 3 4 2 1 1 4 2 3 3 1 0 4 2 0 0 3 1 2 0 3 3 2 2 4 4 0 2 2 1 3 0 4 2 4 3 0 1 0 0 1 1 0 1 1 0 1 4 4 0 2 4 4 4 1 0 0 2 4 0 3 3 2 4 2 3 2 3 4 2 3 1 1 1 2 2 1 0 3 2 1 0 1 0 4 3 2 2 0 2 4 0 0 3 1 2 1 1 2 1 0 1 2 1 2 1 0 0 1 4 0 4 4 1 1 1 4 4 0 1 1 4 3 3 2
0 2 0 1 0 1 1 1 0 0 0 3 0 2 2 1 2 1 1 1 3 4 0 4 4 4 2 3 2 0 2 4 2 2 0 4 1 4 2 3 1 2 2 3 2 1 0 1 2 1 2 2 0 0 1 1 4 0 1 1 0 0 1 0 4 3 4 0 4 2 1 0 1 0 4 0 1 4 2 0 2 4 3 4 4 1 2 0 2 3 2 4 3 0 4 2 0 1 0 2 3 1 2 1 1 3 2 4 4 4 4 1 0 2 2 2 1 4 2 0 4 1 4 2 3 1 2 4 4 2 1 2 0 0 0 1 4 2 0 0 3 4 4 1 4 1 3 2 3 0 2 2 4 3 2 2 4 4
3 3 1 1 2 3 2 0 1 3 2 1 3 3 2 2 4 3 1 4 0 1 4 4 0 0 3 2 3 4 3 1 0 1 0 4 4 4 4 0 2 4 3 2 4 3 2 3 1 0 2 4 1 3 0 1 1 3 1 4 0 4 2 0 1 2 4 0 1 1 3 0 2 1 0 1 4 4 4 3 4 3 2 0 3 2 3 4 3 1 0 3 1 0 0 4 4 1 1 1 2 4 3 4 1 0 2 2 4 3 0 3 3 4 0 2 4 1 3 2 2 1 2 3 1 2 4 0 0 1 3 3 0 4 4 3 4 4 1 4 2 3 4 1 3 2 0 2 3 3 1 0 1 3 1 2 2 0
0 2 3 3 2 1 4 4 4 4 3 2 0 0 1 1 1 4 3 1 3 3 2 4 4 3 4 2 3 1 4 3 3 3 3 1 4 3 2 0 4 0 3 4 2 1 2 1 0 1 2 0 4 1 4 0 2 3 4 0 4 4 0 4 4 3 2 0 3 4 2 2 1 0 3 4 1 1 0 3 4 4 3 3 3 4 1 0 2 2 2 3 1 4 0 2 2 2 4 3 4 2 0 2 4 4 1 3 2 3 3 1 0 4 1 3 3 2 0 3 0 4 3 3 3 3 3 2 3 4 0 4 3 1 1 0 2 0 3 4 3 3 0 0 2 3 3 3 1 0 1 3 4 4 3 4 0 3
2 0 3 4 4 1 2 2 1 4 2 1 0 3 2 2 3 4 1 4 2 4 1 0 4 1 2 2 0 4 3 4 4 1 4 0 4 1 2 3 3 2 1 3 0 3 3 0 0 4 4 4 3 1 0 4 4 4 1 1 3 1 3 2 4 2 4 4 0 1 4 0 3 2 4 0 3 4 1 3 3 2 2 3 0 4 2 1 3 0 3 1 2 3 0 1 0 4 2 2 1 3 3 1 3 4 4 1 3 0 4 3 4 1 1 2 1 0 3 4 0 3 3 4 1 3 3 3 3 2 1 1 3 1 2 1 0 3 2 0 3 1 3 0 4 4 2 2 1 2 4 3 1 2 3 4 0 3
3 0 0 1 1 0 2 1 1 4 4 3 4 0 1 4 0 1 0 4 0 1 3 4 4 4 3 4 4 4 4 4 4 0 2 3 2 1 4 4 0 3 4 1 3 1 0 0 4 2 1 4 3 0 1 4 1 4 4 2 0 3 1 2 0 0 0 3 1 4 4 1 4 3 4 0 4 1 2 3 3 1 0 3 1 1 3 4 0 4 2 1 4 0 3 2 1 0 2 2 1 1 1 0 1 0 2 1 2 0 1 2 1 3 1 4 4 4 3 2 0 0 0 4 3 0 1 4 0 3 3 1 1 4 3 3 0 1 1 4 3 4 1 1 3 4 0 2 0 0 1 0 3 1 0 1 1 3
2 3 4 0 1 2 0 0 0 2 3 3 1 1 3 4 2 1 1 4 0 1 4 2 2 2 0 4 3 4 4 0 2 3 1 4 3 3 1 3 0 4 2 3 0 2 2 4 3 0 3 3 2 4 2 1 2 3 0 2 4 1 0 1 2 3 2 0 1 0 3 3 4 2 1 1 4 0 0 4 1 0 3 3 0 2 1 4 0 3 1 4 4 3 3 1 1 2 1 4 3 2 2 4 1 3 1 3 1 3 2 2 4 2 2 4 0 3 3 2 1 1 4 2 0 4 4 3 1 2 3 1 4 0 1 3 1 4 1 2 2 0 1 1 0 3 2 2 3 2 4 4 1 0 3 1 4 2
4 3 2 4 1 3 2 4 1 0 3 4 2 1 2 0 4 2 3 4 4 3 3 0 4 4 1 2 0 2 0 2 2 2 3 4 2 0 0 4 0 4 3 4 2 0 1 3 4 4 2 3 2 1 4 1 2 2 4 0 4 1 2 4 0 2 0 2 0 0 3 2 1 4 2 3 1 3 4 1 0 3 1 4 1 0 3 4 2 4 4 4 2 3 3 4 0 0 1 0 0 2 3 2 1 2 2 2 2 3 0 4 2 2 4 3 2 4 2 2 3 3 3 0 1 3 4 4 3 2 4 3 4 4 2 2 3 2 2 1 0 2 2 4 4 1 3 4 0 2 3 0 3 3 2 4 1 1
0 4 1 2 4 2 1 4 0 2 3 2 3 0 1 0 0 3 4 0 2 1 4 2 2 2 0 1 4 3 3 4 4 1 1 3 3 0 4 0 2 2 4 2 0 1 4 0 4 3 2 3 2 1 0 1 1 2 2 2 0 2 1 4 3 0 4 4 0 1 1 4 3 1 1 0 2 0 0 1 1 4 4 3 3 1 4 4 3 3 1 0 1 4 1 1 4 0 0 1 1 2 0 2 3 1 2 2 4 0 3 0 4 4 0 2 2 1 3 2 4 1 2 0 1 3 2 2 0 4 4 2 3 1 1 3 0 0 0 4 0 0 1 2 4 1 1 3 2 0 0 3 3 2 4 4 2 3
4 3 2 0 2 3 1 3 1 3 0 2 2 1 2 0 0 4 3 3 2 0 0 0 4 4 2 0 0 2 3 4 0 2 4 4 0 3 4 2 1 4 1 1 2 0 1 2 1 0 1 1 2 1 1 3 0 0 0 3 2 0 2 4 0 4 3 0 4 2 4 0 2 2 3 4 3 2 4 4 2 0 2 1 3 3 2 1 4 2 4 1 0 3 1 0 2 4 2 1 4 2 4 1 1 2 2 4 4 1 1 3 3 3 2 2 2 1 0 3 3 1 1 0 4 2 0 4 4 3 2 3 2 1 1 3 1 3 0 2 0 3 3 3 1 0 2 0 1 2 0 1 3 2 2 0 1 4
4 0 2 1 0 4 3 1 0 1 2 0 3 2 0 1 2 1 3 2 4 1 1 4 0 0 3 4 2 0 3 1 0 1 2 3 2 2 4 4 0 1 1 1 0 1 4 0 0 3 2 4 1 3 0 3 0 4 2 2 4 1 0 1 4 0 4 3 4 1 3 0 2 1 1 0 3 0 0 3 0 4 4 2 4 1 2 0 0 0 4 1 1 0 3 2 0 2 0 4 0 0 1 3 2 2 0 2 0 2 0 0 1 1 4 0 2 2 2 0 4 2 1 2 4 4 4 4 4 1 0 4 4 2 4 3 1 1 0 3 3 2 1 1 3 2 4 2 4 1 2 0 3 4 2 2 0 3
3 1 0 1 3 1 0 2 4 1 1 4 2 4 1 3 1 1 0 2 3 2 3 1 2 4 0 0 3 2 3 2 4 0 0 2 1 0 1 0 1 2 4 3 2 2 3 0 0 4 2 4 1 2 2 3 1 4 0 0 1 4 4 0 4 4 2 3 4 4 3 2 1 0 3 0 4 1 2 0 0 4 1 3 2 3 2 0 2 2 0 3 3 1 1 0 2 3 3 1 4 3 1 3 0 4 3 0 0 1 0 3 2 3 1 1 1 0 2 0 0 4 3 0 3 1 0 0 0 0 4 1 1 0 4 1 1 0 1 3 1 3 1 0 1 0 4 4 2 3 4 2 4 0 0 2 1 2
0 3 3 4 0 1 1 4 2 2 4 1 0 2 1 4 0 0 4 4 4 3 2 1 1 3 1 1 1 4 3 1 3 3 2 3 1 3 4 1 2 4 4 2 3 0 1 3 2 2 4 2 3 3 3 1 2 1 4 3 0 2 1 3 3 0 3 1 0 3 2 2 4 1 1 2 4 0 3 1 4 2 0 2 3 0 3 0 3 2 0 4 2 3 4 2 3 3 3 3 3 3 2 2 4 3 4 0 3 4 4 3 4 4 2 2 2 1 2 0 3 2 1 2 0 1 4 0 1 3 0 4 1 2 1 2 2 2 0 1 2 4 1 3 0 3 0 2 1 2 3 0 1 4 2 1 2 2
3 3 2 3 4 0 2 0 2 4 0 4 2 4 3 0 2 4 1 2 1 2 1 1 2 2 3 2 0 0 1 3 1 0 3 0 0 0 3 4 1 3 4 1 2 2 1 1 3 2 3 2 0 4 3 4 3 1 3 3 4 1 3 0 1 1 2 3 3 0 3 4 0 4 0 4 3 2 0 2 1 0 4 3 1 4 3 4 3 3 4 2 0 2 4 1 3 3 0 1 1 0 3 1 4 3 3 2 2 0 1 1 1 2 4 4 2 2 4 0 1 3 2 3 3 3 4 1 1 4 0 2 1 3 1 0 3 4 0 3 4 1 4 2 4 3 2 3 3 3 3 1 3 2 4 1 0 3
0 3 0 0 3 1 0 4 4 3 3 4 1 4 2 0 2 3 1 4 1 4 4 1 0 2 3 4 4 0 4 4 1 1 4 4 0 1 3 4 4 3 0 3 4 2 3 1 3 4 2 4 0 1 1 0 4 1 1 0 2 1 4 3 2 0 4 2 1 2 3 2 2 3 0 1 3 4 0 3 0 2 4 1 1 0 3 2 4 0 2 3 3 1 3 2 3 2 2 4 1 0 1 0 1 4 1 1 3 3 4 0 3 3 3 4 1 2 3 0 4 0 0 2 3 3 4 1 2 1 2 3 4 0 3 0 4 1 1 4 0 2 0 0 0 0 1 1 2 4 3 1 4 0 3 4 3 0
0 0 1 4 0 0 4 0 2 1 2 0 0 4 2 2 1 3 3 2 1 0 1 2 4 2 2 2 1 3 4 3 3 1 2 1 3 3 1 1 4 0 3 0 4 1 2 2 1 0 4 4 3 2 1 2 4 1 1 0 4 1 3 4 2 2 0 2 1 2 0 0 4 4 0 1 0 0 3 3 2 3 2 0 0 4 2 0 2 1 2 1 2 3 0 1 0 3 3 3 2 1 4 1 0 1 2 2 3 1 0 1 4 4 1 1 3 1 3 2 2 1 3 1 1 1 2 3 4 0 2 1 1 3 2 3 1 0 0 0 1 2 1 2 2 4 3 2 2 2 0 1 0 0 2 1 1 4
1 2 2 3 3 0 3 3 4 0 3 1 0 1 1 3 0 0 2 3 4 2 2 1 3 4 2 3 2 0 2 4 3 1 2 1 2 1 4 3 1 4 1 3 2 4 1 2 1 0 1 1 2 0 2 3 0 4 1 2 0 0 1 0 4 1 1 3 4 3 3 2 4 1 2 2 1 3 4 2 0 2 0 0 3 3 3 0 4 1 2 4 3 1 1 4 4 3 2 0 3 0 2 2 4 1 4 0 4 1 4 1 3 0 1 1 3 4 1 4 2 1 1 3 4 2 2 3 2 0 3 0 2 2 0 1 3 1 3 4 2 0 0 1 0 2 4 0 3 3 4 3 4 0 3 3 0 0
3 2 2 1 3 2 0 0 3 0 1 4 1 4 4 3 2 1 2 3 1 3 1 2 1 0 0 4 3 0 1 3 2 1 1 2 3 1 2 3 3 1 2 1 2 1 0 4 4 2 2 2 2 4 0 3 1 2 4 2 2 3 0 1 4 2 1 2 0 0 0 1 1 0 2 3 3 4 4 3 4 4 0 1 0 2 2 1 4 3 0 3 1 1 2 2 0 3 4 2 3 2 3 2 2 3 0 2 2 2 0 3 3 1 0 3 3 2 1 0 2 2 3 4 0 2 1 0 0 3 4 1 0 3 3 4 3 0 1 0 4 4 4 2 0 1 0 0 0 4 2 2 1 3 1 3 0 0
0 3 3 4 4 0 4 4 1 2 1 4 3 1 3 4 0 0 2 3 3 2 2 0 4 0 3 3 0 4 3 0 4 3 4 3 0 1 4 1 3 0 0 3 3 4 2 4 1 4 4 4 3 1 0 3 3 0 1 3 1 4 3 0 4 4 0 4 0 4 0 1 2 2 4 0 3 4 1 0 0 0 4 4 3 1 4 3 2 0 1 0 1 1 1 0 3 1 1 0 3 3 1 0 0 3 2 4 2 4 4 4 1 0 3 2 2 2 2 1 4 4 1 2 2 4 2 0 1 0 3 1 3 4 1 4 4 3 0 1 4 4 3 3 1 1 2 0 1 4 1 2 0 0 0 3 4 4
0 2 0 3 3 3 0 1 4 4 0 4 3 1 0 3 1 2 1 3 2 2 0 1 2 0 1 2 0 2 1 1 0 3 1 0 2 1 2 1 3 4 3 3 2 3 1 4 0 2 4 0 2 4 1 4 2 4 3 2 1 4 3 3 0 0 4 4 3 3 2 1 4 0 4 3 4 2 2 4 0 4 1 4 3 2 3 2 1 1 0 3 2 3 3 2 0 4 3 4 4 1 0 3 1 2 2 0 1 1 2 1 2 3 0 3 3 0 0 4 3 0 4 1 4 3 0 4 4 4 0 4 0 1 2 1 0 1 4 1 0 1 0 4 1 2 2 4 0 3 4 3 3 0 4 4 0 2
1 0 3 1 4 3 4 3 1 1 2 0 0 4 3 0 3 0 4 1 1 4 1 2 3 4 3 4 1 0 1 2 0 1 0 1 4 2 2 3 3 4 0 3 0 4 0 3 1 2 1 4 1 2 2 1 4 0 3 0 0 1 4 3 3 1 1 4 3 3 2 4 2 3 2 4 4 0 3 2 2 1 1 0 4 3 4 0 0 2 2 3 0 1 3 3 4 4 3 3 3 2 2 2 0 1 2 1 1 0 3 0 3 2 3 4 0 2 4 1 1 1 1 3 4 4 2 4 3 2 2 1 4 1 4 2 2 1 3 1 3 2 3 3 4 1 3 1 0 4 4 3 1 0 2 2 1 1
1 0 3 0 1 4 3 2 1 1 0 0 4 0 4 2 4 0 4 2 3 1 1 3 0 4 0 4 2 2 0 0 2 0 1 0 4 4 0 1 2 0 3 1 1 4 1 2 4 0 4 2 3 2 2 3 2 3 2 1 2 4 1 4 4 4 1 4 1 1 2 0 4 0 4 2 1 0 4 0 2 3 4 0 2 4 4 4 4 3 2 1 3 4 2 4 0 3 3 1 2 2 2 1 4 1 3 0 3 2 2 0 2 4 0 4 3 1 1 2 2 3 0 0 4 2 4 0 0 0 3 4 2 0 0 4 3 0 4 3 4 2 3 1 3 1 3 1 2 4 0 4 2 0 1 4 2 3
4 4 3 2 4 2 0 1 1 0 2 3 4 1 0 2 0 3 0 3 1 3 2 1 4 1 3 1 0 0 4 1 1 4 4 0 3 4 4 0 4 1 3 0 4 0 0 4 0 0 4 3 0 3 1 0 0 4 3 2 1 2 4 2 3 0 0 1 1 4 3 2 2 3 3 1 0 3 3 0 0 2 0 1 1 1 1 3 0 4 2 1 3 3 1 3 3 3 4 4 2 0 2 4 3 2 2 1 2 0 1 2 0 2 3 1 3 1 1 1 0 3 4 0 4 0 3 2 3 0 4 2 0 3 3 0 0 1 1 2 3 0 4 3 4 0 1 4 1 2 0 4 3 2 4 2 2 3
1 3 3 0 2 0 3 1 0 0 2 4 2 0 4 4 1 0 4 2 4 2 0 2 1 0 4 1 2 3 1 0 3 4 1 1 1 1 2 3 2 1 2 1 3 3 2 4 3 1 2 0 1 4 2 2 4 3 3 3 1 4 3 0 0 1 3 3 0 2 2 2 0 1 0 3 2 3 0 2 1 4 2 2 3 1 0 4 4 0 4 1 2 4 3 2 3 3 3 3 0 0 2 0 3 2 0 0 2 2 3 4 1 0 1 1 4 3 0 3 4 1 1 1 1 1 0 4 4 3 4 4 3 1 1 2 0 4 4 3 1 2 2 3 0 3 4 4 4 2 4 3 3 1 1 4 2 1
0 4 0 4 0 0 0 2 4 1 1 4 1 4 3 3 2 3 3 4 4 2 1 4 0 4 0 1 1 4 0 3 3 2 3 4 2 0 3 4 3 1 0 4 0 3 2 3 4 3 4 3 0 0 4 3 1 1 1 2 1 1 1 1 3 1 2 3 3 0 4 2 3 1 3 4 4 3 4 0 1 3 1 3 3 0 1 1 4 0 4 0 1 2 3 2 3 1 2 3 3 3 0 2 4 1 3 0 4 2 1 2 2 4 0 2 1 4 3 0 4 2 2 2 1 1 1 1 4 0 0 4 3 2 1 2 3 4 3 4 3 4 1 0 0 4 4 1 3 3 4 4 0 1 3 4 4 0
0 0 0 0 0 1 3 1 3 3 3 1 3 3 2 1 1 2 0 0 4 0 3 0 1 1 1 0 0 1 2 2 1 4 3 3 0 3 2 4 1 0 0 1 0 3 3 3 2 3 4 3 1 4 3 2 0 0 4 2 3 1 0 1 3 0 0 3 0 2 2 1 4 0 3 1 0 3 0 2 3 1 1 4 0 4 4 3 1 3 0 1 2 2 0 0 2 0 3 4 4 3 1 0 0 1 3 0 1 3 4 4 4 0 4 0 2 0 3 0 3 0 2 2 3 4 2 2 4 1 2 0 1 0 2 1 3 0 1 4 4 2 0 0 3 1 2 2 1 0 4 2 3 3 4 3 2 2
2 3 0 1 3 3 1 2 4 1 3 2 2 2 4 3 4 4 4 2 3 3 4 3 0 2 3 4 0 1 3 3 4 0 4 0 3 3 2 2 1 0 1 4 4 1 4 4 2 3 3 1 3 2 1 3 0 4 0 2 0 3 0 2 4 2 2 4 2 1 2 3 2 0 4 3 1 3 4 1 4 2 2 2 0 3 3 2 4 3 4 0 3 2 4 4 4 1 4 3 4 3 3 1 3 3 2 2 3 1 3 4 1 2 4 3 0 2 0 4 2 4 1 0 1 0 0 2 3 1 0 3 4 4 1 4 4 3 3 4 2 1 4 0 3 0 3 0 4 0 2 1 4 0 3 3 1 0
0 1 1 3 4 2 4 3 4 3 3 2 2 2 4 3 2 4 3 2 0 4 2 4 0 2 4 1 2 2 1 4 4 0 2 0 4 1 3 3 1 2 1 1 4 2 4 4 1 0 1 3 4 4 4 2 3 4 3 2 1 1 1 2 1 4 3 3 2 1 1 4 0 2 0 2 1 4 1 3 1 2 3 3 3 3 0 3 4 0 0 0 3 2 3 2 3 3 0 0 1 1 4 2 1 4 4 2 1 0 2 4 4 1 2 0 1 4 0 0 1 1 0 0 0 0 2 3 0 2 0 2 0 0 1 1 1 0 4 4 2 3 4 3 4 3 0 0 3 1 0 4 4 3 1 4 0 3
4 3 2 1 0 3 3 1 1 0 3 2 1 2 1 0 0 2 4 1 3 4 4 0 0 3 0 2 4 3 2 0 1 0 1 3 0 0 1 3 2 1 1 3 3 2 4 0 4 0 3 4 4 2 2 4 0 4 3 1 2 1 1 0 3 3 0 0 0 1 3 2 4 4 0 2 3 1 3 0 3 1 4 4 4 3 1 1 3 4 3 2 0 4 3 3 4 0 3 4 4 4 3 3 3 1 1 4 4 1 4 3 2 3 4 3 2 0 2 2 0 0 4 0 1 4 1 3 0 1 4 1 0 3 4 1 1 2 0 0 3 4 0 3 4 0 3 3 0 0 0 0 2 2 3 1 1 1
1 3 4 0 4 0 0 1 3 1 3 3 4 4 4 4 4 0 1 2 4 2 0 1 4 4 0 4 0 2 2 1 2 2 4 4 4 4 0 2 3 0 2 4 4 1 0 3 1 2 3 2 1 3 1 2 2 1 2 0 0 1 3 0 3 4 4 2 1 1 4 4 1 1 0 3 4 0 3 3 2 1 2 3 1 3 3 1 2 2 1 2 3 1 2 2 1 3 1 2 4 3 3 3 4 3 3 1 3 1 4 1 0 1 1 1 2 4 4 4 3 2 3 2 4 3 1 0 1 2 2 3 0 2 3 2 0 1 3 3 4 4 1 4 2 3 3 4 4 2 0 3 0 4 2 1 2 3
1 3 2 0 3 3 2 1 2 4 4 2 2 4 1 4 0 0 4 3 0 0 3 0 0 0 4 2 1 3 0 4 2 3 1 2 3 0 1 0 4 0 4 3 4 0 4 0 0 3 0 2 1 0 0 1 2 1 4 0 0 1 1 2 1 2 1 1 4 2 1 0 3 2 4 4 2 0 1 0 1 4 4 2 4 4 3 2 1 2 4 1 1 1 0 2 3 1 4 0 4 2 0 4 0 1 3 4 4 2 1 0 1 1 2 2 0 0 1 1 0 1 4 1 2 4 3 2 3 4 2 4 2 0 3 4 3 3 3 2 0 0 2 3 1 1 1 3 2 2 2 2 0 1 0 2 3 3
2 1 0 1 0 4 3 0 3 2 3 3 1 1 3 1 1 1 2 2 2 1 2 4 3 2 2 3 2 0 4 4 1 4 0 1 3 1 1 3 3 2 1 1 0 2 4 1 0 2 1 2 3 3 3 4 2 1 4 1 1 3 2 0 4 0 1 4 1 0 2 1 4 1 2 4 3 2 0 3 1 1 3 4 1 1 0 1 4 0 4 1 3 2 1 0 2 4 1 0 1 4 1 0 2 3 4 0 2 2 0 3 0 0 0 4 2 0 0 3 0 1 4 1 3 2 3 2 2 4 2 0 0 3 1 2 4 0 2 3 4 0 4 0 0 4 4 4 1 1 3 4 2 4 0 1 4 0
0 1 4 3 1 0 3 4 2 4 2 2 3 1 4 2 1 1 1 0 3 4 1 3 3 4 2 0 2 1 0 2 4 0 2 3 2 1 2 4 2 1 3 0 3 2 2 4 4 0 2 2 2 0 0 0 1 4 1 0 3 3 3 4 3 2 2 0 0 2 2 3 3 0 3 3 0 3 3 4 0 2 3 2 2 0 3 1 4 1 1 4 4 1 4 0 4 1 2 4 0 4 2 1 2 3 4 2 1 4 3 3 1 1 1 1 1 1 4 2 4 0 2 3 2 3 0 1 4 3 2 2 4 2 3 1 0 4 3 3 4 1 1 2 4 4 3 2 0 2 2 1 0 1 0 2 4 2
0 3 0 4 2 0 1 2 3 3 2 4 1 1 0 0 3 2 4 4 4 2 3 1 3 0 2 0 2 3 0 4 4 0 4 1 2 2 4 3 1 1 2 4 4 4 4 4 1 1 0 3 0 1 4 0 1 4 3 1 2 3 0 1 0 1 0 0 1 4 3 2 2 0 3 3 4 3 2 3 1 0 1 1 1 2 3 2 3 1 3 3 1 1 1 2 4 1 4 0 2 2 4 4 4 3 4 0 3 4 3 4 4 4 2 0 4 2 4 2 4 0 0 2 3 2 1 2 3 0 3 1 4 4 2 0 2 2 1 0 1 1 1 2 3 0 4 2 3 0 4 4 0 0 1 3 4 3
3 2 0 3 0 0 2 0 2 2 4 0 4 2 2 1 4 0 3 3 4 1 3 3 0 1 0 4 1 4 2 4 4 4 2 1 1 0 1 4 2 0 4 1 2 1 4 3 3 3 3 2 4 4 3 2 0 0 1 1 2 3 1 3 4 3 4 1 0 1 0 2 3 4 1 3 3 0 1 3 3 0 1 0 1 1 2 1 3 3 4 0 3 0 3 2 1 0 3 1 1 0 1 1 0 2 4 0 4 3 3 3 0 1 0 1 4 2 2 3 2 3 3 2 4 4 1 2 4 2 0 2 4 1 0 4 0 0 1 0 0 0 0 0 3 0 1 3 4 0 1 3 3 1 2 4 2 3
1 1 2 4 0 2 0 1 3 3 3 2 3 3 2 3 3 0 0 1 0 1 3 1 4 1 3 1 1 0 1 4 4 1 3 1 0 1 2 3 4 0 0 4 0 4 4 0 2 4 1 2 0 4 1 1 3 4 4 1 1 2 0 2 3 1 4 0 4 3 1 3 1 3 4 1 3 3 2 2 4 0 1 4 0 2 2 3 3 3 4 0 0 1 4 1 4 3 1 3 4 2 3 0 1 2 1 1 0 0 3 4 1 4 0 1 2 2 1 2 0 2 2 3 3 4 4 0 4 0 3 3 0 2 3 1 4 2 2 2 2 2 1 3 3 4 1 0 3 2 0 4 4 4 4 0 3 3
0 3 0 3 3 0 2 2 3 4 4 2 1 3 4 4 2 3 3 3 0 2 1 0 3 2 0 2 4 3 2 4 3 4 0 2 0 4 1 0 3 2 3 1 0 4 1 2 2 4 3 0 3 1 0 1 3 2 0 3 3 4 4 3 4 4 0 1 4 1 1 4 0 1 1 1 1 2 3 3 3 3 0 4 4 1 2 0 0 3 3 3 4 4 2 3 4 4 1 0 3 3 4 3 1 2 4 2 1 0 3 0 3 3 1 3 1 3 3 2 3 3 2 3 2 1 1 3 1 0 0 4 3 2 4 4 4 4 4 1 1 2 3 4 0 4 4 2 2 4 1 1 4 3 1 2 0 4
2 1 4 3 2 2 2 1 4 1 2 3 2 3 2 0 0 2 1 4 1 4 4 2 2 0 1 3 2 3 2 2 1 4 2 0 3 4 1 2 0 1 2 0 1 1 2 1 4 4 1 2 0 2 0 4 2 3 2 2 3 1 1 4 0 3 4 4 4 2 3 1 3 3 1 0 4 1 3 0 2 1 3 2 0 0 1 3 0 0 2 3 3 3 2 1 3 3 2 2 0 2 3 1 2 2 3 4 3 3 4 2 0 4 4 0 4 2 0 1 4 2 4 4 2 3 2 2 1 4 1 4 4 2 2 1 4 2 0 4 0 2 1 0 1 2 1 3 1 1 4 0 1 1 1 0 4 4
3 1 3 4 2 4 1 4 1 2 1 3 3 1 0 1 4 2 3 0 2 4 3 3 1 1 4 3 2 4 2 2 2 2 1 4 2 0 0 0 4 1 3 3 4 4 4 3 3 0 0 2 1 1 0 3 2 0 3 1 4 2 3 1 4 2 2 3 4 2 0 3 0 4 3 4 0 0 0 3 2 2 0 3 0 2 3 3 2 1 1 1 0 0 4 2 4 1 2 3 3 3 3 3 2 2 0 2 4 2 2 1 4 4 4 2 1 0 2 1 1 3 2 4 0 4 1 4 2 3 2 3 1 1 3 0 0 3 4 4 2 1 2 4 2 1 1 1 1 3 2 0 1 1 1 2 0 2
3 3 2 3 1 4 1 1 1 1 0 1 2 4 2 4 3 2 2 4 3 1 2 2 3 1 3 4 0 1 3 3 1 0 1 2 1 2 0 3 0 2 4 4 2 3 3 0 2 3 0 2 4 4 4 4 2 3 3 2 4 1 3 0 1 1 4 0 1 4 3 1 2 4 1 4 4 1 1 2 4 3 4 0 3 4 4 0 4 4 0 0 0 3 2 4 4 1 4 0 2 4 4 1 0 2 2 1 3 4 3 0 2 0 2 2 1 2 0 0 1 0 0 4 0 2 0 1 0 1 4 4 2 3 3 2 0 0 3 0 1 4 0 1 4 0 3 0 4 3 2 2 0 4 1 0 3 1
2 3 4 1 4 1 1 2 3 1 3 4 3 1 3 1 2 4 1 3 1 0 1 3 2 4 2 1 4 0 4 3 0 4 4 4 0 0 4 1 3 2 0 2 0 0 0 3 1 1 1 2 3 4 2 2 3 1 3 0 3 0 3 3 4 0 4 1 0 3 2 1 2 4 0 0 1 0 3 4 3 1 1 3 2 0 0 3 1 1 3 4 1 3 4 2 3 1 3 1 1 3 4 1 4 4 1 1 1 1 0 1 4 4 4 1 1 4 1 3 0 1 4 3 0 1 0 0 2 1 1 3 4 0 4 3 1 2 1 2 3 4 3 2 0 2 4 1 4 2 1 1 4 1 0 1 2 2
1 1 3 0 1 4 0 3 3 4 0 1 3 4 2 2 1 2 1 2 1 2 0 2 4 1 0 1 2 4 3 0 0 2 0 2 1 3 0 1 2 2 0 0 1 2 4 0 2 3 4 3 0 1 0 1 2 1 2 1 0 1 2 3 0 2 2 3 0 4 2 4 1 2 0 0 1 4 0 3 4 4 1 0 3 2 1 0 0 4 2 2 2 1 0 4 3 2 2 1 3 1 0 0 0 2 0 2 4 2 0 3 3 4 0 1 3 2 2 3 3 1 2 0 2 3 4 2 2 3 0 1 0 3 3 0 2 0 4 1 2 0 2 0 1 2 4 4 1 1 4 4 4 1 1 3 4 2
2 4 1 3 2 3 3 0 0 0 2 0 2 4 2 1 1 0 3 0 4 0 3 3 1 2 4 3 2 1 0 0 0 3 0 4 3 3 1 4 3 3 1 2 2 0 3 0 0 4 1 1 1 4 4 2 4 3 2 1 1 3 3 3 3 0 2 2 3 3 3 4 1 1 1 0 3 2 1 0 3 4 1 4 3 0 3 4 0 1 3 2 1 3 0 4 4 0 3 2 3 3 1 2 4 0 2 2 4 0 2 4 4 3 3 0 0 3 4 1 1 4 0 2 3 2 4 2 2 4 1 1 3 0 3 2 0 2 2 1 3 4 0 2 0 0 4 0 0 4 3 2 3 0 4 3 3 0
0 2 0 2 0 3 2 0 0 4 3 4 2 3 4 4 2 1 4 2 3 4 3 4 3 1 4 0 2 4 0 2 2 0 1 2 0 0 3 3 1 3 2 3 1 3 4 0 4 0 2 0 0 0 4 0 4 0 0 1 2 1 0 4 3 2 3 1 4 3 4 1 3 3 1 1 2 1 2 3 1 4 3 3 0 4 1 1 0 1 2 2 2 2 3 3 1 3 4 3 4 0 4 2 3 2 1 2 0 3 1 4 2 1 4 4 1 0 2 3 2 4 0 1 4 0 4 2 0 0 0 4 0 1 4 4 4 0 1 1 3 4 0 2 1 0 4 4 0 1 2 2 3 4 4 4 1 0
1 1 1 4 3 1 0 4 2 1 1 1 3 1 0 3 3 3 0 4 2 1 1 1 0 1 0 4 0 3 0 1 0 3 2 0 4 3 4 2 1 0 3 4 3 0 0 1 4 0 3 3 3 1 2 4 2 2 0 2 3 2 0 3 0 0 0 0 3 1 4 1 3 4 3 1 4 3 4 0 0 2 1 4 0 3 0 2 2 0 1 0 3 4 0 3 4 0 0 4 3 1 0 1 0 3 4 2 3 4 2 4 3 0 0 4 3 0 3 1 0 0 3 0 1 4 1 0 1 1 1 0 3 3 3 0 2 3 2 2 4 2 1 2 2 3 1 3 3 0 1 1 2 4 3 3 0 4
0 4 3 1 1 1 4 4 1 3 4 1 1 3 3 4 1 2 3 4 0 3 4 1 4 1 3 0 1 3 4 1 2 2 2 3 0 4 0 4 2 4 0 0 0 0 0 1 2 3 0 3 1 2 1 3 0 4 3 2 0 4 0 4 2 0 0 4 4 0 3 3 1 0 4 1 0 4 4 3 4 2 3 2 1 1 0 1 1 0 0 3 2 1 2 4 1 2 0 2 4 4 2 3 4 1 1 0 2 1 0 1 0 0 4 1 1 1 2 4 4 0 2 1 1 0 2 4 4 2 3 4 3 0 2 3 4 3 0 1 1 2 0 1 2 1 4 3 2 2 3 3 4 0 1 0 2 0
1 2 3 4 3 3 1 2 1 0 2 3 4 4 0 4 2 2 0 2 3 4 1 1 3 0 3 1 2 1 2 0 0 2 4 3 0 2 2 4 3 4 2 4 0 0 3 3 2 0 2 2 4 3 0 4 0 4 1 4 2 3 4 4 0 0 4 2 2 1 1 2 0 4 1 3 4 4 1 3 4 0 3 1 0 3 0 0 4 3 1 3 1 0 2 3 0 3 1 2 4 2 0 2 3 1 0 4 3 3 3 4 3 1 0 0 1 3 0 1 1 1 4 0 3 2 3 3 2 1 0 2 1 2 1 4 1 3 4 4 1 4 0 1 2 1 1 3 4 3 4 2 1 4 2 4 3 3
4 2 4 1 4 0 4 2 2 2 0 3 3 3 4 3 1 1 4 4 4 0 2 1 3 0 2 2 1 2 0 0 4 0 4 1 2 0 3 1 2 1 1 0 4 0 3 1 1 0 0 3 2 0 4 2 2 1 0 4 0 0 1 4 2 2 0 2 2 1 0 4 2 2 1 1 2 0 4 4 2 2 4 1 2 3 4 1 1 1 2 1 3 4 2 1 1 0 0 1 1 0 0 3 2 2 1 0 4 1 1 3 3 0 4 2 0 0 3 3 1 1 1 0 2 0 3 0 0 3 1 1 3 4 4 3 1 3 0 2 4 3 0 4 0 4 1 0 0 1 0 3 2 1 3 1 3 1
2 4 1 0 0 2 4 2 0 0 0 0 4 1 3 4 0 0 1 1 2 1 4 2 4 2 0 0 0 3 3 2 2 0 3 0 2 2 4 2 0 1 4 4 2 4 4 4 4 2 2 1 3 1 0 4 0 0 4 1 0 3 3 3 0 3 0 2 3 4 4 3 2 0 4 4 4 0 3 0 2 0 1 2 1 3 2 4 3 3 0 3 3 0 3 3 4 3 2 4 4 3 4 3 3 3 2 4 1 2 4 3 4 2 3 3 0 2 2 0 0 2 1 1 2 4 1 3 0 4 2 1 4 1 0 3 2 4 4 3 2 1 3 3 0 1 1 3 3 0 3 1 2 4 4 2 1 0
0 3 1 0 4 1 1 1 1 3 1 2 3 0 3 2 0 4 3 2 2 4 4 2 0 2 4 4 1 0 1 3 0 0 3 1 3 2 3 1 2 1 3 1 1 2 0 1 3 3 0 0 4 0 4 4 4 3 0 2 0 4 0 0 1 1 2 1 3 2 2 2 3 2 3 1 4 0 4 4 4 0 4 0 2 1 0 1 4 2 3 0 3 0 2 4 1 4 2 1 3 4 4 1 2 4 2 3 0 2 3 1 4 4 1 1 2 3 4 2 1 4 4 1 4 1 3 3 3 0 4 1 2 0 0 1 0 4 4 0 1 4 3 2 1 4 0 3 3 4 2 1 0 1 4 2 3 2
2 3 0 1 4 2 4 1 3 4 1 4 1 4 4 1 2 2 0 2 2 0 4 0 3 1 3 3 3 3 2 0 1 2 4 3 4 0 4 2 4 0 2 2 0 3 3 4 2 0 3 4 3 4 1 1 1 0 1 1 0 4 4 2 1 0 0 3 0 1 0 1 2 4 3 4 4 3 0 1 0 0 3 3 0 1 0 1 3 1 4 4 2 3 1 4 3 3 2 0 4 4 1 3 1 1 4 0 4 4 2 0 0 2 3 2 3 0 0 2 4 4 1 1 0 4 2 0 2 1 1 1 3 2 2 4 4 1 4 0 3 3 2 0 2 3 2 1 3 2 0 4 3 3 1 3 2 0
4 4 2 2 2 0 1 4 1 0 1 2 3 4 3 0 4 0 3 3 1 4 0 3 3 0 1 1 4 3 2 0 4 1 2 2 3 3 1 4 1 4 3 4 0 1 1 1 2 0 4 0 1 1 4 1 2 0 3 3 1 2 3 0 0 2 4 3 0 1 4 3 2 2 2 3 4 1 1 3 1 3 3 4 4 2 0 3 0 3 1 3 2 1 3 2 3 3 0 1 1 1 4 0 4 4 0 0 0 2 3 1 0 1 2 1 1 2 0 3 1 3 1 0 0 1 3 3 1 0 4 2 2 4 0 3 3 0 3 0 2 3 1 2 4 3 1 2 2 1 0 3 4 3 1 1 0 4
2 1 4 1 1 3 2 1 1 2 1 1 2 1 4 0 3 1 0 1 3 3 2 1 3 4 1 4 2 1 0 4 0 2 1 1 0 0 4 4 3 2 2 2 3 2 3 4 0 0 0 0 3 3 1 4 4 3 3 3 1 1 3 3 3 1 4 3 1 0 4 1 3 2 4 1 1 4 0 1 4 1 1 0 1 0 4 2 0 4 0 3 0 3 2 3 4 3 4 3 4 3 4 4 0 0 0 3 1 3 4 1 4 1 3 2 3 2 1 3 3 1 3 4 2 0 4 3 4 0 3 0 4 3 4 1 0 4 0 2 2 1 0 3 2 3 2 2 2 3 2 0 2 1 1 1 1 3
4 2 3 3 2 4 3 1 1 0 1 3 2 0 4 2 1 4 2 0 1 1 4 1 4 3 2 0 4 0 0 0 3 1 0 0 0 0 2 3 1 0 1 3 2 3 3 0 2 2 1 0 4 2 1 3 0 0 0 1 1 1 1 1 2 4 3 4 4 0 3 0 2 1 1 2 4 1 2 3 3 3 1 2 0 4 0 2 0 3 3 3 4 2 4 3 1 4 4 2 2 2 3 4 4 1 3 0 2 1 4 0 1 0 0 2 4 2 4 1 0 0 1 1 2 2 1 0 2 1 2 4 0 2 3 1 3 4 2 2 0 3 3 1 0 0 0 1 4 2 3 0 2 4 3 1 2 0
1 4 1 3 3 1 1 3 0 1 4 2 4 4 2 4 3 2 4 0 3 3 2 3 0 1 3 4 2 2 4 3 3 2 2 3 0 0 3 0 1 3 4 0 4 1 4 2 3 0 0 4 4 2 2 1 4 2 0 3 4 1 2 4 0 1 2 1 1 1 3 4 1 3 0 0 4 1 0 0 2 0 4 3 4 1 4 0 1 2 4 2 3 1 2 4 4 4 2 0 2 0 1 0 0 3 1 2 0 3 2 4 3 3 2 4 4 3 0 2 0 4 0 1 2 2 2 1 3 4 3 3 1 4 3 4 3 1 1 0 4 3 4 4 3 3 4 4 1 4 2 2 0 2 3 2 4 0
3 4 1 1 2 2 2 3 1 2 4 4 2 1 4 3 0 2 1 1 2 3 2 4 0 2 1 0 4 2 2 4 1 3 0 4 2 0 4 1 2 3 0 2 4 0 0 2 2 4 0 1 2 3 0 4 0 3 1 2 0 3 1 4 1 4 3 3 4 2 4 3 2 0 0 4 2 3 3 1 2 3 3 1 1 0 2 4 4 3 1 1 1 2 0 2 1 0 0 2 4 2 1 2 4 3 3 1 3 1 2 0 4 2 3 3 3 0 2 2 3 0 3 4 2 1 1 1 1 4 3 1 1 4 3 0 0 1 3 3 4 2 1 0 0 1 3 3 2 2 2 0 2 2 2 2 3 0
3 0 1 3 1 2 3 1 4 0 4 4 3 0 2 1 0 2 3 1 2 0 0 1 2 0 3 1 2 4 2 2 1 3 0 4 3 0 2 4 0 1 4 1 3 3 4 3 2 2 1 1 4 2 2 4 2 2 0 1 1 4 3 4 0 0 3 0 1 0 4 3 3 0 4 1 3 4 2 2 3 3 3 0 0 0 4 4 3 1 0 1 1 0 3 3 1 1 3 4 4 2 2 4 0 4 1 0 0 0 3 3 3 1 3 1 2 4 0 2 1 3 0 4 0 3 2 3 2 0 2 1 4 2 2 4 1 3 2 3 3 0 1 4 1 2 0 0 1 2 4 4 2 0 3 0 0 0
3 4 2 3 0 4 2 0 3 0 3 2 3 4 2 1 0 1 3 2 1 2 4 1 1 4 3 2 1 0 4 1 0 2 4 2 1 3 2 1 3 3 4 1 2 3 0 4 4 3 1 1 2 2 4 1 1 4 3 2 4 4 4 4 1 0 4 4 1 1 3 4 4 4 3 3 2 3 2 2 3 3 0 3 1 1 4 4 0 4 4 1 3 0 1 2 2 0 3 3 3 3 0 3 2 3 1 2 3 1 1 1 4 3 4 2 4 0 2 1 4 3 2 0 3 3 2 0 0 2 1 4 1 1 4 0 4 2 2 2 3 0 0 0 3 2 2 2 2 1 3 4 4 1 4 4 1 3
