5 159 13
332563695 453601785 417972650 130647800 909690457 989581037 172773175 860313210 627145134 808442220 88676754 519109899 811477903 1078554322 153311901 1028403401 1054863248 557483390 693996794 315180787 831418388 238683853 413472067 305197617 690518489 32699288 1201046573 909760163 1070911585 1030052477 222820227 217695722 484663451 642506539 339699974 688438045 1147665170 348921235 856862633 1097556728 188396556 459006226 821288010 373305124 10035102 357250877 265773178 1193255665 1132065228 1042566633 204765554 719620179 403488619 1196619775 772687387 854624890 754055459 896243909 1167881 459632452 618830765 941900928 117263289 859474820 414578884 509414780 456567037 448684809 171741212 1340263 1160920402 737932798 203146673 602834940 1196587081 457953656 812102073 1158283517 888627856 621676188 674298057 1204706557 458829725 78097069 64765772 210200421 764095506 1027068608 118132594 412417338 459064456 491534959 35523860 659092587 494794822 1069595285 306696636 566521736 1097990099 117054564 545313752 1199566745 853157413 714652682 306146688 290043473 932072550 361746982 740796544 1134406996 1219087212 1036961503 662443744 592921646 101325831 373340055 210353961 1146593429 93323013 947347480 329604453 1120045777 642023008 1061334076 793072468 495033380 375295039 894894335 967124884 730823699 987149316 1103577759 890739762 514486433 1053574618 729098856 1203734681 1158016086 381684682 789547914 954654374 33559073 296527395 600423169 52333283 1096628989 1131190590 540051027 967871941 552633972 433612916 53182882 279512361 256464492 20095928 177907067 702351525 35327225 52072681
2 1 4 4 4 1 2 0 0 0 0 0 2 0 4 1 3 0 1 0 4 3 0 0 0 1 3 0 3 1 2 1 2 1 0 4 4 2 4 0 4 1 2 1 1 1 2 0 3 0 2 3 1 0 0 1 3 0 3 1 2 0 2 1 3 4 0 2 3 1 4 3 2 2 1 1 0 1 3 4 3 2 2 4 2 4 0 0 4 0 4 3 0 3 0 0 3 2 3 1 1 4 1 0 3 3 1 4 4 1 3 2 4 2 4 3 1 1 1 0 2 0 4 4 3 1 0 3 0 3 2 1 4 3 4 3 3 0 2 4 4 2 2 3 4 3 1 0 4 2 2 1 4 3 1 0 4 1 3
2 1 0 3 0 4 4 0 4 0 2 4 1 1 3 4 0 1 2 0 0 2 3 2 3 3 0 3 3 1 2 2 4 2 2 1 3 2 2 3 4 1 4 0 3 2 1 3 3 3 1 0 2 1 4 1 4 4 4 4 2 3 1 1 1 1 0 1 3 2 4 2 0 0 2 0 2 3 1 2 3 2 3 3 0 2 4 1 2 0 3 1 4 1 0 2 2 0 3 0 4 0 4 4 0 1 2 3 1 3 0 2 2 0 0 2 3 1 0 2 1 3 0 2 0 0 4 2 0 0 0 1 0 4 3 2 3 0 2 4 3 0 3 0 0 3 4 0 1 4 2 0 3 3 2 0 0 4 2
3 4 4 4 1 4 2 3 2 4 1 3 2 1 2 4 3 2 0 4 4 2 3 4 0 3 3 2 4 2 1 2 1 1 3 2 0 1 3 2 0 1 2 0 2 1 1 2 4 2 1 0 4 2 1 1 2 4 0 1 4 1 0 2 2 4 2 2 2 0 1 4 1 4 4 0 2 3 2 1 0 1 3 1 0 4 4 2 1 4 1 2 0 1 4 3 2 1 2 4 3 4 4 4 0 0 4 2 3 4 1 0 2 4 1 2 1 0 1 4 1 2 1 2 4 0 2 3 4 4 3 2 0 4 4 2 1 3 2 0 4 3 0 3 4 4 2 0 1 4 1 3 1 2 0 2 0 4 1
1 3 1 3 4 2 2 1 3 3 3 3 4 3 1 3 3 0 0 0 1 1 4 1 3 1 3 2 3 2 0 4 1 1 0 2 0 4 0 4 2 1 4 4 4 0 4 4 2 4 2 1 1 1 2 1 4 1 3 0 0 1 1 1 2 1 0 3 3 1 4 2 4 3 1 3 4 0 0 3 2 4 4 0 2 2 1 3 0 1 3 0 2 2 4 2 3 1 2 3 2 1 1 1 4 2 2 0 0 4 4 2 3 0 2 0 2 0 0 4 3 4 0 3 1 1 0 1 2 4 0 2 0 1 0 1 0 2 4 0 3 0 2 3 0 1 0 0 3 1 4 2 0 1 0 3 2 2 1
2 1 1 4 3 4 4 1 2 4 0 2 4 0 2 3 3 0 3 3 4 4 2 1 1 1 3 4 3 0 1 2 3 4 1 1 4 3 2 3 4 0 0 3 2 4 1 0 0 2 3 1 1 3 2 3 4 2 4 4 2 0 4 0 2 0 3 3 0 0 1 1 2 1 2 0 3 0 0 3 2 1 4 4 1 3 4 2 0 3 3 4 1 2 1 3 0 1 3 2 3 4 4 1 2 1 1 0 1 3 0 1 1 1 2 2 4 1 1 1 1 0 2 4 2 0 4 4 1 2 2 0 1 1 3 4 4 4 1 2 4 2 0 1 3 2 0 0 0 2 1 4 4 1 3 3 1 0 3
0 2 0 0 1 3 0 2 4 4 3 3 3 2 4 1 1 1 2 1 2 4 4 1 3 0 1 1 4 1 1 4 1 3 1 2 1 1 1 2 2 1 1 2 4 0 4 0 1 1 3 0 2 2 3 2 0 0 0 4 3 2 0 1 0 3 0 4 1 1 1 3 3 2 0 2 2 4 4 1 2 2 3 4 1 2 1 3 4 4 4 4 1 4 1 3 4 1 2 0 3 4 3 3 3 1 2 3 0 3 4 0 2 2 4 3 1 3 2 0 2 1 0 0 3 3 3 2 4 3 3 4 2 3 4 2 4 1 0 2 4 1 2 3 1 3 2 4 1 1 0 0 4 2 0 4 0 1 2
1 4 2 1 3 0 0 0 0 4 3 2 0 1 1 4 2 4 1 4 1 4 1 3 3 3 1 3 0 2 2 1 1 4 2 4 1 0 1 3 4 1 0 4 3 1 3 2 1 1 1 4 0 2 2 1 2 3 1 2 2 0 1 0 1 3 4 2 0 3 1 4 4 3 4 4 2 4 2 0 1 0 4 3 3 3 1 0 4 4 0 1 4 1 2 2 1 3 0 2 3 3 3 0 1 4 4 3 4 3 3 2 4 4 2 2 0 4 4 4 0 4 2 0 2 1 4 4 2 4 1 2 2 4 2 1 1 4 1 0 2 2 2 1 1 4 0 3 0 0 4 1 1 4 3 4 2 2 3
1 4 1 4 3 2 3 4 3 2 3 0 2 0 4 3 3 4 4 4 1 1 3 4 2 2 2 1 0 2 1 3 1 4 2 1 4 3 3 4 0 1 0 4 3 4 3 3 0 4 2 2 2 1 3 4 0 3 3 2 0 1 1 3 3 0 4 2 3 4 1 1 0 1 0 0 3 0 4 3 4 1 2 3 4 1 3 2 4 3 4 1 4 2 1 2 3 2 1 1 2 3 2 4 1 0 0 4 0 1 0 2 4 2 0 4 0 0 3 1 3 4 2 0 2 0 4 0 3 1 3 0 1 3 4 2 3 1 2 0 2 2 2 2 1 0 3 4 0 1 0 1 0 0 1 4 0 0 4
3 3 0 0 4 0 2 2 0 3 1 0 1 0 0 0 1 0 3 0 2 1 3 3 1 3 4 1 0 2 2 1 0 4 1 0 4 3 2 4 2 0 2 0 0 2 0 3 4 0 1 3 1 4 2 2 4 3 0 1 0 0 2 1 4 1 3 1 1 2 2 0 2 4 0 4 3 2 2 4 2 3 3 3 4 2 3 0 0 0 2 1 0 4 4 2 2 4 0 4 1 2 4 0 4 0 4 4 4 1 1 2 2 1 0 1 3 3 4 3 4 1 1 1 2 2 3 0 3 0 1 4 3 0 1 4 2 0 0 2 4 1 4 3 2 4 1 2 0 0 3 4 1 1 2 1 4 3 1
2 3 2 4 3 4 2 4 2 0 0 4 1 3 0 4 3 1 0 0 1 3 3 2 4 2 0 0 1 0 3 0 3 2 1 4 2 1 3 4 1 3 0 2 4 2 1 2 3 3 4 0 1 0 4 3 2 1 0 0 1 4 0 0 3 4 1 0 0 4 1 3 0 3 0 4 0 3 1 1 3 0 3 0 2 2 0 4 1 0 4 2 1 2 4 0 1 0 2 3 0 4 1 2 4 1 1 2 1 4 3 4 1 1 1 4 0 1 3 1 2 3 4 0 0 0 0 3 1 3 1 3 4 4 0 0 2 3 2 3 2 2 4 0 0 1 4 1 2 3 4 1 3 3 2 0 1 4 0
4 4 1 2 3 0 4 1 2 2 3 2 1 3 1 1 3 2 3 4 2 1 4 3 1 4 2 3 2 2 3 1 1 4 3 2 1 4 3 0 3 3 4 1 3 0 3 2 0 1 3 4 4 2 4 2 4 2 0 1 1 3 0 4 4 0 1 2 0 1 2 0 2 3 2 0 0 2 4 0 3 3 4 4 2 1 3 1 3 3 0 4 3 0 0 2 0 2 4 2 0 3 3 4 3 0 2 3 2 1 1 2 4 2 3 2 3 1 0 1 1 2 2 4 2 3 3 0 2 4 4 4 4 2 4 2 4 1 0 1 2 1 0 4 4 0 1 4 1 1 1 4 4 0 0 3 0 3 0
4 2 0 4 1 4 0 0 4 1 3 2 0 4 0 4 0 0 2 0 4 4 3 3 0 0 4 3 1 4 1 2 2 1 1 0 0 1 1 4 4 1 4 2 2 4 3 3 4 1 0 3 2 0 4 2 0 0 2 3 4 3 1 1 4 4 4 2 3 2 3 4 3 2 1 0 1 0 0 3 1 2 3 0 2 2 2 0 2 4 0 4 3 3 0 4 3 1 1 1 3 0 0 3 2 4 1 1 1 1 4 4 4 4 4 3 2 1 3 1 0 1 0 0 4 3 0 2 1 1 0 2 3 3 0 3 2 3 4 3 0 0 2 1 4 1 4 3 4 0 2 1 3 2 2 2 2 4 2
4 2 2 3 1 2 0 4 1 4 0 1 4 0 3 2 4 1 3 0 2 3 2 4 3 1 3 1 4 2 3 0 4 2 0 0 0 0 1 1 4 1 3 3 1 3 2 3 2 1 0 4 1 2 0 0 3 3 1 4 0 4 1 0 1 1 2 3 2 1 0 1 2 0 2 1 3 1 1 0 2 1 2 4 0 2 4 0 1 2 0 3 1 3 0 4 2 0 0 4 1 0 2 3 2 1 1 0 3 4 3 2 0 2 1 2 4 0 3 2 2 0 1 0 3 1 2 2 1 2 3 4 4 3 0 1 4 1 3 4 1 1 2 3 0 0 1 0 3 1 4 2 1 0 3 1 4 2 4
2 1 2 2 2 0 2 3 2 0 3 3 1 2 2 2 2 3 0 2 1 1 2 3 2 4 3 0 0 0 1 3 3 1 2 0 3 4 0 0 4 4 1 3 1 3 2 3 1 2 3 2 0 2 1 4 3 1 4 4 2 3 2 0 4 4 3 2 0 3 0 1 2 1 1 0 1 0 4 3 2 4 2 2 3 0 1 1 2 3 0 1 1 4 1 0 0 4 4 2 0 4 4 2 2 2 3 4 3 4 2 2 0 1 0 3 2 3 1 4 3 4 0 1 0 3 3 1 0 3 3 0 2 4 4 0 4 4 1 2 3 3 4 0 4 1 0 3 2 2 2 0 3 4 2 3 3 0 1
0 0 2 0 3 1 1 0 0 1 1 4 1 1 4 2 2 0 2 1 2 1 0 0 4 0 4 0 0 4 1 0 0 3 0 0 2 3 2 4 4 0 4 1 1 0 3 0 0 2 1 0 1 2 2 2 4 1 2 4 0 1 4 2 4 1 4 3 4 1 3 4 3 4 2 4 4 2 2 1 4 0 3 2 2 0 0 3 1 4 2 4 0 3 3 2 4 3 0 1 1 3 2 0 4 4 1 3 1 3 0 2 4 3 0 3 4 2 2 2 3 1 1 4 2 0 1 3 0 3 4 1 4 3 3 3 2 0 2 0 0 4 3 1 4 0 0 0 4 4 3 2 2 4 1 4 1 4 3
1 0 4 0 4 3 0 2 2 0 1 3 3 2 3 4 2 3 1 2 2 2 2 1 0 4 3 1 0 4 1 4 4 1 1 0 4 1 0 3 4 1 1 2 1 4 3 3 4 0 2 1 2 0 3 4 4 3 1 1 4 2 2 1 3 0 1 4 4 1 3 3 0 1 2 1 1 0 1 0 0 3 4 0 0 4 4 1 4 0 0 0 0 4 1 0 0 0 0 4 3 0 4 3 1 1 1 4 1 2 0 4 3 1 4 0 2 0 4 1 1 4 1 3 3 0 3 0 0 3 1 3 0 0 4 4 1 0 3 0 0 0 1 0 1 0 0 3 0 4 1 3 0 3 1 1 3 0 1
0 0 3 3 3 3 2 2 2 0 0 4 2 1 0 2 4 2 4 0 2 1 1 3 1 1 1 2 1 3 1 1 4 4 2 4 4 1 1 3 1 1 2 0 4 2 2 1 4 4 1 4 0 4 4 3 3 0 1 1 1 2 3 2 3 2 1 4 3 2 3 2 0 2 2 0 0 0 1 1 4 4 2 1 0 3 4 3 1 2 0 2 4 0 4 4 2 0 4 0 4 4 2 4 1 2 4 3 2 2 2 3 3 1 4 4 0 0 4 1 3 1 0 4 3 1 4 0 3 0 3 2 4 2 1 0 4 3 1 3 2 3 3 1 4 4 2 1 0 1 4 3 0 4 2 3 0 3 4
3 3 4 2 4 1 4 2 3 4 3 1 1 3 0 2 4 1 1 1 1 3 0 1 3 2 1 1 4 4 2 0 0 3 2 1 0 3 3 0 4 3 3 1 1 0 0 1 2 2 4 3 2 1 0 2 3 3 3 0 2 3 0 4 1 4 1 3 3 4 0 2 0 4 0 1 4 1 4 3 0 0 2 2 2 4 4 2 2 4 2 1 4 4 1 3 4 2 1 4 3 2 3 3 3 4 2 4 2 3 3 2 1 2 1 3 1 0 2 0 1 2 3 1 1 4 4 0 3 2 1 4 1 0 4 4 4 3 1 1 2 4 0 3 1 1 3 4 3 0 1 1 4 4 4 1 1 3 3
1 3 0 0 4 0 2 1 4 0 4 2 4 3 4 4 1 2 2 0 0 0 3 3 4 2 3 2 0 3 1 2 1 1 4 3 1 1 1 2 4 0 1 3 3 0 3 4 2 2 1 4 4 4 2 1 3 2 3 4 1 4 3 2 2 2 2 3 1 3 2 0 3 3 0 3 0 0 4 2 3 2 3 4 1 3 0 2 0 1 1 1 2 4 1 0 3 3 0 4 2 3 1 2 3 2 3 4 2 4 3 2 2 2 2 0 0 4 2 0 0 3 4 3 4 0 0 3 0 0 4 2 0 1 2 1 0 2 0 2 1 3 0 0 2 4 1 4 3 3 2 1 4 1 1 3 3 1 3
3 3 3 3 1 1 2 2 1 4 4 0 2 4 2 3 2 1 4 1 2 2 0 0 1 1 1 2 1 4 0 0 4 0 3 0 1 0 4 2 1 3 0 3 3 2 1 0 4 2 3 3 0 4 3 3 2 4 0 4 0 1 1 4 3 4 0 0 1 1 4 4 0 4 2 3 2 1 0 3 3 0 1 0 4 1 4 4 2 1 0 2 4 1 1 3 2 3 3 0 0 2 4 2 4 3 0 1 4 2 4 0 2 2 0 4 3 1 0 0 3 0 4 2 3 0 0 0 1 0 2 3 0 1 0 4 1 2 0 3 4 1 3 3 0 0 2 0 2 2 2 0 4 1 4 2 3 2 4
1 2 1 4 4 4 4 3 1 3 0 4 2 3 2 1 3 4 0 0 1 0 2 3 4 3 3 2 4 2 3 0 1 0 2 1 1 1 4 2 2 2 3 4 0 2 2 1 2 0 1 3 0 4 2 4 4 2 3 3 4 2 1 0 4 3 1 0 1 3 0 3 2 3 0 2 3 4 0 0 4 2 3 4 3 2 1 4 1 1 0 0 0 1 3 4 1 1 2 2 1 4 3 3 2 3 3 0 4 3 2 4 2 3 0 0 0 3 0 2 0 2 4 0 3 4 2 4 1 1 3 2 0 1 1 2 4 4 0 4 4 2 0 2 0 2 4 3 1 1 2 3 3 3 0 1 3 2 2
4 3 1 1 3 2 4 3 4 0 0 0 0 4 2 2 2 4 1 0 2 0 4 0 3 2 1 2 0 0 4 1 1 2 0 1 0 4 1 1 0 1 3 0 1 0 4 0 1 2 2 4 2 1 4 1 0 2 0 3 3 4 4 1 2 4 2 4 1 4 2 3 2 0 0 3 0 4 0 1 3 2 2 1 3 2 4 4 1 4 2 1 3 3 2 2 0 0 3 1 1 0 4 3 2 1 4 4 0 4 3 3 2 0 1 2 4 0 3 1 4 0 2 0 4 2 4 1 4 0 2 0 0 3 0 3 4 4 4 1 1 2 1 3 3 3 2 2 3 1 0 0 1 0 2 2 2 3 3
3 3 2 3 4 0 0 4 1 0 3 2 1 3 4 1 1 4 3 3 4 4 4 4 3 1 3 2 3 2 1 1 0 0 1 1 3 1 0 4 3 1 4 1 1 0 2 2 4 3 2 3 2 3 0 2 4 3 0 2 0 3 0 3 3 3 4 1 0 2 3 0 0 4 2 1 1 1 3 2 4 2 0 4 1 2 1 0 3 1 0 0 4 2 3 0 1 3 3 3 2 3 3 2 2 2 3 3 4 3 0 0 0 3 4 1 2 1 4 0 4 4 1 1 3 1 1 4 1 4 2 3 3 3 2 2 0 0 1 1 0 3 2 1 3 1 4 1 4 3 3 4 4 1 2 3 3 3 4
1 4 4 2 4 2 4 2 4 2 0 3 2 3 0 3 4 3 0 0 3 3 0 4 0 2 1 0 2 1 4 3 0 0 2 0 2 2 2 4 4 4 2 1 4 2 2 3 2 4 0 2 4 1 3 4 0 4 1 2 2 3 2 3 3 2 0 1 4 4 2 3 3 4 1 2 3 0 1 0 4 3 0 4 4 3 0 1 0 2 0 2 0 3 2 3 0 2 1 1 3 3 1 1 4 2 4 4 0 2 0 1 0 0 0 2 3 3 3 3 2 4 3 2 4 0 2 1 0 1 4 3 1 0 0 3 4 1 2 4 0 2 1 2 4 3 1 0 3 0 0 0 1 3 4 2 1 4 0
1 0 4 4 3 4 4 1 3 2 4 0 2 3 1 2 0 1 3 0 0 0 2 0 1 3 0 0 4 1 0 0 1 1 4 1 0 1 3 1 0 4 1 3 4 4 2 4 2 0 1 2 1 4 0 4 2 2 0 3 3 2 3 1 4 4 2 1 2 2 2 3 1 0 3 1 1 0 0 4 0 4 3 1 3 3 3 2 2 3 2 0 2 0 3 3 1 1 0 4 3 4 4 2 2 2 3 3 2 0 4 4 4 3 3 4 3 1 3 1 1 0 3 0 2 2 4 4 0 1 0 0 0 4 2 4 3 2 3 2 3 2 1 4 2 1 4 1 4 4 4 0 0 2 1 2 1 2 3
3 3 0 4 0 4 3 0 4 1 0 1 1 4 0 2 2 3 3 0 3 3 4 0 0 1 3 2 0 0 3 3 0 3 4 1 0 3 3 4 1 0 3 4 1 3 1 3 3 0 3 1 0 2 2 0 1 0 4 1 3 2 1 3 1 1 1 3 1 1 2 2 1 0 3 3 0 4 3 1 1 4 2 1 3 4 3 4 2 3 2 0 0 1 3 3 4 0 1 0 1 4 4 0 1 2 0 4 3 3 0 2 4 4 3 3 1 2 4 3 2 4 3 2 0 3 1 4 0 2 4 4 3 0 4 2 4 4 3 2 4 0 4 4 4 0 4 0 4 3 0 1 2 0 0 2 4 1 3
4 1 4 3 1 4 4 0 3 0 3 3 0 0 4 1 0 4 0 2 0 0 3 1 3 3 2 2 4 0 1 4 3 0 4 0 0 4 2 0 4 1 0 1 1 0 4 3 4 1 1 2 2 1 0 0 1 4 2 1 0 3 2 0 1 1 2 3 2 0 3 4 1 4 0 4 1 2 0 0 3 3 4 0 1 0 0 2 4 0 3 1 0 0 2 1 4 4 4 1 4 0 0 2 4 3 4 0 0 4 2 0 4 4 1 0 4 3 2 3 3 3 2 1 0 4 2 4 3 2 3 0 2 0 2 3 3 1 0 0 2 4 1 1 3 2 1 2 2 1 3 3 4 0 4 1 1 1 3
4 0 1 1 4 1 4 2 2 2 4 2 0 4 0 3 2 4 2 2 2 3 0 0 4 2 1 2 3 2 0 4 0 3 1 4 2 2 4 4 4 3 3 1 2 1 2 0 0 4 2 4 4 4 1 0 3 2 4 3 2 0 2 2 0 0 3 2 4 2 3 1 1 4 4 0 2 1 0 2 2 4 2 3 0 3 0 3 3 0 1 0 2 1 4 4 3 2 4 3 0 4 4 3 3 3 3 0 2 1 0 1 2 4 2 3 2 2 3 0 4 0 2 3 3 1 3 1 4 2 4 1 1 0 4 2 1 4 4 0 0 4 1 3 3 3 3 3 3 1 0 2 1 3 3 1 1 1 3
2 0 4 3 3 2 4 0 3 4 2 0 1 3 1 1 2 2 4 2 0 1 4 4 4 4 2 1 1 0 1 3 2 0 2 1 2 3 3 2 2 0 2 1 1 1 2 3 0 2 2 0 3 1 1 4 1 1 0 4 3 3 2 1 4 1 2 3 0 2 3 4 0 2 0 1 0 3 1 0 0 3 2 0 1 1 4 4 2 2 3 0 0 1 1 1 2 0 2 4 3 2 4 3 4 4 4 0 4 0 2 4 0 0 4 1 1 1 1 0 3 4 0 0 2 4 2 2 4 1 1 4 3 2 2 2 4 3 4 3 0 2 3 0 4 4 2 2 2 0 2 0 1 4 3 4 0 2 1
2 3 4 1 1 2 1 0 3 1 2 1 2 4 4 2 0 1 1 2 3 1 1 1 3 0 4 2 1 3 0 3 1 1 1 4 0 2 4 3 1 1 0 3 2 1 0 4 2 2 1 3 3 4 4 3 0 0 2 3 0 2 3 1 1 1 2 1 1 1 2 2 0 2 0 4 3 0 4 3 4 2 1 3 2 2 3 4 4 1 4 4 3 4 2 1 0 4 3 1 2 0 0 4 4 0 4 4 3 0 2 2 2 0 2 4 4 1 0 0 2 4 4 2 3 3 1 1 2 1 4 2 1 0 1 2 0 2 1 0 2 1 0 0 3 2 1 3 0 2 0 4 1 0 4 2 0 0 3
0 1 2 2 4 2 3 1 0 3 4 2 0 2 2 0 1 0 2 1 2 4 1 2 2 3 3 1 4 3 4 4 1 4 1 2 1 1 0 3 4 4 1 0 2 3 2 0 0 4 1 3 0 2 2 0 1 0 1 0 0 3 4 3 2 2 0 0 3 0 4 0 4 2 2 3 2 4 3 3 1 4 3 1 4 2 3 0 4 0 2 4 3 1 2 2 0 2 2 0 4 1 0 3 0 2 4 3 2 4 3 3 4 1 1 0 0 2 0 4 2 2 3 2 0 2 4 0 1 3 0 0 2 3 0 2 0 1 0 4 1 0 4 2 3 3 2 3 0 2 2 4 1 2 3 3 1 4 3
4 2 0 4 4 0 2 2 3 3 4 4 4 0 4 1 0 4 0 4 4 4 3 0 0 3 3 3 4 4 3 4 1 1 0 3 1 2 2 1 3 1 1 2 3 2 1 4 1 3 0 2 3 0 2 0 3 2 4 0 1 4 1 2 2 1 0 1 1 2 2 4 1 3 3 1 0 1 2 3 0 4 0 3 0 2 3 3 4 4 3 0 1 4 0 3 3 2 4 4 2 4 0 0 4 3 1 0 0 1 0 0 0 1 0 0 3 3 1 0 3 1 2 4 3 4 4 1 2 4 2 1 0 2 1 4 2 4 1 2 2 2 4 0 3 4 2 3 3 3 3 3 2 3 4 0 2 0 3
1 1 2 2 1 4 0 1 3 2 2 1 4 4 2 1 4 2 4 3 2 2 3 2 4 3 3 1 1 3 4 2 0 1 2 3 2 4 4 1 1 4 4 3 3 1 4 0 0 3 3 2 3 3 1 4 2 4 1 0 3 2 4 0 1 3 3 3 3 0 1 1 4 2 1 4 1 3 4 1 3 4 1 1 0 2 3 2 2 4 4 2 3 0 4 4 4 2 0 4 4 3 0 3 1 2 3 2 0 2 0 3 4 1 2 4 4 0 3 3 1 2 0 4 2 4 1 3 3 1 2 3 4 3 1 2 2 1 1 4 1 2 4 0 0 1 4 4 3 2 2 4 1 2 1 3 3 4 4
2 0 1 2 1 4 0 1 3 2 2 2 0 1 2 0 2 0 1 3 4 3 1 0 4 0 3 4 1 2 3 0 4 0 2 3 1 2 4 2 1 3 4 3 0 3 3 4 1 4 2 2 4 3 4 0 1 3 0 2 2 0 2 2 2 1 0 1 0 1 3 4 4 4 2 1 0 3 0 1 2 3 3 4 3 2 4 1 2 4 3 0 2 2 4 4 0 4 0 1 0 0 2 1 0 4 3 0 2 3 1 2 3 1 1 2 0 0 3 3 2 4 3 4 3 2 0 1 3 1 2 0 3 1 1 3 0 4 0 0 0 3 2 3 4 3 2 0 0 3 0 2 2 0 3 2 4 4 3
2 2 2 4 0 3 2 1 1 4 1 1 4 0 3 4 1 3 2 1 3 0 1 3 4 3 3 1 2 2 2 4 1 4 0 4 0 3 0 1 2 1 2 1 3 2 0 0 0 4 3 0 4 2 3 3 0 2 2 3 1 4 4 0 0 0 4 0 3 4 3 0 2 0 3 3 4 0 3 4 0 3 2 4 0 0 0 1 4 2 4 3 1 0 3 3 0 2 4 0 3 2 0 2 0 0 2 1 1 0 1 1 4 3 2 1 0 2 2 2 1 3 0 2 4 0 1 1 4 2 2 4 1 2 3 3 0 1 0 1 1 3 4 2 3 1 4 3 1 3 2 2 2 4 2 3 4 0 4
0 2 1 4 0 1 3 4 1 4 4 4 2 2 3 2 0 4 1 0 2 1 0 0 3 4 2 3 1 4 3 1 1 1 1 1 2 4 2 0 0 1 4 2 0 2 4 2 4 2 0 3 1 0 3 4 4 2 0 0 1 3 4 4 4 0 3 4 1 0 4 1 4 1 0 1 0 2 4 1 1 4 0 2 4 0 4 0 0 4 3 1 4 2 3 0 4 3 1 2 0 3 0 4 4 0 3 1 4 2 3 3 3 0 2 4 0 1 4 0 2 4 4 3 3 4 1 2 2 2 4 2 0 1 4 1 4 4 3 3 1 3 3 4 3 1 3 3 4 4 1 2 4 2 2 4 1 3 4
3 1 0 2 3 2 3 0 1 2 0 4 0 3 3 1 1 1 4 1 0 1 2 2 2 4 2 1 2 0 0 2 3 1 2 2 3 0 2 4 0 2 0 0 2 0 2 3 1 3 1 4 1 4 3 3 0 0 2 0 1 4 2 4 0 4 3 0 2 2 1 2 4 4 4 3 1 3 1 0 2 3 4 0 4 2 1 1 3 3 1 1 2 4 2 0 0 1 2 2 3 1 4 0 0 4 3 1 4 2 3 3 2 2 4 1 0 0 4 0 3 1 3 2 2 0 4 2 3 2 2 2 3 1 4 0 2 2 3 2 1 2 0 3 4 1 1 1 1 1 3 1 2 1 1 1 2 0 0
0 2 2 4 2 4 3 2 3 3 3 2 4 0 3 0 1 4 1 0 3 2 3 4 1 0 2 2 4 3 3 4 2 0 1 2 1 4 1 2 4 4 4 1 4 4 1 3 1 4 3 1 2 1 0 3 3 3 3 2 3 3 4 0 3 0 2 2 1 4 1 3 0 0 4 0 2 2 0 3 1 3 1 3 1 1 4 0 1 4 4 1 2 3 4 2 0 1 4 4 2 2 2 3 3 3 0 2 0 0 2 3 0 3 2 1 1 3 1 0 2 3 1 4 3 0 1 4 4 3 0 1 0 4 1 0 2 3 4 4 3 1 2 3 4 1 2 3 1 0 3 3 3 4 4 2 2 3 3
1 3 3 4 3 2 1 1 1 1 0 2 0 4 4 0 3 3 4 3 4 0 1 0 3 1 4 2 3 4 0 1 2 0 0 3 4 3 4 2 0 1 4 2 0 4 2 1 4 2 4 3 4 1 3 2 4 0 2 4 4 2 2 2 0 2 0 4 1 1 2 3 4 3 0 0 2 4 3 3 3 4 2 2 2 2 2 1 4 4 2 1 3 4 3 0 4 0 0 2 3 4 0 2 2 2 2 2 1 2 0 2 2 4 4 4 4 3 3 0 4 2 1 0 2 1 0 3 1 2 0 1 3 0 4 3 4 3 2 0 1 4 2 0 1 4 4 0 4 4 0 1 2 4 1 1 0 3 4
4 3 4 0 1 1 4 1 0 3 3 2 1 3 2 1 4 1 2 1 2 2 3 3 4 2 1 0 3 0 1 2 3 0 4 1 1 4 3 3 4 1 0 2 1 2 3 0 0 2 3 3 4 2 3 0 4 0 2 4 2 3 3 2 0 3 3 3 4 3 1 0 0 2 2 1 1 0 4 2 2 2 2 4 1 0 4 3 2 4 2 4 2 3 1 3 3 2 1 2 0 3 2 2 2 4 1 3 1 2 0 0 1 2 1 3 0 1 1 2 0 0 4 4 3 2 2 1 1 1 0 2 1 4 1 3 3 2 3 1 4 1 4 1 3 0 1 0 1 2 0 3 4 4 3 0 3 2 3
0 0 4 4 1 3 0 1 4 0 0 0 4 1 4 2 1 0 3 2 3 2 4 4 2 3 4 2 3 1 0 0 4 1 4 0 0 2 2 4 2 2 1 1 0 3 1 1 0 4 3 3 2 2 4 1 2 3 3 3 2 0 3 1 2 0 1 4 2 0 0 4 4 1 2 4 1 3 1 1 0 1 2 4 1 1 0 0 2 0 3 4 0 4 2 4 4 0 0 3 1 0 4 0 4 1 2 0 2 3 4 4 1 1 3 2 4 3 3 1 0 3 2 0 2 4 2 3 0 2 1 3 0 0 0 4 4 2 1 3 2 0 2 4 3 0 1 3 0 1 1 0 0 1 2 4 0 4 3
2 4 1 2 4 2 3 0 3 2 1 1 0 2 0 4 2 0 0 2 0 2 4 0 4 2 2 3 4 4 1 2 0 3 1 4 2 4 4 2 2 2 0 2 4 0 3 2 0 0 4 2 2 0 4 3 4 3 2 4 4 0 3 4 3 4 0 2 1 4 1 0 2 1 2 3 1 2 2 3 2 4 2 2 1 1 0 1 0 2 0 1 3 3 1 3 4 1 3 0 3 4 0 2 3 4 2 4 1 0 0 4 1 2 3 2 1 3 3 3 3 0 4 3 0 0 3 0 4 1 0 4 3 3 1 1 4 0 2 1 0 4 2 3 2 0 1 0 0 1 3 3 2 2 1 2 0 0 4
4 3 2 0 3 0 1 4 4 1 4 2 4 0 1 2 2 3 0 4 4 2 2 2 1 0 1 0 2 3 0 3 1 4 3 2 4 1 3 0 4 2 0 3 3 1 3 2 2 3 2 1 2 1 0 0 3 3 1 0 1 3 3 0 2 3 2 3 4 0 0 4 0 0 4 0 4 2 4 1 3 3 4 2 0 1 3 3 0 4 1 3 2 1 3 4 0 2 4 1 0 4 0 2 0 2 2 1 4 1 4 4 2 0 2 2 1 0 2 3 4 0 2 3 2 2 4 4 2 3 2 2 2 0 4 4 2 3 2 3 4 1 3 3 3 0 0 0 2 0 3 1 0 2 1 4 0 0 0
2 0 3 1 2 0 2 4 2 0 1 0 1 0 0 0 3 0 0 0 2 2 1 0 0 3 3 4 3 3 2 2 3 2 0 3 2 2 2 4 2 0 1 4 0 2 4 1 4 1 1 2 1 4 4 1 3 3 2 3 3 4 1 2 1 3 2 0 1 4 4 0 1 3 4 4 0 0 0 4 4 3 3 0 3 0 1 1 3 3 1 3 3 4 2 1 3 4 2 4 0 3 4 2 1 1 1 3 3 1 0 2 1 3 2 1 3 0 4 3 4 1 4 4 0 1 2 3 1 4 4 1 0 1 3 3 4 4 2 2 2 2 0 1 2 4 2 1 0 2 1 4 3 0 0 3 2 2 4
0 2 3 1 4 1 2 2 0 1 4 3 1 3 3 4 1 4 1 4 4 3 0 0 3 3 0 4 2 3 3 2 2 3 0 1 0 2 3 0 1 0 0 4 3 0 3 1 0 4 0 4 0 3 0 0 1 2 4 0 0 2 4 2 3 4 0 0 4 1 2 0 3 3 4 3 3 2 0 3 3 0 0 0 3 2 1 1 4 0 3 0 0 2 4 3 2 2 0 1 3 2 3 3 0 2 1 4 1 1 4 1 4 1 2 2 3 3 1 3 3 4 0 0 2 1 0 1 3 0 4 3 3 2 3 3 1 0 4 4 1 1 0 0 2 4 0 1 2 1 1 3 2 1 3 4 4 4 2
0 4 1 0 2 0 4 3 3 4 2 2 2 3 0 0 1 4 2 4 4 0 0 2 2 3 2 2 4 3 1 4 3 3 0 2 0 4 0 4 0 0 1 4 0 3 4 1 3 3 2 4 3 2 3 1 2 0 0 2 4 1 1 4 4 3 1 0 4 4 1 4 1 2 1 1 3 2 0 1 1 2 2 4 0 0 0 4 0 0 1 1 4 0 2 3 3 4 0 3 0 1 4 1 1 2 2 4 0 4 2 1 2 4 0 4 1 3 3 3 0 0 2 4 2 4 0 0 0 2 0 0 1 2 3 4 4 3 0 4 2 2 0 4 3 3 3 1 3 4 4 0 1 1 0 3 1 2 3
1 4 4 4 2 1 2 1 0 2 1 2 0 0 2 1 3 2 0 4 2 1 1 3 2 2 3 0 0 2 3 4 1 4 3 4 2 2 2 0 0 4 2 0 1 1 1 0 4 3 1 1 4 4 1 1 4 4 1 4 1 2 3 0 1 3 1 4 1 3 4 1 4 1 1 1 4 4 3 3 0 1 2 4 1 3 3 2 0 4 1 3 3 2 0 0 0 1 1 3 2 2 4 3 0 2 1 4 2 1 0 4 3 4 3 1 2 1 3 4 3 1 0 3 0 0 0 1 4 1 1 3 0 1 3 0 3 0 2 2 1 2 1 1 1 2 2 0 0 2 2 0 1 2 4 1 4 4 4
0 3 1 3 3 2 4 1 2 4 0 2 2 4 0 4 0 2 3 2 0 3 1 0 4 3 1 0 0 1 0 0 1 3 1 1 0 0 2 4 4 4 1 3 3 4 4 0 1 3 3 3 3 4 4 2 0 0 4 2 3 4 2 4 2 3 1 4 0 0 1 1 0 4 0 0 3 4 1 2 4 1 0 2 2 1 4 4 4 4 1 2 0 4 2 0 4 0 1 0 2 2 3 2 4 3 0 2 0 1 1 4 2 2 2 1 0 3 1 4 4 2 2 2 3 1 2 3 1 0 0 3 3 3 3 4 4 3 1 4 1 3 0 0 2 4 1 2 0 2 2 4 2 1 1 0 2 0 0
0 3 2 0 3 3 0 2 2 3 3 3 1 3 0 1 0 0 3 3 0 2 2 1 4 3 0 2 2 2 4 2 0 2 2 3 0 3 0 4 3 1 4 2 4 4 3 0 1 3 0 1 3 4 0 4 2 0 1 1 2 1 3 3 3 2 1 0 2 4 1 3 0 0 0 4 1 3 1 3 4 3 1 2 2 1 1 1 1 3 2 4 1 2 4 1 0 2 3 2 1 4 0 1 1 2 3 2 3 4 0 2 0 2 4 2 0 2 1 2 2 0 3 3 3 2 1 3 4 4 2 3 3 0 4 4 2 4 4 0 1 1 4 1 0 0 3 1 3 1 3 2 2 3 1 0 0 4 0
1 4 4 4 4 4 1 1 2 0 2 4 1 3 4 4 4 4 3 0 4 1 0 2 3 0 0 0 0 4 2 3 0 2 0 2 3 1 0 0 3 2 2 2 0 3 1 1 2 1 3 4 0 0 1 0 0 3 3 0 2 0 1 0 4 1 2 3 4 2 0 4 4 2 3 1 0 2 3 0 3 1 4 0 2 2 1 4 0 4 0 4 4 3 4 1 4 3 4 0 2 4 4 3 4 3 0 1 0 0 3 0 3 4 3 2 1 4 2 3 3 4 3 4 2 4 0 3 0 1 0 2 1 4 3 2 4 0 3 1 0 2 4 0 1 2 0 0 1 4 3 1 3 3 2 2 0 3 2
0 1 2 4 2 3 2 1 3 2 2 1 4 1 2 2 2 4 2 4 2 1 0 0 1 0 3 0 0 3 2 2 4 4 2 4 4 1 0 4 1 2 1 0 3 3 4 3 0 1 4 4 4 4 0 2 2 0 2 2 3 4 0 2 0 4 3 0 0 4 4 1 3 2 4 4 3 3 4 0 2 0 4 1 2 1 4 4 1 1 1 1 3 3 1 0 2 4 0 0 0 2 1 4 1 0 0 4 1 4 1 3 4 3 1 1 4 2 2 3 1 4 1 4 4 2 4 2 2 2 2 2 4 0 3 2 1 3 4 2 4 0 2 1 3 3 4 0 1 2 0 2 3 1 3 2 4 2 1
3 4 3 2 0 1 1 0 2 1 4 1 3 4 3 4 0 3 0 0 4 4 0 3 2 3 1 0 2 4 1 0 0 2 3 3 3 1 3 2 4 4 0 2 0 0 3 0 3 4 2 0 0 4 3 3 3 0 0 2 1 3 0 3 0 0 1 0 1 1 4 0 2 1 0 3 1 3 3 2 4 3 2 0 4 2 0 2 2 0 0 0 3 2 4 1 2 2 3 3 1 0 0 3 1 0 1 3 1 2 2 2 2 4 4 1 1 4 4 1 1 1 1 2 3 0 0 0 0 3 0 1 3 2 4 2 3 3 2 1 2 4 3 4 3 0 0 1 4 1 2 1 4 1 0 2 3 0 4
3 3 1 4 4 4 1 3 4 4 0 0 3 4 0 2 4 0 2 0 2 4 0 0 3 1 0 3 1 0 4 0 0 1 1 1 2 2 4 1 3 4 1 1 0 3 3 4 4 3 0 1 4 2 1 4 0 3 2 1 3 4 3 0 2 0 2 4 2 1 0 3 3 3 1 3 1 0 3 2 0 0 0 4 4 3 3 4 1 3 2 4 4 1 0 1 3 4 0 2 2 0 0 0 0 2 1 3 4 4 1 1 1 1 0 0 2 0 1 3 0 0 0 4 3 2 0 1 1 0 4 3 2 1 1 4 0 2 3 4 3 4 0 4 2 2 1 1 0 4 0 0 4 0 0 3 4 0 1
0 3 0 0 2 4 1 2 4 0 0 1 3 1 3 4 0 1 2 2 1 1 2 3 3 4 3 3 3 1 4 3 4 2 0 1 1 4 0 2 4 0 3 3 1 2 4 2 0 2 4 1 3 3 4 3 2 0 1 0 1 1 0 2 0 2 0 3 1 1 0 1 3 4 1 0 1 0 4 1 2 0 4 3 3 0 1 0 2 3 2 3 1 4 2 3 1 0 1 3 3 1 1 1 0 2 3 3 4 2 1 2 2 2 2 2 3 3 4 0 3 1 1 1 2 0 4 4 0 0 4 3 4 0 0 1 4 3 0 3 3 3 2 2 1 4 0 1 0 4 3 0 3 1 4 0 2 3 1
2 1 0 3 2 2 0 3 1 0 0 2 3 4 4 3 2 1 3 3 3 4 3 0 2 0 4 0 2 0 1 1 3 2 4 2 1 1 0 3 2 1 2 0 2 3 0 4 1 3 4 4 0 2 2 2 2 3 2 1 0 1 3 3 3 4 0 1 3 3 4 0 1 3 2 3 2 3 4 3 3 0 0 3 4 2 1 4 0 0 0 1 3 0 1 1 2 4 0 0 2 4 0 0 3 4 0 2 2 4 0 1 1 0 4 0 2 2 1 0 0 2 3 3 4 1 2 1 0 2 3 4 3 3 4 3 3 4 0 2 0 1 3 3 1 0 1 1 2 2 3 2 4 1 3 1 2 0 2
0 2 1 4 2 1 1 1 1 2 1 4 0 2 4 3 1 4 4 4 4 2 2 3 3 0 1 4 2 1 4 4 0 2 1 0 3 2 1 2 1 2 1 1 2 0 2 3 0 1 2 4 0 1 2 1 1 1 0 0 4 1 0 2 3 1 2 4 0 3 1 3 2 2 0 4 4 4 4 1 2 3 2 3 4 2 4 0 3 1 3 2 3 3 1 3 1 3 2 1 3 3 1 1 2 1 0 2 2 0 3 0 3 3 0 0 0 1 2 0 2 0 2 2 0 1 1 1 4 3 4 3 4 1 4 1 4 1 0 2 1 1 4 2 4 4 2 1 0 4 1 4 2 0 2 2 1 3 1
1 3 0 1 2 1 2 1 3 3 1 2 2 4 1 4 3 0 3 1 2 4 2 1 3 3 3 1 4 3 2 2 4 4 0 3 3 2 4 1 3 3 3 0 4 4 1 3 1 4 1 0 0 4 1 4 2 2 2 3 0 4 3 4 3 3 3 1 3 4 4 1 4 2 1 4 3 4 4 1 0 0 1 0 4 0 1 3 2 3 4 2 4 2 4 0 2 4 3 0 3 3 1 0 2 4 4 3 3 0 4 0 0 3 1 2 3 4 2 0 3 1 4 2 3 0 2 3 4 1 3 0 1 2 0 3 3 1 1 4 1 3 4 1 3 2 0 3 2 3 0 0 4 4 4 0 0 4 3
1 2 3 1 3 0 1 1 1 2 0 0 0 0 1 2 3 4 4 3 1 2 3 3 4 4 4 4 1 3 4 3 0 2 1 0 0 3 4 1 2 4 1 3 1 4 2 1 3 1 4 1 1 4 4 0 3 1 4 2 4 0 2 2 2 3 2 2 3 1 3 1 2 1 1 0 1 3 1 1 1 2 3 2 1 4 4 2 0 3 4 2 3 1 4 3 4 3 0 3 2 1 1 4 2 2 2 0 2 3 2 0 1 0 3 4 1 2 3 2 3 2 1 3 0 0 1 2 3 4 2 2 0 3 2 4 2 4 0 1 4 4 1 2 1 1 4 2 4 2 1 4 0 2 4 2 4 1 4
0 2 3 2 4 3 1 3 0 2 0 3 2 1 0 1 2 1 0 2 2 3 0 3 0 0 3 2 4 1 4 1 3 2 4 2 1 2 2 3 0 3 4 4 4 4 0 4 2 3 1 2 1 3 0 1 3 3 0 3 4 1 1 2 4 0 1 2 0 4 2 0 4 1 1 0 2 1 1 2 4 2 4 2 1 4 0 1 3 3 4 4 4 1 4 0 3 0 4 3 1 2 0 2 0 1 3 0 0 4 2 1 4 3 4 2 2 1 3 2 4 0 2 1 3 3 1 3 0 1 4 2 0 4 1 2 3 4 2 3 1 1 1 2 4 2 1 4 4 1 1 0 1 0 1 1 0 3 0
1 1 4 0 3 0 1 0 3 1 0 3 4 3 2 3 3 4 4 4 3 0 2 1 2 0 2 0 0 2 0 1 3 1 1 1 2 3 4 2 1 4 3 2 2 0 0 2 4 4 1 0 4 4 1 3 4 3 4 4 1 1 3 1 3 1 3 2 1 2 4 4 3 4 1 2 4 1 0 4 2 3 4 4 2 0 2 3 0 3 0 1 2 3 3 2 4 3 4 1 2 0 0 0 0 4 4 4 2 4 0 0 3 4 4 2 1 3 1 2 4 1 0 3 1 0 0 2 3 4 0 2 1 3 4 1 2 4 3 4 3 3 1 3 0 2 3 3 3 4 2 4 2 3 2 3 0 2 0
1 3 1 3 4 4 3 3 3 2 1 4 2 1 1 1 1 3 4 0 3 0 2 2 4 2 4 4 3 1 1 4 1 4 4 1 3 2 4 3 1 2 3 4 3 4 2 0 4 1 2 3 3 1 2 4 4 2 3 4 0 4 0 2 4 4 3 4 4 4 3 0 1 3 4 4 2 1 1 3 4 3 3 4 0 1 3 1 3 1 0 0 1 2 2 2 3 2 1 2 1 4 0 4 2 1 4 1 3 0 2 4 1 0 4 3 1 4 4 1 3 1 2 4 3 1 1 3 4 4 3 2 1 3 4 0 4 3 4 4 0 1 1 3 1 2 1 0 1 0 3 4 3 2 0 3 4 3 2
0 0 0 4 1 0 3 1 1 3 0 3 1 3 4 4 2 3 3 4 4 0 2 1 4 0 3 2 4 2 1 4 4 3 0 0 3 4 3 2 2 1 0 3 4 1 3 1 4 3 2 0 3 0 1 2 0 2 2 1 1 3 2 0 2 2 0 2 1 3 4 1 1 1 4 1 2 4 4 3 2 2 4 1 2 2 0 4 4 2 2 0 1 4 0 0 3 2 2 0 1 4 3 2 0 2 0 0 4 0 3 1 4 4 4 3 2 0 2 1 2 1 2 0 0 4 0 3 2 3 0 0 4 3 4 4 3 0 1 2 2 0 0 3 4 0 1 3 2 0 0 4 1 4 2 3 3 2 3
2 2 4 2 1 4 2 3 2 4 4 1 3 1 2 3 3 2 4 1 4 1 1 0 4 2 2 2 3 2 0 0 4 1 3 1 1 2 4 0 3 0 4 3 2 1 1 0 0 2 1 1 3 0 3 2 4 1 1 2 3 1 3 4 3 3 2 1 2 1 3 2 4 2 0 1 0 3 1 0 0 4 1 3 1 0 2 1 3 3 3 3 1 3 2 1 3 2 4 0 0 3 4 4 2 4 0 3 4 3 0 4 3 4 4 4 4 3 2 4 1 1 2 3 1 1 1 0 3 1 0 4 4 0 0 3 1 1 3 3 4 4 2 4 3 4 1 4 2 3 3 1 1 2 1 3 0 2 3
1 3 0 2 4 2 2 3 1 3 3 4 0 4 3 1 2 2 2 3 0 3 3 3 4 0 4 2 3 1 2 4 0 0 1 4 2 3 4 0 4 3 4 1 2 0 2 2 2 0 2 4 3 1 2 4 3 1 4 1 0 1 0 0 3 1 1 3 2 1 3 3 1 0 4 0 0 1 4 4 3 2 1 3 3 3 3 1 2 2 0 2 0 0 4 4 4 0 2 1 3 2 4 1 2 0 2 4 1 1 4 0 0 0 3 3 0 3 2 4 0 2 3 1 4 2 2 3 0 1 1 0 3 2 2 1 2 4 2 1 2 1 1 3 3 1 3 4 0 2 0 2 1 4 0 1 3 2 4
0 3 3 1 4 0 3 2 0 4 4 1 3 1 2 1 1 0 2 0 2 4 3 0 3 2 0 4 0 0 0 1 0 3 4 4 1 2 1 1 1 1 2 1 4 1 3 0 1 2 3 4 3 1 4 1 3 1 0 0 1 1 3 2 1 2 3 2 1 0 3 4 3 2 1 2 3 4 2 2 3 0 1 1 3 2 3 1 0 0 4 2 3 2 1 0 2 4 4 3 1 3 3 4 0 4 1 1 0 1 3 3 3 1 4 2 3 4 0 3 2 4 2 0 2 0 2 4 0 2 4 1 2 2 1 2 1 4 0 1 2 3 1 1 4 3 3 4 2 3 0 4 0 4 2 2 0 4 3
0 1 2 3 3 2 1 3 3 3 0 2 0 4 3 1 0 1 1 0 1 0 0 2 0 1 4 4 1 1 4 3 2 3 2 3 0 0 3 4 3 3 3 4 4 1 0 0 0 2 2 1 4 4 3 1 0 0 0 2 1 1 0 0 4 4 0 0 0 0 1 3 4 4 2 0 0 0 0 0 2 2 3 3 1 4 4 2 4 4 1 2 2 1 2 1 1 0 1 3 0 2 1 1 3 4 2 4 1 2 1 3 2 0 1 3 4 0 2 0 1 3 2 3 2 1 1 3 1 3 1 4 2 4 0 3 0 2 4 1 2 0 1 4 2 2 2 3 4 2 0 2 0 2 2 4 1 4 2
4 4 0 3 3 2 1 1 2 3 0 4 0 3 0 4 0 0 4 1 1 3 1 4 0 1 1 0 4 2 4 3 1 0 4 0 4 0 1 1 3 4 2 1 2 0 2 4 0 3 0 3 1 4 2 2 2 1 2 1 3 1 4 2 3 0 2 2 0 0 1 1 1 3 2 3 3 4 0 0 3 2 1 1 3 3 3 0 1 2 1 2 4 3 4 4 3 3 2 4 0 3 0 4 3 4 2 4 0 4 1 0 2 2 2 0 3 2 1 4 0 4 3 1 4 2 0 3 2 2 4 0 2 1 4 1 0 3 0 2 3 1 3 2 4 0 2 2 4 0 3 4 0 2 0 1 1 1 4
1 3 0 1 3 1 0 4 3 0 4 1 3 2 1 0 3 3 0 2 2 0 1 2 2 0 2 4 1 0 0 2 1 1 0 4 4 2 3 0 3 4 3 3 3 4 4 2 2 1 4 4 1 2 3 1 2 3 0 4 3 2 3 4 3 4 0 0 1 3 0 1 4 3 0 3 4 1 2 1 2 3 2 0 1 1 1 3 4 3 4 4 1 3 4 1 4 4 1 0 0 3 4 1 3 4 1 2 0 3 0 4 2 0 4 0 1 3 3 2 1 3 1 4 3 2 3 2 4 4 4 4 0 3 2 3 2 4 3 4 4 3 3 3 3 0 3 1 3 2 3 1 0 2 3 3 4 1 2
3 2 1 4 2 0 2 1 4 3 4 4 2 4 4 1 3 1 4 4 1 1 0 3 3 2 3 3 3 4 0 2 1 2 1 4 4 0 2 3 3 1 4 1 2 1 4 0 2 3 2 1 0 4 1 0 1 4 4 1 0 1 3 1 0 2 2 4 4 4 0 3 2 1 1 0 2 0 2 2 3 1 3 0 0 4 3 3 0 4 0 0 0 0 3 1 2 1 2 2 2 4 2 2 1 3 4 0 3 3 4 3 0 2 1 2 3 4 1 0 3 1 0 3 1 4 1 1 2 1 0 1 0 2 3 3 0 4 4 0 3 3 0 0 3 1 2 3 0 3 4 3 1 1 4 0 2 2 3
4 3 3 1 1 0 1 1 2 3 0 4 1 1 4 1 1 1 0 4 1 4 0 2 2 2 1 4 1 0 2 1 1 0 4 4 2 2 0 4 0 3 3 3 4 0 1 2 1 2 1 4 3 4 1 0 3 4 2 4 2 4 2 3 2 1 2 4 4 2 1 1 2 1 0 3 3 1 0 4 3 4 1 1 3 2 4 1 4 1 2 3 2 0 1 4 1 0 1 2 4 4 4 2 2 1 0 1 2 1 2 1 0 3 4 3 3 0 1 4 1 0 2 4 0 3 0 4 3 1 3 2 2 4 1 0 0 2 1 3 3 3 1 0 4 2 0 2 3 1 1 4 3 3 0 4 3 1 3
1 4 1 0 2 3 2 2 3 1 0 1 4 0 4 4 4 2 1 1 0 4 4 4 2 2 2 1 0 3 1 3 2 0 1 4 3 3 3 1 1 3 0 0 1 4 1 0 3 2 4 3 1 3 0 0 3 2 2 3 2 0 4 4 2 0 1 0 0 4 4 1 0 1 3 1 0 4 3 4 3 4 4 1 0 4 1 3 3 0 3 0 3 2 2 0 4 3 3 4 4 2 0 1 3 3 4 0 4 0 1 4 4 3 2 1 4 1 4 3 1 0 0 1 2 2 2 2 2 0 3 4 4 4 0 4 4 2 1 4 2 3 0 3 3 3 0 2 4 4 0 2 1 3 4 4 0 3 3
0 0 3 1 4 2 3 0 4 0 1 3 4 1 0 3 4 3 3 2 2 4 4 2 1 2 1 2 0 4 2 2 1 0 3 2 0 1 2 4 2 0 4 3 2 4 1 3 3 1 2 2 1 4 4 4 3 2 3 0 3 2 2 4 2 2 1 4 4 3 3 3 1 4 1 3 4 0 3 4 1 3 1 2 2 3 3 0 0 3 1 1 0 0 0 0 3 4 4 2 4 0 2 0 4 3 0 0 0 4 4 2 2 3 1 1 1 0 1 3 3 4 4 4 0 2 1 3 1 0 2 0 0 1 3 2 1 3 2 2 2 4 4 1 2 0 2 0 2 1 0 1 0 2 2 2 4 3 2
2 0 1 4 3 2 2 0 4 1 4 1 0 3 2 2 2 2 1 2 0 2 0 3 0 2 0 2 3 0 2 0 0 3 1 0 3 4 0 2 0 2 0 0 0 2 4 0 1 1 4 1 0 4 4 0 1 1 3 4 3 2 1 1 0 3 1 3 2 4 2 4 1 4 1 3 1 3 3 0 4 3 1 4 2 3 2 1 1 2 2 0 4 4 3 1 4 4 0 3 3 4 2 4 4 0 0 2 3 3 2 4 3 1 1 1 1 3 4 2 0 1 4 1 2 2 2 1 2 4 4 2 4 3 4 0 1 4 4 1 2 4 1 3 0 4 4 1 4 0 3 1 1 0 2 4 2 4 2
1 4 2 1 0 2 0 2 3 1 1 2 0 0 3 3 2 4 4 3 3 4 4 4 1 4 3 2 3 2 4 2 3 3 3 0 3 0 2 3 1 1 0 1 3 0 0 1 4 4 4 4 4 0 0 2 4 3 4 0 3 0 2 1 1 2 2 4 2 1 2 3 4 3 4 3 3 1 4 0 1 0 4 2 1 0 4 2 3 0 2 1 0 1 0 1 3 4 0 2 2 0 0 2 3 2 0 3 0 4 3 1 4 3 0 2 0 4 0 0 4 4 2 2 3 4 3 3 0 1 1 2 3 3 4 1 0 4 1 1 0 2 4 2 0 0 4 2 1 1 2 3 3 1 0 1 0 0 4
2 3 0 0 1 4 4 4 1 1 1 4 1 3 1 0 0 3 0 4 4 3 1 2 3 0 4 4 2 0 1 0 0 3 0 2 4 1 1 1 2 4 2 1 4 3 1 1 3 3 0 3 2 4 2 0 4 2 2 1 4 0 1 4 3 3 3 3 0 0 1 2 1 3 3 3 4 0 4 4 0 2 2 2 1 2 0 2 1 4 3 0 4 2 1 2 0 0 2 0 2 3 3 0 4 3 3 0 0 0 4 1 2 4 0 0 1 2 2 2 1 0 4 0 2 2 0 3 4 2 0 1 3 3 4 4 4 2 4 4 2 0 2 1 4 3 1 2 0 3 1 4 4 2 1 3 0 1 3
4 1 4 3 4 4 2 3 3 1 4 0 1 4 2 2 4 0 4 1 3 4 3 2 3 0 0 4 2 2 2 4 3 3 4 4 3 3 4 3 4 3 3 2 2 1 0 3 3 1 0 1 0 0 0 1 2 1 2 2 0 1 1 0 0 0 4 0 3 3 3 4 3 2 2 0 0 4 4 3 2 1 2 4 3 2 2 0 0 4 4 2 3 0 2 0 2 3 0 2 3 0 4 1 2 3 4 2 2 3 3 1 1 0 2 4 4 0 1 2 1 1 4 1 3 4 1 3 2 1 0 3 2 4 1 1 2 0 1 1 0 4 4 1 1 2 0 0 4 4 2 2 0 4 4 0 3 0 3
2 4 1 0 3 2 2 1 0 2 2 3 3 3 0 1 1 4 2 2 3 1 1 2 3 0 1 3 0 4 4 3 3 0 3 3 2 2 4 4 2 4 0 2 4 0 3 1 1 2 0 4 3 3 3 3 1 0 4 1 1 3 4 1 3 0 4 2 2 0 2 4 4 4 1 1 4 0 4 0 4 4 1 0 4 4 3 0 1 2 2 2 2 3 3 2 3 4 0 1 0 4 2 1 3 4 4 4 1 3 1 0 4 2 2 4 3 1 4 2 0 3 4 0 2 0 2 0 1 4 3 3 3 1 0 3 2 4 2 3 0 3 0 4 2 3 3 1 1 0 3 3 3 4 3 0 1 1 3
3 2 1 1 3 2 3 1 4 0 4 4 0 4 2 4 2 0 3 0 3 3 3 1 3 4 2 4 1 0 2 1 2 0 2 0 3 3 2 4 3 3 4 3 4 1 4 1 3 4 1 3 4 1 4 3 3 1 4 4 3 3 2 1 3 1 3 3 4 2 3 2 0 2 2 2 0 4 3 3 3 2 3 3 0 2 3 3 1 2 4 4 0 1 2 0 3 1 4 2 3 2 2 1 1 1 3 1 2 3 1 1 2 4 1 3 3 4 3 1 3 3 3 3 1 0 0 4 3 4 4 4 1 3 2 2 1 0 0 4 0 1 0 3 0 3 3 4 2 1 2 2 4 0 2 1 1 2 2
1 2 1 0 3 1 2 3 3 4 3 2 2 2 4 0 2 2 3 3 1 4 1 3 1 3 0 4 4 4 1 3 1 0 3 2 1 3 0 4 4 0 3 1 2 2 3 2 1 3 2 4 0 0 4 1 4 1 0 3 1 3 3 2 3 2 4 0 2 1 1 1 2 0 0 1 4 3 3 3 2 1 2 4 1 2 0 2 3 2 1 4 0 4 4 1 3 3 1 2 2 4 4 1 1 4 2 1 4 3 1 3 1 3 2 4 2 4 2 3 3 0 2 4 1 3 2 2 2 3 4 1 4 3 2 1 4 4 2 4 4 0 4 0 3 2 2 3 1 4 1 0 4 0 1 0 4 3 2
3 3 2 4 2 2 1 0 4 2 4 0 2 4 4 4 3 1 1 1 0 0 4 2 1 4 0 4 3 0 3 1 3 2 2 2 0 3 3 1 3 4 1 0 4 0 1 4 4 3 2 1 0 1 3 2 0 3 3 1 3 1 4 3 4 2 2 1 2 2 2 0 2 3 0 1 3 4 0 4 2 2 0 4 3 3 3 0 3 1 1 3 3 3 1 2 0 4 3 2 1 2 3 0 0 0 1 0 4 3 0 3 2 2 3 2 3 1 3 1 3 1 0 3 4 1 2 1 2 2 4 1 4 4 1 4 4 0 4 1 0 1 4 3 1 4 0 4 3 0 0 3 2 2 1 3 1 3 0
3 2 4 1 1 0 0 0 4 2 1 0 2 0 2 0 1 3 3 0 1 3 2 4 2 0 2 3 1 2 3 1 4 4 3 0 4 0 2 0 2 4 3 4 1 2 2 2 0 2 4 2 2 1 3 2 1 3 0 4 0 0 1 2 1 1 2 0 3 2 2 0 3 0 1 4 2 0 3 3 4 2 2 2 3 0 1 2 0 1 3 1 3 1 0 4 4 2 4 2 1 3 4 4 4 1 3 1 3 1 1 3 0 3 2 1 1 3 3 1 4 3 4 2 0 4 3 1 4 2 4 0 0 0 0 1 3 0 0 2 2 1 0 2 2 2 3 0 2 3 1 1 4 3 0 1 4 3 2
0 2 3 1 4 4 3 3 2 0 3 1 4 4 3 4 3 0 4 3 4 0 2 0 4 2 2 0 1 2 4 2 1 3 0 3 4 0 1 3 0 4 0 0 0 3 1 1 1 0 4 0 0 1 3 1 0 2 3 2 0 3 1 3 3 1 1 2 3 4 2 3 3 2 0 1 1 3 2 4 4 3 4 1 2 4 3 2 2 1 4 4 4 2 2 4 3 1 3 3 0 1 2 1 0 4 4 3 3 1 2 4 1 4 0 3 3 0 3 0 2 4 4 3 2 4 3 0 0 1 1 0 4 3 1 0 4 0 3 4 3 1 0 2 2 1 0 0 1 0 1 0 0 2 4 2 1 4 4
1 2 0 2 2 0 0 2 2 3 2 1 1 0 4 0 2 0 1 3 3 1 1 1 3 3 0 0 0 4 0 3 3 0 0 0 3 3 4 0 1 2 3 4 4 2 0 2 4 3 2 0 1 3 1 0 3 3 0 0 4 2 4 2 0 4 3 3 4 2 3 0 1 1 2 3 1 2 0 0 2 4 0 3 4 1 3 2 4 1 3 3 3 2 3 0 3 1 3 3 0 3 0 4 2 2 2 3 1 4 0 3 0 1 2 4 4 2 3 1 0 1 1 4 0 4 1 1 0 2 1 3 0 1 2 4 1 1 4 2 0 0 1 0 1 0 1 2 2 4 3 3 3 0 4 0 4 2 1
2 4 2 0 0 1 4 1 2 0 1 4 2 1 0 4 4 2 2 1 0 1 0 0 1 0 1 2 1 3 0 3 3 3 0 0 4 4 1 1 1 4 2 0 2 0 1 1 2 3 0 4 2 2 1 3 4 2 2 0 3 3 4 3 3 4 3 4 1 1 2 2 3 4 0 0 4 1 4 4 2 4 3 4 3 2 4 2 1 2 2 4 2 3 4 0 0 4 4 1 1 1 0 1 2 0 1 4 4 2 3 1 1 3 2 4 0 1 3 2 0 1 3 4 4 3 1 4 2 0 2 0 3 3 3 3 0 0 2 4 4 0 2 3 0 4 4 3 3 3 2 3 4 0 0 0 0 1 2
0 2 1 2 2 4 1 0 2 3 4 1 2 1 4 0 2 0 0 0 3 3 4 2 4 1 4 1 2 0 0 4 4 2 3 2 3 4 4 0 4 4 4 2 2 3 4 4 0 1 1 4 4 0 3 0 2 2 4 1 2 4 0 2 1 3 1 2 0 2 2 4 3 1 3 1 1 3 0 2 4 4 1 1 4 1 3 3 3 2 4 0 2 1 4 0 0 2 2 2 0 2 1 3 0 2 1 4 2 4 1 1 3 4 4 4 0 3 3 0 2 2 0 4 4 2 2 1 4 1 3 4 3 1 0 1 3 3 0 0 2 3 4 2 2 0 2 4 0 0 1 3 4 1 4 3 0 1 1
0 0 4 1 3 3 3 1 3 4 1 1 1 4 2 1 3 2 3 4 3 0 0 1 4 4 0 0 4 4 1 1 4 3 0 4 1 3 1 1 2 2 4 1 4 1 2 2 4 2 2 4 2 2 2 3 1 4 3 3 3 2 4 4 0 4 1 3 0 4 4 4 3 4 0 2 2 4 0 3 3 4 2 0 3 1 1 0 1 4 0 1 1 4 1 3 1 4 1 1 3 3 0 1 4 3 4 1 4 1 0 3 0 4 0 3 1 1 0 2 3 2 3 1 2 1 0 0 0 1 1 3 1 3 2 0 3 1 2 3 2 4 3 4 3 0 4 1 4 2 3 2 4 4 3 3 2 0 3
0 4 1 0 0 0 2 1 0 3 0 0 2 1 3 3 1 4 0 3 3 2 1 2 3 2 2 2 0 3 2 0 2 4 0 4 1 0 2 1 0 4 2 0 0 2 3 2 3 3 0 1 2 3 0 1 1 3 0 3 3 2 0 2 1 2 3 2 2 1 1 3 0 3 3 3 0 3 2 1 4 2 4 3 2 0 4 0 0 1 3 3 4 0 2 2 3 0 2 0 3 3 0 4 3 0 4 0 4 1 1 3 0 1 3 4 3 3 0 3 1 0 3 2 1 0 0 4 2 4 1 1 4 2 2 4 2 3 1 3 4 3 3 1 1 2 0 4 2 0 4 3 3 2 1 4 4 3 3
3 4 4 4 3 3 3 4 1 1 0 1 2 3 0 3 1 2 1 2 4 1 1 2 4 3 0 0 4 3 3 3 2 0 4 2 0 0 1 3 1 2 0 1 2 0 4 4 2 0 3 1 4 0 0 0 0 1 1 0 4 1 0 4 3 1 3 4 1 0 2 0 4 2 1 3 2 2 4 1 0 3 2 1 3 3 1 3 1 4 0 0 1 2 1 4 1 2 0 4 4 3 1 3 2 4 3 2 2 3 3 4 3 3 0 1 1 1 1 2 1 4 4 4 3 3 0 4 0 1 4 4 1 0 4 0 0 2 2 4 2 1 3 0 4 3 3 2 1 0 1 4 1 2 3 4 2 1 4
2 4 0 3 2 2 2 2 4 2 0 3 4 3 3 2 2 3 0 1 0 2 2 4 0 1 0 0 4 1 1 3 2 3 2 4 0 1 1 0 3 1 0 0 4 1 4 3 4 1 1 4 4 3 1 4 2 1 1 1 4 2 4 1 0 3 0 3 0 1 0 0 0 2 2 1 3 1 2 3 3 3 4 4 4 0 0 1 3 2 4 2 1 3 0 2 4 0 2 4 4 2 1 1 1 4 2 0 2 1 0 2 0 1 1 4 4 2 2 2 1 1 2 2 1 2 1 0 0 3 1 1 2 3 2 4 2 1 1 1 3 3 4 3 4 0 4 0 4 1 3 0 2 2 3 3 1 4 4
1 0 0 4 2 0 1 3 4 0 1 1 3 4 0 3 1 2 2 1 4 0 4 1 2 3 4 2 0 1 1 3 3 4 0 0 4 1 1 1 1 2 2 1 2 4 4 3 3 3 4 2 3 1 4 0 1 0 3 3 3 1 4 1 2 4 4 4 0 0 0 4 4 2 2 3 3 2 3 1 0 3 1 1 1 2 1 4 4 1 3 3 0 2 4 4 1 3 3 3 0 3 4 0 2 2 3 2 1 2 1 1 2 2 4 0 4 3 4 3 1 4 3 1 1 3 1 4 3 1 0 1 2 4 1 1 3 1 4 4 0 0 3 4 4 2 4 0 0 1 0 2 2 4 0 1 4 3 0
2 2 2 0 4 4 1 2 2 0 1 2 0 3 2 0 2 4 1 2 2 4 0 1 2 4 3 3 0 2 0 4 4 0 0 0 4 3 2 1 3 4 0 1 4 4 3 4 1 4 1 0 1 3 1 0 4 4 3 4 1 0 4 2 0 4 2 1 2 0 0 3 1 2 4 0 2 2 4 3 3 3 3 4 3 1 4 3 0 4 2 4 2 1 3 2 2 1 4 0 3 1 3 4 3 4 1 0 1 3 0 4 3 3 1 1 4 0 4 2 2 2 3 4 0 1 1 3 2 2 0 2 3 0 3 4 4 0 4 0 0 0 1 3 0 2 1 2 3 1 4 0 0 2 4 0 3 2 3
3 2 0 0 2 0 4 1 4 1 3 4 1 3 3 1 3 0 2 2 0 0 1 2 0 0 3 1 4 1 1 2 0 2 4 4 2 3 3 4 1 1 0 4 1 3 0 1 4 0 4 4 0 2 2 1 3 0 2 2 3 0 1 0 4 0 0 2 1 0 3 4 1 3 4 4 2 1 0 1 1 1 0 2 4 4 3 2 0 2 4 0 2 2 1 2 4 1 1 2 1 1 2 4 4 1 3 1 4 0 4 1 2 2 3 1 1 1 3 3 0 2 4 2 1 0 1 0 3 4 3 1 2 2 2 2 0 0 3 4 2 0 0 4 2 3 0 3 1 3 2 1 2 3 1 0 3 4 1
3 1 1 4 3 3 1 0 3 3 1 2 0 1 3 2 3 3 2 3 0 3 0 3 2 3 4 3 3 4 1 1 0 2 2 0 0 0 1 0 0 4 2 3 2 2 0 0 1 4 0 3 4 1 1 2 1 3 2 2 2 3 3 4 2 3 4 4 0 2 4 1 3 3 1 0 1 1 2 4 2 3 4 2 1 2 1 4 0 0 1 2 0 2 3 2 0 0 1 0 2 2 3 1 0 4 3 3 2 3 4 0 1 0 2 4 3 0 3 3 0 0 3 0 2 1 4 4 1 2 1 1 4 0 4 1 1 4 0 4 2 1 4 3 2 3 2 0 3 3 0 0 3 3 2 2 2 1 1
0 3 4 1 4 4 2 0 1 2 2 0 4 4 1 3 1 4 2 3 4 2 3 1 0 4 3 4 1 4 2 1 4 2 0 3 1 2 3 4 4 1 1 1 2 2 1 3 3 0 3 4 3 3 0 3 2 0 0 0 4 2 4 0 4 1 3 1 3 4 2 0 2 4 1 4 3 4 4 2 4 2 3 2 2 4 1 2 4 1 4 1 0 3 1 0 4 2 3 0 3 0 2 0 1 0 4 0 4 0 2 3 4 0 1 1 1 4 0 3 2 0 4 2 0 2 2 0 1 0 2 4 3 4 1 4 4 2 4 3 2 3 3 1 1 4 0 4 0 0 2 2 0 3 2 1 1 4 3
4 2 0 1 0 1 2 1 2 0 1 0 4 1 0 3 2 0 3 2 0 3 4 0 1 3 2 2 1 3 2 2 0 2 3 2 0 1 4 2 3 2 4 4 3 4 2 1 1 0 0 4 1 1 4 2 1 3 1 2 1 3 0 4 2 0 1 2 3 2 4 3 4 0 3 3 4 0 1 1 1 3 0 2 4 1 1 1 4 2 0 2 0 2 1 2 3 3 4 1 2 0 0 2 0 3 2 1 0 0 4 3 3 1 2 4 2 3 0 3 0 1 1 2 3 2 4 3 2 0 0 0 2 2 4 4 2 3 1 2 0 0 3 0 2 0 4 1 4 0 0 1 3 1 4 3 0 0 2
3 1 4 0 0 3 4 0 0 4 1 4 4 3 2 4 2 3 0 4 4 2 4 2 0 2 1 4 2 4 3 0 2 4 0 2 2 1 4 4 2 2 3 1 1 3 2 3 3 3 2 4 0 3 1 3 0 0 4 0 4 2 0 1 3 3 0 0 1 0 1 4 2 4 2 0 4 0 4 2 0 3 3 2 4 0 0 4 0 1 4 1 3 2 4 3 2 4 3 3 4 4 4 4 1 2 4 2 4 0 2 1 4 0 3 3 0 1 4 2 2 1 0 3 0 4 1 2 4 2 2 0 3 2 4 4 1 1 4 0 1 1 1 2 1 1 2 4 2 4 3 2 0 4 0 2 3 1 4
4 0 3 0 4 2 1 0 3 2 4 0 1 2 3 3 4 0 3 0 4 2 3 1 4 4 1 1 3 0 2 4 0 0 1 4 3 3 0 3 2 1 4 0 4 2 1 0 2 4 0 2 1 0 0 2 2 2 3 2 2 2 1 4 4 3 4 2 1 1 3 0 4 2 1 3 1 2 0 4 3 0 3 1 3 3 3 0 2 3 2 4 0 3 1 4 3 0 4 1 3 2 2 2 1 0 3 2 4 3 3 2 1 3 3 4 2 1 1 1 1 3 3 3 3 4 4 4 4 3 0 4 2 2 1 0 4 1 3 3 0 3 0 1 2 0 2 1 3 3 2 4 3 0 2 3 1 2 2
2 2 3 1 2 2 0 2 2 1 2 0 1 3 3 2 0 3 4 3 2 4 2 3 2 0 1 3 1 0 0 4 2 0 0 4 3 0 4 0 2 3 2 0 1 2 0 3 3 1 1 0 1 4 0 0 4 1 3 0 1 4 4 1 4 2 2 2 4 1 4 1 2 4 4 3 3 4 2 1 0 3 3 1 4 4 2 3 0 0 1 4 1 0 2 3 4 4 2 4 3 4 2 0 3 1 3 1 0 2 0 1 3 3 4 2 2 3 3 0 1 4 1 2 1 3 0 1 4 3 2 2 4 4 4 2 1 3 0 3 2 2 1 0 1 3 0 0 1 3 0 2 2 1 2 3 1 4 1
1 4 3 0 3 0 0 0 1 0 3 1 2 0 3 0 3 1 0 4 4 3 4 2 2 3 4 0 1 3 4 4 3 4 0 1 4 0 4 2 0 4 4 4 1 4 4 0 2 4 1 1 4 0 3 1 0 4 4 4 0 3 3 0 2 0 3 4 0 4 1 2 3 0 4 2 1 3 2 3 0 3 0 4 0 0 1 3 2 0 4 2 0 2 4 4 0 2 0 0 2 2 0 2 4 4 4 1 2 3 4 4 3 1 4 1 2 2 1 1 4 0 0 1 4 4 0 4 3 1 2 2 0 2 0 4 3 1 0 2 2 2 2 0 3 1 1 2 0 2 3 4 4 3 0 4 4 2 3
3 0 0 0 0 4 2 0 2 1 2 0 3 4 2 3 0 0 2 2 0 1 3 1 1 1 1 2 3 0 0 3 1 3 3 1 2 3 3 0 4 3 2 2 2 4 2 2 1 1 2 3 3 0 4 1 3 0 3 1 2 3 4 3 3 0 2 1 0 2 3 1 0 2 3 0 3 2 4 4 4 1 2 4 1 1 0 2 3 3 0 2 3 0 1 2 2 0 0 4 2 0 0 0 2 3 0 2 2 4 1 1 1 0 0 4 3 2 3 3 0 4 0 4 1 3 3 3 3 0 2 3 0 2 3 4 2 3 3 1 2 4 3 0 1 0 2 1 0 0 4 0 1 1 1 2 0 1 0
0 1 4 3 3 3 1 4 2 1 2 4 1 3 4 3 4 1 0 2 1 3 1 2 4 0 0 2 0 4 4 2 0 1 1 1 4 4 0 2 1 3 1 4 1 0 2 3 3 0 0 0 0 4 4 1 4 4 0 1 3 2 3 1 3 1 2 4 1 2 1 4 2 4 0 1 1 4 1 0 4 3 2 1 4 1 3 3 2 3 1 3 0 2 4 0 3 3 0 1 2 3 2 0 0 2 3 3 2 4 0 3 4 2 0 4 3 3 2 3 3 1 1 1 3 2 1 3 0 1 0 4 2 2 1 2 2 4 0 1 0 1 4 0 0 1 4 4 1 3 2 0 4 0 1 4 2 4 3
4 3 3 3 0 2 0 2 1 1 4 2 2 2 4 4 3 2 3 4 4 3 3 1 0 3 2 4 2 3 2 3 1 2 1 3 2 3 2 3 2 2 3 1 1 4 0 4 1 0 0 0 3 3 1 3 3 0 0 0 4 2 3 2 2 2 1 4 2 3 4 4 2 2 2 4 1 4 0 3 4 1 0 0 4 2 0 3 4 0 0 0 0 1 3 2 0 1 3 2 1 2 4 4 0 1 0 3 3 0 3 2 1 4 2 3 3 0 3 4 0 0 0 0 1 0 4 1 1 2 1 4 0 0 3 2 3 3 0 1 1 1 1 2 2 0 2 2 0 0 1 3 3 3 0 4 3 0 3
1 2 4 1 4 1 1 1 1 0 4 0 1 0 3 0 4 3 3 1 1 0 4 4 3 3 1 0 1 1 3 0 1 4 3 0 0 4 4 3 1 3 3 2 0 1 0 4 2 0 2 0 2 1 4 1 4 0 3 3 4 1 0 0 0 3 2 2 2 1 0 4 1 1 3 3 4 0 4 3 0 1 3 3 0 2 1 1 0 4 4 1 2 1 1 4 4 0 1 4 4 3 3 0 1 3 4 1 4 0 4 4 2 3 4 4 2 0 0 4 1 0 0 3 3 3 2 3 1 0 2 0 4 2 0 0 0 1 3 1 4 0 3 1 0 2 2 2 0 2 4 1 4 4 0 3 0 2 1
1 3 0 3 4 4 0 1 1 4 0 3 3 2 1 1 2 0 3 4 0 0 0 2 0 2 2 3 2 1 1 0 1 3 3 0 2 0 2 3 4 4 1 2 1 4 3 3 0 1 4 0 4 0 2 4 2 1 4 1 3 2 3 4 0 3 2 2 3 1 2 3 0 1 2 3 0 1 3 2 4 4 3 3 1 2 4 0 1 3 3 1 0 1 2 2 4 4 1 0 0 4 0 2 0 2 2 2 0 2 0 0 2 0 0 0 4 0 1 0 0 4 1 3 3 4 0 4 0 2 4 3 3 1 0 0 4 0 2 1 2 4 3 1 1 4 2 1 4 3 3 1 4 0 4 2 1 0 2
3 4 3 1 4 0 2 4 1 2 3 2 1 0 1 3 1 2 0 2 3 0 1 4 1 3 4 4 1 1 3 4 0 3 1 1 0 0 0 1 2 0 1 3 0 4 3 2 1 3 4 4 0 2 3 2 0 4 3 3 0 1 3 2 1 4 3 2 4 0 0 3 1 1 3 3 0 2 0 1 2 2 2 3 4 3 0 2 2 3 0 3 1 0 2 4 4 1 1 0 3 2 3 1 3 4 0 1 1 0 4 3 4 2 3 1 2 0 3 4 3 0 4 1 1 2 1 2 0 4 3 3 1 3 0 2 2 2 3 0 2 4 1 4 3 4 0 0 0 0 0 0 2 1 4 3 3 2 3
0 1 1 1 3 1 1 2 4 0 0 4 2 4 2 3 0 2 3 0 4 3 0 4 1 4 0 1 2 2 1 0 4 2 1 4 1 4 1 0 4 3 1 3 4 4 2 4 3 0 0 2 1 2 3 4 1 4 2 1 1 4 1 2 3 2 1 4 1 2 1 2 0 0 0 0 1 2 4 4 0 4 3 3 4 1 2 0 2 1 1 1 0 2 3 4 1 0 0 4 2 2 1 0 2 2 0 3 4 1 4 1 3 4 4 2 2 3 2 0 0 1 1 0 0 1 1 2 1 2 1 1 1 3 3 3 0 3 3 1 1 4 0 4 3 4 3 0 0 3 2 0 4 0 2 4 2 4 3
0 3 0 3 4 3 1 4 0 1 2 3 3 3 3 4 3 0 0 0 0 3 3 2 4 0 4 0 4 0 4 0 3 1 0 4 1 2 3 1 3 2 1 3 0 0 3 0 0 0 1 2 3 4 4 4 1 0 4 1 1 0 3 1 1 3 1 2 0 1 0 1 4 2 4 1 2 4 2 4 4 0 3 4 1 2 3 2 2 3 3 0 0 3 4 2 2 0 4 2 3 0 0 4 4 0 1 1 4 0 2 1 2 0 0 3 2 4 0 1 4 1 4 4 4 3 1 3 0 3 1 3 0 3 3 4 3 1 2 0 3 4 1 0 1 1 0 0 2 0 1 1 3 2 3 0 0 1 3
0 1 1 1 3 0 4 2 3 2 1 0 2 2 1 2 3 0 2 3 2 4 2 1 3 4 1 0 2 2 3 2 1 0 0 4 0 4 4 0 3 0 1 0 3 2 4 3 4 3 2 4 3 1 0 3 2 3 3 4 2 1 4 3 1 4 3 3 1 4 4 1 4 0 2 4 2 1 3 2 0 2 1 0 3 3 3 2 3 3 4 0 1 0 1 3 1 1 3 2 0 2 1 4 2 3 4 2 1 4 1 3 1 4 3 4 4 3 3 2 1 2 4 3 2 0 3 4 1 3 3 1 1 1 3 0 4 2 2 3 1 3 1 4 4 2 0 3 0 3 0 4 1 2 4 0 2 4 1
4 2 2 2 0 3 0 1 0 4 3 0 0 4 1 1 0 3 1 4 1 0 1 2 3 3 3 0 1 2 2 2 1 1 4 2 1 0 3 3 4 3 3 2 4 2 3 0 2 0 4 0 2 2 2 0 3 0 0 1 2 4 3 1 2 4 3 1 4 3 4 1 1 0 0 1 2 0 3 4 2 4 0 4 1 4 1 4 0 4 2 4 3 0 0 3 0 0 4 1 3 3 4 2 0 4 0 2 0 3 4 2 2 4 4 0 3 0 2 0 4 4 0 0 0 2 3 2 3 4 0 3 4 0 0 0 4 0 2 1 3 1 1 0 2 0 1 3 0 3 3 2 4 0 4 4 3 4 3
3 3 4 1 2 4 4 4 0 4 2 2 0 0 3 2 0 3 0 3 0 3 3 4 0 4 3 1 4 2 0 2 2 1 0 0 0 4 4 0 1 3 4 1 1 2 3 1 0 4 1 3 4 4 2 4 0 3 1 4 2 3 3 0 4 1 0 1 2 1 1 3 2 1 1 3 0 0 1 3 1 2 1 0 3 0 2 4 0 0 0 3 3 1 3 4 2 0 0 4 3 3 0 0 1 1 0 2 1 3 0 4 2 3 2 1 0 4 2 1 4 4 1 4 0 4 3 2 1 3 4 4 1 4 2 3 2 4 2 1 3 2 0 0 2 2 3 2 1 0 0 2 0 1 3 2 2 1 2
3 1 1 0 0 2 2 0 4 1 2 2 1 4 3 2 3 0 0 2 4 3 3 3 3 1 2 0 1 0 2 1 2 0 1 4 4 0 4 1 4 1 3 0 2 1 2 0 4 0 2 3 3 2 1 3 4 3 0 2 4 0 3 3 0 0 2 2 2 1 3 1 2 1 2 1 0 1 1 4 1 3 2 1 3 0 4 2 4 0 4 0 0 4 0 2 4 4 1 4 0 4 0 4 3 4 0 0 1 3 4 4 3 3 1 1 0 2 0 1 4 4 3 1 1 3 4 0 2 2 1 4 4 2 0 2 3 2 4 1 0 0 1 1 0 4 2 0 3 3 2 3 4 0 4 0 1 0 3
3 3 4 0 2 3 2 1 2 0 0 0 2 0 3 3 2 2 3 2 1 1 1 4 2 2 0 0 3 1 3 3 4 4 0 3 3 3 4 2 3 1 2 2 1 1 3 0 0 1 2 3 4 4 4 1 3 0 1 3 1 1 1 2 1 4 0 1 2 1 0 2 2 4 4 0 2 4 0 3 0 2 3 4 3 3 3 1 3 1 4 1 3 3 3 1 2 0 4 4 1 4 3 3 3 4 3 3 4 3 1 4 2 1 1 1 4 4 2 4 2 2 0 0 0 0 3 4 2 2 0 3 3 3 3 4 2 3 2 1 1 0 3 4 1 1 2 1 0 4 0 4 3 3 2 0 0 0 4
3 0 4 3 3 4 2 2 2 0 4 0 4 4 0 0 3 1 2 4 3 1 1 3 2 4 0 2 0 2 4 0 2 3 3 1 3 2 0 2 3 2 4 2 3 2 4 1 3 1 0 4 4 4 2 1 0 4 4 2 1 0 2 4 3 1 2 3 3 4 2 3 1 4 2 0 1 1 3 1 4 1 0 4 0 4 2 0 3 3 3 0 3 2 1 2 0 0 2 1 4 2 4 3 1 4 0 2 2 3 3 2 4 1 1 1 0 3 4 4 2 4 1 2 1 4 4 2 4 4 0 0 1 1 3 4 0 0 3 3 4 1 2 0 4 0 2 0 3 3 4 2 2 0 0 3 1 1 2
0 2 4 0 0 1 1 4 3 1 2 1 2 1 3 3 0 0 2 0 4 0 1 3 4 3 0 4 4 4 4 4 3 3 2 4 4 0 0 3 3 3 1 1 1 2 1 3 2 0 4 3 2 2 4 1 1 1 0 0 2 1 2 1 0 1 2 1 1 2 1 1 2 0 2 0 4 0 4 1 0 0 2 2 2 3 0 3 1 1 1 4 2 3 2 4 4 4 3 2 3 4 0 3 1 3 3 0 0 2 4 1 4 1 0 2 1 1 0 2 4 3 1 3 1 3 3 2 4 1 1 0 2 2 3 4 2 1 4 2 1 0 0 0 1 1 4 4 2 2 2 1 0 0 4 2 1 4 1
0 2 3 0 0 0 0 1 4 4 2 1 0 3 2 2 1 0 4 1 2 1 3 0 1 0 4 0 1 4 4 4 3 2 1 3 4 2 1 0 1 4 1 3 4 0 2 0 0 1 1 4 2 1 4 1 4 4 3 0 0 2 1 0 1 3 4 2 2 2 2 0 3 4 3 2 1 2 3 2 4 1 3 3 0 3 1 4 4 0 1 1 4 3 1 1 3 2 3 0 0 1 2 3 2 2 1 3 4 4 2 0 2 1 4 2 4 2 1 0 2 3 1 4 3 2 0 1 0 0 1 0 1 0 0 0 2 1 4 1 2 3 2 0 1 3 4 2 0 3 2 0 1 3 4 1 3 4 2
3 1 0 0 3 0 0 0 2 4 1 3 3 0 2 0 1 0 0 1 3 3 3 3 1 4 4 2 2 0 4 2 1 1 4 4 1 1 2 3 0 3 3 4 3 1 1 2 3 1 3 3 1 3 1 2 2 0 1 4 2 2 3 4 3 2 0 1 4 2 4 1 1 0 2 4 3 4 3 1 2 3 0 4 2 3 3 4 1 2 1 3 4 1 2 0 4 3 1 0 2 3 3 3 3 1 0 1 2 3 4 4 2 1 0 1 2 1 0 3 3 3 3 2 0 3 4 1 3 1 1 0 1 4 4 4 2 4 2 1 4 3 3 3 2 3 4 4 4 2 4 2 0 4 2 2 2 1 3
0 4 1 1 0 3 0 1 2 1 0 4 2 1 2 3 3 2 2 4 4 1 0 3 4 4 0 1 2 4 2 2 3 0 0 1 3 2 4 1 3 0 2 3 1 1 1 1 3 0 0 4 2 0 3 3 4 3 4 3 4 3 3 0 4 3 1 4 1 2 0 4 2 4 4 0 0 0 1 1 1 3 0 0 0 3 3 2 4 4 0 0 3 3 0 4 2 3 3 0 1 1 4 0 2 1 1 3 1 4 1 4 3 3 4 0 4 4 2 3 4 3 3 4 3 1 0 2 4 3 2 2 1 4 3 4 0 1 4 3 0 2 3 0 0 4 1 4 1 3 4 0 3 0 1 4 1 1 1
2 1 1 0 0 0 0 1 2 1 0 0 1 4 0 4 4 2 0 1 3 3 0 0 4 0 1 3 3 4 1 3 2 2 3 2 4 0 3 1 1 0 4 4 4 1 3 1 3 3 2 1 4 2 3 0 0 1 3 3 0 1 3 0 4 1 2 3 3 3 2 1 0 1 1 2 2 1 3 3 2 0 1 3 4 0 3 4 1 3 0 4 4 3 4 3 2 3 4 2 3 1 4 4 4 2 3 3 3 1 1 2 3 3 2 2 3 0 4 1 0 1 0 0 1 1 0 3 0 1 1 0 2 2 1 3 4 4 2 4 2 3 4 0 1 1 3 1 2 4 3 2 0 3 4 1 0 0 2
2 3 0 2 1 4 1 1 3 0 3 4 3 4 3 3 2 0 3 4 4 4 2 3 1 0 3 0 2 0 2 4 3 4 4 1 3 2 0 3 2 3 2 2 4 1 3 2 3 3 1 2 3 3 0 1 3 0 1 3 2 0 4 3 4 3 4 4 0 4 2 0 0 0 4 4 3 2 3 1 1 4 0 1 2 2 2 3 3 1 3 2 1 2 0 1 3 0 0 0 1 0 0 3 0 0 0 0 4 3 1 2 0 3 0 4 0 0 4 0 1 2 3 2 0 3 3 3 0 1 3 4 1 1 2 3 3 2 3 2 3 1 2 3 4 2 4 4 2 4 0 3 1 3 1 3 3 1 1
4 2 2 0 0 0 2 3 3 2 1 2 2 4 1 2 3 4 1 0 3 0 0 4 2 0 2 0 0 3 4 4 3 3 1 0 3 4 4 3 3 2 0 0 2 4 2 2 3 3 2 3 1 2 2 3 4 4 0 0 0 1 1 0 4 3 0 4 4 1 2 2 4 0 4 3 4 3 0 4 3 3 2 4 2 2 4 2 3 2 4 0 0 0 0 0 0 1 1 4 4 4 3 3 4 4 3 0 4 4 4 0 4 3 1 3 0 3 2 1 0 1 1 2 4 2 2 4 0 4 1 4 0 1 0 1 1 3 1 2 4 0 2 0 3 4 4 1 2 1 2 4 3 3 1 4 2 1 0
4 2 1 1 2 3 1 3 1 1 4 3 3 1 1 3 1 2 2 2 4 1 1 3 1 2 4 0 1 2 0 1 4 2 2 1 2 0 1 3 3 0 3 1 3 1 0 0 3 4 4 2 0 1 2 1 0 4 3 1 1 4 4 1 3 3 4 2 0 1 2 4 3 0 0 2 2 2 2 2 4 3 2 4 1 1 3 1 0 1 0 4 2 1 2 0 0 3 4 0 4 1 1 3 2 4 2 1 1 4 0 0 4 2 2 1 4 2 4 1 3 4 2 3 3 4 0 3 3 0 0 4 1 2 4 0 1 1 3 4 2 4 0 2 3 4 3 4 1 4 1 1 4 0 4 2 2 0 2
2 0 2 1 3 1 1 4 4 4 2 4 2 3 1 1 2 0 4 1 3 0 4 4 4 0 4 3 2 1 2 4 3 2 2 1 3 0 2 3 0 2 4 2 0 0 3 4 0 4 3 0 4 2 4 1 4 0 1 3 1 4 4 4 3 2 3 1 2 0 1 2 2 0 1 0 2 1 4 2 2 2 4 4 2 4 0 3 1 3 2 3 4 3 4 2 0 4 1 0 0 2 2 4 0 1 4 2 4 1 2 2 0 1 1 4 2 3 3 4 1 2 4 3 0 0 0 3 0 1 3 2 1 2 3 1 0 3 0 0 1 2 2 1 1 0 3 3 0 3 2 1 0 3 4 2 4 2 2
1 3 2 3 4 0 1 2 0 1 3 2 4 2 1 3 3 1 1 2 1 4 1 0 1 0 1 0 1 0 3 2 4 2 0 0 2 3 0 0 2 3 2 1 0 4 4 1 2 2 0 1 1 1 3 4 3 4 0 1 2 0 3 1 2 0 3 2 1 3 4 3 3 1 1 1 2 1 2 2 3 2 3 2 0 1 3 1 2 3 2 4 0 3 2 0 3 3 4 4 1 3 4 0 1 1 1 4 4 3 3 4 2 1 3 4 4 2 0 3 0 0 0 3 3 4 0 3 2 4 3 4 2 4 1 3 2 4 4 1 4 2 3 1 0 1 0 4 3 3 0 1 3 2 4 1 1 4 4
4 0 4 0 2 4 3 0 3 2 0 0 1 4 3 4 0 4 4 4 0 2 1 1 0 3 0 3 0 1 3 1 1 2 3 0 3 3 0 2 0 2 4 3 2 4 2 4 0 1 3 0 1 2 1 3 0 3 2 2 4 0 0 2 4 0 2 0 3 0 4 0 4 3 3 3 2 0 2 2 4 3 0 2 0 1 0 2 0 2 2 1 4 2 1 1 0 3 3 3 0 2 4 2 2 4 2 1 2 2 0 1 0 0 3 2 2 0 1 2 3 3 0 4 3 1 2 3 2 0 3 4 2 4 1 4 4 1 0 1 3 3 4 0 3 2 4 0 2 0 4 2 1 0 4 4 1 1 2
3 2 2 3 1 2 1 3 1 2 0 4 2 3 3 2 2 2 3 4 1 4 4 1 2 4 0 1 2 3 0 1 2 2 1 4 1 2 4 2 2 4 3 4 0 3 4 4 0 4 3 4 0 2 0 2 3 0 0 1 3 0 4 1 0 0 2 1 4 1 1 3 2 1 0 4 0 4 3 2 0 2 1 1 1 1 3 2 1 4 3 2 1 4 0 3 4 2 0 0 0 3 4 2 4 4 2 4 0 2 2 0 4 0 3 3 2 2 0 0 3 0 2 1 4 2 0 0 1 2 0 1 0 1 1 1 2 0 3 2 2 2 0 2 2 3 2 4 2 2 0 2 4 4 4 3 4 4 3
2 1 0 4 3 4 0 4 1 2 2 1 4 4 1 3 4 1 0 3 1 4 0 3 3 2 4 1 1 0 1 3 3 4 4 1 3 1 3 4 3 0 2 3 2 3 1 1 2 4 1 3 3 4 3 2 1 3 0 4 0 4 4 4 3 4 0 3 0 3 2 1 1 2 4 0 0 2 3 4 1 1 4 2 0 0 1 1 0 3 0 0 2 0 4 2 1 0 0 3 0 0 4 3 2 0 0 4 0 0 4 3 2 0 0 2 0 3 1 0 2 3 1 4 0 2 4 1 4 4 2 2 4 1 0 1 4 3 3 4 3 4 2 0 4 3 0 0 1 3 2 0 1 0 2 2 3 1 0
2 0 2 4 2 1 2 0 0 0 3 4 0 2 3 3 2 3 0 4 2 3 3 2 4 4 4 3 4 0 1 3 1 0 3 3 1 2 3 3 4 4 4 4 1 3 4 0 1 4 1 3 2 0 1 4 1 0 4 0 3 0 3 1 1 3 1 4 0 4 3 4 0 4 1 2 2 0 4 4 0 1 4 4 3 0 3 4 3 0 1 3 2 1 4 0 0 0 0 2 1 0 4 2 4 2 1 4 2 0 3 4 3 2 1 3 0 1 4 0 1 0 3 4 2 2 4 4 2 1 3 0 3 2 2 3 4 0 2 4 3 2 0 3 1 1 2 1 3 1 3 1 4 1 2 3 0 2 2
4 0 0 0 4 0 4 4 1 0 1 0 3 0 3 1 1 4 0 0 4 2 3 1 1 2 3 4 2 2 3 2 3 0 2 4 2 1 3 4 3 1 1 1 1 4 0 4 4 0 4 0 2 0 3 0 2 4 1 4 1 1 1 1 2 0 0 4 4 3 3 2 4 2 1 2 1 1 2 2 1 1 3 1 1 1 3 0 0 0 0 4 1 3 2 0 4 3 2 3 3 0 2 0 4 3 2 1 4 1 3 3 3 1 1 1 0 4 2 2 1 4 3 0 2 1 2 3 1 4 3 4 2 1 1 1 4 4 2 1 0 1 1 0 4 4 4 1 0 3 1 4 2 4 4 1 0 3 0
1 3 3 3 0 4 4 1 1 0 1 4 3 4 2 0 0 1 4 2 1 4 0 2 3 4 1 0 2 2 0 0 0 0 0 2 2 0 3 0 2 1 4 0 0 3 1 3 4 2 2 2 2 2 2 0 3 3 0 2 2 2 0 2 0 0 4 2 2 0 4 0 1 3 2 4 3 3 2 4 3 1 3 0 3 0 2 1 1 0 1 3 4 1 1 4 1 2 3 4 2 2 1 1 2 3 2 0 4 4 4 4 2 3 4 0 3 3 3 1 3 4 0 3 0 1 2 2 3 3 3 3 0 1 4 3 1 1 3 0 2 0 1 4 3 2 1 3 1 4 0 4 1 2 4 1 3 4 0
3 2 0 3 2 1 2 0 3 0 1 0 4 1 2 0 1 4 1 4 2 3 1 4 4 3 3 0 3 4 3 4 1 3 2 1 2 2 3 2 4 4 2 4 0 1 4 3 3 1 0 0 1 1 1 0 2 0 2 2 1 0 3 3 1 3 1 3 0 4 0 4 4 4 0 1 1 0 2 1 3 2 3 4 0 0 4 4 2 3 2 3 4 2 3 0 0 4 0 0 1 0 2 2 4 2 0 2 4 2 0 2 4 4 3 0 1 4 4 0 3 3 3 4 3 4 4 3 3 4 1 1 1 3 3 2 2 4 0 2 1 2 1 1 1 2 3 4 1 4 4 1 0 0 0 3 4 1 1
4 2 2 1 3 2 4 1 0 3 3 2 2 0 0 0 4 2 3 0 4 4 0 2 4 2 3 4 1 1 1 2 4 0 3 4 3 0 0 3 0 0 2 4 3 2 4 4 0 4 4 1 4 4 3 0 3 1 0 4 0 1 4 4 3 4 3 1 4 1 1 2 3 3 1 1 3 3 0 3 2 0 1 1 1 4 2 0 3 4 1 3 0 0 4 0 2 2 2 1 0 0 0 1 1 4 2 4 2 0 4 4 2 2 3 0 1 2 2 1 1 1 4 1 3 0 3 0 0 2 4 0 3 4 1 4 0 1 0 2 3 1 4 0 3 2 0 1 4 0 3 0 1 4 3 4 0 1 0
0 4 4 2 4 0 4 3 1 2 0 3 0 3 2 2 1 1 4 2 0 4 0 0 2 2 0 2 2 2 4 2 3 0 4 2 0 0 2 3 4 2 2 4 2 1 3 3 3 3 2 0 4 0 3 2 2 3 4 4 0 0 3 3 0 4 2 2 0 4 1 4 3 3 1 0 1 4 3 1 4 3 4 4 3 2 1 2 0 2 3 3 4 1 3 4 0 1 1 2 0 2 4 1 2 0 1 1 1 2 4 1 0 3 2 0 0 3 2 3 2 2 1 1 3 1 2 0 2 0 3 0 3 2 1 2 4 4 0 0 1 0 3 3 0 0 3 1 0 2 1 4 4 4 2 4 0 4 2
0 0 2 2 0 4 3 4 0 2 0 2 1 2 1 4 2 3 0 0 1 4 1 0 4 2 3 0 0 4 2 0 1 4 2 3 0 2 3 2 1 0 0 4 2 1 4 4 1 1 2 2 0 0 3 1 3 3 2 3 2 1 0 4 3 4 2 0 3 2 3 1 2 3 1 1 1 2 3 2 3 0 2 3 0 0 0 0 0 4 3 2 2 0 3 0 4 3 3 4 0 3 1 0 3 4 1 4 1 1 3 4 1 2 4 4 2 4 4 4 0 0 2 3 0 2 0 2 0 3 1 3 1 4 0 1 3 3 0 1 0 1 0 3 3 2 2 3 3 2 2 4 4 1 2 1 4 2 3
1 3 2 1 1 3 1 3 2 0 0 3 2 3 1 0 4 3 3 4 3 2 3 2 1 0 1 2 1 1 3 2 4 2 1 2 0 2 2 4 4 0 0 1 0 1 2 4 1 2 0 4 1 4 4 4 1 0 3 2 1 1 1 2 0 2 2 1 2 4 0 1 1 2 3 2 0 2 3 1 1 4 3 2 3 4 3 4 4 1 1 3 0 4 0 0 2 4 3 4 4 1 2 2 3 2 4 4 4 3 2 2 2 2 4 0 1 4 1 3 1 4 1 1 3 3 3 2 3 2 3 4 3 1 1 3 3 1 2 0 4 0 2 3 2 4 0 1 3 1 4 1 0 0 4 0 0 3 0
3 0 3 2 0 1 4 3 2 2 3 2 3 3 1 1 2 0 1 3 1 4 2 2 1 4 2 3 0 2 3 3 4 2 3 4 0 2 4 2 1 2 1 4 2 3 0 0 0 3 3 1 4 3 1 2 4 0 0 4 2 4 0 1 3 3 2 3 2 1 3 3 1 4 4 3 2 4 0 3 4 1 4 0 4 2 2 3 2 2 0 4 1 2 2 1 2 4 0 4 3 3 4 1 2 3 4 2 4 2 0 0 3 1 0 4 4 2 4 3 1 4 3 0 1 0 1 3 2 3 4 2 3 0 3 3 0 4 0 1 1 2 1 4 3 3 0 4 2 0 3 1 4 1 1 3 3 2 3
2 3 0 4 1 0 4 4 3 4 1 4 2 3 3 4 2 3 4 3 3 4 1 4 1 4 0 1 0 4 4 2 2 4 4 4 2 3 0 2 4 2 3 2 0 1 3 4 2 2 3 0 2 4 4 0 4 4 1 1 3 0 3 3 2 4 2 1 0 2 3 4 1 1 3 2 0 1 3 2 1 1 4 0 1 3 0 2 4 1 3 4 3 3 2 0 0 1 3 0 1 3 1 2 0 2 1 2 0 0 1 1 1 0 1 4 3 1 3 2 4 3 3 3 4 1 0 4 2 4 4 3 2 2 3 4 4 4 3 0 4 4 3 3 4 0 4 4 3 3 3 0 1 2 3 0 3 0 1
2 1 2 3 1 0 1 0 1 2 1 1 4 0 2 2 2 4 1 1 4 1 0 4 3 4 4 0 2 0 4 1 1 1 4 2 1 2 0 3 0 1 1 4 3 0 1 0 4 4 4 4 1 1 3 1 0 3 3 4 0 2 0 1 4 2 1 2 4 1 2 4 4 1 3 4 1 1 0 1 3 1 0 4 2 0 2 4 3 0 3 3 0 0 2 1 2 3 3 2 1 1 3 2 2 2 1 3 0 3 1 3 4 1 4 3 2 3 2 2 1 2 3 1 3 0 2 0 0 2 4 3 3 3 0 2 2 1 3 2 0 4 3 1 3 4 0 2 3 2 1 4 2 4 2 0 1 4 2
3 1 2 1 2 0 1 1 4 0 4 1 2 1 1 3 4 1 3 3 1 3 4 0 0 1 2 2 4 3 4 3 1 3 4 3 0 3 0 4 3 1 1 2 2 4 0 3 0 1 1 3 1 3 3 3 1 2 0 0 2 4 0 4 3 2 2 3 0 4 0 0 1 1 2 3 2 4 4 0 0 2 3 1 0 2 4 3 1 1 1 4 1 1 3 1 3 2 1 0 4 1 2 0 4 1 0 2 1 4 2 3 2 2 0 4 1 1 0 3 3 1 4 1 4 4 4 0 3 2 2 2 4 0 2 0 1 0 4 4 4 3 3 3 1 0 0 2 3 0 0 3 3 1 4 2 0 0 2
4 3 0 3 4 2 1 4 0 1 4 0 2 2 0 3 0 2 3 3 0 0 0 4 3 2 0 0 4 3 3 3 1 0 2 0 2 0 1 2 3 2 2 2 2 4 0 2 1 3 0 2 0 1 3 3 0 0 4 4 3 4 0 1 4 4 1 1 4 0 3 4 2 3 1 4 2 4 2 4 4 4 3 0 0 3 3 0 0 2 2 4 1 2 0 0 1 4 3 0 4 4 1 3 2 2 3 1 1 2 2 1 1 0 1 2 0 1 4 1 4 1 2 2 3 4 0 4 3 3 1 4 2 2 3 1 2 3 3 0 0 0 3 1 3 1 0 3 3 2 1 4 3 3 1 4 3 1 0
3 2 4 3 4 3 3 1 0 3 4 3 3 1 1 1 4 0 4 0 3 1 1 2 1 0 0 2 0 2 0 3 1 4 3 0 2 3 3 0 1 4 0 1 1 1 0 2 3 4 2 1 2 4 0 0 1 3 3 3 2 3 1 3 2 2 3 1 0 4 3 4 3 3 0 1 2 2 4 0 3 1 4 0 2 1 1 0 4 4 0 1 4 2 4 3 1 0 1 1 4 0 2 4 0 0 1 2 2 2 0 1 0 1 1 0 2 4 0 4 0 1 2 4 0 4 2 1 4 4 4 0 1 2 4 1 2 2 4 1 4 1 2 0 2 1 0 1 0 2 0 1 0 0 0 2 4 0 3
3 1 0 0 2 4 1 3 1 4 4 2 0 0 2 0 4 3 2 3 0 0 0 1 2 0 4 0 4 1 0 4 2 0 4 4 4 1 4 2 2 4 2 2 1 4 0 3 4 2 1 4 4 1 3 2 2 2 4 1 3 4 1 0 2 2 1 1 3 0 1 2 4 3 0 3 2 0 1 3 4 2 2 4 3 0 3 2 4 4 4 4 3 2 4 2 4 2 4 0 3 2 2 4 0 2 4 4 4 0 2 4 4 1 0 0 2 0 2 3 4 1 3 4 0 4 2 0 2 3 2 2 0 4 1 0 4 3 1 3 3 3 4 0 4 4 0 3 4 2 4 0 1 2 2 1 1 4 3
0 2 0 2 4 0 1 4 4 4 2 4 4 0 4 4 1 3 4 2 0 2 1 2 0 0 4 1 3 3 2 4 2 2 3 1 4 1 2 3 0 4 3 2 1 4 1 0 2 3 2 4 2 0 2 2 0 3 0 3 2 2 4 1 0 0 0 4 1 2 0 4 4 0 1 0 4 4 2 3 4 4 3 1 1 2 0 1 0 1 2 4 0 3 1 2 3 1 4 0 0 1 4 4 1 2 2 2 1 4 0 1 1 0 4 2 2 0 1 0 3 0 4 0 3 2 3 4 3 4 1 1 0 0 2 1 4 4 0 2 1 0 0 4 3 0 3 0 2 4 2 2 4 2 2 0 1 2 1
2 1 2 3 1 2 0 4 3 2 4 0 0 0 1 4 0 3 2 0 0 4 0 4 0 4 1 0 0 4 1 2 2 0 0 4 4 3 3 2 0 0 3 0 2 1 1 2 4 3 2 1 4 4 0 0 3 3 2 4 2 1 1 2 1 4 1 1 2 1 3 4 1 3 1 3 4 2 0 0 2 0 1 2 4 3 4 3 2 1 4 1 2 2 3 4 1 1 0 0 3 0 4 4 4 0 0 0 4 0 3 4 0 1 3 2 0 2 2 2 3 1 0 1 3 1 0 2 2 2 2 0 2 4 2 3 1 2 1 1 4 4 2 0 0 0 4 0 2 1 4 0 2 2 3 2 3 0 4
0 4 4 3 4 3 0 2 4 4 0 2 3 4 4 0 2 4 4 4 3 2 4 1 1 3 4 4 1 2 0 3 1 4 1 0 4 3 3 4 4 0 3 3 0 3 0 2 4 2 1 3 1 2 4 3 2 0 4 3 2 1 4 4 3 0 1 2 1 1 3 0 2 2 0 2 2 3 1 1 2 4 1 3 4 2 1 1 3 2 0 2 4 1 3 2 3 0 1 4 1 0 2 0 4 4 2 1 4 0 2 1 0 4 0 4 3 3 0 3 1 2 1 2 0 1 4 4 3 0 3 2 2 2 2 1 4 2 2 0 2 2 2 4 3 4 0 1 4 3 0 2 2 3 4 3 4 3 2
0 1 2 2 0 2 1 2 1 3 1 1 3 3 0 4 3 1 0 0 1 0 2 3 2 0 3 0 1 3 4 3 1 2 0 2 1 2 1 4 2 4 2 0 0 3 2 3 1 2 0 2 4 2 3 1 4 1 4 3 1 0 1 0 4 4 2 0 3 0 4 0 4 2 3 4 2 0 0 3 4 0 1 3 3 4 1 4 2 2 2 0 3 1 0 2 0 4 3 3 4 2 0 1 1 3 0 3 0 0 2 4 3 3 4 3 4 3 2 3 0 2 3 3 0 4 3 0 3 1 0 0 0 2 1 2 3 3 0 3 4 2 0 4 2 1 2 1 4 1 1 0 3 0 0 3 4 3 0
4 4 2 4 2 2 0 4 0 4 1 3 0 4 0 4 3 2 3 2 1 4 3 3 3 3 4 3 4 4 1 4 1 0 0 3 2 1 4 2 2 0 3 4 1 3 0 0 0 3 2 4 2 0 2 2 1 3 3 0 0 4 1 1 1 2 4 1 0 0 3 2 0 3 1 4 2 1 4 4 1 3 3 3 3 3 1 4 3 4 2 3 0 3 1 3 0 0 4 0 2 0 2 0 3 0 4 2 3 3 2 4 1 2 0 1 2 1 3 1 2 0 1 4 3 3 2 4 0 2 4 3 2 4 3 0 1 2 3 2 2 2 3 0 4 3 1 2 4 1 0 3 1 1 2 0 1 0 1
2 4 2 0 1 3 0 3 0 4 3 4 3 0 2 3 2 1 1 4 2 3 1 3 1 4 0 1 1 2 4 3 1 2 0 2 0 2 3 2 1 1 1 4 2 1 4 1 2 0 0 1 0 3 4 2 2 2 0 3 4 0 1 1 2 3 0 4 0 3 4 3 0 0 2 4 3 1 0 2 4 2 4 4 0 0 1 4 2 2 3 2 2 1 0 1 0 0 2 2 4 1 1 1 4 0 0 2 2 2 0 1 4 1 2 1 1 4 0 4 3 0 3 2 2 3 3 4 3 2 1 4 4 4 0 3 0 2 2 2 4 2 0 0 3 4 1 2 3 4 1 1 4 4 3 1 4 3 2
4 1 4 4 2 3 1 2 3 4 4 2 0 4 4 1 4 4 4 1 4 0 4 3 0 0 3 3 4 2 1 4 0 2 0 4 2 3 1 3 4 0 2 0 1 2 3 1 3 4 4 4 0 4 2 0 4 1 0 1 0 1 2 2 3 2 1 3 0 2 1 2 4 3 2 3 2 2 4 2 1 0 2 1 4 4 1 4 2 4 0 2 0 2 4 1 1 2 4 3 1 2 0 1 0 4 4 0 1 0 2 3 0 4 4 2 1 3 3 3 2 0 1 4 4 2 2 0 2 1 0 3 0 3 4 3 2 0 3 1 2 2 4 0 2 0 2 3 0 0 3 4 0 1 4 1 1 3 3
3 2 3 1 2 1 3 0 1 0 0 2 0 3 3 0 0 0 4 0 1 4 0 2 1 2 3 4 3 2 2 3 4 0 4 1 4 4 4 2 0 4 4 0 2 4 2 4 4 1 1 2 2 2 0 0 1 3 4 4 2 1 2 1 1 3 0 2 3 4 4 0 3 0 0 3 1 4 2 1 0 1 0 2 3 2 2 1 3 1 2 0 4 4 2 2 4 2 0 4 3 1 4 1 2 1 1 3 0 4 1 0 2 4 4 2 1 1 3 4 4 0 0 3 1 4 1 0 3 3 0 1 4 1 4 3 3 1 4 0 2 2 1 4 1 0 1 3 4 1 4 0 1 4 4 4 3 2 4
3 0 1 4 1 3 1 2 3 2 1 3 1 0 1 2 2 4 0 2 3 1 1 3 4 3 4 3 3 3 2 2 3 1 3 2 1 4 4 1 3 2 4 4 2 1 3 1 2 3 3 0 4 2 0 3 0 0 1 3 3 1 0 4 4 4 3 0 0 4 1 4 3 2 0 0 0 4 4 2 4 4 4 4 1 0 4 1 2 3 0 2 1 2 1 0 3 1 2 4 0 0 0 3 2 0 1 0 1 0 2 1 1 2 2 3 4 1 1 1 1 1 3 2 1 2 2 4 3 4 0 1 4 0 4 4 3 2 4 1 4 3 2 1 0 1 4 1 3 0 2 4 4 3 2 2 0 1 3
3 1 1 1 2 1 3 1 1 0 2 3 0 1 2 3 3 4 4 0 4 1 2 0 2 0 4 4 2 1 0 3 4 1 4 1 4 2 0 1 3 4 1 0 0 0 0 4 4 4 1 0 0 0 1 3 3 0 4 0 1 1 3 2 2 3 1 2 2 1 0 2 0 3 2 3 3 2 4 0 3 0 0 4 0 1 4 0 4 0 1 2 2 1 0 1 1 1 0 4 4 2 1 1 0 1 4 1 3 0 1 2 0 3 3 3 2 4 3 1 4 1 3 3 3 3 0 4 4 2 0 0 0 2 2 0 3 1 3 3 4 4 2 4 0 2 4 2 1 0 3 3 3 1 3 3 2 0 0
3 3 0 4 3 2 1 0 2 4 1 3 3 2 2 0 2 0 1 4 3 3 2 1 2 1 2 0 0 2 0 3 2 1 4 2 0 0 3 0 2 1 0 2 3 2 2 1 2 4 0 1 4 0 4 1 3 1 4 3 1 1 3 3 2 3 1 0 0 1 2 4 2 2 2 0 1 4 1 4 0 4 2 0 4 1 3 4 0 4 2 1 1 2 1 0 2 2 0 3 3 4 2 0 3 1 3 0 1 4 1 3 3 3 0 4 1 1 3 3 0 2 1 1 2 3 2 4 0 4 4 1 1 4 3 4 0 1 1 3 3 2 4 3 2 4 0 4 2 3 2 3 3 4 1 0 4 3 1
4 3 1 2 4 0 1 0 0 4 2 4 2 4 3 1 4 4 1 3 2 1 2 2 1 3 3 3 2 2 0 4 2 1 1 3 3 2 0 3 2 2 4 1 4 2 4 3 4 2 3 3 4 0 0 2 1 3 1 3 2 3 2 1 1 1 4 4 0 0 2 4 4 2 1 3 1 0 3 2 0 1 0 4 4 0 3 0 1 1 0 3 4 0 0 0 1 1 4 3 1 4 3 1 3 4 1 1 1 2 4 1 3 4 2 4 2 3 1 3 4 2 3 4 4 3 1 2 0 3 0 3 2 3 1 0 4 0 3 3 2 2 1 2 4 1 2 1 4 3 1 3 2 4 4 1 0 1 3
0 4 1 0 1 4 2 3 4 4 1 4 1 1 0 3 0 1 2 3 0 3 4 1 0 0 0 4 0 1 4 2 2 0 3 0 0 2 3 1 1 2 0 4 3 2 2 0 4 2 3 1 0 4 2 0 4 3 1 0 1 1 2 4 1 2 4 3 4 0 1 2 4 1 1 4 4 4 4 0 3 4 1 3 0 1 0 4 4 2 1 2 3 1 1 1 3 3 2 3 0 3 0 1 2 4 0 3 0 1 3 3 0 1 1 0 2 1 1 3 3 3 1 3 4 2 2 4 2 4 4 4 2 2 0 1 1 0 4 1 3 2 4 3 1 0 0 3 3 4 2 2 4 0 2 0 2 4 4
2 0 4 1 0 1 4 1 2 4 1 3 3 0 2 3 1 4 1 2 2 2 1 1 1 1 4 1 0 0 0 2 3 4 1 3 2 0 1 4 1 4 2 1 0 1 2 3 2 3 0 0 0 3 1 1 4 2 4 0 3 4 4 3 1 2 1 3 4 4 3 1 4 2 4 4 1 1 4 3 1 2 3 1 0 2 4 0 4 0 2 4 0 3 2 3 1 0 3 0 0 1 3 4 1 0 0 4 1 4 4 3 1 0 1 4 2 3 1 3 3 3 3 0 1 2 0 4 3 4 2 3 2 2 4 0 2 4 4 4 3 4 4 2 1 2 1 3 2 2 1 1 2 1 3 0 1 1 2
4 0 4 4 2 1 0 0 1 4 4 2 4 0 1 3 1 3 4 1 1 3 0 4 2 1 4 0 4 0 2 3 2 3 4 2 4 4 2 2 0 3 4 0 4 0 0 2 1 2 1 4 0 1 0 0 4 1 0 4 4 2 4 1 0 4 3 1 0 0 4 1 1 3 3 0 1 3 4 4 0 0 3 3 3 0 0 3 1 0 2 0 4 1 2 1 2 2 2 0 0 3 1 1 4 1 3 2 4 2 1 2 0 1 2 3 1 2 3 2 2 0 0 3 4 2 4 3 1 3 3 1 4 4 2 3 2 2 2 4 2 3 1 2 1 0 2 2 2 1 1 1 3 1 4 4 3 3 3
2 1 1 3 2 3 3 2 0 0 4 4 4 4 2 1 0 2 1 4 1 4 1 2 2 2 1 2 3 4 2 0 3 3 0 2 3 3 0 4 1 4 0 0 1 0 4 1 4 2 1 1 1 4 3 0 1 2 4 1 3 1 3 1 2 4 1 0 4 1 1 2 0 2 3 1 4 4 0 0 3 3 1 1 2 2 1 0 4 3 2 2 4 0 1 1 1 2 4 1 0 0 3 0 2 3 4 3 4 1 4 2 4 2 3 3 4 2 3 0 0 2 0 1 0 1 3 1 0 2 2 0 2 3 2 2 3 3 2 3 1 3 2 2 1 1 0 2 0 1 3 0 0 3 1 0 1 1 2
3 0 1 0 0 4 4 4 3 3 1 3 1 0 0 4 3 3 1 0 3 2 0 3 3 0 2 3 1 3 2 1 1 4 3 1 3 3 0 3 3 3 1 4 0 4 3 3 2 0 1 1 2 1 1 2 2 3 3 0 4 0 2 0 1 0 3 2 0 3 0 3 3 4 3 4 3 1 4 0 1 0 3 1 2 0 0 4 0 3 1 4 1 3 1 2 1 4 1 1 4 2 2 0 3 0 4 1 1 3 3 0 1 2 1 3 4 3 4 4 4 0 1 2 1 4 1 4 4 3 2 0 2 4 0 0 4 1 3 3 2 1 3 3 0 1 3 4 4 4 4 0 1 2 2 4 1 4 0
2 2 3 3 4 4 0 4 1 2 2 4 4 0 4 4 1 0 4 2 1 3 1 2 4 0 4 1 2 0 1 4 2 1 2 1 1 0 2 2 2 1 3 3 4 2 2 0 4 1 2 2 1 1 4 2 1 1 3 0 1 2 0 1 3 4 2 4 4 2 3 1 0 3 1 4 2 3 4 1 1 4 4 4 2 0 2 0 3 2 1 2 4 1 3 3 0 2 4 2 1 0 3 2 3 0 1 3 0 3 4 4 2 0 3 1 3 2 1 3 0 4 0 4 2 0 4 0 3 4 2 4 1 0 1 4 2 0 4 0 3 4 4 0 1 4 3 4 2 1 3 2 1 0 1 3 1 3 3
