5 161 13
55443931 781651915 753776839 186888634 169647007 746518814 1199921402 1188438037 1048856481 63880446 932297142 304782430 740573920 1009920774 754637958 1106444924 517230268 611511115 1200083555 930767230 885540317 1142030951 833933116 1167887743 747288297 1075025556 893274803 748898393 88908585 657262743 863774123 852392728 239736371 303765502 485023157 647602043 1116392859 286888894 923238724 1179740378 869184370 926669090 36217326 256737422 1175702571 781930710 1200643181 158147067 674663858 221377051 1144183810 707040259 472368170 1013365031 141027677 597483072 1088406343 649576838 9136419 1026135069 128060894 974187279 719590389 928986799 1161210335 523135843 1042982389 311123136 854084740 274353129 501104366 611256813 555327160 762389728 872443067 680654001 217581889 540917897 206641066 1108233231 624632581 935466586 267328285 443519255 145392885 79903307 603147450 163175623 484584064 560893635 874933725 997281228 1045641894 804256296 483224061 959369192 1105284079 1026677457 1089679631 251605474 376964974 679839976 109197537 471600129 45435757 498258849 1216337640 983894506 1167649802 1102872533 448974012 217404750 22257270 203773828 115102797 773162577 1215236126 96956187 1166275084 950092938 296165307 934446154 210190 30644762 1101983798 942789880 1038898675 959042031 868655354 942342099 740498199 1148757290 1156446349 100406614 51277835 1170389822 350513474 38195631 934904217 968830990 217769770 570287412 28256026 1084759816 653993563 1025973454 798698864 1015600545 416870846 465915679 1064389365 204602692 590070436 230532062 42390641 836887850 1198621208 422186381 766662001 596035572 397767868
2 1 4 4 4 1 2 0 0 0 0 0 2 0 4 1 3 0 1 0 4 3 0 0 0 1 3 0 3 1 2 1 2 1 0 4 4 2 4 0 4 1 2 1 1 1 2 0 3 0 2 3 1 0 0 1 3 0 3 1 2 0 2 1 3 4 0 2 3 1 4 3 2 2 1 1 0 1 3 4 3 2 2 4 2 4 0 0 4 0 4 3 0 3 0 0 3 2 3 1 1 4 1 0 3 3 1 4 4 1 3 2 4 2 4 3 1 1 1 0 2 0 4 4 3 1 0 3 0 3 2 1 4 3 4 3 3 0 2 4 4 2 2 3 4 3 1 0 4 2 2 1 4 3 1 0 4 1 3 2 1
0 3 0 4 4 0 4 0 2 4 1 1 3 4 0 1 2 0 0 2 3 2 3 3 0 3 3 1 2 2 4 2 2 1 3 2 2 3 4 1 4 0 3 2 1 3 3 3 1 0 2 1 4 1 4 4 4 4 2 3 1 1 1 1 0 1 3 2 4 2 0 0 2 0 2 3 1 2 3 2 3 3 0 2 4 1 2 0 3 1 4 1 0 2 2 0 3 0 4 0 4 4 0 1 2 3 1 3 0 2 2 0 0 2 3 1 0 2 1 3 0 2 0 0 4 2 0 0 0 1 0 4 3 2 3 0 2 4 3 0 3 0 0 3 4 0 1 4 2 0 3 3 2 0 0 4 2 3 4 4 4
1 4 2 3 2 4 1 3 2 1 2 4 3 2 0 4 4 2 3 4 0 3 3 2 4 2 1 2 1 1 3 2 0 1 3 2 0 1 2 0 2 1 1 2 4 2 1 0 4 2 1 1 2 4 0 1 4 1 0 2 2 4 2 2 2 0 1 4 1 4 4 0 2 3 2 1 0 1 3 1 0 4 4 2 1 4 1 2 0 1 4 3 2 1 2 4 3 4 4 4 0 0 4 2 3 4 1 0 2 4 1 2 1 0 1 4 1 2 1 2 4 0 2 3 4 4 3 2 0 4 4 2 1 3 2 0 4 3 0 3 4 4 2 0 1 4 1 3 1 2 0 2 0 4 1 1 3 1 3 4 2
2 1 3 3 3 3 4 3 1 3 3 0 0 0 1 1 4 1 3 1 3 2 3 2 0 4 1 1 0 2 0 4 0 4 2 1 4 4 4 0 4 4 2 4 2 1 1 1 2 1 4 1 3 0 0 1 1 1 2 1 0 3 3 1 4 2 4 3 1 3 4 0 0 3 2 4 4 0 2 2 1 3 0 1 3 0 2 2 4 2 3 1 2 3 2 1 1 1 4 2 2 0 0 4 4 2 3 0 2 0 2 0 0 4 3 4 0 3 1 1 0 1 2 4 0 2 0 1 0 1 0 2 4 0 3 0 2 3 0 1 0 0 3 1 4 2 0 1 0 3 2 2 1 2 1 1 4 3 4 4 1
2 4 0 2 4 0 2 3 3 0 3 3 4 4 2 1 1 1 3 4 3 0 1 2 3 4 1 1 4 3 2 3 4 0 0 3 2 4 1 0 0 2 3 1 1 3 2 3 4 2 4 4 2 0 4 0 2 0 3 3 0 0 1 1 2 1 2 0 3 0 0 3 2 1 4 4 1 3 4 2 0 3 3 4 1 2 1 3 0 1 3 2 3 4 4 1 2 1 1 0 1 3 0 1 1 1 2 2 4 1 1 1 1 0 2 4 2 0 4 4 1 2 2 0 1 1 3 4 4 4 1 2 4 2 0 1 3 2 0 0 0 2 1 4 4 1 3 3 1 0 3 0 2 0 0 1 3 0 2 4 4
3 3 3 2 4 1 1 1 2 1 2 4 4 1 3 0 1 1 4 1 1 4 1 3 1 2 1 1 1 2 2 1 1 2 4 0 4 0 1 1 3 0 2 2 3 2 0 0 0 4 3 2 0 1 0 3 0 4 1 1 1 3 3 2 0 2 2 4 4 1 2 2 3 4 1 2 1 3 4 4 4 4 1 4 1 3 4 1 2 0 3 4 3 3 3 1 2 3 0 3 4 0 2 2 4 3 1 3 2 0 2 1 0 0 3 3 3 2 4 3 3 4 2 3 4 2 4 1 0 2 4 1 2 3 1 3 2 4 1 1 0 0 4 2 0 4 0 1 2 1 4 2 1 3 0 0 0 0 4 3 2
0 1 1 4 2 4 1 4 1 4 1 3 3 3 1 3 0 2 2 1 1 4 2 4 1 0 1 3 4 1 0 4 3 1 3 2 1 1 1 4 0 2 2 1 2 3 1 2 2 0 1 0 1 3 4 2 0 3 1 4 4 3 4 4 2 4 2 0 1 0 4 3 3 3 1 0 4 4 0 1 4 1 2 2 1 3 0 2 3 3 3 0 1 4 4 3 4 3 3 2 4 4 2 2 0 4 4 4 0 4 2 0 2 1 4 4 2 4 1 2 2 4 2 1 1 4 1 0 2 2 2 1 1 4 0 3 0 0 4 1 1 4 3 4 2 2 3 1 4 1 4 3 2 3 4 3 2 3 0 2 0
4 3 3 4 4 4 1 1 3 4 2 2 2 1 0 2 1 3 1 4 2 1 4 3 3 4 0 1 0 4 3 4 3 3 0 4 2 2 2 1 3 4 0 3 3 2 0 1 1 3 3 0 4 2 3 4 1 1 0 1 0 0 3 0 4 3 4 1 2 3 4 1 3 2 4 3 4 1 4 2 1 2 3 2 1 1 2 3 2 4 1 0 0 4 0 1 0 2 4 2 0 4 0 0 3 1 3 4 2 0 2 0 4 0 3 1 3 0 1 3 4 2 3 1 2 0 2 2 2 2 1 0 3 4 0 1 0 1 0 0 1 4 0 0 4 3 3 0 0 4 0 2 2 0 3 1 0 1 0 0 0
1 0 3 0 2 1 3 3 1 3 4 1 0 2 2 1 0 4 1 0 4 3 2 4 2 0 2 0 0 2 0 3 4 0 1 3 1 4 2 2 4 3 0 1 0 0 2 1 4 1 3 1 1 2 2 0 2 4 0 4 3 2 2 4 2 3 3 3 4 2 3 0 0 0 2 1 0 4 4 2 2 4 0 4 1 2 4 0 4 0 4 4 4 1 1 2 2 1 0 1 3 3 4 3 4 1 1 1 2 2 3 0 3 0 1 4 3 0 1 4 2 0 0 2 4 1 4 3 2 4 1 2 0 0 3 4 1 1 2 1 4 3 1 2 3 2 4 3 4 2 4 2 0 0 4 1 3 0 4 3 1
0 0 1 3 3 2 4 2 0 0 1 0 3 0 3 2 1 4 2 1 3 4 1 3 0 2 4 2 1 2 3 3 4 0 1 0 4 3 2 1 0 0 1 4 0 0 3 4 1 0 0 4 1 3 0 3 0 4 0 3 1 1 3 0 3 0 2 2 0 4 1 0 4 2 1 2 4 0 1 0 2 3 0 4 1 2 4 1 1 2 1 4 3 4 1 1 1 4 0 1 3 1 2 3 4 0 0 0 0 3 1 3 1 3 4 4 0 0 2 3 2 3 2 2 4 0 0 1 4 1 2 3 4 1 3 3 2 0 1 4 0 4 4 1 2 3 0 4 1 2 2 3 2 1 3 1 1 3 2 3 4
2 1 4 3 1 4 2 3 2 2 3 1 1 4 3 2 1 4 3 0 3 3 4 1 3 0 3 2 0 1 3 4 4 2 4 2 4 2 0 1 1 3 0 4 4 0 1 2 0 1 2 0 2 3 2 0 0 2 4 0 3 3 4 4 2 1 3 1 3 3 0 4 3 0 0 2 0 2 4 2 0 3 3 4 3 0 2 3 2 1 1 2 4 2 3 2 3 1 0 1 1 2 2 4 2 3 3 0 2 4 4 4 4 2 4 2 4 1 0 1 2 1 0 4 4 0 1 4 1 1 1 4 4 0 0 3 0 3 0 4 2 0 4 1 4 0 0 4 1 3 2 0 4 0 4 0 0 2 0 4 4
3 3 0 0 4 3 1 4 1 2 2 1 1 0 0 1 1 4 4 1 4 2 2 4 3 3 4 1 0 3 2 0 4 2 0 0 2 3 4 3 1 1 4 4 4 2 3 2 3 4 3 2 1 0 1 0 0 3 1 2 3 0 2 2 2 0 2 4 0 4 3 3 0 4 3 1 1 1 3 0 0 3 2 4 1 1 1 1 4 4 4 4 4 3 2 1 3 1 0 1 0 0 4 3 0 2 1 1 0 2 3 3 0 3 2 3 4 3 0 0 2 1 4 1 4 3 4 0 2 1 3 2 2 2 2 4 2 4 2 2 3 1 2 0 4 1 4 0 1 4 0 3 2 4 1 3 0 2 3 2 4
3 1 3 1 4 2 3 0 4 2 0 0 0 0 1 1 4 1 3 3 1 3 2 3 2 1 0 4 1 2 0 0 3 3 1 4 0 4 1 0 1 1 2 3 2 1 0 1 2 0 2 1 3 1 1 0 2 1 2 4 0 2 4 0 1 2 0 3 1 3 0 4 2 0 0 4 1 0 2 3 2 1 1 0 3 4 3 2 0 2 1 2 4 0 3 2 2 0 1 0 3 1 2 2 1 2 3 4 4 3 0 1 4 1 3 4 1 1 2 3 0 0 1 0 3 1 4 2 1 0 3 1 4 2 4 2 1 2 2 2 0 2 3 2 0 3 3 1 2 2 2 2 3 0 2 1 1 2 3 2 4
3 0 0 0 1 3 3 1 2 0 3 4 0 0 4 4 1 3 1 3 2 3 1 2 3 2 0 2 1 4 3 1 4 4 2 3 2 0 4 4 3 2 0 3 0 1 2 1 1 0 1 0 4 3 2 4 2 2 3 0 1 1 2 3 0 1 1 4 1 0 0 4 4 2 0 4 4 2 2 2 3 4 3 4 2 2 0 1 0 3 2 3 1 4 3 4 0 1 0 3 3 1 0 3 3 0 2 4 4 0 4 4 1 2 3 3 4 0 4 1 0 3 2 2 2 0 3 4 2 3 3 0 1 0 0 2 0 3 1 1 0 0 1 1 4 1 1 4 2 2 0 2 1 2 1 0 0 4 0 4 0
0 4 1 0 0 3 0 0 2 3 2 4 4 0 4 1 1 0 3 0 0 2 1 0 1 2 2 2 4 1 2 4 0 1 4 2 4 1 4 3 4 1 3 4 3 4 2 4 4 2 2 1 4 0 3 2 2 0 0 3 1 4 2 4 0 3 3 2 4 3 0 1 1 3 2 0 4 4 1 3 1 3 0 2 4 3 0 3 4 2 2 2 3 1 1 4 2 0 1 3 0 3 4 1 4 3 3 3 2 0 2 0 0 4 3 1 4 0 0 0 4 4 3 2 2 4 1 4 1 4 3 1 0 4 0 4 3 0 2 2 0 1 3 3 2 3 4 2 3 1 2 2 2 2 1 0 4 3 1 0 4
1 4 4 1 1 0 4 1 0 3 4 1 1 2 1 4 3 3 4 0 2 1 2 0 3 4 4 3 1 1 4 2 2 1 3 0 1 4 4 1 3 3 0 1 2 1 1 0 1 0 0 3 4 0 0 4 4 1 4 0 0 0 0 4 1 0 0 0 0 4 3 0 4 3 1 1 1 4 1 2 0 4 3 1 4 0 2 0 4 1 1 4 1 3 3 0 3 0 0 3 1 3 0 0 4 4 1 0 3 0 0 0 1 0 1 0 0 3 0 4 1 3 0 3 1 1 3 0 1 0 0 3 3 3 3 2 2 2 0 0 4 2 1 0 2 4 2 4 0 2 1 1 3 1 1 1 2 1 3 1 1
4 4 2 4 4 1 1 3 1 1 2 0 4 2 2 1 4 4 1 4 0 4 4 3 3 0 1 1 1 2 3 2 3 2 1 4 3 2 3 2 0 2 2 0 0 0 1 1 4 4 2 1 0 3 4 3 1 2 0 2 4 0 4 4 2 0 4 0 4 4 2 4 1 2 4 3 2 2 2 3 3 1 4 4 0 0 4 1 3 1 0 4 3 1 4 0 3 0 3 2 4 2 1 0 4 3 1 3 2 3 3 1 4 4 2 1 0 1 4 3 0 4 2 3 0 3 4 3 3 4 2 4 1 4 2 3 4 3 1 1 3 0 2 4 1 1 1 1 3 0 1 3 2 1 1 4 4 2 0 0 3
2 1 0 3 3 0 4 3 3 1 1 0 0 1 2 2 4 3 2 1 0 2 3 3 3 0 2 3 0 4 1 4 1 3 3 4 0 2 0 4 0 1 4 1 4 3 0 0 2 2 2 4 4 2 2 4 2 1 4 4 1 3 4 2 1 4 3 2 3 3 3 4 2 4 2 3 3 2 1 2 1 3 1 0 2 0 1 2 3 1 1 4 4 0 3 2 1 4 1 0 4 4 4 3 1 1 2 4 0 3 1 1 3 4 3 0 1 1 4 4 4 1 1 3 3 1 3 0 0 4 0 2 1 4 0 4 2 4 3 4 4 1 2 2 0 0 0 3 3 4 2 3 2 0 3 1 2 1 1 4 3
1 1 1 2 4 0 1 3 3 0 3 4 2 2 1 4 4 4 2 1 3 2 3 4 1 4 3 2 2 2 2 3 1 3 2 0 3 3 0 3 0 0 4 2 3 2 3 4 1 3 0 2 0 1 1 1 2 4 1 0 3 3 0 4 2 3 1 2 3 2 3 4 2 4 3 2 2 2 2 0 0 4 2 0 0 3 4 3 4 0 0 3 0 0 4 2 0 1 2 1 0 2 0 2 1 3 0 0 2 4 1 4 3 3 2 1 4 1 1 3 3 1 3 3 3 3 3 1 1 2 2 1 4 4 0 2 4 2 3 2 1 4 1 2 2 0 0 1 1 1 2 1 4 0 0 4 0 3 0 1 0
4 2 1 3 0 3 3 2 1 0 4 2 3 3 0 4 3 3 2 4 0 4 0 1 1 4 3 4 0 0 1 1 4 4 0 4 2 3 2 1 0 3 3 0 1 0 4 1 4 4 2 1 0 2 4 1 1 3 2 3 3 0 0 2 4 2 4 3 0 1 4 2 4 0 2 2 0 4 3 1 0 0 3 0 4 2 3 0 0 0 1 0 2 3 0 1 0 4 1 2 0 3 4 1 3 3 0 0 2 0 2 2 2 0 4 1 4 2 3 2 4 1 2 1 4 4 4 4 3 1 3 0 4 2 3 2 1 3 4 0 0 1 0 2 3 4 3 3 2 4 2 3 0 1 0 2 1 1 1 4 2
2 2 3 4 0 2 2 1 2 0 1 3 0 4 2 4 4 2 3 3 4 2 1 0 4 3 1 0 1 3 0 3 2 3 0 2 3 4 0 0 4 2 3 4 3 2 1 4 1 1 0 0 0 1 3 4 1 1 2 2 1 4 3 3 2 3 3 0 4 3 2 4 2 3 0 0 0 3 0 2 0 2 4 0 3 4 2 4 1 1 3 2 0 1 1 2 4 4 0 4 4 2 0 2 0 2 4 3 1 1 2 3 3 3 0 1 3 2 2 4 3 1 1 3 2 4 3 4 0 0 0 0 4 2 2 2 4 1 0 2 0 4 0 3 2 1 2 0 0 4 1 1 2 0 1 0 4 1 1 0 1
3 0 1 0 4 0 1 2 2 4 2 1 4 1 0 2 0 3 3 4 4 1 2 4 2 4 1 4 2 3 2 0 0 3 0 4 0 1 3 2 2 1 3 2 4 4 1 4 2 1 3 3 2 2 0 0 3 1 1 0 4 3 2 1 4 4 0 4 3 3 2 0 1 2 4 0 3 1 4 0 2 0 4 2 4 1 4 0 2 0 0 3 0 3 4 4 4 1 1 2 1 3 3 3 2 2 3 1 0 0 1 0 2 2 2 3 3 3 3 2 3 4 0 0 4 1 0 3 2 1 3 4 1 1 4 3 3 4 4 4 4 3 1 3 2 3 2 1 1 0 0 1 1 3 1 0 4 3 1 4 1
1 0 2 2 4 3 2 3 2 3 0 2 4 3 0 2 0 3 0 3 3 3 4 1 0 2 3 0 0 4 2 1 1 1 3 2 4 2 0 4 1 2 1 0 3 1 0 0 4 2 3 0 1 3 3 3 2 3 3 2 2 2 3 3 4 3 0 0 0 3 4 1 2 1 4 0 4 4 1 1 3 1 1 4 1 4 2 3 3 3 2 2 0 0 1 1 0 3 2 1 3 1 4 1 4 3 3 4 4 1 2 3 3 3 4 1 4 4 2 4 2 4 2 4 2 0 3 2 3 0 3 4 3 0 0 3 3 0 4 0 2 1 0 2 1 4 3 0 0 2 0 2 2 2 4 4 4 2 1 4 2
2 3 2 4 0 2 4 1 3 4 0 4 1 2 2 3 2 3 3 2 0 1 4 4 2 3 3 4 1 2 3 0 1 0 4 3 0 4 4 3 0 1 0 2 0 2 0 3 2 3 0 2 1 1 3 3 1 1 4 2 4 4 0 2 0 1 0 0 0 2 3 3 3 3 2 4 3 2 4 0 2 1 0 1 4 3 1 0 0 3 4 1 2 4 0 2 1 2 4 3 1 0 3 0 0 0 1 3 4 2 1 4 0 1 0 4 4 3 4 4 1 3 2 4 0 2 3 1 2 0 1 3 0 0 0 2 0 1 3 0 0 4 1 0 0 1 1 4 1 0 1 3 1 0 4 1 3 4 4 2 4
2 0 1 2 1 4 0 4 2 2 0 3 3 2 3 1 4 4 2 1 2 2 2 3 1 0 3 1 1 0 0 4 0 4 3 1 3 3 3 2 2 3 2 0 2 0 3 3 1 1 0 4 3 4 4 2 2 2 3 3 2 0 4 4 4 3 3 4 3 1 3 1 1 0 3 0 2 2 4 4 0 1 0 0 0 4 2 4 3 2 3 2 3 2 1 4 2 1 4 1 4 4 4 0 0 2 1 2 1 2 3 3 3 0 4 0 4 3 0 4 1 0 1 1 4 0 2 2 3 3 0 3 3 4 0 0 1 3 2 0 0 3 3 0 3 4 1 0 3 3 4 1 0 3 4 1 3 1 3 3 0
3 1 0 2 2 0 1 0 4 1 3 2 1 3 1 1 1 3 1 1 2 2 1 0 3 3 0 4 3 1 1 4 2 1 3 4 3 4 2 3 2 0 0 1 3 3 4 0 1 0 1 4 4 0 1 2 0 4 3 3 0 2 4 4 3 3 1 2 4 3 2 4 3 2 0 3 1 4 0 2 4 4 3 0 4 2 4 4 3 2 4 0 4 4 4 0 4 0 4 3 0 1 2 0 0 2 4 1 3 4 1 4 3 1 4 4 0 3 0 3 3 0 0 4 1 0 4 0 2 0 0 3 1 3 3 2 2 4 0 1 4 3 0 4 0 0 4 2 0 4 1 0 1 1 0 4 3 4 1 1 2
2 1 0 0 1 4 2 1 0 3 2 0 1 1 2 3 2 0 3 4 1 4 0 4 1 2 0 0 3 3 4 0 1 0 0 2 4 0 3 1 0 0 2 1 4 4 4 1 4 0 0 2 4 3 4 0 0 4 2 0 4 4 1 0 4 3 2 3 3 3 2 1 0 4 2 4 3 2 3 0 2 0 2 3 3 1 0 0 2 4 1 1 3 2 1 2 2 1 3 3 4 0 4 1 1 1 3 4 0 1 1 4 1 4 2 2 2 4 2 0 4 0 3 2 4 2 2 2 3 0 0 4 2 1 2 3 2 0 4 0 3 1 4 2 2 4 4 4 3 3 1 2 1 2 0 0 4 2 4 4 4
1 0 3 2 4 3 2 0 2 2 0 0 3 2 4 2 3 1 1 4 4 0 2 1 0 2 2 4 2 3 0 3 0 3 3 0 1 0 2 1 4 4 3 2 4 3 0 4 4 3 3 3 3 0 2 1 0 1 2 4 2 3 2 2 3 0 4 0 2 3 3 1 3 1 4 2 4 1 1 0 4 2 1 4 4 0 0 4 1 3 3 3 3 3 3 1 0 2 1 3 3 1 1 1 3 2 0 4 3 3 2 4 0 3 4 2 0 1 3 1 1 2 2 4 2 0 1 4 4 4 4 2 1 1 0 1 3 2 0 2 1 2 3 3 2 2 0 2 1 1 1 2 3 0 2 2 0 3 1 1 4
1 1 0 4 3 3 2 1 4 1 2 3 0 2 3 4 0 2 0 1 0 3 1 0 0 3 2 0 1 1 4 4 2 2 3 0 0 1 1 1 2 0 2 4 3 2 4 3 4 4 4 0 4 0 2 4 0 0 4 1 1 1 1 0 3 4 0 0 2 4 2 2 4 1 1 4 3 2 2 2 4 3 4 3 0 2 3 0 4 4 2 2 2 0 2 0 1 4 3 4 0 2 1 2 3 4 1 1 2 1 0 3 1 2 1 2 4 4 2 0 1 1 2 3 1 1 1 3 0 4 2 1 3 0 3 1 1 1 4 0 2 4 3 1 1 0 3 2 1 0 4 2 2 1 3 3 4 4 3 0 0
2 3 0 2 3 1 1 1 2 1 1 1 2 2 0 2 0 4 3 0 4 3 4 2 1 3 2 2 3 4 4 1 4 4 3 4 2 1 0 4 3 1 2 0 0 4 4 0 4 4 3 0 2 2 2 0 2 4 4 1 0 0 2 4 4 2 3 3 1 1 2 1 4 2 1 0 1 2 0 2 1 0 2 1 0 0 3 2 1 3 0 2 0 4 1 0 4 2 0 0 3 0 1 2 2 4 2 3 1 0 3 4 2 0 2 2 0 1 0 2 1 2 4 1 2 2 3 3 1 4 3 4 4 1 4 1 2 1 1 0 3 4 4 1 0 2 3 2 0 0 4 1 3 0 2 2 0 1 0 1 0
0 3 4 3 2 2 0 0 3 0 4 0 4 2 2 3 2 4 3 3 1 4 3 1 4 2 3 0 4 0 2 4 3 1 2 2 0 2 2 0 4 1 0 3 0 2 4 3 2 4 3 3 4 1 1 0 0 2 0 4 2 2 3 2 0 2 4 0 1 3 0 0 2 3 0 2 0 1 0 4 1 0 4 2 3 3 2 3 0 2 2 4 1 2 3 3 1 4 3 4 2 0 4 4 0 2 2 3 3 4 4 4 0 4 1 0 4 0 4 4 4 3 0 0 3 3 3 4 4 3 4 1 1 0 3 1 2 2 1 3 1 1 2 3 2 1 4 1 3 0 2 3 0 2 0 3 2 4 0 1 4
1 2 2 1 0 1 1 2 2 4 1 3 3 1 0 1 2 3 0 4 0 3 0 2 3 3 4 4 3 0 1 4 0 3 3 2 4 4 2 4 0 0 4 3 1 0 0 1 0 0 0 1 0 0 3 3 1 0 3 1 2 4 3 4 4 1 2 4 2 1 0 2 1 4 2 4 1 2 2 2 4 0 3 4 2 3 3 3 3 3 2 3 4 0 2 0 3 1 1 2 2 1 4 0 1 3 2 2 1 4 4 2 1 4 2 4 3 2 2 3 2 4 3 3 1 1 3 4 2 0 1 2 3 2 4 4 1 1 4 4 3 3 1 4 0 0 3 3 2 3 3 1 4 2 4 1 0 3 2 4 0
1 3 3 3 3 0 1 1 4 2 1 4 1 3 4 1 3 4 1 1 0 2 3 2 2 4 4 2 3 0 4 4 4 2 0 4 4 3 0 3 1 2 3 2 0 2 0 3 4 1 2 4 4 0 3 3 1 2 0 4 2 4 1 3 3 1 2 3 4 3 1 2 2 1 1 4 1 2 4 0 0 1 4 4 3 2 2 4 1 2 1 3 3 4 4 2 0 1 2 1 4 0 1 3 2 2 2 0 1 2 0 2 0 1 3 4 3 1 0 4 0 3 4 1 2 3 0 4 0 2 3 1 2 4 2 1 3 4 3 0 3 3 4 1 4 2 2 4 3 4 0 1 3 0 2 2 0 2 2 2 1
0 1 0 1 3 4 4 4 2 1 0 3 0 1 2 3 3 4 3 2 4 1 2 4 3 0 2 2 4 4 0 4 0 1 0 0 2 1 0 4 3 0 2 3 1 2 3 1 1 2 0 0 3 3 2 4 3 4 3 2 0 1 3 1 2 0 3 1 1 3 0 4 0 0 0 3 2 3 4 3 2 0 0 3 0 2 2 0 3 2 4 4 3 2 2 2 4 0 3 2 1 1 4 1 1 4 0 3 4 1 3 2 1 3 0 1 3 4 3 3 1 2 2 2 4 1 4 0 4 0 3 0 1 2 1 2 1 3 2 0 0 0 4 3 0 4 2 3 3 0 2 2 3 1 4 4 0 0 0 4 0
3 4 3 0 2 0 3 3 4 0 3 4 0 3 2 4 0 0 0 1 4 2 4 3 1 0 3 3 0 2 4 0 3 2 0 2 0 0 2 1 1 0 1 1 4 3 2 1 0 2 2 2 1 3 0 2 4 0 1 1 4 2 2 4 1 2 3 3 0 1 0 1 1 3 4 2 3 1 4 3 1 3 2 2 2 4 2 3 4 0 4 0 2 1 4 0 1 3 4 1 4 4 4 2 2 3 2 0 4 1 0 2 1 0 0 3 4 2 3 1 4 3 1 1 1 1 1 2 4 2 0 0 1 4 2 0 2 4 2 4 2 0 3 1 0 3 4 4 2 0 0 1 3 4 4 4 0 3 4 1 0
4 1 4 1 0 1 0 2 4 1 1 4 0 2 4 0 4 0 0 4 3 1 4 2 3 0 4 3 1 2 0 3 0 4 4 0 3 1 4 2 3 3 3 0 2 4 0 1 4 0 2 4 4 3 3 4 1 2 2 2 4 2 0 1 4 1 4 4 3 3 1 3 3 4 3 1 3 3 4 4 1 2 4 2 2 4 1 3 4 3 1 0 2 3 2 3 0 1 2 0 4 0 3 3 1 1 1 4 1 0 1 2 2 2 4 2 1 2 0 0 2 3 1 2 2 3 0 2 4 0 2 0 0 2 0 2 3 1 3 1 4 1 4 3 3 0 0 2 0 1 4 2 4 0 4 3 0 2 2 1 2
4 4 4 3 1 3 1 0 2 3 4 0 4 2 1 1 3 3 1 1 2 4 2 0 0 1 2 2 3 1 4 0 0 4 3 1 4 2 3 3 2 2 4 1 0 0 4 0 3 1 3 2 2 0 4 2 3 2 2 2 3 1 4 0 2 2 3 2 1 2 0 3 4 1 1 1 1 1 3 1 2 1 1 1 2 0 0 0 2 2 4 2 4 3 2 3 3 3 2 4 0 3 0 1 4 1 0 3 2 3 4 1 0 2 2 4 3 3 4 2 0 1 2 1 4 1 2 4 4 4 1 4 4 1 3 1 4 3 1 2 1 0 3 3 3 3 2 3 3 4 0 3 0 2 2 1 4 1 3 0 0
4 0 2 2 0 3 1 3 1 3 1 1 4 0 1 4 4 1 2 3 4 2 0 1 4 4 2 2 2 3 3 3 0 2 0 0 2 3 0 3 2 1 1 3 1 0 2 3 1 4 3 0 1 4 4 3 0 1 0 4 1 0 2 3 4 4 3 1 2 3 4 1 2 3 1 0 3 3 3 4 4 2 2 3 3 1 3 3 4 3 2 1 1 1 1 0 2 0 4 4 0 3 3 4 3 4 0 1 0 3 1 4 2 3 4 0 1 2 0 0 3 4 3 4 2 0 1 4 2 0 4 2 1 4 2 4 3 4 1 3 2 4 0 2 4 4 2 2 2 0 2 0 4 1 1 2 3 4 3 0 0
2 4 3 3 3 4 2 2 2 2 2 1 4 4 2 1 3 4 3 0 4 0 0 2 3 4 0 2 2 2 2 2 1 2 0 2 2 4 4 4 4 3 3 0 4 2 1 0 2 1 0 3 1 2 0 1 3 0 4 3 4 3 2 0 1 4 2 0 1 4 4 0 4 4 0 1 2 4 1 1 0 3 4 4 3 4 0 1 1 4 1 0 3 3 2 1 3 2 1 4 1 2 1 2 2 3 3 4 2 1 0 3 0 1 2 3 0 4 1 1 4 3 3 4 1 0 2 1 2 3 0 0 2 3 3 4 2 3 0 4 0 2 4 2 3 3 2 0 3 3 3 4 3 1 0 0 2 2 1 1 0
4 2 2 2 2 4 1 0 4 3 2 4 2 4 2 3 1 3 3 2 1 2 0 3 2 2 2 4 1 3 1 2 0 0 1 2 1 3 0 1 1 2 0 0 4 4 3 2 2 1 1 1 0 2 1 4 1 3 3 2 3 1 4 1 4 1 3 0 1 0 1 2 0 3 4 4 3 0 3 2 3 0 0 4 4 1 3 0 1 4 0 0 0 4 1 4 2 1 0 3 2 3 2 4 4 2 3 4 2 3 1 0 0 4 1 4 0 0 2 2 4 2 2 1 1 0 3 1 1 0 4 3 3 2 2 4 1 2 3 3 3 2 0 3 1 2 0 1 4 2 0 0 4 4 1 2 4 1 3 1 1
0 1 2 4 1 1 0 0 2 0 3 4 0 4 2 4 4 0 0 3 1 0 4 0 4 1 2 0 2 3 4 4 1 1 3 2 4 3 3 1 0 3 2 0 2 4 2 3 0 2 1 3 0 0 0 4 4 2 1 3 2 0 2 4 3 0 1 3 0 1 1 0 0 1 2 4 0 4 3 2 4 1 2 4 2 3 0 3 2 1 1 0 2 0 4 2 0 0 2 0 2 4 0 4 2 2 3 4 4 1 2 0 3 1 4 2 4 4 2 2 2 0 2 4 0 3 2 0 0 4 2 2 0 4 3 4 3 2 4 4 0 3 4 3 4 0 2 1 4 1 0 2 1 2 3 1 2 2 3 2 4
2 2 1 1 0 1 0 2 0 1 3 3 1 3 4 1 3 0 3 4 0 2 3 4 2 4 1 0 0 4 1 2 3 2 1 3 3 3 3 0 4 3 0 0 3 0 4 1 0 4 3 3 1 1 4 0 2 1 0 4 2 3 2 0 1 0 0 1 3 3 2 2 1 2 0 0 4 4 3 2 0 3 0 1 4 4 1 4 2 4 0 1 2 2 3 0 4 4 2 2 2 1 0 1 0 2 3 0 3 1 4 3 2 4 1 3 0 4 2 0 3 3 1 3 2 2 3 2 1 2 1 0 0 3 3 1 0 1 3 3 0 2 3 2 3 4 0 0 4 0 0 4 0 4 2 4 1 3 3 4 2
0 1 3 3 0 4 1 3 2 1 3 4 0 2 4 1 0 4 0 2 0 2 2 1 4 1 4 4 2 0 2 2 1 0 2 3 4 0 2 3 2 2 4 4 2 3 2 2 2 0 4 4 2 3 2 3 4 1 3 3 3 0 0 0 2 0 3 1 0 2 1 4 0 0 0 2 0 3 1 2 0 2 4 2 0 1 0 1 0 0 0 3 0 0 0 2 2 1 0 0 3 3 4 3 3 2 2 3 2 0 3 2 2 2 4 2 0 1 4 0 2 4 1 4 1 1 2 1 4 4 1 3 3 2 3 3 4 1 2 1 3 2 0 1 4 4 0 1 3 4 4 0 0 0 4 4 3 3 0 3 0
1 1 3 3 1 3 3 4 2 1 3 4 2 4 0 3 4 2 1 1 1 3 3 1 0 2 1 3 2 1 3 0 4 3 4 1 4 4 0 1 2 3 1 4 4 1 0 1 3 3 4 4 2 2 2 2 0 1 2 4 2 1 0 2 1 4 3 0 0 3 2 2 4 0 2 3 1 4 1 2 2 0 1 4 3 1 3 3 4 1 4 1 4 4 3 0 0 3 3 0 4 2 3 3 2 2 3 0 1 0 2 3 0 1 0 0 4 3 0 3 1 0 4 0 4 0 3 0 0 1 2 4 0 0 2 4 2 3 4 0 0 4 1 2 0 3 3 4 3 3 2 0 3 3 0 0 0 3 2 1 1
4 0 3 0 0 2 4 3 2 2 0 1 3 2 3 3 0 2 1 4 1 1 4 1 4 1 2 2 3 3 1 3 3 4 0 0 2 1 0 1 3 0 4 3 3 2 3 3 1 0 4 4 1 1 0 0 2 4 0 1 2 1 1 3 2 1 3 4 4 4 2 0 4 1 0 2 0 4 3 3 4 2 2 2 3 0 0 1 4 2 4 4 0 0 2 2 3 2 2 4 3 1 4 3 3 0 2 0 4 0 4 0 0 1 4 0 3 4 1 3 3 2 4 3 2 3 1 2 0 0 2 4 1 1 4 4 3 1 0 4 4 1 4 1 2 1 1 3 2 0 1 1 2 2 4 0 0 0 4 0 0
1 1 4 0 2 3 3 4 0 3 0 1 4 1 1 2 2 4 0 4 2 1 2 4 0 4 1 3 3 3 0 0 2 4 2 4 0 0 0 2 0 0 1 2 3 4 4 3 0 4 2 2 0 4 3 3 3 1 3 4 4 0 1 1 0 3 1 2 3 1 4 4 4 2 1 2 1 0 2 1 2 0 0 2 1 3 2 0 4 2 1 1 3 2 2 3 0 0 2 3 4 1 4 3 4 2 2 2 0 0 4 2 0 1 1 1 0 4 3 1 1 4 4 1 1 4 4 1 4 1 2 3 0 1 3 1 4 1 3 4 1 4 1 1 1 4 4 3 3 0 1 2 4 1 3 3 2 0 4 1 3
3 2 0 0 0 1 1 3 2 2 4 3 0 2 1 4 2 1 0 4 3 4 3 1 2 1 3 4 3 1 0 3 0 0 0 1 4 1 1 3 0 1 3 0 3 0 2 2 1 2 1 1 1 2 2 0 0 2 2 0 1 2 4 1 4 4 4 0 3 1 3 3 2 4 1 2 4 0 2 2 4 0 4 0 2 3 2 0 3 1 0 4 3 1 0 0 1 0 0 1 3 1 1 0 0 2 4 4 4 1 3 3 4 4 0 1 3 3 3 3 4 4 2 0 0 4 2 3 4 2 4 2 3 1 4 0 0 1 1 0 4 0 0 3 4 1 2 4 1 0 2 2 1 4 4 4 4 1 2 0 4
2 0 4 0 1 0 2 2 3 2 4 3 0 2 0 1 1 4 2 2 2 1 0 3 1 4 4 2 2 2 3 1 2 3 1 0 0 3 3 3 3 4 4 3 1 4 1 3 0 0 2 4 1 2 0 2 2 4 2 1 1 0 2 0 0 0 3 2 0 3 3 0 2 2 3 3 3 1 3 0 1 0 0 3 3 0 2 2 1 4 3 0 2 2 2 4 2 0 2 2 3 0 3 0 4 3 1 4 2 4 4 3 0 1 3 0 1 3 4 0 4 2 0 1 1 2 1 3 3 3 2 1 0 2 4 1 3 0 0 0 4 1 3 1 3 4 3 1 2 2 1 1 1 1 3 2 4 1 2 4 1
0 2 3 2 1 4 0 1 1 2 3 2 3 4 0 2 0 2 4 2 0 2 1 2 2 0 3 3 3 2 1 3 4 4 2 3 3 0 4 4 2 4 4 0 1 1 4 1 0 0 3 1 3 1 3 2 2 3 1 0 0 4 0 1 4 4 4 4 4 1 1 2 0 2 4 1 3 4 4 4 4 3 0 4 1 0 2 3 0 0 0 0 4 2 3 0 2 0 2 3 1 0 0 3 2 2 2 0 3 1 1 2 1 3 4 0 0 1 0 0 3 3 0 2 0 1 0 4 1 2 3 4 2 0 4 4 2 3 1 0 2 3 0 3 1 4 0 2 2 1 4 0 4 0 4 4 3 4 1 4 3
4 0 2 4 4 3 4 3 0 1 0 0 3 0 3 4 3 2 1 4 2 3 3 4 3 4 2 4 0 3 0 1 0 2 1 4 3 2 4 0 3 1 0 2 4 0 1 2 0 0 1 4 3 1 3 3 2 2 0 3 2 0 1 2 4 2 3 2 1 3 2 2 1 4 1 2 2 2 4 2 4 2 1 0 0 1 0 3 0 0 3 2 2 4 4 2 4 4 1 0 4 1 2 1 0 3 3 4 3 0 1 4 4 4 4 0 2 2 0 2 2 3 4 0 2 0 4 3 0 0 4 4 1 3 2 4 4 3 3 4 0 2 0 4 1 2 1 4 4 1 1 1 1 3 3 1 0 2 4 0 0
0 2 1 4 1 0 0 4 1 4 1 3 4 3 1 1 4 2 2 3 1 4 1 4 4 2 4 2 2 2 2 2 4 0 3 2 1 3 4 2 4 0 2 1 3 3 4 0 1 2 0 2 3 1 3 2 4 2 1 3 4 3 2 0 1 1 0 2 1 4 1 3 4 3 4 0 3 0 0 4 4 0 3 2 3 1 0 2 4 1 0 0 2 3 3 3 1 3 2 4 4 0 2 0 0 3 0 3 4 2 0 0 4 3 3 3 0 0 2 1 3 0 3 0 0 1 0 1 1 4 0 2 1 0 3 1 3 3 2 4 3 2 0 4 2 0 2 2 0 0 0 3 2 4 1 2 2 3 3 1 0
0 3 1 0 1 3 1 2 2 2 2 4 4 1 1 4 4 1 1 1 1 2 3 0 0 0 0 3 0 1 3 2 4 2 3 3 2 1 2 4 3 4 3 0 0 1 4 1 2 1 4 1 0 2 3 0 4 3 3 1 4 4 4 1 3 4 4 0 0 3 4 0 2 4 0 2 0 2 4 0 0 3 1 0 3 1 0 4 0 0 1 1 1 2 2 4 1 3 4 1 1 0 3 3 4 4 3 0 1 4 2 1 4 0 3 2 1 3 4 3 0 2 0 2 4 2 1 0 3 3 3 1 3 1 0 3 2 0 0 0 4 4 3 3 4 1 3 2 4 4 1 0 1 3 4 0 2 2 0 0 0
0 2 1 3 4 4 1 1 1 1 0 0 2 0 1 3 0 0 0 4 3 2 0 1 1 0 4 3 2 1 1 4 0 2 3 4 3 4 0 4 2 2 1 1 0 4 0 0 4 0 0 3 4 0 1 0 3 0 0 2 4 1 2 4 0 0 1 3 1 3 4 0 1 2 2 1 1 2 3 3 4 3 3 3 1 4 3 4 2 0 1 1 4 0 2 4 0 3 3 1 2 4 2 0 2 4 1 3 3 4 3 2 0 1 0 1 1 0 2 0 2 0 3 1 1 0 1 3 4 1 0 1 0 4 1 2 0 4 3 3 0 1 0 2 3 2 3 1 4 2 3 1 0 1 3 3 1 1 1 0 2
3 3 4 2 1 2 2 2 2 2 3 3 4 0 3 1 1 1 2 0 4 4 0 0 4 3 4 0 0 1 4 3 0 3 3 3 2 2 1 4 0 1 0 4 3 0 3 1 4 0 2 3 1 2 1 0 3 2 2 0 3 1 0 0 2 3 4 4 3 2 1 3 3 3 4 3 0 2 0 4 0 2 0 1 1 3 2 4 2 1 1 0 3 2 1 2 0 2 3 0 4 1 3 4 4 0 2 2 2 2 3 2 1 0 1 3 3 3 4 0 1 3 3 4 0 1 3 2 3 2 3 4 3 3 0 0 3 4 2 1 4 0 0 0 1 3 0 1 1 2 4 0 0 2 4 0 0 3 4 0 2
2 4 0 1 1 0 4 0 2 2 1 0 0 2 3 3 4 1 2 1 0 2 3 4 3 3 4 3 3 4 0 2 0 1 3 3 1 0 1 1 2 2 3 2 4 1 3 1 2 0 2 0 2 1 4 2 1 1 1 1 2 1 4 0 2 4 3 1 4 4 4 4 2 2 3 3 0 1 4 2 1 4 4 0 2 1 0 3 2 1 2 1 2 1 1 2 0 2 3 0 1 2 4 0 1 2 1 1 1 0 0 4 1 0 2 3 1 2 4 0 3 1 3 2 2 0 4 4 4 4 1 2 3 2 3 4 2 4 0 3 1 3 2 3 3 1 3 1 3 2 1 3 3 1 1 2 1 0 2 2 0
3 0 3 3 0 0 0 1 2 0 2 0 2 2 0 1 1 1 4 3 4 3 4 1 4 1 4 1 0 2 1 1 4 2 4 4 2 1 0 4 1 4 2 0 2 2 1 3 1 1 3 0 1 2 1 2 1 3 3 1 2 2 4 1 4 3 0 3 1 2 4 2 1 3 3 3 1 4 3 2 2 4 4 0 3 3 2 4 1 3 3 3 0 4 4 1 3 1 4 1 0 0 4 1 4 2 2 2 3 0 4 3 4 3 3 3 1 3 4 4 1 4 2 1 4 3 4 4 1 0 0 1 0 4 0 1 3 2 3 4 2 4 2 4 0 2 4 3 0 3 3 1 0 2 4 4 3 3 0 4 0
0 3 1 2 3 4 2 0 3 1 4 2 3 0 2 3 4 1 3 0 1 2 0 3 3 1 1 4 1 3 4 1 3 2 0 3 2 3 0 0 4 4 4 0 0 4 3 1 2 3 1 3 0 1 1 1 2 0 0 0 0 1 2 3 4 4 3 1 2 3 3 4 4 4 4 1 3 4 3 0 2 1 0 0 3 4 1 2 4 1 3 1 4 2 1 3 1 4 1 1 4 4 0 3 1 4 2 4 0 2 2 2 3 2 2 3 1 3 1 2 1 1 0 1 3 1 1 1 2 3 2 1 4 4 2 0 3 4 2 3 1 4 3 4 3 0 3 2 1 1 4 2 2 2 0 2 3 2 0 1 0
3 4 1 2 3 2 3 2 1 3 0 0 1 2 3 4 2 2 0 3 2 4 2 4 0 1 4 4 1 2 1 1 4 2 4 2 1 4 0 2 4 2 4 1 4 0 2 3 2 4 3 1 3 0 2 0 3 2 1 0 1 2 1 0 2 2 3 0 3 0 0 3 2 4 1 4 1 3 2 4 2 1 2 2 3 0 3 4 4 4 4 0 4 2 3 1 2 1 3 0 1 3 3 0 3 4 1 1 2 4 0 1 2 0 4 2 0 4 1 1 0 2 1 1 2 4 2 4 2 1 4 0 1 3 3 4 4 4 1 4 0 3 0 4 3 1 2 0 2 0 1 3 0 0 4 2 1 4 3 4 2
2 1 3 2 4 0 2 1 3 3 1 3 0 1 4 2 0 4 1 2 3 4 2 3 1 1 1 2 4 2 1 4 4 1 1 0 1 0 1 1 0 3 0 1 1 4 0 3 0 1 0 3 1 0 3 4 3 2 3 3 4 4 4 3 0 2 1 2 0 2 0 0 2 0 1 3 1 1 1 2 3 4 2 1 4 3 2 2 0 0 2 4 4 1 0 4 4 1 3 4 3 4 4 1 1 3 1 3 1 3 2 1 2 4 4 3 4 1 2 4 1 0 4 2 3 4 4 2 0 2 3 0 3 0 1 2 3 3 2 4 3 4 1 2 0 0 0 0 4 4 4 2 4 0 0 3 4 4 2 1 3
1 2 4 1 0 3 1 0 0 2 3 4 0 2 1 3 4 1 2 4 3 4 3 3 1 3 0 2 3 3 3 4 2 4 2 3 2 3 0 2 0 1 3 1 3 4 4 3 3 3 2 1 4 2 1 1 1 1 3 4 0 3 0 2 2 4 2 4 4 3 1 1 4 1 4 4 1 3 2 4 3 1 2 3 4 3 4 2 0 4 1 2 3 3 1 2 4 4 2 3 4 0 4 0 2 4 4 3 4 4 4 3 0 1 3 4 4 2 1 1 3 4 3 3 4 0 1 3 1 3 1 0 0 1 2 2 2 3 2 1 2 1 4 0 4 2 1 4 1 3 0 2 4 1 0 4 3 1 4 4 1
3 1 2 4 3 1 1 3 4 4 3 2 1 3 4 0 4 3 4 4 0 1 1 3 1 2 1 0 1 0 3 4 3 2 0 3 4 3 2 0 0 0 4 1 0 3 1 1 3 0 3 1 3 4 4 2 3 3 4 4 0 2 1 4 0 3 2 4 2 1 4 4 3 0 0 3 4 3 2 2 1 0 3 4 1 3 1 4 3 2 0 3 0 1 2 0 2 2 1 1 3 2 0 2 2 0 2 1 3 4 1 1 1 4 1 2 4 4 3 2 2 4 1 2 2 0 4 4 2 2 0 1 4 0 0 3 2 2 0 1 4 3 2 0 2 0 0 4 0 3 1 4 4 4 3 2 0 2 1 2 1
2 0 0 4 0 3 2 3 0 0 4 3 4 4 3 0 1 2 2 0 0 3 4 0 1 3 2 0 0 4 1 4 2 3 3 2 3 2 2 4 2 1 4 2 3 2 4 4 1 3 1 2 3 3 2 4 1 4 1 1 0 4 2 2 2 3 2 0 0 4 1 3 1 1 2 4 0 3 0 4 3 2 1 1 0 0 2 1 1 3 0 3 2 4 1 1 2 3 1 3 4 3 3 2 1 2 1 3 2 4 2 0 1 0 3 1 0 0 4 1 3 1 0 2 1 3 3 3 3 1 3 2 1 3 2 4 0 0 3 4 4 2 4 0 3 4 3 0 4 3 4 4 4 4 3 2 4 1 1 2 3
1 1 1 0 3 1 0 4 4 0 0 3 1 1 3 3 4 4 2 4 3 4 1 4 2 3 3 1 1 2 1 3 0 2 3 1 3 0 2 4 2 2 3 1 3 3 4 0 4 3 1 2 2 2 3 0 3 3 3 4 0 4 2 3 1 2 4 0 0 1 4 2 3 4 0 4 3 4 1 2 0 2 2 2 0 2 4 3 1 2 4 3 1 4 1 0 1 0 0 3 1 1 3 2 1 3 3 1 0 4 0 0 1 4 4 3 2 1 3 3 3 3 1 2 2 0 2 0 0 4 4 4 0 2 1 3 2 4 1 2 0 2 4 1 1 4 0 0 0 3 3 0 3 2 4 0 2 3 1 4 2
2 3 0 1 1 0 3 2 2 1 2 4 2 1 2 1 1 3 3 1 3 4 0 2 0 2 1 4 0 1 3 2 4 0 3 3 1 4 0 3 2 0 4 4 1 3 1 2 1 1 0 2 0 2 4 3 0 3 2 0 4 0 0 0 1 0 3 4 4 1 2 1 1 1 1 2 1 4 1 3 0 1 2 3 4 3 1 4 1 3 1 0 0 1 1 3 2 1 2 3 2 1 0 3 4 3 2 1 2 3 4 2 2 3 0 1 1 3 2 3 1 0 0 4 2 3 2 1 0 2 4 4 3 1 3 3 4 0 4 1 1 0 1 3 3 3 1 4 2 3 4 0 3 2 4 2 0 2 0 2 4
0 2 4 1 2 2 1 2 1 4 0 1 2 3 1 1 4 3 3 4 2 3 0 4 0 4 2 2 0 4 3 0 1 2 3 3 2 1 3 3 3 0 2 0 4 3 1 0 1 1 0 1 0 0 2 0 1 4 4 1 1 4 3 2 3 2 3 0 0 3 4 3 3 3 4 4 1 0 0 0 2 2 1 4 4 3 1 0 0 0 2 1 1 0 0 4 4 0 0 0 0 1 3 4 4 2 0 0 0 0 0 2 2 3 3 1 4 4 2 4 4 1 2 2 1 2 1 1 0 1 3 0 2 1 1 3 4 2 4 1 2 1 3 2 0 1 3 4 0 2 0 1 3 2 3 2 1 1 3 1 3
1 4 2 4 0 3 0 2 4 1 2 0 1 4 2 2 2 3 4 2 0 2 0 2 2 4 1 4 2 4 4 0 3 3 2 1 1 2 3 0 4 0 3 0 4 0 0 4 1 1 3 1 4 0 1 1 0 4 2 4 3 1 0 4 0 4 0 1 1 3 4 2 1 2 0 2 4 0 3 0 3 1 4 2 2 2 1 2 1 3 1 4 2 3 0 2 2 0 0 1 1 1 3 2 3 3 4 0 0 3 2 1 1 3 3 3 0 1 2 1 2 4 3 4 4 3 3 2 4 0 3 0 4 3 4 2 4 0 4 1 0 2 2 2 0 3 2 1 4 0 4 3 1 4 2 0 3 2 2 4 0
2 1 4 1 0 3 0 2 3 1 3 2 4 0 2 2 4 0 3 4 0 2 0 1 1 1 4 1 3 0 1 3 1 0 4 3 0 4 1 3 2 1 0 3 3 0 2 2 0 1 2 2 0 2 4 1 0 0 2 1 1 0 4 4 2 3 0 3 4 3 3 3 4 4 2 2 1 4 4 1 2 3 1 2 3 0 4 3 2 3 4 3 4 0 0 1 3 0 1 4 3 0 3 4 1 2 1 2 3 2 0 1 1 1 3 4 3 4 4 1 3 4 1 4 4 1 0 0 3 4 1 3 4 1 2 0 3 0 4 2 0 4 0 1 3 3 2 1 3 1 4 3 2 3 2 4 4 4 4 0 3
2 3 2 4 3 4 4 3 3 3 3 0 3 1 3 2 3 1 0 2 3 3 4 1 2 3 2 1 4 2 0 2 1 4 3 4 4 2 4 4 1 3 1 4 4 1 1 0 3 3 2 3 3 3 4 0 2 1 2 1 4 4 0 2 3 3 1 4 1 2 1 4 0 2 3 2 1 0 4 1 0 1 4 4 1 0 1 3 1 0 2 2 4 4 4 0 3 2 1 1 0 2 0 2 2 3 1 3 0 0 4 3 3 0 4 0 0 0 0 3 1 2 1 2 2 2 4 2 2 1 3 4 0 3 3 4 3 0 2 1 2 3 4 1 0 3 1 0 3 1 4 1 1 2 1 0 1 0 2 3 3
0 4 4 0 3 3 0 0 3 1 2 3 0 3 4 3 1 1 4 0 2 2 3 4 3 3 1 1 0 1 1 2 3 0 4 1 1 4 1 1 1 0 4 1 4 0 2 2 2 1 4 1 0 2 1 1 0 4 4 2 2 0 4 0 3 3 3 4 0 1 2 1 2 1 4 3 4 1 0 3 4 2 4 2 4 2 3 2 1 2 4 4 2 1 1 2 1 0 3 3 1 0 4 3 4 1 1 3 2 4 1 4 1 2 3 2 0 1 4 1 0 1 2 4 4 4 2 2 1 0 1 2 1 2 1 0 3 4 3 3 0 1 4 1 0 2 4 0 3 0 4 3 1 3 2 2 4 1 0 0 2
1 3 3 3 1 0 4 2 0 2 3 1 1 4 3 3 0 4 3 1 3 1 4 1 0 2 3 2 2 3 1 0 1 4 0 4 4 4 2 1 1 0 4 4 4 2 2 2 1 0 3 1 3 2 0 1 4 3 3 3 1 1 3 0 0 1 4 1 0 3 2 4 3 1 3 0 0 3 2 2 3 2 0 4 4 2 0 1 0 0 4 4 1 0 1 3 1 0 4 3 4 3 4 4 1 0 4 1 3 3 0 3 0 3 2 2 0 4 3 3 4 4 2 0 1 3 3 4 0 4 0 1 4 4 3 2 1 4 1 4 3 1 0 0 1 2 2 2 2 2 0 3 4 4 4 0 4 4 2 1 4
2 3 0 3 3 3 0 2 4 4 0 2 1 3 4 4 0 3 3 0 0 3 1 4 2 3 0 4 0 1 3 4 1 0 3 4 3 3 2 2 4 4 2 1 2 1 2 0 4 2 2 1 0 3 2 0 1 2 4 2 0 4 3 2 4 1 3 3 1 2 2 1 4 4 4 3 2 3 0 3 2 2 4 2 2 1 4 4 3 3 3 1 4 1 3 4 0 3 4 1 3 1 2 2 3 3 0 0 3 1 1 0 0 0 0 3 4 4 2 4 0 2 0 4 3 0 0 0 4 4 2 2 3 1 1 1 0 1 3 3 4 4 4 0 2 1 3 1 0 2 0 0 1 3 2 1 3 2 2 2 4
4 1 2 0 2 0 2 1 0 1 0 2 2 2 4 3 2 2 0 1 4 3 2 2 0 4 1 4 1 0 3 2 2 2 2 1 2 0 2 0 3 0 2 0 2 3 0 2 0 0 3 1 0 3 4 0 2 0 2 0 0 0 2 4 0 1 1 4 1 0 4 4 0 1 1 3 4 3 2 1 1 0 3 1 3 2 4 2 4 1 4 1 3 1 3 3 0 4 3 1 4 2 3 2 1 1 2 2 0 4 4 3 1 4 4 0 3 3 4 2 4 4 0 0 2 3 3 2 4 3 1 1 1 1 3 4 2 0 1 4 1 2 2 2 1 2 4 4 2 4 3 4 0 1 4 4 1 2 4 1 3
0 4 4 1 4 0 3 1 1 0 2 4 2 4 2 1 4 2 1 0 2 0 2 3 1 1 2 0 0 3 3 2 4 4 3 3 4 4 4 1 4 3 2 3 2 4 2 3 3 3 0 3 0 2 3 1 1 0 1 3 0 0 1 4 4 4 4 4 0 0 2 4 3 4 0 3 0 2 1 1 2 2 4 2 1 2 3 4 3 4 3 3 1 4 0 1 0 4 2 1 0 4 2 3 0 2 1 0 1 0 1 3 4 0 2 2 0 0 2 3 2 0 3 0 4 3 1 4 3 0 2 0 4 0 0 4 4 2 2 3 4 3 3 0 1 1 2 3 3 4 1 0 4 1 1 0 2 4 2 0 0
4 2 1 1 2 3 3 1 0 1 0 0 4 2 3 0 0 1 4 4 4 1 1 1 4 1 3 1 0 0 3 0 4 4 3 1 2 3 0 4 4 2 0 1 0 0 3 0 2 4 1 1 1 2 4 2 1 4 3 1 1 3 3 0 3 2 4 2 0 4 2 2 1 4 0 1 4 3 3 3 3 0 0 1 2 1 3 3 3 4 0 4 4 0 2 2 2 1 2 0 2 1 4 3 0 4 2 1 2 0 0 2 0 2 3 3 0 4 3 3 0 0 0 4 1 2 4 0 0 1 2 2 2 1 0 4 0 2 2 0 3 4 2 0 1 3 3 4 4 4 2 4 4 2 0 2 1 4 3 1 2
0 3 1 4 4 2 1 3 0 1 3 4 1 4 3 4 4 2 3 3 1 4 0 1 4 2 2 4 0 4 1 3 4 3 2 3 0 0 4 2 2 2 4 3 3 4 4 3 3 4 3 4 3 3 2 2 1 0 3 3 1 0 1 0 0 0 1 2 1 2 2 0 1 1 0 0 0 4 0 3 3 3 4 3 2 2 0 0 4 4 3 2 1 2 4 3 2 2 0 0 4 4 2 3 0 2 0 2 3 0 2 3 0 4 1 2 3 4 2 2 3 3 1 1 0 2 4 4 0 1 2 1 1 4 1 3 4 1 3 2 1 0 3 2 4 1 1 2 0 1 1 0 4 4 1 1 2 0 0 4 4
2 2 0 4 4 0 3 0 3 2 4 1 0 3 2 2 1 0 2 2 3 3 3 0 1 1 4 2 2 3 1 1 2 3 0 1 3 0 4 4 3 3 0 3 3 2 2 4 4 2 4 0 2 4 0 3 1 1 2 0 4 3 3 3 3 1 0 4 1 1 3 4 1 3 0 4 2 2 0 2 4 4 4 1 1 4 0 4 0 4 4 1 0 4 4 3 0 1 2 2 2 2 3 3 2 3 4 0 1 0 4 2 1 3 4 4 4 1 3 1 0 4 2 2 4 3 1 4 2 0 3 4 0 2 0 2 0 1 4 3 3 3 1 0 3 2 4 2 3 0 3 0 4 2 3 3 1 1 0 3 3
3 4 3 0 1 1 3 3 2 1 1 3 2 3 1 4 0 4 4 0 4 2 4 2 0 3 0 3 3 3 1 3 4 2 4 1 0 2 1 2 0 2 0 3 3 2 4 3 3 4 3 4 1 4 1 3 4 1 3 4 1 4 3 3 1 4 4 3 3 2 1 3 1 3 3 4 2 3 2 0 2 2 2 0 4 3 3 3 2 3 3 0 2 3 3 1 2 4 4 0 1 2 0 3 1 4 2 3 2 2 1 1 1 3 1 2 3 1 1 2 4 1 3 3 4 3 1 3 3 3 3 1 0 0 4 3 4 4 4 1 3 2 2 1 0 0 4 0 1 0 3 0 3 3 4 2 1 2 2 4 0
2 1 1 2 2 1 2 1 0 3 1 2 3 3 4 3 2 2 2 4 0 2 2 3 3 1 4 1 3 1 3 0 4 4 4 1 3 1 0 3 2 1 3 0 4 4 0 3 1 2 2 3 2 1 3 2 4 0 0 4 1 4 1 0 3 1 3 3 2 3 2 4 0 2 1 1 1 2 0 0 1 4 3 3 3 2 1 2 4 1 2 0 2 3 2 1 4 0 4 4 1 3 3 1 2 2 4 4 1 1 4 2 1 4 3 1 3 1 3 2 4 2 4 2 3 3 0 2 4 1 3 2 2 2 3 4 1 4 3 2 1 4 4 2 4 4 0 4 0 3 2 2 3 1 4 1 0 4 0 1 0
4 3 2 3 3 2 4 2 2 1 0 4 2 4 0 2 4 4 4 3 1 1 1 0 0 4 2 1 4 0 4 3 0 3 1 3 2 2 2 0 3 3 1 3 4 1 0 4 0 1 4 4 3 2 1 0 1 3 2 0 3 3 1 3 1 4 3 4 2 2 1 2 2 2 0 2 3 0 1 3 4 0 4 2 2 0 4 3 3 3 0 3 1 1 3 3 3 1 2 0 4 3 2 1 2 3 0 0 0 1 0 4 3 0 3 2 2 3 2 3 1 3 1 3 1 0 3 4 1 2 1 2 2 4 1 4 4 1 4 4 0 4 1 0 1 4 3 1 4 0 4 3 0 0 3 2 2 1 3 1 3
0 3 2 4 1 1 0 0 0 4 2 1 0 2 0 2 0 1 3 3 0 1 3 2 4 2 0 2 3 1 2 3 1 4 4 3 0 4 0 2 0 2 4 3 4 1 2 2 2 0 2 4 2 2 1 3 2 1 3 0 4 0 0 1 2 1 1 2 0 3 2 2 0 3 0 1 4 2 0 3 3 4 2 2 2 3 0 1 2 0 1 3 1 3 1 0 4 4 2 4 2 1 3 4 4 4 1 3 1 3 1 1 3 0 3 2 1 1 3 3 1 4 3 4 2 0 4 3 1 4 2 4 0 0 0 0 1 3 0 0 2 2 1 0 2 2 2 3 0 2 3 1 1 4 3 0 1 4 3 2 0
2 3 1 4 4 3 3 2 0 3 1 4 4 3 4 3 0 4 3 4 0 2 0 4 2 2 0 1 2 4 2 1 3 0 3 4 0 1 3 0 4 0 0 0 3 1 1 1 0 4 0 0 1 3 1 0 2 3 2 0 3 1 3 3 1 1 2 3 4 2 3 3 2 0 1 1 3 2 4 4 3 4 1 2 4 3 2 2 1 4 4 4 2 2 4 3 1 3 3 0 1 2 1 0 4 4 3 3 1 2 4 1 4 0 3 3 0 3 0 2 4 4 3 2 4 3 0 0 1 1 0 4 3 1 0 4 0 3 4 3 1 0 2 2 1 0 0 1 0 1 0 0 2 4 2 1 4 4 1 2 0
2 2 0 0 2 2 3 2 1 1 0 4 0 2 0 1 3 3 1 1 1 3 3 0 0 0 4 0 3 3 0 0 0 3 3 4 0 1 2 3 4 4 2 0 2 4 3 2 0 1 3 1 0 3 3 0 0 4 2 4 2 0 4 3 3 4 2 3 0 1 1 2 3 1 2 0 0 2 4 0 3 4 1 3 2 4 1 3 3 3 2 3 0 3 1 3 3 0 3 0 4 2 2 2 3 1 4 0 3 0 1 2 4 4 2 3 1 0 1 1 4 0 4 1 1 0 2 1 3 0 1 2 4 1 1 4 2 0 0 1 0 1 0 1 2 2 4 3 3 3 0 4 0 4 2 1 2 4 2 0 0
1 4 1 2 0 1 4 2 1 0 4 4 2 2 1 0 1 0 0 1 0 1 2 1 3 0 3 3 3 0 0 4 4 1 1 1 4 2 0 2 0 1 1 2 3 0 4 2 2 1 3 4 2 2 0 3 3 4 3 3 4 3 4 1 1 2 2 3 4 0 0 4 1 4 4 2 4 3 4 3 2 4 2 1 2 2 4 2 3 4 0 0 4 4 1 1 1 0 1 2 0 1 4 4 2 3 1 1 3 2 4 0 1 3 2 0 1 3 4 4 3 1 4 2 0 2 0 3 3 3 3 0 0 2 4 4 0 2 3 0 4 4 3 3 3 2 3 4 0 0 0 0 1 2 0 2 1 2 2 4 1
0 2 3 4 1 2 1 4 0 2 0 0 0 3 3 4 2 4 1 4 1 2 0 0 4 4 2 3 2 3 4 4 0 4 4 4 2 2 3 4 4 0 1 1 4 4 0 3 0 2 2 4 1 2 4 0 2 1 3 1 2 0 2 2 4 3 1 3 1 1 3 0 2 4 4 1 1 4 1 3 3 3 2 4 0 2 1 4 0 0 2 2 2 0 2 1 3 0 2 1 4 2 4 1 1 3 4 4 4 0 3 3 0 2 2 0 4 4 2 2 1 4 1 3 4 3 1 0 1 3 3 0 0 2 3 4 2 2 0 2 4 0 0 1 3 4 1 4 3 0 1 1 0 0 4 1 3 3 3 1 3
4 1 1 1 4 2 1 3 2 3 4 3 0 0 1 4 4 0 0 4 4 1 1 4 3 0 4 1 3 1 1 2 2 4 1 4 1 2 2 4 2 2 4 2 2 2 3 1 4 3 3 3 2 4 4 0 4 1 3 0 4 4 4 3 4 0 2 2 4 0 3 3 4 2 0 3 1 1 0 1 4 0 1 1 4 1 3 1 4 1 1 3 3 0 1 4 3 4 1 4 1 0 3 0 4 0 3 1 1 0 2 3 2 3 1 2 1 0 0 0 1 1 3 1 3 2 0 3 1 2 3 2 4 3 4 3 0 4 1 4 2 3 2 4 4 3 3 2 0 3 0 4 1 0 0 0 2 1 0 3 0
0 2 1 3 3 1 4 0 3 3 2 1 2 3 2 2 2 0 3 2 0 2 4 0 4 1 0 2 1 0 4 2 0 0 2 3 2 3 3 0 1 2 3 0 1 1 3 0 3 3 2 0 2 1 2 3 2 2 1 1 3 0 3 3 3 0 3 2 1 4 2 4 3 2 0 4 0 0 1 3 3 4 0 2 2 3 0 2 0 3 3 0 4 3 0 4 0 4 1 1 3 0 1 3 4 3 3 0 3 1 0 3 2 1 0 0 4 2 4 1 1 4 2 2 4 2 3 1 3 4 3 3 1 1 2 0 4 2 0 4 3 3 2 1 4 4 3 3 3 4 4 4 3 3 3 4 1 1 0 1 2
3 0 3 1 2 1 2 4 1 1 2 4 3 0 0 4 3 3 3 2 0 4 2 0 0 1 3 1 2 0 1 2 0 4 4 2 0 3 1 4 0 0 0 0 1 1 0 4 1 0 4 3 1 3 4 1 0 2 0 4 2 1 3 2 2 4 1 0 3 2 1 3 3 1 3 1 4 0 0 1 2 1 4 1 2 0 4 4 3 1 3 2 4 3 2 2 3 3 4 3 3 0 1 1 1 1 2 1 4 4 4 3 3 0 4 0 1 4 4 1 0 4 0 0 2 2 4 2 1 3 0 4 3 3 2 1 0 1 4 1 2 3 4 2 1 4 2 4 0 3 2 2 2 2 4 2 0 3 4 3 3
2 2 3 0 1 0 2 2 4 0 1 0 0 4 1 1 3 2 3 2 4 0 1 1 0 3 1 0 0 4 1 4 3 4 1 1 4 4 3 1 4 2 1 1 1 4 2 4 1 0 3 0 3 0 1 0 0 0 2 2 1 3 1 2 3 3 3 4 4 4 0 0 1 3 2 4 2 1 3 0 2 4 0 2 4 4 2 1 1 1 4 2 0 2 1 0 2 0 1 1 4 4 2 2 2 1 1 2 2 1 2 1 0 0 3 1 1 2 3 2 4 2 1 1 1 3 3 4 3 4 0 4 0 4 1 3 0 2 2 3 3 1 4 4 1 0 0 4 2 0 1 3 4 0 1 1 3 4 0 3 1
2 2 1 4 0 4 1 2 3 4 2 0 1 1 3 3 4 0 0 4 1 1 1 1 2 2 1 2 4 4 3 3 3 4 2 3 1 4 0 1 0 3 3 3 1 4 1 2 4 4 4 0 0 0 4 4 2 2 3 3 2 3 1 0 3 1 1 1 2 1 4 4 1 3 3 0 2 4 4 1 3 3 3 0 3 4 0 2 2 3 2 1 2 1 1 2 2 4 0 4 3 4 3 1 4 3 1 1 3 1 4 3 1 0 1 2 4 1 1 3 1 4 4 0 0 3 4 4 2 4 0 0 1 0 2 2 4 0 1 4 3 0 2 2 2 0 4 4 1 2 2 0 1 2 0 3 2 0 2 4 1
2 2 4 0 1 2 4 3 3 0 2 0 4 4 0 0 0 4 3 2 1 3 4 0 1 4 4 3 4 1 4 1 0 1 3 1 0 4 4 3 4 1 0 4 2 0 4 2 1 2 0 0 3 1 2 4 0 2 2 4 3 3 3 3 4 3 1 4 3 0 4 2 4 2 1 3 2 2 1 4 0 3 1 3 4 3 4 1 0 1 3 0 4 3 3 1 1 4 0 4 2 2 2 3 4 0 1 1 3 2 2 0 2 3 0 3 4 4 0 4 0 0 0 1 3 0 2 1 2 3 1 4 0 0 2 4 0 3 2 3 3 2 0 0 2 0 4 1 4 1 3 4 1 3 3 1 3 0 2 2 0
0 1 2 0 0 3 1 4 1 1 2 0 2 4 4 2 3 3 4 1 1 0 4 1 3 0 1 4 0 4 4 0 2 2 1 3 0 2 2 3 0 1 0 4 0 0 2 1 0 3 4 1 3 4 4 2 1 0 1 1 1 0 2 4 4 3 2 0 2 4 0 2 2 1 2 4 1 1 2 1 1 2 4 4 1 3 1 4 0 4 1 2 2 3 1 1 1 3 3 0 2 4 2 1 0 1 0 3 4 3 1 2 2 2 2 0 0 3 4 2 0 0 4 2 3 0 3 1 3 2 1 2 3 1 0 3 4 1 3 1 1 4 3 3 1 0 3 3 1 2 0 1 3 2 3 3 2 3 0 3 0
3 2 3 4 3 3 4 1 1 0 2 2 0 0 0 1 0 0 4 2 3 2 2 0 0 1 4 0 3 4 1 1 2 1 3 2 2 2 3 3 4 2 3 4 4 0 2 4 1 3 3 1 0 1 1 2 4 2 3 4 2 1 2 1 4 0 0 1 2 0 2 3 2 0 0 1 0 2 2 3 1 0 4 3 3 2 3 4 0 1 0 2 4 3 0 3 3 0 0 3 0 2 1 4 4 1 2 1 1 4 0 4 1 1 4 0 4 2 1 4 3 2 3 2 0 3 3 0 0 3 3 2 2 2 1 1 0 3 4 1 4 4 2 0 1 2 2 0 4 4 1 3 1 4 2 3 4 2 3 1 0
4 3 4 1 4 2 1 4 2 0 3 1 2 3 4 4 1 1 1 2 2 1 3 3 0 3 4 3 3 0 3 2 0 0 0 4 2 4 0 4 1 3 1 3 4 2 0 2 4 1 4 3 4 4 2 4 2 3 2 2 4 1 2 4 1 4 1 0 3 1 0 4 2 3 0 3 0 2 0 1 0 4 0 4 0 2 3 4 0 1 1 1 4 0 3 2 0 4 2 0 2 2 0 1 0 2 4 3 4 1 4 4 2 4 3 2 3 3 1 1 4 0 4 0 0 2 2 0 3 2 1 1 4 3 4 2 0 1 0 1 2 1 2 0 1 0 4 1 0 3 2 0 3 2 0 3 4 0 1 3 2
2 1 3 2 2 0 2 3 2 0 1 4 2 3 2 4 4 3 4 2 1 1 0 0 4 1 1 4 2 1 3 1 2 1 3 0 4 2 0 1 2 3 2 4 3 4 0 3 3 4 0 1 1 1 3 0 2 4 1 1 1 4 2 0 2 0 2 1 2 3 3 4 1 2 0 0 2 0 3 2 1 0 0 4 3 3 1 2 4 2 3 0 3 0 1 1 2 3 2 4 3 2 0 0 0 2 2 4 4 2 3 1 2 0 0 3 0 2 0 4 1 4 0 0 1 3 1 4 3 0 0 2 3 1 4 0 0 3 4 0 0 4 1 4 4 3 2 4 2 3 0 4 4 2 4 2 0 2 1 4 2
4 3 0 2 4 0 2 2 1 4 4 2 2 3 1 1 3 2 3 3 3 2 4 0 3 1 3 0 0 4 0 4 2 0 1 3 3 0 0 1 0 1 4 2 4 2 0 4 0 4 2 0 3 3 2 4 0 0 4 0 1 4 1 3 2 4 3 2 4 3 3 4 4 4 4 1 2 4 2 4 0 2 1 4 0 3 3 0 1 4 2 2 1 0 3 0 4 1 2 4 2 2 0 3 2 4 4 1 1 4 0 1 1 1 2 1 1 2 4 2 4 3 2 0 4 0 2 3 1 4 4 0 3 0 4 2 1 0 3 2 4 0 1 2 3 3 4 0 3 0 4 2 3 1 4 4 1 1 3 0 2
4 0 0 1 4 3 3 0 3 2 1 4 0 4 2 1 0 2 4 0 2 1 0 0 2 2 2 3 2 2 2 1 4 4 3 4 2 1 1 3 0 4 2 1 3 1 2 0 4 3 0 3 1 3 3 3 0 2 3 2 4 0 3 1 4 3 0 4 1 3 2 2 2 1 0 3 2 4 3 3 2 1 3 3 4 2 1 1 1 1 3 3 3 3 4 4 4 4 3 0 4 2 2 1 0 4 1 3 3 0 3 0 1 2 0 2 1 3 3 2 4 3 0 2 3 1 2 2 2 2 3 1 2 2 0 2 2 1 2 0 1 3 3 2 0 3 4 3 2 4 2 3 2 0 1 3 1 0 0 4 2
0 0 4 3 0 4 0 2 3 2 0 1 2 0 3 3 1 1 0 1 4 0 0 4 1 3 0 1 4 4 1 4 2 2 2 4 1 4 1 2 4 4 3 3 4 2 1 0 3 3 1 4 4 2 3 0 0 1 4 1 0 2 3 4 4 2 4 3 4 2 0 3 1 3 1 0 2 0 1 3 3 4 2 2 3 3 0 1 4 1 2 1 3 0 1 4 3 2 2 4 4 4 2 1 3 0 3 2 2 1 0 1 3 0 0 1 3 0 2 2 1 2 3 1 4 1 1 4 3 0 3 0 0 0 1 0 3 1 2 0 3 0 3 1 0 4 4 3 4 2 2 3 4 0 1 3 4 4 3 4 0
1 4 0 4 2 0 4 4 4 1 4 4 0 2 4 1 1 4 0 3 1 0 4 4 4 0 3 3 0 2 0 3 4 0 4 1 2 3 0 4 2 1 3 2 3 0 3 0 4 0 0 1 3 2 0 4 2 0 2 4 4 0 2 0 0 2 2 0 2 4 4 4 1 2 3 4 4 3 1 4 1 2 2 1 1 4 0 0 1 4 4 0 4 3 1 2 2 0 2 0 4 3 1 0 2 2 2 2 0 3 1 1 2 0 2 3 4 4 3 0 4 4 2 3 3 0 0 0 0 4 2 0 2 1 2 0 3 4 2 3 0 0 2 2 0 1 3 1 1 1 1 2 3 0 0 3 1 3 3 1 2
3 3 0 4 3 2 2 2 4 2 2 1 1 2 3 3 0 4 1 3 0 3 1 2 3 4 3 3 0 2 1 0 2 3 1 0 2 3 0 3 2 4 4 4 1 2 4 1 1 0 2 3 3 0 2 3 0 1 2 2 0 0 4 2 0 0 0 2 3 0 2 2 4 1 1 1 0 0 4 3 2 3 3 0 4 0 4 1 3 3 3 3 0 2 3 0 2 3 4 2 3 3 1 2 4 3 0 1 0 2 1 0 0 4 0 1 1 1 2 0 1 0 0 1 4 3 3 3 1 4 2 1 2 4 1 3 4 3 4 1 0 2 1 3 1 2 4 0 0 2 0 4 4 2 0 1 1 1 4 4 0
2 1 3 1 4 1 0 2 3 3 0 0 0 0 4 4 1 4 4 0 1 3 2 3 1 3 1 2 4 1 2 1 4 2 4 0 1 1 4 1 0 4 3 2 1 4 1 3 3 2 3 1 3 0 2 4 0 3 3 0 1 2 3 2 0 0 2 3 3 2 4 0 3 4 2 0 4 3 3 2 3 3 1 1 1 3 2 1 3 0 1 0 4 2 2 1 2 2 4 0 1 0 1 4 0 0 1 4 4 1 3 2 0 4 0 1 4 2 4 3 4 3 3 3 0 2 0 2 1 1 4 2 2 2 4 4 3 2 3 4 4 3 3 1 0 3 2 4 2 3 2 3 1 2 1 3 2 3 2 3 2
2 3 1 1 4 0 4 1 0 0 0 3 3 1 3 3 0 0 0 4 2 3 2 2 2 1 4 2 3 4 4 2 2 2 4 1 4 0 3 4 1 0 0 4 2 0 3 4 0 0 0 0 1 3 2 0 1 3 2 1 2 4 4 0 1 0 3 3 0 3 2 1 4 2 3 3 0 3 4 0 0 0 0 1 0 4 1 1 2 1 4 0 0 3 2 3 3 0 1 1 1 1 2 2 0 2 2 0 0 1 3 3 3 0 4 3 0 3 1 2 4 1 4 1 1 1 1 0 4 0 1 0 3 0 4 3 3 1 1 0 4 4 3 3 1 0 1 1 3 0 1 4 3 0 0 4 4 3 1 3 3
2 0 1 0 4 2 0 2 0 2 1 4 1 4 0 3 3 4 1 0 0 0 3 2 2 2 1 0 4 1 1 3 3 4 0 4 3 0 1 3 3 0 2 1 1 0 4 4 1 2 1 1 4 4 0 1 4 4 3 3 0 1 3 4 1 4 0 4 4 2 3 4 4 2 0 0 4 1 0 0 3 3 3 2 3 1 0 2 0 4 2 0 0 0 1 3 1 4 0 3 1 0 2 2 2 0 2 4 1 4 4 0 3 0 2 1 1 3 0 3 4 4 0 1 1 4 0 3 3 2 1 1 2 0 3 4 0 0 0 2 0 2 2 3 2 1 1 0 1 3 3 0 2 0 2 3 4 4 1 2 1
4 3 3 0 1 4 0 4 0 2 4 2 1 4 1 3 2 3 4 0 3 2 2 3 1 2 3 0 1 2 3 0 1 3 2 4 4 3 3 1 2 4 0 1 3 3 1 0 1 2 2 4 4 1 0 0 4 0 2 0 2 2 2 0 2 0 0 2 0 0 0 4 0 1 0 0 4 1 3 3 4 0 4 0 2 4 3 3 1 0 0 4 0 2 1 2 4 3 1 1 4 2 1 4 3 3 1 4 0 4 2 1 0 2 3 4 3 1 4 0 2 4 1 2 3 2 1 0 1 3 1 2 0 2 3 0 1 4 1 3 4 4 1 1 3 4 0 3 1 1 0 0 0 1 2 0 1 3 0 4 3
2 1 3 4 4 0 2 3 2 0 4 3 3 0 1 3 2 1 4 3 2 4 0 0 3 1 1 3 3 0 2 0 1 2 2 2 3 4 3 0 2 2 3 0 3 1 0 2 4 4 1 1 0 3 2 3 1 3 4 0 1 1 0 4 3 4 2 3 1 2 0 3 4 3 0 4 1 1 2 1 2 0 4 3 3 1 3 0 2 2 2 3 0 2 4 1 4 3 4 0 0 0 0 0 0 2 1 4 3 3 2 3 0 1 1 1 3 1 1 2 4 0 0 4 2 4 2 3 0 2 3 0 4 3 0 4 1 4 0 1 2 2 1 0 4 2 1 4 1 4 1 0 4 3 1 3 4 4 2 4 3
0 0 2 1 2 3 4 1 4 2 1 1 4 1 2 3 2 1 4 1 2 1 2 0 0 0 0 1 2 4 4 0 4 3 3 4 1 2 0 2 1 1 1 0 2 3 4 1 0 0 4 2 2 1 0 2 2 0 3 4 1 4 1 3 4 4 2 2 3 2 0 0 1 1 0 0 1 1 2 1 2 1 1 1 3 3 3 0 3 3 1 1 4 0 4 3 4 3 0 0 3 2 0 4 0 2 4 2 4 3 0 3 0 3 4 3 1 4 0 1 2 3 3 3 3 4 3 0 0 0 0 3 3 2 4 0 4 0 4 0 4 0 3 1 0 4 1 2 3 1 3 2 1 3 0 0 3 0 0 0 1
2 3 4 4 4 1 0 4 1 1 0 3 1 1 3 1 2 0 1 0 1 4 2 4 1 2 4 2 4 4 0 3 4 1 2 3 2 2 3 3 0 0 3 4 2 2 0 4 2 3 0 0 4 4 0 1 1 4 0 2 1 2 0 0 3 2 4 0 1 4 1 4 4 4 3 1 3 0 3 1 3 0 3 3 4 3 1 2 0 3 4 1 0 1 1 0 0 2 0 1 1 3 2 3 0 0 1 3 0 1 1 1 3 0 4 2 3 2 1 0 2 2 1 2 3 0 2 3 2 4 2 1 3 4 1 0 2 2 3 2 1 0 0 4 0 4 4 0 3 0 1 0 3 2 4 3 4 3 2 4 3
1 0 3 2 3 3 4 2 1 4 3 1 4 3 3 1 4 4 1 4 0 2 4 2 1 3 2 0 2 1 0 3 3 3 2 3 3 4 0 1 0 1 3 1 1 3 2 0 2 1 4 2 3 4 2 1 4 1 3 1 4 3 4 4 3 3 2 1 2 4 3 2 0 3 4 1 3 3 1 1 1 3 0 4 2 2 3 1 3 1 4 4 2 0 3 0 3 0 4 1 2 4 0 2 4 1 4 2 2 2 0 3 0 1 0 4 3 0 0 4 1 1 0 3 1 4 1 0 1 2 3 3 3 0 1 2 2 2 1 1 4 2 1 0 3 3 4 3 3 2 4 2 3 0 2 0 4 0 2 2 2
0 3 0 0 1 2 4 3 1 2 4 3 1 4 3 4 1 1 0 0 1 2 0 3 4 2 4 0 4 1 4 1 4 0 4 2 4 3 0 0 3 0 0 4 1 3 3 4 2 0 4 0 2 0 3 4 2 2 4 4 0 3 0 2 0 4 4 0 0 0 2 3 2 3 4 0 3 4 0 0 0 4 0 2 1 3 1 1 0 2 0 1 3 0 3 3 2 4 0 4 4 3 4 3 3 3 4 1 2 4 4 4 0 4 2 2 0 0 3 2 0 3 0 3 0 3 3 4 0 4 3 1 4 2 0 2 2 1 0 0 0 4 4 0 1 3 4 1 1 2 3 1 0 4 1 3 4 4 2 4 0
3 1 4 2 3 3 0 4 1 0 1 2 1 1 3 2 1 1 3 0 0 1 3 1 2 1 0 3 0 2 4 0 0 0 3 3 1 3 4 2 0 0 4 3 3 0 0 1 1 0 2 1 3 0 4 2 3 2 1 0 4 2 1 4 4 1 4 0 4 3 2 1 3 4 4 1 4 2 3 2 4 2 1 3 2 0 0 2 2 3 2 1 0 0 2 0 1 3 2 2 1 2 3 1 1 0 0 2 2 0 4 1 2 2 1 4 3 2 3 0 0 2 4 3 3 3 3 1 2 0 1 0 2 1 2 0 1 4 4 0 4 1 4 1 3 0 2 1 2 0 4 0 2 3 3 2 1 3 4 3 0
2 4 0 3 3 0 0 2 2 2 1 3 1 2 1 2 1 0 1 1 4 1 3 2 1 3 0 4 2 4 0 4 0 0 4 0 2 4 4 1 4 0 4 0 4 3 4 0 0 1 3 4 4 3 3 1 1 0 2 0 1 4 4 3 1 1 3 4 0 2 2 1 4 4 2 0 2 3 2 4 1 0 0 1 1 0 4 2 0 3 3 2 3 4 0 4 0 1 0 3 3 3 4 0 2 3 2 1 2 0 0 0 2 0 3 3 2 2 3 2 1 1 1 4 2 2 0 0 3 1 3 3 4 4 0 3 3 3 4 2 3 1 2 2 1 1 3 0 0 1 2 3 4 4 4 1 3 0 1 3 1
1 1 2 1 4 0 1 2 1 0 2 2 4 4 0 2 4 0 3 0 2 3 4 3 3 3 1 3 1 4 1 3 3 3 1 2 0 4 4 1 4 3 3 3 4 3 3 4 3 1 4 2 1 1 1 4 4 2 4 2 2 0 0 0 0 3 4 2 2 0 3 3 3 3 4 2 3 2 1 1 0 3 4 1 1 2 1 0 4 0 4 3 3 2 0 0 0 4 3 0 4 3 3 4 2 2 2 0 4 0 4 4 0 0 3 1 2 4 3 1 1 3 2 4 0 2 0 2 4 0 2 3 3 1 3 2 0 2 3 2 4 2 3 2 4 1 3 1 0 4 4 4 2 1 0 4 4 2 1 0 2
4 3 1 2 3 3 4 2 3 1 4 2 0 1 1 3 1 4 1 0 4 0 4 2 0 3 3 3 0 3 2 1 2 0 0 2 1 4 2 4 3 1 4 0 2 2 3 3 2 4 1 1 1 0 3 4 4 2 4 1 2 1 4 4 2 4 4 0 0 1 1 3 4 0 0 3 3 4 1 2 0 4 0 2 0 3 3 4 2 2 0 0 3 1 1 2 0 2 4 0 0 1 1 4 3 1 2 1 2 1 3 3 0 0 2 0 4 0 1 3 4 3 0 4 4 4 4 4 3 3 2 4 4 0 0 3 3 3 1 1 1 2 1 3 2 0 4 3 2 2 4 1 1 1 0 0 2 1 2 1 0
1 2 1 1 2 1 1 2 0 2 0 4 0 4 1 0 0 2 2 2 3 0 3 1 1 1 4 2 3 2 4 4 4 3 2 3 4 0 3 1 3 3 0 0 2 4 1 4 1 0 2 1 1 0 2 4 3 1 3 1 3 3 2 4 1 1 0 2 2 3 4 2 1 4 2 1 0 0 0 1 1 4 4 2 2 2 1 0 0 4 2 1 4 1 0 2 3 0 0 0 0 1 4 4 2 1 0 3 2 2 1 0 4 1 2 1 3 0 1 0 4 0 1 4 4 4 3 2 1 3 4 2 1 0 1 4 1 3 4 0 2 0 0 1 1 4 2 1 4 1 4 4 3 0 0 2 1 0 1 3 4
2 2 2 2 0 3 4 3 2 1 2 3 2 4 1 3 3 0 3 1 4 4 0 1 1 4 3 1 1 3 2 3 0 0 1 2 3 2 2 1 3 4 4 2 0 2 1 4 2 4 2 1 0 2 3 1 4 3 2 0 1 0 0 1 0 1 0 0 0 2 1 4 1 2 3 2 0 1 3 4 2 0 3 2 0 1 3 4 1 3 4 2 3 1 0 0 3 0 0 0 2 4 1 3 3 0 2 0 1 0 0 1 3 3 3 3 1 4 4 2 2 0 4 2 1 1 4 4 1 1 2 3 0 3 3 4 3 1 1 2 3 1 3 3 1 3 1 2 2 0 1 4 2 2 3 4 3 2 0 1 4
2 4 1 1 0 2 4 3 4 3 1 2 3 0 4 2 3 3 4 1 2 1 3 4 1 2 0 4 3 1 0 2 3 3 3 3 1 0 1 2 3 4 4 2 1 0 1 2 1 0 3 3 3 3 2 0 3 4 1 3 1 1 0 1 4 4 4 2 4 2 1 4 3 3 3 2 3 4 4 4 2 4 2 0 4 2 2 2 1 3 0 4 1 1 0 3 0 1 2 1 0 4 2 1 2 3 3 2 2 4 4 1 0 3 4 4 0 1 2 4 2 2 3 0 0 1 3 2 4 1 3 0 2 3 1 1 1 1 3 0 0 4 2 0 3 3 4 3 4 3 4 3 3 0 4 3 1 4 1 2 0
4 2 4 4 0 0 0 1 1 1 3 0 0 0 3 3 2 4 4 0 0 3 3 0 4 2 3 3 0 1 1 4 0 2 1 1 3 1 4 1 4 3 3 4 0 4 4 2 3 4 3 3 4 3 1 0 2 4 3 2 2 1 4 3 4 0 1 4 3 0 2 3 0 0 4 1 4 1 3 4 0 3 0 1 4 1 1 1 2 1 1 0 0 0 0 1 2 1 0 0 1 4 0 4 4 2 0 1 3 3 0 0 4 0 1 3 3 4 1 3 2 2 3 2 4 0 3 1 1 0 4 4 4 1 3 1 3 3 2 1 4 2 3 0 0 1 3 3 0 1 3 0 4 1 2 3 3 3 2 1 0
1 1 2 2 1 3 3 2 0 1 3 4 0 3 4 1 3 0 4 4 3 4 3 2 3 4 2 3 1 4 4 4 2 3 3 3 1 1 2 3 3 2 2 3 0 4 1 0 1 0 0 1 1 0 3 0 1 1 0 2 2 1 3 4 4 2 4 2 3 4 0 1 1 3 1 2 4 3 2 0 3 4 1 0 0 2 2 3 0 2 1 4 1 1 3 0 3 4 3 4 3 3 2 0 3 4 4 4 2 3 1 0 3 0 2 0 2 4 3 4 4 1 3 2 0 3 2 3 2 2 4 1 3 2 3 3 1 2 3 3 0 1 3 0 1 3 2 0 4 3 4 3 4 4 0 4 2 0 0 0 4
4 3 2 3 1 1 4 0 1 2 2 2 3 3 1 3 2 1 2 0 1 3 0 0 0 1 0 0 3 0 0 0 0 4 3 1 2 0 3 0 4 0 0 4 0 1 2 3 2 0 3 3 3 0 1 3 4 1 1 2 3 3 2 3 2 3 1 2 3 4 2 4 4 2 4 0 3 1 3 1 3 3 1 1 4 2 2 0 0 0 2 3 3 2 1 2 2 4 1 2 3 4 1 0 3 0 0 4 2 0 2 0 0 3 4 4 3 3 1 0 3 4 4 3 3 2 0 0 2 4 2 2 3 3 2 3 1 2 2 3 4 4 0 0 0 1 1 0 4 3 0 4 4 1 2 2 4 0 4 3 4
3 0 4 3 3 2 4 2 2 4 2 3 2 4 0 0 0 0 0 0 1 1 4 4 4 3 3 4 4 3 0 4 4 4 0 4 3 1 3 0 3 2 1 0 1 1 2 4 2 2 4 0 4 1 4 0 1 0 1 1 3 1 2 4 0 2 0 3 4 4 1 2 1 2 4 3 3 1 4 2 1 0 4 2 1 1 2 3 1 3 1 1 4 3 3 1 1 3 1 2 2 2 4 1 1 3 1 2 4 0 1 2 0 1 4 2 2 1 2 0 1 3 3 0 3 1 3 1 0 0 3 4 4 2 0 1 2 1 0 4 3 1 1 4 4 1 3 3 4 2 0 1 2 4 3 0 0 2 2 2 2
2 4 3 2 4 1 1 3 1 0 1 0 4 2 1 2 0 0 3 4 0 4 1 1 3 2 4 2 1 1 4 0 0 4 2 2 1 4 2 4 1 3 4 2 3 3 4 0 3 3 0 0 4 1 2 4 0 1 1 3 4 2 4 0 2 3 4 3 4 1 4 1 1 4 0 4 2 2 0 2 2 0 2 1 3 1 1 4 4 4 2 4 2 3 1 1 2 0 4 1 3 0 4 4 4 0 4 3 2 1 2 4 3 2 2 1 3 0 2 3 0 2 4 2 0 0 3 4 0 4 3 0 4 2 4 1 4 0 1 3 1 4 4 4 3 2 3 1 2 0 1 2 2 0 1 0 2 1 4 2 2
2 4 4 2 4 0 3 1 3 2 3 4 3 4 2 0 4 1 0 0 2 2 4 0 1 4 2 4 1 2 2 0 1 1 4 2 3 3 4 1 2 4 3 0 0 0 3 0 1 3 2 1 2 3 1 0 3 0 0 1 2 2 1 1 0 3 3 0 3 2 1 0 3 4 2 4 2 2 1 3 2 3 4 0 1 2 0 1 3 2 4 2 1 3 3 1 1 2 1 4 1 0 1 0 1 0 1 0 3 2 4 2 0 0 2 3 0 0 2 3 2 1 0 4 4 1 2 2 0 1 1 1 3 4 3 4 0 1 2 0 3 1 2 0 3 2 1 3 4 3 3 1 1 1 2 1 2 2 3 2 3
2 0 1 3 1 2 3 2 4 0 3 2 0 3 3 4 4 1 3 4 0 1 1 1 4 4 3 3 4 2 1 3 4 4 2 0 3 0 0 0 3 3 4 0 3 2 4 3 4 2 4 1 3 2 4 4 1 4 2 3 1 0 1 0 4 3 3 0 1 3 2 4 1 1 4 4 4 0 4 0 2 4 3 0 3 2 0 0 1 4 3 4 0 4 4 4 0 2 1 1 0 3 0 3 0 1 3 1 1 2 3 0 3 3 0 2 0 2 4 3 2 4 2 4 0 1 3 0 1 2 1 3 0 3 2 2 4 0 0 2 4 0 2 0 3 0 4 0 4 3 3 3 2 0 2 2 4 3 0 2 0
1 0 2 0 2 2 1 4 2 1 1 0 3 3 3 0 2 4 2 2 4 2 1 2 2 0 1 0 0 3 2 2 0 1 2 3 3 0 4 3 1 2 3 2 0 3 4 2 4 1 4 4 1 0 1 3 3 4 0 3 2 4 0 2 0 4 2 1 0 4 4 1 1 2 3 2 2 3 1 2 1 3 1 2 0 4 2 3 3 2 2 2 3 4 1 4 4 1 2 4 0 1 2 3 0 1 2 2 1 4 1 2 4 2 2 4 3 4 0 3 4 4 0 4 3 4 0 2 0 2 3 0 0 1 3 0 4 1 0 0 2 1 4 1 1 3 2 1 0 4 0 4 3 2 0 2 1 1 1 1 3
2 1 4 3 2 1 4 0 3 4 2 0 0 0 3 4 2 4 4 2 4 0 2 2 0 4 0 3 3 2 2 0 0 3 0 2 1 4 2 0 0 1 2 0 1 0 1 1 1 2 0 3 2 2 2 0 2 2 3 2 4 2 2 0 2 4 4 4 3 4 4 3 2 1 0 4 3 4 0 4 1 2 2 1 4 4 1 3 4 1 0 3 1 4 0 3 3 2 4 1 1 0 1 3 3 4 4 1 3 1 3 4 3 0 2 3 2 3 1 1 2 4 1 3 3 4 3 2 1 3 0 4 0 4 4 4 3 4 0 3 0 3 2 1 1 2 4 0 0 2 3 4 1 1 4 2 0 0 1 1 0
3 0 0 2 0 4 2 1 0 0 3 0 0 4 3 2 0 0 4 0 0 4 3 2 0 0 2 0 3 1 0 2 3 1 4 0 2 4 1 4 4 2 2 4 1 0 1 4 3 3 4 3 4 2 0 4 3 0 0 1 3 2 0 1 0 2 2 3 1 0 2 0 2 4 2 1 2 0 0 0 3 4 0 2 3 3 2 3 0 4 2 3 3 2 4 4 4 3 4 0 1 3 1 0 3 3 1 2 3 3 4 4 4 4 1 3 4 0 1 4 1 3 2 0 1 4 1 0 4 0 3 0 3 1 1 3 1 4 0 4 3 4 0 4 1 2 2 0 4 4 0 1 4 4 3 0 3 4 3 0 1
3 2 1 4 0 0 0 0 2 1 0 4 2 4 2 1 4 2 0 3 4 3 2 1 3 0 1 4 0 1 0 3 4 2 2 4 4 2 1 3 0 3 2 2 3 4 0 2 4 3 2 0 3 1 1 2 1 3 1 3 1 4 1 2 3 0 2 2 4 0 0 0 4 0 4 4 1 0 1 0 3 0 3 1 1 4 0 0 4 2 3 1 1 2 3 4 2 2 3 2 3 0 2 4 2 1 3 4 3 1 1 1 1 4 0 4 4 0 4 0 2 0 3 0 2 4 1 4 1 1 1 1 2 0 0 4 4 3 3 2 4 2 1 2 1 1 2 2 1 1 3 1 1 1 3 0 0 0 0 4 1
3 2 0 4 3 2 3 3 0 2 0 4 3 2 1 4 1 3 3 3 1 1 1 0 4 2 2 1 4 3 0 2 1 2 3 1 4 3 4 2 1 1 1 4 4 2 1 0 1 1 0 4 4 4 1 0 3 1 4 2 4 4 1 0 3 0 1 3 3 3 0 4 4 1 1 0 1 4 3 4 2 0 0 1 4 2 1 4 0 2 3 4 1 0 2 2 0 0 0 0 0 2 2 0 3 0 2 1 4 0 0 3 1 3 4 2 2 2 2 2 2 0 3 3 0 2 2 2 0 2 0 0 4 2 2 0 4 0 1 3 2 4 3 3 2 4 3 1 3 0 3 0 2 1 1 0 1 3 4 1 1
4 1 2 3 4 2 2 1 1 2 3 2 0 4 4 4 4 2 3 4 0 3 3 3 1 3 4 0 3 0 1 2 2 3 3 3 3 0 1 4 3 1 1 3 0 2 0 1 4 3 2 1 3 1 4 0 4 1 2 4 1 3 4 0 3 2 0 3 2 1 2 0 3 0 1 0 4 1 2 0 1 4 1 4 2 3 1 4 4 3 3 0 3 4 3 4 1 3 2 1 2 2 3 2 4 4 2 4 0 1 4 3 3 1 0 0 1 1 1 0 2 0 2 2 1 0 3 3 1 3 1 3 0 4 0 4 4 4 0 1 1 0 2 1 3 2 3 4 0 0 4 4 2 3 2 3 4 2 3 0 0
4 0 0 1 0 2 2 4 2 0 2 4 2 0 2 4 4 3 0 1 4 4 0 3 3 3 4 3 4 4 3 3 4 1 1 1 3 3 2 2 4 0 2 1 2 1 1 1 2 3 4 1 4 4 1 0 0 0 3 4 1 1 4 2 2 1 3 2 4 1 0 3 3 2 2 0 0 0 4 2 3 0 4 4 0 2 4 2 3 4 1 1 1 2 4 0 3 4 3 0 0 3 0 0 2 4 3 2 4 4 0 4 4 1 4 4 3 0 3 1 0 4 0 1 4 4 3 4 3 1 4 1 1 2 3 3 1 1 3 3 0 3 2 0 1 1 1 4 2 0 3 4 1 3 0 0 4 0 2 2 2
1 0 0 0 1 1 4 2 4 2 0 4 4 2 2 3 0 1 2 2 1 1 1 4 1 3 0 3 0 0 2 4 0 3 4 1 4 0 1 0 2 3 1 4 0 3 2 0 1 4 0 3 0 1 4 3 4 0 1 0 0 4 4 2 4 0 4 3 1 2 0 3 0 3 2 2 1 1 4 2 0 4 0 0 2 2 0 2 2 2 4 2 3 0 4 2 0 0 2 3 4 2 2 4 2 1 3 3 3 3 2 0 4 0 3 2 2 3 4 4 0 0 3 3 0 4 2 2 0 4 1 4 3 3 1 0 1 4 3 1 4 3 4 4 3 2 1 2 0 2 3 3 4 1 3 4 0 1 1 2 0
2 4 1 2 0 1 1 1 2 4 1 0 3 2 0 0 3 2 3 2 2 1 1 3 1 2 0 2 0 3 0 3 2 1 2 4 4 0 0 1 0 3 3 0 0 3 1 0 2 1 4 4 4 2 4 0 4 2 0 0 2 2 0 4 3 4 0 2 0 2 1 2 1 4 2 3 0 0 1 4 1 0 4 2 3 0 0 4 2 0 1 4 2 3 0 2 3 2 1 0 0 4 2 1 4 4 1 1 2 2 0 0 3 1 3 3 2 3 2 1 0 4 3 4 2 0 3 2 3 1 2 3 1 1 1 2 3 2 3 0 2 3 0 0 0 0 0 4 3 2 2 0 3 0 4 3 3 4 0 3 1
0 3 4 1 4 1 1 3 4 1 2 4 4 2 4 4 4 0 0 2 3 0 2 0 2 0 3 1 3 1 4 0 1 3 3 0 1 0 1 0 3 3 2 2 3 3 2 2 4 4 1 2 1 4 2 3 1 3 2 1 1 3 1 3 2 0 0 3 2 3 1 0 4 3 3 4 3 2 3 2 1 0 1 2 1 1 3 2 4 2 1 2 0 2 2 4 4 0 0 1 0 1 2 4 1 2 0 4 1 4 4 4 1 0 3 2 1 1 1 2 0 2 2 1 2 4 0 1 1 2 3 2 0 2 3 1 1 4 3 2 3 4 3 4 4 1 1 3 0 4 0 0 2 4 3 4 4 1 2 2 3
2 4 4 4 3 2 2 2 2 4 0 1 4 1 3 1 4 1 1 3 3 3 2 3 2 3 4 3 1 1 3 3 1 2 0 4 0 2 3 2 4 0 1 3 1 4 1 0 0 4 0 0 3 0 3 0 3 2 0 1 4 3 2 2 3 2 3 3 1 1 2 0 1 3 1 4 2 2 1 4 2 3 0 2 3 3 4 2 3 4 0 2 4 2 1 2 1 4 2 3 0 0 0 3 3 1 4 3 1 2 4 0 0 4 2 4 0 1 3 3 2 3 2 1 3 3 1 4 4 3 2 4 0 3 4 1 4 0 4 2 2 3 2 2 0 4 1 2 2 1 2 4 0 4 3 3 4 1 2 3 4
2 4 2 0 0 3 1 0 4 4 2 4 3 1 4 3 0 1 0 1 3 2 3 4 2 3 0 3 3 0 4 0 1 1 2 1 4 3 3 0 4 2 0 3 1 4 1 1 3 3 2 3 2 3 0 4 1 0 4 4 3 4 1 4 2 3 3 4 2 3 4 3 3 4 1 4 1 4 0 1 0 4 4 2 2 4 4 4 2 3 0 2 4 2 3 2 0 1 3 4 2 2 3 0 2 4 4 0 4 4 1 1 3 0 3 3 2 4 2 1 0 2 3 4 1 1 3 2 0 1 3 2 1 1 4 0 1 3 0 2 4 1 3 4 3 3 2 0 0 1 3 0 1 3 1 2 0 2 1 2 0
0 1 1 1 0 1 4 3 1 3 2 4 3 3 3 4 1 0 4 2 4 4 3 2 2 3 4 4 4 3 0 4 4 3 3 4 0 4 4 3 3 3 0 1 2 3 0 3 0 1 2 1 2 3 1 0 1 0 1 2 1 1 4 0 2 2 2 4 1 1 4 1 0 4 3 4 4 0 2 0 4 1 1 1 4 2 1 2 0 3 0 1 1 4 3 0 1 0 4 4 4 4 1 1 3 1 0 3 3 4 0 2 0 1 4 2 1 2 4 1 2 4 4 1 3 4 1 1 0 1 3 1 0 4 2 0 2 4 3 0 3 3 0 0 2 1 2 3 3 2 1 1 3 2 2 2 1 3 0 3 1
3 4 1 4 3 2 3 2 2 1 2 3 1 3 0 2 0 0 2 4 3 3 3 0 2 2 1 3 2 0 4 3 1 3 4 0 2 3 2 1 4 2 4 2 0 1 4 2 3 1 2 1 2 0 1 1 4 0 4 1 2 1 1 3 4 1 3 3 1 3 4 0 0 1 2 2 4 3 4 3 1 3 4 3 0 3 0 4 3 1 1 2 2 4 0 3 0 1 1 3 1 3 3 3 1 2 0 0 2 4 0 4 3 2 2 3 0 4 0 0 1 1 2 3 2 4 4 0 0 2 3 1 0 2 4 3 1 1 1 4 1 1 3 1 3 2 1 0 4 1 2 0 4 1 0 2 1 4 2 3 2
2 0 4 1 1 0 3 3 1 4 1 4 4 4 0 3 2 2 2 4 0 2 0 1 0 4 4 4 3 3 3 1 0 0 2 3 0 0 3 3 1 4 2 0 0 2 4 3 0 3 4 2 1 4 0 1 4 0 2 2 0 3 0 2 3 3 0 0 0 4 3 2 0 0 4 3 3 3 1 0 2 0 2 0 1 2 3 2 2 2 2 4 0 2 1 3 0 2 0 1 3 3 0 0 4 4 3 4 0 1 4 4 1 1 4 0 3 4 2 3 1 4 2 4 2 4 4 4 3 0 0 3 3 0 0 2 2 4 1 2 0 0 1 4 3 0 4 4 1 3 2 2 3 1 1 2 2 1 1 0 1
2 0 1 4 1 4 1 2 2 3 4 0 4 3 3 1 4 2 2 3 1 2 3 3 0 0 0 3 1 3 1 0 3 3 2 1 4 3 3 1 4 3 1 0 3 2 4 3 4 3 3 1 0 3 4 3 3 1 1 1 4 0 4 0 3 1 1 2 1 0 0 2 0 2 0 3 1 4 3 0 2 3 3 0 1 4 0 1 1 1 0 2 3 4 2 1 2 4 0 0 1 3 3 3 2 3 1 3 2 2 3 1 0 4 3 4 3 3 0 1 2 2 4 0 3 1 4 0 2 1 1 0 4 4 0 1 4 2 4 3 1 0 1 1 4 0 2 4 0 0 1 2 2 2 0 1 0 1 1 0 2
4 0 4 0 1 2 4 0 4 2 1 4 4 4 0 1 2 4 1 2 2 4 1 4 1 2 0 2 1 0 1 0 2 0 1 0 0 0 2 4 0 3 3 1 0 0 2 4 1 3 1 4 4 2 0 0 2 0 4 3 2 3 0 0 0 1 2 0 4 0 4 1 0 4 2 0 4 4 4 1 4 2 2 4 2 2 1 4 0 3 4 2 1 4 4 1 3 2 2 2 4 1 3 4 1 0 2 2 1 1 3 0 1 2 4 3 0 3 2 0 1 3 4 2 2 4 3 0 3 2 4 4 4 4 3 2 4 2 4 2 4 0 3 2 2 4 0 2 4 4 4 0 2 4 4 1 0 0 2 0 2
3 4 1 3 4 0 4 2 0 2 3 2 2 0 4 1 0 4 3 1 3 3 3 4 0 4 4 0 3 4 2 4 0 1 2 2 1 1 4 3 0 2 0 2 4 0 1 4 4 4 2 4 4 0 4 4 1 3 4 2 0 2 1 2 0 0 4 1 3 3 2 4 2 2 3 1 4 1 2 3 0 4 3 2 1 4 1 0 2 3 2 4 2 0 2 2 0 3 0 3 2 2 4 1 0 0 0 4 1 2 0 4 4 0 1 0 4 4 2 3 4 4 3 1 1 2 0 1 0 1 2 4 0 3 1 2 3 1 4 0 0 1 4 4 1 2 2 2 1 4 0 1 1 0 4 2 2 0 1 0 3
0 4 0 3 2 3 4 3 4 1 1 0 0 2 1 4 4 0 2 1 0 0 4 3 0 3 0 2 4 2 2 4 2 2 0 1 2 1 2 1 2 3 1 2 0 4 3 2 4 0 0 0 1 4 0 3 2 0 0 4 0 4 0 4 1 0 0 4 1 2 2 0 0 4 4 3 3 2 0 0 3 0 2 1 1 2 4 3 2 1 4 4 0 0 3 3 2 4 2 1 1 2 1 4 1 1 2 1 3 4 1 3 1 3 4 2 0 0 2 0 1 2 4 3 4 3 2 1 4 1 2 2 3 4 1 1 0 0 3 0 4 4 4 0 0 0 4 0 3 4 0 1 3 2 0 2 2 2 3 1 0
1 3 1 0 2 2 2 2 0 2 4 2 3 1 2 1 1 4 4 2 0 0 0 4 0 2 1 4 0 2 2 3 2 3 0 4 0 4 4 3 4 3 0 2 4 4 0 2 3 4 4 0 2 4 4 4 3 2 4 1 1 3 4 4 1 2 0 3 1 4 1 0 4 3 3 4 4 0 3 3 0 3 0 2 4 2 1 3 1 2 4 3 2 0 4 3 2 1 4 4 3 0 1 2 1 1 3 0 2 2 0 2 2 3 1 1 2 4 1 3 4 2 1 1 3 2 0 2 4 1 3 2 3 0 1 4 1 0 2 0 4 4 2 1 4 0 2 1 0 4 0 4 3 3 0 3 1 2 1 2 0
1 4 4 3 0 3 2 2 2 2 1 4 2 2 0 2 2 2 4 3 4 0 1 4 3 0 2 2 3 4 3 4 3 2 0 1 2 2 0 2 1 2 1 3 1 1 3 3 0 4 3 1 0 0 1 0 2 3 2 0 3 0 1 3 4 3 1 2 0 2 1 2 1 4 2 4 2 0 0 3 2 3 1 2 0 2 4 2 3 1 4 1 4 3 1 0 1 0 4 4 2 0 3 0 4 0 4 2 3 4 2 0 0 3 4 0 1 3 3 4 1 4 2 2 2 0 3 1 0 2 0 4 3 3 4 2 0 1 1 3 0 3 0 0 2 4 3 3 4 3 4 3 2 3 0 2 3 3 0 4 3
0 3 1 0 0 0 2 1 2 3 3 0 3 4 2 0 4 2 1 2 1 4 1 1 0 3 0 0 3 4 3 0 4 4 2 4 2 2 0 4 0 4 1 3 0 4 0 4 3 2 3 2 1 4 3 3 3 3 4 3 4 4 1 4 1 0 0 3 2 1 4 2 2 0 3 4 1 3 0 0 0 3 2 4 2 0 2 2 1 3 3 0 0 4 1 1 1 2 4 1 0 0 3 2 0 3 1 4 2 1 4 4 1 3 3 3 3 3 1 4 3 4 2 3 0 3 1 3 0 0 4 0 2 0 2 0 3 0 4 2 3 3 2 4 1 2 0 1 2 1 3 1 2 0 1 4 3 3 2 4 0
2 4 3 2 4 3 0 1 2 3 2 2 2 3 0 4 3 1 2 4 1 0 3 1 1 2 0 1 0 1 2 4 2 0 1 3 0 3 0 4 3 4 3 0 2 3 2 1 1 4 2 3 1 3 1 4 0 1 1 2 4 3 1 2 0 2 0 2 3 2 1 1 1 4 2 1 4 1 2 0 0 1 0 3 4 2 2 2 0 3 4 0 1 1 2 3 0 4 0 3 4 3 0 0 2 4 3 1 0 2 4 2 4 4 0 0 1 4 2 2 3 2 2 1 0 1 0 0 2 2 4 1 1 1 4 0 0 2 2 2 0 1 4 1 2 1 1 4 0 4 3 0 3 2 2 3 3 4 3 2 1
4 4 4 0 3 0 2 2 2 4 2 0 0 3 4 1 2 3 4 1 1 4 4 3 1 4 3 2 4 1 4 4 2 3 1 2 3 4 4 2 0 4 4 1 4 4 4 1 4 0 4 3 0 0 3 3 4 2 1 4 0 2 0 4 2 3 1 3 4 0 2 0 1 2 3 1 3 4 4 4 0 4 2 0 4 1 0 1 0 1 2 2 3 2 1 3 0 2 1 2 4 3 2 3 2 2 4 2 1 0 2 1 4 4 1 4 2 4 0 2 0 2 4 1 1 2 4 3 1 2 0 1 0 4 4 0 1 0 2 3 0 4 4 2 1 3 3 3 2 0 1 4 4 2 2 0 2 1 0 3 0
3 4 3 2 0 3 1 2 2 4 0 2 0 2 3 0 0 3 4 0 1 4 1 1 3 3 3 2 3 1 2 1 3 0 1 0 0 2 0 3 3 0 0 0 4 0 1 4 0 2 1 2 3 4 3 2 2 3 4 0 4 1 4 4 4 2 0 4 4 0 2 4 2 4 4 1 1 2 2 2 0 0 1 3 4 4 2 1 2 1 1 3 0 2 3 4 4 0 3 0 0 3 1 4 2 1 0 1 0 2 3 2 2 1 3 1 2 0 4 4 2 2 4 2 0 4 3 1 4 1 2 1 1 3 0 4 1 0 2 4 4 2 1 1 3 4 4 0 0 3 1 4 1 0 3 3 0 1 4 1 4
3 3 1 4 0 2 2 1 4 1 0 1 3 4 1 4 0 1 4 4 4 3 2 4 3 0 1 4 1 3 1 2 3 2 1 3 1 0 1 2 2 4 0 2 3 1 1 3 4 3 4 3 3 3 2 2 3 1 3 2 1 4 4 1 3 2 4 4 2 1 3 1 2 3 3 0 4 2 0 3 0 0 1 3 3 1 0 4 4 4 3 0 0 4 1 4 3 2 0 0 0 4 4 2 4 4 4 4 1 0 4 1 2 3 0 2 1 2 1 0 3 1 2 4 0 0 0 3 2 0 1 0 1 0 2 1 1 2 2 3 4 1 1 1 1 1 3 2 1 2 2 4 3 4 0 1 4 0 4 4 3
2 4 1 4 3 2 1 0 1 4 1 3 0 2 4 4 3 2 2 0 1 3 3 1 1 1 2 1 3 1 1 0 2 3 0 1 2 3 3 4 4 0 4 1 2 0 2 0 4 4 2 1 0 3 4 1 4 1 4 2 0 1 3 4 1 0 0 0 0 4 4 4 1 0 0 0 1 3 3 0 4 0 1 1 3 2 2 3 1 2 2 1 0 2 0 3 2 3 3 2 4 0 3 0 0 4 0 1 4 0 4 0 1 2 2 1 0 1 1 1 0 4 4 2 1 1 0 1 4 1 3 0 1 2 0 3 3 3 2 4 3 1 4 1 3 3 3 3 0 4 4 2 0 0 0 2 2 0 3 1 3
3 4 4 2 4 0 2 4 2 1 0 3 3 3 1 3 3 2 0 0 3 3 0 4 3 2 1 0 2 4 1 3 3 2 2 0 2 0 1 4 3 3 2 1 2 1 2 0 0 2 0 3 2 1 4 2 0 0 3 0 2 1 0 2 3 2 2 1 2 4 0 1 4 0 4 1 3 1 4 3 1 1 3 3 2 3 1 0 0 1 2 4 2 2 2 0 1 4 1 4 0 4 2 0 4 1 3 4 0 4 2 1 1 2 1 0 2 2 0 3 3 4 2 0 3 1 3 0 1 4 1 3 3 3 0 4 1 1 3 3 0 2 1 1 2 3 2 4 0 4 4 1 1 4 3 4 0 1 1 3 3
2 4 3 2 4 0 4 2 3 2 3 3 4 1 0 4 3 1 4 3 1 2 4 0 1 0 0 4 2 4 2 4 3 1 4 4 1 3 2 1 2 2 1 3 3 3 2 2 0 4 2 1 1 3 3 2 0 3 2 2 4 1 4 2 4 3 4 2 3 3 4 0 0 2 1 3 1 3 2 3 2 1 1 1 4 4 0 0 2 4 4 2 1 3 1 0 3 2 0 1 0 4 4 0 3 0 1 1 0 3 4 0 0 0 1 1 4 3 1 4 3 1 3 4 1 1 1 2 4 1 3 4 2 4 2 3 1 3 4 2 3 4 4 3 1 2 0 3 0 3 2 3 1 0 4 0 3 3 2 2 1
2 4 1 2 1 4 3 1 3 2 4 4 1 0 1 3 0 4 1 0 1 4 2 3 4 4 1 4 1 1 0 3 0 1 2 3 0 3 4 1 0 0 0 4 0 1 4 2 2 0 3 0 0 2 3 1 1 2 0 4 3 2 2 0 4 2 3 1 0 4 2 0 4 3 1 0 1 1 2 4 1 2 4 3 4 0 1 2 4 1 1 4 4 4 4 0 3 4 1 3 0 1 0 4 4 2 1 2 3 1 1 1 3 3 2 3 0 3 0 1 2 4 0 3 0 1 3 3 0 1 1 0 2 1 1 3 3 3 1 3 4 2 2 4 2 4 4 4 2 2 0 1 1 0 4 1 3 2 4 3 1
0 0 3 3 4 2 2 4 0 2 0 2 4 4 2 0 4 1 0 1 4 1 2 4 1 3 3 0 2 3 1 4 1 2 2 2 1 1 1 1 4 1 0 0 0 2 3 4 1 3 2 0 1 4 1 4 2 1 0 1 2 3 2 3 0 0 0 3 1 1 4 2 4 0 3 4 4 3 1 2 1 3 4 4 3 1 4 2 4 4 1 1 4 3 1 2 3 1 0 2 4 0 4 0 2 4 0 3 2 3 1 0 3 0 0 1 3 4 1 0 0 4 1 4 4 3 1 0 1 4 2 3 1 3 3 3 3 0 1 2 0 4 3 4 2 3 2 2 4 0 2 4 4 4 3 4 4 2 1 2 1
3 2 2 1 1 2 1 3 0 1 1 2 4 0 4 4 2 1 0 0 1 4 4 2 4 0 1 3 1 3 4 1 1 3 0 4 2 1 4 0 4 0 2 3 2 3 4 2 4 4 2 2 0 3 4 0 4 0 0 2 1 2 1 4 0 1 0 0 4 1 0 4 4 2 4 1 0 4 3 1 0 0 4 1 1 3 3 0 1 3 4 4 0 0 3 3 3 0 0 3 1 0 2 0 4 1 2 1 2 2 2 0 0 3 1 1 4 1 3 2 4 2 1 2 0 1 2 3 1 2 3 2 2 0 0 3 4 2 4 3 1 3 3 1 4 4 2 3 2 2 2 4 2 3 1 2 1 0 2 2 2
1 1 1 3 1 4 4 3 3 3 2 1 1 3 2 3 3 2 0 0 4 4 4 4 2 1 0 2 1 4 1 4 1 2 2 2 1 2 3 4 2 0 3 3 0 2 3 3 0 4 1 4 0 0 1 0 4 1 4 2 1 1 1 4 3 0 1 2 4 1 3 1 3 1 2 4 1 0 4 1 1 2 0 2 3 1 4 4 0 0 3 3 1 1 2 2 1 0 4 3 2 2 4 0 1 1 1 2 4 1 0 0 3 0 2 3 4 3 4 1 4 2 4 2 3 3 4 2 3 0 0 2 0 1 0 1 3 1 0 2 2 0 2 3 2 2 3 3 2 3 1 3 2 2 1 1 0 2 0 1 3
0 0 3 1 0 1 1 2 3 0 1 0 0 4 4 4 3 3 1 3 1 0 0 4 3 3 1 0 3 2 0 3 3 0 2 3 1 3 2 1 1 4 3 1 3 3 0 3 3 3 1 4 0 4 3 3 2 0 1 1 2 1 1 2 2 3 3 0 4 0 2 0 1 0 3 2 0 3 0 3 3 4 3 4 3 1 4 0 1 0 3 1 2 0 0 4 0 3 1 4 1 3 1 2 1 4 1 1 4 2 2 0 3 0 4 1 1 3 3 0 1 2 1 3 4 3 4 4 4 0 1 2 1 4 1 4 4 3 2 0 2 4 0 0 4 1 3 3 2 1 3 3 0 1 3 4 4 4 4 0 1
2 2 4 1 4 0 2 2 3 3 4 4 0 4 1 2 2 4 4 0 4 4 1 0 4 2 1 3 1 2 4 0 4 1 2 0 1 4 2 1 2 1 1 0 2 2 2 1 3 3 4 2 2 0 4 1 2 2 1 1 4 2 1 1 3 0 1 2 0 1 3 4 2 4 4 2 3 1 0 3 1 4 2 3 4 1 1 4 4 4 2 0 2 0 3 2 1 2 4 1 3 3 0 2 4 2 1 0 3 2 3 0 1 3 0 3 4 4 2 0 3 1 3 2 1 3 0 4 0 4 2 0 4 0 3 4 2 4 1 0 1 4 2 0 4 0 3 4 4 0 1 4 3 4 2 1 3 2 1 0 1
3 1 3 3 1 2 0 0 3 3 4 4 2 4 4 2 2 0 3 4 3 3 2 0 0 0 0 2 1 0 0 0 1 0 0 2 2 1 0 2 1 1 4 3 2 0 3 1 2 3 0 0 1 4 0 3 4 0 2 3 3 0 3 4 0 0 4 3 3 1 2 4 4 3 0 1 3 0 2 2 3 4 3 0 3 0 0 4 1 3 2 4 3 2 0 3 0 1 3 3 4 3 3 3 1 0 4 2 0 1 4 0 0 4 2 0 0 3 2 3 1 1 4 4 1 4 4 1 3 3 4 2 1 4 1 4 1 0 1 1 4 3 4 1 2 1 4 4 4 1 2 0 4 1 1 0 3 1 3 3 1
3 0 4 4 3 3 1 1 0 4 0 0 3 3 2 0 2 2 1 0 1 2 0 0 0 0 3 3 1 1 4 4 3 3 0 2 2 3 3 4 3 0 4 3 3 3 0 1 2 2 1 1 1 3 1 1 1 1 0 2 4 1 3 2 2 3 4 1 2 4 0 2 4 1 0 0 1 1 3 1 0 4 2 1 0 3 4 1 4 1 3 3 3 1 2 0 1 4 1 3 3 3 2 0 1 3 0 4 1 0 0 1 1 2 2 1 2 1 2 1 0 0 1 3 3 4 0 0 3 3 0 3 3 3 3 4 3 0 0 1 0 1 2 2 3 1 3 1 4 3 4 4 0 3 4 4 2 4 1 2 2
3 2 2 3 1 3 3 3 4 4 1 0 3 0 0 4 0 3 1 3 3 2 1 3 2 2 2 1 3 4 1 3 3 3 4 4 4 2 0 3 4 3 3 2 3 3 4 3 2 0 4 2 2 0 2 1 2 4 0 2 0 1 2 3 1 1 0 0 1 2 0 0 0 3 2 3 4 1 3 3 3 4 2 3 1 4 4 0 3 4 4 0 2 2 3 1 0 0 3 1 2 4 1 2 4 4 2 3 2 3 1 3 2 3 1 1 4 2 1 4 4 1 4 1 0 0 4 0 0 0 4 3 4 0 2 3 1 2 2 1 0 0 4 2 1 2 0 0 4 2 0 3 0 1 2 0 1 1 2 4 1
1 4 2 2 3 3 0 0 2 1 0 2 0 0 0 2 0 1 4 2 3 2 4 1 1 4 3 0 2 4 3 0 0 1 2 3 4 0 4 3 1 4 0 4 4 1 1 2 4 2 1 4 2 1 0 3 2 0 3 1 4 4 2 4 0 1 0 1 1 4 4 3 3 1 2 0 4 0 4 0 0 0 4 2 1 0 0 4 2 1 0 2 0 4 3 2 1 3 3 2 4 4 2 0 2 1 2 4 4 1 4 4 1 1 1 0 3 1 4 0 4 1 4 4 1 0 1 4 0 1 1 0 2 1 0 0 2 2 1 1 3 0 0 1 1 3 1 1 2 2 2 1 1 1 1 2 3 4 3 4 3
