5 162 13
1219566434 742339316 283761100 470482742 258954093 437859237 811318495 1153462112 1142215611 472596773 408442009 678618531 1127781418 382010255 737710631 32110429 627052669 758494654 963045686 568967915 402940869 248506469 1027080725 678337840 195069923 1073639711 980476797 707756886 129058940 37188860 1151175834 1059432405 265053303 270748023 553562803 586365526 492454794 902174498 556330841 835190675 718696289 34520736 244430244 1002823559 704201117 802280980 1157169669 204183140 711944499 189841074 525883880 127763113 1101263317 231846468 1214692907 150572943 398066296 903545039 203514865 1169981422 765898026 958547786 727279561 678509850 1033585661 689594295 474369465 764739545 106696217 33045540 1123859529 768538866 1081035909 1193828059 803946053 18946088 802090164 482617148 949965917 340381589 1195291716 812867053 1194211433 124815446 843929123 824029079 718102517 339754631 753336109 487435571 1104848699 125451028 182082028 388580194 427981577 1203007931 664320310 248679898 957934961 653569233 725696603 384042947 553333250 1042769685 1212010483 834937316 343284197 541625047 969501897 410922855 1073335490 365373117 131288914 1213463236 459580168 349974945 1145629157 137889913 1094215466 677702573 256131506 769130604 951813560 985036557 1024825292 901827610 77315039 744978811 40744056 293985682 277576067 1135724867 1042710598 546513727 697888890 140322560 56542721 1108402013 774198725 738157097 130348929 877469948 13463606 270225752 685554337 108808230 113160040 151852335 376079985 502124143 1185596014 600996927 805428247 516459762 18593668 37240103 614414734 74191142 1167260560 972875385 765809120 243982438
2 1 4 4 4 1 2 0 0 0 0 0 2 0 4 1 3 0 1 0 4 3 0 0 0 1 3 0 3 1 2 1 2 1 0 4 4 2 4 0 4 1 2 1 1 1 2 0 3 0 2 3 1 0 0 1 3 0 3 1 2 0 2 1 3 4 0 2 3 1 4 3 2 2 1 1 0 1 3 4 3 2 2 4 2 4 0 0 4 0 4 3 0 3 0 0 3 2 3 1 1 4 1 0 3 3 1 4 4 1 3 2 4 2 4 3 1 1 1 0 2 0 4 4 3 1 0 3 0 3 2 1 4 3 4 3 3 0 2 4 4 2 2 3 4 3 1 0 4 2 2 1 4 3 1 0 4 1 3 2 1 0
3 0 4 4 0 4 0 2 4 1 1 3 4 0 1 2 0 0 2 3 2 3 3 0 3 3 1 2 2 4 2 2 1 3 2 2 3 4 1 4 0 3 2 1 3 3 3 1 0 2 1 4 1 4 4 4 4 2 3 1 1 1 1 0 1 3 2 4 2 0 0 2 0 2 3 1 2 3 2 3 3 0 2 4 1 2 0 3 1 4 1 0 2 2 0 3 0 4 0 4 4 0 1 2 3 1 3 0 2 2 0 0 2 3 1 0 2 1 3 0 2 0 0 4 2 0 0 0 1 0 4 3 2 3 0 2 4 3 0 3 0 0 3 4 0 1 4 2 0 3 3 2 0 0 4 2 3 4 4 4 1 4
2 3 2 4 1 3 2 1 2 4 3 2 0 4 4 2 3 4 0 3 3 2 4 2 1 2 1 1 3 2 0 1 3 2 0 1 2 0 2 1 1 2 4 2 1 0 4 2 1 1 2 4 0 1 4 1 0 2 2 4 2 2 2 0 1 4 1 4 4 0 2 3 2 1 0 1 3 1 0 4 4 2 1 4 1 2 0 1 4 3 2 1 2 4 3 4 4 4 0 0 4 2 3 4 1 0 2 4 1 2 1 0 1 4 1 2 1 2 4 0 2 3 4 4 3 2 0 4 4 2 1 3 2 0 4 3 0 3 4 4 2 0 1 4 1 3 1 2 0 2 0 4 1 1 3 1 3 4 2 2 1 3
3 3 3 4 3 1 3 3 0 0 0 1 1 4 1 3 1 3 2 3 2 0 4 1 1 0 2 0 4 0 4 2 1 4 4 4 0 4 4 2 4 2 1 1 1 2 1 4 1 3 0 0 1 1 1 2 1 0 3 3 1 4 2 4 3 1 3 4 0 0 3 2 4 4 0 2 2 1 3 0 1 3 0 2 2 4 2 3 1 2 3 2 1 1 1 4 2 2 0 0 4 4 2 3 0 2 0 2 0 0 4 3 4 0 3 1 1 0 1 2 4 0 2 0 1 0 1 0 2 4 0 3 0 2 3 0 1 0 0 3 1 4 2 0 1 0 3 2 2 1 2 1 1 4 3 4 4 1 2 4 0 2
4 0 2 3 3 0 3 3 4 4 2 1 1 1 3 4 3 0 1 2 3 4 1 1 4 3 2 3 4 0 0 3 2 4 1 0 0 2 3 1 1 3 2 3 4 2 4 4 2 0 4 0 2 0 3 3 0 0 1 1 2 1 2 0 3 0 0 3 2 1 4 4 1 3 4 2 0 3 3 4 1 2 1 3 0 1 3 2 3 4 4 1 2 1 1 0 1 3 0 1 1 1 2 2 4 1 1 1 1 0 2 4 2 0 4 4 1 2 2 0 1 1 3 4 4 4 1 2 4 2 0 1 3 2 0 0 0 2 1 4 4 1 3 3 1 0 3 0 2 0 0 1 3 0 2 4 4 3 3 3 2 4
1 1 1 2 1 2 4 4 1 3 0 1 1 4 1 1 4 1 3 1 2 1 1 1 2 2 1 1 2 4 0 4 0 1 1 3 0 2 2 3 2 0 0 0 4 3 2 0 1 0 3 0 4 1 1 1 3 3 2 0 2 2 4 4 1 2 2 3 4 1 2 1 3 4 4 4 4 1 4 1 3 4 1 2 0 3 4 3 3 3 1 2 3 0 3 4 0 2 2 4 3 1 3 2 0 2 1 0 0 3 3 3 2 4 3 3 4 2 3 4 2 4 1 0 2 4 1 2 3 1 3 2 4 1 1 0 0 4 2 0 4 0 1 2 1 4 2 1 3 0 0 0 0 4 3 2 0 1 1 4 2 4
1 4 1 4 1 3 3 3 1 3 0 2 2 1 1 4 2 4 1 0 1 3 4 1 0 4 3 1 3 2 1 1 1 4 0 2 2 1 2 3 1 2 2 0 1 0 1 3 4 2 0 3 1 4 4 3 4 4 2 4 2 0 1 0 4 3 3 3 1 0 4 4 0 1 4 1 2 2 1 3 0 2 3 3 3 0 1 4 4 3 4 3 3 2 4 4 2 2 0 4 4 4 0 4 2 0 2 1 4 4 2 4 1 2 2 4 2 1 1 4 1 0 2 2 2 1 1 4 0 3 0 0 4 1 1 4 3 4 2 2 3 1 4 1 4 3 2 3 4 3 2 3 0 2 0 4 3 3 4 4 4 1
1 3 4 2 2 2 1 0 2 1 3 1 4 2 1 4 3 3 4 0 1 0 4 3 4 3 3 0 4 2 2 2 1 3 4 0 3 3 2 0 1 1 3 3 0 4 2 3 4 1 1 0 1 0 0 3 0 4 3 4 1 2 3 4 1 3 2 4 3 4 1 4 2 1 2 3 2 1 1 2 3 2 4 1 0 0 4 0 1 0 2 4 2 0 4 0 0 3 1 3 4 2 0 2 0 4 0 3 1 3 0 1 3 4 2 3 1 2 0 2 2 2 2 1 0 3 4 0 1 0 1 0 0 1 4 0 0 4 3 3 0 0 4 0 2 2 0 3 1 0 1 0 0 0 1 0 3 0 2 1 3 3
1 3 4 1 0 2 2 1 0 4 1 0 4 3 2 4 2 0 2 0 0 2 0 3 4 0 1 3 1 4 2 2 4 3 0 1 0 0 2 1 4 1 3 1 1 2 2 0 2 4 0 4 3 2 2 4 2 3 3 3 4 2 3 0 0 0 2 1 0 4 4 2 2 4 0 4 1 2 4 0 4 0 4 4 4 1 1 2 2 1 0 1 3 3 4 3 4 1 1 1 2 2 3 0 3 0 1 4 3 0 1 4 2 0 0 2 4 1 4 3 2 4 1 2 0 0 3 4 1 1 2 1 4 3 1 2 3 2 4 3 4 2 4 2 0 0 4 1 3 0 4 3 1 0 0 1 3 3 2 4 2 0
0 1 0 3 0 3 2 1 4 2 1 3 4 1 3 0 2 4 2 1 2 3 3 4 0 1 0 4 3 2 1 0 0 1 4 0 0 3 4 1 0 0 4 1 3 0 3 0 4 0 3 1 1 3 0 3 0 2 2 0 4 1 0 4 2 1 2 4 0 1 0 2 3 0 4 1 2 4 1 1 2 1 4 3 4 1 1 1 4 0 1 3 1 2 3 4 0 0 0 0 3 1 3 1 3 4 4 0 0 2 3 2 3 2 2 4 0 0 1 4 1 2 3 4 1 3 3 2 0 1 4 0 4 4 1 2 3 0 4 1 2 2 3 2 1 3 1 1 3 2 3 4 2 1 4 3 1 4 2 3 2 2
3 1 1 4 3 2 1 4 3 0 3 3 4 1 3 0 3 2 0 1 3 4 4 2 4 2 4 2 0 1 1 3 0 4 4 0 1 2 0 1 2 0 2 3 2 0 0 2 4 0 3 3 4 4 2 1 3 1 3 3 0 4 3 0 0 2 0 2 4 2 0 3 3 4 3 0 2 3 2 1 1 2 4 2 3 2 3 1 0 1 1 2 2 4 2 3 3 0 2 4 4 4 4 2 4 2 4 1 0 1 2 1 0 4 4 0 1 4 1 1 1 4 4 0 0 3 0 3 0 4 2 0 4 1 4 0 0 4 1 3 2 0 4 0 4 0 0 2 0 4 4 3 3 0 0 4 3 1 4 1 2 2
1 1 0 0 1 1 4 4 1 4 2 2 4 3 3 4 1 0 3 2 0 4 2 0 0 2 3 4 3 1 1 4 4 4 2 3 2 3 4 3 2 1 0 1 0 0 3 1 2 3 0 2 2 2 0 2 4 0 4 3 3 0 4 3 1 1 1 3 0 0 3 2 4 1 1 1 1 4 4 4 4 4 3 2 1 3 1 0 1 0 0 4 3 0 2 1 1 0 2 3 3 0 3 2 3 4 3 0 0 2 1 4 1 4 3 4 0 2 1 3 2 2 2 2 4 2 4 2 2 3 1 2 0 4 1 4 0 1 4 0 3 2 4 1 3 0 2 3 2 4 3 1 3 1 4 2 3 0 4 2 0 0
0 0 1 1 4 1 3 3 1 3 2 3 2 1 0 4 1 2 0 0 3 3 1 4 0 4 1 0 1 1 2 3 2 1 0 1 2 0 2 1 3 1 1 0 2 1 2 4 0 2 4 0 1 2 0 3 1 3 0 4 2 0 0 4 1 0 2 3 2 1 1 0 3 4 3 2 0 2 1 2 4 0 3 2 2 0 1 0 3 1 2 2 1 2 3 4 4 3 0 1 4 1 3 4 1 1 2 3 0 0 1 0 3 1 4 2 1 0 3 1 4 2 4 2 1 2 2 2 0 2 3 2 0 3 3 1 2 2 2 2 3 0 2 1 1 2 3 2 4 3 0 0 0 1 3 3 1 2 0 3 4 0
0 4 4 1 3 1 3 2 3 1 2 3 2 0 2 1 4 3 1 4 4 2 3 2 0 4 4 3 2 0 3 0 1 2 1 1 0 1 0 4 3 2 4 2 2 3 0 1 1 2 3 0 1 1 4 1 0 0 4 4 2 0 4 4 2 2 2 3 4 3 4 2 2 0 1 0 3 2 3 1 4 3 4 0 1 0 3 3 1 0 3 3 0 2 4 4 0 4 4 1 2 3 3 4 0 4 1 0 3 2 2 2 0 3 4 2 3 3 0 1 0 0 2 0 3 1 1 0 0 1 1 4 1 1 4 2 2 0 2 1 2 1 0 0 4 0 4 0 0 4 1 0 0 3 0 0 2 3 2 4 4 0
4 1 1 0 3 0 0 2 1 0 1 2 2 2 4 1 2 4 0 1 4 2 4 1 4 3 4 1 3 4 3 4 2 4 4 2 2 1 4 0 3 2 2 0 0 3 1 4 2 4 0 3 3 2 4 3 0 1 1 3 2 0 4 4 1 3 1 3 0 2 4 3 0 3 4 2 2 2 3 1 1 4 2 0 1 3 0 3 4 1 4 3 3 3 2 0 2 0 0 4 3 1 4 0 0 0 4 4 3 2 2 4 1 4 1 4 3 1 0 4 0 4 3 0 2 2 0 1 3 3 2 3 4 2 3 1 2 2 2 2 1 0 4 3 1 0 4 1 4 4 1 1 0 4 1 0 3 4 1 1 2 1
4 3 3 4 0 2 1 2 0 3 4 4 3 1 1 4 2 2 1 3 0 1 4 4 1 3 3 0 1 2 1 1 0 1 0 0 3 4 0 0 4 4 1 4 0 0 0 0 4 1 0 0 0 0 4 3 0 4 3 1 1 1 4 1 2 0 4 3 1 4 0 2 0 4 1 1 4 1 3 3 0 3 0 0 3 1 3 0 0 4 4 1 0 3 0 0 0 1 0 1 0 0 3 0 4 1 3 0 3 1 1 3 0 1 0 0 3 3 3 3 2 2 2 0 0 4 2 1 0 2 4 2 4 0 2 1 1 3 1 1 1 2 1 3 1 1 4 4 2 4 4 1 1 3 1 1 2 0 4 2 2 1
4 4 1 4 0 4 4 3 3 0 1 1 1 2 3 2 3 2 1 4 3 2 3 2 0 2 2 0 0 0 1 1 4 4 2 1 0 3 4 3 1 2 0 2 4 0 4 4 2 0 4 0 4 4 2 4 1 2 4 3 2 2 2 3 3 1 4 4 0 0 4 1 3 1 0 4 3 1 4 0 3 0 3 2 4 2 1 0 4 3 1 3 2 3 3 1 4 4 2 1 0 1 4 3 0 4 2 3 0 3 4 3 3 4 2 4 1 4 2 3 4 3 1 1 3 0 2 4 1 1 1 1 3 0 1 3 2 1 1 4 4 2 0 0 3 2 1 0 3 3 0 4 3 3 1 1 0 0 1 2 2 4
3 2 1 0 2 3 3 3 0 2 3 0 4 1 4 1 3 3 4 0 2 0 4 0 1 4 1 4 3 0 0 2 2 2 4 4 2 2 4 2 1 4 4 1 3 4 2 1 4 3 2 3 3 3 4 2 4 2 3 3 2 1 2 1 3 1 0 2 0 1 2 3 1 1 4 4 0 3 2 1 4 1 0 4 4 4 3 1 1 2 4 0 3 1 1 3 4 3 0 1 1 4 4 4 1 1 3 3 1 3 0 0 4 0 2 1 4 0 4 2 4 3 4 4 1 2 2 0 0 0 3 3 4 2 3 2 0 3 1 2 1 1 4 3 1 1 1 2 4 0 1 3 3 0 3 4 2 2 1 4 4 4
2 1 3 2 3 4 1 4 3 2 2 2 2 3 1 3 2 0 3 3 0 3 0 0 4 2 3 2 3 4 1 3 0 2 0 1 1 1 2 4 1 0 3 3 0 4 2 3 1 2 3 2 3 4 2 4 3 2 2 2 2 0 0 4 2 0 0 3 4 3 4 0 0 3 0 0 4 2 0 1 2 1 0 2 0 2 1 3 0 0 2 4 1 4 3 3 2 1 4 1 1 3 3 1 3 3 3 3 3 1 1 2 2 1 4 4 0 2 4 2 3 2 1 4 1 2 2 0 0 1 1 1 2 1 4 0 0 4 0 3 0 1 0 4 2 1 3 0 3 3 2 1 0 4 2 3 3 0 4 3 3 2
4 0 4 0 1 1 4 3 4 0 0 1 1 4 4 0 4 2 3 2 1 0 3 3 0 1 0 4 1 4 4 2 1 0 2 4 1 1 3 2 3 3 0 0 2 4 2 4 3 0 1 4 2 4 0 2 2 0 4 3 1 0 0 3 0 4 2 3 0 0 0 1 0 2 3 0 1 0 4 1 2 0 3 4 1 3 3 0 0 2 0 2 2 2 0 4 1 4 2 3 2 4 1 2 1 4 4 4 4 3 1 3 0 4 2 3 2 1 3 4 0 0 1 0 2 3 4 3 3 2 4 2 3 0 1 0 2 1 1 1 4 2 2 2 3 4 0 2 2 1 2 0 1 3 0 4 2 4 4 2 3 3
4 2 1 0 4 3 1 0 1 3 0 3 2 3 0 2 3 4 0 0 4 2 3 4 3 2 1 4 1 1 0 0 0 1 3 4 1 1 2 2 1 4 3 3 2 3 3 0 4 3 2 4 2 3 0 0 0 3 0 2 0 2 4 0 3 4 2 4 1 1 3 2 0 1 1 2 4 4 0 4 4 2 0 2 0 2 4 3 1 1 2 3 3 3 0 1 3 2 2 4 3 1 1 3 2 4 3 4 0 0 0 0 4 2 2 2 4 1 0 2 0 4 0 3 2 1 2 0 0 4 1 1 2 0 1 0 4 1 1 0 1 3 0 1 0 4 0 1 2 2 4 2 1 4 1 0 2 0 3 3 4 4
1 2 4 2 4 1 4 2 3 2 0 0 3 0 4 0 1 3 2 2 1 3 2 4 4 1 4 2 1 3 3 2 2 0 0 3 1 1 0 4 3 2 1 4 4 0 4 3 3 2 0 1 2 4 0 3 1 4 0 2 0 4 2 4 1 4 0 2 0 0 3 0 3 4 4 4 1 1 2 1 3 3 3 2 2 3 1 0 0 1 0 2 2 2 3 3 3 3 2 3 4 0 0 4 1 0 3 2 1 3 4 1 1 4 3 3 4 4 4 4 3 1 3 2 3 2 1 1 0 0 1 1 3 1 0 4 3 1 4 1 1 0 2 2 4 3 2 3 2 3 0 2 4 3 0 2 0 3 0 3 3 3
4 1 0 2 3 0 0 4 2 1 1 1 3 2 4 2 0 4 1 2 1 0 3 1 0 0 4 2 3 0 1 3 3 3 2 3 3 2 2 2 3 3 4 3 0 0 0 3 4 1 2 1 4 0 4 4 1 1 3 1 1 4 1 4 2 3 3 3 2 2 0 0 1 1 0 3 2 1 3 1 4 1 4 3 3 4 4 1 2 3 3 3 4 1 4 4 2 4 2 4 2 4 2 0 3 2 3 0 3 4 3 0 0 3 3 0 4 0 2 1 0 2 1 4 3 0 0 2 0 2 2 2 4 4 4 2 1 4 2 2 3 2 4 0 2 4 1 3 4 0 4 1 2 2 3 2 3 3 2 0 1 4
4 2 3 3 4 1 2 3 0 1 0 4 3 0 4 4 3 0 1 0 2 0 2 0 3 2 3 0 2 1 1 3 3 1 1 4 2 4 4 0 2 0 1 0 0 0 2 3 3 3 3 2 4 3 2 4 0 2 1 0 1 4 3 1 0 0 3 4 1 2 4 0 2 1 2 4 3 1 0 3 0 0 0 1 3 4 2 1 4 0 1 0 4 4 3 4 4 1 3 2 4 0 2 3 1 2 0 1 3 0 0 0 2 0 1 3 0 0 4 1 0 0 1 1 4 1 0 1 3 1 0 4 1 3 4 4 2 4 2 0 1 2 1 4 0 4 2 2 0 3 3 2 3 1 4 4 2 1 2 2 2 3
1 0 3 1 1 0 0 4 0 4 3 1 3 3 3 2 2 3 2 0 2 0 3 3 1 1 0 4 3 4 4 2 2 2 3 3 2 0 4 4 4 3 3 4 3 1 3 1 1 0 3 0 2 2 4 4 0 1 0 0 0 4 2 4 3 2 3 2 3 2 1 4 2 1 4 1 4 4 4 0 0 2 1 2 1 2 3 3 3 0 4 0 4 3 0 4 1 0 1 1 4 0 2 2 3 3 0 3 3 4 0 0 1 3 2 0 0 3 3 0 3 4 1 0 3 3 4 1 0 3 4 1 3 1 3 3 0 3 1 0 2 2 0 1 0 4 1 3 2 1 3 1 1 1 3 1 1 2 2 1 0 3
3 0 4 3 1 1 4 2 1 3 4 3 4 2 3 2 0 0 1 3 3 4 0 1 0 1 4 4 0 1 2 0 4 3 3 0 2 4 4 3 3 1 2 4 3 2 4 3 2 0 3 1 4 0 2 4 4 3 0 4 2 4 4 3 2 4 0 4 4 4 0 4 0 4 3 0 1 2 0 0 2 4 1 3 4 1 4 3 1 4 4 0 3 0 3 3 0 0 4 1 0 4 0 2 0 0 3 1 3 3 2 2 4 0 1 4 3 0 4 0 0 4 2 0 4 1 0 1 1 0 4 3 4 1 1 2 2 1 0 0 1 4 2 1 0 3 2 0 1 1 2 3 2 0 3 4 1 4 0 4 1 2
0 0 3 3 4 0 1 0 0 2 4 0 3 1 0 0 2 1 4 4 4 1 4 0 0 2 4 3 4 0 0 4 2 0 4 4 1 0 4 3 2 3 3 3 2 1 0 4 2 4 3 2 3 0 2 0 2 3 3 1 0 0 2 4 1 1 3 2 1 2 2 1 3 3 4 0 4 1 1 1 3 4 0 1 1 4 1 4 2 2 2 4 2 0 4 0 3 2 4 2 2 2 3 0 0 4 2 1 2 3 2 0 4 0 3 1 4 2 2 4 4 4 3 3 1 2 1 2 0 0 4 2 4 4 4 1 0 3 2 4 3 2 0 2 2 0 0 3 2 4 2 3 1 1 4 4 0 2 1 0 2 2
4 2 3 0 3 0 3 3 0 1 0 2 1 4 4 3 2 4 3 0 4 4 3 3 3 3 0 2 1 0 1 2 4 2 3 2 2 3 0 4 0 2 3 3 1 3 1 4 2 4 1 1 0 4 2 1 4 4 0 0 4 1 3 3 3 3 3 3 1 0 2 1 3 3 1 1 1 3 2 0 4 3 3 2 4 0 3 4 2 0 1 3 1 1 2 2 4 2 0 1 4 4 4 4 2 1 1 0 1 3 2 0 2 1 2 3 3 2 2 0 2 1 1 1 2 3 0 2 2 0 3 1 1 4 1 1 0 4 3 3 2 1 4 1 2 3 0 2 3 4 0 2 0 1 0 3 1 0 0 3 2 0
1 1 4 4 2 2 3 0 0 1 1 1 2 0 2 4 3 2 4 3 4 4 4 0 4 0 2 4 0 0 4 1 1 1 1 0 3 4 0 0 2 4 2 2 4 1 1 4 3 2 2 2 4 3 4 3 0 2 3 0 4 4 2 2 2 0 2 0 1 4 3 4 0 2 1 2 3 4 1 1 2 1 0 3 1 2 1 2 4 4 2 0 1 1 2 3 1 1 1 3 0 4 2 1 3 0 3 1 1 1 4 0 2 4 3 1 1 0 3 2 1 0 4 2 2 1 3 3 4 4 3 0 0 2 3 0 2 3 1 1 1 2 1 1 1 2 2 0 2 0 4 3 0 4 3 4 2 1 3 2 2 3
4 4 1 4 4 3 4 2 1 0 4 3 1 2 0 0 4 4 0 4 4 3 0 2 2 2 0 2 4 4 1 0 0 2 4 4 2 3 3 1 1 2 1 4 2 1 0 1 2 0 2 1 0 2 1 0 0 3 2 1 3 0 2 0 4 1 0 4 2 0 0 3 0 1 2 2 4 2 3 1 0 3 4 2 0 2 2 0 1 0 2 1 2 4 1 2 2 3 3 1 4 3 4 4 1 4 1 2 1 1 0 3 4 4 1 0 2 3 2 0 0 4 1 3 0 2 2 0 1 0 1 0 0 3 4 3 2 2 0 0 3 0 4 0 4 2 2 3 2 4 3 3 1 4 3 1 4 2 3 0 4 0
2 4 3 1 2 2 0 2 2 0 4 1 0 3 0 2 4 3 2 4 3 3 4 1 1 0 0 2 0 4 2 2 3 2 0 2 4 0 1 3 0 0 2 3 0 2 0 1 0 4 1 0 4 2 3 3 2 3 0 2 2 4 1 2 3 3 1 4 3 4 2 0 4 4 0 2 2 3 3 4 4 4 0 4 1 0 4 0 4 4 4 3 0 0 3 3 3 4 4 3 4 1 1 0 3 1 2 2 1 3 1 1 2 3 2 1 4 1 3 0 2 3 0 2 0 3 2 4 0 1 4 1 2 2 1 0 1 1 2 2 4 1 3 3 1 0 1 2 3 0 4 0 3 0 2 3 3 4 4 3 0 1
4 0 3 3 2 4 4 2 4 0 0 4 3 1 0 0 1 0 0 0 1 0 0 3 3 1 0 3 1 2 4 3 4 4 1 2 4 2 1 0 2 1 4 2 4 1 2 2 2 4 0 3 4 2 3 3 3 3 3 2 3 4 0 2 0 3 1 1 2 2 1 4 0 1 3 2 2 1 4 4 2 1 4 2 4 3 2 2 3 2 4 3 3 1 1 3 4 2 0 1 2 3 2 4 4 1 1 4 4 3 3 1 4 0 0 3 3 2 3 3 1 4 2 4 1 0 3 2 4 0 1 3 3 3 3 0 1 1 4 2 1 4 1 3 4 1 3 4 1 1 0 2 3 2 2 4 4 2 3 0 4 4
4 2 0 4 4 3 0 3 1 2 3 2 0 2 0 3 4 1 2 4 4 0 3 3 1 2 0 4 2 4 1 3 3 1 2 3 4 3 1 2 2 1 1 4 1 2 4 0 0 1 4 4 3 2 2 4 1 2 1 3 3 4 4 2 0 1 2 1 4 0 1 3 2 2 2 0 1 2 0 2 0 1 3 4 3 1 0 4 0 3 4 1 2 3 0 4 0 2 3 1 2 4 2 1 3 4 3 0 3 3 4 1 4 2 2 4 3 4 0 1 3 0 2 2 0 2 2 2 1 0 1 0 1 3 4 4 4 2 1 0 3 0 1 2 3 3 4 3 2 4 1 2 4 3 0 2 2 4 4 0 4 0
1 0 0 2 1 0 4 3 0 2 3 1 2 3 1 1 2 0 0 3 3 2 4 3 4 3 2 0 1 3 1 2 0 3 1 1 3 0 4 0 0 0 3 2 3 4 3 2 0 0 3 0 2 2 0 3 2 4 4 3 2 2 2 4 0 3 2 1 1 4 1 1 4 0 3 4 1 3 2 1 3 0 1 3 4 3 3 1 2 2 2 4 1 4 0 4 0 3 0 1 2 1 2 1 3 2 0 0 0 4 3 0 4 2 3 3 0 2 2 3 1 4 4 0 0 0 4 0 3 4 3 0 2 0 3 3 4 0 3 4 0 3 2 4 0 0 0 1 4 2 4 3 1 0 3 3 0 2 4 0 3 2
0 2 0 0 2 1 1 0 1 1 4 3 2 1 0 2 2 2 1 3 0 2 4 0 1 1 4 2 2 4 1 2 3 3 0 1 0 1 1 3 4 2 3 1 4 3 1 3 2 2 2 4 2 3 4 0 4 0 2 1 4 0 1 3 4 1 4 4 4 2 2 3 2 0 4 1 0 2 1 0 0 3 4 2 3 1 4 3 1 1 1 1 1 2 4 2 0 0 1 4 2 0 2 4 2 4 2 0 3 1 0 3 4 4 2 0 0 1 3 4 4 4 0 3 4 1 0 4 1 4 1 0 1 0 2 4 1 1 4 0 2 4 0 4 0 0 4 3 1 4 2 3 0 4 3 1 2 0 3 0 4 4
0 3 1 4 2 3 3 3 0 2 4 0 1 4 0 2 4 4 3 3 4 1 2 2 2 4 2 0 1 4 1 4 4 3 3 1 3 3 4 3 1 3 3 4 4 1 2 4 2 2 4 1 3 4 3 1 0 2 3 2 3 0 1 2 0 4 0 3 3 1 1 1 4 1 0 1 2 2 2 4 2 1 2 0 0 2 3 1 2 2 3 0 2 4 0 2 0 0 2 0 2 3 1 3 1 4 1 4 3 3 0 0 2 0 1 4 2 4 0 4 3 0 2 2 1 2 4 4 4 3 1 3 1 0 2 3 4 0 4 2 1 1 3 3 1 1 2 4 2 0 0 1 2 2 3 1 4 0 0 4 3 1
4 2 3 3 2 2 4 1 0 0 4 0 3 1 3 2 2 0 4 2 3 2 2 2 3 1 4 0 2 2 3 2 1 2 0 3 4 1 1 1 1 1 3 1 2 1 1 1 2 0 0 0 2 2 4 2 4 3 2 3 3 3 2 4 0 3 0 1 4 1 0 3 2 3 4 1 0 2 2 4 3 3 4 2 0 1 2 1 4 1 2 4 4 4 1 4 4 1 3 1 4 3 1 2 1 0 3 3 3 3 2 3 3 4 0 3 0 2 2 1 4 1 3 0 0 4 0 2 2 0 3 1 3 1 3 1 1 4 0 1 4 4 1 2 3 4 2 0 1 4 4 2 2 2 3 3 3 0 2 0 0 2
3 0 3 2 1 1 3 1 0 2 3 1 4 3 0 1 4 4 3 0 1 0 4 1 0 2 3 4 4 3 1 2 3 4 1 2 3 1 0 3 3 3 4 4 2 2 3 3 1 3 3 4 3 2 1 1 1 1 0 2 0 4 4 0 3 3 4 3 4 0 1 0 3 1 4 2 3 4 0 1 2 0 0 3 4 3 4 2 0 1 4 2 0 4 2 1 4 2 4 3 4 1 3 2 4 0 2 4 4 2 2 2 0 2 0 4 1 1 2 3 4 3 0 0 2 4 3 3 3 4 2 2 2 2 2 1 4 4 2 1 3 4 3 0 4 0 0 2 3 4 0 2 2 2 2 2 1 2 0 2 2 4
4 4 4 3 3 0 4 2 1 0 2 1 0 3 1 2 0 1 3 0 4 3 4 3 2 0 1 4 2 0 1 4 4 0 4 4 0 1 2 4 1 1 0 3 4 4 3 4 0 1 1 4 1 0 3 3 2 1 3 2 1 4 1 2 1 2 2 3 3 4 2 1 0 3 0 1 2 3 0 4 1 1 4 3 3 4 1 0 2 1 2 3 0 0 2 3 3 4 2 3 0 4 0 2 4 2 3 3 2 0 3 3 3 4 3 1 0 0 2 2 1 1 0 4 2 2 2 2 4 1 0 4 3 2 4 2 4 2 3 1 3 3 2 1 2 0 3 2 2 2 4 1 3 1 2 0 0 1 2 1 3 0
1 1 2 0 0 4 4 3 2 2 1 1 1 0 2 1 4 1 3 3 2 3 1 4 1 4 1 3 0 1 0 1 2 0 3 4 4 3 0 3 2 3 0 0 4 4 1 3 0 1 4 0 0 0 4 1 4 2 1 0 3 2 3 2 4 4 2 3 4 2 3 1 0 0 4 1 4 0 0 2 2 4 2 2 1 1 0 3 1 1 0 4 3 3 2 2 4 1 2 3 3 3 2 0 3 1 2 0 1 4 2 0 0 4 4 1 2 4 1 3 1 1 0 1 2 4 1 1 0 0 2 0 3 4 0 4 2 4 4 0 0 3 1 0 4 0 4 1 2 0 2 3 4 4 1 1 3 2 4 3 3 1
0 3 2 0 2 4 2 3 0 2 1 3 0 0 0 4 4 2 1 3 2 0 2 4 3 0 1 3 0 1 1 0 0 1 2 4 0 4 3 2 4 1 2 4 2 3 0 3 2 1 1 0 2 0 4 2 0 0 2 0 2 4 0 4 2 2 3 4 4 1 2 0 3 1 4 2 4 4 2 2 2 0 2 4 0 3 2 0 0 4 2 2 0 4 3 4 3 2 4 4 0 3 4 3 4 0 2 1 4 1 0 2 1 2 3 1 2 2 3 2 4 2 2 1 1 0 1 0 2 0 1 3 3 1 3 4 1 3 0 3 4 0 2 3 4 2 4 1 0 0 4 1 2 3 2 1 3 3 3 3 0 4
3 0 0 3 0 4 1 0 4 3 3 1 1 4 0 2 1 0 4 2 3 2 0 1 0 0 1 3 3 2 2 1 2 0 0 4 4 3 2 0 3 0 1 4 4 1 4 2 4 0 1 2 2 3 0 4 4 2 2 2 1 0 1 0 2 3 0 3 1 4 3 2 4 1 3 0 4 2 0 3 3 1 3 2 2 3 2 1 2 1 0 0 3 3 1 0 1 3 3 0 2 3 2 3 4 0 0 4 0 0 4 0 4 2 4 1 3 3 4 2 0 1 3 3 0 4 1 3 2 1 3 4 0 2 4 1 0 4 0 2 0 2 2 1 4 1 4 4 2 0 2 2 1 0 2 3 4 0 2 3 2 2
4 4 2 3 2 2 2 0 4 4 2 3 2 3 4 1 3 3 3 0 0 0 2 0 3 1 0 2 1 4 0 0 0 2 0 3 1 2 0 2 4 2 0 1 0 1 0 0 0 3 0 0 0 2 2 1 0 0 3 3 4 3 3 2 2 3 2 0 3 2 2 2 4 2 0 1 4 0 2 4 1 4 1 1 2 1 4 4 1 3 3 2 3 3 4 1 2 1 3 2 0 1 4 4 0 1 3 4 4 0 0 0 4 4 3 3 0 3 0 1 1 3 3 1 3 3 4 2 1 3 4 2 4 0 3 4 2 1 1 1 3 3 1 0 2 1 3 2 1 3 0 4 3 4 1 4 4 0 1 2 3 1
4 4 1 0 1 3 3 4 4 2 2 2 2 0 1 2 4 2 1 0 2 1 4 3 0 0 3 2 2 4 0 2 3 1 4 1 2 2 0 1 4 3 1 3 3 4 1 4 1 4 4 3 0 0 3 3 0 4 2 3 3 2 2 3 0 1 0 2 3 0 1 0 0 4 3 0 3 1 0 4 0 4 0 3 0 0 1 2 4 0 0 2 4 2 3 4 0 0 4 1 2 0 3 3 4 3 3 2 0 3 3 0 0 0 3 2 1 1 4 0 3 0 0 2 4 3 2 2 0 1 3 2 3 3 0 2 1 4 1 1 4 1 4 1 2 2 3 3 1 3 3 4 0 0 2 1 0 1 3 0 4 3
3 2 3 3 1 0 4 4 1 1 0 0 2 4 0 1 2 1 1 3 2 1 3 4 4 4 2 0 4 1 0 2 0 4 3 3 4 2 2 2 3 0 0 1 4 2 4 4 0 0 2 2 3 2 2 4 3 1 4 3 3 0 2 0 4 0 4 0 0 1 4 0 3 4 1 3 3 2 4 3 2 3 1 2 0 0 2 4 1 1 4 4 3 1 0 4 4 1 4 1 2 1 1 3 2 0 1 1 2 2 4 0 0 0 4 0 0 1 1 4 0 2 3 3 4 0 3 0 1 4 1 1 2 2 4 0 4 2 1 2 4 0 4 1 3 3 3 0 0 2 4 2 4 0 0 0 2 0 0 1 2 3
4 4 3 0 4 2 2 0 4 3 3 3 1 3 4 4 0 1 1 0 3 1 2 3 1 4 4 4 2 1 2 1 0 2 1 2 0 0 2 1 3 2 0 4 2 1 1 3 2 2 3 0 0 2 3 4 1 4 3 4 2 2 2 0 0 4 2 0 1 1 1 0 4 3 1 1 4 4 1 1 4 4 1 4 1 2 3 0 1 3 1 4 1 3 4 1 4 1 1 1 4 4 3 3 0 1 2 4 1 3 3 2 0 4 1 3 3 2 0 0 0 1 1 3 2 2 4 3 0 2 1 4 2 1 0 4 3 4 3 1 2 1 3 4 3 1 0 3 0 0 0 1 4 1 1 3 0 1 3 0 3 0
2 2 1 2 1 1 1 2 2 0 0 2 2 0 1 2 4 1 4 4 4 0 3 1 3 3 2 4 1 2 4 0 2 2 4 0 4 0 2 3 2 0 3 1 0 4 3 1 0 0 1 0 0 1 3 1 1 0 0 2 4 4 4 1 3 3 4 4 0 1 3 3 3 3 4 4 2 0 0 4 2 3 4 2 4 2 3 1 4 0 0 1 1 0 4 0 0 3 4 1 2 4 1 0 2 2 1 4 4 4 4 1 2 0 4 2 0 4 0 1 0 2 2 3 2 4 3 0 2 0 1 1 4 2 2 2 1 0 3 1 4 4 2 2 2 3 1 2 3 1 0 0 3 3 3 3 4 4 3 1 4 1
3 0 0 2 4 1 2 0 2 2 4 2 1 1 0 2 0 0 0 3 2 0 3 3 0 2 2 3 3 3 1 3 0 1 0 0 3 3 0 2 2 1 4 3 0 2 2 2 4 2 0 2 2 3 0 3 0 4 3 1 4 2 4 4 3 0 1 3 0 1 3 4 0 4 2 0 1 1 2 1 3 3 3 2 1 0 2 4 1 3 0 0 0 4 1 3 1 3 4 3 1 2 2 1 1 1 1 3 2 4 1 2 4 1 0 2 3 2 1 4 0 1 1 2 3 2 3 4 0 2 0 2 4 2 0 2 1 2 2 0 3 3 3 2 1 3 4 4 2 3 3 0 4 4 2 4 4 0 1 1 4 1
0 0 3 1 3 1 3 2 2 3 1 0 0 4 0 1 4 4 4 4 4 1 1 2 0 2 4 1 3 4 4 4 4 3 0 4 1 0 2 3 0 0 0 0 4 2 3 0 2 0 2 3 1 0 0 3 2 2 2 0 3 1 1 2 1 3 4 0 0 1 0 0 3 3 0 2 0 1 0 4 1 2 3 4 2 0 4 4 2 3 1 0 2 3 0 3 1 4 0 2 2 1 4 0 4 0 4 4 3 4 1 4 3 4 0 2 4 4 3 4 3 0 1 0 0 3 0 3 4 3 2 1 4 2 3 3 4 3 4 2 4 0 3 0 1 0 2 1 4 3 2 4 0 3 1 0 2 4 0 1 2 0
0 1 4 3 1 3 3 2 2 0 3 2 0 1 2 4 2 3 2 1 3 2 2 1 4 1 2 2 2 4 2 4 2 1 0 0 1 0 3 0 0 3 2 2 4 4 2 4 4 1 0 4 1 2 1 0 3 3 4 3 0 1 4 4 4 4 0 2 2 0 2 2 3 4 0 2 0 4 3 0 0 4 4 1 3 2 4 4 3 3 4 0 2 0 4 1 2 1 4 4 1 1 1 1 3 3 1 0 2 4 0 0 0 2 1 4 1 0 0 4 1 4 1 3 4 3 1 1 4 2 2 3 1 4 1 4 4 2 4 2 2 2 2 2 4 0 3 2 1 3 4 2 4 0 2 1 3 3 4 0 1 2
0 2 3 1 3 2 4 2 1 3 4 3 2 0 1 1 0 2 1 4 1 3 4 3 4 0 3 0 0 4 4 0 3 2 3 1 0 2 4 1 0 0 2 3 3 3 1 3 2 4 4 0 2 0 0 3 0 3 4 2 0 0 4 3 3 3 0 0 2 1 3 0 3 0 0 1 0 1 1 4 0 2 1 0 3 1 3 3 2 4 3 2 0 4 2 0 2 2 0 0 0 3 2 4 1 2 2 3 3 1 0 0 3 1 0 1 3 1 2 2 2 2 4 4 1 1 4 4 1 1 1 1 2 3 0 0 0 0 3 0 1 3 2 4 2 3 3 2 1 2 4 3 4 3 0 0 1 4 1 2 1 4
1 0 2 3 0 4 3 3 1 4 4 4 1 3 4 4 0 0 3 4 0 2 4 0 2 0 2 4 0 0 3 1 0 3 1 0 4 0 0 1 1 1 2 2 4 1 3 4 1 1 0 3 3 4 4 3 0 1 4 2 1 4 0 3 2 1 3 4 3 0 2 0 2 4 2 1 0 3 3 3 1 3 1 0 3 2 0 0 0 4 4 3 3 4 1 3 2 4 4 1 0 1 3 4 0 2 2 0 0 0 0 2 1 3 4 4 1 1 1 1 0 0 2 0 1 3 0 0 0 4 3 2 0 1 1 0 4 3 2 1 1 4 0 2 3 4 3 4 0 4 2 2 1 1 0 4 0 0 4 0 0 3
4 0 1 0 3 0 0 2 4 1 2 4 0 0 1 3 1 3 4 0 1 2 2 1 1 2 3 3 4 3 3 3 1 4 3 4 2 0 1 1 4 0 2 4 0 3 3 1 2 4 2 0 2 4 1 3 3 4 3 2 0 1 0 1 1 0 2 0 2 0 3 1 1 0 1 3 4 1 0 1 0 4 1 2 0 4 3 3 0 1 0 2 3 2 3 1 4 2 3 1 0 1 3 3 1 1 1 0 2 3 3 4 2 1 2 2 2 2 2 3 3 4 0 3 1 1 1 2 0 4 4 0 0 4 3 4 0 0 1 4 3 0 3 3 3 2 2 1 4 0 1 0 4 3 0 3 1 4 0 2 3 1
2 1 0 3 2 2 0 3 1 0 0 2 3 4 4 3 2 1 3 3 3 4 3 0 2 0 4 0 2 0 1 1 3 2 4 2 1 1 0 3 2 1 2 0 2 3 0 4 1 3 4 4 0 2 2 2 2 3 2 1 0 1 3 3 3 4 0 1 3 3 4 0 1 3 2 3 2 3 4 3 3 0 0 3 4 2 1 4 0 0 0 1 3 0 1 1 2 4 0 0 2 4 0 0 3 4 0 2 2 4 0 1 1 0 4 0 2 2 1 0 0 2 3 3 4 1 2 1 0 2 3 4 3 3 4 3 3 4 0 2 0 1 3 3 1 0 1 1 2 2 3 2 4 1 3 1 2 0 2 0 2 1
4 2 1 1 1 1 2 1 4 0 2 4 3 1 4 4 4 4 2 2 3 3 0 1 4 2 1 4 4 0 2 1 0 3 2 1 2 1 2 1 1 2 0 2 3 0 1 2 4 0 1 2 1 1 1 0 0 4 1 0 2 3 1 2 4 0 3 1 3 2 2 0 4 4 4 4 1 2 3 2 3 4 2 4 0 3 1 3 2 3 3 1 3 1 3 2 1 3 3 1 1 2 1 0 2 2 0 3 0 3 3 0 0 0 1 2 0 2 0 2 2 0 1 1 1 4 3 4 3 4 1 4 1 4 1 0 2 1 1 4 2 4 4 2 1 0 4 1 4 2 0 2 2 1 3 1 1 3 0 1 2 1
2 1 3 3 1 2 2 4 1 4 3 0 3 1 2 4 2 1 3 3 3 1 4 3 2 2 4 4 0 3 3 2 4 1 3 3 3 0 4 4 1 3 1 4 1 0 0 4 1 4 2 2 2 3 0 4 3 4 3 3 3 1 3 4 4 1 4 2 1 4 3 4 4 1 0 0 1 0 4 0 1 3 2 3 4 2 4 2 4 0 2 4 3 0 3 3 1 0 2 4 4 3 3 0 4 0 0 3 1 2 3 4 2 0 3 1 4 2 3 0 2 3 4 1 3 0 1 2 0 3 3 1 1 4 1 3 4 1 3 2 0 3 2 3 0 0 4 4 4 0 0 4 3 1 2 3 1 3 0 1 1 1
2 0 0 0 0 1 2 3 4 4 3 1 2 3 3 4 4 4 4 1 3 4 3 0 2 1 0 0 3 4 1 2 4 1 3 1 4 2 1 3 1 4 1 1 4 4 0 3 1 4 2 4 0 2 2 2 3 2 2 3 1 3 1 2 1 1 0 1 3 1 1 1 2 3 2 1 4 4 2 0 3 4 2 3 1 4 3 4 3 0 3 2 1 1 4 2 2 2 0 2 3 2 0 1 0 3 4 1 2 3 2 3 2 1 3 0 0 1 2 3 4 2 2 0 3 2 4 2 4 0 1 4 4 1 2 1 1 4 2 4 2 1 4 0 2 4 2 4 1 4 0 2 3 2 4 3 1 3 0 2 0 3
2 1 0 1 2 1 0 2 2 3 0 3 0 0 3 2 4 1 4 1 3 2 4 2 1 2 2 3 0 3 4 4 4 4 0 4 2 3 1 2 1 3 0 1 3 3 0 3 4 1 1 2 4 0 1 2 0 4 2 0 4 1 1 0 2 1 1 2 4 2 4 2 1 4 0 1 3 3 4 4 4 1 4 0 3 0 4 3 1 2 0 2 0 1 3 0 0 4 2 1 4 3 4 2 2 1 3 2 4 0 2 1 3 3 1 3 0 1 4 2 0 4 1 2 3 4 2 3 1 1 1 2 4 2 1 4 4 1 1 0 1 0 1 1 0 3 0 1 1 4 0 3 0 1 0 3 1 0 3 4 3 2
3 3 4 4 4 3 0 2 1 2 0 2 0 0 2 0 1 3 1 1 1 2 3 4 2 1 4 3 2 2 0 0 2 4 4 1 0 4 4 1 3 4 3 4 4 1 1 3 1 3 1 3 2 1 2 4 4 3 4 1 2 4 1 0 4 2 3 4 4 2 0 2 3 0 3 0 1 2 3 3 2 4 3 4 1 2 0 0 0 0 4 4 4 2 4 0 0 3 4 4 2 1 3 1 2 4 1 0 3 1 0 0 2 3 4 0 2 1 3 4 1 2 4 3 4 3 3 1 3 0 2 3 3 3 4 2 4 2 3 2 3 0 2 0 1 3 1 3 4 4 3 3 3 2 1 4 2 1 1 1 1 3
4 0 3 0 2 2 4 2 4 4 3 1 1 4 1 4 4 1 3 2 4 3 1 2 3 4 3 4 2 0 4 1 2 3 3 1 2 4 4 2 3 4 0 4 0 2 4 4 3 4 4 4 3 0 1 3 4 4 2 1 1 3 4 3 3 4 0 1 3 1 3 1 0 0 1 2 2 2 3 2 1 2 1 4 0 4 2 1 4 1 3 0 2 4 1 0 4 3 1 4 4 1 3 1 2 4 3 1 1 3 4 4 3 2 1 3 4 0 4 3 4 4 0 1 1 3 1 2 1 0 1 0 3 4 3 2 0 3 4 3 2 0 0 0 4 1 0 3 1 1 3 0 3 1 3 4 4 2 3 3 4 4
0 2 1 4 0 3 2 4 2 1 4 4 3 0 0 3 4 3 2 2 1 0 3 4 1 3 1 4 3 2 0 3 0 1 2 0 2 2 1 1 3 2 0 2 2 0 2 1 3 4 1 1 1 4 1 2 4 4 3 2 2 4 1 2 2 0 4 4 2 2 0 1 4 0 0 3 2 2 0 1 4 3 2 0 2 0 0 4 0 3 1 4 4 4 3 2 0 2 1 2 1 2 0 0 4 0 3 2 3 0 0 4 3 4 4 3 0 1 2 2 0 0 3 4 0 1 3 2 0 0 4 1 4 2 3 3 2 3 2 2 4 2 1 4 2 3 2 4 4 1 3 1 2 3 3 2 4 1 4 1 1 0
4 2 2 2 3 2 0 0 4 1 3 1 1 2 4 0 3 0 4 3 2 1 1 0 0 2 1 1 3 0 3 2 4 1 1 2 3 1 3 4 3 3 2 1 2 1 3 2 4 2 0 1 0 3 1 0 0 4 1 3 1 0 2 1 3 3 3 3 1 3 2 1 3 2 4 0 0 3 4 4 2 4 0 3 4 3 0 4 3 4 4 4 4 3 2 4 1 1 2 3 1 1 1 0 3 1 0 4 4 0 0 3 1 1 3 3 4 4 2 4 3 4 1 4 2 3 3 1 1 2 1 3 0 2 3 1 3 0 2 4 2 2 3 1 3 3 4 0 4 3 1 2 2 2 3 0 3 3 3 4 0 4
2 3 1 2 4 0 0 1 4 2 3 4 0 4 3 4 1 2 0 2 2 2 0 2 4 3 1 2 4 3 1 4 1 0 1 0 0 3 1 1 3 2 1 3 3 1 0 4 0 0 1 4 4 3 2 1 3 3 3 3 1 2 2 0 2 0 0 4 4 4 0 2 1 3 2 4 1 2 0 2 4 1 1 4 0 0 0 3 3 0 3 2 4 0 2 3 1 4 2 2 3 0 1 1 0 3 2 2 1 2 4 2 1 2 1 1 3 3 1 3 4 0 2 0 2 1 4 0 1 3 2 4 0 3 3 1 4 0 3 2 0 4 4 1 3 1 2 1 1 0 2 0 2 4 3 0 3 2 0 4 0 0
0 1 0 3 4 4 1 2 1 1 1 1 2 1 4 1 3 0 1 2 3 4 3 1 4 1 3 1 0 0 1 1 3 2 1 2 3 2 1 0 3 4 3 2 1 2 3 4 2 2 3 0 1 1 3 2 3 1 0 0 4 2 3 2 1 0 2 4 4 3 1 3 3 4 0 4 1 1 0 1 3 3 3 1 4 2 3 4 0 3 2 4 2 0 2 0 2 4 0 2 4 1 2 2 1 2 1 4 0 1 2 3 1 1 4 3 3 4 2 3 0 4 0 4 2 2 0 4 3 0 1 2 3 3 2 1 3 3 3 0 2 0 4 3 1 0 1 1 0 1 0 0 2 0 1 4 4 1 1 4 3 2
3 2 3 0 0 3 4 3 3 3 4 4 1 0 0 0 2 2 1 4 4 3 1 0 0 0 2 1 1 0 0 4 4 0 0 0 0 1 3 4 4 2 0 0 0 0 0 2 2 3 3 1 4 4 2 4 4 1 2 2 1 2 1 1 0 1 3 0 2 1 1 3 4 2 4 1 2 1 3 2 0 1 3 4 0 2 0 1 3 2 3 2 1 1 3 1 3 1 4 2 4 0 3 0 2 4 1 2 0 1 4 2 2 2 3 4 2 0 2 0 2 2 4 1 4 2 4 4 0 3 3 2 1 1 2 3 0 4 0 3 0 4 0 0 4 1 1 3 1 4 0 1 1 0 4 2 4 3 1 0 4 0
4 0 1 1 3 4 2 1 2 0 2 4 0 3 0 3 1 4 2 2 2 1 2 1 3 1 4 2 3 0 2 2 0 0 1 1 1 3 2 3 3 4 0 0 3 2 1 1 3 3 3 0 1 2 1 2 4 3 4 4 3 3 2 4 0 3 0 4 3 4 2 4 0 4 1 0 2 2 2 0 3 2 1 4 0 4 3 1 4 2 0 3 2 2 4 0 2 1 4 1 0 3 0 2 3 1 3 2 4 0 2 2 4 0 3 4 0 2 0 1 1 1 4 1 3 0 1 3 1 0 4 3 0 4 1 3 2 1 0 3 3 0 2 2 0 1 2 2 0 2 4 1 0 0 2 1 1 0 4 4 2 3
0 3 4 3 3 3 4 4 2 2 1 4 4 1 2 3 1 2 3 0 4 3 2 3 4 3 4 0 0 1 3 0 1 4 3 0 3 4 1 2 1 2 3 2 0 1 1 1 3 4 3 4 4 1 3 4 1 4 4 1 0 0 3 4 1 3 4 1 2 0 3 0 4 2 0 4 0 1 3 3 2 1 3 1 4 3 2 3 2 4 4 4 4 0 3 2 3 2 4 3 4 4 3 3 3 3 0 3 1 3 2 3 1 0 2 3 3 4 1 2 3 2 1 4 2 0 2 1 4 3 4 4 2 4 4 1 3 1 4 4 1 1 0 3 3 2 3 3 3 4 0 2 1 2 1 4 4 0 2 3 3 1
4 1 2 1 4 0 2 3 2 1 0 4 1 0 1 4 4 1 0 1 3 1 0 2 2 4 4 4 0 3 2 1 1 0 2 0 2 2 3 1 3 0 0 4 3 3 0 4 0 0 0 0 3 1 2 1 2 2 2 4 2 2 1 3 4 0 3 3 4 3 0 2 1 2 3 4 1 0 3 1 0 3 1 4 1 1 2 1 0 1 0 2 3 3 0 4 4 0 3 3 0 0 3 1 2 3 0 3 4 3 1 1 4 0 2 2 3 4 3 3 1 1 0 1 1 2 3 0 4 1 1 4 1 1 1 0 4 1 4 0 2 2 2 1 4 1 0 2 1 1 0 4 4 2 2 0 4 0 3 3 3 4
0 1 2 1 2 1 4 3 4 1 0 3 4 2 4 2 4 2 3 2 1 2 4 4 2 1 1 2 1 0 3 3 1 0 4 3 4 1 1 3 2 4 1 4 1 2 3 2 0 1 4 1 0 1 2 4 4 4 2 2 1 0 1 2 1 2 1 0 3 4 3 3 0 1 4 1 0 2 4 0 3 0 4 3 1 3 2 2 4 1 0 0 2 1 3 3 3 1 0 4 2 0 2 3 1 1 4 3 3 0 4 3 1 3 1 4 1 0 2 3 2 2 3 1 0 1 4 0 4 4 4 2 1 1 0 4 4 4 2 2 2 1 0 3 1 3 2 0 1 4 3 3 3 1 1 3 0 0 1 4 1 0
3 2 4 3 1 3 0 0 3 2 2 3 2 0 4 4 2 0 1 0 0 4 4 1 0 1 3 1 0 4 3 4 3 4 4 1 0 4 1 3 3 0 3 0 3 2 2 0 4 3 3 4 4 2 0 1 3 3 4 0 4 0 1 4 4 3 2 1 4 1 4 3 1 0 0 1 2 2 2 2 2 0 3 4 4 4 0 4 4 2 1 4 2 3 0 3 3 3 0 2 4 4 0 2 1 3 4 4 0 3 3 0 0 3 1 4 2 3 0 4 0 1 3 4 1 0 3 4 3 3 2 2 4 4 2 1 2 1 2 0 4 2 2 1 0 3 2 0 1 2 4 2 0 4 3 2 4 1 3 3 1 2
2 1 4 4 4 3 2 3 0 3 2 2 4 2 2 1 4 4 3 3 3 1 4 1 3 4 0 3 4 1 3 1 2 2 3 3 0 0 3 1 1 0 0 0 0 3 4 4 2 4 0 2 0 4 3 0 0 0 4 4 2 2 3 1 1 1 0 1 3 3 4 4 4 0 2 1 3 1 0 2 0 0 1 3 2 1 3 2 2 2 4 4 1 2 0 2 0 2 1 0 1 0 2 2 2 4 3 2 2 0 1 4 3 2 2 0 4 1 4 1 0 3 2 2 2 2 1 2 0 2 0 3 0 2 0 2 3 0 2 0 0 3 1 0 3 4 0 2 0 2 0 0 0 2 4 0 1 1 4 1 0 4
4 0 1 1 3 4 3 2 1 1 0 3 1 3 2 4 2 4 1 4 1 3 1 3 3 0 4 3 1 4 2 3 2 1 1 2 2 0 4 4 3 1 4 4 0 3 3 4 2 4 4 0 0 2 3 3 2 4 3 1 1 1 1 3 4 2 0 1 4 1 2 2 2 1 2 4 4 2 4 3 4 0 1 4 4 1 2 4 1 3 0 4 4 1 4 0 3 1 1 0 2 4 2 4 2 1 4 2 1 0 2 0 2 3 1 1 2 0 0 3 3 2 4 4 3 3 4 4 4 1 4 3 2 3 2 4 2 3 3 3 0 3 0 2 3 1 1 0 1 3 0 0 1 4 4 4 4 4 0 0 2 4
3 4 0 3 0 2 1 1 2 2 4 2 1 2 3 4 3 4 3 3 1 4 0 1 0 4 2 1 0 4 2 3 0 2 1 0 1 0 1 3 4 0 2 2 0 0 2 3 2 0 3 0 4 3 1 4 3 0 2 0 4 0 0 4 4 2 2 3 4 3 3 0 1 1 2 3 3 4 1 0 4 1 1 0 2 4 2 0 0 4 2 1 1 2 3 3 1 0 1 0 0 4 2 3 0 0 1 4 4 4 1 1 1 4 1 3 1 0 0 3 0 4 4 3 1 2 3 0 4 4 2 0 1 0 0 3 0 2 4 1 1 1 2 4 2 1 4 3 1 1 3 3 0 3 2 4 2 0 4 2 2 1
4 0 1 4 3 3 3 3 0 0 1 2 1 3 3 3 4 0 4 4 0 2 2 2 1 2 0 2 1 4 3 0 4 2 1 2 0 0 2 0 2 3 3 0 4 3 3 0 0 0 4 1 2 4 0 0 1 2 2 2 1 0 4 0 2 2 0 3 4 2 0 1 3 3 4 4 4 2 4 4 2 0 2 1 4 3 1 2 0 3 1 4 4 2 1 3 0 1 3 4 1 4 3 4 4 2 3 3 1 4 0 1 4 2 2 4 0 4 1 3 4 3 2 3 0 0 4 2 2 2 4 3 3 4 4 3 3 4 3 4 3 3 2 2 1 0 3 3 1 0 1 0 0 0 1 2 1 2 2 0 1 1
0 0 0 4 0 3 3 3 4 3 2 2 0 0 4 4 3 2 1 2 4 3 2 2 0 0 4 4 2 3 0 2 0 2 3 0 2 3 0 4 1 2 3 4 2 2 3 3 1 1 0 2 4 4 0 1 2 1 1 4 1 3 4 1 3 2 1 0 3 2 4 1 1 2 0 1 1 0 4 4 1 1 2 0 0 4 4 2 2 0 4 4 0 3 0 3 2 4 1 0 3 2 2 1 0 2 2 3 3 3 0 1 1 4 2 2 3 1 1 2 3 0 1 3 0 4 4 3 3 0 3 3 2 2 4 4 2 4 0 2 4 0 3 1 1 2 0 4 3 3 3 3 1 0 4 1 1 3 4 1 3 0
4 2 2 0 2 4 4 4 1 1 4 0 4 0 4 4 1 0 4 4 3 0 1 2 2 2 2 3 3 2 3 4 0 1 0 4 2 1 3 4 4 4 1 3 1 0 4 2 2 4 3 1 4 2 0 3 4 0 2 0 2 0 1 4 3 3 3 1 0 3 2 4 2 3 0 3 0 4 2 3 3 1 1 0 3 3 3 4 3 0 1 1 3 3 2 1 1 3 2 3 1 4 0 4 4 0 4 2 4 2 0 3 0 3 3 3 1 3 4 2 4 1 0 2 1 2 0 2 0 3 3 2 4 3 3 4 3 4 1 4 1 3 4 1 3 4 1 4 3 3 1 4 4 3 3 2 1 3 1 3 3 4
2 3 2 0 2 2 2 0 4 3 3 3 2 3 3 0 2 3 3 1 2 4 4 0 1 2 0 3 1 4 2 3 2 2 1 1 1 3 1 2 3 1 1 2 4 1 3 3 4 3 1 3 3 3 3 1 0 0 4 3 4 4 4 1 3 2 2 1 0 0 4 0 1 0 3 0 3 3 4 2 1 2 2 4 0 2 1 1 2 2 1 2 1 0 3 1 2 3 3 4 3 2 2 2 4 0 2 2 3 3 1 4 1 3 1 3 0 4 4 4 1 3 1 0 3 2 1 3 0 4 4 0 3 1 2 2 3 2 1 3 2 4 0 0 4 1 4 1 0 3 1 3 3 2 3 2 4 0 2 1 1 1
2 0 0 1 4 3 3 3 2 1 2 4 1 2 0 2 3 2 1 4 0 4 4 1 3 3 1 2 2 4 4 1 1 4 2 1 4 3 1 3 1 3 2 4 2 4 2 3 3 0 2 4 1 3 2 2 2 3 4 1 4 3 2 1 4 4 2 4 4 0 4 0 3 2 2 3 1 4 1 0 4 0 1 0 4 3 2 3 3 2 4 2 2 1 0 4 2 4 0 2 4 4 4 3 1 1 1 0 0 4 2 1 4 0 4 3 0 3 1 3 2 2 2 0 3 3 1 3 4 1 0 4 0 1 4 4 3 2 1 0 1 3 2 0 3 3 1 3 1 4 3 4 2 2 1 2 2 2 0 2 3 0
1 3 4 0 4 2 2 0 4 3 3 3 0 3 1 1 3 3 3 1 2 0 4 3 2 1 2 3 0 0 0 1 0 4 3 0 3 2 2 3 2 3 1 3 1 3 1 0 3 4 1 2 1 2 2 4 1 4 4 1 4 4 0 4 1 0 1 4 3 1 4 0 4 3 0 0 3 2 2 1 3 1 3 0 3 2 4 1 1 0 0 0 4 2 1 0 2 0 2 0 1 3 3 0 1 3 2 4 2 0 2 3 1 2 3 1 4 4 3 0 4 0 2 0 2 4 3 4 1 2 2 2 0 2 4 2 2 1 3 2 1 3 0 4 0 0 1 2 1 1 2 0 3 2 2 0 3 0 1 4 2 0
3 3 4 2 2 2 3 0 1 2 0 1 3 1 3 1 0 4 4 2 4 2 1 3 4 4 4 1 3 1 3 1 1 3 0 3 2 1 1 3 3 1 4 3 4 2 0 4 3 1 4 2 4 0 0 0 0 1 3 0 0 2 2 1 0 2 2 2 3 0 2 3 1 1 4 3 0 1 4 3 2 0 2 3 1 4 4 3 3 2 0 3 1 4 4 3 4 3 0 4 3 4 0 2 0 4 2 2 0 1 2 4 2 1 3 0 3 4 0 1 3 0 4 0 0 0 3 1 1 1 0 4 0 0 1 3 1 0 2 3 2 0 3 1 3 3 1 1 2 3 4 2 3 3 2 0 1 1 3 2 4 4
3 4 1 2 4 3 2 2 1 4 4 4 2 2 4 3 1 3 3 0 1 2 1 0 4 4 3 3 1 2 4 1 4 0 3 3 0 3 0 2 4 4 3 2 4 3 0 0 1 1 0 4 3 1 0 4 0 3 4 3 1 0 2 2 1 0 0 1 0 1 0 0 2 4 2 1 4 4 1 2 0 2 2 0 0 2 2 3 2 1 1 0 4 0 2 0 1 3 3 1 1 1 3 3 0 0 0 4 0 3 3 0 0 0 3 3 4 0 1 2 3 4 4 2 0 2 4 3 2 0 1 3 1 0 3 3 0 0 4 2 4 2 0 4 3 3 4 2 3 0 1 1 2 3 1 2 0 0 2 4 0 3
4 1 3 2 4 1 3 3 3 2 3 0 3 1 3 3 0 3 0 4 2 2 2 3 1 4 0 3 0 1 2 4 4 2 3 1 0 1 1 4 0 4 1 1 0 2 1 3 0 1 2 4 1 1 4 2 0 0 1 0 1 0 1 2 2 4 3 3 3 0 4 0 4 2 1 2 4 2 0 0 1 4 1 2 0 1 4 2 1 0 4 4 2 2 1 0 1 0 0 1 0 1 2 1 3 0 3 3 3 0 0 4 4 1 1 1 4 2 0 2 0 1 1 2 3 0 4 2 2 1 3 4 2 2 0 3 3 4 3 3 4 3 4 1 1 2 2 3 4 0 0 4 1 4 4 2 4 3 4 3 2 4
2 1 2 2 4 2 3 4 0 0 4 4 1 1 1 0 1 2 0 1 4 4 2 3 1 1 3 2 4 0 1 3 2 0 1 3 4 4 3 1 4 2 0 2 0 3 3 3 3 0 0 2 4 4 0 2 3 0 4 4 3 3 3 2 3 4 0 0 0 0 1 2 0 2 1 2 2 4 1 0 2 3 4 1 2 1 4 0 2 0 0 0 3 3 4 2 4 1 4 1 2 0 0 4 4 2 3 2 3 4 4 0 4 4 4 2 2 3 4 4 0 1 1 4 4 0 3 0 2 2 4 1 2 4 0 2 1 3 1 2 0 2 2 4 3 1 3 1 1 3 0 2 4 4 1 1 4 1 3 3 3 2
4 0 2 1 4 0 0 2 2 2 0 2 1 3 0 2 1 4 2 4 1 1 3 4 4 4 0 3 3 0 2 2 0 4 4 2 2 1 4 1 3 4 3 1 0 1 3 3 0 0 2 3 4 2 2 0 2 4 0 0 1 3 4 1 4 3 0 1 1 0 0 4 1 3 3 3 1 3 4 1 1 1 4 2 1 3 2 3 4 3 0 0 1 4 4 0 0 4 4 1 1 4 3 0 4 1 3 1 1 2 2 4 1 4 1 2 2 4 2 2 4 2 2 2 3 1 4 3 3 3 2 4 4 0 4 1 3 0 4 4 4 3 4 0 2 2 4 0 3 3 4 2 0 3 1 1 0 1 4 0 1 1
4 1 3 1 4 1 1 3 3 0 1 4 3 4 1 4 1 0 3 0 4 0 3 1 1 0 2 3 2 3 1 2 1 0 0 0 1 1 3 1 3 2 0 3 1 2 3 2 4 3 4 3 0 4 1 4 2 3 2 4 4 3 3 2 0 3 0 4 1 0 0 0 2 1 0 3 0 0 2 1 3 3 1 4 0 3 3 2 1 2 3 2 2 2 0 3 2 0 2 4 0 4 1 0 2 1 0 4 2 0 0 2 3 2 3 3 0 1 2 3 0 1 1 3 0 3 3 2 0 2 1 2 3 2 2 1 1 3 0 3 3 3 0 3 2 1 4 2 4 3 2 0 4 0 0 1 3 3 4 0 2 2
3 0 2 0 3 3 0 4 3 0 4 0 4 1 1 3 0 1 3 4 3 3 0 3 1 0 3 2 1 0 0 4 2 4 1 1 4 2 2 4 2 3 1 3 4 3 3 1 1 2 0 4 2 0 4 3 3 2 1 4 4 3 3 3 4 4 4 3 3 3 4 1 1 0 1 2 3 0 3 1 2 1 2 4 1 1 2 4 3 0 0 4 3 3 3 2 0 4 2 0 0 1 3 1 2 0 1 2 0 4 4 2 0 3 1 4 0 0 0 0 1 1 0 4 1 0 4 3 1 3 4 1 0 2 0 4 2 1 3 2 2 4 1 0 3 2 1 3 3 1 3 1 4 0 0 1 2 1 4 1 2 0
4 4 3 1 3 2 4 3 2 2 3 3 4 3 3 0 1 1 1 1 2 1 4 4 4 3 3 0 4 0 1 4 4 1 0 4 0 0 2 2 4 2 1 3 0 4 3 3 2 1 0 1 4 1 2 3 4 2 1 4 2 4 0 3 2 2 2 2 4 2 0 3 4 3 3 2 2 3 0 1 0 2 2 4 0 1 0 0 4 1 1 3 2 3 2 4 0 1 1 0 3 1 0 0 4 1 4 3 4 1 1 4 4 3 1 4 2 1 1 1 4 2 4 1 0 3 0 3 0 1 0 0 0 2 2 1 3 1 2 3 3 3 4 4 4 0 0 1 3 2 4 2 1 3 0 2 4 0 2 4 4 2
1 1 1 4 2 0 2 1 0 2 0 1 1 4 4 2 2 2 1 1 2 2 1 2 1 0 0 3 1 1 2 3 2 4 2 1 1 1 3 3 4 3 4 0 4 0 4 1 3 0 2 2 3 3 1 4 4 1 0 0 4 2 0 1 3 4 0 1 1 3 4 0 3 1 2 2 1 4 0 4 1 2 3 4 2 0 1 1 3 3 4 0 0 4 1 1 1 1 2 2 1 2 4 4 3 3 3 4 2 3 1 4 0 1 0 3 3 3 1 4 1 2 4 4 4 0 0 0 4 4 2 2 3 3 2 3 1 0 3 1 1 1 2 1 4 4 1 3 3 0 2 4 4 1 3 3 3 0 3 4 0 2
2 3 2 1 2 1 1 2 2 4 0 4 3 4 3 1 4 3 1 1 3 1 4 3 1 0 1 2 4 1 1 3 1 4 4 0 0 3 4 4 2 4 0 0 1 0 2 2 4 0 1 4 3 0 2 2 2 0 4 4 1 2 2 0 1 2 0 3 2 0 2 4 1 2 2 4 0 1 2 4 3 3 0 2 0 4 4 0 0 0 4 3 2 1 3 4 0 1 4 4 3 4 1 4 1 0 1 3 1 0 4 4 3 4 1 0 4 2 0 4 2 1 2 0 0 3 1 2 4 0 2 2 4 3 3 3 3 4 3 1 4 3 0 4 2 4 2 1 3 2 2 1 4 0 3 1 3 4 3 4 1 0
1 3 0 4 3 3 1 1 4 0 4 2 2 2 3 4 0 1 1 3 2 2 0 2 3 0 3 4 4 0 4 0 0 0 1 3 0 2 1 2 3 1 4 0 0 2 4 0 3 2 3 3 2 0 0 2 0 4 1 4 1 3 4 1 3 3 1 3 0 2 2 0 0 1 2 0 0 3 1 4 1 1 2 0 2 4 4 2 3 3 4 1 1 0 4 1 3 0 1 4 0 4 4 0 2 2 1 3 0 2 2 3 0 1 0 4 0 0 2 1 0 3 4 1 3 4 4 2 1 0 1 1 1 0 2 4 4 3 2 0 2 4 0 2 2 1 2 4 1 1 2 1 1 2 4 4 1 3 1 4 0 4
1 2 2 3 1 1 1 3 3 0 2 4 2 1 0 1 0 3 4 3 1 2 2 2 2 0 0 3 4 2 0 0 4 2 3 0 3 1 3 2 1 2 3 1 0 3 4 1 3 1 1 4 3 3 1 0 3 3 1 2 0 1 3 2 3 3 2 3 0 3 0 3 2 3 4 3 3 4 1 1 0 2 2 0 0 0 1 0 0 4 2 3 2 2 0 0 1 4 0 3 4 1 1 2 1 3 2 2 2 3 3 4 2 3 4 4 0 2 4 1 3 3 1 0 1 1 2 4 2 3 4 2 1 2 1 4 0 0 1 2 0 2 3 2 0 0 1 0 2 2 3 1 0 4 3 3 2 3 4 0 1 0
2 4 3 0 3 3 0 0 3 0 2 1 4 4 1 2 1 1 4 0 4 1 1 4 0 4 2 1 4 3 2 3 2 0 3 3 0 0 3 3 2 2 2 1 1 0 3 4 1 4 4 2 0 1 2 2 0 4 4 1 3 1 4 2 3 4 2 3 1 0 4 3 4 1 4 2 1 4 2 0 3 1 2 3 4 4 1 1 1 2 2 1 3 3 0 3 4 3 3 0 3 2 0 0 0 4 2 4 0 4 1 3 1 3 4 2 0 2 4 1 4 3 4 4 2 4 2 3 2 2 4 1 2 4 1 4 1 0 3 1 0 4 2 3 0 3 0 2 0 1 0 4 0 4 0 2 3 4 0 1 1 1
4 0 3 2 0 4 2 0 2 2 0 1 0 2 4 3 4 1 4 4 2 4 3 2 3 3 1 1 4 0 4 0 0 2 2 0 3 2 1 1 4 3 4 2 0 1 0 1 2 1 2 0 1 0 4 1 0 3 2 0 3 2 0 3 4 0 1 3 2 2 1 3 2 2 0 2 3 2 0 1 4 2 3 2 4 4 3 4 2 1 1 0 0 4 1 1 4 2 1 3 1 2 1 3 0 4 2 0 1 2 3 2 4 3 4 0 3 3 4 0 1 1 1 3 0 2 4 1 1 1 4 2 0 2 0 2 1 2 3 3 4 1 2 0 0 2 0 3 2 1 0 0 4 3 3 1 2 4 2 3 0 3
0 1 1 2 3 2 4 3 2 0 0 0 2 2 4 4 2 3 1 2 0 0 3 0 2 0 4 1 4 0 0 1 3 1 4 3 0 0 2 3 1 4 0 0 3 4 0 0 4 1 4 4 3 2 4 2 3 0 4 4 2 4 2 0 2 1 4 2 4 3 0 2 4 0 2 2 1 4 4 2 2 3 1 1 3 2 3 3 3 2 4 0 3 1 3 0 0 4 0 4 2 0 1 3 3 0 0 1 0 1 4 2 4 2 0 4 0 4 2 0 3 3 2 4 0 0 4 0 1 4 1 3 2 4 3 2 4 3 3 4 4 4 4 1 2 4 2 4 0 2 1 4 0 3 3 0 1 4 2 2 1 0
3 0 4 1 2 4 2 2 0 3 2 4 4 1 1 4 0 1 1 1 2 1 1 2 4 2 4 3 2 0 4 0 2 3 1 4 4 0 3 0 4 2 1 0 3 2 4 0 1 2 3 3 4 0 3 0 4 2 3 1 4 4 1 1 3 0 2 4 0 0 1 4 3 3 0 3 2 1 4 0 4 2 1 0 2 4 0 2 1 0 0 2 2 2 3 2 2 2 1 4 4 3 4 2 1 1 3 0 4 2 1 3 1 2 0 4 3 0 3 1 3 3 3 0 2 3 2 4 0 3 1 4 3 0 4 1 3 2 2 2 1 0 3 2 4 3 3 2 1 3 3 4 2 1 1 1 1 3 3 3 3 4
4 4 4 3 0 4 2 2 1 0 4 1 3 3 0 3 0 1 2 0 2 1 3 3 2 4 3 0 2 3 1 2 2 2 2 3 1 2 2 0 2 2 1 2 0 1 3 3 2 0 3 4 3 2 4 2 3 2 0 1 3 1 0 0 4 2 0 0 4 3 0 4 0 2 3 2 0 1 2 0 3 3 1 1 0 1 4 0 0 4 1 3 0 1 4 4 1 4 2 2 2 4 1 4 1 2 4 4 3 3 4 2 1 0 3 3 1 4 4 2 3 0 0 1 4 1 0 2 3 4 4 2 4 3 4 2 0 3 1 3 1 0 2 0 1 3 3 4 2 2 3 3 0 1 4 1 2 1 3 0 1 4
3 2 2 4 4 4 2 1 3 0 3 2 2 1 0 1 3 0 0 1 3 0 2 2 1 2 3 1 4 1 1 4 3 0 3 0 0 0 1 0 3 1 2 0 3 0 3 1 0 4 4 3 4 2 2 3 4 0 1 3 4 4 3 4 0 1 4 0 4 2 0 4 4 4 1 4 4 0 2 4 1 1 4 0 3 1 0 4 4 4 0 3 3 0 2 0 3 4 0 4 1 2 3 0 4 2 1 3 2 3 0 3 0 4 0 0 1 3 2 0 4 2 0 2 4 4 0 2 0 0 2 2 0 2 4 4 4 1 2 3 4 4 3 1 4 1 2 2 1 1 4 0 0 1 4 4 0 4 3 1 2 2
0 2 0 4 3 1 0 2 2 2 2 0 3 1 1 2 0 2 3 4 4 3 0 4 4 2 3 3 0 0 0 0 4 2 0 2 1 2 0 3 4 2 3 0 0 2 2 0 1 3 1 1 1 1 2 3 0 0 3 1 3 3 1 2 3 3 0 4 3 2 2 2 4 2 2 1 1 2 3 3 0 4 1 3 0 3 1 2 3 4 3 3 0 2 1 0 2 3 1 0 2 3 0 3 2 4 4 4 1 2 4 1 1 0 2 3 3 0 2 3 0 1 2 2 0 0 4 2 0 0 0 2 3 0 2 2 4 1 1 1 0 0 4 3 2 3 3 0 4 0 4 1 3 3 3 3 0 2 3 0 2 3
4 2 3 3 1 2 4 3 0 1 0 2 1 0 0 4 0 1 1 1 2 0 1 0 0 1 4 3 3 3 1 4 2 1 2 4 1 3 4 3 4 1 0 2 1 3 1 2 4 0 0 2 0 4 4 2 0 1 1 1 4 4 0 2 1 3 1 4 1 0 2 3 3 0 0 0 0 4 4 1 4 4 0 1 3 2 3 1 3 1 2 4 1 2 1 4 2 4 0 1 1 4 1 0 4 3 2 1 4 1 3 3 2 3 1 3 0 2 4 0 3 3 0 1 2 3 2 0 0 2 3 3 2 4 0 3 4 2 0 4 3 3 2 3 3 1 1 1 3 2 1 3 0 1 0 4 2 2 1 2 2 4
0 1 0 1 4 0 0 1 4 4 1 3 2 0 4 0 1 4 2 4 3 4 3 3 3 0 2 0 2 1 1 4 2 2 2 4 4 3 2 3 4 4 3 3 1 0 3 2 4 2 3 2 3 1 2 1 3 2 3 2 3 2 2 3 1 1 4 0 4 1 0 0 0 3 3 1 3 3 0 0 0 4 2 3 2 2 2 1 4 2 3 4 4 2 2 2 4 1 4 0 3 4 1 0 0 4 2 0 3 4 0 0 0 0 1 3 2 0 1 3 2 1 2 4 4 0 1 0 3 3 0 3 2 1 4 2 3 3 0 3 4 0 0 0 0 1 0 4 1 1 2 1 4 0 0 3 2 3 3 0 1 1
1 1 2 2 0 2 2 0 0 1 3 3 3 0 4 3 0 3 1 2 4 1 4 1 1 1 1 0 4 0 1 0 3 0 4 3 3 1 1 0 4 4 3 3 1 0 1 1 3 0 1 4 3 0 0 4 4 3 1 3 3 2 0 1 0 4 2 0 2 0 2 1 4 1 4 0 3 3 4 1 0 0 0 3 2 2 2 1 0 4 1 1 3 3 4 0 4 3 0 1 3 3 0 2 1 1 0 4 4 1 2 1 1 4 4 0 1 4 4 3 3 0 1 3 4 1 4 0 4 4 2 3 4 4 2 0 0 4 1 0 0 3 3 3 2 3 1 0 2 0 4 2 0 0 0 1 3 1 4 0 3 1
0 2 2 2 0 2 4 1 4 4 0 3 0 2 1 1 3 0 3 4 4 0 1 1 4 0 3 3 2 1 1 2 0 3 4 0 0 0 2 0 2 2 3 2 1 1 0 1 3 3 0 2 0 2 3 4 4 1 2 1 4 3 3 0 1 4 0 4 0 2 4 2 1 4 1 3 2 3 4 0 3 2 2 3 1 2 3 0 1 2 3 0 1 3 2 4 4 3 3 1 2 4 0 1 3 3 1 0 1 2 2 4 4 1 0 0 4 0 2 0 2 2 2 0 2 0 0 2 0 0 0 4 0 1 0 0 4 1 3 3 4 0 4 0 2 4 3 3 1 0 0 4 0 2 1 2 4 3 1 1 4 2
1 4 3 3 1 4 0 4 2 1 0 2 3 4 3 1 4 0 2 4 1 2 3 2 1 0 1 3 1 2 0 2 3 0 1 4 1 3 4 4 1 1 3 4 0 3 1 1 0 0 0 1 2 0 1 3 0 4 3 2 1 3 4 4 0 2 3 2 0 4 3 3 0 1 3 2 1 4 3 2 4 0 0 3 1 1 3 3 0 2 0 1 2 2 2 3 4 3 0 2 2 3 0 3 1 0 2 4 4 1 1 0 3 2 3 1 3 4 0 1 1 0 4 3 4 2 3 1 2 0 3 4 3 0 4 1 1 2 1 2 0 4 3 3 1 3 0 2 2 2 3 0 2 4 1 4 3 4 0 0 0 0
0 0 2 1 4 3 3 2 3 0 1 1 1 3 1 1 2 4 0 0 4 2 4 2 3 0 2 3 0 4 3 0 4 1 4 0 1 2 2 1 0 4 2 1 4 1 4 1 0 4 3 1 3 4 4 2 4 3 0 0 2 1 2 3 4 1 4 2 1 1 4 1 2 3 2 1 4 1 2 1 2 0 0 0 0 1 2 4 4 0 4 3 3 4 1 2 0 2 1 1 1 0 2 3 4 1 0 0 4 2 2 1 0 2 2 0 3 4 1 4 1 3 4 4 2 2 3 2 0 0 1 1 0 0 1 1 2 1 2 1 1 1 3 3 3 0 3 3 1 1 4 0 4 3 4 3 0 0 3 2 0 4
0 2 4 2 4 3 0 3 0 3 4 3 1 4 0 1 2 3 3 3 3 4 3 0 0 0 0 3 3 2 4 0 4 0 4 0 4 0 3 1 0 4 1 2 3 1 3 2 1 3 0 0 3 0 0 0 1 2 3 4 4 4 1 0 4 1 1 0 3 1 1 3 1 2 0 1 0 1 4 2 4 1 2 4 2 4 4 0 3 4 1 2 3 2 2 3 3 0 0 3 4 2 2 0 4 2 3 0 0 4 4 0 1 1 4 0 2 1 2 0 0 3 2 4 0 1 4 1 4 4 4 3 1 3 0 3 1 3 0 3 3 4 3 1 2 0 3 4 1 0 1 1 0 0 2 0 1 1 3 2 3 0
0 1 3 0 1 1 1 3 0 4 2 3 2 1 0 2 2 1 2 3 0 2 3 2 4 2 1 3 4 1 0 2 2 3 2 1 0 0 4 0 4 4 0 3 0 1 0 3 2 4 3 4 3 2 4 3 1 0 3 2 3 3 4 2 1 4 3 1 4 3 3 1 4 4 1 4 0 2 4 2 1 3 2 0 2 1 0 3 3 3 2 3 3 4 0 1 0 1 3 1 1 3 2 0 2 1 4 2 3 4 2 1 4 1 3 1 4 3 4 4 3 3 2 1 2 4 3 2 0 3 4 1 3 3 1 1 1 3 0 4 2 2 3 1 3 1 4 4 2 0 3 0 3 0 4 1 2 4 0 2 4 1
4 2 2 2 0 3 0 1 0 4 3 0 0 4 1 1 0 3 1 4 1 0 1 2 3 3 3 0 1 2 2 2 1 1 4 2 1 0 3 3 4 3 3 2 4 2 3 0 2 0 4 0 2 2 2 0 3 0 0 1 2 4 3 1 2 4 3 1 4 3 4 1 1 0 0 1 2 0 3 4 2 4 0 4 1 4 1 4 0 4 2 4 3 0 0 3 0 0 4 1 3 3 4 2 0 4 0 2 0 3 4 2 2 4 4 0 3 0 2 0 4 4 0 0 0 2 3 2 3 4 0 3 4 0 0 0 4 0 2 1 3 1 1 0 2 0 1 3 0 3 3 2 4 0 4 4 3 4 3 3 3 4
1 2 4 4 4 0 4 2 2 0 0 3 2 0 3 0 3 0 3 3 4 0 4 3 1 4 2 0 2 2 1 0 0 0 4 4 0 1 3 4 1 1 2 3 1 0 4 1 3 4 4 2 4 0 3 1 4 2 3 3 0 4 1 0 1 2 1 1 3 2 1 1 3 0 0 1 3 1 2 1 0 3 0 2 4 0 0 0 3 3 1 3 4 2 0 0 4 3 3 0 0 1 1 0 2 1 3 0 4 2 3 2 1 0 4 2 1 4 4 1 4 0 4 3 2 1 3 4 4 1 4 2 3 2 4 2 1 3 2 0 0 2 2 3 2 1 0 0 2 0 1 3 2 2 1 2 3 1 1 0 0 2
2 0 4 1 2 2 1 4 3 2 3 0 0 2 4 3 3 3 3 1 2 0 1 0 2 1 2 0 1 4 4 0 4 1 4 1 3 0 2 1 2 0 4 0 2 3 3 2 1 3 4 3 0 2 4 0 3 3 0 0 2 2 2 1 3 1 2 1 2 1 0 1 1 4 1 3 2 1 3 0 4 2 4 0 4 0 0 4 0 2 4 4 1 4 0 4 0 4 3 4 0 0 1 3 4 4 3 3 1 1 0 2 0 1 4 4 3 1 1 3 4 0 2 2 1 4 4 2 0 2 3 2 4 1 0 0 1 1 0 4 2 0 3 3 2 3 4 0 4 0 1 0 3 3 3 4 0 2 3 2 1 2
0 0 0 2 0 3 3 2 2 3 2 1 1 1 4 2 2 0 0 3 1 3 3 4 4 0 3 3 3 4 2 3 1 2 2 1 1 3 0 0 1 2 3 4 4 4 1 3 0 1 3 1 1 1 2 1 4 0 1 2 1 0 2 2 4 4 0 2 4 0 3 0 2 3 4 3 3 3 1 3 1 4 1 3 3 3 1 2 0 4 4 1 4 3 3 3 4 3 3 4 3 1 4 2 1 1 1 4 4 2 4 2 2 0 0 0 0 3 4 2 2 0 3 3 3 3 4 2 3 2 1 1 0 3 4 1 1 2 1 0 4 0 4 3 3 2 0 0 0 4 3 0 4 3 3 4 2 2 2 0 4 0
4 4 0 0 3 1 2 4 3 1 1 3 2 4 0 2 0 2 4 0 2 3 3 1 3 2 0 2 3 2 4 2 3 2 4 1 3 1 0 4 4 4 2 1 0 4 4 2 1 0 2 4 3 1 2 3 3 4 2 3 1 4 2 0 1 1 3 1 4 1 0 4 0 4 2 0 3 3 3 0 3 2 1 2 0 0 2 1 4 2 4 3 1 4 0 2 2 3 3 2 4 1 1 1 0 3 4 4 2 4 1 2 1 4 4 2 4 4 0 0 1 1 3 4 0 0 3 3 4 1 2 0 4 0 2 0 3 3 4 2 2 0 0 3 1 1 2 0 2 4 0 0 1 1 4 3 1 2 1 2 1 3
3 0 0 2 0 4 0 1 3 4 3 0 4 4 4 4 4 3 3 2 4 4 0 0 3 3 3 1 1 1 2 1 3 2 0 4 3 2 2 4 1 1 1 0 0 2 1 2 1 0 1 2 1 1 2 1 1 2 0 2 0 4 0 4 1 0 0 2 2 2 3 0 3 1 1 1 4 2 3 2 4 4 4 3 2 3 4 0 3 1 3 3 0 0 2 4 1 4 1 0 2 1 1 0 2 4 3 1 3 1 3 3 2 4 1 1 0 2 2 3 4 2 1 4 2 1 0 0 0 1 1 4 4 2 2 2 1 0 0 4 2 1 4 1 0 2 3 0 0 0 0 1 4 4 2 1 0 3 2 2 1 0
4 1 2 1 3 0 1 0 4 0 1 4 4 4 3 2 1 3 4 2 1 0 1 4 1 3 4 0 2 0 0 1 1 4 2 1 4 1 4 4 3 0 0 2 1 0 1 3 4 2 2 2 2 0 3 4 3 2 1 2 3 2 4 1 3 3 0 3 1 4 4 0 1 1 4 3 1 1 3 2 3 0 0 1 2 3 2 2 1 3 4 4 2 0 2 1 4 2 4 2 1 0 2 3 1 4 3 2 0 1 0 0 1 0 1 0 0 0 2 1 4 1 2 3 2 0 1 3 4 2 0 3 2 0 1 3 4 1 3 4 2 3 1 0 0 3 0 0 0 2 4 1 3 3 0 2 0 1 0 0 1 3
3 3 3 1 4 4 2 2 0 4 2 1 1 4 4 1 1 2 3 0 3 3 4 3 1 1 2 3 1 3 3 1 3 1 2 2 0 1 4 2 2 3 4 3 2 0 1 4 2 4 1 1 0 2 4 3 4 3 1 2 3 0 4 2 3 3 4 1 2 1 3 4 1 2 0 4 3 1 0 2 3 3 3 3 1 0 1 2 3 4 4 2 1 0 1 2 1 0 3 3 3 3 2 0 3 4 1 3 1 1 0 1 4 4 4 2 4 2 1 4 3 3 3 2 3 4 4 4 2 4 2 0 4 2 2 2 1 3 0 4 1 1 0 3 0 1 2 1 0 4 2 1 2 3 3 2 2 4 4 1 0 3
4 4 0 1 2 4 2 2 3 0 0 1 3 2 4 1 3 0 2 3 1 1 1 1 3 0 0 4 2 0 3 3 4 3 4 3 4 3 3 0 4 3 1 4 1 2 0 4 2 4 4 0 0 0 1 1 1 3 0 0 0 3 3 2 4 4 0 0 3 3 0 4 2 3 3 0 1 1 4 0 2 1 1 3 1 4 1 4 3 3 4 0 4 4 2 3 4 3 3 4 3 1 0 2 4 3 2 2 1 4 3 4 0 1 4 3 0 2 3 0 0 4 1 4 1 3 4 0 3 0 1 4 1 1 1 2 1 1 0 0 0 0 1 2 1 0 0 1 4 0 4 4 2 0 1 3 3 0 0 4 0 1
3 3 4 1 3 2 2 3 2 4 0 3 1 1 0 4 4 4 1 3 1 3 3 2 1 4 2 3 0 0 1 3 3 0 1 3 0 4 1 2 3 3 3 2 1 0 1 1 2 2 1 3 3 2 0 1 3 4 0 3 4 1 3 0 4 4 3 4 3 2 3 4 2 3 1 4 4 4 2 3 3 3 1 1 2 3 3 2 2 3 0 4 1 0 1 0 0 1 1 0 3 0 1 1 0 2 2 1 3 4 4 2 4 2 3 4 0 1 1 3 1 2 4 3 2 0 3 4 1 0 0 2 2 3 0 2 1 4 1 1 3 0 3 4 3 4 3 3 2 0 3 4 4 4 2 3 1 0 3 0 2 0
2 4 3 4 4 1 3 2 0 3 2 3 2 2 4 1 3 2 3 3 1 2 3 3 0 1 3 0 1 3 2 0 4 3 4 3 4 4 0 4 2 0 0 0 4 4 3 2 3 1 1 4 0 1 2 2 2 3 3 1 3 2 1 2 0 1 3 0 0 0 1 0 0 3 0 0 0 0 4 3 1 2 0 3 0 4 0 0 4 0 1 2 3 2 0 3 3 3 0 1 3 4 1 1 2 3 3 2 3 2 3 1 2 3 4 2 4 4 2 4 0 3 1 3 1 3 3 1 1 4 2 2 0 0 0 2 3 3 2 1 2 2 4 1 2 3 4 1 0 3 0 0 4 2 0 2 0 0 3 4 4 3
3 1 0 3 4 4 3 3 2 0 0 2 4 2 2 3 3 2 3 1 2 2 3 4 4 0 0 0 1 1 0 4 3 0 4 4 1 2 2 4 0 4 3 4 3 0 4 3 3 2 4 2 2 4 2 3 2 4 0 0 0 0 0 0 1 1 4 4 4 3 3 4 4 3 0 4 4 4 0 4 3 1 3 0 3 2 1 0 1 1 2 4 2 2 4 0 4 1 4 0 1 0 1 1 3 1 2 4 0 2 0 3 4 4 1 2 1 2 4 3 3 1 4 2 1 0 4 2 1 1 2 3 1 3 1 1 4 3 3 1 1 3 1 2 2 2 4 1 1 3 1 2 4 0 1 2 0 1 4 2 2 1
2 0 1 3 3 0 3 1 3 1 0 0 3 4 4 2 0 1 2 1 0 4 3 1 1 4 4 1 3 3 4 2 0 1 2 4 3 0 0 2 2 2 2 2 4 3 2 4 1 1 3 1 0 1 0 4 2 1 2 0 0 3 4 0 4 1 1 3 2 4 2 1 1 4 0 0 4 2 2 1 4 2 4 1 3 4 2 3 3 4 0 3 3 0 0 4 1 2 4 0 1 1 3 4 2 4 0 2 3 4 3 4 1 4 1 1 4 0 4 2 2 0 2 2 0 2 1 3 1 1 4 4 4 2 4 2 3 1 1 2 0 4 1 3 0 4 4 4 0 4 3 2 1 2 4 3 2 2 1 3 0 2
3 0 2 4 2 0 0 3 4 0 4 3 0 4 2 4 1 4 0 1 3 1 4 4 4 3 2 3 1 2 0 1 2 2 0 1 0 2 1 4 2 2 2 4 4 2 4 0 3 1 3 2 3 4 3 4 2 0 4 1 0 0 2 2 4 0 1 4 2 4 1 2 2 0 1 1 4 2 3 3 4 1 2 4 3 0 0 0 3 0 1 3 2 1 2 3 1 0 3 0 0 1 2 2 1 1 0 3 3 0 3 2 1 0 3 4 2 4 2 2 1 3 2 3 4 0 1 2 0 1 3 2 4 2 1 3 3 1 1 2 1 4 1 0 1 0 1 0 1 0 3 2 4 2 0 0 2 3 0 0 2 3
2 1 0 4 4 1 2 2 0 1 1 1 3 4 3 4 0 1 2 0 3 1 2 0 3 2 1 3 4 3 3 1 1 1 2 1 2 2 3 2 3 2 0 1 3 1 2 3 2 4 0 3 2 0 3 3 4 4 1 3 4 0 1 1 1 4 4 3 3 4 2 1 3 4 4 2 0 3 0 0 0 3 3 4 0 3 2 4 3 4 2 4 1 3 2 4 4 1 4 2 3 1 0 1 0 4 3 3 0 1 3 2 4 1 1 4 4 4 0 4 0 2 4 3 0 3 2 0 0 1 4 3 4 0 4 4 4 0 2 1 1 0 3 0 3 0 1 3 1 1 2 3 0 3 3 0 2 0 2 4 3 2
4 2 4 0 1 3 0 1 2 1 3 0 3 2 2 4 0 0 2 4 0 2 0 3 0 4 0 4 3 3 3 2 0 2 2 4 3 0 2 0 1 0 2 0 2 2 1 4 2 1 1 0 3 3 3 0 2 4 2 2 4 2 1 2 2 0 1 0 0 3 2 2 0 1 2 3 3 0 4 3 1 2 3 2 0 3 4 2 4 1 4 4 1 0 1 3 3 4 0 3 2 4 0 2 0 4 2 1 0 4 4 1 1 2 3 2 2 3 1 2 1 3 1 2 0 4 2 3 3 2 2 2 3 4 1 4 4 1 2 4 0 1 2 3 0 1 2 2 1 4 1 2 4 2 2 4 3 4 0 3 4 4
0 4 3 4 0 2 0 2 3 0 0 1 3 0 4 1 0 0 2 1 4 1 1 3 2 1 0 4 0 4 3 2 0 2 1 1 1 1 3 2 1 4 3 2 1 4 0 3 4 2 0 0 0 3 4 2 4 4 2 4 0 2 2 0 4 0 3 3 2 2 0 0 3 0 2 1 4 2 0 0 1 2 0 1 0 1 1 1 2 0 3 2 2 2 0 2 2 3 2 4 2 2 0 2 4 4 4 3 4 4 3 2 1 0 4 3 4 0 4 1 2 2 1 4 4 1 3 4 1 0 3 1 4 0 3 3 2 4 1 1 0 1 3 3 4 4 1 3 1 3 4 3 0 2 3 2 3 1 1 2 4 1
3 3 4 3 2 1 3 0 4 0 4 4 4 3 4 0 3 0 3 2 1 1 2 4 0 0 2 3 4 1 1 4 2 0 0 1 1 0 3 0 0 2 0 4 2 1 0 0 3 0 0 4 3 2 0 0 4 0 0 4 3 2 0 0 2 0 3 1 0 2 3 1 4 0 2 4 1 4 4 2 2 4 1 0 1 4 3 3 4 3 4 2 0 4 3 0 0 1 3 2 0 1 0 2 2 3 1 0 2 0 2 4 2 1 2 0 0 0 3 4 0 2 3 3 2 3 0 4 2 3 3 2 4 4 4 3 4 0 1 3 1 0 3 3 1 2 3 3 4 4 4 4 1 3 4 0 1 4 1 3 2 0
1 4 1 0 4 0 3 0 3 1 1 3 1 4 0 4 3 4 0 4 1 2 2 0 4 4 0 1 4 4 3 0 3 4 3 0 1 3 2 1 4 0 0 0 0 2 1 0 4 2 4 2 1 4 2 0 3 4 3 2 1 3 0 1 4 0 1 0 3 4 2 2 4 4 2 1 3 0 3 2 2 3 4 0 2 4 3 2 0 3 1 1 2 1 3 1 3 1 4 1 2 3 0 2 2 4 0 0 0 4 0 4 4 1 0 1 0 3 0 3 1 1 4 0 0 4 2 3 1 1 2 3 4 2 2 3 2 3 0 2 4 2 1 3 4 3 1 1 1 1 4 0 4 4 0 4 0 2 0 3 0 2
4 1 4 1 1 1 1 2 0 0 4 4 3 3 2 4 2 1 2 1 1 2 2 1 1 3 1 1 1 3 0 0 0 0 4 1 3 2 0 4 3 2 3 3 0 2 0 4 3 2 1 4 1 3 3 3 1 1 1 0 4 2 2 1 4 3 0 2 1 2 3 1 4 3 4 2 1 1 1 4 4 2 1 0 1 1 0 4 4 4 1 0 3 1 4 2 4 4 1 0 3 0 1 3 3 3 0 4 4 1 1 0 1 4 3 4 2 0 0 1 4 2 1 4 0 2 3 4 1 0 2 2 0 0 0 0 0 2 2 0 3 0 2 1 4 0 0 3 1 3 4 2 2 2 2 2 2 0 3 3 0 2
2 2 0 2 0 0 4 2 2 0 4 0 1 3 2 4 3 3 2 4 3 1 3 0 3 0 2 1 1 0 1 3 4 1 1 4 1 2 3 4 2 2 1 1 2 3 2 0 4 4 4 4 2 3 4 0 3 3 3 1 3 4 0 3 0 1 2 2 3 3 3 3 0 1 4 3 1 1 3 0 2 0 1 4 3 2 1 3 1 4 0 4 1 2 4 1 3 4 0 3 2 0 3 2 1 2 0 3 0 1 0 4 1 2 0 1 4 1 4 2 3 1 4 4 3 3 0 3 4 3 4 1 3 2 1 2 2 3 2 4 4 2 4 0 1 4 3 3 1 0 0 1 1 1 0 2 0 2 2 1 0 3
3 1 3 1 3 0 4 0 4 4 4 0 1 1 0 2 1 3 2 3 4 0 0 4 4 2 3 2 3 4 2 3 0 0 4 0 0 1 0 2 2 4 2 0 2 4 2 0 2 4 4 3 0 1 4 4 0 3 3 3 4 3 4 4 3 3 4 1 1 1 3 3 2 2 4 0 2 1 2 1 1 1 2 3 4 1 4 4 1 0 0 0 3 4 1 1 4 2 2 1 3 2 4 1 0 3 3 2 2 0 0 0 4 2 3 0 4 4 0 2 4 2 3 4 1 1 1 2 4 0 3 4 3 0 0 3 0 0 2 4 3 2 4 4 0 4 4 1 4 4 3 0 3 1 0 4 0 1 4 4 3 4
3 1 4 1 1 2 3 3 1 1 3 3 0 3 2 0 1 1 1 4 2 0 3 4 1 3 0 0 4 0 2 2 2 1 0 0 0 1 1 4 2 4 2 0 4 4 2 2 3 0 1 2 2 1 1 1 4 1 3 0 3 0 0 2 4 0 3 4 1 4 0 1 0 2 3 1 4 0 3 2 0 1 4 0 3 0 1 4 3 4 0 1 0 0 4 4 2 4 0 4 3 1 2 0 3 0 3 2 2 1 1 4 2 0 4 0 0 2 2 0 2 2 2 4 2 3 0 4 2 0 0 2 3 4 2 2 4 2 1 3 3 3 3 2 0 4 0 3 2 2 3 4 4 0 0 3 3 0 4 2 2 0
4 1 4 3 3 1 0 1 4 3 1 4 3 4 4 3 2 1 2 0 2 3 3 4 1 3 4 0 1 1 2 0 2 4 1 2 0 1 1 1 2 4 1 0 3 2 0 0 3 2 3 2 2 1 1 3 1 2 0 2 0 3 0 3 2 1 2 4 4 0 0 1 0 3 3 0 0 3 1 0 2 1 4 4 4 2 4 0 4 2 0 0 2 2 0 4 3 4 0 2 0 2 1 2 1 4 2 3 0 0 1 4 1 0 4 2 3 0 0 4 2 0 1 4 2 3 0 2 3 2 1 0 0 4 2 1 4 4 1 1 2 2 0 0 3 1 3 3 2 3 2 1 0 4 3 4 2 0 3 2 3 1
2 3 1 1 1 2 3 2 3 0 2 3 0 0 0 0 0 4 3 2 2 0 3 0 4 3 3 4 0 3 1 0 3 4 1 4 1 1 3 4 1 2 4 4 2 4 4 4 0 0 2 3 0 2 0 2 0 3 1 3 1 4 0 1 3 3 0 1 0 1 0 3 3 2 2 3 3 2 2 4 4 1 2 1 4 2 3 1 3 2 1 1 3 1 3 2 0 0 3 2 3 1 0 4 3 3 4 3 2 3 2 1 0 1 2 1 1 3 2 4 2 1 2 0 2 2 4 4 0 0 1 0 1 2 4 1 2 0 4 1 4 4 4 1 0 3 2 1 1 1 2 0 2 2 1 2 4 0 1 1 2 3
2 0 2 3 1 1 4 3 2 3 4 3 4 4 1 1 3 0 4 0 0 2 4 3 4 4 1 2 2 3 2 4 4 4 3 2 2 2 2 4 0 1 4 1 3 1 4 1 1 3 3 3 2 3 2 3 4 3 1 1 3 3 1 2 0 4 0 2 3 2 4 0 1 3 1 4 1 0 0 4 0 0 3 0 3 0 3 2 0 1 4 3 2 2 3 2 3 3 1 1 2 0 1 3 1 4 2 2 1 4 2 3 0 2 3 3 4 2 3 4 0 2 4 2 1 2 1 4 2 3 0 0 0 3 3 1 4 3 1 2 4 0 0 4 2 4 0 1 3 3 2 3 2 1 3 3 1 4 4 3 2 4
0 3 4 1 4 0 4 2 2 3 2 2 0 4 1 2 2 1 2 4 0 4 3 3 4 1 2 3 4 2 4 2 0 0 3 1 0 4 4 2 4 3 1 4 3 0 1 0 1 3 2 3 4 2 3 0 3 3 0 4 0 1 1 2 1 4 3 3 0 4 2 0 3 1 4 1 1 3 3 2 3 2 3 0 4 1 0 4 4 3 4 1 4 2 3 3 4 2 3 4 3 3 4 1 4 1 4 0 1 0 4 4 2 2 4 4 4 2 3 0 2 4 2 3 2 0 1 3 4 2 2 3 0 2 4 4 0 4 4 1 1 3 0 3 3 2 4 2 1 0 2 3 4 1 1 3 2 0 1 3 2 1
1 4 0 1 3 0 2 4 1 3 4 3 3 2 0 0 1 3 0 1 3 1 2 0 2 1 2 0 0 1 1 1 0 1 4 3 1 3 2 4 3 3 3 4 1 0 4 2 4 4 3 2 2 3 4 4 4 3 0 4 4 3 3 4 0 4 4 3 3 3 0 1 2 3 0 3 0 1 2 1 2 3 1 0 1 0 1 2 1 1 4 0 2 2 2 4 1 1 4 1 0 4 3 4 4 0 2 0 4 1 1 1 4 2 1 2 0 3 0 1 1 4 3 0 1 0 4 4 4 4 1 1 3 1 0 3 3 4 0 2 0 1 4 2 1 2 4 1 2 4 4 1 3 4 1 1 0 1 3 1 0 4
2 0 2 4 3 0 3 3 0 0 2 1 2 3 3 2 1 1 3 2 2 2 1 3 0 3 1 3 4 1 4 3 2 3 2 2 1 2 3 1 3 0 2 0 0 2 4 3 3 3 0 2 2 1 3 2 0 4 3 1 3 4 0 2 3 2 1 4 2 4 2 0 1 4 2 3 1 2 1 2 0 1 1 4 0 4 1 2 1 1 3 4 1 3 3 1 3 4 0 0 1 2 2 4 3 4 3 1 3 4 3 0 3 0 4 3 1 1 2 2 4 0 3 0 1 1 3 1 3 3 3 1 2 0 0 2 4 0 4 3 2 2 3 0 4 0 0 1 1 2 3 2 4 4 0 0 2 3 1 0 2 4
3 1 1 1 4 1 1 3 1 3 2 1 0 4 1 2 0 4 1 0 2 1 4 2 3 2 2 0 4 1 1 0 3 3 1 4 1 4 4 4 0 3 2 2 2 4 0 2 0 1 0 4 4 4 3 3 3 1 0 0 2 3 0 0 3 3 1 4 2 0 0 2 4 3 0 3 4 2 1 4 0 1 4 0 2 2 0 3 0 2 3 3 0 0 0 4 3 2 0 0 4 3 3 3 1 0 2 0 2 0 1 2 3 2 2 2 2 4 0 2 1 3 0 2 0 1 3 3 0 0 4 4 3 4 0 1 4 4 1 1 4 0 3 4 2 3 1 4 2 4 2 4 4 4 3 0 0 3 3 0 0 2
2 4 1 2 0 0 1 4 3 0 4 4 1 3 2 2 3 1 1 2 2 1 1 0 1 2 0 1 4 1 4 1 2 2 3 4 0 4 3 3 1 4 2 2 3 1 2 3 3 0 0 0 3 1 3 1 0 3 3 2 1 4 3 3 1 4 3 1 0 3 2 4 3 4 3 3 1 0 3 4 3 3 1 1 1 4 0 4 0 3 1 1 2 1 0 0 2 0 2 0 3 1 4 3 0 2 3 3 0 1 4 0 1 1 1 0 2 3 4 2 1 2 4 0 0 1 3 3 3 2 3 1 3 2 2 3 1 0 4 3 4 3 3 0 1 2 2 4 0 3 1 4 0 2 1 1 0 4 4 0 1 4
2 4 3 1 0 1 1 4 0 2 4 0 0 1 2 2 2 0 1 0 1 1 0 2 4 0 4 0 1 2 4 0 4 2 1 4 4 4 0 1 2 4 1 2 2 4 1 4 1 2 0 2 1 0 1 0 2 0 1 0 0 0 2 4 0 3 3 1 0 0 2 4 1 3 1 4 4 2 0 0 2 0 4 3 2 3 0 0 0 1 2 0 4 0 4 1 0 4 2 0 4 4 4 1 4 2 2 4 2 2 1 4 0 3 4 2 1 4 4 1 3 2 2 2 4 1 3 4 1 0 2 2 1 1 3 0 1 2 4 3 0 3 2 0 1 3 4 2 2 4 3 0 3 2 4 4 4 4 3 2 4 2
4 2 4 0 3 2 2 4 0 2 4 4 4 0 2 4 4 1 0 0 2 0 2 3 4 1 3 4 0 4 2 0 2 3 2 2 0 4 1 0 4 3 1 3 3 3 4 0 4 4 0 3 4 2 4 0 1 2 2 1 1 4 3 0 2 0 2 4 0 1 4 4 4 2 4 4 0 4 4 1 3 4 2 0 2 1 2 0 0 4 1 3 3 2 4 2 2 3 1 4 1 2 3 0 4 3 2 1 4 1 0 2 3 2 4 2 0 2 2 0 3 0 3 2 2 4 1 0 0 0 4 1 2 0 4 4 0 1 0 4 4 2 3 4 4 3 1 1 2 0 1 0 1 2 4 0 3 1 2 3 1 4
0 0 1 4 4 1 2 2 2 1 4 0 1 1 0 4 2 2 0 1 0 3 0 4 0 3 2 3 4 3 4 1 1 0 0 2 1 4 4 0 2 1 0 0 4 3 0 3 0 2 4 2 2 4 2 2 0 1 2 1 2 1 2 3 1 2 0 4 3 2 4 0 0 0 1 4 0 3 2 0 0 4 0 4 0 4 1 0 0 4 1 2 2 0 0 4 4 3 3 2 0 0 3 0 2 1 1 2 4 3 2 1 4 4 0 0 3 3 2 4 2 1 1 2 1 4 1 1 2 1 3 4 1 3 1 3 4 2 0 0 2 0 1 2 4 3 4 3 2 1 4 1 2 2 3 4 1 1 0 0 3 0
4 4 4 0 0 0 4 0 3 4 0 1 3 2 0 2 2 2 3 1 0 1 3 1 0 2 2 2 2 0 2 4 2 3 1 2 1 1 4 4 2 0 0 0 4 0 2 1 4 0 2 2 3 2 3 0 4 0 4 4 3 4 3 0 2 4 4 0 2 3 4 4 0 2 4 4 4 3 2 4 1 1 3 4 4 1 2 0 3 1 4 1 0 4 3 3 4 4 0 3 3 0 3 0 2 4 2 1 3 1 2 4 3 2 0 4 3 2 1 4 4 3 0 1 2 1 1 3 0 2 2 0 2 2 3 1 1 2 4 1 3 4 2 1 1 3 2 0 2 4 1 3 2 3 0 1 4 1 0 2 0 4
4 2 1 4 0 2 1 0 4 0 4 3 3 0 3 1 2 1 2 0 1 4 4 3 0 3 2 2 2 2 1 4 2 2 0 2 2 2 4 3 4 0 1 4 3 0 2 2 3 4 3 4 3 2 0 1 2 2 0 2 1 2 1 3 1 1 3 3 0 4 3 1 0 0 1 0 2 3 2 0 3 0 1 3 4 3 1 2 0 2 1 2 1 4 2 4 2 0 0 3 2 3 1 2 0 2 4 2 3 1 4 1 4 3 1 0 1 0 4 4 2 0 3 0 4 0 4 2 3 4 2 0 0 3 4 0 1 3 3 4 1 4 2 2 2 0 3 1 0 2 0 4 3 3 4 2 0 1 1 3 0 3
0 0 2 4 3 3 4 3 4 3 2 3 0 2 3 3 0 4 3 0 3 1 0 0 0 2 1 2 3 3 0 3 4 2 0 4 2 1 2 1 4 1 1 0 3 0 0 3 4 3 0 4 4 2 4 2 2 0 4 0 4 1 3 0 4 0 4 3 2 3 2 1 4 3 3 3 3 4 3 4 4 1 4 1 0 0 3 2 1 4 2 2 0 3 4 1 3 0 0 0 3 2 4 2 0 2 2 1 3 3 0 0 4 1 1 1 2 4 1 0 0 3 2 0 3 1 4 2 1 4 4 1 3 3 3 3 3 1 4 3 4 2 3 0 3 1 3 0 0 4 0 2 0 2 0 3 0 4 2 3 3 2
4 1 2 0 1 2 1 3 1 2 0 1 4 3 3 2 4 0 2 4 3 2 4 3 0 1 2 3 2 2 2 3 0 4 3 1 2 4 1 0 3 1 1 2 0 1 0 1 2 4 2 0 1 3 0 3 0 4 3 4 3 0 2 3 2 1 1 4 2 3 1 3 1 4 0 1 1 2 4 3 1 2 0 2 0 2 3 2 1 1 1 4 2 1 4 1 2 0 0 1 0 3 4 2 2 2 0 3 4 0 1 1 2 3 0 4 0 3 4 3 0 0 2 4 3 1 0 2 4 2 4 4 0 0 1 4 2 2 3 2 2 1 0 1 0 0 2 2 4 1 1 1 4 0 0 2 2 2 0 1 4 1
2 1 1 4 0 4 3 0 3 2 2 3 3 4 3 2 1 4 4 4 0 3 0 2 2 2 4 2 0 0 3 4 1 2 3 4 1 1 4 4 3 1 4 3 2 4 1 4 4 2 3 1 2 3 4 4 2 0 4 4 1 4 4 4 1 4 0 4 3 0 0 3 3 4 2 1 4 0 2 0 4 2 3 1 3 4 0 2 0 1 2 3 1 3 4 4 4 0 4 2 0 4 1 0 1 0 1 2 2 3 2 1 3 0 2 1 2 4 3 2 3 2 2 4 2 1 0 2 1 4 4 1 4 2 4 0 2 0 2 4 1 1 2 4 3 1 2 0 1 0 4 4 0 1 0 2 3 0 4 4 2 1
3 3 3 2 0 1 4 4 2 2 0 2 1 0 3 0 3 4 3 2 0 3 1 2 2 4 0 2 0 2 3 0 0 3 4 0 1 4 1 1 3 3 3 2 3 1 2 1 3 0 1 0 0 2 0 3 3 0 0 0 4 0 1 4 0 2 1 2 3 4 3 2 2 3 4 0 4 1 4 4 4 2 0 4 4 0 2 4 2 4 4 1 1 2 2 2 0 0 1 3 4 4 2 1 2 1 1 3 0 2 3 4 4 0 3 0 0 3 1 4 2 1 0 1 0 2 3 2 2 1 3 1 2 0 4 4 2 2 4 2 0 4 3 1 4 1 2 1 1 3 0 4 1 0 2 4 4 2 1 1 3 4
4 0 0 3 1 4 1 0 3 3 0 1 4 1 4 3 3 1 4 0 2 2 1 4 1 0 1 3 4 1 4 0 1 4 4 4 3 2 4 3 0 1 4 1 3 1 2 3 2 1 3 1 0 1 2 2 4 0 2 3 1 1 3 4 3 4 3 3 3 2 2 3 1 3 2 1 4 4 1 3 2 4 4 2 1 3 1 2 3 3 0 4 2 0 3 0 0 1 3 3 1 0 4 4 4 3 0 0 4 1 4 3 2 0 0 0 4 4 2 4 4 4 4 1 0 4 1 2 3 0 2 1 2 1 0 3 1 2 4 0 0 0 3 2 0 1 0 1 0 2 1 1 2 2 3 4 1 1 1 1 1 3
2 1 2 2 4 3 4 0 1 4 0 4 4 3 2 4 1 4 3 2 1 0 1 4 1 3 0 2 4 4 3 2 2 0 1 3 3 1 1 1 2 1 3 1 1 0 2 3 0 1 2 3 3 4 4 0 4 1 2 0 2 0 4 4 2 1 0 3 4 1 4 1 4 2 0 1 3 4 1 0 0 0 0 4 4 4 1 0 0 0 1 3 3 0 4 0 1 1 3 2 2 3 1 2 2 1 0 2 0 3 2 3 3 2 4 0 3 0 0 4 0 1 4 0 4 0 1 2 2 1 0 1 1 1 0 4 4 2 1 1 0 1 4 1 3 0 1 2 0 3 3 3 2 4 3 1 4 1 3 3 3 3
0 4 4 2 0 0 0 2 2 0 3 1 3 3 4 4 2 4 0 2 4 2 1 0 3 3 3 1 3 3 2 0 0 3 3 0 4 3 2 1 0 2 4 1 3 3 2 2 0 2 0 1 4 3 3 2 1 2 1 2 0 0 2 0 3 2 1 4 2 0 0 3 0 2 1 0 2 3 2 2 1 2 4 0 1 4 0 4 1 3 1 4 3 1 1 3 3 2 3 1 0 0 1 2 4 2 2 2 0 1 4 1 4 0 4 2 0 4 1 3 4 0 4 2 1 1 2 1 0 2 2 0 3 3 4 2 0 3 1 3 0 1 4 1 3 3 3 0 4 1 1 3 3 0 2 1 1 2 3 2 4 0
4 4 1 1 4 3 4 0 1 1 3 3 2 4 3 2 4 0 4 2 3 2 3 3 4 1 0 4 3 1 4 3 1 2 4 0 1 0 0 4 2 4 2 4 3 1 4 4 1 3 2 1 2 2 1 3 3 3 2 2 0 4 2 1 1 3 3 2 0 3 2 2 4 1 4 2 4 3 4 2 3 3 4 0 0 2 1 3 1 3 2 3 2 1 1 1 4 4 0 0 2 4 4 2 1 3 1 0 3 2 0 1 0 4 4 0 3 0 1 1 0 3 4 0 0 0 1 1 4 3 1 4 3 1 3 4 1 1 1 2 4 1 3 4 2 4 2 3 1 3 4 2 3 4 4 3 1 2 0 3 0 3
2 3 1 0 4 0 3 3 2 2 1 2 4 1 2 1 4 3 1 3 2 4 4 1 0 1 3 0 4 1 0 1 4 2 3 4 4 1 4 1 1 0 3 0 1 2 3 0 3 4 1 0 0 0 4 0 1 4 2 2 0 3 0 0 2 3 1 1 2 0 4 3 2 2 0 4 2 3 1 0 4 2 0 4 3 1 0 1 1 2 4 1 2 4 3 4 0 1 2 4 1 1 4 4 4 4 0 3 4 1 3 0 1 0 4 4 2 1 2 3 1 1 1 3 3 2 3 0 3 0 1 2 4 0 3 0 1 3 3 0 1 1 0 2 1 1 3 3 3 1 3 4 2 2 4 2 4 4 4 2 2 0
1 1 0 4 1 3 2 4 3 1 0 0 3 3 4 2 2 4 0 2 0 2 4 4 2 0 4 1 0 1 4 1 2 4 1 3 3 0 2 3 1 4 1 2 2 2 1 1 1 1 4 1 0 0 0 2 3 4 1 3 2 0 1 4 1 4 2 1 0 1 2 3 2 3 0 0 0 3 1 1 4 2 4 0 3 4 4 3 1 2 1 3 4 4 3 1 4 2 4 4 1 1 4 3 1 2 3 1 0 2 4 0 4 0 2 4 0 3 2 3 1 0 3 0 0 1 3 4 1 0 0 4 1 4 4 3 1 0 1 4 2 3 1 3 3 3 3 0 1 2 0 4 3 4 2 3 2 2 4 0 2 4
4 4 3 4 4 2 1 2 1 3 2 2 1 1 2 1 3 0 1 1 2 4 0 4 4 2 1 0 0 1 4 4 2 4 0 1 3 1 3 4 1 1 3 0 4 2 1 4 0 4 0 2 3 2 3 4 2 4 4 2 2 0 3 4 0 4 0 0 2 1 2 1 4 0 1 0 0 4 1 0 4 4 2 4 1 0 4 3 1 0 0 4 1 1 3 3 0 1 3 4 4 0 0 3 3 3 0 0 3 1 0 2 0 4 1 2 1 2 2 2 0 0 3 1 1 4 1 3 2 4 2 1 2 0 1 2 3 1 2 3 2 2 0 0 3 4 2 4 3 1 3 3 1 4 4 2 3 2 2 2 4 2
3 1 2 1 0 2 2 2 1 1 1 3 1 4 4 3 3 3 2 1 1 3 2 3 3 2 0 0 4 4 4 4 2 1 0 2 1 4 1 4 1 2 2 2 1 2 3 4 2 0 3 3 0 2 3 3 0 4 1 4 0 0 1 0 4 1 4 2 1 1 1 4 3 0 1 2 4 1 3 1 3 1 2 4 1 0 4 1 1 2 0 2 3 1 4 4 0 0 3 3 1 1 2 2 1 0 4 3 2 2 4 0 1 1 1 2 4 1 0 0 3 0 2 3 4 3 4 1 4 2 4 2 3 3 4 2 3 0 0 2 0 1 0 1 3 1 0 2 2 0 2 3 2 2 3 3 2 3 1 3 2 2
1 1 0 2 0 1 3 0 0 3 1 0 1 1 2 3 0 1 0 0 4 4 4 3 3 1 3 1 0 0 4 3 3 1 0 3 2 0 3 3 0 2 3 1 3 2 1 1 4 3 1 3 3 0 3 3 3 1 4 0 4 3 3 2 0 1 1 2 1 1 2 2 3 3 0 4 0 2 0 1 0 3 2 0 3 0 3 3 4 3 4 3 1 4 0 1 0 3 1 2 0 0 4 0 3 1 4 1 3 1 2 1 4 1 1 4 2 2 0 3 0 4 1 1 3 3 0 1 2 1 3 4 3 4 4 4 0 1 2 1 4 1 4 4 3 2 0 2 4 0 0 4 1 3 3 2 1 3 3 0 1 3
4 4 4 4 0 1 2 2 4 1 4 0 2 2 3 3 4 4 0 4 1 2 2 4 4 0 4 4 1 0 4 2 1 3 1 2 4 0 4 1 2 0 1 4 2 1 2 1 1 0 2 2 2 1 3 3 4 2 2 0 4 1 2 2 1 1 4 2 1 1 3 0 1 2 0 1 3 4 2 4 4 2 3 1 0 3 1 4 2 3 4 1 1 4 4 4 2 0 2 0 3 2 1 2 4 1 3 3 0 2 4 2 1 0 3 2 3 0 1 3 0 3 4 4 2 0 3 1 3 2 1 3 0 4 0 4 2 0 4 0 3 4 2 4 1 0 1 4 2 0 4 0 3 4 4 0 1 4 3 4 2 1
3 2 1 0 1 3 1 3 3 1 2 0 0 3 3 4 4 2 4 4 2 2 0 3 4 3 3 2 0 0 0 0 2 1 0 0 0 1 0 0 2 2 1 0 2 1 1 4 3 2 0 3 1 2 3 0 0 1 4 0 3 4 0 2 3 3 0 3 4 0 0 4 3 3 1 2 4 4 3 0 1 3 0 2 2 3 4 3 0 3 0 0 4 1 3 2 4 3 2 0 3 0 1 3 3 4 3 3 3 1 0 4 2 0 1 4 0 0 4 2 0 0 3 2 3 1 1 4 4 1 4 4 1 3 3 4 2 1 4 1 4 1 0 1 1 4 3 4 1 2 1 4 4 4 1 2 0 4 1 1 0 3
1 3 3 1 3 0 4 4 3 3 1 1 0 4 0 0 3 3 2 0 2 2 1 0 1 2 0 0 0 0 3 3 1 1 4 4 3 3 0 2 2 3 3 4 3 0 4 3 3 3 0 1 2 2 1 1 1 3 1 1 1 1 0 2 4 1 3 2 2 3 4 1 2 4 0 2 4 1 0 0 1 1 3 1 0 4 2 1 0 3 4 1 4 1 3 3 3 1 2 0 1 4 1 3 3 3 2 0 1 3 0 4 1 0 0 1 1 2 2 1 2 1 2 1 0 0 1 3 3 4 0 0 3 3 0 3 3 3 3 4 3 0 0 1 0 1 2 2 3 1 3 1 4 3 4 4 0 3 4 4 2 4
1 2 2 3 2 2 3 1 3 3 3 4 4 1 0 3 0 0 4 0 3 1 3 3 2 1 3 2 2 2 1 3 4 1 3 3 3 4 4 4 2 0 3 4 3 3 2 3 3 4 3 2 0 4 2 2 0 2 1 2 4 0 2 0 1 2 3 1 1 0 0 1 2 0 0 0 3 2 3 4 1 3 3 3 4 2 3 1 4 4 0 3 4 4 0 2 2 3 1 0 0 3 1 2 4 1 2 4 4 2 3 2 3 1 3 2 3 1 1 4 2 1 4 4 1 4 1 0 0 4 0 0 0 4 3 4 0 2 3 1 2 2 1 0 0 4 2 1 2 0 0 4 2 0 3 0 1 2 0 1 1 2
4 1 1 4 2 2 3 3 0 0 2 1 0 2 0 0 0 2 0 1 4 2 3 2 4 1 1 4 3 0 2 4 3 0 0 1 2 3 4 0 4 3 1 4 0 4 4 1 1 2 4 2 1 4 2 1 0 3 2 0 3 1 4 4 2 4 0 1 0 1 1 4 4 3 3 1 2 0 4 0 4 0 0 0 4 2 1 0 0 4 2 1 0 2 0 4 3 2 1 3 3 2 4 4 2 0 2 1 2 4 4 1 4 4 1 1 1 0 3 1 4 0 4 1 4 4 1 0 1 4 0 1 1 0 2 1 0 0 2 2 1 1 3 0 0 1 1 3 1 1 2 2 2 1 1 1 1 2 3 4 3 4
3 4 4 0 2 1 2 0 0 3 3 0 1 1 1 4 4 3 1 1 2 3 0 3 1 1 2 2 2 0 1 0 2 2 3 4 3 0 1 0 1 0 0 2 3 1 1 2 1 4 1 1 4 1 4 1 4 2 3 1 4 1 4 3 3 2 3 3 4 4 3 0 1 3 4 4 1 1 4 0 2 2 1 2 3 0 0 4 4 3 2 1 1 3 4 4 0 4 4 2 1 2 4 2 2 4 4 0 2 0 0 4 4 1 1 2 4 1 3 0 1 0 1 2 1 3 3 1 2 2 0 3 1 0 3 3 1 4 1 3 4 1 2 3 0 1 2 1 2 2 1 1 4 0 3 0 3 4 4 2 1 4
1 0 1 4 0 2 3 1 0 4 0 0 4 0 1 3 3 0 0 1 1 4 1 2 0 1 1 4 4 4 0 2 4 2 3 0 4 3 1 2 4 3 2 3 3 0 1 3 0 3 0 2 2 1 4 4 0 2 0 1 1 1 0 1 3 3 3 4 3 4 3 2 0 0 2 3 2 3 4 3 1 4 2 0 2 3 0 2 0 0 0 3 3 0 4 3 0 2 3 3 4 1 2 4 4 4 4 1 4 3 1 2 4 3 3 2 1 0 1 3 2 2 2 1 4 3 4 2 3 4 2 4 3 0 0 4 1 1 0 1 2 2 3 1 2 3 3 1 0 0 1 0 4 3 3 0 4 2 2 4 4 2
