5 164 13
258382703 656428442 734799771 820188784 36825392 96834950 828993495 1033292393 1031117694 315691186 1218574499 993848310 1087901507 29588395 717113329 578637098 818226661 372368089 540597239 384028671 1185237026 395503039 495603374 456095570 481507993 303300826 515912371 76604108 532537557 306056179 65981370 1151606961 1142028609 614622309 1095463348 2954420 734756054 452545988 484358611 975368433 459294455 1084697704 722289625 256729085 541564601 288954306 641593738 50273970 1113699306 212816700 81649663 1181278115 303102156 894693768 818049276 573551280 1211454540 1003591539 970788136 626217877 1143776140 657432260 583696030 772740021 655002015 456275087 337968326 72920685 159593631 1118297483 1009234656 100700599 417375923 562068275 696383465 1201684019 1054026154 591147417 1103532625 643194427 695329661 124438400 163588778 853566551 831696316 941863989 1152002591 297433976 207999087 847799798 1025416878 932547947 961345358 889110326 495673688 1191109170 181794487 65947022 995173551 947383247 725578798 107517256 1107939895 664053773 949639317 876018924 289410855 402771598 393638907 1037254429 778430183 371429729 609621891 125156794 800556755 226335547 853667618 324109156 585204042 528197682 970625833 742686610 192464854 1050762883 61773921 980176517 859196738 399267605 792696467 1034225944 1039301935 966485212 302194610 129036487 1014580792 685041629 297736423 435746045 304871497 370631659 1100110559 29555864 437078801 267806380 280963860 248902768 491546298 199222466 1103246558 78951097 228179590 877154066 1206319487 871701454 772646589 968185242 1011849651 233534404 550055074 1151434334 132276983 41256679 840860150 1137755070
2 1 4 4 4 1 2 0 0 0 0 0 2 0 4 1 3 0 1 0 4 3 0 0 0 1 3 0 3 1 2 1 2 1 0 4 4 2 4 0 4 1 2 1 1 1 2 0 3 0 2 3 1 0 0 1 3 0 3 1 2 0 2 1 3 4 0 2 3 1 4 3 2 2 1 1 0 1 3 4 3 2 2 4 2 4 0 0 4 0 4 3 0 3 0 0 3 2 3 1 1 4 1 0 3 3 1 4 4 1 3 2 4 2 4 3 1 1 1 0 2 0 4 4 3 1 0 3 0 3 2 1 4 3 4 3 3 0 2 4 4 2 2 3 4 3 1 0 4 2 2 1 4 3 1 0 4 1 3 2 1 0 3 0
4 4 0 4 0 2 4 1 1 3 4 0 1 2 0 0 2 3 2 3 3 0 3 3 1 2 2 4 2 2 1 3 2 2 3 4 1 4 0 3 2 1 3 3 3 1 0 2 1 4 1 4 4 4 4 2 3 1 1 1 1 0 1 3 2 4 2 0 0 2 0 2 3 1 2 3 2 3 3 0 2 4 1 2 0 3 1 4 1 0 2 2 0 3 0 4 0 4 4 0 1 2 3 1 3 0 2 2 0 0 2 3 1 0 2 1 3 0 2 0 0 4 2 0 0 0 1 0 4 3 2 3 0 2 4 3 0 3 0 0 3 4 0 1 4 2 0 3 3 2 0 0 4 2 3 4 4 4 1 4 2 3 2 4
1 3 2 1 2 4 3 2 0 4 4 2 3 4 0 3 3 2 4 2 1 2 1 1 3 2 0 1 3 2 0 1 2 0 2 1 1 2 4 2 1 0 4 2 1 1 2 4 0 1 4 1 0 2 2 4 2 2 2 0 1 4 1 4 4 0 2 3 2 1 0 1 3 1 0 4 4 2 1 4 1 2 0 1 4 3 2 1 2 4 3 4 4 4 0 0 4 2 3 4 1 0 2 4 1 2 1 0 1 4 1 2 1 2 4 0 2 3 4 4 3 2 0 4 4 2 1 3 2 0 4 3 0 3 4 4 2 0 1 4 1 3 1 2 0 2 0 4 1 1 3 1 3 4 2 2 1 3 3 3 3 4 3 1
3 3 0 0 0 1 1 4 1 3 1 3 2 3 2 0 4 1 1 0 2 0 4 0 4 2 1 4 4 4 0 4 4 2 4 2 1 1 1 2 1 4 1 3 0 0 1 1 1 2 1 0 3 3 1 4 2 4 3 1 3 4 0 0 3 2 4 4 0 2 2 1 3 0 1 3 0 2 2 4 2 3 1 2 3 2 1 1 1 4 2 2 0 0 4 4 2 3 0 2 0 2 0 0 4 3 4 0 3 1 1 0 1 2 4 0 2 0 1 0 1 0 2 4 0 3 0 2 3 0 1 0 0 3 1 4 2 0 1 0 3 2 2 1 2 1 1 4 3 4 4 1 2 4 0 2 4 0 2 3 3 0 3 3
4 4 2 1 1 1 3 4 3 0 1 2 3 4 1 1 4 3 2 3 4 0 0 3 2 4 1 0 0 2 3 1 1 3 2 3 4 2 4 4 2 0 4 0 2 0 3 3 0 0 1 1 2 1 2 0 3 0 0 3 2 1 4 4 1 3 4 2 0 3 3 4 1 2 1 3 0 1 3 2 3 4 4 1 2 1 1 0 1 3 0 1 1 1 2 2 4 1 1 1 1 0 2 4 2 0 4 4 1 2 2 0 1 1 3 4 4 4 1 2 4 2 0 1 3 2 0 0 0 2 1 4 4 1 3 3 1 0 3 0 2 0 0 1 3 0 2 4 4 3 3 3 2 4 1 1 1 2 1 2 4 4 1 3
0 1 1 4 1 1 4 1 3 1 2 1 1 1 2 2 1 1 2 4 0 4 0 1 1 3 0 2 2 3 2 0 0 0 4 3 2 0 1 0 3 0 4 1 1 1 3 3 2 0 2 2 4 4 1 2 2 3 4 1 2 1 3 4 4 4 4 1 4 1 3 4 1 2 0 3 4 3 3 3 1 2 3 0 3 4 0 2 2 4 3 1 3 2 0 2 1 0 0 3 3 3 2 4 3 3 4 2 3 4 2 4 1 0 2 4 1 2 3 1 3 2 4 1 1 0 0 4 2 0 4 0 1 2 1 4 2 1 3 0 0 0 0 4 3 2 0 1 1 4 2 4 1 4 1 4 1 3 3 3 1 3 0 2
2 1 1 4 2 4 1 0 1 3 4 1 0 4 3 1 3 2 1 1 1 4 0 2 2 1 2 3 1 2 2 0 1 0 1 3 4 2 0 3 1 4 4 3 4 4 2 4 2 0 1 0 4 3 3 3 1 0 4 4 0 1 4 1 2 2 1 3 0 2 3 3 3 0 1 4 4 3 4 3 3 2 4 4 2 2 0 4 4 4 0 4 2 0 2 1 4 4 2 4 1 2 2 4 2 1 1 4 1 0 2 2 2 1 1 4 0 3 0 0 4 1 1 4 3 4 2 2 3 1 4 1 4 3 2 3 4 3 2 3 0 2 0 4 3 3 4 4 4 1 1 3 4 2 2 2 1 0 2 1 3 1 4 2
1 4 3 3 4 0 1 0 4 3 4 3 3 0 4 2 2 2 1 3 4 0 3 3 2 0 1 1 3 3 0 4 2 3 4 1 1 0 1 0 0 3 0 4 3 4 1 2 3 4 1 3 2 4 3 4 1 4 2 1 2 3 2 1 1 2 3 2 4 1 0 0 4 0 1 0 2 4 2 0 4 0 0 3 1 3 4 2 0 2 0 4 0 3 1 3 0 1 3 4 2 3 1 2 0 2 2 2 2 1 0 3 4 0 1 0 1 0 0 1 4 0 0 4 3 3 0 0 4 0 2 2 0 3 1 0 1 0 0 0 1 0 3 0 2 1 3 3 1 3 4 1 0 2 2 1 0 4 1 0 4 3 2 4
2 0 2 0 0 2 0 3 4 0 1 3 1 4 2 2 4 3 0 1 0 0 2 1 4 1 3 1 1 2 2 0 2 4 0 4 3 2 2 4 2 3 3 3 4 2 3 0 0 0 2 1 0 4 4 2 2 4 0 4 1 2 4 0 4 0 4 4 4 1 1 2 2 1 0 1 3 3 4 3 4 1 1 1 2 2 3 0 3 0 1 4 3 0 1 4 2 0 0 2 4 1 4 3 2 4 1 2 0 0 3 4 1 1 2 1 4 3 1 2 3 2 4 3 4 2 4 2 0 0 4 1 3 0 4 3 1 0 0 1 3 3 2 4 2 0 0 1 0 3 0 3 2 1 4 2 1 3 4 1 3 0 2 4
2 1 2 3 3 4 0 1 0 4 3 2 1 0 0 1 4 0 0 3 4 1 0 0 4 1 3 0 3 0 4 0 3 1 1 3 0 3 0 2 2 0 4 1 0 4 2 1 2 4 0 1 0 2 3 0 4 1 2 4 1 1 2 1 4 3 4 1 1 1 4 0 1 3 1 2 3 4 0 0 0 0 3 1 3 1 3 4 4 0 0 2 3 2 3 2 2 4 0 0 1 4 1 2 3 4 1 3 3 2 0 1 4 0 4 4 1 2 3 0 4 1 2 2 3 2 1 3 1 1 3 2 3 4 2 1 4 3 1 4 2 3 2 2 3 1 1 4 3 2 1 4 3 0 3 3 4 1 3 0 3 2 0 1
3 4 4 2 4 2 4 2 0 1 1 3 0 4 4 0 1 2 0 1 2 0 2 3 2 0 0 2 4 0 3 3 4 4 2 1 3 1 3 3 0 4 3 0 0 2 0 2 4 2 0 3 3 4 3 0 2 3 2 1 1 2 4 2 3 2 3 1 0 1 1 2 2 4 2 3 3 0 2 4 4 4 4 2 4 2 4 1 0 1 2 1 0 4 4 0 1 4 1 1 1 4 4 0 0 3 0 3 0 4 2 0 4 1 4 0 0 4 1 3 2 0 4 0 4 0 0 2 0 4 4 3 3 0 0 4 3 1 4 1 2 2 1 1 0 0 1 1 4 4 1 4 2 2 4 3 3 4 1 0 3 2 0 4
2 0 0 2 3 4 3 1 1 4 4 4 2 3 2 3 4 3 2 1 0 1 0 0 3 1 2 3 0 2 2 2 0 2 4 0 4 3 3 0 4 3 1 1 1 3 0 0 3 2 4 1 1 1 1 4 4 4 4 4 3 2 1 3 1 0 1 0 0 4 3 0 2 1 1 0 2 3 3 0 3 2 3 4 3 0 0 2 1 4 1 4 3 4 0 2 1 3 2 2 2 2 4 2 4 2 2 3 1 2 0 4 1 4 0 1 4 0 3 2 4 1 3 0 2 3 2 4 3 1 3 1 4 2 3 0 4 2 0 0 0 0 1 1 4 1 3 3 1 3 2 3 2 1 0 4 1 2 0 0 3 3 1 4
0 4 1 0 1 1 2 3 2 1 0 1 2 0 2 1 3 1 1 0 2 1 2 4 0 2 4 0 1 2 0 3 1 3 0 4 2 0 0 4 1 0 2 3 2 1 1 0 3 4 3 2 0 2 1 2 4 0 3 2 2 0 1 0 3 1 2 2 1 2 3 4 4 3 0 1 4 1 3 4 1 1 2 3 0 0 1 0 3 1 4 2 1 0 3 1 4 2 4 2 1 2 2 2 0 2 3 2 0 3 3 1 2 2 2 2 3 0 2 1 1 2 3 2 4 3 0 0 0 1 3 3 1 2 0 3 4 0 0 4 4 1 3 1 3 2 3 1 2 3 2 0 2 1 4 3 1 4 4 2 3 2 0 4
4 3 2 0 3 0 1 2 1 1 0 1 0 4 3 2 4 2 2 3 0 1 1 2 3 0 1 1 4 1 0 0 4 4 2 0 4 4 2 2 2 3 4 3 4 2 2 0 1 0 3 2 3 1 4 3 4 0 1 0 3 3 1 0 3 3 0 2 4 4 0 4 4 1 2 3 3 4 0 4 1 0 3 2 2 2 0 3 4 2 3 3 0 1 0 0 2 0 3 1 1 0 0 1 1 4 1 1 4 2 2 0 2 1 2 1 0 0 4 0 4 0 0 4 1 0 0 3 0 0 2 3 2 4 4 0 4 1 1 0 3 0 0 2 1 0 1 2 2 2 4 1 2 4 0 1 4 2 4 1 4 3 4 1
3 4 3 4 2 4 4 2 2 1 4 0 3 2 2 0 0 3 1 4 2 4 0 3 3 2 4 3 0 1 1 3 2 0 4 4 1 3 1 3 0 2 4 3 0 3 4 2 2 2 3 1 1 4 2 0 1 3 0 3 4 1 4 3 3 3 2 0 2 0 0 4 3 1 4 0 0 0 4 4 3 2 2 4 1 4 1 4 3 1 0 4 0 4 3 0 2 2 0 1 3 3 2 3 4 2 3 1 2 2 2 2 1 0 4 3 1 0 4 1 4 4 1 1 0 4 1 0 3 4 1 1 2 1 4 3 3 4 0 2 1 2 0 3 4 4 3 1 1 4 2 2 1 3 0 1 4 4 1 3 3 0 1 2
1 1 0 1 0 0 3 4 0 0 4 4 1 4 0 0 0 0 4 1 0 0 0 0 4 3 0 4 3 1 1 1 4 1 2 0 4 3 1 4 0 2 0 4 1 1 4 1 3 3 0 3 0 0 3 1 3 0 0 4 4 1 0 3 0 0 0 1 0 1 0 0 3 0 4 1 3 0 3 1 1 3 0 1 0 0 3 3 3 3 2 2 2 0 0 4 2 1 0 2 4 2 4 0 2 1 1 3 1 1 1 2 1 3 1 1 4 4 2 4 4 1 1 3 1 1 2 0 4 2 2 1 4 4 1 4 0 4 4 3 3 0 1 1 1 2 3 2 3 2 1 4 3 2 3 2 0 2 2 0 0 0 1 1
4 4 2 1 0 3 4 3 1 2 0 2 4 0 4 4 2 0 4 0 4 4 2 4 1 2 4 3 2 2 2 3 3 1 4 4 0 0 4 1 3 1 0 4 3 1 4 0 3 0 3 2 4 2 1 0 4 3 1 3 2 3 3 1 4 4 2 1 0 1 4 3 0 4 2 3 0 3 4 3 3 4 2 4 1 4 2 3 4 3 1 1 3 0 2 4 1 1 1 1 3 0 1 3 2 1 1 4 4 2 0 0 3 2 1 0 3 3 0 4 3 3 1 1 0 0 1 2 2 4 3 2 1 0 2 3 3 3 0 2 3 0 4 1 4 1 3 3 4 0 2 0 4 0 1 4 1 4 3 0 0 2 2 2
4 4 2 2 4 2 1 4 4 1 3 4 2 1 4 3 2 3 3 3 4 2 4 2 3 3 2 1 2 1 3 1 0 2 0 1 2 3 1 1 4 4 0 3 2 1 4 1 0 4 4 4 3 1 1 2 4 0 3 1 1 3 4 3 0 1 1 4 4 4 1 1 3 3 1 3 0 0 4 0 2 1 4 0 4 2 4 3 4 4 1 2 2 0 0 0 3 3 4 2 3 2 0 3 1 2 1 1 4 3 1 1 1 2 4 0 1 3 3 0 3 4 2 2 1 4 4 4 2 1 3 2 3 4 1 4 3 2 2 2 2 3 1 3 2 0 3 3 0 3 0 0 4 2 3 2 3 4 1 3 0 2 0 1
1 1 2 4 1 0 3 3 0 4 2 3 1 2 3 2 3 4 2 4 3 2 2 2 2 0 0 4 2 0 0 3 4 3 4 0 0 3 0 0 4 2 0 1 2 1 0 2 0 2 1 3 0 0 2 4 1 4 3 3 2 1 4 1 1 3 3 1 3 3 3 3 3 1 1 2 2 1 4 4 0 2 4 2 3 2 1 4 1 2 2 0 0 1 1 1 2 1 4 0 0 4 0 3 0 1 0 4 2 1 3 0 3 3 2 1 0 4 2 3 3 0 4 3 3 2 4 0 4 0 1 1 4 3 4 0 0 1 1 4 4 0 4 2 3 2 1 0 3 3 0 1 0 4 1 4 4 2 1 0 2 4 1 1
3 2 3 3 0 0 2 4 2 4 3 0 1 4 2 4 0 2 2 0 4 3 1 0 0 3 0 4 2 3 0 0 0 1 0 2 3 0 1 0 4 1 2 0 3 4 1 3 3 0 0 2 0 2 2 2 0 4 1 4 2 3 2 4 1 2 1 4 4 4 4 3 1 3 0 4 2 3 2 1 3 4 0 0 1 0 2 3 4 3 3 2 4 2 3 0 1 0 2 1 1 1 4 2 2 2 3 4 0 2 2 1 2 0 1 3 0 4 2 4 4 2 3 3 4 2 1 0 4 3 1 0 1 3 0 3 2 3 0 2 3 4 0 0 4 2 3 4 3 2 1 4 1 1 0 0 0 1 3 4 1 1 2 2
1 4 3 3 2 3 3 0 4 3 2 4 2 3 0 0 0 3 0 2 0 2 4 0 3 4 2 4 1 1 3 2 0 1 1 2 4 4 0 4 4 2 0 2 0 2 4 3 1 1 2 3 3 3 0 1 3 2 2 4 3 1 1 3 2 4 3 4 0 0 0 0 4 2 2 2 4 1 0 2 0 4 0 3 2 1 2 0 0 4 1 1 2 0 1 0 4 1 1 0 1 3 0 1 0 4 0 1 2 2 4 2 1 4 1 0 2 0 3 3 4 4 1 2 4 2 4 1 4 2 3 2 0 0 3 0 4 0 1 3 2 2 1 3 2 4 4 1 4 2 1 3 3 2 2 0 0 3 1 1 0 4 3 2
1 4 4 0 4 3 3 2 0 1 2 4 0 3 1 4 0 2 0 4 2 4 1 4 0 2 0 0 3 0 3 4 4 4 1 1 2 1 3 3 3 2 2 3 1 0 0 1 0 2 2 2 3 3 3 3 2 3 4 0 0 4 1 0 3 2 1 3 4 1 1 4 3 3 4 4 4 4 3 1 3 2 3 2 1 1 0 0 1 1 3 1 0 4 3 1 4 1 1 0 2 2 4 3 2 3 2 3 0 2 4 3 0 2 0 3 0 3 3 3 4 1 0 2 3 0 0 4 2 1 1 1 3 2 4 2 0 4 1 2 1 0 3 1 0 0 4 2 3 0 1 3 3 3 2 3 3 2 2 2 3 3 4 3
0 0 0 3 4 1 2 1 4 0 4 4 1 1 3 1 1 4 1 4 2 3 3 3 2 2 0 0 1 1 0 3 2 1 3 1 4 1 4 3 3 4 4 1 2 3 3 3 4 1 4 4 2 4 2 4 2 4 2 0 3 2 3 0 3 4 3 0 0 3 3 0 4 0 2 1 0 2 1 4 3 0 0 2 0 2 2 2 4 4 4 2 1 4 2 2 3 2 4 0 2 4 1 3 4 0 4 1 2 2 3 2 3 3 2 0 1 4 4 2 3 3 4 1 2 3 0 1 0 4 3 0 4 4 3 0 1 0 2 0 2 0 3 2 3 0 2 1 1 3 3 1 1 4 2 4 4 0 2 0 1 0 0 0
2 3 3 3 3 2 4 3 2 4 0 2 1 0 1 4 3 1 0 0 3 4 1 2 4 0 2 1 2 4 3 1 0 3 0 0 0 1 3 4 2 1 4 0 1 0 4 4 3 4 4 1 3 2 4 0 2 3 1 2 0 1 3 0 0 0 2 0 1 3 0 0 4 1 0 0 1 1 4 1 0 1 3 1 0 4 1 3 4 4 2 4 2 0 1 2 1 4 0 4 2 2 0 3 3 2 3 1 4 4 2 1 2 2 2 3 1 0 3 1 1 0 0 4 0 4 3 1 3 3 3 2 2 3 2 0 2 0 3 3 1 1 0 4 3 4 4 2 2 2 3 3 2 0 4 4 4 3 3 4 3 1 3 1
1 0 3 0 2 2 4 4 0 1 0 0 0 4 2 4 3 2 3 2 3 2 1 4 2 1 4 1 4 4 4 0 0 2 1 2 1 2 3 3 3 0 4 0 4 3 0 4 1 0 1 1 4 0 2 2 3 3 0 3 3 4 0 0 1 3 2 0 0 3 3 0 3 4 1 0 3 3 4 1 0 3 4 1 3 1 3 3 0 3 1 0 2 2 0 1 0 4 1 3 2 1 3 1 1 1 3 1 1 2 2 1 0 3 3 0 4 3 1 1 4 2 1 3 4 3 4 2 3 2 0 0 1 3 3 4 0 1 0 1 4 4 0 1 2 0 4 3 3 0 2 4 4 3 3 1 2 4 3 2 4 3 2 0
3 1 4 0 2 4 4 3 0 4 2 4 4 3 2 4 0 4 4 4 0 4 0 4 3 0 1 2 0 0 2 4 1 3 4 1 4 3 1 4 4 0 3 0 3 3 0 0 4 1 0 4 0 2 0 0 3 1 3 3 2 2 4 0 1 4 3 0 4 0 0 4 2 0 4 1 0 1 1 0 4 3 4 1 1 2 2 1 0 0 1 4 2 1 0 3 2 0 1 1 2 3 2 0 3 4 1 4 0 4 1 2 0 0 3 3 4 0 1 0 0 2 4 0 3 1 0 0 2 1 4 4 4 1 4 0 0 2 4 3 4 0 0 4 2 0 4 4 1 0 4 3 2 3 3 3 2 1 0 4 2 4 3 2
3 0 2 0 2 3 3 1 0 0 2 4 1 1 3 2 1 2 2 1 3 3 4 0 4 1 1 1 3 4 0 1 1 4 1 4 2 2 2 4 2 0 4 0 3 2 4 2 2 2 3 0 0 4 2 1 2 3 2 0 4 0 3 1 4 2 2 4 4 4 3 3 1 2 1 2 0 0 4 2 4 4 4 1 0 3 2 4 3 2 0 2 2 0 0 3 2 4 2 3 1 1 4 4 0 2 1 0 2 2 4 2 3 0 3 0 3 3 0 1 0 2 1 4 4 3 2 4 3 0 4 4 3 3 3 3 0 2 1 0 1 2 4 2 3 2 2 3 0 4 0 2 3 3 1 3 1 4 2 4 1 1 0 4
2 1 4 4 0 0 4 1 3 3 3 3 3 3 1 0 2 1 3 3 1 1 1 3 2 0 4 3 3 2 4 0 3 4 2 0 1 3 1 1 2 2 4 2 0 1 4 4 4 4 2 1 1 0 1 3 2 0 2 1 2 3 3 2 2 0 2 1 1 1 2 3 0 2 2 0 3 1 1 4 1 1 0 4 3 3 2 1 4 1 2 3 0 2 3 4 0 2 0 1 0 3 1 0 0 3 2 0 1 1 4 4 2 2 3 0 0 1 1 1 2 0 2 4 3 2 4 3 4 4 4 0 4 0 2 4 0 0 4 1 1 1 1 0 3 4 0 0 2 4 2 2 4 1 1 4 3 2 2 2 4 3 4 3
0 2 3 0 4 4 2 2 2 0 2 0 1 4 3 4 0 2 1 2 3 4 1 1 2 1 0 3 1 2 1 2 4 4 2 0 1 1 2 3 1 1 1 3 0 4 2 1 3 0 3 1 1 1 4 0 2 4 3 1 1 0 3 2 1 0 4 2 2 1 3 3 4 4 3 0 0 2 3 0 2 3 1 1 1 2 1 1 1 2 2 0 2 0 4 3 0 4 3 4 2 1 3 2 2 3 4 4 1 4 4 3 4 2 1 0 4 3 1 2 0 0 4 4 0 4 4 3 0 2 2 2 0 2 4 4 1 0 0 2 4 4 2 3 3 1 1 2 1 4 2 1 0 1 2 0 2 1 0 2 1 0 0 3
2 1 3 0 2 0 4 1 0 4 2 0 0 3 0 1 2 2 4 2 3 1 0 3 4 2 0 2 2 0 1 0 2 1 2 4 1 2 2 3 3 1 4 3 4 4 1 4 1 2 1 1 0 3 4 4 1 0 2 3 2 0 0 4 1 3 0 2 2 0 1 0 1 0 0 3 4 3 2 2 0 0 3 0 4 0 4 2 2 3 2 4 3 3 1 4 3 1 4 2 3 0 4 0 2 4 3 1 2 2 0 2 2 0 4 1 0 3 0 2 4 3 2 4 3 3 4 1 1 0 0 2 0 4 2 2 3 2 0 2 4 0 1 3 0 0 2 3 0 2 0 1 0 4 1 0 4 2 3 3 2 3 0 2
2 4 1 2 3 3 1 4 3 4 2 0 4 4 0 2 2 3 3 4 4 4 0 4 1 0 4 0 4 4 4 3 0 0 3 3 3 4 4 3 4 1 1 0 3 1 2 2 1 3 1 1 2 3 2 1 4 1 3 0 2 3 0 2 0 3 2 4 0 1 4 1 2 2 1 0 1 1 2 2 4 1 3 3 1 0 1 2 3 0 4 0 3 0 2 3 3 4 4 3 0 1 4 0 3 3 2 4 4 2 4 0 0 4 3 1 0 0 1 0 0 0 1 0 0 3 3 1 0 3 1 2 4 3 4 4 1 2 4 2 1 0 2 1 4 2 4 1 2 2 2 4 0 3 4 2 3 3 3 3 3 2 3 4
0 2 0 3 1 1 2 2 1 4 0 1 3 2 2 1 4 4 2 1 4 2 4 3 2 2 3 2 4 3 3 1 1 3 4 2 0 1 2 3 2 4 4 1 1 4 4 3 3 1 4 0 0 3 3 2 3 3 1 4 2 4 1 0 3 2 4 0 1 3 3 3 3 0 1 1 4 2 1 4 1 3 4 1 3 4 1 1 0 2 3 2 2 4 4 2 3 0 4 4 4 2 0 4 4 3 0 3 1 2 3 2 0 2 0 3 4 1 2 4 4 0 3 3 1 2 0 4 2 4 1 3 3 1 2 3 4 3 1 2 2 1 1 4 1 2 4 0 0 1 4 4 3 2 2 4 1 2 1 3 3 4 4 2
0 1 2 1 4 0 1 3 2 2 2 0 1 2 0 2 0 1 3 4 3 1 0 4 0 3 4 1 2 3 0 4 0 2 3 1 2 4 2 1 3 4 3 0 3 3 4 1 4 2 2 4 3 4 0 1 3 0 2 2 0 2 2 2 1 0 1 0 1 3 4 4 4 2 1 0 3 0 1 2 3 3 4 3 2 4 1 2 4 3 0 2 2 4 4 0 4 0 1 0 0 2 1 0 4 3 0 2 3 1 2 3 1 1 2 0 0 3 3 2 4 3 4 3 2 0 1 3 1 2 0 3 1 1 3 0 4 0 0 0 3 2 3 4 3 2 0 0 3 0 2 2 0 3 2 4 4 3 2 2 2 4 0 3
2 1 1 4 1 1 4 0 3 4 1 3 2 1 3 0 1 3 4 3 3 1 2 2 2 4 1 4 0 4 0 3 0 1 2 1 2 1 3 2 0 0 0 4 3 0 4 2 3 3 0 2 2 3 1 4 4 0 0 0 4 0 3 4 3 0 2 0 3 3 4 0 3 4 0 3 2 4 0 0 0 1 4 2 4 3 1 0 3 3 0 2 4 0 3 2 0 2 0 0 2 1 1 0 1 1 4 3 2 1 0 2 2 2 1 3 0 2 4 0 1 1 4 2 2 4 1 2 3 3 0 1 0 1 1 3 4 2 3 1 4 3 1 3 2 2 2 4 2 3 4 0 4 0 2 1 4 0 1 3 4 1 4 4
4 2 2 3 2 0 4 1 0 2 1 0 0 3 4 2 3 1 4 3 1 1 1 1 1 2 4 2 0 0 1 4 2 0 2 4 2 4 2 0 3 1 0 3 4 4 2 0 0 1 3 4 4 4 0 3 4 1 0 4 1 4 1 0 1 0 2 4 1 1 4 0 2 4 0 4 0 0 4 3 1 4 2 3 0 4 3 1 2 0 3 0 4 4 0 3 1 4 2 3 3 3 0 2 4 0 1 4 0 2 4 4 3 3 4 1 2 2 2 4 2 0 1 4 1 4 4 3 3 1 3 3 4 3 1 3 3 4 4 1 2 4 2 2 4 1 3 4 3 1 0 2 3 2 3 0 1 2 0 4 0 3 3 1
1 1 4 1 0 1 2 2 2 4 2 1 2 0 0 2 3 1 2 2 3 0 2 4 0 2 0 0 2 0 2 3 1 3 1 4 1 4 3 3 0 0 2 0 1 4 2 4 0 4 3 0 2 2 1 2 4 4 4 3 1 3 1 0 2 3 4 0 4 2 1 1 3 3 1 1 2 4 2 0 0 1 2 2 3 1 4 0 0 4 3 1 4 2 3 3 2 2 4 1 0 0 4 0 3 1 3 2 2 0 4 2 3 2 2 2 3 1 4 0 2 2 3 2 1 2 0 3 4 1 1 1 1 1 3 1 2 1 1 1 2 0 0 0 2 2 4 2 4 3 2 3 3 3 2 4 0 3 0 1 4 1 0 3
2 3 4 1 0 2 2 4 3 3 4 2 0 1 2 1 4 1 2 4 4 4 1 4 4 1 3 1 4 3 1 2 1 0 3 3 3 3 2 3 3 4 0 3 0 2 2 1 4 1 3 0 0 4 0 2 2 0 3 1 3 1 3 1 1 4 0 1 4 4 1 2 3 4 2 0 1 4 4 2 2 2 3 3 3 0 2 0 0 2 3 0 3 2 1 1 3 1 0 2 3 1 4 3 0 1 4 4 3 0 1 0 4 1 0 2 3 4 4 3 1 2 3 4 1 2 3 1 0 3 3 3 4 4 2 2 3 3 1 3 3 4 3 2 1 1 1 1 0 2 0 4 4 0 3 3 4 3 4 0 1 0 3 1
4 2 3 4 0 1 2 0 0 3 4 3 4 2 0 1 4 2 0 4 2 1 4 2 4 3 4 1 3 2 4 0 2 4 4 2 2 2 0 2 0 4 1 1 2 3 4 3 0 0 2 4 3 3 3 4 2 2 2 2 2 1 4 4 2 1 3 4 3 0 4 0 0 2 3 4 0 2 2 2 2 2 1 2 0 2 2 4 4 4 4 3 3 0 4 2 1 0 2 1 0 3 1 2 0 1 3 0 4 3 4 3 2 0 1 4 2 0 1 4 4 0 4 4 0 1 2 4 1 1 0 3 4 4 3 4 0 1 1 4 1 0 3 3 2 1 3 2 1 4 1 2 1 2 2 3 3 4 2 1 0 3 0 1
2 3 0 4 1 1 4 3 3 4 1 0 2 1 2 3 0 0 2 3 3 4 2 3 0 4 0 2 4 2 3 3 2 0 3 3 3 4 3 1 0 0 2 2 1 1 0 4 2 2 2 2 4 1 0 4 3 2 4 2 4 2 3 1 3 3 2 1 2 0 3 2 2 2 4 1 3 1 2 0 0 1 2 1 3 0 1 1 2 0 0 4 4 3 2 2 1 1 1 0 2 1 4 1 3 3 2 3 1 4 1 4 1 3 0 1 0 1 2 0 3 4 4 3 0 3 2 3 0 0 4 4 1 3 0 1 4 0 0 0 4 1 4 2 1 0 3 2 3 2 4 4 2 3 4 2 3 1 0 0 4 1 4 0
0 2 2 4 2 2 1 1 0 3 1 1 0 4 3 3 2 2 4 1 2 3 3 3 2 0 3 1 2 0 1 4 2 0 0 4 4 1 2 4 1 3 1 1 0 1 2 4 1 1 0 0 2 0 3 4 0 4 2 4 4 0 0 3 1 0 4 0 4 1 2 0 2 3 4 4 1 1 3 2 4 3 3 1 0 3 2 0 2 4 2 3 0 2 1 3 0 0 0 4 4 2 1 3 2 0 2 4 3 0 1 3 0 1 1 0 0 1 2 4 0 4 3 2 4 1 2 4 2 3 0 3 2 1 1 0 2 0 4 2 0 0 2 0 2 4 0 4 2 2 3 4 4 1 2 0 3 1 4 2 4 4 2 2
2 0 2 4 0 3 2 0 0 4 2 2 0 4 3 4 3 2 4 4 0 3 4 3 4 0 2 1 4 1 0 2 1 2 3 1 2 2 3 2 4 2 2 1 1 0 1 0 2 0 1 3 3 1 3 4 1 3 0 3 4 0 2 3 4 2 4 1 0 0 4 1 2 3 2 1 3 3 3 3 0 4 3 0 0 3 0 4 1 0 4 3 3 1 1 4 0 2 1 0 4 2 3 2 0 1 0 0 1 3 3 2 2 1 2 0 0 4 4 3 2 0 3 0 1 4 4 1 4 2 4 0 1 2 2 3 0 4 4 2 2 2 1 0 1 0 2 3 0 3 1 4 3 2 4 1 3 0 4 2 0 3 3 1
3 2 2 3 2 1 2 1 0 0 3 3 1 0 1 3 3 0 2 3 2 3 4 0 0 4 0 0 4 0 4 2 4 1 3 3 4 2 0 1 3 3 0 4 1 3 2 1 3 4 0 2 4 1 0 4 0 2 0 2 2 1 4 1 4 4 2 0 2 2 1 0 2 3 4 0 2 3 2 2 4 4 2 3 2 2 2 0 4 4 2 3 2 3 4 1 3 3 3 0 0 0 2 0 3 1 0 2 1 4 0 0 0 2 0 3 1 2 0 2 4 2 0 1 0 1 0 0 0 3 0 0 0 2 2 1 0 0 3 3 4 3 3 2 2 3 2 0 3 2 2 2 4 2 0 1 4 0 2 4 1 4 1 1
2 1 4 4 1 3 3 2 3 3 4 1 2 1 3 2 0 1 4 4 0 1 3 4 4 0 0 0 4 4 3 3 0 3 0 1 1 3 3 1 3 3 4 2 1 3 4 2 4 0 3 4 2 1 1 1 3 3 1 0 2 1 3 2 1 3 0 4 3 4 1 4 4 0 1 2 3 1 4 4 1 0 1 3 3 4 4 2 2 2 2 0 1 2 4 2 1 0 2 1 4 3 0 0 3 2 2 4 0 2 3 1 4 1 2 2 0 1 4 3 1 3 3 4 1 4 1 4 4 3 0 0 3 3 0 4 2 3 3 2 2 3 0 1 0 2 3 0 1 0 0 4 3 0 3 1 0 4 0 4 0 3 0 0
1 2 4 0 0 2 4 2 3 4 0 0 4 1 2 0 3 3 4 3 3 2 0 3 3 0 0 0 3 2 1 1 4 0 3 0 0 2 4 3 2 2 0 1 3 2 3 3 0 2 1 4 1 1 4 1 4 1 2 2 3 3 1 3 3 4 0 0 2 1 0 1 3 0 4 3 3 2 3 3 1 0 4 4 1 1 0 0 2 4 0 1 2 1 1 3 2 1 3 4 4 4 2 0 4 1 0 2 0 4 3 3 4 2 2 2 3 0 0 1 4 2 4 4 0 0 2 2 3 2 2 4 3 1 4 3 3 0 2 0 4 0 4 0 0 1 4 0 3 4 1 3 3 2 4 3 2 3 1 2 0 0 2 4
1 1 4 4 3 1 0 4 4 1 4 1 2 1 1 3 2 0 1 1 2 2 4 0 0 0 4 0 0 1 1 4 0 2 3 3 4 0 3 0 1 4 1 1 2 2 4 0 4 2 1 2 4 0 4 1 3 3 3 0 0 2 4 2 4 0 0 0 2 0 0 1 2 3 4 4 3 0 4 2 2 0 4 3 3 3 1 3 4 4 0 1 1 0 3 1 2 3 1 4 4 4 2 1 2 1 0 2 1 2 0 0 2 1 3 2 0 4 2 1 1 3 2 2 3 0 0 2 3 4 1 4 3 4 2 2 2 0 0 4 2 0 1 1 1 0 4 3 1 1 4 4 1 1 4 4 1 4 1 2 3 0 1 3
1 4 1 3 4 1 4 1 1 1 4 4 3 3 0 1 2 4 1 3 3 2 0 4 1 3 3 2 0 0 0 1 1 3 2 2 4 3 0 2 1 4 2 1 0 4 3 4 3 1 2 1 3 4 3 1 0 3 0 0 0 1 4 1 1 3 0 1 3 0 3 0 2 2 1 2 1 1 1 2 2 0 0 2 2 0 1 2 4 1 4 4 4 0 3 1 3 3 2 4 1 2 4 0 2 2 4 0 4 0 2 3 2 0 3 1 0 4 3 1 0 0 1 0 0 1 3 1 1 0 0 2 4 4 4 1 3 3 4 4 0 1 3 3 3 3 4 4 2 0 0 4 2 3 4 2 4 2 3 1 4 0 0 1
1 0 4 0 0 3 4 1 2 4 1 0 2 2 1 4 4 4 4 1 2 0 4 2 0 4 0 1 0 2 2 3 2 4 3 0 2 0 1 1 4 2 2 2 1 0 3 1 4 4 2 2 2 3 1 2 3 1 0 0 3 3 3 3 4 4 3 1 4 1 3 0 0 2 4 1 2 0 2 2 4 2 1 1 0 2 0 0 0 3 2 0 3 3 0 2 2 3 3 3 1 3 0 1 0 0 3 3 0 2 2 1 4 3 0 2 2 2 4 2 0 2 2 3 0 3 0 4 3 1 4 2 4 4 3 0 1 3 0 1 3 4 0 4 2 0 1 1 2 1 3 3 3 2 1 0 2 4 1 3 0 0 0 4
1 3 1 3 4 3 1 2 2 1 1 1 1 3 2 4 1 2 4 1 0 2 3 2 1 4 0 1 1 2 3 2 3 4 0 2 0 2 4 2 0 2 1 2 2 0 3 3 3 2 1 3 4 4 2 3 3 0 4 4 2 4 4 0 1 1 4 1 0 0 3 1 3 1 3 2 2 3 1 0 0 4 0 1 4 4 4 4 4 1 1 2 0 2 4 1 3 4 4 4 4 3 0 4 1 0 2 3 0 0 0 0 4 2 3 0 2 0 2 3 1 0 0 3 2 2 2 0 3 1 1 2 1 3 4 0 0 1 0 0 3 3 0 2 0 1 0 4 1 2 3 4 2 0 4 4 2 3 1 0 2 3 0 3
1 4 0 2 2 1 4 0 4 0 4 4 3 4 1 4 3 4 0 2 4 4 3 4 3 0 1 0 0 3 0 3 4 3 2 1 4 2 3 3 4 3 4 2 4 0 3 0 1 0 2 1 4 3 2 4 0 3 1 0 2 4 0 1 2 0 0 1 4 3 1 3 3 2 2 0 3 2 0 1 2 4 2 3 2 1 3 2 2 1 4 1 2 2 2 4 2 4 2 1 0 0 1 0 3 0 0 3 2 2 4 4 2 4 4 1 0 4 1 2 1 0 3 3 4 3 0 1 4 4 4 4 0 2 2 0 2 2 3 4 0 2 0 4 3 0 0 4 4 1 3 2 4 4 3 3 4 0 2 0 4 1 2 1
4 4 1 1 1 1 3 3 1 0 2 4 0 0 0 2 1 4 1 0 0 4 1 4 1 3 4 3 1 1 4 2 2 3 1 4 1 4 4 2 4 2 2 2 2 2 4 0 3 2 1 3 4 2 4 0 2 1 3 3 4 0 1 2 0 2 3 1 3 2 4 2 1 3 4 3 2 0 1 1 0 2 1 4 1 3 4 3 4 0 3 0 0 4 4 0 3 2 3 1 0 2 4 1 0 0 2 3 3 3 1 3 2 4 4 0 2 0 0 3 0 3 4 2 0 0 4 3 3 3 0 0 2 1 3 0 3 0 0 1 0 1 1 4 0 2 1 0 3 1 3 3 2 4 3 2 0 4 2 0 2 2 0 0
0 3 2 4 1 2 2 3 3 1 0 0 3 1 0 1 3 1 2 2 2 2 4 4 1 1 4 4 1 1 1 1 2 3 0 0 0 0 3 0 1 3 2 4 2 3 3 2 1 2 4 3 4 3 0 0 1 4 1 2 1 4 1 0 2 3 0 4 3 3 1 4 4 4 1 3 4 4 0 0 3 4 0 2 4 0 2 0 2 4 0 0 3 1 0 3 1 0 4 0 0 1 1 1 2 2 4 1 3 4 1 1 0 3 3 4 4 3 0 1 4 2 1 4 0 3 2 1 3 4 3 0 2 0 2 4 2 1 0 3 3 3 1 3 1 0 3 2 0 0 0 4 4 3 3 4 1 3 2 4 4 1 0 1
3 4 0 2 2 0 0 0 0 2 1 3 4 4 1 1 1 1 0 0 2 0 1 3 0 0 0 4 3 2 0 1 1 0 4 3 2 1 1 4 0 2 3 4 3 4 0 4 2 2 1 1 0 4 0 0 4 0 0 3 4 0 1 0 3 0 0 2 4 1 2 4 0 0 1 3 1 3 4 0 1 2 2 1 1 2 3 3 4 3 3 3 1 4 3 4 2 0 1 1 4 0 2 4 0 3 3 1 2 4 2 0 2 4 1 3 3 4 3 2 0 1 0 1 1 0 2 0 2 0 3 1 1 0 1 3 4 1 0 1 0 4 1 2 0 4 3 3 0 1 0 2 3 2 3 1 4 2 3 1 0 1 3 3
1 1 1 0 2 3 3 4 2 1 2 2 2 2 2 3 3 4 0 3 1 1 1 2 0 4 4 0 0 4 3 4 0 0 1 4 3 0 3 3 3 2 2 1 4 0 1 0 4 3 0 3 1 4 0 2 3 1 2 1 0 3 2 2 0 3 1 0 0 2 3 4 4 3 2 1 3 3 3 4 3 0 2 0 4 0 2 0 1 1 3 2 4 2 1 1 0 3 2 1 2 0 2 3 0 4 1 3 4 4 0 2 2 2 2 3 2 1 0 1 3 3 3 4 0 1 3 3 4 0 1 3 2 3 2 3 4 3 3 0 0 3 4 2 1 4 0 0 0 1 3 0 1 1 2 4 0 0 2 4 0 0 3 4
0 2 2 4 0 1 1 0 4 0 2 2 1 0 0 2 3 3 4 1 2 1 0 2 3 4 3 3 4 3 3 4 0 2 0 1 3 3 1 0 1 1 2 2 3 2 4 1 3 1 2 0 2 0 2 1 4 2 1 1 1 1 2 1 4 0 2 4 3 1 4 4 4 4 2 2 3 3 0 1 4 2 1 4 4 0 2 1 0 3 2 1 2 1 2 1 1 2 0 2 3 0 1 2 4 0 1 2 1 1 1 0 0 4 1 0 2 3 1 2 4 0 3 1 3 2 2 0 4 4 4 4 1 2 3 2 3 4 2 4 0 3 1 3 2 3 3 1 3 1 3 2 1 3 3 1 1 2 1 0 2 2 0 3
0 3 3 0 0 0 1 2 0 2 0 2 2 0 1 1 1 4 3 4 3 4 1 4 1 4 1 0 2 1 1 4 2 4 4 2 1 0 4 1 4 2 0 2 2 1 3 1 1 3 0 1 2 1 2 1 3 3 1 2 2 4 1 4 3 0 3 1 2 4 2 1 3 3 3 1 4 3 2 2 4 4 0 3 3 2 4 1 3 3 3 0 4 4 1 3 1 4 1 0 0 4 1 4 2 2 2 3 0 4 3 4 3 3 3 1 3 4 4 1 4 2 1 4 3 4 4 1 0 0 1 0 4 0 1 3 2 3 4 2 4 2 4 0 2 4 3 0 3 3 1 0 2 4 4 3 3 0 4 0 0 3 1 2
3 4 2 0 3 1 4 2 3 0 2 3 4 1 3 0 1 2 0 3 3 1 1 4 1 3 4 1 3 2 0 3 2 3 0 0 4 4 4 0 0 4 3 1 2 3 1 3 0 1 1 1 2 0 0 0 0 1 2 3 4 4 3 1 2 3 3 4 4 4 4 1 3 4 3 0 2 1 0 0 3 4 1 2 4 1 3 1 4 2 1 3 1 4 1 1 4 4 0 3 1 4 2 4 0 2 2 2 3 2 2 3 1 3 1 2 1 1 0 1 3 1 1 1 2 3 2 1 4 4 2 0 3 4 2 3 1 4 3 4 3 0 3 2 1 1 4 2 2 2 0 2 3 2 0 1 0 3 4 1 2 3 2 3
2 1 3 0 0 1 2 3 4 2 2 0 3 2 4 2 4 0 1 4 4 1 2 1 1 4 2 4 2 1 4 0 2 4 2 4 1 4 0 2 3 2 4 3 1 3 0 2 0 3 2 1 0 1 2 1 0 2 2 3 0 3 0 0 3 2 4 1 4 1 3 2 4 2 1 2 2 3 0 3 4 4 4 4 0 4 2 3 1 2 1 3 0 1 3 3 0 3 4 1 1 2 4 0 1 2 0 4 2 0 4 1 1 0 2 1 1 2 4 2 4 2 1 4 0 1 3 3 4 4 4 1 4 0 3 0 4 3 1 2 0 2 0 1 3 0 0 4 2 1 4 3 4 2 2 1 3 2 4 0 2 1 3 3
1 3 0 1 4 2 0 4 1 2 3 4 2 3 1 1 1 2 4 2 1 4 4 1 1 0 1 0 1 1 0 3 0 1 1 4 0 3 0 1 0 3 1 0 3 4 3 2 3 3 4 4 4 3 0 2 1 2 0 2 0 0 2 0 1 3 1 1 1 2 3 4 2 1 4 3 2 2 0 0 2 4 4 1 0 4 4 1 3 4 3 4 4 1 1 3 1 3 1 3 2 1 2 4 4 3 4 1 2 4 1 0 4 2 3 4 4 2 0 2 3 0 3 0 1 2 3 3 2 4 3 4 1 2 0 0 0 0 4 4 4 2 4 0 0 3 4 4 2 1 3 1 2 4 1 0 3 1 0 0 2 3 4 0
2 1 3 4 1 2 4 3 4 3 3 1 3 0 2 3 3 3 4 2 4 2 3 2 3 0 2 0 1 3 1 3 4 4 3 3 3 2 1 4 2 1 1 1 1 3 4 0 3 0 2 2 4 2 4 4 3 1 1 4 1 4 4 1 3 2 4 3 1 2 3 4 3 4 2 0 4 1 2 3 3 1 2 4 4 2 3 4 0 4 0 2 4 4 3 4 4 4 3 0 1 3 4 4 2 1 1 3 4 3 3 4 0 1 3 1 3 1 0 0 1 2 2 2 3 2 1 2 1 4 0 4 2 1 4 1 3 0 2 4 1 0 4 3 1 4 4 1 3 1 2 4 3 1 1 3 4 4 3 2 1 3 4 0
4 3 4 4 0 1 1 3 1 2 1 0 1 0 3 4 3 2 0 3 4 3 2 0 0 0 4 1 0 3 1 1 3 0 3 1 3 4 4 2 3 3 4 4 0 2 1 4 0 3 2 4 2 1 4 4 3 0 0 3 4 3 2 2 1 0 3 4 1 3 1 4 3 2 0 3 0 1 2 0 2 2 1 1 3 2 0 2 2 0 2 1 3 4 1 1 1 4 1 2 4 4 3 2 2 4 1 2 2 0 4 4 2 2 0 1 4 0 0 3 2 2 0 1 4 3 2 0 2 0 0 4 0 3 1 4 4 4 3 2 0 2 1 2 1 2 0 0 4 0 3 2 3 0 0 4 3 4 4 3 0 1 2 2
0 0 3 4 0 1 3 2 0 0 4 1 4 2 3 3 2 3 2 2 4 2 1 4 2 3 2 4 4 1 3 1 2 3 3 2 4 1 4 1 1 0 4 2 2 2 3 2 0 0 4 1 3 1 1 2 4 0 3 0 4 3 2 1 1 0 0 2 1 1 3 0 3 2 4 1 1 2 3 1 3 4 3 3 2 1 2 1 3 2 4 2 0 1 0 3 1 0 0 4 1 3 1 0 2 1 3 3 3 3 1 3 2 1 3 2 4 0 0 3 4 4 2 4 0 3 4 3 0 4 3 4 4 4 4 3 2 4 1 1 2 3 1 1 1 0 3 1 0 4 4 0 0 3 1 1 3 3 4 4 2 4 3 4
1 4 2 3 3 1 1 2 1 3 0 2 3 1 3 0 2 4 2 2 3 1 3 3 4 0 4 3 1 2 2 2 3 0 3 3 3 4 0 4 2 3 1 2 4 0 0 1 4 2 3 4 0 4 3 4 1 2 0 2 2 2 0 2 4 3 1 2 4 3 1 4 1 0 1 0 0 3 1 1 3 2 1 3 3 1 0 4 0 0 1 4 4 3 2 1 3 3 3 3 1 2 2 0 2 0 0 4 4 4 0 2 1 3 2 4 1 2 0 2 4 1 1 4 0 0 0 3 3 0 3 2 4 0 2 3 1 4 2 2 3 0 1 1 0 3 2 2 1 2 4 2 1 2 1 1 3 3 1 3 4 0 2 0
2 1 4 0 1 3 2 4 0 3 3 1 4 0 3 2 0 4 4 1 3 1 2 1 1 0 2 0 2 4 3 0 3 2 0 4 0 0 0 1 0 3 4 4 1 2 1 1 1 1 2 1 4 1 3 0 1 2 3 4 3 1 4 1 3 1 0 0 1 1 3 2 1 2 3 2 1 0 3 4 3 2 1 2 3 4 2 2 3 0 1 1 3 2 3 1 0 0 4 2 3 2 1 0 2 4 4 3 1 3 3 4 0 4 1 1 0 1 3 3 3 1 4 2 3 4 0 3 2 4 2 0 2 0 2 4 0 2 4 1 2 2 1 2 1 4 0 1 2 3 1 1 4 3 3 4 2 3 0 4 0 4 2 2
0 4 3 0 1 2 3 3 2 1 3 3 3 0 2 0 4 3 1 0 1 1 0 1 0 0 2 0 1 4 4 1 1 4 3 2 3 2 3 0 0 3 4 3 3 3 4 4 1 0 0 0 2 2 1 4 4 3 1 0 0 0 2 1 1 0 0 4 4 0 0 0 0 1 3 4 4 2 0 0 0 0 0 2 2 3 3 1 4 4 2 4 4 1 2 2 1 2 1 1 0 1 3 0 2 1 1 3 4 2 4 1 2 1 3 2 0 1 3 4 0 2 0 1 3 2 3 2 1 1 3 1 3 1 4 2 4 0 3 0 2 4 1 2 0 1 4 2 2 2 3 4 2 0 2 0 2 2 4 1 4 2 4 4
0 3 3 2 1 1 2 3 0 4 0 3 0 4 0 0 4 1 1 3 1 4 0 1 1 0 4 2 4 3 1 0 4 0 4 0 1 1 3 4 2 1 2 0 2 4 0 3 0 3 1 4 2 2 2 1 2 1 3 1 4 2 3 0 2 2 0 0 1 1 1 3 2 3 3 4 0 0 3 2 1 1 3 3 3 0 1 2 1 2 4 3 4 4 3 3 2 4 0 3 0 4 3 4 2 4 0 4 1 0 2 2 2 0 3 2 1 4 0 4 3 1 4 2 0 3 2 2 4 0 2 1 4 1 0 3 0 2 3 1 3 2 4 0 2 2 4 0 3 4 0 2 0 1 1 1 4 1 3 0 1 3 1 0
4 3 0 4 1 3 2 1 0 3 3 0 2 2 0 1 2 2 0 2 4 1 0 0 2 1 1 0 4 4 2 3 0 3 4 3 3 3 4 4 2 2 1 4 4 1 2 3 1 2 3 0 4 3 2 3 4 3 4 0 0 1 3 0 1 4 3 0 3 4 1 2 1 2 3 2 0 1 1 1 3 4 3 4 4 1 3 4 1 4 4 1 0 0 3 4 1 3 4 1 2 0 3 0 4 2 0 4 0 1 3 3 2 1 3 1 4 3 2 3 2 4 4 4 4 0 3 2 3 2 4 3 4 4 3 3 3 3 0 3 1 3 2 3 1 0 2 3 3 4 1 2 3 2 1 4 2 0 2 1 4 3 4 4
2 4 4 1 3 1 4 4 1 1 0 3 3 2 3 3 3 4 0 2 1 2 1 4 4 0 2 3 3 1 4 1 2 1 4 0 2 3 2 1 0 4 1 0 1 4 4 1 0 1 3 1 0 2 2 4 4 4 0 3 2 1 1 0 2 0 2 2 3 1 3 0 0 4 3 3 0 4 0 0 0 0 3 1 2 1 2 2 2 4 2 2 1 3 4 0 3 3 4 3 0 2 1 2 3 4 1 0 3 1 0 3 1 4 1 1 2 1 0 1 0 2 3 3 0 4 4 0 3 3 0 0 3 1 2 3 0 3 4 3 1 1 4 0 2 2 3 4 3 3 1 1 0 1 1 2 3 0 4 1 1 4 1 1
1 0 4 1 4 0 2 2 2 1 4 1 0 2 1 1 0 4 4 2 2 0 4 0 3 3 3 4 0 1 2 1 2 1 4 3 4 1 0 3 4 2 4 2 4 2 3 2 1 2 4 4 2 1 1 2 1 0 3 3 1 0 4 3 4 1 1 3 2 4 1 4 1 2 3 2 0 1 4 1 0 1 2 4 4 4 2 2 1 0 1 2 1 2 1 0 3 4 3 3 0 1 4 1 0 2 4 0 3 0 4 3 1 3 2 2 4 1 0 0 2 1 3 3 3 1 0 4 2 0 2 3 1 1 4 3 3 0 4 3 1 3 1 4 1 0 2 3 2 2 3 1 0 1 4 0 4 4 4 2 1 1 0 4
4 4 2 2 2 1 0 3 1 3 2 0 1 4 3 3 3 1 1 3 0 0 1 4 1 0 3 2 4 3 1 3 0 0 3 2 2 3 2 0 4 4 2 0 1 0 0 4 4 1 0 1 3 1 0 4 3 4 3 4 4 1 0 4 1 3 3 0 3 0 3 2 2 0 4 3 3 4 4 2 0 1 3 3 4 0 4 0 1 4 4 3 2 1 4 1 4 3 1 0 0 1 2 2 2 2 2 0 3 4 4 4 0 4 4 2 1 4 2 3 0 3 3 3 0 2 4 4 0 2 1 3 4 4 0 3 3 0 0 3 1 4 2 3 0 4 0 1 3 4 1 0 3 4 3 3 2 2 4 4 2 1 2 1
2 0 4 2 2 1 0 3 2 0 1 2 4 2 0 4 3 2 4 1 3 3 1 2 2 1 4 4 4 3 2 3 0 3 2 2 4 2 2 1 4 4 3 3 3 1 4 1 3 4 0 3 4 1 3 1 2 2 3 3 0 0 3 1 1 0 0 0 0 3 4 4 2 4 0 2 0 4 3 0 0 0 4 4 2 2 3 1 1 1 0 1 3 3 4 4 4 0 2 1 3 1 0 2 0 0 1 3 2 1 3 2 2 2 4 4 1 2 0 2 0 2 1 0 1 0 2 2 2 4 3 2 2 0 1 4 3 2 2 0 4 1 4 1 0 3 2 2 2 2 1 2 0 2 0 3 0 2 0 2 3 0 2 0
0 3 1 0 3 4 0 2 0 2 0 0 0 2 4 0 1 1 4 1 0 4 4 0 1 1 3 4 3 2 1 1 0 3 1 3 2 4 2 4 1 4 1 3 1 3 3 0 4 3 1 4 2 3 2 1 1 2 2 0 4 4 3 1 4 4 0 3 3 4 2 4 4 0 0 2 3 3 2 4 3 1 1 1 1 3 4 2 0 1 4 1 2 2 2 1 2 4 4 2 4 3 4 0 1 4 4 1 2 4 1 3 0 4 4 1 4 0 3 1 1 0 2 4 2 4 2 1 4 2 1 0 2 0 2 3 1 1 2 0 0 3 3 2 4 4 3 3 4 4 4 1 4 3 2 3 2 4 2 3 3 3 0 3
0 2 3 1 1 0 1 3 0 0 1 4 4 4 4 4 0 0 2 4 3 4 0 3 0 2 1 1 2 2 4 2 1 2 3 4 3 4 3 3 1 4 0 1 0 4 2 1 0 4 2 3 0 2 1 0 1 0 1 3 4 0 2 2 0 0 2 3 2 0 3 0 4 3 1 4 3 0 2 0 4 0 0 4 4 2 2 3 4 3 3 0 1 1 2 3 3 4 1 0 4 1 1 0 2 4 2 0 0 4 2 1 1 2 3 3 1 0 1 0 0 4 2 3 0 0 1 4 4 4 1 1 1 4 1 3 1 0 0 3 0 4 4 3 1 2 3 0 4 4 2 0 1 0 0 3 0 2 4 1 1 1 2 4
2 1 4 3 1 1 3 3 0 3 2 4 2 0 4 2 2 1 4 0 1 4 3 3 3 3 0 0 1 2 1 3 3 3 4 0 4 4 0 2 2 2 1 2 0 2 1 4 3 0 4 2 1 2 0 0 2 0 2 3 3 0 4 3 3 0 0 0 4 1 2 4 0 0 1 2 2 2 1 0 4 0 2 2 0 3 4 2 0 1 3 3 4 4 4 2 4 4 2 0 2 1 4 3 1 2 0 3 1 4 4 2 1 3 0 1 3 4 1 4 3 4 4 2 3 3 1 4 0 1 4 2 2 4 0 4 1 3 4 3 2 3 0 0 4 2 2 2 4 3 3 4 4 3 3 4 3 4 3 3 2 2 1 0
3 3 1 0 1 0 0 0 1 2 1 2 2 0 1 1 0 0 0 4 0 3 3 3 4 3 2 2 0 0 4 4 3 2 1 2 4 3 2 2 0 0 4 4 2 3 0 2 0 2 3 0 2 3 0 4 1 2 3 4 2 2 3 3 1 1 0 2 4 4 0 1 2 1 1 4 1 3 4 1 3 2 1 0 3 2 4 1 1 2 0 1 1 0 4 4 1 1 2 0 0 4 4 2 2 0 4 4 0 3 0 3 2 4 1 0 3 2 2 1 0 2 2 3 3 3 0 1 1 4 2 2 3 1 1 2 3 0 1 3 0 4 4 3 3 0 3 3 2 2 4 4 2 4 0 2 4 0 3 1 1 2 0 4
3 3 3 3 1 0 4 1 1 3 4 1 3 0 4 2 2 0 2 4 4 4 1 1 4 0 4 0 4 4 1 0 4 4 3 0 1 2 2 2 2 3 3 2 3 4 0 1 0 4 2 1 3 4 4 4 1 3 1 0 4 2 2 4 3 1 4 2 0 3 4 0 2 0 2 0 1 4 3 3 3 1 0 3 2 4 2 3 0 3 0 4 2 3 3 1 1 0 3 3 3 4 3 0 1 1 3 3 2 1 1 3 2 3 1 4 0 4 4 0 4 2 4 2 0 3 0 3 3 3 1 3 4 2 4 1 0 2 1 2 0 2 0 3 3 2 4 3 3 4 3 4 1 4 1 3 4 1 3 4 1 4 3 3
1 4 4 3 3 2 1 3 1 3 3 4 2 3 2 0 2 2 2 0 4 3 3 3 2 3 3 0 2 3 3 1 2 4 4 0 1 2 0 3 1 4 2 3 2 2 1 1 1 3 1 2 3 1 1 2 4 1 3 3 4 3 1 3 3 3 3 1 0 0 4 3 4 4 4 1 3 2 2 1 0 0 4 0 1 0 3 0 3 3 4 2 1 2 2 4 0 2 1 1 2 2 1 2 1 0 3 1 2 3 3 4 3 2 2 2 4 0 2 2 3 3 1 4 1 3 1 3 0 4 4 4 1 3 1 0 3 2 1 3 0 4 4 0 3 1 2 2 3 2 1 3 2 4 0 0 4 1 4 1 0 3 1 3
3 2 3 2 4 0 2 1 1 1 2 0 0 1 4 3 3 3 2 1 2 4 1 2 0 2 3 2 1 4 0 4 4 1 3 3 1 2 2 4 4 1 1 4 2 1 4 3 1 3 1 3 2 4 2 4 2 3 3 0 2 4 1 3 2 2 2 3 4 1 4 3 2 1 4 4 2 4 4 0 4 0 3 2 2 3 1 4 1 0 4 0 1 0 4 3 2 3 3 2 4 2 2 1 0 4 2 4 0 2 4 4 4 3 1 1 1 0 0 4 2 1 4 0 4 3 0 3 1 3 2 2 2 0 3 3 1 3 4 1 0 4 0 1 4 4 3 2 1 0 1 3 2 0 3 3 1 3 1 4 3 4 2 2
1 2 2 2 0 2 3 0 1 3 4 0 4 2 2 0 4 3 3 3 0 3 1 1 3 3 3 1 2 0 4 3 2 1 2 3 0 0 0 1 0 4 3 0 3 2 2 3 2 3 1 3 1 3 1 0 3 4 1 2 1 2 2 4 1 4 4 1 4 4 0 4 1 0 1 4 3 1 4 0 4 3 0 0 3 2 2 1 3 1 3 0 3 2 4 1 1 0 0 0 4 2 1 0 2 0 2 0 1 3 3 0 1 3 2 4 2 0 2 3 1 2 3 1 4 4 3 0 4 0 2 0 2 4 3 4 1 2 2 2 0 2 4 2 2 1 3 2 1 3 0 4 0 0 1 2 1 1 2 0 3 2 2 0
3 0 1 4 2 0 3 3 4 2 2 2 3 0 1 2 0 1 3 1 3 1 0 4 4 2 4 2 1 3 4 4 4 1 3 1 3 1 1 3 0 3 2 1 1 3 3 1 4 3 4 2 0 4 3 1 4 2 4 0 0 0 0 1 3 0 0 2 2 1 0 2 2 2 3 0 2 3 1 1 4 3 0 1 4 3 2 0 2 3 1 4 4 3 3 2 0 3 1 4 4 3 4 3 0 4 3 4 0 2 0 4 2 2 0 1 2 4 2 1 3 0 3 4 0 1 3 0 4 0 0 0 3 1 1 1 0 4 0 0 1 3 1 0 2 3 2 0 3 1 3 3 1 1 2 3 4 2 3 3 2 0 1 1
3 2 4 4 3 4 1 2 4 3 2 2 1 4 4 4 2 2 4 3 1 3 3 0 1 2 1 0 4 4 3 3 1 2 4 1 4 0 3 3 0 3 0 2 4 4 3 2 4 3 0 0 1 1 0 4 3 1 0 4 0 3 4 3 1 0 2 2 1 0 0 1 0 1 0 0 2 4 2 1 4 4 1 2 0 2 2 0 0 2 2 3 2 1 1 0 4 0 2 0 1 3 3 1 1 1 3 3 0 0 0 4 0 3 3 0 0 0 3 3 4 0 1 2 3 4 4 2 0 2 4 3 2 0 1 3 1 0 3 3 0 0 4 2 4 2 0 4 3 3 4 2 3 0 1 1 2 3 1 2 0 0 2 4
0 3 4 1 3 2 4 1 3 3 3 2 3 0 3 1 3 3 0 3 0 4 2 2 2 3 1 4 0 3 0 1 2 4 4 2 3 1 0 1 1 4 0 4 1 1 0 2 1 3 0 1 2 4 1 1 4 2 0 0 1 0 1 0 1 2 2 4 3 3 3 0 4 0 4 2 1 2 4 2 0 0 1 4 1 2 0 1 4 2 1 0 4 4 2 2 1 0 1 0 0 1 0 1 2 1 3 0 3 3 3 0 0 4 4 1 1 1 4 2 0 2 0 1 1 2 3 0 4 2 2 1 3 4 2 2 0 3 3 4 3 3 4 3 4 1 1 2 2 3 4 0 0 4 1 4 4 2 4 3 4 3 2 4
2 1 2 2 4 2 3 4 0 0 4 4 1 1 1 0 1 2 0 1 4 4 2 3 1 1 3 2 4 0 1 3 2 0 1 3 4 4 3 1 4 2 0 2 0 3 3 3 3 0 0 2 4 4 0 2 3 0 4 4 3 3 3 2 3 4 0 0 0 0 1 2 0 2 1 2 2 4 1 0 2 3 4 1 2 1 4 0 2 0 0 0 3 3 4 2 4 1 4 1 2 0 0 4 4 2 3 2 3 4 4 0 4 4 4 2 2 3 4 4 0 1 1 4 4 0 3 0 2 2 4 1 2 4 0 2 1 3 1 2 0 2 2 4 3 1 3 1 1 3 0 2 4 4 1 1 4 1 3 3 3 2 4 0
2 1 4 0 0 2 2 2 0 2 1 3 0 2 1 4 2 4 1 1 3 4 4 4 0 3 3 0 2 2 0 4 4 2 2 1 4 1 3 4 3 1 0 1 3 3 0 0 2 3 4 2 2 0 2 4 0 0 1 3 4 1 4 3 0 1 1 0 0 4 1 3 3 3 1 3 4 1 1 1 4 2 1 3 2 3 4 3 0 0 1 4 4 0 0 4 4 1 1 4 3 0 4 1 3 1 1 2 2 4 1 4 1 2 2 4 2 2 4 2 2 2 3 1 4 3 3 3 2 4 4 0 4 1 3 0 4 4 4 3 4 0 2 2 4 0 3 3 4 2 0 3 1 1 0 1 4 0 1 1 4 1 3 1
4 1 1 3 3 0 1 4 3 4 1 4 1 0 3 0 4 0 3 1 1 0 2 3 2 3 1 2 1 0 0 0 1 1 3 1 3 2 0 3 1 2 3 2 4 3 4 3 0 4 1 4 2 3 2 4 4 3 3 2 0 3 0 4 1 0 0 0 2 1 0 3 0 0 2 1 3 3 1 4 0 3 3 2 1 2 3 2 2 2 0 3 2 0 2 4 0 4 1 0 2 1 0 4 2 0 0 2 3 2 3 3 0 1 2 3 0 1 1 3 0 3 3 2 0 2 1 2 3 2 2 1 1 3 0 3 3 3 0 3 2 1 4 2 4 3 2 0 4 0 0 1 3 3 4 0 2 2 3 0 2 0 3 3
0 4 3 0 4 0 4 1 1 3 0 1 3 4 3 3 0 3 1 0 3 2 1 0 0 4 2 4 1 1 4 2 2 4 2 3 1 3 4 3 3 1 1 2 0 4 2 0 4 3 3 2 1 4 4 3 3 3 4 4 4 3 3 3 4 1 1 0 1 2 3 0 3 1 2 1 2 4 1 1 2 4 3 0 0 4 3 3 3 2 0 4 2 0 0 1 3 1 2 0 1 2 0 4 4 2 0 3 1 4 0 0 0 0 1 1 0 4 1 0 4 3 1 3 4 1 0 2 0 4 2 1 3 2 2 4 1 0 3 2 1 3 3 1 3 1 4 0 0 1 2 1 4 1 2 0 4 4 3 1 3 2 4 3
2 2 3 3 4 3 3 0 1 1 1 1 2 1 4 4 4 3 3 0 4 0 1 4 4 1 0 4 0 0 2 2 4 2 1 3 0 4 3 3 2 1 0 1 4 1 2 3 4 2 1 4 2 4 0 3 2 2 2 2 4 2 0 3 4 3 3 2 2 3 0 1 0 2 2 4 0 1 0 0 4 1 1 3 2 3 2 4 0 1 1 0 3 1 0 0 4 1 4 3 4 1 1 4 4 3 1 4 2 1 1 1 4 2 4 1 0 3 0 3 0 1 0 0 0 2 2 1 3 1 2 3 3 3 4 4 4 0 0 1 3 2 4 2 1 3 0 2 4 0 2 4 4 2 1 1 1 4 2 0 2 1 0 2
0 1 1 4 4 2 2 2 1 1 2 2 1 2 1 0 0 3 1 1 2 3 2 4 2 1 1 1 3 3 4 3 4 0 4 0 4 1 3 0 2 2 3 3 1 4 4 1 0 0 4 2 0 1 3 4 0 1 1 3 4 0 3 1 2 2 1 4 0 4 1 2 3 4 2 0 1 1 3 3 4 0 0 4 1 1 1 1 2 2 1 2 4 4 3 3 3 4 2 3 1 4 0 1 0 3 3 3 1 4 1 2 4 4 4 0 0 0 4 4 2 2 3 3 2 3 1 0 3 1 1 1 2 1 4 4 1 3 3 0 2 4 4 1 3 3 3 0 3 4 0 2 2 3 2 1 2 1 1 2 2 4 0 4
3 4 3 1 4 3 1 1 3 1 4 3 1 0 1 2 4 1 1 3 1 4 4 0 0 3 4 4 2 4 0 0 1 0 2 2 4 0 1 4 3 0 2 2 2 0 4 4 1 2 2 0 1 2 0 3 2 0 2 4 1 2 2 4 0 1 2 4 3 3 0 2 0 4 4 0 0 0 4 3 2 1 3 4 0 1 4 4 3 4 1 4 1 0 1 3 1 0 4 4 3 4 1 0 4 2 0 4 2 1 2 0 0 3 1 2 4 0 2 2 4 3 3 3 3 4 3 1 4 3 0 4 2 4 2 1 3 2 2 1 4 0 3 1 3 4 3 4 1 0 1 3 0 4 3 3 1 1 4 0 4 2 2 2
3 4 0 1 1 3 2 2 0 2 3 0 3 4 4 0 4 0 0 0 1 3 0 2 1 2 3 1 4 0 0 2 4 0 3 2 3 3 2 0 0 2 0 4 1 4 1 3 4 1 3 3 1 3 0 2 2 0 0 1 2 0 0 3 1 4 1 1 2 0 2 4 4 2 3 3 4 1 1 0 4 1 3 0 1 4 0 4 4 0 2 2 1 3 0 2 2 3 0 1 0 4 0 0 2 1 0 3 4 1 3 4 4 2 1 0 1 1 1 0 2 4 4 3 2 0 2 4 0 2 2 1 2 4 1 1 2 1 1 2 4 4 1 3 1 4 0 4 1 2 2 3 1 1 1 3 3 0 2 4 2 1 0 1
0 3 4 3 1 2 2 2 2 0 0 3 4 2 0 0 4 2 3 0 3 1 3 2 1 2 3 1 0 3 4 1 3 1 1 4 3 3 1 0 3 3 1 2 0 1 3 2 3 3 2 3 0 3 0 3 2 3 4 3 3 4 1 1 0 2 2 0 0 0 1 0 0 4 2 3 2 2 0 0 1 4 0 3 4 1 1 2 1 3 2 2 2 3 3 4 2 3 4 4 0 2 4 1 3 3 1 0 1 1 2 4 2 3 4 2 1 2 1 4 0 0 1 2 0 2 3 2 0 0 1 0 2 2 3 1 0 4 3 3 2 3 4 0 1 0 2 4 3 0 3 3 0 0 3 0 2 1 4 4 1 2 1 1
4 0 4 1 1 4 0 4 2 1 4 3 2 3 2 0 3 3 0 0 3 3 2 2 2 1 1 0 3 4 1 4 4 2 0 1 2 2 0 4 4 1 3 1 4 2 3 4 2 3 1 0 4 3 4 1 4 2 1 4 2 0 3 1 2 3 4 4 1 1 1 2 2 1 3 3 0 3 4 3 3 0 3 2 0 0 0 4 2 4 0 4 1 3 1 3 4 2 0 2 4 1 4 3 4 4 2 4 2 3 2 2 4 1 2 4 1 4 1 0 3 1 0 4 2 3 0 3 0 2 0 1 0 4 0 4 0 2 3 4 0 1 1 1 4 0 3 2 0 4 2 0 2 2 0 1 0 2 4 3 4 1 4 4
2 4 3 2 3 3 1 1 4 0 4 0 0 2 2 0 3 2 1 1 4 3 4 2 0 1 0 1 2 1 2 0 1 0 4 1 0 3 2 0 3 2 0 3 4 0 1 3 2 2 1 3 2 2 0 2 3 2 0 1 4 2 3 2 4 4 3 4 2 1 1 0 0 4 1 1 4 2 1 3 1 2 1 3 0 4 2 0 1 2 3 2 4 3 4 0 3 3 4 0 1 1 1 3 0 2 4 1 1 1 4 2 0 2 0 2 1 2 3 3 4 1 2 0 0 2 0 3 2 1 0 0 4 3 3 1 2 4 2 3 0 3 0 1 1 2 3 2 4 3 2 0 0 0 2 2 4 4 2 3 1 2 0 0
3 0 2 0 4 1 4 0 0 1 3 1 4 3 0 0 2 3 1 4 0 0 3 4 0 0 4 1 4 4 3 2 4 2 3 0 4 4 2 4 2 0 2 1 4 2 4 3 0 2 4 0 2 2 1 4 4 2 2 3 1 1 3 2 3 3 3 2 4 0 3 1 3 0 0 4 0 4 2 0 1 3 3 0 0 1 0 1 4 2 4 2 0 4 0 4 2 0 3 3 2 4 0 0 4 0 1 4 1 3 2 4 3 2 4 3 3 4 4 4 4 1 2 4 2 4 0 2 1 4 0 3 3 0 1 4 2 2 1 0 3 0 4 1 2 4 2 2 0 3 2 4 4 1 1 4 0 1 1 1 2 1 1 2
4 2 4 3 2 0 4 0 2 3 1 4 4 0 3 0 4 2 1 0 3 2 4 0 1 2 3 3 4 0 3 0 4 2 3 1 4 4 1 1 3 0 2 4 0 0 1 4 3 3 0 3 2 1 4 0 4 2 1 0 2 4 0 2 1 0 0 2 2 2 3 2 2 2 1 4 4 3 4 2 1 1 3 0 4 2 1 3 1 2 0 4 3 0 3 1 3 3 3 0 2 3 2 4 0 3 1 4 3 0 4 1 3 2 2 2 1 0 3 2 4 3 3 2 1 3 3 4 2 1 1 1 1 3 3 3 3 4 4 4 4 3 0 4 2 2 1 0 4 1 3 3 0 3 0 1 2 0 2 1 3 3 2 4
3 0 2 3 1 2 2 2 2 3 1 2 2 0 2 2 1 2 0 1 3 3 2 0 3 4 3 2 4 2 3 2 0 1 3 1 0 0 4 2 0 0 4 3 0 4 0 2 3 2 0 1 2 0 3 3 1 1 0 1 4 0 0 4 1 3 0 1 4 4 1 4 2 2 2 4 1 4 1 2 4 4 3 3 4 2 1 0 3 3 1 4 4 2 3 0 0 1 4 1 0 2 3 4 4 2 4 3 4 2 0 3 1 3 1 0 2 0 1 3 3 4 2 2 3 3 0 1 4 1 2 1 3 0 1 4 3 2 2 4 4 4 2 1 3 0 3 2 2 1 0 1 3 0 0 1 3 0 2 2 1 2 3 1
4 1 1 4 3 0 3 0 0 0 1 0 3 1 2 0 3 0 3 1 0 4 4 3 4 2 2 3 4 0 1 3 4 4 3 4 0 1 4 0 4 2 0 4 4 4 1 4 4 0 2 4 1 1 4 0 3 1 0 4 4 4 0 3 3 0 2 0 3 4 0 4 1 2 3 0 4 2 1 3 2 3 0 3 0 4 0 0 1 3 2 0 4 2 0 2 4 4 0 2 0 0 2 2 0 2 4 4 4 1 2 3 4 4 3 1 4 1 2 2 1 1 4 0 0 1 4 4 0 4 3 1 2 2 0 2 0 4 3 1 0 2 2 2 2 0 3 1 1 2 0 2 3 4 4 3 0 4 4 2 3 3 0 0
0 0 4 2 0 2 1 2 0 3 4 2 3 0 0 2 2 0 1 3 1 1 1 1 2 3 0 0 3 1 3 3 1 2 3 3 0 4 3 2 2 2 4 2 2 1 1 2 3 3 0 4 1 3 0 3 1 2 3 4 3 3 0 2 1 0 2 3 1 0 2 3 0 3 2 4 4 4 1 2 4 1 1 0 2 3 3 0 2 3 0 1 2 2 0 0 4 2 0 0 0 2 3 0 2 2 4 1 1 1 0 0 4 3 2 3 3 0 4 0 4 1 3 3 3 3 0 2 3 0 2 3 4 2 3 3 1 2 4 3 0 1 0 2 1 0 0 4 0 1 1 1 2 0 1 0 0 1 4 3 3 3 1 4
2 1 2 4 1 3 4 3 4 1 0 2 1 3 1 2 4 0 0 2 0 4 4 2 0 1 1 1 4 4 0 2 1 3 1 4 1 0 2 3 3 0 0 0 0 4 4 1 4 4 0 1 3 2 3 1 3 1 2 4 1 2 1 4 2 4 0 1 1 4 1 0 4 3 2 1 4 1 3 3 2 3 1 3 0 2 4 0 3 3 0 1 2 3 2 0 0 2 3 3 2 4 0 3 4 2 0 4 3 3 2 3 3 1 1 1 3 2 1 3 0 1 0 4 2 2 1 2 2 4 0 1 0 1 4 0 0 1 4 4 1 3 2 0 4 0 1 4 2 4 3 4 3 3 3 0 2 0 2 1 1 4 2 2
2 4 4 3 2 3 4 4 3 3 1 0 3 2 4 2 3 2 3 1 2 1 3 2 3 2 3 2 2 3 1 1 4 0 4 1 0 0 0 3 3 1 3 3 0 0 0 4 2 3 2 2 2 1 4 2 3 4 4 2 2 2 4 1 4 0 3 4 1 0 0 4 2 0 3 4 0 0 0 0 1 3 2 0 1 3 2 1 2 4 4 0 1 0 3 3 0 3 2 1 4 2 3 3 0 3 4 0 0 0 0 1 0 4 1 1 2 1 4 0 0 3 2 3 3 0 1 1 1 1 2 2 0 2 2 0 0 1 3 3 3 0 4 3 0 3 1 2 4 1 4 1 1 1 1 0 4 0 1 0 3 0 4 3
3 1 1 0 4 4 3 3 1 0 1 1 3 0 1 4 3 0 0 4 4 3 1 3 3 2 0 1 0 4 2 0 2 0 2 1 4 1 4 0 3 3 4 1 0 0 0 3 2 2 2 1 0 4 1 1 3 3 4 0 4 3 0 1 3 3 0 2 1 1 0 4 4 1 2 1 1 4 4 0 1 4 4 3 3 0 1 3 4 1 4 0 4 4 2 3 4 4 2 0 0 4 1 0 0 3 3 3 2 3 1 0 2 0 4 2 0 0 0 1 3 1 4 0 3 1 0 2 2 2 0 2 4 1 4 4 0 3 0 2 1 1 3 0 3 4 4 0 1 1 4 0 3 3 2 1 1 2 0 3 4 0 0 0
2 0 2 2 3 2 1 1 0 1 3 3 0 2 0 2 3 4 4 1 2 1 4 3 3 0 1 4 0 4 0 2 4 2 1 4 1 3 2 3 4 0 3 2 2 3 1 2 3 0 1 2 3 0 1 3 2 4 4 3 3 1 2 4 0 1 3 3 1 0 1 2 2 4 4 1 0 0 4 0 2 0 2 2 2 0 2 0 0 2 0 0 0 4 0 1 0 0 4 1 3 3 4 0 4 0 2 4 3 3 1 0 0 4 0 2 1 2 4 3 1 1 4 2 1 4 3 3 1 4 0 4 2 1 0 2 3 4 3 1 4 0 2 4 1 2 3 2 1 0 1 3 1 2 0 2 3 0 1 4 1 3 4 4
1 1 3 4 0 3 1 1 0 0 0 1 2 0 1 3 0 4 3 2 1 3 4 4 0 2 3 2 0 4 3 3 0 1 3 2 1 4 3 2 4 0 0 3 1 1 3 3 0 2 0 1 2 2 2 3 4 3 0 2 2 3 0 3 1 0 2 4 4 1 1 0 3 2 3 1 3 4 0 1 1 0 4 3 4 2 3 1 2 0 3 4 3 0 4 1 1 2 1 2 0 4 3 3 1 3 0 2 2 2 3 0 2 4 1 4 3 4 0 0 0 0 0 0 2 1 4 3 3 2 3 0 1 1 1 3 1 1 2 4 0 0 4 2 4 2 3 0 2 3 0 4 3 0 4 1 4 0 1 2 2 1 0 4
2 1 4 1 4 1 0 4 3 1 3 4 4 2 4 3 0 0 2 1 2 3 4 1 4 2 1 1 4 1 2 3 2 1 4 1 2 1 2 0 0 0 0 1 2 4 4 0 4 3 3 4 1 2 0 2 1 1 1 0 2 3 4 1 0 0 4 2 2 1 0 2 2 0 3 4 1 4 1 3 4 4 2 2 3 2 0 0 1 1 0 0 1 1 2 1 2 1 1 1 3 3 3 0 3 3 1 1 4 0 4 3 4 3 0 0 3 2 0 4 0 2 4 2 4 3 0 3 0 3 4 3 1 4 0 1 2 3 3 3 3 4 3 0 0 0 0 3 3 2 4 0 4 0 4 0 4 0 3 1 0 4 1 2
3 1 3 2 1 3 0 0 3 0 0 0 1 2 3 4 4 4 1 0 4 1 1 0 3 1 1 3 1 2 0 1 0 1 4 2 4 1 2 4 2 4 4 0 3 4 1 2 3 2 2 3 3 0 0 3 4 2 2 0 4 2 3 0 0 4 4 0 1 1 4 0 2 1 2 0 0 3 2 4 0 1 4 1 4 4 4 3 1 3 0 3 1 3 0 3 3 4 3 1 2 0 3 4 1 0 1 1 0 0 2 0 1 1 3 2 3 0 0 1 3 0 1 1 1 3 0 4 2 3 2 1 0 2 2 1 2 3 0 2 3 2 4 2 1 3 4 1 0 2 2 3 2 1 0 0 4 0 4 4 0 3 0 1
0 3 2 4 3 4 3 2 4 3 1 0 3 2 3 3 4 2 1 4 3 1 4 3 3 1 4 4 1 4 0 2 4 2 1 3 2 0 2 1 0 3 3 3 2 3 3 4 0 1 0 1 3 1 1 3 2 0 2 1 4 2 3 4 2 1 4 1 3 1 4 3 4 4 3 3 2 1 2 4 3 2 0 3 4 1 3 3 1 1 1 3 0 4 2 2 3 1 3 1 4 4 2 0 3 0 3 0 4 1 2 4 0 2 4 1 4 2 2 2 0 3 0 1 0 4 3 0 0 4 1 1 0 3 1 4 1 0 1 2 3 3 3 0 1 2 2 2 1 1 4 2 1 0 3 3 4 3 3 2 4 2 3 0
2 0 4 0 2 2 2 0 3 0 0 1 2 4 3 1 2 4 3 1 4 3 4 1 1 0 0 1 2 0 3 4 2 4 0 4 1 4 1 4 0 4 2 4 3 0 0 3 0 0 4 1 3 3 4 2 0 4 0 2 0 3 4 2 2 4 4 0 3 0 2 0 4 4 0 0 0 2 3 2 3 4 0 3 4 0 0 0 4 0 2 1 3 1 1 0 2 0 1 3 0 3 3 2 4 0 4 4 3 4 3 3 3 4 1 2 4 4 4 0 4 2 2 0 0 3 2 0 3 0 3 0 3 3 4 0 4 3 1 4 2 0 2 2 1 0 0 0 4 4 0 1 3 4 1 1 2 3 1 0 4 1 3 4
4 2 4 0 3 1 4 2 3 3 0 4 1 0 1 2 1 1 3 2 1 1 3 0 0 1 3 1 2 1 0 3 0 2 4 0 0 0 3 3 1 3 4 2 0 0 4 3 3 0 0 1 1 0 2 1 3 0 4 2 3 2 1 0 4 2 1 4 4 1 4 0 4 3 2 1 3 4 4 1 4 2 3 2 4 2 1 3 2 0 0 2 2 3 2 1 0 0 2 0 1 3 2 2 1 2 3 1 1 0 0 2 2 0 4 1 2 2 1 4 3 2 3 0 0 2 4 3 3 3 3 1 2 0 1 0 2 1 2 0 1 4 4 0 4 1 4 1 3 0 2 1 2 0 4 0 2 3 3 2 1 3 4 3
0 2 4 0 3 3 0 0 2 2 2 1 3 1 2 1 2 1 0 1 1 4 1 3 2 1 3 0 4 2 4 0 4 0 0 4 0 2 4 4 1 4 0 4 0 4 3 4 0 0 1 3 4 4 3 3 1 1 0 2 0 1 4 4 3 1 1 3 4 0 2 2 1 4 4 2 0 2 3 2 4 1 0 0 1 1 0 4 2 0 3 3 2 3 4 0 4 0 1 0 3 3 3 4 0 2 3 2 1 2 0 0 0 2 0 3 3 2 2 3 2 1 1 1 4 2 2 0 0 3 1 3 3 4 4 0 3 3 3 4 2 3 1 2 2 1 1 3 0 0 1 2 3 4 4 4 1 3 0 1 3 1 1 1
2 1 4 0 1 2 1 0 2 2 4 4 0 2 4 0 3 0 2 3 4 3 3 3 1 3 1 4 1 3 3 3 1 2 0 4 4 1 4 3 3 3 4 3 3 4 3 1 4 2 1 1 1 4 4 2 4 2 2 0 0 0 0 3 4 2 2 0 3 3 3 3 4 2 3 2 1 1 0 3 4 1 1 2 1 0 4 0 4 3 3 2 0 0 0 4 3 0 4 3 3 4 2 2 2 0 4 0 4 4 0 0 3 1 2 4 3 1 1 3 2 4 0 2 0 2 4 0 2 3 3 1 3 2 0 2 3 2 4 2 3 2 4 1 3 1 0 4 4 4 2 1 0 4 4 2 1 0 2 4 3 1 2 3
3 4 2 3 1 4 2 0 1 1 3 1 4 1 0 4 0 4 2 0 3 3 3 0 3 2 1 2 0 0 2 1 4 2 4 3 1 4 0 2 2 3 3 2 4 1 1 1 0 3 4 4 2 4 1 2 1 4 4 2 4 4 0 0 1 1 3 4 0 0 3 3 4 1 2 0 4 0 2 0 3 3 4 2 2 0 0 3 1 1 2 0 2 4 0 0 1 1 4 3 1 2 1 2 1 3 3 0 0 2 0 4 0 1 3 4 3 0 4 4 4 4 4 3 3 2 4 4 0 0 3 3 3 1 1 1 2 1 3 2 0 4 3 2 2 4 1 1 1 0 0 2 1 2 1 0 1 2 1 1 2 1 1 2
0 2 0 4 0 4 1 0 0 2 2 2 3 0 3 1 1 1 4 2 3 2 4 4 4 3 2 3 4 0 3 1 3 3 0 0 2 4 1 4 1 0 2 1 1 0 2 4 3 1 3 1 3 3 2 4 1 1 0 2 2 3 4 2 1 4 2 1 0 0 0 1 1 4 4 2 2 2 1 0 0 4 2 1 4 1 0 2 3 0 0 0 0 1 4 4 2 1 0 3 2 2 1 0 4 1 2 1 3 0 1 0 4 0 1 4 4 4 3 2 1 3 4 2 1 0 1 4 1 3 4 0 2 0 0 1 1 4 2 1 4 1 4 4 3 0 0 2 1 0 1 3 4 2 2 2 2 0 3 4 3 2 1 2
3 2 4 1 3 3 0 3 1 4 4 0 1 1 4 3 1 1 3 2 3 0 0 1 2 3 2 2 1 3 4 4 2 0 2 1 4 2 4 2 1 0 2 3 1 4 3 2 0 1 0 0 1 0 1 0 0 0 2 1 4 1 2 3 2 0 1 3 4 2 0 3 2 0 1 3 4 1 3 4 2 3 1 0 0 3 0 0 0 2 4 1 3 3 0 2 0 1 0 0 1 3 3 3 3 1 4 4 2 2 0 4 2 1 1 4 4 1 1 2 3 0 3 3 4 3 1 1 2 3 1 3 3 1 3 1 2 2 0 1 4 2 2 3 4 3 2 0 1 4 2 4 1 1 0 2 4 3 4 3 1 2 3 0
4 2 3 3 4 1 2 1 3 4 1 2 0 4 3 1 0 2 3 3 3 3 1 0 1 2 3 4 4 2 1 0 1 2 1 0 3 3 3 3 2 0 3 4 1 3 1 1 0 1 4 4 4 2 4 2 1 4 3 3 3 2 3 4 4 4 2 4 2 0 4 2 2 2 1 3 0 4 1 1 0 3 0 1 2 1 0 4 2 1 2 3 3 2 2 4 4 1 0 3 4 4 0 1 2 4 2 2 3 0 0 1 3 2 4 1 3 0 2 3 1 1 1 1 3 0 0 4 2 0 3 3 4 3 4 3 4 3 3 0 4 3 1 4 1 2 0 4 2 4 4 0 0 0 1 1 1 3 0 0 0 3 3 2
4 4 0 0 3 3 0 4 2 3 3 0 1 1 4 0 2 1 1 3 1 4 1 4 3 3 4 0 4 4 2 3 4 3 3 4 3 1 0 2 4 3 2 2 1 4 3 4 0 1 4 3 0 2 3 0 0 4 1 4 1 3 4 0 3 0 1 4 1 1 1 2 1 1 0 0 0 0 1 2 1 0 0 1 4 0 4 4 2 0 1 3 3 0 0 4 0 1 3 3 4 1 3 2 2 3 2 4 0 3 1 1 0 4 4 4 1 3 1 3 3 2 1 4 2 3 0 0 1 3 3 0 1 3 0 4 1 2 3 3 3 2 1 0 1 1 2 2 1 3 3 2 0 1 3 4 0 3 4 1 3 0 4 4
3 4 3 2 3 4 2 3 1 4 4 4 2 3 3 3 1 1 2 3 3 2 2 3 0 4 1 0 1 0 0 1 1 0 3 0 1 1 0 2 2 1 3 4 4 2 4 2 3 4 0 1 1 3 1 2 4 3 2 0 3 4 1 0 0 2 2 3 0 2 1 4 1 1 3 0 3 4 3 4 3 3 2 0 3 4 4 4 2 3 1 0 3 0 2 0 2 4 3 4 4 1 3 2 0 3 2 3 2 2 4 1 3 2 3 3 1 2 3 3 0 1 3 0 1 3 2 0 4 3 4 3 4 4 0 4 2 0 0 0 4 4 3 2 3 1 1 4 0 1 2 2 2 3 3 1 3 2 1 2 0 1 3 0
0 0 1 0 0 3 0 0 0 0 4 3 1 2 0 3 0 4 0 0 4 0 1 2 3 2 0 3 3 3 0 1 3 4 1 1 2 3 3 2 3 2 3 1 2 3 4 2 4 4 2 4 0 3 1 3 1 3 3 1 1 4 2 2 0 0 0 2 3 3 2 1 2 2 4 1 2 3 4 1 0 3 0 0 4 2 0 2 0 0 3 4 4 3 3 1 0 3 4 4 3 3 2 0 0 2 4 2 2 3 3 2 3 1 2 2 3 4 4 0 0 0 1 1 0 4 3 0 4 4 1 2 2 4 0 4 3 4 3 0 4 3 3 2 4 2 2 4 2 3 2 4 0 0 0 0 0 0 1 1 4 4 4 3
3 4 4 3 0 4 4 4 0 4 3 1 3 0 3 2 1 0 1 1 2 4 2 2 4 0 4 1 4 0 1 0 1 1 3 1 2 4 0 2 0 3 4 4 1 2 1 2 4 3 3 1 4 2 1 0 4 2 1 1 2 3 1 3 1 1 4 3 3 1 1 3 1 2 2 2 4 1 1 3 1 2 4 0 1 2 0 1 4 2 2 1 2 0 1 3 3 0 3 1 3 1 0 0 3 4 4 2 0 1 2 1 0 4 3 1 1 4 4 1 3 3 4 2 0 1 2 4 3 0 0 2 2 2 2 2 4 3 2 4 1 1 3 1 0 1 0 4 2 1 2 0 0 3 4 0 4 1 1 3 2 4 2 1
1 4 0 0 4 2 2 1 4 2 4 1 3 4 2 3 3 4 0 3 3 0 0 4 1 2 4 0 1 1 3 4 2 4 0 2 3 4 3 4 1 4 1 1 4 0 4 2 2 0 2 2 0 2 1 3 1 1 4 4 4 2 4 2 3 1 1 2 0 4 1 3 0 4 4 4 0 4 3 2 1 2 4 3 2 2 1 3 0 2 3 0 2 4 2 0 0 3 4 0 4 3 0 4 2 4 1 4 0 1 3 1 4 4 4 3 2 3 1 2 0 1 2 2 0 1 0 2 1 4 2 2 2 4 4 2 4 0 3 1 3 2 3 4 3 4 2 0 4 1 0 0 2 2 4 0 1 4 2 4 1 2 2 0
1 1 4 2 3 3 4 1 2 4 3 0 0 0 3 0 1 3 2 1 2 3 1 0 3 0 0 1 2 2 1 1 0 3 3 0 3 2 1 0 3 4 2 4 2 2 1 3 2 3 4 0 1 2 0 1 3 2 4 2 1 3 3 1 1 2 1 4 1 0 1 0 1 0 1 0 3 2 4 2 0 0 2 3 0 0 2 3 2 1 0 4 4 1 2 2 0 1 1 1 3 4 3 4 0 1 2 0 3 1 2 0 3 2 1 3 4 3 3 1 1 1 2 1 2 2 3 2 3 2 0 1 3 1 2 3 2 4 0 3 2 0 3 3 4 4 1 3 4 0 1 1 1 4 4 3 3 4 2 1 3 4 4 2
0 3 0 0 0 3 3 4 0 3 2 4 3 4 2 4 1 3 2 4 4 1 4 2 3 1 0 1 0 4 3 3 0 1 3 2 4 1 1 4 4 4 0 4 0 2 4 3 0 3 2 0 0 1 4 3 4 0 4 4 4 0 2 1 1 0 3 0 3 0 1 3 1 1 2 3 0 3 3 0 2 0 2 4 3 2 4 2 4 0 1 3 0 1 2 1 3 0 3 2 2 4 0 0 2 4 0 2 0 3 0 4 0 4 3 3 3 2 0 2 2 4 3 0 2 0 1 0 2 0 2 2 1 4 2 1 1 0 3 3 3 0 2 4 2 2 4 2 1 2 2 0 1 0 0 3 2 2 0 1 2 3 3 0
4 3 1 2 3 2 0 3 4 2 4 1 4 4 1 0 1 3 3 4 0 3 2 4 0 2 0 4 2 1 0 4 4 1 1 2 3 2 2 3 1 2 1 3 1 2 0 4 2 3 3 2 2 2 3 4 1 4 4 1 2 4 0 1 2 3 0 1 2 2 1 4 1 2 4 2 2 4 3 4 0 3 4 4 0 4 3 4 0 2 0 2 3 0 0 1 3 0 4 1 0 0 2 1 4 1 1 3 2 1 0 4 0 4 3 2 0 2 1 1 1 1 3 2 1 4 3 2 1 4 0 3 4 2 0 0 0 3 4 2 4 4 2 4 0 2 2 0 4 0 3 3 2 2 0 0 3 0 2 1 4 2 0 0
1 2 0 1 0 1 1 1 2 0 3 2 2 2 0 2 2 3 2 4 2 2 0 2 4 4 4 3 4 4 3 2 1 0 4 3 4 0 4 1 2 2 1 4 4 1 3 4 1 0 3 1 4 0 3 3 2 4 1 1 0 1 3 3 4 4 1 3 1 3 4 3 0 2 3 2 3 1 1 2 4 1 3 3 4 3 2 1 3 0 4 0 4 4 4 3 4 0 3 0 3 2 1 1 2 4 0 0 2 3 4 1 1 4 2 0 0 1 1 0 3 0 0 2 0 4 2 1 0 0 3 0 0 4 3 2 0 0 4 0 0 4 3 2 0 0 2 0 3 1 0 2 3 1 4 0 2 4 1 4 4 2 2 4
1 0 1 4 3 3 4 3 4 2 0 4 3 0 0 1 3 2 0 1 0 2 2 3 1 0 2 0 2 4 2 1 2 0 0 0 3 4 0 2 3 3 2 3 0 4 2 3 3 2 4 4 4 3 4 0 1 3 1 0 3 3 1 2 3 3 4 4 4 4 1 3 4 0 1 4 1 3 2 0 1 4 1 0 4 0 3 0 3 1 1 3 1 4 0 4 3 4 0 4 1 2 2 0 4 4 0 1 4 4 3 0 3 4 3 0 1 3 2 1 4 0 0 0 0 2 1 0 4 2 4 2 1 4 2 0 3 4 3 2 1 3 0 1 4 0 1 0 3 4 2 2 4 4 2 1 3 0 3 2 2 3 4 0
2 4 3 2 0 3 1 1 2 1 3 1 3 1 4 1 2 3 0 2 2 4 0 0 0 4 0 4 4 1 0 1 0 3 0 3 1 1 4 0 0 4 2 3 1 1 2 3 4 2 2 3 2 3 0 2 4 2 1 3 4 3 1 1 1 1 4 0 4 4 0 4 0 2 0 3 0 2 4 1 4 1 1 1 1 2 0 0 4 4 3 3 2 4 2 1 2 1 1 2 2 1 1 3 1 1 1 3 0 0 0 0 4 1 3 2 0 4 3 2 3 3 0 2 0 4 3 2 1 4 1 3 3 3 1 1 1 0 4 2 2 1 4 3 0 2 1 2 3 1 4 3 4 2 1 1 1 4 4 2 1 0 1 1
0 4 4 4 1 0 3 1 4 2 4 4 1 0 3 0 1 3 3 3 0 4 4 1 1 0 1 4 3 4 2 0 0 1 4 2 1 4 0 2 3 4 1 0 2 2 0 0 0 0 0 2 2 0 3 0 2 1 4 0 0 3 1 3 4 2 2 2 2 2 2 0 3 3 0 2 2 2 0 2 0 0 4 2 2 0 4 0 1 3 2 4 3 3 2 4 3 1 3 0 3 0 2 1 1 0 1 3 4 1 1 4 1 2 3 4 2 2 1 1 2 3 2 0 4 4 4 4 2 3 4 0 3 3 3 1 3 4 0 3 0 1 2 2 3 3 3 3 0 1 4 3 1 1 3 0 2 0 1 4 3 2 1 3
1 4 0 4 1 2 4 1 3 4 0 3 2 0 3 2 1 2 0 3 0 1 0 4 1 2 0 1 4 1 4 2 3 1 4 4 3 3 0 3 4 3 4 1 3 2 1 2 2 3 2 4 4 2 4 0 1 4 3 3 1 0 0 1 1 1 0 2 0 2 2 1 0 3 3 1 3 1 3 0 4 0 4 4 4 0 1 1 0 2 1 3 2 3 4 0 0 4 4 2 3 2 3 4 2 3 0 0 4 0 0 1 0 2 2 4 2 0 2 4 2 0 2 4 4 3 0 1 4 4 0 3 3 3 4 3 4 4 3 3 4 1 1 1 3 3 2 2 4 0 2 1 2 1 1 1 2 3 4 1 4 4 1 0
0 0 3 4 1 1 4 2 2 1 3 2 4 1 0 3 3 2 2 0 0 0 4 2 3 0 4 4 0 2 4 2 3 4 1 1 1 2 4 0 3 4 3 0 0 3 0 0 2 4 3 2 4 4 0 4 4 1 4 4 3 0 3 1 0 4 0 1 4 4 3 4 3 1 4 1 1 2 3 3 1 1 3 3 0 3 2 0 1 1 1 4 2 0 3 4 1 3 0 0 4 0 2 2 2 1 0 0 0 1 1 4 2 4 2 0 4 4 2 2 3 0 1 2 2 1 1 1 4 1 3 0 3 0 0 2 4 0 3 4 1 4 0 1 0 2 3 1 4 0 3 2 0 1 4 0 3 0 1 4 3 4 0 1
0 0 4 4 2 4 0 4 3 1 2 0 3 0 3 2 2 1 1 4 2 0 4 0 0 2 2 0 2 2 2 4 2 3 0 4 2 0 0 2 3 4 2 2 4 2 1 3 3 3 3 2 0 4 0 3 2 2 3 4 4 0 0 3 3 0 4 2 2 0 4 1 4 3 3 1 0 1 4 3 1 4 3 4 4 3 2 1 2 0 2 3 3 4 1 3 4 0 1 1 2 0 2 4 1 2 0 1 1 1 2 4 1 0 3 2 0 0 3 2 3 2 2 1 1 3 1 2 0 2 0 3 0 3 2 1 2 4 4 0 0 1 0 3 3 0 0 3 1 0 2 1 4 4 4 2 4 0 4 2 0 0 2 2
0 4 3 4 0 2 0 2 1 2 1 4 2 3 0 0 1 4 1 0 4 2 3 0 0 4 2 0 1 4 2 3 0 2 3 2 1 0 0 4 2 1 4 4 1 1 2 2 0 0 3 1 3 3 2 3 2 1 0 4 3 4 2 0 3 2 3 1 2 3 1 1 1 2 3 2 3 0 2 3 0 0 0 0 0 4 3 2 2 0 3 0 4 3 3 4 0 3 1 0 3 4 1 4 1 1 3 4 1 2 4 4 2 4 4 4 0 0 2 3 0 2 0 2 0 3 1 3 1 4 0 1 3 3 0 1 0 1 0 3 3 2 2 3 3 2 2 4 4 1 2 1 4 2 3 1 3 2 1 1 3 1 3 2
0 0 3 2 3 1 0 4 3 3 4 3 2 3 2 1 0 1 2 1 1 3 2 4 2 1 2 0 2 2 4 4 0 0 1 0 1 2 4 1 2 0 4 1 4 4 4 1 0 3 2 1 1 1 2 0 2 2 1 2 4 0 1 1 2 3 2 0 2 3 1 1 4 3 2 3 4 3 4 4 1 1 3 0 4 0 0 2 4 3 4 4 1 2 2 3 2 4 4 4 3 2 2 2 2 4 0 1 4 1 3 1 4 1 1 3 3 3 2 3 2 3 4 3 1 1 3 3 1 2 0 4 0 2 3 2 4 0 1 3 1 4 1 0 0 4 0 0 3 0 3 0 3 2 0 1 4 3 2 2 3 2 3 3
1 1 2 0 1 3 1 4 2 2 1 4 2 3 0 2 3 3 4 2 3 4 0 2 4 2 1 2 1 4 2 3 0 0 0 3 3 1 4 3 1 2 4 0 0 4 2 4 0 1 3 3 2 3 2 1 3 3 1 4 4 3 2 4 0 3 4 1 4 0 4 2 2 3 2 2 0 4 1 2 2 1 2 4 0 4 3 3 4 1 2 3 4 2 4 2 0 0 3 1 0 4 4 2 4 3 1 4 3 0 1 0 1 3 2 3 4 2 3 0 3 3 0 4 0 1 1 2 1 4 3 3 0 4 2 0 3 1 4 1 1 3 3 2 3 2 3 0 4 1 0 4 4 3 4 1 4 2 3 3 4 2 3 4
3 3 4 1 4 1 4 0 1 0 4 4 2 2 4 4 4 2 3 0 2 4 2 3 2 0 1 3 4 2 2 3 0 2 4 4 0 4 4 1 1 3 0 3 3 2 4 2 1 0 2 3 4 1 1 3 2 0 1 3 2 1 1 4 0 1 3 0 2 4 1 3 4 3 3 2 0 0 1 3 0 1 3 1 2 0 2 1 2 0 0 1 1 1 0 1 4 3 1 3 2 4 3 3 3 4 1 0 4 2 4 4 3 2 2 3 4 4 4 3 0 4 4 3 3 4 0 4 4 3 3 3 0 1 2 3 0 3 0 1 2 1 2 3 1 0 1 0 1 2 1 1 4 0 2 2 2 4 1 1 4 1 0 4
3 4 4 0 2 0 4 1 1 1 4 2 1 2 0 3 0 1 1 4 3 0 1 0 4 4 4 4 1 1 3 1 0 3 3 4 0 2 0 1 4 2 1 2 4 1 2 4 4 1 3 4 1 1 0 1 3 1 0 4 2 0 2 4 3 0 3 3 0 0 2 1 2 3 3 2 1 1 3 2 2 2 1 3 0 3 1 3 4 1 4 3 2 3 2 2 1 2 3 1 3 0 2 0 0 2 4 3 3 3 0 2 2 1 3 2 0 4 3 1 3 4 0 2 3 2 1 4 2 4 2 0 1 4 2 3 1 2 1 2 0 1 1 4 0 4 1 2 1 1 3 4 1 3 3 1 3 4 0 0 1 2 2 4
3 4 3 1 3 4 3 0 3 0 4 3 1 1 2 2 4 0 3 0 1 1 3 1 3 3 3 1 2 0 0 2 4 0 4 3 2 2 3 0 4 0 0 1 1 2 3 2 4 4 0 0 2 3 1 0 2 4 3 1 1 1 4 1 1 3 1 3 2 1 0 4 1 2 0 4 1 0 2 1 4 2 3 2 2 0 4 1 1 0 3 3 1 4 1 4 4 4 0 3 2 2 2 4 0 2 0 1 0 4 4 4 3 3 3 1 0 0 2 3 0 0 3 3 1 4 2 0 0 2 4 3 0 3 4 2 1 4 0 1 4 0 2 2 0 3 0 2 3 3 0 0 0 4 3 2 0 0 4 3 3 3 1 0
2 0 2 0 1 2 3 2 2 2 2 4 0 2 1 3 0 2 0 1 3 3 0 0 4 4 3 4 0 1 4 4 1 1 4 0 3 4 2 3 1 4 2 4 2 4 4 4 3 0 0 3 3 0 0 2 2 4 1 2 0 0 1 4 3 0 4 4 1 3 2 2 3 1 1 2 2 1 1 0 1 2 0 1 4 1 4 1 2 2 3 4 0 4 3 3 1 4 2 2 3 1 2 3 3 0 0 0 3 1 3 1 0 3 3 2 1 4 3 3 1 4 3 1 0 3 2 4 3 4 3 3 1 0 3 4 3 3 1 1 1 4 0 4 0 3 1 1 2 1 0 0 2 0 2 0 3 1 4 3 0 2 3 3
0 1 4 0 1 1 1 0 2 3 4 2 1 2 4 0 0 1 3 3 3 2 3 1 3 2 2 3 1 0 4 3 4 3 3 0 1 2 2 4 0 3 1 4 0 2 1 1 0 4 4 0 1 4 2 4 3 1 0 1 1 4 0 2 4 0 0 1 2 2 2 0 1 0 1 1 0 2 4 0 4 0 1 2 4 0 4 2 1 4 4 4 0 1 2 4 1 2 2 4 1 4 1 2 0 2 1 0 1 0 2 0 1 0 0 0 2 4 0 3 3 1 0 0 2 4 1 3 1 4 4 2 0 0 2 0 4 3 2 3 0 0 0 1 2 0 4 0 4 1 0 4 2 0 4 4 4 1 4 2 2 4 2 2
1 4 0 3 4 2 1 4 4 1 3 2 2 2 4 1 3 4 1 0 2 2 1 1 3 0 1 2 4 3 0 3 2 0 1 3 4 2 2 4 3 0 3 2 4 4 4 4 3 2 4 2 4 2 4 0 3 2 2 4 0 2 4 4 4 0 2 4 4 1 0 0 2 0 2 3 4 1 3 4 0 4 2 0 2 3 2 2 0 4 1 0 4 3 1 3 3 3 4 0 4 4 0 3 4 2 4 0 1 2 2 1 1 4 3 0 2 0 2 4 0 1 4 4 4 2 4 4 0 4 4 1 3 4 2 0 2 1 2 0 0 4 1 3 3 2 4 2 2 3 1 4 1 2 3 0 4 3 2 1 4 1 0 2
3 2 4 2 0 2 2 0 3 0 3 2 2 4 1 0 0 0 4 1 2 0 4 4 0 1 0 4 4 2 3 4 4 3 1 1 2 0 1 0 1 2 4 0 3 1 2 3 1 4 0 0 1 4 4 1 2 2 2 1 4 0 1 1 0 4 2 2 0 1 0 3 0 4 0 3 2 3 4 3 4 1 1 0 0 2 1 4 4 0 2 1 0 0 4 3 0 3 0 2 4 2 2 4 2 2 0 1 2 1 2 1 2 3 1 2 0 4 3 2 4 0 0 0 1 4 0 3 2 0 0 4 0 4 0 4 1 0 0 4 1 2 2 0 0 4 4 3 3 2 0 0 3 0 2 1 1 2 4 3 2 1 4 4
0 0 3 3 2 4 2 1 1 2 1 4 1 1 2 1 3 4 1 3 1 3 4 2 0 0 2 0 1 2 4 3 4 3 2 1 4 1 2 2 3 4 1 1 0 0 3 0 4 4 4 0 0 0 4 0 3 4 0 1 3 2 0 2 2 2 3 1 0 1 3 1 0 2 2 2 2 0 2 4 2 3 1 2 1 1 4 4 2 0 0 0 4 0 2 1 4 0 2 2 3 2 3 0 4 0 4 4 3 4 3 0 2 4 4 0 2 3 4 4 0 2 4 4 4 3 2 4 1 1 3 4 4 1 2 0 3 1 4 1 0 4 3 3 4 4 0 3 3 0 3 0 2 4 2 1 3 1 2 4 3 2 0 4
3 2 1 4 4 3 0 1 2 1 1 3 0 2 2 0 2 2 3 1 1 2 4 1 3 4 2 1 1 3 2 0 2 4 1 3 2 3 0 1 4 1 0 2 0 4 4 2 1 4 0 2 1 0 4 0 4 3 3 0 3 1 2 1 2 0 1 4 4 3 0 3 2 2 2 2 1 4 2 2 0 2 2 2 4 3 4 0 1 4 3 0 2 2 3 4 3 4 3 2 0 1 2 2 0 2 1 2 1 3 1 1 3 3 0 4 3 1 0 0 1 0 2 3 2 0 3 0 1 3 4 3 1 2 0 2 1 2 1 4 2 4 2 0 0 3 2 3 1 2 0 2 4 2 3 1 4 1 4 3 1 0 1 0
4 4 2 0 3 0 4 0 4 2 3 4 2 0 0 3 4 0 1 3 3 4 1 4 2 2 2 0 3 1 0 2 0 4 3 3 4 2 0 1 1 3 0 3 0 0 2 4 3 3 4 3 4 3 2 3 0 2 3 3 0 4 3 0 3 1 0 0 0 2 1 2 3 3 0 3 4 2 0 4 2 1 2 1 4 1 1 0 3 0 0 3 4 3 0 4 4 2 4 2 2 0 4 0 4 1 3 0 4 0 4 3 2 3 2 1 4 3 3 3 3 4 3 4 4 1 4 1 0 0 3 2 1 4 2 2 0 3 4 1 3 0 0 0 3 2 4 2 0 2 2 1 3 3 0 0 4 1 1 1 2 4 1 0
0 3 2 0 3 1 4 2 1 4 4 1 3 3 3 3 3 1 4 3 4 2 3 0 3 1 3 0 0 4 0 2 0 2 0 3 0 4 2 3 3 2 4 1 2 0 1 2 1 3 1 2 0 1 4 3 3 2 4 0 2 4 3 2 4 3 0 1 2 3 2 2 2 3 0 4 3 1 2 4 1 0 3 1 1 2 0 1 0 1 2 4 2 0 1 3 0 3 0 4 3 4 3 0 2 3 2 1 1 4 2 3 1 3 1 4 0 1 1 2 4 3 1 2 0 2 0 2 3 2 1 1 1 4 2 1 4 1 2 0 0 1 0 3 4 2 2 2 0 3 4 0 1 1 2 3 0 4 0 3 4 3 0 0
2 4 3 1 0 2 4 2 4 4 0 0 1 4 2 2 3 2 2 1 0 1 0 0 2 2 4 1 1 1 4 0 0 2 2 2 0 1 4 1 2 1 1 4 0 4 3 0 3 2 2 3 3 4 3 2 1 4 4 4 0 3 0 2 2 2 4 2 0 0 3 4 1 2 3 4 1 1 4 4 3 1 4 3 2 4 1 4 4 2 3 1 2 3 4 4 2 0 4 4 1 4 4 4 1 4 0 4 3 0 0 3 3 4 2 1 4 0 2 0 4 2 3 1 3 4 0 2 0 1 2 3 1 3 4 4 4 0 4 2 0 4 1 0 1 0 1 2 2 3 2 1 3 0 2 1 2 4 3 2 3 2 2 4
2 1 0 2 1 4 4 1 4 2 4 0 2 0 2 4 1 1 2 4 3 1 2 0 1 0 4 4 0 1 0 2 3 0 4 4 2 1 3 3 3 2 0 1 4 4 2 2 0 2 1 0 3 0 3 4 3 2 0 3 1 2 2 4 0 2 0 2 3 0 0 3 4 0 1 4 1 1 3 3 3 2 3 1 2 1 3 0 1 0 0 2 0 3 3 0 0 0 4 0 1 4 0 2 1 2 3 4 3 2 2 3 4 0 4 1 4 4 4 2 0 4 4 0 2 4 2 4 4 1 1 2 2 2 0 0 1 3 4 4 2 1 2 1 1 3 0 2 3 4 4 0 3 0 0 3 1 4 2 1 0 1 0 2
3 2 2 1 3 1 2 0 4 4 2 2 4 2 0 4 3 1 4 1 2 1 1 3 0 4 1 0 2 4 4 2 1 1 3 4 4 0 0 3 1 4 1 0 3 3 0 1 4 1 4 3 3 1 4 0 2 2 1 4 1 0 1 3 4 1 4 0 1 4 4 4 3 2 4 3 0 1 4 1 3 1 2 3 2 1 3 1 0 1 2 2 4 0 2 3 1 1 3 4 3 4 3 3 3 2 2 3 1 3 2 1 4 4 1 3 2 4 4 2 1 3 1 2 3 3 0 4 2 0 3 0 0 1 3 3 1 0 4 4 4 3 0 0 4 1 4 3 2 0 0 0 4 4 2 4 4 4 4 1 0 4 1 2
3 0 2 1 2 1 0 3 1 2 4 0 0 0 3 2 0 1 0 1 0 2 1 1 2 2 3 4 1 1 1 1 1 3 2 1 2 2 4 3 4 0 1 4 0 4 4 3 2 4 1 4 3 2 1 0 1 4 1 3 0 2 4 4 3 2 2 0 1 3 3 1 1 1 2 1 3 1 1 0 2 3 0 1 2 3 3 4 4 0 4 1 2 0 2 0 4 4 2 1 0 3 4 1 4 1 4 2 0 1 3 4 1 0 0 0 0 4 4 4 1 0 0 0 1 3 3 0 4 0 1 1 3 2 2 3 1 2 2 1 0 2 0 3 2 3 3 2 4 0 3 0 0 4 0 1 4 0 4 0 1 2 2 1
0 1 1 1 0 4 4 2 1 1 0 1 4 1 3 0 1 2 0 3 3 3 2 4 3 1 4 1 3 3 3 3 0 4 4 2 0 0 0 2 2 0 3 1 3 3 4 4 2 4 0 2 4 2 1 0 3 3 3 1 3 3 2 0 0 3 3 0 4 3 2 1 0 2 4 1 3 3 2 2 0 2 0 1 4 3 3 2 1 2 1 2 0 0 2 0 3 2 1 4 2 0 0 3 0 2 1 0 2 3 2 2 1 2 4 0 1 4 0 4 1 3 1 4 3 1 1 3 3 2 3 1 0 0 1 2 4 2 2 2 0 1 4 1 4 0 4 2 0 4 1 3 4 0 4 2 1 1 2 1 0 2 2 0
3 3 4 2 0 3 1 3 0 1 4 1 3 3 3 0 4 1 1 3 3 0 2 1 1 2 3 2 4 0 4 4 1 1 4 3 4 0 1 1 3 3 2 4 3 2 4 0 4 2 3 2 3 3 4 1 0 4 3 1 4 3 1 2 4 0 1 0 0 4 2 4 2 4 3 1 4 4 1 3 2 1 2 2 1 3 3 3 2 2 0 4 2 1 1 3 3 2 0 3 2 2 4 1 4 2 4 3 4 2 3 3 4 0 0 2 1 3 1 3 2 3 2 1 1 1 4 4 0 0 2 4 4 2 1 3 1 0 3 2 0 1 0 4 4 0 3 0 1 1 0 3 4 0 0 0 1 1 4 3 1 4 3 1
3 4 1 1 1 2 4 1 3 4 2 4 2 3 1 3 4 2 3 4 4 3 1 2 0 3 0 3 2 3 1 0 4 0 3 3 2 2 1 2 4 1 2 1 4 3 1 3 2 4 4 1 0 1 3 0 4 1 0 1 4 2 3 4 4 1 4 1 1 0 3 0 1 2 3 0 3 4 1 0 0 0 4 0 1 4 2 2 0 3 0 0 2 3 1 1 2 0 4 3 2 2 0 4 2 3 1 0 4 2 0 4 3 1 0 1 1 2 4 1 2 4 3 4 0 1 2 4 1 1 4 4 4 4 0 3 4 1 3 0 1 0 4 4 2 1 2 3 1 1 1 3 3 2 3 0 3 0 1 2 4 0 3 0
1 3 3 0 1 1 0 2 1 1 3 3 3 1 3 4 2 2 4 2 4 4 4 2 2 0 1 1 0 4 1 3 2 4 3 1 0 0 3 3 4 2 2 4 0 2 0 2 4 4 2 0 4 1 0 1 4 1 2 4 1 3 3 0 2 3 1 4 1 2 2 2 1 1 1 1 4 1 0 0 0 2 3 4 1 3 2 0 1 4 1 4 2 1 0 1 2 3 2 3 0 0 0 3 1 1 4 2 4 0 3 4 4 3 1 2 1 3 4 4 3 1 4 2 4 4 1 1 4 3 1 2 3 1 0 2 4 0 4 0 2 4 0 3 2 3 1 0 3 0 0 1 3 4 1 0 0 4 1 4 4 3 1 0
1 4 2 3 1 3 3 3 3 0 1 2 0 4 3 4 2 3 2 2 4 0 2 4 4 4 3 4 4 2 1 2 1 3 2 2 1 1 2 1 3 0 1 1 2 4 0 4 4 2 1 0 0 1 4 4 2 4 0 1 3 1 3 4 1 1 3 0 4 2 1 4 0 4 0 2 3 2 3 4 2 4 4 2 2 0 3 4 0 4 0 0 2 1 2 1 4 0 1 0 0 4 1 0 4 4 2 4 1 0 4 3 1 0 0 4 1 1 3 3 0 1 3 4 4 0 0 3 3 3 0 0 3 1 0 2 0 4 1 2 1 2 2 2 0 0 3 1 1 4 1 3 2 4 2 1 2 0 1 2 3 1 2 3
2 2 0 0 3 4 2 4 3 1 3 3 1 4 4 2 3 2 2 2 4 2 3 1 2 1 0 2 2 2 1 1 1 3 1 4 4 3 3 3 2 1 1 3 2 3 3 2 0 0 4 4 4 4 2 1 0 2 1 4 1 4 1 2 2 2 1 2 3 4 2 0 3 3 0 2 3 3 0 4 1 4 0 0 1 0 4 1 4 2 1 1 1 4 3 0 1 2 4 1 3 1 3 1 2 4 1 0 4 1 1 2 0 2 3 1 4 4 0 0 3 3 1 1 2 2 1 0 4 3 2 2 4 0 1 1 1 2 4 1 0 0 3 0 2 3 4 3 4 1 4 2 4 2 3 3 4 2 3 0 0 2 0 1
0 1 3 1 0 2 2 0 2 3 2 2 3 3 2 3 1 3 2 2 1 1 0 2 0 1 3 0 0 3 1 0 1 1 2 3 0 1 0 0 4 4 4 3 3 1 3 1 0 0 4 3 3 1 0 3 2 0 3 3 0 2 3 1 3 2 1 1 4 3 1 3 3 0 3 3 3 1 4 0 4 3 3 2 0 1 1 2 1 1 2 2 3 3 0 4 0 2 0 1 0 3 2 0 3 0 3 3 4 3 4 3 1 4 0 1 0 3 1 2 0 0 4 0 3 1 4 1 3 1 2 1 4 1 1 4 2 2 0 3 0 4 1 1 3 3 0 1 2 1 3 4 3 4 4 4 0 1 2 1 4 1 4 4
3 2 0 2 4 0 0 4 1 3 3 2 1 3 3 0 1 3 4 4 4 4 0 1 2 2 4 1 4 0 2 2 3 3 4 4 0 4 1 2 2 4 4 0 4 4 1 0 4 2 1 3 1 2 4 0 4 1 2 0 1 4 2 1 2 1 1 0 2 2 2 1 3 3 4 2 2 0 4 1 2 2 1 1 4 2 1 1 3 0 1 2 0 1 3 4 2 4 4 2 3 1 0 3 1 4 2 3 4 1 1 4 4 4 2 0 2 0 3 2 1 2 4 1 3 3 0 2 4 2 1 0 3 2 3 0 1 3 0 3 4 4 2 0 3 1 3 2 1 3 0 4 0 4 2 0 4 0 3 4 2 4 1 0
1 4 2 0 4 0 3 4 4 0 1 4 3 4 2 1 3 2 1 0 1 3 1 3 3 1 2 0 0 3 3 4 4 2 4 4 2 2 0 3 4 3 3 2 0 0 0 0 2 1 0 0 0 1 0 0 2 2 1 0 2 1 1 4 3 2 0 3 1 2 3 0 0 1 4 0 3 4 0 2 3 3 0 3 4 0 0 4 3 3 1 2 4 4 3 0 1 3 0 2 2 3 4 3 0 3 0 0 4 1 3 2 4 3 2 0 3 0 1 3 3 4 3 3 3 1 0 4 2 0 1 4 0 0 4 2 0 0 3 2 3 1 1 4 4 1 4 4 1 3 3 4 2 1 4 1 4 1 0 1 1 4 3 4
1 2 1 4 4 4 1 2 0 4 1 1 0 3 1 3 3 1 3 0 4 4 3 3 1 1 0 4 0 0 3 3 2 0 2 2 1 0 1 2 0 0 0 0 3 3 1 1 4 4 3 3 0 2 2 3 3 4 3 0 4 3 3 3 0 1 2 2 1 1 1 3 1 1 1 1 0 2 4 1 3 2 2 3 4 1 2 4 0 2 4 1 0 0 1 1 3 1 0 4 2 1 0 3 4 1 4 1 3 3 3 1 2 0 1 4 1 3 3 3 2 0 1 3 0 4 1 0 0 1 1 2 2 1 2 1 2 1 0 0 1 3 3 4 0 0 3 3 0 3 3 3 3 4 3 0 0 1 0 1 2 2 3 1
3 1 4 3 4 4 0 3 4 4 2 4 1 2 2 3 2 2 3 1 3 3 3 4 4 1 0 3 0 0 4 0 3 1 3 3 2 1 3 2 2 2 1 3 4 1 3 3 3 4 4 4 2 0 3 4 3 3 2 3 3 4 3 2 0 4 2 2 0 2 1 2 4 0 2 0 1 2 3 1 1 0 0 1 2 0 0 0 3 2 3 4 1 3 3 3 4 2 3 1 4 4 0 3 4 4 0 2 2 3 1 0 0 3 1 2 4 1 2 4 4 2 3 2 3 1 3 2 3 1 1 4 2 1 4 4 1 4 1 0 0 4 0 0 0 4 3 4 0 2 3 1 2 2 1 0 0 4 2 1 2 0 0 4
2 0 3 0 1 2 0 1 1 2 4 1 1 4 2 2 3 3 0 0 2 1 0 2 0 0 0 2 0 1 4 2 3 2 4 1 1 4 3 0 2 4 3 0 0 1 2 3 4 0 4 3 1 4 0 4 4 1 1 2 4 2 1 4 2 1 0 3 2 0 3 1 4 4 2 4 0 1 0 1 1 4 4 3 3 1 2 0 4 0 4 0 0 0 4 2 1 0 0 4 2 1 0 2 0 4 3 2 1 3 3 2 4 4 2 0 2 1 2 4 4 1 4 4 1 1 1 0 3 1 4 0 4 1 4 4 1 0 1 4 0 1 1 0 2 1 0 0 2 2 1 1 3 0 0 1 1 3 1 1 2 2 2 1
1 1 1 2 3 4 3 4 3 4 4 0 2 1 2 0 0 3 3 0 1 1 1 4 4 3 1 1 2 3 0 3 1 1 2 2 2 0 1 0 2 2 3 4 3 0 1 0 1 0 0 2 3 1 1 2 1 4 1 1 4 1 4 1 4 2 3 1 4 1 4 3 3 2 3 3 4 4 3 0 1 3 4 4 1 1 4 0 2 2 1 2 3 0 0 4 4 3 2 1 1 3 4 4 0 4 4 2 1 2 4 2 2 4 4 0 2 0 0 4 4 1 1 2 4 1 3 0 1 0 1 2 1 3 3 1 2 2 0 3 1 0 3 3 1 4 1 3 4 1 2 3 0 1 2 1 2 2 1 1 4 0 3 0
3 4 4 2 1 4 1 0 1 4 0 2 3 1 0 4 0 0 4 0 1 3 3 0 0 1 1 4 1 2 0 1 1 4 4 4 0 2 4 2 3 0 4 3 1 2 4 3 2 3 3 0 1 3 0 3 0 2 2 1 4 4 0 2 0 1 1 1 0 1 3 3 3 4 3 4 3 2 0 0 2 3 2 3 4 3 1 4 2 0 2 3 0 2 0 0 0 3 3 0 4 3 0 2 3 3 4 1 2 4 4 4 4 1 4 3 1 2 4 3 3 2 1 0 1 3 2 2 2 1 4 3 4 2 3 4 2 4 3 0 0 4 1 1 0 1 2 2 3 1 2 3 3 1 0 0 1 0 4 3 3 0 4 2
2 4 4 2 3 4 4 0 3 0 1 3 1 0 2 2 2 2 2 2 3 3 4 4 0 0 0 3 1 1 2 0 0 1 2 0 0 1 0 0 4 3 1 2 4 0 1 1 2 4 0 2 4 0 4 4 0 1 2 3 2 4 4 2 3 3 4 0 2 4 1 1 2 2 0 1 2 2 4 2 1 0 4 2 2 3 1 4 4 0 3 3 1 4 0 4 2 4 0 1 0 3 4 0 2 0 1 1 2 3 3 0 0 3 2 4 3 0 3 0 0 1 3 3 2 4 3 2 0 0 3 3 0 0 3 2 0 1 3 2 1 4 2 1 4 1 0 2 1 1 2 3 4 1 1 2 2 1 4 4 3 4 2 3
4 2 2 4 4 1 3 0 2 2 4 1 0 1 3 3 2 3 1 2 4 0 1 3 3 2 2 2 3 2 0 3 4 3 4 0 1 0 3 3 4 2 4 0 0 4 3 3 2 2 2 3 4 0 1 2 2 1 4 2 0 2 0 1 2 2 2 3 4 2 3 3 4 4 0 4 3 4 4 3 3 3 1 2 3 0 4 2 1 1 0 3 3 2 4 0 1 3 0 0 0 3 1 4 4 1 1 4 2 2 2 0 1 1 4 1 1 1 4 4 2 1 2 0 0 3 2 2 2 2 2 2 2 0 2 3 2 0 2 4 2 2 2 0 3 3 2 1 4 3 2 1 4 4 3 1 2 2 3 4 1 3 2 3
3 1 3 0 3 1 2 0 3 1 1 3 4 3 1 4 3 3 2 4 4 3 0 1 0 4 3 2 4 2 2 2 0 1 0 3 4 2 0 4 0 1 2 4 1 3 0 1 1 0 0 0 0 1 3 0 2 3 4 1 2 4 0 4 0 0 2 4 4 0 0 4 1 2 1 0 2 3 3 0 0 4 2 0 2 0 3 4 1 2 2 0 3 2 0 3 3 4 4 4 4 4 4 3 3 2 0 0 2 3 0 3 2 2 3 4 0 3 0 3 3 2 3 1 2 0 2 2 0 1 1 4 3 2 2 3 4 2 4 4 1 1 2 0 1 2 2 3 3 2 3 1 2 3 2 1 4 4 3 4 3 4 0 3
4 3 1 3 2 2 4 0 1 1 3 4 1 0 4 4 4 2 0 3 0 4 4 1 1 4 2 4 4 3 2 0 3 0 3 2 0 0 3 1 1 1 0 4 3 4 0 4 3 2 3 0 2 4 2 3 4 4 4 0 4 3 0 2 3 0 0 3 0 0 1 4 3 1 0 1 2 1 0 2 3 0 3 0 0 2 0 1 3 4 3 3 2 3 2 3 0 4 1 3 4 3 2 2 1 4 0 1 0 3 3 1 3 3 3 0 2 4 3 1 0 1 1 3 1 0 3 2 0 4 0 4 4 4 4 3 3 1 1 1 4 4 2 0 0 0 2 2 4 3 0 0 4 3 0 3 4 3 0 1 4 2 2 1
