5 166 13
941041877 298154519 655447705 424554200 522565570 996706258 997719725 716454845 325358815 999598915 56456153 24835739 1194814862 245142857 922066373 111607620 309597423 1045957907 678298886 523868064 1116441736 908684433 425511924 1113195899 348406636 148432848 904869061 147902139 625205691 934633143 92497091 185841183 348759548 920561200 190546178 521168280 613745508 1097391407 1196387104 125325687 550356396 316109929 9558040 108129800 771461934 1080107934 78409788 377018607 287639391 271975089 835078107 134182330 921403655 1130794176 1080932998 576590633 580187476 299451944 209972916 713538163 426577250 69548931 773684975 281136341 969238272 636361017 168974489 892353767 952593441 346595044 1089074494 497534749 749808724 422026678 212044259 134203875 843062788 1133196253 238731492 971432848 862878157 384858441 708643621 768193128 961333681 195968831 1000488780 918835419 530752589 1109174280 987395151 773624280 558441067 341220149 653962106 498759188 1196827862 1056695773 1032108327 805606453 1213391381 374945751 122651769 936975898 720198539 972745498 572671992 1031842365 1110966459 490139241 365717130 1029693185 1145984964 611757043 704739229 219337002 1199396278 284474111 128323960 76382526 356992028 898386487 99784490 165701022 209764070 110137914 333429333 371521877 195745338 624048349 1165288583 628537762 605694128 181589600 466784920 1088153403 272868447 1045995172 537204791 179211767 438799242 738421718 821698033 137177391 1168530766 167417612 439535172 631542640 177022726 564490162 791176726 876406276 513150620 1078166415 185456725 854859955 244215537 230472126 526253482 271535919 665339556 60529540 182206353 482912386 1026446338 906117230
2 1 4 4 4 1 2 0 0 0 0 0 2 0 4 1 3 0 1 0 4 3 0 0 0 1 3 0 3 1 2 1 2 1 0 4 4 2 4 0 4 1 2 1 1 1 2 0 3 0 2 3 1 0 0 1 3 0 3 1 2 0 2 1 3 4 0 2 3 1 4 3 2 2 1 1 0 1 3 4 3 2 2 4 2 4 0 0 4 0 4 3 0 3 0 0 3 2 3 1 1 4 1 0 3 3 1 4 4 1 3 2 4 2 4 3 1 1 1 0 2 0 4 4 3 1 0 3 0 3 2 1 4 3 4 3 3 0 2 4 4 2 2 3 4 3 1 0 4 2 2 1 4 3 1 0 4 1 3 2 1 0 3 0 4 4
0 4 0 2 4 1 1 3 4 0 1 2 0 0 2 3 2 3 3 0 3 3 1 2 2 4 2 2 1 3 2 2 3 4 1 4 0 3 2 1 3 3 3 1 0 2 1 4 1 4 4 4 4 2 3 1 1 1 1 0 1 3 2 4 2 0 0 2 0 2 3 1 2 3 2 3 3 0 2 4 1 2 0 3 1 4 1 0 2 2 0 3 0 4 0 4 4 0 1 2 3 1 3 0 2 2 0 0 2 3 1 0 2 1 3 0 2 0 0 4 2 0 0 0 1 0 4 3 2 3 0 2 4 3 0 3 0 0 3 4 0 1 4 2 0 3 3 2 0 0 4 2 3 4 4 4 1 4 2 3 2 4 1 3 2 1
2 4 3 2 0 4 4 2 3 4 0 3 3 2 4 2 1 2 1 1 3 2 0 1 3 2 0 1 2 0 2 1 1 2 4 2 1 0 4 2 1 1 2 4 0 1 4 1 0 2 2 4 2 2 2 0 1 4 1 4 4 0 2 3 2 1 0 1 3 1 0 4 4 2 1 4 1 2 0 1 4 3 2 1 2 4 3 4 4 4 0 0 4 2 3 4 1 0 2 4 1 2 1 0 1 4 1 2 1 2 4 0 2 3 4 4 3 2 0 4 4 2 1 3 2 0 4 3 0 3 4 4 2 0 1 4 1 3 1 2 0 2 0 4 1 1 3 1 3 4 2 2 1 3 3 3 3 4 3 1 3 3 0 0 0 1
1 4 1 3 1 3 2 3 2 0 4 1 1 0 2 0 4 0 4 2 1 4 4 4 0 4 4 2 4 2 1 1 1 2 1 4 1 3 0 0 1 1 1 2 1 0 3 3 1 4 2 4 3 1 3 4 0 0 3 2 4 4 0 2 2 1 3 0 1 3 0 2 2 4 2 3 1 2 3 2 1 1 1 4 2 2 0 0 4 4 2 3 0 2 0 2 0 0 4 3 4 0 3 1 1 0 1 2 4 0 2 0 1 0 1 0 2 4 0 3 0 2 3 0 1 0 0 3 1 4 2 0 1 0 3 2 2 1 2 1 1 4 3 4 4 1 2 4 0 2 4 0 2 3 3 0 3 3 4 4 2 1 1 1 3 4
3 0 1 2 3 4 1 1 4 3 2 3 4 0 0 3 2 4 1 0 0 2 3 1 1 3 2 3 4 2 4 4 2 0 4 0 2 0 3 3 0 0 1 1 2 1 2 0 3 0 0 3 2 1 4 4 1 3 4 2 0 3 3 4 1 2 1 3 0 1 3 2 3 4 4 1 2 1 1 0 1 3 0 1 1 1 2 2 4 1 1 1 1 0 2 4 2 0 4 4 1 2 2 0 1 1 3 4 4 4 1 2 4 2 0 1 3 2 0 0 0 2 1 4 4 1 3 3 1 0 3 0 2 0 0 1 3 0 2 4 4 3 3 3 2 4 1 1 1 2 1 2 4 4 1 3 0 1 1 4 1 1 4 1 3 1
2 1 1 1 2 2 1 1 2 4 0 4 0 1 1 3 0 2 2 3 2 0 0 0 4 3 2 0 1 0 3 0 4 1 1 1 3 3 2 0 2 2 4 4 1 2 2 3 4 1 2 1 3 4 4 4 4 1 4 1 3 4 1 2 0 3 4 3 3 3 1 2 3 0 3 4 0 2 2 4 3 1 3 2 0 2 1 0 0 3 3 3 2 4 3 3 4 2 3 4 2 4 1 0 2 4 1 2 3 1 3 2 4 1 1 0 0 4 2 0 4 0 1 2 1 4 2 1 3 0 0 0 0 4 3 2 0 1 1 4 2 4 1 4 1 4 1 3 3 3 1 3 0 2 2 1 1 4 2 4 1 0 1 3 4 1
0 4 3 1 3 2 1 1 1 4 0 2 2 1 2 3 1 2 2 0 1 0 1 3 4 2 0 3 1 4 4 3 4 4 2 4 2 0 1 0 4 3 3 3 1 0 4 4 0 1 4 1 2 2 1 3 0 2 3 3 3 0 1 4 4 3 4 3 3 2 4 4 2 2 0 4 4 4 0 4 2 0 2 1 4 4 2 4 1 2 2 4 2 1 1 4 1 0 2 2 2 1 1 4 0 3 0 0 4 1 1 4 3 4 2 2 3 1 4 1 4 3 2 3 4 3 2 3 0 2 0 4 3 3 4 4 4 1 1 3 4 2 2 2 1 0 2 1 3 1 4 2 1 4 3 3 4 0 1 0 4 3 4 3 3 0
4 2 2 2 1 3 4 0 3 3 2 0 1 1 3 3 0 4 2 3 4 1 1 0 1 0 0 3 0 4 3 4 1 2 3 4 1 3 2 4 3 4 1 4 2 1 2 3 2 1 1 2 3 2 4 1 0 0 4 0 1 0 2 4 2 0 4 0 0 3 1 3 4 2 0 2 0 4 0 3 1 3 0 1 3 4 2 3 1 2 0 2 2 2 2 1 0 3 4 0 1 0 1 0 0 1 4 0 0 4 3 3 0 0 4 0 2 2 0 3 1 0 1 0 0 0 1 0 3 0 2 1 3 3 1 3 4 1 0 2 2 1 0 4 1 0 4 3 2 4 2 0 2 0 0 2 0 3 4 0 1 3 1 4 2 2
4 3 0 1 0 0 2 1 4 1 3 1 1 2 2 0 2 4 0 4 3 2 2 4 2 3 3 3 4 2 3 0 0 0 2 1 0 4 4 2 2 4 0 4 1 2 4 0 4 0 4 4 4 1 1 2 2 1 0 1 3 3 4 3 4 1 1 1 2 2 3 0 3 0 1 4 3 0 1 4 2 0 0 2 4 1 4 3 2 4 1 2 0 0 3 4 1 1 2 1 4 3 1 2 3 2 4 3 4 2 4 2 0 0 4 1 3 0 4 3 1 0 0 1 3 3 2 4 2 0 0 1 0 3 0 3 2 1 4 2 1 3 4 1 3 0 2 4 2 1 2 3 3 4 0 1 0 4 3 2 1 0 0 1 4 0
0 3 4 1 0 0 4 1 3 0 3 0 4 0 3 1 1 3 0 3 0 2 2 0 4 1 0 4 2 1 2 4 0 1 0 2 3 0 4 1 2 4 1 1 2 1 4 3 4 1 1 1 4 0 1 3 1 2 3 4 0 0 0 0 3 1 3 1 3 4 4 0 0 2 3 2 3 2 2 4 0 0 1 4 1 2 3 4 1 3 3 2 0 1 4 0 4 4 1 2 3 0 4 1 2 2 3 2 1 3 1 1 3 2 3 4 2 1 4 3 1 4 2 3 2 2 3 1 1 4 3 2 1 4 3 0 3 3 4 1 3 0 3 2 0 1 3 4 4 2 4 2 4 2 0 1 1 3 0 4 4 0 1 2 0 1
2 0 2 3 2 0 0 2 4 0 3 3 4 4 2 1 3 1 3 3 0 4 3 0 0 2 0 2 4 2 0 3 3 4 3 0 2 3 2 1 1 2 4 2 3 2 3 1 0 1 1 2 2 4 2 3 3 0 2 4 4 4 4 2 4 2 4 1 0 1 2 1 0 4 4 0 1 4 1 1 1 4 4 0 0 3 0 3 0 4 2 0 4 1 4 0 0 4 1 3 2 0 4 0 4 0 0 2 0 4 4 3 3 0 0 4 3 1 4 1 2 2 1 1 0 0 1 1 4 4 1 4 2 2 4 3 3 4 1 0 3 2 0 4 2 0 0 2 3 4 3 1 1 4 4 4 2 3 2 3 4 3 2 1 0 1
0 0 3 1 2 3 0 2 2 2 0 2 4 0 4 3 3 0 4 3 1 1 1 3 0 0 3 2 4 1 1 1 1 4 4 4 4 4 3 2 1 3 1 0 1 0 0 4 3 0 2 1 1 0 2 3 3 0 3 2 3 4 3 0 0 2 1 4 1 4 3 4 0 2 1 3 2 2 2 2 4 2 4 2 2 3 1 2 0 4 1 4 0 1 4 0 3 2 4 1 3 0 2 3 2 4 3 1 3 1 4 2 3 0 4 2 0 0 0 0 1 1 4 1 3 3 1 3 2 3 2 1 0 4 1 2 0 0 3 3 1 4 0 4 1 0 1 1 2 3 2 1 0 1 2 0 2 1 3 1 1 0 2 1 2 4
0 2 4 0 1 2 0 3 1 3 0 4 2 0 0 4 1 0 2 3 2 1 1 0 3 4 3 2 0 2 1 2 4 0 3 2 2 0 1 0 3 1 2 2 1 2 3 4 4 3 0 1 4 1 3 4 1 1 2 3 0 0 1 0 3 1 4 2 1 0 3 1 4 2 4 2 1 2 2 2 0 2 3 2 0 3 3 1 2 2 2 2 3 0 2 1 1 2 3 2 4 3 0 0 0 1 3 3 1 2 0 3 4 0 0 4 4 1 3 1 3 2 3 1 2 3 2 0 2 1 4 3 1 4 4 2 3 2 0 4 4 3 2 0 3 0 1 2 1 1 0 1 0 4 3 2 4 2 2 3 0 1 1 2 3 0
1 1 4 1 0 0 4 4 2 0 4 4 2 2 2 3 4 3 4 2 2 0 1 0 3 2 3 1 4 3 4 0 1 0 3 3 1 0 3 3 0 2 4 4 0 4 4 1 2 3 3 4 0 4 1 0 3 2 2 2 0 3 4 2 3 3 0 1 0 0 2 0 3 1 1 0 0 1 1 4 1 1 4 2 2 0 2 1 2 1 0 0 4 0 4 0 0 4 1 0 0 3 0 0 2 3 2 4 4 0 4 1 1 0 3 0 0 2 1 0 1 2 2 2 4 1 2 4 0 1 4 2 4 1 4 3 4 1 3 4 3 4 2 4 4 2 2 1 4 0 3 2 2 0 0 3 1 4 2 4 0 3 3 2 4 3
0 1 1 3 2 0 4 4 1 3 1 3 0 2 4 3 0 3 4 2 2 2 3 1 1 4 2 0 1 3 0 3 4 1 4 3 3 3 2 0 2 0 0 4 3 1 4 0 0 0 4 4 3 2 2 4 1 4 1 4 3 1 0 4 0 4 3 0 2 2 0 1 3 3 2 3 4 2 3 1 2 2 2 2 1 0 4 3 1 0 4 1 4 4 1 1 0 4 1 0 3 4 1 1 2 1 4 3 3 4 0 2 1 2 0 3 4 4 3 1 1 4 2 2 1 3 0 1 4 4 1 3 3 0 1 2 1 1 0 1 0 0 3 4 0 0 4 4 1 4 0 0 0 0 4 1 0 0 0 0 4 3 0 4 3 1
1 1 4 1 2 0 4 3 1 4 0 2 0 4 1 1 4 1 3 3 0 3 0 0 3 1 3 0 0 4 4 1 0 3 0 0 0 1 0 1 0 0 3 0 4 1 3 0 3 1 1 3 0 1 0 0 3 3 3 3 2 2 2 0 0 4 2 1 0 2 4 2 4 0 2 1 1 3 1 1 1 2 1 3 1 1 4 4 2 4 4 1 1 3 1 1 2 0 4 2 2 1 4 4 1 4 0 4 4 3 3 0 1 1 1 2 3 2 3 2 1 4 3 2 3 2 0 2 2 0 0 0 1 1 4 4 2 1 0 3 4 3 1 2 0 2 4 0 4 4 2 0 4 0 4 4 2 4 1 2 4 3 2 2 2 3
3 1 4 4 0 0 4 1 3 1 0 4 3 1 4 0 3 0 3 2 4 2 1 0 4 3 1 3 2 3 3 1 4 4 2 1 0 1 4 3 0 4 2 3 0 3 4 3 3 4 2 4 1 4 2 3 4 3 1 1 3 0 2 4 1 1 1 1 3 0 1 3 2 1 1 4 4 2 0 0 3 2 1 0 3 3 0 4 3 3 1 1 0 0 1 2 2 4 3 2 1 0 2 3 3 3 0 2 3 0 4 1 4 1 3 3 4 0 2 0 4 0 1 4 1 4 3 0 0 2 2 2 4 4 2 2 4 2 1 4 4 1 3 4 2 1 4 3 2 3 3 3 4 2 4 2 3 3 2 1 2 1 3 1 0 2
0 1 2 3 1 1 4 4 0 3 2 1 4 1 0 4 4 4 3 1 1 2 4 0 3 1 1 3 4 3 0 1 1 4 4 4 1 1 3 3 1 3 0 0 4 0 2 1 4 0 4 2 4 3 4 4 1 2 2 0 0 0 3 3 4 2 3 2 0 3 1 2 1 1 4 3 1 1 1 2 4 0 1 3 3 0 3 4 2 2 1 4 4 4 2 1 3 2 3 4 1 4 3 2 2 2 2 3 1 3 2 0 3 3 0 3 0 0 4 2 3 2 3 4 1 3 0 2 0 1 1 1 2 4 1 0 3 3 0 4 2 3 1 2 3 2 3 4 2 4 3 2 2 2 2 0 0 4 2 0 0 3 4 3 4 0
0 3 0 0 4 2 0 1 2 1 0 2 0 2 1 3 0 0 2 4 1 4 3 3 2 1 4 1 1 3 3 1 3 3 3 3 3 1 1 2 2 1 4 4 0 2 4 2 3 2 1 4 1 2 2 0 0 1 1 1 2 1 4 0 0 4 0 3 0 1 0 4 2 1 3 0 3 3 2 1 0 4 2 3 3 0 4 3 3 2 4 0 4 0 1 1 4 3 4 0 0 1 1 4 4 0 4 2 3 2 1 0 3 3 0 1 0 4 1 4 4 2 1 0 2 4 1 1 3 2 3 3 0 0 2 4 2 4 3 0 1 4 2 4 0 2 2 0 4 3 1 0 0 3 0 4 2 3 0 0 0 1 0 2 3 0
1 0 4 1 2 0 3 4 1 3 3 0 0 2 0 2 2 2 0 4 1 4 2 3 2 4 1 2 1 4 4 4 4 3 1 3 0 4 2 3 2 1 3 4 0 0 1 0 2 3 4 3 3 2 4 2 3 0 1 0 2 1 1 1 4 2 2 2 3 4 0 2 2 1 2 0 1 3 0 4 2 4 4 2 3 3 4 2 1 0 4 3 1 0 1 3 0 3 2 3 0 2 3 4 0 0 4 2 3 4 3 2 1 4 1 1 0 0 0 1 3 4 1 1 2 2 1 4 3 3 2 3 3 0 4 3 2 4 2 3 0 0 0 3 0 2 0 2 4 0 3 4 2 4 1 1 3 2 0 1 1 2 4 4 0 4
4 2 0 2 0 2 4 3 1 1 2 3 3 3 0 1 3 2 2 4 3 1 1 3 2 4 3 4 0 0 0 0 4 2 2 2 4 1 0 2 0 4 0 3 2 1 2 0 0 4 1 1 2 0 1 0 4 1 1 0 1 3 0 1 0 4 0 1 2 2 4 2 1 4 1 0 2 0 3 3 4 4 1 2 4 2 4 1 4 2 3 2 0 0 3 0 4 0 1 3 2 2 1 3 2 4 4 1 4 2 1 3 3 2 2 0 0 3 1 1 0 4 3 2 1 4 4 0 4 3 3 2 0 1 2 4 0 3 1 4 0 2 0 4 2 4 1 4 0 2 0 0 3 0 3 4 4 4 1 1 2 1 3 3 3 2
2 3 1 0 0 1 0 2 2 2 3 3 3 3 2 3 4 0 0 4 1 0 3 2 1 3 4 1 1 4 3 3 4 4 4 4 3 1 3 2 3 2 1 1 0 0 1 1 3 1 0 4 3 1 4 1 1 0 2 2 4 3 2 3 2 3 0 2 4 3 0 2 0 3 0 3 3 3 4 1 0 2 3 0 0 4 2 1 1 1 3 2 4 2 0 4 1 2 1 0 3 1 0 0 4 2 3 0 1 3 3 3 2 3 3 2 2 2 3 3 4 3 0 0 0 3 4 1 2 1 4 0 4 4 1 1 3 1 1 4 1 4 2 3 3 3 2 2 0 0 1 1 0 3 2 1 3 1 4 1 4 3 3 4 4 1
2 3 3 3 4 1 4 4 2 4 2 4 2 4 2 0 3 2 3 0 3 4 3 0 0 3 3 0 4 0 2 1 0 2 1 4 3 0 0 2 0 2 2 2 4 4 4 2 1 4 2 2 3 2 4 0 2 4 1 3 4 0 4 1 2 2 3 2 3 3 2 0 1 4 4 2 3 3 4 1 2 3 0 1 0 4 3 0 4 4 3 0 1 0 2 0 2 0 3 2 3 0 2 1 1 3 3 1 1 4 2 4 4 0 2 0 1 0 0 0 2 3 3 3 3 2 4 3 2 4 0 2 1 0 1 4 3 1 0 0 3 4 1 2 4 0 2 1 2 4 3 1 0 3 0 0 0 1 3 4 2 1 4 0 1 0
4 4 3 4 4 1 3 2 4 0 2 3 1 2 0 1 3 0 0 0 2 0 1 3 0 0 4 1 0 0 1 1 4 1 0 1 3 1 0 4 1 3 4 4 2 4 2 0 1 2 1 4 0 4 2 2 0 3 3 2 3 1 4 4 2 1 2 2 2 3 1 0 3 1 1 0 0 4 0 4 3 1 3 3 3 2 2 3 2 0 2 0 3 3 1 1 0 4 3 4 4 2 2 2 3 3 2 0 4 4 4 3 3 4 3 1 3 1 1 0 3 0 2 2 4 4 0 1 0 0 0 4 2 4 3 2 3 2 3 2 1 4 2 1 4 1 4 4 4 0 0 2 1 2 1 2 3 3 3 0 4 0 4 3 0 4
1 0 1 1 4 0 2 2 3 3 0 3 3 4 0 0 1 3 2 0 0 3 3 0 3 4 1 0 3 3 4 1 0 3 4 1 3 1 3 3 0 3 1 0 2 2 0 1 0 4 1 3 2 1 3 1 1 1 3 1 1 2 2 1 0 3 3 0 4 3 1 1 4 2 1 3 4 3 4 2 3 2 0 0 1 3 3 4 0 1 0 1 4 4 0 1 2 0 4 3 3 0 2 4 4 3 3 1 2 4 3 2 4 3 2 0 3 1 4 0 2 4 4 3 0 4 2 4 4 3 2 4 0 4 4 4 0 4 0 4 3 0 1 2 0 0 2 4 1 3 4 1 4 3 1 4 4 0 3 0 3 3 0 0 4 1
0 4 0 2 0 0 3 1 3 3 2 2 4 0 1 4 3 0 4 0 0 4 2 0 4 1 0 1 1 0 4 3 4 1 1 2 2 1 0 0 1 4 2 1 0 3 2 0 1 1 2 3 2 0 3 4 1 4 0 4 1 2 0 0 3 3 4 0 1 0 0 2 4 0 3 1 0 0 2 1 4 4 4 1 4 0 0 2 4 3 4 0 0 4 2 0 4 4 1 0 4 3 2 3 3 3 2 1 0 4 2 4 3 2 3 0 2 0 2 3 3 1 0 0 2 4 1 1 3 2 1 2 2 1 3 3 4 0 4 1 1 1 3 4 0 1 1 4 1 4 2 2 2 4 2 0 4 0 3 2 4 2 2 2 3 0
0 4 2 1 2 3 2 0 4 0 3 1 4 2 2 4 4 4 3 3 1 2 1 2 0 0 4 2 4 4 4 1 0 3 2 4 3 2 0 2 2 0 0 3 2 4 2 3 1 1 4 4 0 2 1 0 2 2 4 2 3 0 3 0 3 3 0 1 0 2 1 4 4 3 2 4 3 0 4 4 3 3 3 3 0 2 1 0 1 2 4 2 3 2 2 3 0 4 0 2 3 3 1 3 1 4 2 4 1 1 0 4 2 1 4 4 0 0 4 1 3 3 3 3 3 3 1 0 2 1 3 3 1 1 1 3 2 0 4 3 3 2 4 0 3 4 2 0 1 3 1 1 2 2 4 2 0 1 4 4 4 4 2 1 1 0
1 3 2 0 2 1 2 3 3 2 2 0 2 1 1 1 2 3 0 2 2 0 3 1 1 4 1 1 0 4 3 3 2 1 4 1 2 3 0 2 3 4 0 2 0 1 0 3 1 0 0 3 2 0 1 1 4 4 2 2 3 0 0 1 1 1 2 0 2 4 3 2 4 3 4 4 4 0 4 0 2 4 0 0 4 1 1 1 1 0 3 4 0 0 2 4 2 2 4 1 1 4 3 2 2 2 4 3 4 3 0 2 3 0 4 4 2 2 2 0 2 0 1 4 3 4 0 2 1 2 3 4 1 1 2 1 0 3 1 2 1 2 4 4 2 0 1 1 2 3 1 1 1 3 0 4 2 1 3 0 3 1 1 1 4 0
2 4 3 1 1 0 3 2 1 0 4 2 2 1 3 3 4 4 3 0 0 2 3 0 2 3 1 1 1 2 1 1 1 2 2 0 2 0 4 3 0 4 3 4 2 1 3 2 2 3 4 4 1 4 4 3 4 2 1 0 4 3 1 2 0 0 4 4 0 4 4 3 0 2 2 2 0 2 4 4 1 0 0 2 4 4 2 3 3 1 1 2 1 4 2 1 0 1 2 0 2 1 0 2 1 0 0 3 2 1 3 0 2 0 4 1 0 4 2 0 0 3 0 1 2 2 4 2 3 1 0 3 4 2 0 2 2 0 1 0 2 1 2 4 1 2 2 3 3 1 4 3 4 4 1 4 1 2 1 1 0 3 4 4 1 0
2 3 2 0 0 4 1 3 0 2 2 0 1 0 1 0 0 3 4 3 2 2 0 0 3 0 4 0 4 2 2 3 2 4 3 3 1 4 3 1 4 2 3 0 4 0 2 4 3 1 2 2 0 2 2 0 4 1 0 3 0 2 4 3 2 4 3 3 4 1 1 0 0 2 0 4 2 2 3 2 0 2 4 0 1 3 0 0 2 3 0 2 0 1 0 4 1 0 4 2 3 3 2 3 0 2 2 4 1 2 3 3 1 4 3 4 2 0 4 4 0 2 2 3 3 4 4 4 0 4 1 0 4 0 4 4 4 3 0 0 3 3 3 4 4 3 4 1 1 0 3 1 2 2 1 3 1 1 2 3 2 1 4 1 3 0
2 3 0 2 0 3 2 4 0 1 4 1 2 2 1 0 1 1 2 2 4 1 3 3 1 0 1 2 3 0 4 0 3 0 2 3 3 4 4 3 0 1 4 0 3 3 2 4 4 2 4 0 0 4 3 1 0 0 1 0 0 0 1 0 0 3 3 1 0 3 1 2 4 3 4 4 1 2 4 2 1 0 2 1 4 2 4 1 2 2 2 4 0 3 4 2 3 3 3 3 3 2 3 4 0 2 0 3 1 1 2 2 1 4 0 1 3 2 2 1 4 4 2 1 4 2 4 3 2 2 3 2 4 3 3 1 1 3 4 2 0 1 2 3 2 4 4 1 1 4 4 3 3 1 4 0 0 3 3 2 3 3 1 4 2 4
1 0 3 2 4 0 1 3 3 3 3 0 1 1 4 2 1 4 1 3 4 1 3 4 1 1 0 2 3 2 2 4 4 2 3 0 4 4 4 2 0 4 4 3 0 3 1 2 3 2 0 2 0 3 4 1 2 4 4 0 3 3 1 2 0 4 2 4 1 3 3 1 2 3 4 3 1 2 2 1 1 4 1 2 4 0 0 1 4 4 3 2 2 4 1 2 1 3 3 4 4 2 0 1 2 1 4 0 1 3 2 2 2 0 1 2 0 2 0 1 3 4 3 1 0 4 0 3 4 1 2 3 0 4 0 2 3 1 2 4 2 1 3 4 3 0 3 3 4 1 4 2 2 4 3 4 0 1 3 0 2 2 0 2 2 2
1 0 1 0 1 3 4 4 4 2 1 0 3 0 1 2 3 3 4 3 2 4 1 2 4 3 0 2 2 4 4 0 4 0 1 0 0 2 1 0 4 3 0 2 3 1 2 3 1 1 2 0 0 3 3 2 4 3 4 3 2 0 1 3 1 2 0 3 1 1 3 0 4 0 0 0 3 2 3 4 3 2 0 0 3 0 2 2 0 3 2 4 4 3 2 2 2 4 0 3 2 1 1 4 1 1 4 0 3 4 1 3 2 1 3 0 1 3 4 3 3 1 2 2 2 4 1 4 0 4 0 3 0 1 2 1 2 1 3 2 0 0 0 4 3 0 4 2 3 3 0 2 2 3 1 4 4 0 0 0 4 0 3 4 3 0
2 0 3 3 4 0 3 4 0 3 2 4 0 0 0 1 4 2 4 3 1 0 3 3 0 2 4 0 3 2 0 2 0 0 2 1 1 0 1 1 4 3 2 1 0 2 2 2 1 3 0 2 4 0 1 1 4 2 2 4 1 2 3 3 0 1 0 1 1 3 4 2 3 1 4 3 1 3 2 2 2 4 2 3 4 0 4 0 2 1 4 0 1 3 4 1 4 4 4 2 2 3 2 0 4 1 0 2 1 0 0 3 4 2 3 1 4 3 1 1 1 1 1 2 4 2 0 0 1 4 2 0 2 4 2 4 2 0 3 1 0 3 4 4 2 0 0 1 3 4 4 4 0 3 4 1 0 4 1 4 1 0 1 0 2 4
1 1 4 0 2 4 0 4 0 0 4 3 1 4 2 3 0 4 3 1 2 0 3 0 4 4 0 3 1 4 2 3 3 3 0 2 4 0 1 4 0 2 4 4 3 3 4 1 2 2 2 4 2 0 1 4 1 4 4 3 3 1 3 3 4 3 1 3 3 4 4 1 2 4 2 2 4 1 3 4 3 1 0 2 3 2 3 0 1 2 0 4 0 3 3 1 1 1 4 1 0 1 2 2 2 4 2 1 2 0 0 2 3 1 2 2 3 0 2 4 0 2 0 0 2 0 2 3 1 3 1 4 1 4 3 3 0 0 2 0 1 4 2 4 0 4 3 0 2 2 1 2 4 4 4 3 1 3 1 0 2 3 4 0 4 2
1 1 3 3 1 1 2 4 2 0 0 1 2 2 3 1 4 0 0 4 3 1 4 2 3 3 2 2 4 1 0 0 4 0 3 1 3 2 2 0 4 2 3 2 2 2 3 1 4 0 2 2 3 2 1 2 0 3 4 1 1 1 1 1 3 1 2 1 1 1 2 0 0 0 2 2 4 2 4 3 2 3 3 3 2 4 0 3 0 1 4 1 0 3 2 3 4 1 0 2 2 4 3 3 4 2 0 1 2 1 4 1 2 4 4 4 1 4 4 1 3 1 4 3 1 2 1 0 3 3 3 3 2 3 3 4 0 3 0 2 2 1 4 1 3 0 0 4 0 2 2 0 3 1 3 1 3 1 1 4 0 1 4 4 1 2
3 4 2 0 1 4 4 2 2 2 3 3 3 0 2 0 0 2 3 0 3 2 1 1 3 1 0 2 3 1 4 3 0 1 4 4 3 0 1 0 4 1 0 2 3 4 4 3 1 2 3 4 1 2 3 1 0 3 3 3 4 4 2 2 3 3 1 3 3 4 3 2 1 1 1 1 0 2 0 4 4 0 3 3 4 3 4 0 1 0 3 1 4 2 3 4 0 1 2 0 0 3 4 3 4 2 0 1 4 2 0 4 2 1 4 2 4 3 4 1 3 2 4 0 2 4 4 2 2 2 0 2 0 4 1 1 2 3 4 3 0 0 2 4 3 3 3 4 2 2 2 2 2 1 4 4 2 1 3 4 3 0 4 0 0 2
3 4 0 2 2 2 2 2 1 2 0 2 2 4 4 4 4 3 3 0 4 2 1 0 2 1 0 3 1 2 0 1 3 0 4 3 4 3 2 0 1 4 2 0 1 4 4 0 4 4 0 1 2 4 1 1 0 3 4 4 3 4 0 1 1 4 1 0 3 3 2 1 3 2 1 4 1 2 1 2 2 3 3 4 2 1 0 3 0 1 2 3 0 4 1 1 4 3 3 4 1 0 2 1 2 3 0 0 2 3 3 4 2 3 0 4 0 2 4 2 3 3 2 0 3 3 3 4 3 1 0 0 2 2 1 1 0 4 2 2 2 2 4 1 0 4 3 2 4 2 4 2 3 1 3 3 2 1 2 0 3 2 2 2 4 1
3 1 2 0 0 1 2 1 3 0 1 1 2 0 0 4 4 3 2 2 1 1 1 0 2 1 4 1 3 3 2 3 1 4 1 4 1 3 0 1 0 1 2 0 3 4 4 3 0 3 2 3 0 0 4 4 1 3 0 1 4 0 0 0 4 1 4 2 1 0 3 2 3 2 4 4 2 3 4 2 3 1 0 0 4 1 4 0 0 2 2 4 2 2 1 1 0 3 1 1 0 4 3 3 2 2 4 1 2 3 3 3 2 0 3 1 2 0 1 4 2 0 0 4 4 1 2 4 1 3 1 1 0 1 2 4 1 1 0 0 2 0 3 4 0 4 2 4 4 0 0 3 1 0 4 0 4 1 2 0 2 3 4 4 1 1
3 2 4 3 3 1 0 3 2 0 2 4 2 3 0 2 1 3 0 0 0 4 4 2 1 3 2 0 2 4 3 0 1 3 0 1 1 0 0 1 2 4 0 4 3 2 4 1 2 4 2 3 0 3 2 1 1 0 2 0 4 2 0 0 2 0 2 4 0 4 2 2 3 4 4 1 2 0 3 1 4 2 4 4 2 2 2 0 2 4 0 3 2 0 0 4 2 2 0 4 3 4 3 2 4 4 0 3 4 3 4 0 2 1 4 1 0 2 1 2 3 1 2 2 3 2 4 2 2 1 1 0 1 0 2 0 1 3 3 1 3 4 1 3 0 3 4 0 2 3 4 2 4 1 0 0 4 1 2 3 2 1 3 3 3 3
0 4 3 0 0 3 0 4 1 0 4 3 3 1 1 4 0 2 1 0 4 2 3 2 0 1 0 0 1 3 3 2 2 1 2 0 0 4 4 3 2 0 3 0 1 4 4 1 4 2 4 0 1 2 2 3 0 4 4 2 2 2 1 0 1 0 2 3 0 3 1 4 3 2 4 1 3 0 4 2 0 3 3 1 3 2 2 3 2 1 2 1 0 0 3 3 1 0 1 3 3 0 2 3 2 3 4 0 0 4 0 0 4 0 4 2 4 1 3 3 4 2 0 1 3 3 0 4 1 3 2 1 3 4 0 2 4 1 0 4 0 2 0 2 2 1 4 1 4 4 2 0 2 2 1 0 2 3 4 0 2 3 2 2 4 4
2 3 2 2 2 0 4 4 2 3 2 3 4 1 3 3 3 0 0 0 2 0 3 1 0 2 1 4 0 0 0 2 0 3 1 2 0 2 4 2 0 1 0 1 0 0 0 3 0 0 0 2 2 1 0 0 3 3 4 3 3 2 2 3 2 0 3 2 2 2 4 2 0 1 4 0 2 4 1 4 1 1 2 1 4 4 1 3 3 2 3 3 4 1 2 1 3 2 0 1 4 4 0 1 3 4 4 0 0 0 4 4 3 3 0 3 0 1 1 3 3 1 3 3 4 2 1 3 4 2 4 0 3 4 2 1 1 1 3 3 1 0 2 1 3 2 1 3 0 4 3 4 1 4 4 0 1 2 3 1 4 4 1 0 1 3
3 4 4 2 2 2 2 0 1 2 4 2 1 0 2 1 4 3 0 0 3 2 2 4 0 2 3 1 4 1 2 2 0 1 4 3 1 3 3 4 1 4 1 4 4 3 0 0 3 3 0 4 2 3 3 2 2 3 0 1 0 2 3 0 1 0 0 4 3 0 3 1 0 4 0 4 0 3 0 0 1 2 4 0 0 2 4 2 3 4 0 0 4 1 2 0 3 3 4 3 3 2 0 3 3 0 0 0 3 2 1 1 4 0 3 0 0 2 4 3 2 2 0 1 3 2 3 3 0 2 1 4 1 1 4 1 4 1 2 2 3 3 1 3 3 4 0 0 2 1 0 1 3 0 4 3 3 2 3 3 1 0 4 4 1 1
0 0 2 4 0 1 2 1 1 3 2 1 3 4 4 4 2 0 4 1 0 2 0 4 3 3 4 2 2 2 3 0 0 1 4 2 4 4 0 0 2 2 3 2 2 4 3 1 4 3 3 0 2 0 4 0 4 0 0 1 4 0 3 4 1 3 3 2 4 3 2 3 1 2 0 0 2 4 1 1 4 4 3 1 0 4 4 1 4 1 2 1 1 3 2 0 1 1 2 2 4 0 0 0 4 0 0 1 1 4 0 2 3 3 4 0 3 0 1 4 1 1 2 2 4 0 4 2 1 2 4 0 4 1 3 3 3 0 0 2 4 2 4 0 0 0 2 0 0 1 2 3 4 4 3 0 4 2 2 0 4 3 3 3 1 3
4 4 0 1 1 0 3 1 2 3 1 4 4 4 2 1 2 1 0 2 1 2 0 0 2 1 3 2 0 4 2 1 1 3 2 2 3 0 0 2 3 4 1 4 3 4 2 2 2 0 0 4 2 0 1 1 1 0 4 3 1 1 4 4 1 1 4 4 1 4 1 2 3 0 1 3 1 4 1 3 4 1 4 1 1 1 4 4 3 3 0 1 2 4 1 3 3 2 0 4 1 3 3 2 0 0 0 1 1 3 2 2 4 3 0 2 1 4 2 1 0 4 3 4 3 1 2 1 3 4 3 1 0 3 0 0 0 1 4 1 1 3 0 1 3 0 3 0 2 2 1 2 1 1 1 2 2 0 0 2 2 0 1 2 4 1
4 4 4 0 3 1 3 3 2 4 1 2 4 0 2 2 4 0 4 0 2 3 2 0 3 1 0 4 3 1 0 0 1 0 0 1 3 1 1 0 0 2 4 4 4 1 3 3 4 4 0 1 3 3 3 3 4 4 2 0 0 4 2 3 4 2 4 2 3 1 4 0 0 1 1 0 4 0 0 3 4 1 2 4 1 0 2 2 1 4 4 4 4 1 2 0 4 2 0 4 0 1 0 2 2 3 2 4 3 0 2 0 1 1 4 2 2 2 1 0 3 1 4 4 2 2 2 3 1 2 3 1 0 0 3 3 3 3 4 4 3 1 4 1 3 0 0 2 4 1 2 0 2 2 4 2 1 1 0 2 0 0 0 3 2 0
3 3 0 2 2 3 3 3 1 3 0 1 0 0 3 3 0 2 2 1 4 3 0 2 2 2 4 2 0 2 2 3 0 3 0 4 3 1 4 2 4 4 3 0 1 3 0 1 3 4 0 4 2 0 1 1 2 1 3 3 3 2 1 0 2 4 1 3 0 0 0 4 1 3 1 3 4 3 1 2 2 1 1 1 1 3 2 4 1 2 4 1 0 2 3 2 1 4 0 1 1 2 3 2 3 4 0 2 0 2 4 2 0 2 1 2 2 0 3 3 3 2 1 3 4 4 2 3 3 0 4 4 2 4 4 0 1 1 4 1 0 0 3 1 3 1 3 2 2 3 1 0 0 4 0 1 4 4 4 4 4 1 1 2 0 2
4 1 3 4 4 4 4 3 0 4 1 0 2 3 0 0 0 0 4 2 3 0 2 0 2 3 1 0 0 3 2 2 2 0 3 1 1 2 1 3 4 0 0 1 0 0 3 3 0 2 0 1 0 4 1 2 3 4 2 0 4 4 2 3 1 0 2 3 0 3 1 4 0 2 2 1 4 0 4 0 4 4 3 4 1 4 3 4 0 2 4 4 3 4 3 0 1 0 0 3 0 3 4 3 2 1 4 2 3 3 4 3 4 2 4 0 3 0 1 0 2 1 4 3 2 4 0 3 1 0 2 4 0 1 2 0 0 1 4 3 1 3 3 2 2 0 3 2 0 1 2 4 2 3 2 1 3 2 2 1 4 1 2 2 2 4
2 4 2 1 0 0 1 0 3 0 0 3 2 2 4 4 2 4 4 1 0 4 1 2 1 0 3 3 4 3 0 1 4 4 4 4 0 2 2 0 2 2 3 4 0 2 0 4 3 0 0 4 4 1 3 2 4 4 3 3 4 0 2 0 4 1 2 1 4 4 1 1 1 1 3 3 1 0 2 4 0 0 0 2 1 4 1 0 0 4 1 4 1 3 4 3 1 1 4 2 2 3 1 4 1 4 4 2 4 2 2 2 2 2 4 0 3 2 1 3 4 2 4 0 2 1 3 3 4 0 1 2 0 2 3 1 3 2 4 2 1 3 4 3 2 0 1 1 0 2 1 4 1 3 4 3 4 0 3 0 0 4 4 0 3 2
3 1 0 2 4 1 0 0 2 3 3 3 1 3 2 4 4 0 2 0 0 3 0 3 4 2 0 0 4 3 3 3 0 0 2 1 3 0 3 0 0 1 0 1 1 4 0 2 1 0 3 1 3 3 2 4 3 2 0 4 2 0 2 2 0 0 0 3 2 4 1 2 2 3 3 1 0 0 3 1 0 1 3 1 2 2 2 2 4 4 1 1 4 4 1 1 1 1 2 3 0 0 0 0 3 0 1 3 2 4 2 3 3 2 1 2 4 3 4 3 0 0 1 4 1 2 1 4 1 0 2 3 0 4 3 3 1 4 4 4 1 3 4 4 0 0 3 4 0 2 4 0 2 0 2 4 0 0 3 1 0 3 1 0 4 0
0 1 1 1 2 2 4 1 3 4 1 1 0 3 3 4 4 3 0 1 4 2 1 4 0 3 2 1 3 4 3 0 2 0 2 4 2 1 0 3 3 3 1 3 1 0 3 2 0 0 0 4 4 3 3 4 1 3 2 4 4 1 0 1 3 4 0 2 2 0 0 0 0 2 1 3 4 4 1 1 1 1 0 0 2 0 1 3 0 0 0 4 3 2 0 1 1 0 4 3 2 1 1 4 0 2 3 4 3 4 0 4 2 2 1 1 0 4 0 0 4 0 0 3 4 0 1 0 3 0 0 2 4 1 2 4 0 0 1 3 1 3 4 0 1 2 2 1 1 2 3 3 4 3 3 3 1 4 3 4 2 0 1 1 4 0
2 4 0 3 3 1 2 4 2 0 2 4 1 3 3 4 3 2 0 1 0 1 1 0 2 0 2 0 3 1 1 0 1 3 4 1 0 1 0 4 1 2 0 4 3 3 0 1 0 2 3 2 3 1 4 2 3 1 0 1 3 3 1 1 1 0 2 3 3 4 2 1 2 2 2 2 2 3 3 4 0 3 1 1 1 2 0 4 4 0 0 4 3 4 0 0 1 4 3 0 3 3 3 2 2 1 4 0 1 0 4 3 0 3 1 4 0 2 3 1 2 1 0 3 2 2 0 3 1 0 0 2 3 4 4 3 2 1 3 3 3 4 3 0 2 0 4 0 2 0 1 1 3 2 4 2 1 1 0 3 2 1 2 0 2 3
0 4 1 3 4 4 0 2 2 2 2 3 2 1 0 1 3 3 3 4 0 1 3 3 4 0 1 3 2 3 2 3 4 3 3 0 0 3 4 2 1 4 0 0 0 1 3 0 1 1 2 4 0 0 2 4 0 0 3 4 0 2 2 4 0 1 1 0 4 0 2 2 1 0 0 2 3 3 4 1 2 1 0 2 3 4 3 3 4 3 3 4 0 2 0 1 3 3 1 0 1 1 2 2 3 2 4 1 3 1 2 0 2 0 2 1 4 2 1 1 1 1 2 1 4 0 2 4 3 1 4 4 4 4 2 2 3 3 0 1 4 2 1 4 4 0 2 1 0 3 2 1 2 1 2 1 1 2 0 2 3 0 1 2 4 0
1 2 1 1 1 0 0 4 1 0 2 3 1 2 4 0 3 1 3 2 2 0 4 4 4 4 1 2 3 2 3 4 2 4 0 3 1 3 2 3 3 1 3 1 3 2 1 3 3 1 1 2 1 0 2 2 0 3 0 3 3 0 0 0 1 2 0 2 0 2 2 0 1 1 1 4 3 4 3 4 1 4 1 4 1 0 2 1 1 4 2 4 4 2 1 0 4 1 4 2 0 2 2 1 3 1 1 3 0 1 2 1 2 1 3 3 1 2 2 4 1 4 3 0 3 1 2 4 2 1 3 3 3 1 4 3 2 2 4 4 0 3 3 2 4 1 3 3 3 0 4 4 1 3 1 4 1 0 0 4 1 4 2 2 2 3
0 4 3 4 3 3 3 1 3 4 4 1 4 2 1 4 3 4 4 1 0 0 1 0 4 0 1 3 2 3 4 2 4 2 4 0 2 4 3 0 3 3 1 0 2 4 4 3 3 0 4 0 0 3 1 2 3 4 2 0 3 1 4 2 3 0 2 3 4 1 3 0 1 2 0 3 3 1 1 4 1 3 4 1 3 2 0 3 2 3 0 0 4 4 4 0 0 4 3 1 2 3 1 3 0 1 1 1 2 0 0 0 0 1 2 3 4 4 3 1 2 3 3 4 4 4 4 1 3 4 3 0 2 1 0 0 3 4 1 2 4 1 3 1 4 2 1 3 1 4 1 1 4 4 0 3 1 4 2 4 0 2 2 2 3 2
2 3 1 3 1 2 1 1 0 1 3 1 1 1 2 3 2 1 4 4 2 0 3 4 2 3 1 4 3 4 3 0 3 2 1 1 4 2 2 2 0 2 3 2 0 1 0 3 4 1 2 3 2 3 2 1 3 0 0 1 2 3 4 2 2 0 3 2 4 2 4 0 1 4 4 1 2 1 1 4 2 4 2 1 4 0 2 4 2 4 1 4 0 2 3 2 4 3 1 3 0 2 0 3 2 1 0 1 2 1 0 2 2 3 0 3 0 0 3 2 4 1 4 1 3 2 4 2 1 2 2 3 0 3 4 4 4 4 0 4 2 3 1 2 1 3 0 1 3 3 0 3 4 1 1 2 4 0 1 2 0 4 2 0 4 1
1 0 2 1 1 2 4 2 4 2 1 4 0 1 3 3 4 4 4 1 4 0 3 0 4 3 1 2 0 2 0 1 3 0 0 4 2 1 4 3 4 2 2 1 3 2 4 0 2 1 3 3 1 3 0 1 4 2 0 4 1 2 3 4 2 3 1 1 1 2 4 2 1 4 4 1 1 0 1 0 1 1 0 3 0 1 1 4 0 3 0 1 0 3 1 0 3 4 3 2 3 3 4 4 4 3 0 2 1 2 0 2 0 0 2 0 1 3 1 1 1 2 3 4 2 1 4 3 2 2 0 0 2 4 4 1 0 4 4 1 3 4 3 4 4 1 1 3 1 3 1 3 2 1 2 4 4 3 4 1 2 4 1 0 4 2
3 4 4 2 0 2 3 0 3 0 1 2 3 3 2 4 3 4 1 2 0 0 0 0 4 4 4 2 4 0 0 3 4 4 2 1 3 1 2 4 1 0 3 1 0 0 2 3 4 0 2 1 3 4 1 2 4 3 4 3 3 1 3 0 2 3 3 3 4 2 4 2 3 2 3 0 2 0 1 3 1 3 4 4 3 3 3 2 1 4 2 1 1 1 1 3 4 0 3 0 2 2 4 2 4 4 3 1 1 4 1 4 4 1 3 2 4 3 1 2 3 4 3 4 2 0 4 1 2 3 3 1 2 4 4 2 3 4 0 4 0 2 4 4 3 4 4 4 3 0 1 3 4 4 2 1 1 3 4 3 3 4 0 1 3 1
3 1 0 0 1 2 2 2 3 2 1 2 1 4 0 4 2 1 4 1 3 0 2 4 1 0 4 3 1 4 4 1 3 1 2 4 3 1 1 3 4 4 3 2 1 3 4 0 4 3 4 4 0 1 1 3 1 2 1 0 1 0 3 4 3 2 0 3 4 3 2 0 0 0 4 1 0 3 1 1 3 0 3 1 3 4 4 2 3 3 4 4 0 2 1 4 0 3 2 4 2 1 4 4 3 0 0 3 4 3 2 2 1 0 3 4 1 3 1 4 3 2 0 3 0 1 2 0 2 2 1 1 3 2 0 2 2 0 2 1 3 4 1 1 1 4 1 2 4 4 3 2 2 4 1 2 2 0 4 4 2 2 0 1 4 0
0 3 2 2 0 1 4 3 2 0 2 0 0 4 0 3 1 4 4 4 3 2 0 2 1 2 1 2 0 0 4 0 3 2 3 0 0 4 3 4 4 3 0 1 2 2 0 0 3 4 0 1 3 2 0 0 4 1 4 2 3 3 2 3 2 2 4 2 1 4 2 3 2 4 4 1 3 1 2 3 3 2 4 1 4 1 1 0 4 2 2 2 3 2 0 0 4 1 3 1 1 2 4 0 3 0 4 3 2 1 1 0 0 2 1 1 3 0 3 2 4 1 1 2 3 1 3 4 3 3 2 1 2 1 3 2 4 2 0 1 0 3 1 0 0 4 1 3 1 0 2 1 3 3 3 3 1 3 2 1 3 2 4 0 0 3
4 4 2 4 0 3 4 3 0 4 3 4 4 4 4 3 2 4 1 1 2 3 1 1 1 0 3 1 0 4 4 0 0 3 1 1 3 3 4 4 2 4 3 4 1 4 2 3 3 1 1 2 1 3 0 2 3 1 3 0 2 4 2 2 3 1 3 3 4 0 4 3 1 2 2 2 3 0 3 3 3 4 0 4 2 3 1 2 4 0 0 1 4 2 3 4 0 4 3 4 1 2 0 2 2 2 0 2 4 3 1 2 4 3 1 4 1 0 1 0 0 3 1 1 3 2 1 3 3 1 0 4 0 0 1 4 4 3 2 1 3 3 3 3 1 2 2 0 2 0 0 4 4 4 0 2 1 3 2 4 1 2 0 2 4 1
1 4 0 0 0 3 3 0 3 2 4 0 2 3 1 4 2 2 3 0 1 1 0 3 2 2 1 2 4 2 1 2 1 1 3 3 1 3 4 0 2 0 2 1 4 0 1 3 2 4 0 3 3 1 4 0 3 2 0 4 4 1 3 1 2 1 1 0 2 0 2 4 3 0 3 2 0 4 0 0 0 1 0 3 4 4 1 2 1 1 1 1 2 1 4 1 3 0 1 2 3 4 3 1 4 1 3 1 0 0 1 1 3 2 1 2 3 2 1 0 3 4 3 2 1 2 3 4 2 2 3 0 1 1 3 2 3 1 0 0 4 2 3 2 1 0 2 4 4 3 1 3 3 4 0 4 1 1 0 1 3 3 3 1 4 2
3 4 0 3 2 4 2 0 2 0 2 4 0 2 4 1 2 2 1 2 1 4 0 1 2 3 1 1 4 3 3 4 2 3 0 4 0 4 2 2 0 4 3 0 1 2 3 3 2 1 3 3 3 0 2 0 4 3 1 0 1 1 0 1 0 0 2 0 1 4 4 1 1 4 3 2 3 2 3 0 0 3 4 3 3 3 4 4 1 0 0 0 2 2 1 4 4 3 1 0 0 0 2 1 1 0 0 4 4 0 0 0 0 1 3 4 4 2 0 0 0 0 0 2 2 3 3 1 4 4 2 4 4 1 2 2 1 2 1 1 0 1 3 0 2 1 1 3 4 2 4 1 2 1 3 2 0 1 3 4 0 2 0 1 3 2
3 2 1 1 3 1 3 1 4 2 4 0 3 0 2 4 1 2 0 1 4 2 2 2 3 4 2 0 2 0 2 2 4 1 4 2 4 4 0 3 3 2 1 1 2 3 0 4 0 3 0 4 0 0 4 1 1 3 1 4 0 1 1 0 4 2 4 3 1 0 4 0 4 0 1 1 3 4 2 1 2 0 2 4 0 3 0 3 1 4 2 2 2 1 2 1 3 1 4 2 3 0 2 2 0 0 1 1 1 3 2 3 3 4 0 0 3 2 1 1 3 3 3 0 1 2 1 2 4 3 4 4 3 3 2 4 0 3 0 4 3 4 2 4 0 4 1 0 2 2 2 0 3 2 1 4 0 4 3 1 4 2 0 3 2 2
4 0 2 1 4 1 0 3 0 2 3 1 3 2 4 0 2 2 4 0 3 4 0 2 0 1 1 1 4 1 3 0 1 3 1 0 4 3 0 4 1 3 2 1 0 3 3 0 2 2 0 1 2 2 0 2 4 1 0 0 2 1 1 0 4 4 2 3 0 3 4 3 3 3 4 4 2 2 1 4 4 1 2 3 1 2 3 0 4 3 2 3 4 3 4 0 0 1 3 0 1 4 3 0 3 4 1 2 1 2 3 2 0 1 1 1 3 4 3 4 4 1 3 4 1 4 4 1 0 0 3 4 1 3 4 1 2 0 3 0 4 2 0 4 0 1 3 3 2 1 3 1 4 3 2 3 2 4 4 4 4 0 3 2 3 2
4 3 4 4 3 3 3 3 0 3 1 3 2 3 1 0 2 3 3 4 1 2 3 2 1 4 2 0 2 1 4 3 4 4 2 4 4 1 3 1 4 4 1 1 0 3 3 2 3 3 3 4 0 2 1 2 1 4 4 0 2 3 3 1 4 1 2 1 4 0 2 3 2 1 0 4 1 0 1 4 4 1 0 1 3 1 0 2 2 4 4 4 0 3 2 1 1 0 2 0 2 2 3 1 3 0 0 4 3 3 0 4 0 0 0 0 3 1 2 1 2 2 2 4 2 2 1 3 4 0 3 3 4 3 0 2 1 2 3 4 1 0 3 1 0 3 1 4 1 1 2 1 0 1 0 2 3 3 0 4 4 0 3 3 0 0
3 1 2 3 0 3 4 3 1 1 4 0 2 2 3 4 3 3 1 1 0 1 1 2 3 0 4 1 1 4 1 1 1 0 4 1 4 0 2 2 2 1 4 1 0 2 1 1 0 4 4 2 2 0 4 0 3 3 3 4 0 1 2 1 2 1 4 3 4 1 0 3 4 2 4 2 4 2 3 2 1 2 4 4 2 1 1 2 1 0 3 3 1 0 4 3 4 1 1 3 2 4 1 4 1 2 3 2 0 1 4 1 0 1 2 4 4 4 2 2 1 0 1 2 1 2 1 0 3 4 3 3 0 1 4 1 0 2 4 0 3 0 4 3 1 3 2 2 4 1 0 0 2 1 3 3 3 1 0 4 2 0 2 3 1 1
4 3 3 0 4 3 1 3 1 4 1 0 2 3 2 2 3 1 0 1 4 0 4 4 4 2 1 1 0 4 4 4 2 2 2 1 0 3 1 3 2 0 1 4 3 3 3 1 1 3 0 0 1 4 1 0 3 2 4 3 1 3 0 0 3 2 2 3 2 0 4 4 2 0 1 0 0 4 4 1 0 1 3 1 0 4 3 4 3 4 4 1 0 4 1 3 3 0 3 0 3 2 2 0 4 3 3 4 4 2 0 1 3 3 4 0 4 0 1 4 4 3 2 1 4 1 4 3 1 0 0 1 2 2 2 2 2 0 3 4 4 4 0 4 4 2 1 4 2 3 0 3 3 3 0 2 4 4 0 2 1 3 4 4 0 3
3 0 0 3 1 4 2 3 0 4 0 1 3 4 1 0 3 4 3 3 2 2 4 4 2 1 2 1 2 0 4 2 2 1 0 3 2 0 1 2 4 2 0 4 3 2 4 1 3 3 1 2 2 1 4 4 4 3 2 3 0 3 2 2 4 2 2 1 4 4 3 3 3 1 4 1 3 4 0 3 4 1 3 1 2 2 3 3 0 0 3 1 1 0 0 0 0 3 4 4 2 4 0 2 0 4 3 0 0 0 4 4 2 2 3 1 1 1 0 1 3 3 4 4 4 0 2 1 3 1 0 2 0 0 1 3 2 1 3 2 2 2 4 4 1 2 0 2 0 2 1 0 1 0 2 2 2 4 3 2 2 0 1 4 3 2
2 0 4 1 4 1 0 3 2 2 2 2 1 2 0 2 0 3 0 2 0 2 3 0 2 0 0 3 1 0 3 4 0 2 0 2 0 0 0 2 4 0 1 1 4 1 0 4 4 0 1 1 3 4 3 2 1 1 0 3 1 3 2 4 2 4 1 4 1 3 1 3 3 0 4 3 1 4 2 3 2 1 1 2 2 0 4 4 3 1 4 4 0 3 3 4 2 4 4 0 0 2 3 3 2 4 3 1 1 1 1 3 4 2 0 1 4 1 2 2 2 1 2 4 4 2 4 3 4 0 1 4 4 1 2 4 1 3 0 4 4 1 4 0 3 1 1 0 2 4 2 4 2 1 4 2 1 0 2 0 2 3 1 1 2 0
0 3 3 2 4 4 3 3 4 4 4 1 4 3 2 3 2 4 2 3 3 3 0 3 0 2 3 1 1 0 1 3 0 0 1 4 4 4 4 4 0 0 2 4 3 4 0 3 0 2 1 1 2 2 4 2 1 2 3 4 3 4 3 3 1 4 0 1 0 4 2 1 0 4 2 3 0 2 1 0 1 0 1 3 4 0 2 2 0 0 2 3 2 0 3 0 4 3 1 4 3 0 2 0 4 0 0 4 4 2 2 3 4 3 3 0 1 1 2 3 3 4 1 0 4 1 1 0 2 4 2 0 0 4 2 1 1 2 3 3 1 0 1 0 0 4 2 3 0 0 1 4 4 4 1 1 1 4 1 3 1 0 0 3 0 4
4 3 1 2 3 0 4 4 2 0 1 0 0 3 0 2 4 1 1 1 2 4 2 1 4 3 1 1 3 3 0 3 2 4 2 0 4 2 2 1 4 0 1 4 3 3 3 3 0 0 1 2 1 3 3 3 4 0 4 4 0 2 2 2 1 2 0 2 1 4 3 0 4 2 1 2 0 0 2 0 2 3 3 0 4 3 3 0 0 0 4 1 2 4 0 0 1 2 2 2 1 0 4 0 2 2 0 3 4 2 0 1 3 3 4 4 4 2 4 4 2 0 2 1 4 3 1 2 0 3 1 4 4 2 1 3 0 1 3 4 1 4 3 4 4 2 3 3 1 4 0 1 4 2 2 4 0 4 1 3 4 3 2 3 0 0
4 2 2 2 4 3 3 4 4 3 3 4 3 4 3 3 2 2 1 0 3 3 1 0 1 0 0 0 1 2 1 2 2 0 1 1 0 0 0 4 0 3 3 3 4 3 2 2 0 0 4 4 3 2 1 2 4 3 2 2 0 0 4 4 2 3 0 2 0 2 3 0 2 3 0 4 1 2 3 4 2 2 3 3 1 1 0 2 4 4 0 1 2 1 1 4 1 3 4 1 3 2 1 0 3 2 4 1 1 2 0 1 1 0 4 4 1 1 2 0 0 4 4 2 2 0 4 4 0 3 0 3 2 4 1 0 3 2 2 1 0 2 2 3 3 3 0 1 1 4 2 2 3 1 1 2 3 0 1 3 0 4 4 3 3 0
3 3 2 2 4 4 2 4 0 2 4 0 3 1 1 2 0 4 3 3 3 3 1 0 4 1 1 3 4 1 3 0 4 2 2 0 2 4 4 4 1 1 4 0 4 0 4 4 1 0 4 4 3 0 1 2 2 2 2 3 3 2 3 4 0 1 0 4 2 1 3 4 4 4 1 3 1 0 4 2 2 4 3 1 4 2 0 3 4 0 2 0 2 0 1 4 3 3 3 1 0 3 2 4 2 3 0 3 0 4 2 3 3 1 1 0 3 3 3 4 3 0 1 1 3 3 2 1 1 3 2 3 1 4 0 4 4 0 4 2 4 2 0 3 0 3 3 3 1 3 4 2 4 1 0 2 1 2 0 2 0 3 3 2 4 3
3 4 3 4 1 4 1 3 4 1 3 4 1 4 3 3 1 4 4 3 3 2 1 3 1 3 3 4 2 3 2 0 2 2 2 0 4 3 3 3 2 3 3 0 2 3 3 1 2 4 4 0 1 2 0 3 1 4 2 3 2 2 1 1 1 3 1 2 3 1 1 2 4 1 3 3 4 3 1 3 3 3 3 1 0 0 4 3 4 4 4 1 3 2 2 1 0 0 4 0 1 0 3 0 3 3 4 2 1 2 2 4 0 2 1 1 2 2 1 2 1 0 3 1 2 3 3 4 3 2 2 2 4 0 2 2 3 3 1 4 1 3 1 3 0 4 4 4 1 3 1 0 3 2 1 3 0 4 4 0 3 1 2 2 3 2
1 3 2 4 0 0 4 1 4 1 0 3 1 3 3 2 3 2 4 0 2 1 1 1 2 0 0 1 4 3 3 3 2 1 2 4 1 2 0 2 3 2 1 4 0 4 4 1 3 3 1 2 2 4 4 1 1 4 2 1 4 3 1 3 1 3 2 4 2 4 2 3 3 0 2 4 1 3 2 2 2 3 4 1 4 3 2 1 4 4 2 4 4 0 4 0 3 2 2 3 1 4 1 0 4 0 1 0 4 3 2 3 3 2 4 2 2 1 0 4 2 4 0 2 4 4 4 3 1 1 1 0 0 4 2 1 4 0 4 3 0 3 1 3 2 2 2 0 3 3 1 3 4 1 0 4 0 1 4 4 3 2 1 0 1 3
2 0 3 3 1 3 1 4 3 4 2 2 1 2 2 2 0 2 3 0 1 3 4 0 4 2 2 0 4 3 3 3 0 3 1 1 3 3 3 1 2 0 4 3 2 1 2 3 0 0 0 1 0 4 3 0 3 2 2 3 2 3 1 3 1 3 1 0 3 4 1 2 1 2 2 4 1 4 4 1 4 4 0 4 1 0 1 4 3 1 4 0 4 3 0 0 3 2 2 1 3 1 3 0 3 2 4 1 1 0 0 0 4 2 1 0 2 0 2 0 1 3 3 0 1 3 2 4 2 0 2 3 1 2 3 1 4 4 3 0 4 0 2 0 2 4 3 4 1 2 2 2 0 2 4 2 2 1 3 2 1 3 0 4 0 0
1 2 1 1 2 0 3 2 2 0 3 0 1 4 2 0 3 3 4 2 2 2 3 0 1 2 0 1 3 1 3 1 0 4 4 2 4 2 1 3 4 4 4 1 3 1 3 1 1 3 0 3 2 1 1 3 3 1 4 3 4 2 0 4 3 1 4 2 4 0 0 0 0 1 3 0 0 2 2 1 0 2 2 2 3 0 2 3 1 1 4 3 0 1 4 3 2 0 2 3 1 4 4 3 3 2 0 3 1 4 4 3 4 3 0 4 3 4 0 2 0 4 2 2 0 1 2 4 2 1 3 0 3 4 0 1 3 0 4 0 0 0 3 1 1 1 0 4 0 0 1 3 1 0 2 3 2 0 3 1 3 3 1 1 2 3
4 2 3 3 2 0 1 1 3 2 4 4 3 4 1 2 4 3 2 2 1 4 4 4 2 2 4 3 1 3 3 0 1 2 1 0 4 4 3 3 1 2 4 1 4 0 3 3 0 3 0 2 4 4 3 2 4 3 0 0 1 1 0 4 3 1 0 4 0 3 4 3 1 0 2 2 1 0 0 1 0 1 0 0 2 4 2 1 4 4 1 2 0 2 2 0 0 2 2 3 2 1 1 0 4 0 2 0 1 3 3 1 1 1 3 3 0 0 0 4 0 3 3 0 0 0 3 3 4 0 1 2 3 4 4 2 0 2 4 3 2 0 1 3 1 0 3 3 0 0 4 2 4 2 0 4 3 3 4 2 3 0 1 1 2 3
1 2 0 0 2 4 0 3 4 1 3 2 4 1 3 3 3 2 3 0 3 1 3 3 0 3 0 4 2 2 2 3 1 4 0 3 0 1 2 4 4 2 3 1 0 1 1 4 0 4 1 1 0 2 1 3 0 1 2 4 1 1 4 2 0 0 1 0 1 0 1 2 2 4 3 3 3 0 4 0 4 2 1 2 4 2 0 0 1 4 1 2 0 1 4 2 1 0 4 4 2 2 1 0 1 0 0 1 0 1 2 1 3 0 3 3 3 0 0 4 4 1 1 1 4 2 0 2 0 1 1 2 3 0 4 2 2 1 3 4 2 2 0 3 3 4 3 3 4 3 4 1 1 2 2 3 4 0 0 4 1 4 4 2 4 3
4 3 2 4 2 1 2 2 4 2 3 4 0 0 4 4 1 1 1 0 1 2 0 1 4 4 2 3 1 1 3 2 4 0 1 3 2 0 1 3 4 4 3 1 4 2 0 2 0 3 3 3 3 0 0 2 4 4 0 2 3 0 4 4 3 3 3 2 3 4 0 0 0 0 1 2 0 2 1 2 2 4 1 0 2 3 4 1 2 1 4 0 2 0 0 0 3 3 4 2 4 1 4 1 2 0 0 4 4 2 3 2 3 4 4 0 4 4 4 2 2 3 4 4 0 1 1 4 4 0 3 0 2 2 4 1 2 4 0 2 1 3 1 2 0 2 2 4 3 1 3 1 1 3 0 2 4 4 1 1 4 1 3 3 3 2
4 0 2 1 4 0 0 2 2 2 0 2 1 3 0 2 1 4 2 4 1 1 3 4 4 4 0 3 3 0 2 2 0 4 4 2 2 1 4 1 3 4 3 1 0 1 3 3 0 0 2 3 4 2 2 0 2 4 0 0 1 3 4 1 4 3 0 1 1 0 0 4 1 3 3 3 1 3 4 1 1 1 4 2 1 3 2 3 4 3 0 0 1 4 4 0 0 4 4 1 1 4 3 0 4 1 3 1 1 2 2 4 1 4 1 2 2 4 2 2 4 2 2 2 3 1 4 3 3 3 2 4 4 0 4 1 3 0 4 4 4 3 4 0 2 2 4 0 3 3 4 2 0 3 1 1 0 1 4 0 1 1 4 1 3 1
4 1 1 3 3 0 1 4 3 4 1 4 1 0 3 0 4 0 3 1 1 0 2 3 2 3 1 2 1 0 0 0 1 1 3 1 3 2 0 3 1 2 3 2 4 3 4 3 0 4 1 4 2 3 2 4 4 3 3 2 0 3 0 4 1 0 0 0 2 1 0 3 0 0 2 1 3 3 1 4 0 3 3 2 1 2 3 2 2 2 0 3 2 0 2 4 0 4 1 0 2 1 0 4 2 0 0 2 3 2 3 3 0 1 2 3 0 1 1 3 0 3 3 2 0 2 1 2 3 2 2 1 1 3 0 3 3 3 0 3 2 1 4 2 4 3 2 0 4 0 0 1 3 3 4 0 2 2 3 0 2 0 3 3 0 4
3 0 4 0 4 1 1 3 0 1 3 4 3 3 0 3 1 0 3 2 1 0 0 4 2 4 1 1 4 2 2 4 2 3 1 3 4 3 3 1 1 2 0 4 2 0 4 3 3 2 1 4 4 3 3 3 4 4 4 3 3 3 4 1 1 0 1 2 3 0 3 1 2 1 2 4 1 1 2 4 3 0 0 4 3 3 3 2 0 4 2 0 0 1 3 1 2 0 1 2 0 4 4 2 0 3 1 4 0 0 0 0 1 1 0 4 1 0 4 3 1 3 4 1 0 2 0 4 2 1 3 2 2 4 1 0 3 2 1 3 3 1 3 1 4 0 0 1 2 1 4 1 2 0 4 4 3 1 3 2 4 3 2 2 3 3
4 3 3 0 1 1 1 1 2 1 4 4 4 3 3 0 4 0 1 4 4 1 0 4 0 0 2 2 4 2 1 3 0 4 3 3 2 1 0 1 4 1 2 3 4 2 1 4 2 4 0 3 2 2 2 2 4 2 0 3 4 3 3 2 2 3 0 1 0 2 2 4 0 1 0 0 4 1 1 3 2 3 2 4 0 1 1 0 3 1 0 0 4 1 4 3 4 1 1 4 4 3 1 4 2 1 1 1 4 2 4 1 0 3 0 3 0 1 0 0 0 2 2 1 3 1 2 3 3 3 4 4 4 0 0 1 3 2 4 2 1 3 0 2 4 0 2 4 4 2 1 1 1 4 2 0 2 1 0 2 0 1 1 4 4 2
2 2 1 1 2 2 1 2 1 0 0 3 1 1 2 3 2 4 2 1 1 1 3 3 4 3 4 0 4 0 4 1 3 0 2 2 3 3 1 4 4 1 0 0 4 2 0 1 3 4 0 1 1 3 4 0 3 1 2 2 1 4 0 4 1 2 3 4 2 0 1 1 3 3 4 0 0 4 1 1 1 1 2 2 1 2 4 4 3 3 3 4 2 3 1 4 0 1 0 3 3 3 1 4 1 2 4 4 4 0 0 0 4 4 2 2 3 3 2 3 1 0 3 1 1 1 2 1 4 4 1 3 3 0 2 4 4 1 3 3 3 0 3 4 0 2 2 3 2 1 2 1 1 2 2 4 0 4 3 4 3 1 4 3 1 1
3 1 4 3 1 0 1 2 4 1 1 3 1 4 4 0 0 3 4 4 2 4 0 0 1 0 2 2 4 0 1 4 3 0 2 2 2 0 4 4 1 2 2 0 1 2 0 3 2 0 2 4 1 2 2 4 0 1 2 4 3 3 0 2 0 4 4 0 0 0 4 3 2 1 3 4 0 1 4 4 3 4 1 4 1 0 1 3 1 0 4 4 3 4 1 0 4 2 0 4 2 1 2 0 0 3 1 2 4 0 2 2 4 3 3 3 3 4 3 1 4 3 0 4 2 4 2 1 3 2 2 1 4 0 3 1 3 4 3 4 1 0 1 3 0 4 3 3 1 1 4 0 4 2 2 2 3 4 0 1 1 3 2 2 0 2
3 0 3 4 4 0 4 0 0 0 1 3 0 2 1 2 3 1 4 0 0 2 4 0 3 2 3 3 2 0 0 2 0 4 1 4 1 3 4 1 3 3 1 3 0 2 2 0 0 1 2 0 0 3 1 4 1 1 2 0 2 4 4 2 3 3 4 1 1 0 4 1 3 0 1 4 0 4 4 0 2 2 1 3 0 2 2 3 0 1 0 4 0 0 2 1 0 3 4 1 3 4 4 2 1 0 1 1 1 0 2 4 4 3 2 0 2 4 0 2 2 1 2 4 1 1 2 1 1 2 4 4 1 3 1 4 0 4 1 2 2 3 1 1 1 3 3 0 2 4 2 1 0 1 0 3 4 3 1 2 2 2 2 0 0 3
4 2 0 0 4 2 3 0 3 1 3 2 1 2 3 1 0 3 4 1 3 1 1 4 3 3 1 0 3 3 1 2 0 1 3 2 3 3 2 3 0 3 0 3 2 3 4 3 3 4 1 1 0 2 2 0 0 0 1 0 0 4 2 3 2 2 0 0 1 4 0 3 4 1 1 2 1 3 2 2 2 3 3 4 2 3 4 4 0 2 4 1 3 3 1 0 1 1 2 4 2 3 4 2 1 2 1 4 0 0 1 2 0 2 3 2 0 0 1 0 2 2 3 1 0 4 3 3 2 3 4 0 1 0 2 4 3 0 3 3 0 0 3 0 2 1 4 4 1 2 1 1 4 0 4 1 1 4 0 4 2 1 4 3 2 3
2 0 3 3 0 0 3 3 2 2 2 1 1 0 3 4 1 4 4 2 0 1 2 2 0 4 4 1 3 1 4 2 3 4 2 3 1 0 4 3 4 1 4 2 1 4 2 0 3 1 2 3 4 4 1 1 1 2 2 1 3 3 0 3 4 3 3 0 3 2 0 0 0 4 2 4 0 4 1 3 1 3 4 2 0 2 4 1 4 3 4 4 2 4 2 3 2 2 4 1 2 4 1 4 1 0 3 1 0 4 2 3 0 3 0 2 0 1 0 4 0 4 0 2 3 4 0 1 1 1 4 0 3 2 0 4 2 0 2 2 0 1 0 2 4 3 4 1 4 4 2 4 3 2 3 3 1 1 4 0 4 0 0 2 2 0
3 2 1 1 4 3 4 2 0 1 0 1 2 1 2 0 1 0 4 1 0 3 2 0 3 2 0 3 4 0 1 3 2 2 1 3 2 2 0 2 3 2 0 1 4 2 3 2 4 4 3 4 2 1 1 0 0 4 1 1 4 2 1 3 1 2 1 3 0 4 2 0 1 2 3 2 4 3 4 0 3 3 4 0 1 1 1 3 0 2 4 1 1 1 4 2 0 2 0 2 1 2 3 3 4 1 2 0 0 2 0 3 2 1 0 0 4 3 3 1 2 4 2 3 0 3 0 1 1 2 3 2 4 3 2 0 0 0 2 2 4 4 2 3 1 2 0 0 3 0 2 0 4 1 4 0 0 1 3 1 4 3 0 0 2 3
1 4 0 0 3 4 0 0 4 1 4 4 3 2 4 2 3 0 4 4 2 4 2 0 2 1 4 2 4 3 0 2 4 0 2 2 1 4 4 2 2 3 1 1 3 2 3 3 3 2 4 0 3 1 3 0 0 4 0 4 2 0 1 3 3 0 0 1 0 1 4 2 4 2 0 4 0 4 2 0 3 3 2 4 0 0 4 0 1 4 1 3 2 4 3 2 4 3 3 4 4 4 4 1 2 4 2 4 0 2 1 4 0 3 3 0 1 4 2 2 1 0 3 0 4 1 2 4 2 2 0 3 2 4 4 1 1 4 0 1 1 1 2 1 1 2 4 2 4 3 2 0 4 0 2 3 1 4 4 0 3 0 4 2 1 0
3 2 4 0 1 2 3 3 4 0 3 0 4 2 3 1 4 4 1 1 3 0 2 4 0 0 1 4 3 3 0 3 2 1 4 0 4 2 1 0 2 4 0 2 1 0 0 2 2 2 3 2 2 2 1 4 4 3 4 2 1 1 3 0 4 2 1 3 1 2 0 4 3 0 3 1 3 3 3 0 2 3 2 4 0 3 1 4 3 0 4 1 3 2 2 2 1 0 3 2 4 3 3 2 1 3 3 4 2 1 1 1 1 3 3 3 3 4 4 4 4 3 0 4 2 2 1 0 4 1 3 3 0 3 0 1 2 0 2 1 3 3 2 4 3 0 2 3 1 2 2 2 2 3 1 2 2 0 2 2 1 2 0 1 3 3
2 0 3 4 3 2 4 2 3 2 0 1 3 1 0 0 4 2 0 0 4 3 0 4 0 2 3 2 0 1 2 0 3 3 1 1 0 1 4 0 0 4 1 3 0 1 4 4 1 4 2 2 2 4 1 4 1 2 4 4 3 3 4 2 1 0 3 3 1 4 4 2 3 0 0 1 4 1 0 2 3 4 4 2 4 3 4 2 0 3 1 3 1 0 2 0 1 3 3 4 2 2 3 3 0 1 4 1 2 1 3 0 1 4 3 2 2 4 4 4 2 1 3 0 3 2 2 1 0 1 3 0 0 1 3 0 2 2 1 2 3 1 4 1 1 4 3 0 3 0 0 0 1 0 3 1 2 0 3 0 3 1 0 4 4 3
4 2 2 3 4 0 1 3 4 4 3 4 0 1 4 0 4 2 0 4 4 4 1 4 4 0 2 4 1 1 4 0 3 1 0 4 4 4 0 3 3 0 2 0 3 4 0 4 1 2 3 0 4 2 1 3 2 3 0 3 0 4 0 0 1 3 2 0 4 2 0 2 4 4 0 2 0 0 2 2 0 2 4 4 4 1 2 3 4 4 3 1 4 1 2 2 1 1 4 0 0 1 4 4 0 4 3 1 2 2 0 2 0 4 3 1 0 2 2 2 2 0 3 1 1 2 0 2 3 4 4 3 0 4 4 2 3 3 0 0 0 0 4 2 0 2 1 2 0 3 4 2 3 0 0 2 2 0 1 3 1 1 1 1 2 3
0 0 3 1 3 3 1 2 3 3 0 4 3 2 2 2 4 2 2 1 1 2 3 3 0 4 1 3 0 3 1 2 3 4 3 3 0 2 1 0 2 3 1 0 2 3 0 3 2 4 4 4 1 2 4 1 1 0 2 3 3 0 2 3 0 1 2 2 0 0 4 2 0 0 0 2 3 0 2 2 4 1 1 1 0 0 4 3 2 3 3 0 4 0 4 1 3 3 3 3 0 2 3 0 2 3 4 2 3 3 1 2 4 3 0 1 0 2 1 0 0 4 0 1 1 1 2 0 1 0 0 1 4 3 3 3 1 4 2 1 2 4 1 3 4 3 4 1 0 2 1 3 1 2 4 0 0 2 0 4 4 2 0 1 1 1
4 4 0 2 1 3 1 4 1 0 2 3 3 0 0 0 0 4 4 1 4 4 0 1 3 2 3 1 3 1 2 4 1 2 1 4 2 4 0 1 1 4 1 0 4 3 2 1 4 1 3 3 2 3 1 3 0 2 4 0 3 3 0 1 2 3 2 0 0 2 3 3 2 4 0 3 4 2 0 4 3 3 2 3 3 1 1 1 3 2 1 3 0 1 0 4 2 2 1 2 2 4 0 1 0 1 4 0 0 1 4 4 1 3 2 0 4 0 1 4 2 4 3 4 3 3 3 0 2 0 2 1 1 4 2 2 2 4 4 3 2 3 4 4 3 3 1 0 3 2 4 2 3 2 3 1 2 1 3 2 3 2 3 2 2 3
1 1 4 0 4 1 0 0 0 3 3 1 3 3 0 0 0 4 2 3 2 2 2 1 4 2 3 4 4 2 2 2 4 1 4 0 3 4 1 0 0 4 2 0 3 4 0 0 0 0 1 3 2 0 1 3 2 1 2 4 4 0 1 0 3 3 0 3 2 1 4 2 3 3 0 3 4 0 0 0 0 1 0 4 1 1 2 1 4 0 0 3 2 3 3 0 1 1 1 1 2 2 0 2 2 0 0 1 3 3 3 0 4 3 0 3 1 2 4 1 4 1 1 1 1 0 4 0 1 0 3 0 4 3 3 1 1 0 4 4 3 3 1 0 1 1 3 0 1 4 3 0 0 4 4 3 1 3 3 2 0 1 0 4 2 0
2 0 2 1 4 1 4 0 3 3 4 1 0 0 0 3 2 2 2 1 0 4 1 1 3 3 4 0 4 3 0 1 3 3 0 2 1 1 0 4 4 1 2 1 1 4 4 0 1 4 4 3 3 0 1 3 4 1 4 0 4 4 2 3 4 4 2 0 0 4 1 0 0 3 3 3 2 3 1 0 2 0 4 2 0 0 0 1 3 1 4 0 3 1 0 2 2 2 0 2 4 1 4 4 0 3 0 2 1 1 3 0 3 4 4 0 1 1 4 0 3 3 2 1 1 2 0 3 4 0 0 0 2 0 2 2 3 2 1 1 0 1 3 3 0 2 0 2 3 4 4 1 2 1 4 3 3 0 1 4 0 4 0 2 4 2
1 4 1 3 2 3 4 0 3 2 2 3 1 2 3 0 1 2 3 0 1 3 2 4 4 3 3 1 2 4 0 1 3 3 1 0 1 2 2 4 4 1 0 0 4 0 2 0 2 2 2 0 2 0 0 2 0 0 0 4 0 1 0 0 4 1 3 3 4 0 4 0 2 4 3 3 1 0 0 4 0 2 1 2 4 3 1 1 4 2 1 4 3 3 1 4 0 4 2 1 0 2 3 4 3 1 4 0 2 4 1 2 3 2 1 0 1 3 1 2 0 2 3 0 1 4 1 3 4 4 1 1 3 4 0 3 1 1 0 0 0 1 2 0 1 3 0 4 3 2 1 3 4 4 0 2 3 2 0 4 3 3 0 1 3 2
1 4 3 2 4 0 0 3 1 1 3 3 0 2 0 1 2 2 2 3 4 3 0 2 2 3 0 3 1 0 2 4 4 1 1 0 3 2 3 1 3 4 0 1 1 0 4 3 4 2 3 1 2 0 3 4 3 0 4 1 1 2 1 2 0 4 3 3 1 3 0 2 2 2 3 0 2 4 1 4 3 4 0 0 0 0 0 0 2 1 4 3 3 2 3 0 1 1 1 3 1 1 2 4 0 0 4 2 4 2 3 0 2 3 0 4 3 0 4 1 4 0 1 2 2 1 0 4 2 1 4 1 4 1 0 4 3 1 3 4 4 2 4 3 0 0 2 1 2 3 4 1 4 2 1 1 4 1 2 3 2 1 4 1 2 1
2 0 0 0 0 1 2 4 4 0 4 3 3 4 1 2 0 2 1 1 1 0 2 3 4 1 0 0 4 2 2 1 0 2 2 0 3 4 1 4 1 3 4 4 2 2 3 2 0 0 1 1 0 0 1 1 2 1 2 1 1 1 3 3 3 0 3 3 1 1 4 0 4 3 4 3 0 0 3 2 0 4 0 2 4 2 4 3 0 3 0 3 4 3 1 4 0 1 2 3 3 3 3 4 3 0 0 0 0 3 3 2 4 0 4 0 4 0 4 0 3 1 0 4 1 2 3 1 3 2 1 3 0 0 3 0 0 0 1 2 3 4 4 4 1 0 4 1 1 0 3 1 1 3 1 2 0 1 0 1 4 2 4 1 2 4
2 4 4 0 3 4 1 2 3 2 2 3 3 0 0 3 4 2 2 0 4 2 3 0 0 4 4 0 1 1 4 0 2 1 2 0 0 3 2 4 0 1 4 1 4 4 4 3 1 3 0 3 1 3 0 3 3 4 3 1 2 0 3 4 1 0 1 1 0 0 2 0 1 1 3 2 3 0 0 1 3 0 1 1 1 3 0 4 2 3 2 1 0 2 2 1 2 3 0 2 3 2 4 2 1 3 4 1 0 2 2 3 2 1 0 0 4 0 4 4 0 3 0 1 0 3 2 4 3 4 3 2 4 3 1 0 3 2 3 3 4 2 1 4 3 1 4 3 3 1 4 4 1 4 0 2 4 2 1 3 2 0 2 1 0 3
3 3 2 3 3 4 0 1 0 1 3 1 1 3 2 0 2 1 4 2 3 4 2 1 4 1 3 1 4 3 4 4 3 3 2 1 2 4 3 2 0 3 4 1 3 3 1 1 1 3 0 4 2 2 3 1 3 1 4 4 2 0 3 0 3 0 4 1 2 4 0 2 4 1 4 2 2 2 0 3 0 1 0 4 3 0 0 4 1 1 0 3 1 4 1 0 1 2 3 3 3 0 1 2 2 2 1 1 4 2 1 0 3 3 4 3 3 2 4 2 3 0 2 0 4 0 2 2 2 0 3 0 0 1 2 4 3 1 2 4 3 1 4 3 4 1 1 0 0 1 2 0 3 4 2 4 0 4 1 4 1 4 0 4 2 4
3 0 0 3 0 0 4 1 3 3 4 2 0 4 0 2 0 3 4 2 2 4 4 0 3 0 2 0 4 4 0 0 0 2 3 2 3 4 0 3 4 0 0 0 4 0 2 1 3 1 1 0 2 0 1 3 0 3 3 2 4 0 4 4 3 4 3 3 3 4 1 2 4 4 4 0 4 2 2 0 0 3 2 0 3 0 3 0 3 3 4 0 4 3 1 4 2 0 2 2 1 0 0 0 4 4 0 1 3 4 1 1 2 3 1 0 4 1 3 4 4 2 4 0 3 1 4 2 3 3 0 4 1 0 1 2 1 1 3 2 1 1 3 0 0 1 3 1 2 1 0 3 0 2 4 0 0 0 3 3 1 3 4 2 0 0
4 3 3 0 0 1 1 0 2 1 3 0 4 2 3 2 1 0 4 2 1 4 4 1 4 0 4 3 2 1 3 4 4 1 4 2 3 2 4 2 1 3 2 0 0 2 2 3 2 1 0 0 2 0 1 3 2 2 1 2 3 1 1 0 0 2 2 0 4 1 2 2 1 4 3 2 3 0 0 2 4 3 3 3 3 1 2 0 1 0 2 1 2 0 1 4 4 0 4 1 4 1 3 0 2 1 2 0 4 0 2 3 3 2 1 3 4 3 0 2 4 0 3 3 0 0 2 2 2 1 3 1 2 1 2 1 0 1 1 4 1 3 2 1 3 0 4 2 4 0 4 0 0 4 0 2 4 4 1 4 0 4 0 4 3 4
0 0 1 3 4 4 3 3 1 1 0 2 0 1 4 4 3 1 1 3 4 0 2 2 1 4 4 2 0 2 3 2 4 1 0 0 1 1 0 4 2 0 3 3 2 3 4 0 4 0 1 0 3 3 3 4 0 2 3 2 1 2 0 0 0 2 0 3 3 2 2 3 2 1 1 1 4 2 2 0 0 3 1 3 3 4 4 0 3 3 3 4 2 3 1 2 2 1 1 3 0 0 1 2 3 4 4 4 1 3 0 1 3 1 1 1 2 1 4 0 1 2 1 0 2 2 4 4 0 2 4 0 3 0 2 3 4 3 3 3 1 3 1 4 1 3 3 3 1 2 0 4 4 1 4 3 3 3 4 3 3 4 3 1 4 2
1 1 1 4 4 2 4 2 2 0 0 0 0 3 4 2 2 0 3 3 3 3 4 2 3 2 1 1 0 3 4 1 1 2 1 0 4 0 4 3 3 2 0 0 0 4 3 0 4 3 3 4 2 2 2 0 4 0 4 4 0 0 3 1 2 4 3 1 1 3 2 4 0 2 0 2 4 0 2 3 3 1 3 2 0 2 3 2 4 2 3 2 4 1 3 1 0 4 4 4 2 1 0 4 4 2 1 0 2 4 3 1 2 3 3 4 2 3 1 4 2 0 1 1 3 1 4 1 0 4 0 4 2 0 3 3 3 0 3 2 1 2 0 0 2 1 4 2 4 3 1 4 0 2 2 3 3 2 4 1 1 1 0 3 4 4
2 4 1 2 1 4 4 2 4 4 0 0 1 1 3 4 0 0 3 3 4 1 2 0 4 0 2 0 3 3 4 2 2 0 0 3 1 1 2 0 2 4 0 0 1 1 4 3 1 2 1 2 1 3 3 0 0 2 0 4 0 1 3 4 3 0 4 4 4 4 4 3 3 2 4 4 0 0 3 3 3 1 1 1 2 1 3 2 0 4 3 2 2 4 1 1 1 0 0 2 1 2 1 0 1 2 1 1 2 1 1 2 0 2 0 4 0 4 1 0 0 2 2 2 3 0 3 1 1 1 4 2 3 2 4 4 4 3 2 3 4 0 3 1 3 3 0 0 2 4 1 4 1 0 2 1 1 0 2 4 3 1 3 1 3 3
2 4 1 1 0 2 2 3 4 2 1 4 2 1 0 0 0 1 1 4 4 2 2 2 1 0 0 4 2 1 4 1 0 2 3 0 0 0 0 1 4 4 2 1 0 3 2 2 1 0 4 1 2 1 3 0 1 0 4 0 1 4 4 4 3 2 1 3 4 2 1 0 1 4 1 3 4 0 2 0 0 1 1 4 2 1 4 1 4 4 3 0 0 2 1 0 1 3 4 2 2 2 2 0 3 4 3 2 1 2 3 2 4 1 3 3 0 3 1 4 4 0 1 1 4 3 1 1 3 2 3 0 0 1 2 3 2 2 1 3 4 4 2 0 2 1 4 2 4 2 1 0 2 3 1 4 3 2 0 1 0 0 1 0 1 0
0 0 2 1 4 1 2 3 2 0 1 3 4 2 0 3 2 0 1 3 4 1 3 4 2 3 1 0 0 3 0 0 0 2 4 1 3 3 0 2 0 1 0 0 1 3 3 3 3 1 4 4 2 2 0 4 2 1 1 4 4 1 1 2 3 0 3 3 4 3 1 1 2 3 1 3 3 1 3 1 2 2 0 1 4 2 2 3 4 3 2 0 1 4 2 4 1 1 0 2 4 3 4 3 1 2 3 0 4 2 3 3 4 1 2 1 3 4 1 2 0 4 3 1 0 2 3 3 3 3 1 0 1 2 3 4 4 2 1 0 1 2 1 0 3 3 3 3 2 0 3 4 1 3 1 1 0 1 4 4 4 2 4 2 1 4
3 3 3 2 3 4 4 4 2 4 2 0 4 2 2 2 1 3 0 4 1 1 0 3 0 1 2 1 0 4 2 1 2 3 3 2 2 4 4 1 0 3 4 4 0 1 2 4 2 2 3 0 0 1 3 2 4 1 3 0 2 3 1 1 1 1 3 0 0 4 2 0 3 3 4 3 4 3 4 3 3 0 4 3 1 4 1 2 0 4 2 4 4 0 0 0 1 1 1 3 0 0 0 3 3 2 4 4 0 0 3 3 0 4 2 3 3 0 1 1 4 0 2 1 1 3 1 4 1 4 3 3 4 0 4 4 2 3 4 3 3 4 3 1 0 2 4 3 2 2 1 4 3 4 0 1 4 3 0 2 3 0 0 4 1 4
1 3 4 0 3 0 1 4 1 1 1 2 1 1 0 0 0 0 1 2 1 0 0 1 4 0 4 4 2 0 1 3 3 0 0 4 0 1 3 3 4 1 3 2 2 3 2 4 0 3 1 1 0 4 4 4 1 3 1 3 3 2 1 4 2 3 0 0 1 3 3 0 1 3 0 4 1 2 3 3 3 2 1 0 1 1 2 2 1 3 3 2 0 1 3 4 0 3 4 1 3 0 4 4 3 4 3 2 3 4 2 3 1 4 4 4 2 3 3 3 1 1 2 3 3 2 2 3 0 4 1 0 1 0 0 1 1 0 3 0 1 1 0 2 2 1 3 4 4 2 4 2 3 4 0 1 1 3 1 2 4 3 2 0 3 4
1 0 0 2 2 3 0 2 1 4 1 1 3 0 3 4 3 4 3 3 2 0 3 4 4 4 2 3 1 0 3 0 2 0 2 4 3 4 4 1 3 2 0 3 2 3 2 2 4 1 3 2 3 3 1 2 3 3 0 1 3 0 1 3 2 0 4 3 4 3 4 4 0 4 2 0 0 0 4 4 3 2 3 1 1 4 0 1 2 2 2 3 3 1 3 2 1 2 0 1 3 0 0 0 1 0 0 3 0 0 0 0 4 3 1 2 0 3 0 4 0 0 4 0 1 2 3 2 0 3 3 3 0 1 3 4 1 1 2 3 3 2 3 2 3 1 2 3 4 2 4 4 2 4 0 3 1 3 1 3 3 1 1 4 2 2
0 0 0 2 3 3 2 1 2 2 4 1 2 3 4 1 0 3 0 0 4 2 0 2 0 0 3 4 4 3 3 1 0 3 4 4 3 3 2 0 0 2 4 2 2 3 3 2 3 1 2 2 3 4 4 0 0 0 1 1 0 4 3 0 4 4 1 2 2 4 0 4 3 4 3 0 4 3 3 2 4 2 2 4 2 3 2 4 0 0 0 0 0 0 1 1 4 4 4 3 3 4 4 3 0 4 4 4 0 4 3 1 3 0 3 2 1 0 1 1 2 4 2 2 4 0 4 1 4 0 1 0 1 1 3 1 2 4 0 2 0 3 4 4 1 2 1 2 4 3 3 1 4 2 1 0 4 2 1 1 2 3 1 3 1 1
4 3 3 1 1 3 1 2 2 2 4 1 1 3 1 2 4 0 1 2 0 1 4 2 2 1 2 0 1 3 3 0 3 1 3 1 0 0 3 4 4 2 0 1 2 1 0 4 3 1 1 4 4 1 3 3 4 2 0 1 2 4 3 0 0 2 2 2 2 2 4 3 2 4 1 1 3 1 0 1 0 4 2 1 2 0 0 3 4 0 4 1 1 3 2 4 2 1 1 4 0 0 4 2 2 1 4 2 4 1 3 4 2 3 3 4 0 3 3 0 0 4 1 2 4 0 1 1 3 4 2 4 0 2 3 4 3 4 1 4 1 1 4 0 4 2 2 0 2 2 0 2 1 3 1 1 4 4 4 2 4 2 3 1 1 2
0 4 1 3 0 4 4 4 0 4 3 2 1 2 4 3 2 2 1 3 0 2 3 0 2 4 2 0 0 3 4 0 4 3 0 4 2 4 1 4 0 1 3 1 4 4 4 3 2 3 1 2 0 1 2 2 0 1 0 2 1 4 2 2 2 4 4 2 4 0 3 1 3 2 3 4 3 4 2 0 4 1 0 0 2 2 4 0 1 4 2 4 1 2 2 0 1 1 4 2 3 3 4 1 2 4 3 0 0 0 3 0 1 3 2 1 2 3 1 0 3 0 0 1 2 2 1 1 0 3 3 0 3 2 1 0 3 4 2 4 2 2 1 3 2 3 4 0 1 2 0 1 3 2 4 2 1 3 3 1 1 2 1 4 1 0
1 0 1 0 1 0 3 2 4 2 0 0 2 3 0 0 2 3 2 1 0 4 4 1 2 2 0 1 1 1 3 4 3 4 0 1 2 0 3 1 2 0 3 2 1 3 4 3 3 1 1 1 2 1 2 2 3 2 3 2 0 1 3 1 2 3 2 4 0 3 2 0 3 3 4 4 1 3 4 0 1 1 1 4 4 3 3 4 2 1 3 4 4 2 0 3 0 0 0 3 3 4 0 3 2 4 3 4 2 4 1 3 2 4 4 1 4 2 3 1 0 1 0 4 3 3 0 1 3 2 4 1 1 4 4 4 0 4 0 2 4 3 0 3 2 0 0 1 4 3 4 0 4 4 4 0 2 1 1 0 3 0 3 0 1 3
1 1 2 3 0 3 3 0 2 0 2 4 3 2 4 2 4 0 1 3 0 1 2 1 3 0 3 2 2 4 0 0 2 4 0 2 0 3 0 4 0 4 3 3 3 2 0 2 2 4 3 0 2 0 1 0 2 0 2 2 1 4 2 1 1 0 3 3 3 0 2 4 2 2 4 2 1 2 2 0 1 0 0 3 2 2 0 1 2 3 3 0 4 3 1 2 3 2 0 3 4 2 4 1 4 4 1 0 1 3 3 4 0 3 2 4 0 2 0 4 2 1 0 4 4 1 1 2 3 2 2 3 1 2 1 3 1 2 0 4 2 3 3 2 2 2 3 4 1 4 4 1 2 4 0 1 2 3 0 1 2 2 1 4 1 2
4 2 2 4 3 4 0 3 4 4 0 4 3 4 0 2 0 2 3 0 0 1 3 0 4 1 0 0 2 1 4 1 1 3 2 1 0 4 0 4 3 2 0 2 1 1 1 1 3 2 1 4 3 2 1 4 0 3 4 2 0 0 0 3 4 2 4 4 2 4 0 2 2 0 4 0 3 3 2 2 0 0 3 0 2 1 4 2 0 0 1 2 0 1 0 1 1 1 2 0 3 2 2 2 0 2 2 3 2 4 2 2 0 2 4 4 4 3 4 4 3 2 1 0 4 3 4 0 4 1 2 2 1 4 4 1 3 4 1 0 3 1 4 0 3 3 2 4 1 1 0 1 3 3 4 4 1 3 1 3 4 3 0 2 3 2
3 1 1 2 4 1 3 3 4 3 2 1 3 0 4 0 4 4 4 3 4 0 3 0 3 2 1 1 2 4 0 0 2 3 4 1 1 4 2 0 0 1 1 0 3 0 0 2 0 4 2 1 0 0 3 0 0 4 3 2 0 0 4 0 0 4 3 2 0 0 2 0 3 1 0 2 3 1 4 0 2 4 1 4 4 2 2 4 1 0 1 4 3 3 4 3 4 2 0 4 3 0 0 1 3 2 0 1 0 2 2 3 1 0 2 0 2 4 2 1 2 0 0 0 3 4 0 2 3 3 2 3 0 4 2 3 3 2 4 4 4 3 4 0 1 3 1 0 3 3 1 2 3 3 4 4 4 4 1 3 4 0 1 4 1 3
2 0 1 4 1 0 4 0 3 0 3 1 1 3 1 4 0 4 3 4 0 4 1 2 2 0 4 4 0 1 4 4 3 0 3 4 3 0 1 3 2 1 4 0 0 0 0 2 1 0 4 2 4 2 1 4 2 0 3 4 3 2 1 3 0 1 4 0 1 0 3 4 2 2 4 4 2 1 3 0 3 2 2 3 4 0 2 4 3 2 0 3 1 1 2 1 3 1 3 1 4 1 2 3 0 2 2 4 0 0 0 4 0 4 4 1 0 1 0 3 0 3 1 1 4 0 0 4 2 3 1 1 2 3 4 2 2 3 2 3 0 2 4 2 1 3 4 3 1 1 1 1 4 0 4 4 0 4 0 2 0 3 0 2 4 1
4 1 1 1 1 2 0 0 4 4 3 3 2 4 2 1 2 1 1 2 2 1 1 3 1 1 1 3 0 0 0 0 4 1 3 2 0 4 3 2 3 3 0 2 0 4 3 2 1 4 1 3 3 3 1 1 1 0 4 2 2 1 4 3 0 2 1 2 3 1 4 3 4 2 1 1 1 4 4 2 1 0 1 1 0 4 4 4 1 0 3 1 4 2 4 4 1 0 3 0 1 3 3 3 0 4 4 1 1 0 1 4 3 4 2 0 0 1 4 2 1 4 0 2 3 4 1 0 2 2 0 0 0 0 0 2 2 0 3 0 2 1 4 0 0 3 1 3 4 2 2 2 2 2 2 0 3 3 0 2 2 2 0 2 0 0
4 2 2 0 4 0 1 3 2 4 3 3 2 4 3 1 3 0 3 0 2 1 1 0 1 3 4 1 1 4 1 2 3 4 2 2 1 1 2 3 2 0 4 4 4 4 2 3 4 0 3 3 3 1 3 4 0 3 0 1 2 2 3 3 3 3 0 1 4 3 1 1 3 0 2 0 1 4 3 2 1 3 1 4 0 4 1 2 4 1 3 4 0 3 2 0 3 2 1 2 0 3 0 1 0 4 1 2 0 1 4 1 4 2 3 1 4 4 3 3 0 3 4 3 4 1 3 2 1 2 2 3 2 4 4 2 4 0 1 4 3 3 1 0 0 1 1 1 0 2 0 2 2 1 0 3 3 1 3 1 3 0 4 0 4 4
4 0 1 1 0 2 1 3 2 3 4 0 0 4 4 2 3 2 3 4 2 3 0 0 4 0 0 1 0 2 2 4 2 0 2 4 2 0 2 4 4 3 0 1 4 4 0 3 3 3 4 3 4 4 3 3 4 1 1 1 3 3 2 2 4 0 2 1 2 1 1 1 2 3 4 1 4 4 1 0 0 0 3 4 1 1 4 2 2 1 3 2 4 1 0 3 3 2 2 0 0 0 4 2 3 0 4 4 0 2 4 2 3 4 1 1 1 2 4 0 3 4 3 0 0 3 0 0 2 4 3 2 4 4 0 4 4 1 4 4 3 0 3 1 0 4 0 1 4 4 3 4 3 1 4 1 1 2 3 3 1 1 3 3 0 3
2 0 1 1 1 4 2 0 3 4 1 3 0 0 4 0 2 2 2 1 0 0 0 1 1 4 2 4 2 0 4 4 2 2 3 0 1 2 2 1 1 1 4 1 3 0 3 0 0 2 4 0 3 4 1 4 0 1 0 2 3 1 4 0 3 2 0 1 4 0 3 0 1 4 3 4 0 1 0 0 4 4 2 4 0 4 3 1 2 0 3 0 3 2 2 1 1 4 2 0 4 0 0 2 2 0 2 2 2 4 2 3 0 4 2 0 0 2 3 4 2 2 4 2 1 3 3 3 3 2 0 4 0 3 2 2 3 4 4 0 0 3 3 0 4 2 2 0 4 1 4 3 3 1 0 1 4 3 1 4 3 4 4 3 2 1
2 0 2 3 3 4 1 3 4 0 1 1 2 0 2 4 1 2 0 1 1 1 2 4 1 0 3 2 0 0 3 2 3 2 2 1 1 3 1 2 0 2 0 3 0 3 2 1 2 4 4 0 0 1 0 3 3 0 0 3 1 0 2 1 4 4 4 2 4 0 4 2 0 0 2 2 0 4 3 4 0 2 0 2 1 2 1 4 2 3 0 0 1 4 1 0 4 2 3 0 0 4 2 0 1 4 2 3 0 2 3 2 1 0 0 4 2 1 4 4 1 1 2 2 0 0 3 1 3 3 2 3 2 1 0 4 3 4 2 0 3 2 3 1 2 3 1 1 1 2 3 2 3 0 2 3 0 0 0 0 0 4 3 2 2 0
3 0 4 3 3 4 0 3 1 0 3 4 1 4 1 1 3 4 1 2 4 4 2 4 4 4 0 0 2 3 0 2 0 2 0 3 1 3 1 4 0 1 3 3 0 1 0 1 0 3 3 2 2 3 3 2 2 4 4 1 2 1 4 2 3 1 3 2 1 1 3 1 3 2 0 0 3 2 3 1 0 4 3 3 4 3 2 3 2 1 0 1 2 1 1 3 2 4 2 1 2 0 2 2 4 4 0 0 1 0 1 2 4 1 2 0 4 1 4 4 4 1 0 3 2 1 1 1 2 0 2 2 1 2 4 0 1 1 2 3 2 0 2 3 1 1 4 3 2 3 4 3 4 4 1 1 3 0 4 0 0 2 4 3 4 4
1 2 2 3 2 4 4 4 3 2 2 2 2 4 0 1 4 1 3 1 4 1 1 3 3 3 2 3 2 3 4 3 1 1 3 3 1 2 0 4 0 2 3 2 4 0 1 3 1 4 1 0 0 4 0 0 3 0 3 0 3 2 0 1 4 3 2 2 3 2 3 3 1 1 2 0 1 3 1 4 2 2 1 4 2 3 0 2 3 3 4 2 3 4 0 2 4 2 1 2 1 4 2 3 0 0 0 3 3 1 4 3 1 2 4 0 0 4 2 4 0 1 3 3 2 3 2 1 3 3 1 4 4 3 2 4 0 3 4 1 4 0 4 2 2 3 2 2 0 4 1 2 2 1 2 4 0 4 3 3 4 1 2 3 4 2
4 2 0 0 3 1 0 4 4 2 4 3 1 4 3 0 1 0 1 3 2 3 4 2 3 0 3 3 0 4 0 1 1 2 1 4 3 3 0 4 2 0 3 1 4 1 1 3 3 2 3 2 3 0 4 1 0 4 4 3 4 1 4 2 3 3 4 2 3 4 3 3 4 1 4 1 4 0 1 0 4 4 2 2 4 4 4 2 3 0 2 4 2 3 2 0 1 3 4 2 2 3 0 2 4 4 0 4 4 1 1 3 0 3 3 2 4 2 1 0 2 3 4 1 1 3 2 0 1 3 2 1 1 4 0 1 3 0 2 4 1 3 4 3 3 2 0 0 1 3 0 1 3 1 2 0 2 1 2 0 0 1 1 1 0 1
4 3 1 3 2 4 3 3 3 4 1 0 4 2 4 4 3 2 2 3 4 4 4 3 0 4 4 3 3 4 0 4 4 3 3 3 0 1 2 3 0 3 0 1 2 1 2 3 1 0 1 0 1 2 1 1 4 0 2 2 2 4 1 1 4 1 0 4 3 4 4 0 2 0 4 1 1 1 4 2 1 2 0 3 0 1 1 4 3 0 1 0 4 4 4 4 1 1 3 1 0 3 3 4 0 2 0 1 4 2 1 2 4 1 2 4 4 1 3 4 1 1 0 1 3 1 0 4 2 0 2 4 3 0 3 3 0 0 2 1 2 3 3 2 1 1 3 2 2 2 1 3 0 3 1 3 4 1 4 3 2 3 2 2 1 2
3 1 3 0 2 0 0 2 4 3 3 3 0 2 2 1 3 2 0 4 3 1 3 4 0 2 3 2 1 4 2 4 2 0 1 4 2 3 1 2 1 2 0 1 1 4 0 4 1 2 1 1 3 4 1 3 3 1 3 4 0 0 1 2 2 4 3 4 3 1 3 4 3 0 3 0 4 3 1 1 2 2 4 0 3 0 1 1 3 1 3 3 3 1 2 0 0 2 4 0 4 3 2 2 3 0 4 0 0 1 1 2 3 2 4 4 0 0 2 3 1 0 2 4 3 1 1 1 4 1 1 3 1 3 2 1 0 4 1 2 0 4 1 0 2 1 4 2 3 2 2 0 4 1 1 0 3 3 1 4 1 4 4 4 0 3
2 2 2 4 0 2 0 1 0 4 4 4 3 3 3 1 0 0 2 3 0 0 3 3 1 4 2 0 0 2 4 3 0 3 4 2 1 4 0 1 4 0 2 2 0 3 0 2 3 3 0 0 0 4 3 2 0 0 4 3 3 3 1 0 2 0 2 0 1 2 3 2 2 2 2 4 0 2 1 3 0 2 0 1 3 3 0 0 4 4 3 4 0 1 4 4 1 1 4 0 3 4 2 3 1 4 2 4 2 4 4 4 3 0 0 3 3 0 0 2 2 4 1 2 0 0 1 4 3 0 4 4 1 3 2 2 3 1 1 2 2 1 1 0 1 2 0 1 4 1 4 1 2 2 3 4 0 4 3 3 1 4 2 2 3 1
2 3 3 0 0 0 3 1 3 1 0 3 3 2 1 4 3 3 1 4 3 1 0 3 2 4 3 4 3 3 1 0 3 4 3 3 1 1 1 4 0 4 0 3 1 1 2 1 0 0 2 0 2 0 3 1 4 3 0 2 3 3 0 1 4 0 1 1 1 0 2 3 4 2 1 2 4 0 0 1 3 3 3 2 3 1 3 2 2 3 1 0 4 3 4 3 3 0 1 2 2 4 0 3 1 4 0 2 1 1 0 4 4 0 1 4 2 4 3 1 0 1 1 4 0 2 4 0 0 1 2 2 2 0 1 0 1 1 0 2 4 0 4 0 1 2 4 0 4 2 1 4 4 4 0 1 2 4 1 2 2 4 1 4 1 2
0 2 1 0 1 0 2 0 1 0 0 0 2 4 0 3 3 1 0 0 2 4 1 3 1 4 4 2 0 0 2 0 4 3 2 3 0 0 0 1 2 0 4 0 4 1 0 4 2 0 4 4 4 1 4 2 2 4 2 2 1 4 0 3 4 2 1 4 4 1 3 2 2 2 4 1 3 4 1 0 2 2 1 1 3 0 1 2 4 3 0 3 2 0 1 3 4 2 2 4 3 0 3 2 4 4 4 4 3 2 4 2 4 2 4 0 3 2 2 4 0 2 4 4 4 0 2 4 4 1 0 0 2 0 2 3 4 1 3 4 0 4 2 0 2 3 2 2 0 4 1 0 4 3 1 3 3 3 4 0 4 4 0 3 4 2
4 0 1 2 2 1 1 4 3 0 2 0 2 4 0 1 4 4 4 2 4 4 0 4 4 1 3 4 2 0 2 1 2 0 0 4 1 3 3 2 4 2 2 3 1 4 1 2 3 0 4 3 2 1 4 1 0 2 3 2 4 2 0 2 2 0 3 0 3 2 2 4 1 0 0 0 4 1 2 0 4 4 0 1 0 4 4 2 3 4 4 3 1 1 2 0 1 0 1 2 4 0 3 1 2 3 1 4 0 0 1 4 4 1 2 2 2 1 4 0 1 1 0 4 2 2 0 1 0 3 0 4 0 3 2 3 4 3 4 1 1 0 0 2 1 4 4 0 2 1 0 0 4 3 0 3 0 2 4 2 2 4 2 2 0 1
2 1 2 1 2 3 1 2 0 4 3 2 4 0 0 0 1 4 0 3 2 0 0 4 0 4 0 4 1 0 0 4 1 2 2 0 0 4 4 3 3 2 0 0 3 0 2 1 1 2 4 3 2 1 4 4 0 0 3 3 2 4 2 1 1 2 1 4 1 1 2 1 3 4 1 3 1 3 4 2 0 0 2 0 1 2 4 3 4 3 2 1 4 1 2 2 3 4 1 1 0 0 3 0 4 4 4 0 0 0 4 0 3 4 0 1 3 2 0 2 2 2 3 1 0 1 3 1 0 2 2 2 2 0 2 4 2 3 1 2 1 1 4 4 2 0 0 0 4 0 2 1 4 0 2 2 3 2 3 0 4 0 4 4 3 4
3 0 2 4 4 0 2 3 4 4 0 2 4 4 4 3 2 4 1 1 3 4 4 1 2 0 3 1 4 1 0 4 3 3 4 4 0 3 3 0 3 0 2 4 2 1 3 1 2 4 3 2 0 4 3 2 1 4 4 3 0 1 2 1 1 3 0 2 2 0 2 2 3 1 1 2 4 1 3 4 2 1 1 3 2 0 2 4 1 3 2 3 0 1 4 1 0 2 0 4 4 2 1 4 0 2 1 0 4 0 4 3 3 0 3 1 2 1 2 0 1 4 4 3 0 3 2 2 2 2 1 4 2 2 0 2 2 2 4 3 4 0 1 4 3 0 2 2 3 4 3 4 3 2 0 1 2 2 0 2 1 2 1 3 1 1
3 3 0 4 3 1 0 0 1 0 2 3 2 0 3 0 1 3 4 3 1 2 0 2 1 2 1 4 2 4 2 0 0 3 2 3 1 2 0 2 4 2 3 1 4 1 4 3 1 0 1 0 4 4 2 0 3 0 4 0 4 2 3 4 2 0 0 3 4 0 1 3 3 4 1 4 2 2 2 0 3 1 0 2 0 4 3 3 4 2 0 1 1 3 0 3 0 0 2 4 3 3 4 3 4 3 2 3 0 2 3 3 0 4 3 0 3 1 0 0 0 2 1 2 3 3 0 3 4 2 0 4 2 1 2 1 4 1 1 0 3 0 0 3 4 3 0 4 4 2 4 2 2 0 4 0 4 1 3 0 4 0 4 3 2 3
2 1 4 3 3 3 3 4 3 4 4 1 4 1 0 0 3 2 1 4 2 2 0 3 4 1 3 0 0 0 3 2 4 2 0 2 2 1 3 3 0 0 4 1 1 1 2 4 1 0 0 3 2 0 3 1 4 2 1 4 4 1 3 3 3 3 3 1 4 3 4 2 3 0 3 1 3 0 0 4 0 2 0 2 0 3 0 4 2 3 3 2 4 1 2 0 1 2 1 3 1 2 0 1 4 3 3 2 4 0 2 4 3 2 4 3 0 1 2 3 2 2 2 3 0 4 3 1 2 4 1 0 3 1 1 2 0 1 0 1 2 4 2 0 1 3 0 3 0 4 3 4 3 0 2 3 2 1 1 4 2 3 1 3 1 4
0 1 1 2 4 3 1 2 0 2 0 2 3 2 1 1 1 4 2 1 4 1 2 0 0 1 0 3 4 2 2 2 0 3 4 0 1 1 2 3 0 4 0 3 4 3 0 0 2 4 3 1 0 2 4 2 4 4 0 0 1 4 2 2 3 2 2 1 0 1 0 0 2 2 4 1 1 1 4 0 0 2 2 2 0 1 4 1 2 1 1 4 0 4 3 0 3 2 2 3 3 4 3 2 1 4 4 4 0 3 0 2 2 2 4 2 0 0 3 4 1 2 3 4 1 1 4 4 3 1 4 3 2 4 1 4 4 2 3 1 2 3 4 4 2 0 4 4 1 4 4 4 1 4 0 4 3 0 0 3 3 4 2 1 4 0
2 0 4 2 3 1 3 4 0 2 0 1 2 3 1 3 4 4 4 0 4 2 0 4 1 0 1 0 1 2 2 3 2 1 3 0 2 1 2 4 3 2 3 2 2 4 2 1 0 2 1 4 4 1 4 2 4 0 2 0 2 4 1 1 2 4 3 1 2 0 1 0 4 4 0 1 0 2 3 0 4 4 2 1 3 3 3 2 0 1 4 4 2 2 0 2 1 0 3 0 3 4 3 2 0 3 1 2 2 4 0 2 0 2 3 0 0 3 4 0 1 4 1 1 3 3 3 2 3 1 2 1 3 0 1 0 0 2 0 3 3 0 0 0 4 0 1 4 0 2 1 2 3 4 3 2 2 3 4 0 4 1 4 4 4 2
0 4 4 0 2 4 2 4 4 1 1 2 2 2 0 0 1 3 4 4 2 1 2 1 1 3 0 2 3 4 4 0 3 0 0 3 1 4 2 1 0 1 0 2 3 2 2 1 3 1 2 0 4 4 2 2 4 2 0 4 3 1 4 1 2 1 1 3 0 4 1 0 2 4 4 2 1 1 3 4 4 0 0 3 1 4 1 0 3 3 0 1 4 1 4 3 3 1 4 0 2 2 1 4 1 0 1 3 4 1 4 0 1 4 4 4 3 2 4 3 0 1 4 1 3 1 2 3 2 1 3 1 0 1 2 2 4 0 2 3 1 1 3 4 3 4 3 3 3 2 2 3 1 3 2 1 4 4 1 3 2 4 4 2 1 3
1 2 3 3 0 4 2 0 3 0 0 1 3 3 1 0 4 4 4 3 0 0 4 1 4 3 2 0 0 0 4 4 2 4 4 4 4 1 0 4 1 2 3 0 2 1 2 1 0 3 1 2 4 0 0 0 3 2 0 1 0 1 0 2 1 1 2 2 3 4 1 1 1 1 1 3 2 1 2 2 4 3 4 0 1 4 0 4 4 3 2 4 1 4 3 2 1 0 1 4 1 3 0 2 4 4 3 2 2 0 1 3 3 1 1 1 2 1 3 1 1 0 2 3 0 1 2 3 3 4 4 0 4 1 2 0 2 0 4 4 2 1 0 3 4 1 4 1 4 2 0 1 3 4 1 0 0 0 0 4 4 4 1 0 0 0
1 3 3 0 4 0 1 1 3 2 2 3 1 2 2 1 0 2 0 3 2 3 3 2 4 0 3 0 0 4 0 1 4 0 4 0 1 2 2 1 0 1 1 1 0 4 4 2 1 1 0 1 4 1 3 0 1 2 0 3 3 3 2 4 3 1 4 1 3 3 3 3 0 4 4 2 0 0 0 2 2 0 3 1 3 3 4 4 2 4 0 2 4 2 1 0 3 3 3 1 3 3 2 0 0 3 3 0 4 3 2 1 0 2 4 1 3 3 2 2 0 2 0 1 4 3 3 2 1 2 1 2 0 0 2 0 3 2 1 4 2 0 0 3 0 2 1 0 2 3 2 2 1 2 4 0 1 4 0 4 1 3 1 4 3 1
1 3 3 2 3 1 0 0 1 2 4 2 2 2 0 1 4 1 4 0 4 2 0 4 1 3 4 0 4 2 1 1 2 1 0 2 2 0 3 3 4 2 0 3 1 3 0 1 4 1 3 3 3 0 4 1 1 3 3 0 2 1 1 2 3 2 4 0 4 4 1 1 4 3 4 0 1 1 3 3 2 4 3 2 4 0 4 2 3 2 3 3 4 1 0 4 3 1 4 3 1 2 4 0 1 0 0 4 2 4 2 4 3 1 4 4 1 3 2 1 2 2 1 3 3 3 2 2 0 4 2 1 1 3 3 2 0 3 2 2 4 1 4 2 4 3 4 2 3 3 4 0 0 2 1 3 1 3 2 3 2 1 1 1 4 4
0 0 2 4 4 2 1 3 1 0 3 2 0 1 0 4 4 0 3 0 1 1 0 3 4 0 0 0 1 1 4 3 1 4 3 1 3 4 1 1 1 2 4 1 3 4 2 4 2 3 1 3 4 2 3 4 4 3 1 2 0 3 0 3 2 3 1 0 4 0 3 3 2 2 1 2 4 1 2 1 4 3 1 3 2 4 4 1 0 1 3 0 4 1 0 1 4 2 3 4 4 1 4 1 1 0 3 0 1 2 3 0 3 4 1 0 0 0 4 0 1 4 2 2 0 3 0 0 2 3 1 1 2 0 4 3 2 2 0 4 2 3 1 0 4 2 0 4 3 1 0 1 1 2 4 1 2 4 3 4 0 1 2 4 1 1
4 4 4 4 0 3 4 1 3 0 1 0 4 4 2 1 2 3 1 1 1 3 3 2 3 0 3 0 1 2 4 0 3 0 1 3 3 0 1 1 0 2 1 1 3 3 3 1 3 4 2 2 4 2 4 4 4 2 2 0 1 1 0 4 1 3 2 4 3 1 0 0 3 3 4 2 2 4 0 2 0 2 4 4 2 0 4 1 0 1 4 1 2 4 1 3 3 0 2 3 1 4 1 2 2 2 1 1 1 1 4 1 0 0 0 2 3 4 1 3 2 0 1 4 1 4 2 1 0 1 2 3 2 3 0 0 0 3 1 1 4 2 4 0 3 4 4 3 1 2 1 3 4 4 3 1 4 2 4 4 1 1 4 3 1 2
3 1 0 2 4 0 4 0 2 4 0 3 2 3 1 0 3 0 0 1 3 4 1 0 0 4 1 4 4 3 1 0 1 4 2 3 1 3 3 3 3 0 1 2 0 4 3 4 2 3 2 2 4 0 2 4 4 4 3 4 4 2 1 2 1 3 2 2 1 1 2 1 3 0 1 1 2 4 0 4 4 2 1 0 0 1 4 4 2 4 0 1 3 1 3 4 1 1 3 0 4 2 1 4 0 4 0 2 3 2 3 4 2 4 4 2 2 0 3 4 0 4 0 0 2 1 2 1 4 0 1 0 0 4 1 0 4 4 2 4 1 0 4 3 1 0 0 4 1 1 3 3 0 1 3 4 4 0 0 3 3 3 0 0 3 1
0 2 0 4 1 2 1 2 2 2 0 0 3 1 1 4 1 3 2 4 2 1 2 0 1 2 3 1 2 3 2 2 0 0 3 4 2 4 3 1 3 3 1 4 4 2 3 2 2 2 4 2 3 1 2 1 0 2 2 2 1 1 1 3 1 4 4 3 3 3 2 1 1 3 2 3 3 2 0 0 4 4 4 4 2 1 0 2 1 4 1 4 1 2 2 2 1 2 3 4 2 0 3 3 0 2 3 3 0 4 1 4 0 0 1 0 4 1 4 2 1 1 1 4 3 0 1 2 4 1 3 1 3 1 2 4 1 0 4 1 1 2 0 2 3 1 4 4 0 0 3 3 1 1 2 2 1 0 4 3 2 2 4 0 1 1
1 2 4 1 0 0 3 0 2 3 4 3 4 1 4 2 4 2 3 3 4 2 3 0 0 2 0 1 0 1 3 1 0 2 2 0 2 3 2 2 3 3 2 3 1 3 2 2 1 1 0 2 0 1 3 0 0 3 1 0 1 1 2 3 0 1 0 0 4 4 4 3 3 1 3 1 0 0 4 3 3 1 0 3 2 0 3 3 0 2 3 1 3 2 1 1 4 3 1 3 3 0 3 3 3 1 4 0 4 3 3 2 0 1 1 2 1 1 2 2 3 3 0 4 0 2 0 1 0 3 2 0 3 0 3 3 4 3 4 3 1 4 0 1 0 3 1 2 0 0 4 0 3 1 4 1 3 1 2 1 4 1 1 4 2 2
0 3 0 4 1 1 3 3 0 1 2 1 3 4 3 4 4 4 0 1 2 1 4 1 4 4 3 2 0 2 4 0 0 4 1 3 3 2 1 3 3 0 1 3 4 4 4 4 0 1 2 2 4 1 4 0 2 2 3 3 4 4 0 4 1 2 2 4 4 0 4 4 1 0 4 2 1 3 1 2 4 0 4 1 2 0 1 4 2 1 2 1 1 0 2 2 2 1 3 3 4 2 2 0 4 1 2 2 1 1 4 2 1 1 3 0 1 2 0 1 3 4 2 4 4 2 3 1 0 3 1 4 2 3 4 1 1 4 4 4 2 0 2 0 3 2 1 2 4 1 3 3 0 2 4 2 1 0 3 2 3 0 1 3 0 3
4 4 2 0 3 1 3 2 1 3 0 4 0 4 2 0 4 0 3 4 2 4 1 0 1 4 2 0 4 0 3 4 4 0 1 4 3 4 2 1 3 2 1 0 1 3 1 3 3 1 2 0 0 3 3 4 4 2 4 4 2 2 0 3 4 3 3 2 0 0 0 0 2 1 0 0 0 1 0 0 2 2 1 0 2 1 1 4 3 2 0 3 1 2 3 0 0 1 4 0 3 4 0 2 3 3 0 3 4 0 0 4 3 3 1 2 4 4 3 0 1 3 0 2 2 3 4 3 0 3 0 0 4 1 3 2 4 3 2 0 3 0 1 3 3 4 3 3 3 1 0 4 2 0 1 4 0 0 4 2 0 0 3 2 3 1
1 4 4 1 4 4 1 3 3 4 2 1 4 1 4 1 0 1 1 4 3 4 1 2 1 4 4 4 1 2 0 4 1 1 0 3 1 3 3 1 3 0 4 4 3 3 1 1 0 4 0 0 3 3 2 0 2 2 1 0 1 2 0 0 0 0 3 3 1 1 4 4 3 3 0 2 2 3 3 4 3 0 4 3 3 3 0 1 2 2 1 1 1 3 1 1 1 1 0 2 4 1 3 2 2 3 4 1 2 4 0 2 4 1 0 0 1 1 3 1 0 4 2 1 0 3 4 1 4 1 3 3 3 1 2 0 1 4 1 3 3 3 2 0 1 3 0 4 1 0 0 1 1 2 2 1 2 1 2 1 0 0 1 3 3 4
0 0 3 3 0 3 3 3 3 4 3 0 0 1 0 1 2 2 3 1 3 1 4 3 4 4 0 3 4 4 2 4 1 2 2 3 2 2 3 1 3 3 3 4 4 1 0 3 0 0 4 0 3 1 3 3 2 1 3 2 2 2 1 3 4 1 3 3 3 4 4 4 2 0 3 4 3 3 2 3 3 4 3 2 0 4 2 2 0 2 1 2 4 0 2 0 1 2 3 1 1 0 0 1 2 0 0 0 3 2 3 4 1 3 3 3 4 2 3 1 4 4 0 3 4 4 0 2 2 3 1 0 0 3 1 2 4 1 2 4 4 2 3 2 3 1 3 2 3 1 1 4 2 1 4 4 1 4 1 0 0 4 0 0 0 4
3 4 0 2 3 1 2 2 1 0 0 4 2 1 2 0 0 4 2 0 3 0 1 2 0 1 1 2 4 1 1 4 2 2 3 3 0 0 2 1 0 2 0 0 0 2 0 1 4 2 3 2 4 1 1 4 3 0 2 4 3 0 0 1 2 3 4 0 4 3 1 4 0 4 4 1 1 2 4 2 1 4 2 1 0 3 2 0 3 1 4 4 2 4 0 1 0 1 1 4 4 3 3 1 2 0 4 0 4 0 0 0 4 2 1 0 0 4 2 1 0 2 0 4 3 2 1 3 3 2 4 4 2 0 2 1 2 4 4 1 4 4 1 1 1 0 3 1 4 0 4 1 4 4 1 0 1 4 0 1 1 0 2 1 0 0
2 2 1 1 3 0 0 1 1 3 1 1 2 2 2 1 1 1 1 2 3 4 3 4 3 4 4 0 2 1 2 0 0 3 3 0 1 1 1 4 4 3 1 1 2 3 0 3 1 1 2 2 2 0 1 0 2 2 3 4 3 0 1 0 1 0 0 2 3 1 1 2 1 4 1 1 4 1 4 1 4 2 3 1 4 1 4 3 3 2 3 3 4 4 3 0 1 3 4 4 1 1 4 0 2 2 1 2 3 0 0 4 4 3 2 1 1 3 4 4 0 4 4 2 1 2 4 2 2 4 4 0 2 0 0 4 4 1 1 2 4 1 3 0 1 0 1 2 1 3 3 1 2 2 0 3 1 0 3 3 1 4 1 3 4 1
2 3 0 1 2 1 2 2 1 1 4 0 3 0 3 4 4 2 1 4 1 0 1 4 0 2 3 1 0 4 0 0 4 0 1 3 3 0 0 1 1 4 1 2 0 1 1 4 4 4 0 2 4 2 3 0 4 3 1 2 4 3 2 3 3 0 1 3 0 3 0 2 2 1 4 4 0 2 0 1 1 1 0 1 3 3 3 4 3 4 3 2 0 0 2 3 2 3 4 3 1 4 2 0 2 3 0 2 0 0 0 3 3 0 4 3 0 2 3 3 4 1 2 4 4 4 4 1 4 3 1 2 4 3 3 2 1 0 1 3 2 2 2 1 4 3 4 2 3 4 2 4 3 0 0 4 1 1 0 1 2 2 3 1 2 3
3 1 0 0 1 0 4 3 3 0 4 2 2 4 4 2 3 4 4 0 3 0 1 3 1 0 2 2 2 2 2 2 3 3 4 4 0 0 0 3 1 1 2 0 0 1 2 0 0 1 0 0 4 3 1 2 4 0 1 1 2 4 0 2 4 0 4 4 0 1 2 3 2 4 4 2 3 3 4 0 2 4 1 1 2 2 0 1 2 2 4 2 1 0 4 2 2 3 1 4 4 0 3 3 1 4 0 4 2 4 0 1 0 3 4 0 2 0 1 1 2 3 3 0 0 3 2 4 3 0 3 0 0 1 3 3 2 4 3 2 0 0 3 3 0 0 3 2 0 1 3 2 1 4 2 1 4 1 0 2 1 1 2 3 4 1
1 2 2 1 4 4 3 4 2 3 4 2 2 4 4 1 3 0 2 2 4 1 0 1 3 3 2 3 1 2 4 0 1 3 3 2 2 2 3 2 0 3 4 3 4 0 1 0 3 3 4 2 4 0 0 4 3 3 2 2 2 3 4 0 1 2 2 1 4 2 0 2 0 1 2 2 2 3 4 2 3 3 4 4 0 4 3 4 4 3 3 3 1 2 3 0 4 2 1 1 0 3 3 2 4 0 1 3 0 0 0 3 1 4 4 1 1 4 2 2 2 0 1 1 4 1 1 1 4 4 2 1 2 0 0 3 2 2 2 2 2 2 2 0 2 3 2 0 2 4 2 2 2 0 3 3 2 1 4 3 2 1 4 4 3 1
2 2 3 4 1 3 2 3 3 1 3 0 3 1 2 0 3 1 1 3 4 3 1 4 3 3 2 4 4 3 0 1 0 4 3 2 4 2 2 2 0 1 0 3 4 2 0 4 0 1 2 4 1 3 0 1 1 0 0 0 0 1 3 0 2 3 4 1 2 4 0 4 0 0 2 4 4 0 0 4 1 2 1 0 2 3 3 0 0 4 2 0 2 0 3 4 1 2 2 0 3 2 0 3 3 4 4 4 4 4 4 3 3 2 0 0 2 3 0 3 2 2 3 4 0 3 0 3 3 2 3 1 2 0 2 2 0 1 1 4 3 2 2 3 4 2 4 4 1 1 2 0 1 2 2 3 3 2 3 1 2 3 2 1 4 4
3 4 3 4 0 3 4 3 1 3 2 2 4 0 1 1 3 4 1 0 4 4 4 2 0 3 0 4 4 1 1 4 2 4 4 3 2 0 3 0 3 2 0 0 3 1 1 1 0 4 3 4 0 4 3 2 3 0 2 4 2 3 4 4 4 0 4 3 0 2 3 0 0 3 0 0 1 4 3 1 0 1 2 1 0 2 3 0 3 0 0 2 0 1 3 4 3 3 2 3 2 3 0 4 1 3 4 3 2 2 1 4 0 1 0 3 3 1 3 3 3 0 2 4 3 1 0 1 1 3 1 0 3 2 0 4 0 4 4 4 4 3 3 1 1 1 4 4 2 0 0 0 2 2 4 3 0 0 4 3 0 3 4 3 0 1
4 2 2 1 3 3 4 1 0 0 2 1 1 4 3 3 2 3 3 1 1 3 3 2 4 0 0 0 3 2 1 0 4 3 1 2 2 2 1 4 4 0 0 0 2 4 4 4 4 4 0 0 2 1 2 3 1 3 3 2 0 4 2 2 0 3 1 2 2 4 3 1 0 3 3 2 4 4 1 3 3 3 0 1 1 3 1 3 3 0 0 0 4 4 4 4 4 1 3 1 0 1 2 2 2 2 4 3 2 2 4 0 1 4 3 2 4 0 2 4 0 4 2 1 3 1 3 4 4 3 0 2 2 4 4 1 2 4 4 1 1 0 1 4 2 2 4 1 4 1 3 4 3 0 2 1 1 0 1 1 1 3 3 3 0 4
4 4 3 0 0 2 1 3 3 3 0 2 1 4 1 4 0 4 4 0 2 3 0 0 4 3 1 4 1 1 3 0 0 4 3 0 3 4 0 1 2 1 1 0 2 2 0 0 3 1 0 0 4 2 1 0 1 2 1 2 0 2 0 0 1 3 2 4 4 4 2 3 2 3 3 0 2 0 2 0 2 2 1 3 1 4 4 2 3 2 2 3 4 4 0 0 4 4 1 0 3 1 3 1 1 3 3 4 4 2 4 3 1 2 1 2 1 2 2 1 0 1 1 1 2 1 4 1 2 2 3 3 3 1 1 0 4 4 1 0 1 0 3 2 3 2 1 1 1 3 3 3 1 4 0 3 3 4 1 2 1 4 0 2 0 1
4 2 2 0 4 0 0 3 4 0 2 1 2 3 1 0 4 3 1 4 1 4 0 3 2 3 4 4 0 0 1 1 4 3 1 3 1 4 3 0 4 0 1 1 1 3 3 2 1 2 3 4 3 3 4 2 3 4 2 1 1 3 2 0 3 1 0 4 0 4 0 4 1 3 3 4 1 3 1 4 0 1 4 4 1 0 1 0 4 0 1 0 0 0 0 4 1 3 0 1 2 2 3 0 3 3 2 4 1 0 1 2 2 2 3 3 2 1 0 2 2 3 4 2 4 0 3 2 0 1 1 4 3 4 4 1 2 1 3 0 4 1 4 1 0 2 1 2 1 2 1 3 0 1 2 1 3 1 4 3 2 0 2 2 1 3
1 0 2 1 0 1 4 0 2 4 4 3 1 0 0 0 3 3 1 3 4 4 4 3 4 3 0 3 2 1 1 0 3 3 3 4 4 2 4 1 1 3 2 0 1 4 0 4 2 1 4 2 2 0 2 3 0 3 1 3 1 2 0 0 1 4 4 0 3 0 4 0 0 3 0 1 2 2 3 0 0 2 2 2 0 1 2 0 4 3 0 3 0 1 3 3 2 4 1 0 1 0 0 1 0 2 0 2 1 3 2 1 2 1 0 2 3 2 3 4 0 3 2 1 1 0 1 3 1 2 4 2 4 1 4 4 1 4 2 2 4 1 4 1 3 4 1 3 4 4 2 4 4 0 2 1 2 4 1 4 1 0 1 3 4 2
