3 168 19
97546795 252338678 48519345 457434718 468684333 983144458 870054985 638548500 882098141 598405968 1104991107 475838233 792235341 780934960 771864523 504768161 803347593 551891108 93489688 441658094 205077620 621879183 528197349 518078892 113799698 13520282 1159403274 555868732 210809458 660937243 1045418382 200856033 1149283699 243246367 334430687 513671152 996053957 891099344 714890523 469839162 819229267 922516080 340121498 446279995 41312827 580114319 593957060 101009167 351833988 661633812 975882387 1006147855 62370946 724267708 462991209 176986455 973133128 828287690 208386292 697764983 366856226 762535417 1046778064 319195634 920019168 886986981 1011465877 266316347 480974311 284747952 304622662 135795847 125311381 64098383 77863962 849842118 429286866 914429311 929625326 799390379 531819055 710276020 811463838 61156602 969520127 84218076 347840855 528695620 43765766 1040874171 155977308 589077500 73355097 363031739 419577319 844793397 544812603 195060926 178991496 786232631 1125392114 939968601 210708096 1145848002 1027030067 948717868 183899351 1097557978 44188827 373777790 297915985 345839152 343360065 259580767 74361502 611233634 506530947 343654831 344859931 98992460 620231975 729174484 291473331 438042221 306242298 569121675 388479146 1114572455 149557827 209368752 1036222740 137140062 1049023793 1133873117 155906857 843763784 1140853331 921473621 594157320 1140489717 1126714889 671749715 684981302 781302500 500656069 954004359 474462660 780697658 595226534 347867982 378424816 241799054 565118140 156019343 435061917 362329366 708191949 932743419 852746614 1097406894 1145578349 139143452 1052246383 978112419 948207039 603422733 1059101601 1056323905
2 0 2 1 1 0 0 1 1 2 1 0 0 2 1 2 0 0 1 2 2 2 2 0 0 2 2 2 0 1 2 0 0 1 2 2 2 0 0 0 2 1 1 0 1 2 2 0 0 0 2 0 2 1 1 0 0 0 0 1 2 2 2 0 1 1 2 1 2 2 2 0 1 0 0 2 0 0 2 1 0 2 1 1 0 0 1 1 0 1 0 0 2 0 0 0 2 2 2 1 2 1 1 0 2 2 1 0 0 1 1 1 1 2 2 1 2 1 0 1 1 1 1 0 1 0 1 0 2 0 1 0 2 1 0 2 0 2 2 0 1 0 2 0 0 2 1 1 0 2 2 1 1 1 2 2 1 0 0 2 1 0 2 0 1 0 0 1
0 2 2 2 0 1 2 1 1 1 2 0 1 2 1 2 0 2 0 2 2 0 2 2 1 1 0 2 1 1 1 2 0 1 1 2 1 0 0 2 2 0 2 1 2 2 1 2 1 2 2 1 1 1 0 2 0 2 2 0 0 0 2 1 2 1 0 1 2 0 0 2 0 1 1 0 1 0 1 0 2 0 1 0 0 0 0 0 2 0 0 0 1 1 1 1 0 2 2 2 2 0 0 1 2 1 1 0 2 2 0 0 1 2 0 1 0 1 2 2 2 1 2 1 2 2 2 2 1 2 2 0 0 2 2 0 2 1 0 1 1 1 1 2 0 0 1 1 2 1 1 2 2 2 1 1 1 0 1 2 0 0 0 1 1 0 1 0
2 2 2 0 0 1 0 1 2 2 0 2 0 1 1 0 0 0 2 2 1 0 1 2 2 0 1 0 0 0 0 2 0 0 0 0 2 0 1 1 1 2 1 1 1 0 0 2 1 2 0 0 1 1 2 0 2 1 1 2 2 2 2 2 2 0 2 2 1 2 1 2 1 2 2 0 1 2 0 0 2 1 0 1 2 0 2 0 2 0 2 1 2 2 1 0 0 0 2 1 0 0 2 0 1 1 0 0 1 1 0 0 2 1 0 0 1 2 0 1 0 0 2 0 0 1 0 0 0 0 0 0 2 2 1 1 0 2 1 1 1 2 2 1 0 2 2 2 2 0 1 0 0 1 1 1 0 0 2 0 0 2 1 0 1 0 1 2
0 0 1 1 0 1 2 1 1 2 1 0 2 0 1 0 1 0 2 2 1 1 2 2 2 2 0 0 2 2 1 2 1 2 0 1 0 1 0 2 0 2 0 1 2 0 1 0 0 1 1 2 2 0 1 2 2 1 1 2 2 2 2 0 1 0 2 0 2 2 0 0 2 1 1 1 1 0 0 2 1 1 1 2 2 0 2 0 1 0 2 1 2 2 1 2 0 1 0 0 1 0 0 2 2 0 0 1 0 1 0 0 0 2 0 1 2 2 1 1 0 1 1 0 1 2 0 2 1 0 2 1 1 1 0 1 1 1 0 2 1 0 2 1 0 0 2 0 0 1 2 1 1 0 2 2 0 0 0 0 1 2 1 1 0 2 0 2
0 0 2 2 0 2 1 2 0 1 2 1 1 2 2 2 0 1 2 2 2 2 2 1 2 1 2 0 0 0 0 1 0 2 1 1 2 0 0 2 2 0 0 0 0 2 0 1 2 0 0 1 2 2 0 2 1 0 0 1 0 1 0 0 1 1 0 0 2 0 0 2 1 1 0 2 1 2 1 1 2 2 0 2 2 1 2 0 2 0 1 1 2 2 1 0 2 2 1 1 1 2 1 2 1 0 2 0 2 1 1 2 0 2 1 2 1 1 2 1 1 1 2 1 1 1 2 1 1 1 2 2 0 2 2 1 0 0 1 2 2 0 1 0 0 0 2 2 2 0 0 1 2 0 0 1 2 2 2 1 0 0 1 2 2 1 0 2
1 0 2 1 1 1 2 2 1 2 2 0 0 0 2 0 1 2 1 1 2 1 2 0 1 0 2 1 2 0 1 2 1 1 0 0 2 0 0 1 2 2 2 0 1 2 1 2 2 2 0 1 1 0 2 0 1 2 2 0 1 0 2 2 2 0 0 2 0 1 1 1 1 1 2 2 0 0 1 0 2 2 2 2 2 0 2 0 2 2 1 0 0 1 1 0 2 1 2 0 2 1 1 2 2 0 1 0 1 0 1 1 0 1 1 0 2 0 1 1 0 0 0 1 2 1 2 2 0 2 2 1 1 1 0 1 2 1 0 1 2 1 0 0 0 2 0 2 2 2 2 0 0 2 2 2 1 1 1 2 1 1 0 2 0 0 2 0
0 2 2 2 1 0 2 2 2 0 1 2 0 1 0 1 1 2 0 2 1 2 0 0 0 0 0 1 2 2 2 2 2 2 2 1 0 0 0 0 0 2 2 1 1 1 2 2 0 0 0 0 2 0 0 1 1 1 2 0 2 2 0 1 1 0 2 1 0 0 1 1 1 1 1 0 2 1 0 1 2 1 2 2 2 2 1 1 1 1 2 0 0 1 2 1 1 2 0 2 1 2 1 0 1 0 0 1 2 0 2 2 0 1 2 2 1 1 0 1 2 1 1 1 2 1 2 1 2 1 1 0 0 2 0 2 1 1 1 0 2 1 0 2 1 0 2 0 1 0 1 2 1 1 0 1 0 0 2 2 2 1 0 0 2 0 2 0
2 1 1 2 0 1 2 2 1 1 2 1 0 2 1 2 1 2 1 1 0 1 1 0 0 1 0 2 0 0 2 2 2 0 2 0 2 2 0 1 1 0 0 1 0 1 1 1 0 0 0 1 1 1 1 2 0 2 1 1 0 1 2 2 2 1 0 2 1 1 1 1 2 1 0 2 0 2 1 1 2 2 0 2 1 2 1 1 1 1 0 2 2 2 2 0 1 1 2 1 2 1 0 1 0 0 2 1 1 0 0 0 2 1 0 0 0 2 2 0 0 0 0 0 0 2 1 0 0 1 1 1 2 2 0 0 2 2 2 0 0 0 2 0 1 2 1 2 2 1 0 0 1 0 1 0 0 2 0 1 1 2 0 2 1 1 2 0
0 2 2 2 2 2 2 1 1 1 1 2 0 2 2 1 2 0 2 0 1 2 0 2 1 0 1 2 1 2 1 0 1 0 2 1 0 1 0 2 0 2 1 0 1 1 0 2 2 2 0 1 2 1 2 1 2 1 1 1 0 2 2 2 0 1 1 0 1 1 2 1 1 2 2 0 0 0 0 0 2 2 2 1 0 1 0 2 2 2 2 0 2 1 0 2 1 2 0 0 0 0 1 2 2 1 1 0 1 1 1 2 1 0 0 2 2 1 2 1 1 1 2 0 1 0 0 2 2 1 2 0 2 1 1 2 1 2 0 0 1 1 2 0 2 1 2 2 0 2 0 2 1 1 0 0 2 1 0 1 2 0 2 2 2 1 2 0
0 0 2 0 2 1 0 2 2 0 1 1 0 2 0 2 0 1 2 2 2 2 1 0 0 2 0 0 0 0 0 1 1 2 2 0 2 0 2 2 0 1 0 0 1 1 0 1 0 0 1 0 1 0 1 1 2 0 1 0 0 0 2 2 0 1 0 2 1 1 2 2 2 0 0 0 2 1 2 0 2 1 1 0 1 1 2 2 1 1 2 2 1 2 2 2 0 0 2 2 1 2 1 1 2 2 2 2 1 1 0 1 0 0 2 1 1 1 0 0 0 0 2 2 2 0 2 0 1 2 2 0 1 1 1 1 2 0 1 0 2 2 2 2 2 2 2 0 0 0 1 2 1 1 1 1 2 1 2 0 0 2 0 2 2 1 1 1
0 0 2 2 2 1 0 2 0 2 0 1 2 2 0 1 1 0 0 0 2 0 1 1 0 1 0 2 0 1 0 1 1 2 1 1 1 2 1 2 1 1 1 1 1 2 0 2 0 1 0 0 1 1 1 1 0 1 2 2 1 0 0 2 0 2 1 2 1 2 2 2 2 0 1 0 0 2 1 1 0 1 1 2 0 0 1 1 2 0 0 0 1 1 1 2 0 0 1 0 0 0 2 0 1 1 1 2 0 2 1 1 2 0 0 0 0 2 1 0 0 2 2 2 1 0 1 1 0 1 1 1 2 2 2 1 1 2 1 0 1 2 1 1 2 0 1 0 0 1 0 0 1 2 0 2 0 2 1 2 0 1 1 0 1 2 1 2
1 0 2 2 2 2 2 2 2 1 2 2 2 0 2 0 1 0 0 2 0 2 1 0 0 1 0 2 0 2 1 1 0 2 1 2 1 0 2 0 0 2 2 2 0 2 1 2 1 1 1 1 1 0 2 2 2 1 1 2 1 0 1 2 2 2 2 1 1 2 1 1 1 1 1 2 1 0 1 2 0 0 1 1 1 1 2 0 0 0 0 1 1 1 0 1 1 1 2 2 0 1 1 2 2 0 2 2 1 1 1 1 1 0 0 2 2 2 0 0 0 0 1 2 2 0 1 1 1 1 1 2 2 0 1 0 1 1 2 2 0 1 1 2 2 2 2 2 2 0 2 2 2 1 2 1 2 1 2 0 0 1 2 0 2 1 0 0
0 0 0 1 2 2 0 2 2 0 2 1 1 1 2 0 0 2 2 2 1 2 2 1 1 2 2 0 2 0 1 0 1 2 1 1 2 2 0 2 0 0 1 2 2 1 0 2 0 2 0 2 2 2 1 0 0 0 1 2 2 0 2 1 1 0 2 0 2 0 0 0 2 1 2 1 0 2 1 2 0 2 2 2 2 0 1 0 2 0 2 1 1 1 0 2 2 0 0 2 0 0 0 0 0 0 2 1 1 2 0 1 1 2 0 0 1 2 1 1 0 0 0 2 2 0 2 1 0 0 2 1 1 0 2 1 0 1 1 1 0 1 0 2 2 2 0 1 1 2 2 1 2 2 0 0 2 2 2 2 2 1 0 1 1 0 0 0
2 1 2 2 1 0 2 1 0 0 2 1 0 2 0 0 1 1 0 1 2 0 1 2 2 1 1 2 0 2 2 2 1 2 2 0 0 2 2 0 0 1 2 1 1 0 1 0 1 0 1 1 0 2 1 0 2 2 2 2 2 1 2 2 2 1 0 2 1 0 0 1 2 2 0 1 0 2 1 1 2 0 0 0 0 2 0 2 1 0 2 2 2 1 1 1 0 1 2 2 1 2 2 2 2 2 0 2 1 1 1 1 2 2 1 1 2 2 1 2 0 1 1 2 0 0 2 1 2 1 1 2 1 0 1 1 2 1 0 1 0 2 2 1 0 2 2 2 1 1 1 1 2 0 1 1 0 1 2 0 0 0 2 1 0 1 2 1
0 0 2 1 1 2 2 1 2 2 1 0 1 0 2 1 0 2 2 2 0 0 2 1 0 2 0 2 1 0 0 1 1 0 2 2 2 0 1 2 2 0 0 1 1 1 1 2 0 1 1 1 1 1 2 0 0 1 2 2 1 2 0 0 2 0 1 2 0 2 2 0 0 1 0 1 2 1 1 0 2 2 1 2 1 2 2 2 0 1 2 2 1 0 2 0 0 1 0 1 1 0 0 1 1 0 1 1 1 2 1 1 2 0 1 1 0 0 2 1 2 2 0 1 2 1 1 1 2 0 0 1 0 0 1 2 0 2 1 2 2 2 1 2 0 0 1 2 2 1 0 2 0 2 1 0 1 0 1 1 0 2 0 1 0 2 0 1
1 1 0 1 1 2 0 0 1 2 2 0 0 2 2 1 1 0 2 0 1 1 2 1 0 0 1 1 2 1 0 1 1 1 2 0 1 0 0 2 0 2 0 1 0 2 1 1 0 0 0 2 1 2 1 0 0 2 2 2 2 2 1 1 1 0 1 2 1 2 2 1 1 2 1 1 0 2 1 1 0 2 0 2 1 2 2 1 0 2 1 2 2 2 0 1 2 1 1 1 1 2 1 1 2 2 0 2 2 1 0 2 0 1 1 2 1 2 1 1 1 2 1 2 1 1 0 1 0 1 0 2 0 1 1 0 1 1 0 0 1 1 0 2 0 2 2 1 1 1 0 1 1 2 0 0 1 0 0 2 2 0 2 0 2 0 1 1
2 1 2 0 0 2 0 1 1 0 0 1 1 1 2 2 1 2 1 0 0 1 0 2 2 2 0 2 0 1 0 2 1 2 1 1 2 1 2 1 1 0 2 2 2 1 0 0 1 1 0 1 2 0 1 2 0 2 1 1 1 1 2 2 1 0 0 1 1 1 2 0 1 2 0 0 1 0 1 0 2 2 2 2 2 0 1 1 1 2 2 2 1 1 2 0 1 0 1 0 1 1 0 2 0 1 0 1 2 2 2 0 2 2 2 2 0 1 0 1 1 1 1 1 2 0 1 2 1 0 0 0 2 1 1 2 0 1 1 0 1 1 0 0 0 0 0 1 2 1 0 1 2 1 2 0 0 2 2 1 0 0 2 2 2 0 1 2
0 0 1 1 2 1 0 0 2 1 2 2 2 2 1 0 1 1 0 1 0 0 0 0 0 0 2 0 1 1 0 1 0 1 0 2 1 1 0 0 2 0 0 2 0 2 2 1 0 2 1 2 0 2 2 2 0 0 2 2 2 0 0 2 0 1 0 1 2 1 1 2 1 2 2 2 1 1 1 0 2 2 2 0 0 1 2 0 2 2 0 0 0 2 0 0 0 0 1 1 2 0 0 0 0 2 2 2 1 1 2 1 1 1 1 2 1 1 0 1 0 1 1 1 0 2 1 1 2 0 2 2 1 2 0 2 0 1 2 1 0 2 0 2 1 1 2 2 2 0 2 1 1 0 2 2 2 2 1 0 2 0 2 0 0 0 0 0
2 0 2 2 0 0 2 1 2 2 2 2 2 1 1 1 2 1 0 2 0 1 2 2 2 2 1 1 0 2 2 0 2 2 2 0 0 2 0 2 2 0 0 1 2 1 0 1 0 1 0 1 0 0 1 0 2 0 1 0 2 1 1 0 1 0 1 1 1 1 2 0 1 2 0 0 1 1 0 2 2 0 0 0 2 2 2 1 0 0 2 1 1 0 2 0 2 0 2 1 0 2 2 2 2 2 0 0 1 0 0 2 1 2 0 0 2 2 0 0 0 0 2 2 2 1 0 1 2 0 0 0 2 2 0 1 0 1 2 1 1 0 0 0 0 1 2 2 1 2 0 1 0 2 2 2 1 0 1 2 1 1 2 0 2 2 2 2
0 1 0 2 2 2 1 2 0 0 2 2 0 0 2 0 0 1 1 2 2 2 1 0 2 1 1 1 1 0 0 2 2 0 2 2 0 0 2 0 0 2 1 1 0 0 2 1 1 0 0 1 0 2 1 0 1 2 1 2 2 2 2 2 1 2 2 1 2 2 0 1 2 1 2 0 1 2 1 0 0 2 2 2 2 0 2 0 2 2 2 2 2 0 2 0 2 2 0 2 2 0 1 1 2 2 0 1 1 1 2 0 0 1 2 0 1 1 0 1 1 1 1 1 1 0 2 1 0 2 1 2 0 0 2 2 2 2 1 1 1 0 1 0 1 0 0 0 0 1 2 2 0 0 0 2 2 0 0 2 0 2 0 1 0 0 1 0
0 0 2 1 0 1 1 0 0 2 1 0 1 1 0 1 2 1 0 1 2 1 2 0 1 0 1 2 0 0 2 0 1 2 1 1 1 0 2 1 0 1 2 1 2 2 0 1 1 1 1 0 0 1 1 1 1 0 0 2 1 1 2 2 0 1 2 1 2 1 0 2 2 2 1 2 2 2 2 0 0 1 2 1 2 1 0 0 1 1 0 0 0 2 2 1 1 1 0 1 1 1 1 1 1 1 2 0 0 1 2 2 2 1 0 1 2 1 2 1 1 0 1 1 2 2 0 0 1 1 2 0 0 1 2 1 0 1 0 0 0 2 2 2 1 1 1 1 2 1 2 1 1 2 1 1 2 1 2 0 0 2 1 1 1 1 0 1
2 1 2 0 1 2 2 2 1 1 0 1 0 0 0 1 2 1 0 1 0 2 0 2 2 2 0 1 0 1 2 0 2 0 0 0 0 0 0 1 2 1 2 2 2 0 0 2 2 1 2 0 0 2 0 1 2 0 2 2 0 0 0 0 0 1 2 0 1 2 1 0 1 1 2 1 2 0 1 1 2 0 2 2 0 2 0 2 1 1 2 1 1 0 1 1 1 0 1 2 1 0 0 2 1 0 1 0 1 2 0 0 1 0 1 1 0 2 2 1 0 1 0 1 2 2 0 1 0 1 2 2 2 2 2 1 1 0 2 2 0 2 1 1 0 2 0 1 1 2 0 2 1 1 1 1 0 2 0 1 1 0 0 1 2 2 0 1
2 2 2 1 0 0 2 1 2 2 2 0 2 0 0 2 1 2 1 1 2 1 0 0 1 1 1 2 1 1 1 1 2 0 2 2 0 2 0 2 2 0 1 2 1 1 2 2 1 0 1 0 0 2 1 2 1 0 2 0 0 1 1 0 1 1 2 2 1 0 2 0 1 0 0 2 0 0 2 1 1 1 2 1 2 1 0 1 2 0 1 0 2 2 0 0 1 2 0 0 0 1 2 2 2 2 2 2 0 2 1 2 1 1 0 0 0 1 1 2 2 0 0 1 2 0 0 2 1 1 0 2 2 2 2 2 0 1 1 1 1 0 0 2 2 1 0 2 2 2 2 0 2 0 2 2 0 2 2 1 2 0 1 1 0 1 1 0
2 1 1 0 2 1 0 2 2 1 1 0 1 1 1 1 1 0 2 0 1 1 2 0 2 0 2 0 1 2 0 2 0 0 0 0 1 1 2 2 0 2 0 0 1 1 1 1 1 0 1 2 0 0 0 0 2 1 1 1 0 0 0 1 0 1 1 2 0 1 1 1 1 1 1 0 2 0 1 2 1 2 1 2 1 0 0 0 1 2 1 1 2 0 2 2 2 0 2 2 2 1 1 1 1 0 2 0 1 1 0 0 1 0 0 2 0 1 0 1 0 1 0 0 1 0 0 0 0 2 0 1 2 2 0 0 0 0 1 2 2 2 2 1 0 2 1 0 1 1 2 2 0 2 2 0 2 2 1 0 0 2 2 0 2 0 0 0
0 2 2 0 2 1 1 2 2 2 2 0 1 2 0 2 1 2 2 1 0 0 2 1 0 2 1 0 2 2 0 1 2 0 1 2 0 1 2 0 0 0 0 2 2 1 1 1 1 1 0 2 1 0 0 0 0 2 0 2 2 2 1 0 0 0 2 0 1 2 0 2 2 2 2 2 1 1 1 0 2 1 0 2 2 1 0 0 2 1 0 2 0 2 2 2 0 2 2 2 2 1 2 1 1 2 1 0 0 2 0 1 2 1 1 2 1 1 2 0 2 2 0 1 2 0 0 2 0 0 2 2 2 2 2 0 1 0 0 2 1 2 0 1 0 1 0 1 0 0 2 0 0 0 1 0 1 1 0 1 1 0 2 1 0 1 2 1
2 1 1 1 1 0 2 2 1 0 2 0 0 1 0 2 2 1 0 0 0 0 2 2 1 1 1 2 0 1 0 0 0 0 2 1 0 1 0 2 2 0 2 0 2 2 2 2 1 0 0 1 2 0 2 0 2 0 0 0 2 1 0 2 2 2 1 2 2 0 2 2 0 1 2 0 2 0 0 0 0 1 0 0 1 2 1 1 0 2 1 0 1 1 0 1 1 0 1 1 0 0 0 1 0 0 2 0 0 0 0 2 1 1 2 0 1 1 1 2 1 2 2 1 1 2 0 0 0 1 1 0 0 1 0 1 2 0 1 0 0 2 0 2 1 1 2 0 2 0 2 2 0 2 1 1 0 1 2 0 0 0 1 1 0 2 2 2
2 0 0 0 1 1 2 0 2 2 0 2 2 0 2 0 0 0 1 0 1 1 1 0 0 0 1 0 2 1 0 2 2 0 2 0 2 2 1 2 1 2 0 1 0 2 1 0 0 0 1 2 2 0 2 0 0 1 0 0 0 0 2 2 1 2 1 2 1 2 2 0 2 2 1 2 2 0 1 0 1 2 2 1 2 0 1 0 1 1 0 2 2 2 2 2 1 0 2 0 1 1 0 0 2 2 0 1 0 2 2 1 1 2 1 1 2 2 2 1 2 2 0 2 2 0 1 1 1 1 1 2 0 2 0 2 2 1 1 2 0 1 1 2 0 2 1 0 0 1 1 2 0 0 1 2 0 1 0 1 0 2 2 0 1 0 0 0
1 2 0 2 0 2 2 1 2 1 2 0 2 1 2 0 1 1 2 1 0 0 1 1 0 1 2 2 1 1 2 2 1 0 2 2 2 2 1 2 0 1 2 2 2 2 2 1 2 2 0 0 0 2 1 0 0 2 2 1 0 2 1 1 0 0 1 2 2 0 0 0 2 0 0 2 0 0 0 0 2 1 0 0 1 0 0 1 0 0 0 1 0 1 0 0 0 0 1 0 0 1 1 1 1 2 0 2 0 1 0 2 2 2 1 1 0 2 0 0 0 1 1 1 0 1 2 0 1 0 2 0 2 1 1 0 0 1 1 0 0 1 1 2 1 2 1 1 1 2 1 2 0 2 1 1 2 0 0 1 1 2 1 0 0 2 1 0
1 2 2 2 2 0 0 0 2 2 2 1 1 1 1 2 2 2 0 1 0 0 2 1 0 2 1 0 2 2 2 1 0 2 0 2 2 1 0 2 0 2 0 1 1 2 1 0 1 2 2 1 0 2 0 1 1 1 2 1 2 2 0 0 1 1 0 1 0 0 1 0 1 0 2 0 2 0 1 2 0 0 1 2 2 2 0 2 1 0 0 1 1 0 1 0 1 1 2 2 0 0 0 1 0 2 1 0 0 0 0 2 0 1 1 0 0 2 0 0 0 0 1 1 1 0 2 1 2 2 0 2 2 0 0 1 0 2 2 2 2 2 2 0 0 0 2 2 0 2 2 0 1 0 0 2 1 2 1 2 1 2 1 1 0 0 2 1
2 2 1 0 1 0 1 0 0 1 0 1 1 2 2 0 0 2 0 0 1 2 2 0 2 0 2 2 1 2 0 2 2 1 0 1 2 1 2 0 0 2 1 2 2 1 2 1 0 2 1 0 2 0 1 1 1 1 1 1 1 2 0 1 2 0 0 1 1 0 2 2 0 0 1 0 2 1 1 0 1 2 1 1 0 2 0 2 1 1 0 0 1 1 2 0 1 2 0 1 2 2 0 1 0 0 1 0 1 2 1 0 2 0 2 0 2 0 2 1 2 1 1 0 2 0 2 2 1 2 0 1 1 1 2 1 2 0 2 2 0 1 2 2 1 2 0 2 0 1 0 2 2 0 1 2 1 0 1 2 2 2 1 1 2 0 0 1
2 0 0 0 2 1 1 1 1 1 0 2 2 0 2 1 1 0 2 0 1 0 2 0 1 1 2 0 0 0 2 0 1 1 0 0 2 1 1 1 0 2 1 2 1 1 2 2 2 2 2 1 2 0 1 1 2 2 1 0 2 2 0 1 0 2 1 0 0 1 1 1 0 0 2 1 1 2 2 0 1 2 1 0 2 1 0 0 0 2 0 0 1 2 1 1 1 0 1 1 1 0 1 0 1 0 2 0 2 1 0 0 1 0 1 1 2 1 1 0 1 0 0 2 2 2 2 1 2 0 0 1 1 1 2 2 1 1 2 1 0 1 1 2 2 0 0 2 2 0 2 0 0 0 1 0 2 0 1 2 1 1 1 0 1 0 0 2
0 1 2 0 2 0 0 2 1 0 1 2 0 0 0 1 1 1 1 1 2 0 0 1 0 0 2 1 0 0 1 0 1 0 1 1 2 1 0 1 2 1 0 0 2 1 0 1 0 1 2 1 0 1 2 0 1 2 1 1 2 0 0 2 1 1 0 1 1 2 2 1 1 1 2 2 0 2 0 0 2 0 1 2 2 1 2 0 1 1 2 2 1 2 1 0 2 2 1 1 2 2 2 1 0 1 0 0 2 1 1 1 2 1 0 1 2 0 2 2 2 2 1 1 2 0 0 1 2 2 2 0 1 2 1 2 2 2 0 1 1 2 2 1 0 0 0 0 0 0 2 0 2 0 1 1 1 1 1 1 1 1 2 0 2 0 0 1
0 1 2 1 0 2 0 1 2 1 0 0 2 0 0 2 2 1 0 0 1 2 2 2 1 1 0 1 1 0 2 2 0 2 2 1 1 0 0 1 2 1 1 1 1 1 0 0 0 2 1 1 1 0 1 0 2 2 1 1 0 1 2 0 0 2 2 2 2 0 0 0 1 1 1 2 2 0 1 1 2 0 2 1 1 1 0 1 0 2 1 0 1 0 1 2 0 1 2 2 1 2 2 2 2 2 2 2 2 0 0 2 1 0 1 0 2 1 1 2 2 2 0 0 0 2 0 0 0 2 1 1 0 1 1 0 0 1 2 0 2 1 0 1 1 2 2 1 1 0 0 0 1 0 1 1 0 2 2 1 2 1 0 0 2 2 0 0
0 1 1 1 2 2 0 1 1 0 2 0 0 0 1 1 0 0 1 1 0 1 1 0 2 1 0 1 1 2 1 0 0 1 1 0 0 2 2 2 2 1 2 0 1 1 0 2 2 1 2 2 2 0 0 1 2 2 0 0 2 0 0 0 1 2 0 1 2 2 0 1 1 0 0 2 2 0 2 2 1 1 2 1 2 0 0 2 0 0 0 2 0 1 2 1 2 2 0 1 2 0 1 0 1 1 0 1 1 2 0 0 2 0 2 2 0 2 2 1 0 0 0 1 2 0 0 1 0 1 1 2 2 2 0 1 0 0 2 2 1 0 0 0 1 2 0 2 2 2 1 2 2 1 0 0 2 2 1 0 0 2 0 2 1 0 1 2
1 1 2 2 2 2 0 0 1 0 2 0 1 1 0 1 1 1 1 1 0 0 1 1 0 1 1 0 0 0 0 1 1 0 1 0 2 2 1 1 0 2 2 1 0 0 0 2 2 2 0 0 0 2 2 1 0 1 1 1 1 1 0 0 2 1 2 2 1 1 1 2 0 0 1 2 1 2 1 1 2 2 1 2 2 1 1 0 2 0 2 1 0 2 2 2 1 2 1 0 0 2 0 2 0 2 1 2 2 0 0 1 0 2 2 2 1 0 0 1 1 2 0 1 1 0 0 0 0 2 2 0 2 2 2 0 2 1 2 2 0 2 1 1 2 0 1 1 1 2 2 0 2 0 1 1 0 2 0 0 1 2 2 2 2 2 2 2
1 2 2 2 2 0 0 2 2 2 1 1 2 1 1 1 1 2 1 0 1 1 1 1 1 1 1 0 1 0 0 2 0 0 2 1 2 2 1 1 0 0 0 2 2 1 2 1 1 0 1 0 2 1 2 0 2 0 1 0 2 0 0 0 1 0 1 0 0 1 2 1 1 2 0 0 1 0 2 2 0 2 1 0 0 0 1 0 2 1 1 1 1 2 1 0 0 1 1 1 2 1 2 0 2 0 1 0 1 0 1 2 2 2 1 0 0 2 1 2 1 0 0 0 0 0 1 1 1 2 2 0 1 2 1 0 1 2 2 0 0 1 0 1 1 1 1 1 2 0 2 0 1 2 1 2 0 2 0 1 2 1 1 0 1 2 2 0
2 2 0 0 0 1 2 1 0 0 0 2 2 2 0 0 0 2 0 0 1 2 2 1 1 1 2 2 2 1 0 1 0 1 2 1 2 1 2 0 0 1 0 2 0 0 2 0 0 1 1 1 0 1 0 1 0 0 1 2 2 1 1 0 0 0 2 0 0 0 1 0 1 2 2 1 0 2 0 1 0 2 2 0 1 1 2 1 1 1 1 0 2 2 1 0 0 1 2 0 2 0 1 0 2 0 2 0 0 2 1 1 2 1 0 0 2 2 2 0 0 0 2 1 0 0 2 1 2 1 0 1 2 1 2 2 2 2 2 0 2 1 2 2 0 2 0 0 2 2 2 2 0 1 1 1 2 1 0 2 2 1 1 2 2 1 2 2
1 1 0 0 0 0 0 1 2 1 1 2 1 0 0 0 2 1 1 2 2 2 2 0 0 0 2 1 1 1 1 2 1 2 1 2 0 1 0 0 0 2 0 2 0 1 0 2 2 1 1 0 2 0 1 0 2 0 1 1 0 0 2 1 0 0 1 1 2 1 1 0 0 2 0 1 0 0 1 1 2 0 2 1 2 0 2 2 0 1 0 1 2 2 2 2 2 0 1 2 2 0 0 1 0 0 2 2 1 1 0 0 0 0 0 2 0 0 1 1 2 2 0 2 2 0 2 2 2 1 2 1 2 2 2 2 0 0 2 2 1 0 1 1 0 1 1 0 2 0 2 1 0 0 0 2 0 1 2 2 2 2 2 2 1 2 1 0
2 2 2 2 2 0 0 0 2 0 1 2 0 0 1 0 1 2 0 2 0 0 2 0 0 1 2 2 2 2 2 1 1 0 1 1 1 2 1 2 2 0 1 0 1 0 2 0 0 2 0 1 0 2 0 0 2 0 0 1 2 0 0 1 0 2 0 2 1 2 2 1 2 0 2 2 1 1 2 2 1 0 1 2 2 1 0 1 2 1 0 2 1 1 2 0 0 2 0 2 1 2 0 2 2 2 1 1 2 1 1 1 1 0 0 1 2 1 1 2 2 1 0 1 2 2 1 2 2 1 1 0 1 2 0 0 0 2 0 2 0 1 0 2 2 0 2 0 0 0 0 2 1 0 1 2 0 0 1 2 2 1 1 0 0 1 2 1
1 2 0 2 1 1 2 2 0 1 2 0 2 2 2 0 1 2 2 1 2 2 1 2 1 2 2 2 1 1 1 2 1 2 0 0 2 2 2 2 1 2 0 0 2 0 1 0 2 2 0 2 2 1 1 0 1 1 2 0 1 1 1 2 2 1 2 1 1 2 0 2 2 1 0 2 1 1 0 1 1 0 1 0 2 0 1 0 1 2 2 2 0 0 0 2 1 2 0 2 0 1 2 2 2 2 2 1 1 0 0 0 0 1 1 0 2 0 1 0 2 1 1 2 1 1 0 2 1 0 1 2 0 0 2 0 0 2 2 2 2 2 0 1 1 1 2 0 1 1 2 0 0 1 1 1 0 1 1 2 2 0 2 0 2 2 1 0
1 0 2 2 1 2 0 2 1 2 1 0 1 1 2 1 0 0 0 0 2 2 0 2 0 2 0 0 1 1 1 1 2 1 0 0 1 0 1 0 0 0 0 1 1 0 0 2 0 1 0 0 1 0 0 1 1 1 0 2 0 1 1 2 2 1 0 1 2 2 2 0 2 0 0 1 0 1 0 2 2 0 0 1 1 0 0 2 2 0 0 2 2 1 0 2 1 1 1 1 0 1 2 2 2 2 0 0 0 1 0 0 2 1 1 0 2 1 1 2 0 2 2 2 0 2 2 2 0 1 2 0 0 2 0 2 1 1 0 2 2 1 0 2 2 2 0 1 1 2 1 1 1 1 1 2 0 1 0 1 0 2 2 0 1 0 0 0
1 1 0 2 2 1 1 1 0 2 0 1 1 2 0 0 1 2 0 1 0 1 0 1 0 0 2 2 1 0 0 2 1 0 2 0 1 1 2 2 0 0 0 0 0 1 0 1 0 1 0 2 0 1 1 1 1 0 0 0 1 1 1 2 1 0 0 0 1 0 2 0 1 1 1 1 2 2 0 1 2 1 1 2 2 2 1 2 0 2 2 2 1 0 1 0 2 0 1 0 0 1 1 2 2 2 1 0 2 2 1 1 0 0 1 0 2 2 0 2 0 1 2 1 2 2 1 1 2 0 0 0 0 1 0 0 2 2 0 2 1 2 0 2 2 2 0 2 0 1 0 0 2 2 1 1 1 0 1 1 2 1 2 2 2 2 2 2
2 1 1 0 1 2 0 1 2 0 0 2 2 1 0 2 1 2 2 2 2 0 1 2 1 1 1 1 1 2 1 0 0 0 1 1 0 1 0 0 2 2 2 0 0 2 2 1 1 2 2 1 2 1 1 1 2 0 1 0 2 0 1 0 0 2 0 1 1 0 1 0 2 1 1 1 1 2 2 0 1 2 2 2 0 1 1 0 2 2 1 2 2 2 0 0 1 0 2 0 1 1 1 1 2 0 2 1 2 0 1 2 2 1 1 1 0 2 2 0 0 1 0 2 0 0 0 0 1 0 0 0 2 2 1 1 0 2 0 0 2 0 0 2 1 1 0 0 2 0 0 0 2 0 0 0 1 1 0 0 2 2 0 1 2 0 0 0
2 1 1 1 1 1 1 2 1 2 0 1 0 0 2 0 1 2 0 0 1 2 0 0 1 2 2 1 2 0 2 1 1 1 0 2 0 1 2 2 1 0 1 2 1 0 2 1 0 0 1 1 2 2 0 1 2 2 2 1 2 1 2 1 0 0 0 1 2 1 0 0 2 2 0 1 2 2 2 0 0 0 2 0 1 0 1 1 2 2 0 0 1 0 1 2 1 2 0 0 1 0 1 1 2 1 2 0 2 2 0 2 0 0 0 2 0 2 1 1 1 1 1 1 1 2 0 0 2 0 1 1 1 0 2 2 2 2 2 1 1 0 2 2 2 0 2 0 2 0 2 2 1 0 0 0 1 0 2 0 1 0 0 2 0 2 1 0
2 1 2 1 0 1 1 2 1 0 0 2 0 0 1 2 0 2 0 2 2 2 1 0 1 1 0 1 1 0 2 1 1 0 2 1 1 1 1 1 1 2 0 2 0 2 2 1 1 0 1 1 0 2 2 1 1 2 1 2 2 1 1 2 1 1 0 0 2 0 2 2 0 2 1 0 2 2 2 0 2 0 1 0 0 0 2 1 0 1 2 0 2 0 2 1 1 0 2 2 1 1 2 1 1 1 2 0 0 2 0 0 2 2 1 1 0 1 0 0 2 2 0 1 0 0 0 2 1 2 2 0 0 1 2 1 1 1 2 1 0 2 2 1 2 1 0 2 0 0 0 2 0 1 1 1 2 2 0 1 1 0 1 0 2 0 1 0
0 2 0 1 1 0 0 2 1 1 1 1 2 1 1 0 0 2 1 0 2 2 2 2 0 0 2 0 2 1 1 0 0 1 1 0 1 0 2 0 1 1 2 1 0 0 1 1 1 0 2 1 0 1 0 0 2 2 1 1 1 0 1 2 2 1 2 1 2 2 2 1 1 2 0 2 2 1 0 1 0 0 0 0 1 0 1 0 1 0 0 2 1 2 2 0 1 2 2 0 1 2 2 2 2 0 1 2 2 2 1 2 0 2 2 2 2 1 0 1 2 1 0 0 1 1 1 0 0 2 1 2 2 1 0 1 1 1 0 1 2 2 1 2 1 1 2 2 0 0 0 0 2 2 0 0 0 2 1 1 1 0 0 0 2 0 2 1
0 1 0 0 0 1 0 0 0 0 0 1 0 0 1 0 0 2 1 0 2 2 2 1 0 0 0 0 1 2 2 2 0 2 2 2 1 1 0 0 1 0 1 0 1 1 0 2 0 2 0 0 0 0 2 0 1 0 1 0 2 0 0 1 0 0 1 0 1 1 0 0 2 2 0 0 0 1 2 2 1 0 0 1 1 0 2 2 0 1 2 1 1 2 0 2 1 1 2 2 0 0 0 2 0 1 0 2 1 0 1 2 1 2 1 2 0 1 2 0 2 1 2 2 2 2 2 1 1 2 0 2 2 2 2 0 1 0 2 2 1 1 2 2 1 0 2 1 0 1 2 2 0 2 2 0 1 1 1 0 1 0 2 1 0 2 2 1
0 1 1 1 0 0 0 1 2 0 0 0 2 2 2 2 1 0 0 1 2 2 2 1 2 2 2 2 2 2 2 2 1 0 0 2 1 1 1 1 1 1 1 0 1 2 1 1 0 2 2 2 1 1 0 2 0 1 2 1 1 1 0 2 2 2 2 2 0 0 0 0 2 0 1 1 0 0 2 0 2 1 2 2 0 1 1 1 0 1 2 1 0 0 2 2 0 1 1 0 0 0 1 2 1 1 0 1 1 2 2 2 1 2 2 1 1 0 1 1 1 0 1 2 1 0 0 1 2 1 0 2 2 2 0 0 1 0 2 1 1 2 0 2 2 2 2 0 0 0 2 2 1 1 2 1 2 2 2 1 1 0 2 2 0 2 0 1
2 0 2 1 2 0 1 2 0 1 0 0 2 0 1 0 1 0 1 0 0 2 2 1 0 1 0 0 0 2 0 1 2 0 2 2 2 1 0 2 0 0 1 2 0 2 1 2 0 0 2 0 0 1 2 1 1 1 2 1 0 0 0 0 2 1 0 1 0 0 1 1 0 0 1 1 2 0 0 2 2 0 0 2 0 1 1 1 2 2 0 0 2 2 0 1 0 0 0 1 2 0 0 2 0 2 2 1 0 0 1 2 1 2 0 1 0 2 0 0 1 0 0 1 2 0 0 0 1 2 2 1 2 2 2 0 2 1 1 1 1 0 0 0 2 1 2 0 2 2 0 0 1 1 2 1 2 0 0 1 0 2 0 0 2 2 0 2
0 2 0 2 2 1 0 2 1 2 2 0 0 0 1 1 1 1 0 0 2 0 1 2 0 2 2 0 1 0 0 1 2 1 1 2 0 2 1 1 2 0 2 2 1 1 1 0 2 2 1 2 0 1 1 1 0 1 1 2 1 1 1 2 0 0 1 0 2 0 0 2 1 2 2 1 1 1 1 0 1 0 2 1 1 1 2 1 0 1 1 0 0 0 2 0 0 0 1 0 1 1 0 1 1 2 2 0 1 0 1 2 1 2 2 2 1 1 2 2 1 1 2 1 1 2 2 2 0 1 0 2 0 1 1 1 0 0 2 0 1 2 2 0 1 1 0 2 1 0 2 2 2 1 1 1 1 1 0 2 2 1 2 0 2 0 0 1
1 2 2 2 1 1 0 0 1 2 1 0 2 0 0 2 0 2 1 1 1 2 0 1 1 0 2 1 0 0 0 1 0 2 2 0 2 0 0 1 2 1 2 2 0 2 2 0 1 0 1 0 1 0 2 2 0 2 1 2 2 0 1 2 2 1 2 2 2 1 0 1 2 2 1 0 2 1 0 2 2 0 2 0 0 1 0 1 1 0 1 0 0 0 1 2 1 0 0 0 1 0 0 2 1 1 2 1 0 1 0 0 1 1 1 2 0 2 1 2 2 0 2 0 0 0 0 2 2 0 1 1 2 2 1 0 0 2 1 2 0 0 0 2 1 1 1 1 1 0 0 1 0 1 1 1 2 2 2 2 2 0 2 2 2 0 2 0
0 2 2 1 0 0 0 1 2 2 0 1 0 2 0 1 0 2 0 0 2 2 0 2 0 2 2 0 0 2 1 1 2 1 2 0 2 1 2 2 0 2 1 1 1 2 0 2 2 0 1 2 0 1 2 0 1 1 1 2 1 2 0 0 1 1 1 1 2 0 0 0 0 2 2 2 1 2 0 1 0 1 1 0 0 0 1 1 1 2 0 0 1 2 1 0 1 0 2 1 0 2 1 1 0 0 2 1 0 2 0 0 0 1 0 0 1 2 2 1 1 0 1 1 0 2 2 1 0 1 2 2 1 2 1 1 2 0 1 1 0 2 1 1 1 0 1 0 0 1 1 2 2 0 1 0 1 0 2 1 1 2 1 0 1 0 2 2
0 0 0 2 2 2 0 1 0 0 0 1 1 1 1 1 0 2 2 1 2 2 0 1 1 2 1 0 0 0 2 1 1 2 0 1 2 1 0 0 1 0 1 0 0 2 2 0 2 2 2 1 1 2 2 2 2 1 0 2 2 2 1 0 2 2 2 2 0 0 2 2 1 1 0 1 1 0 1 0 2 1 2 1 1 2 0 1 0 1 2 0 1 0 2 1 0 2 1 1 0 0 0 2 2 1 0 1 1 0 1 1 1 1 2 0 0 1 2 1 0 1 2 1 2 2 0 2 1 1 1 2 2 0 1 1 1 2 2 1 0 1 2 2 0 0 2 1 1 2 0 1 0 0 0 0 2 1 0 1 2 2 0 2 2 2 1 2
0 2 0 0 1 0 2 2 1 0 0 2 2 1 1 1 1 2 1 1 1 2 0 1 0 1 1 2 1 0 2 2 0 0 2 1 2 2 1 0 0 2 0 2 1 2 1 1 2 1 2 0 1 0 2 1 2 0 2 1 1 1 1 1 0 0 0 2 0 2 2 0 1 0 1 1 0 2 2 0 1 2 1 0 0 1 2 0 2 1 2 1 1 0 0 1 0 0 1 2 0 0 2 2 2 0 1 0 1 0 0 2 0 1 2 1 0 2 2 0 1 2 2 2 0 2 1 1 1 2 0 2 1 0 2 0 1 1 0 2 1 0 2 2 0 2 1 0 2 1 1 1 0 0 1 1 0 0 0 1 0 0 1 1 1 0 2 0
1 2 2 1 1 2 1 1 2 0 2 2 2 2 0 1 2 0 2 0 1 2 2 1 1 0 1 2 1 0 0 0 0 1 1 2 0 0 1 0 1 0 0 0 0 0 1 0 0 1 1 1 1 1 1 0 2 2 0 1 2 1 2 0 2 0 2 0 1 0 0 2 2 0 1 2 2 2 0 0 1 2 0 1 1 1 1 1 1 2 0 0 1 2 2 0 0 1 1 2 0 2 2 2 0 0 2 0 1 0 1 2 0 2 1 2 0 0 0 2 2 0 0 0 0 2 2 1 2 0 1 2 0 0 2 2 1 2 2 2 0 1 2 0 0 1 0 1 2 1 0 1 2 1 0 1 1 0 2 0 1 1 0 2 1 0 1 2
0 1 2 0 0 0 2 0 2 0 2 1 2 0 0 2 2 0 1 1 1 1 1 0 2 0 0 0 0 2 1 1 0 0 0 1 1 2 2 0 0 2 1 0 0 2 2 0 0 1 1 0 2 0 0 1 1 0 1 0 0 2 1 0 1 1 2 2 1 2 1 2 2 2 2 2 2 2 0 1 0 2 1 2 0 2 1 2 2 2 2 2 0 1 0 2 0 0 2 0 0 0 0 0 1 2 1 1 2 1 2 0 1 0 0 2 0 1 1 2 1 1 2 1 0 1 1 0 2 1 0 0 2 0 1 1 0 2 0 0 1 2 0 0 1 0 2 1 2 1 2 1 2 2 0 2 1 0 1 1 1 2 2 1 1 0 0 1
0 0 0 2 0 0 2 2 2 2 2 1 0 2 0 1 1 1 1 1 1 0 2 0 0 2 2 1 2 0 0 0 1 0 2 2 2 2 2 1 1 1 0 0 1 1 2 0 0 1 1 2 2 1 0 2 0 2 1 0 0 2 1 2 0 1 1 0 1 2 2 0 1 2 1 0 1 0 1 2 2 0 2 1 1 2 1 2 0 0 0 1 2 1 0 0 0 0 1 2 2 0 2 1 1 1 1 2 2 2 0 1 2 2 0 1 0 2 1 1 0 2 0 1 0 0 1 1 1 0 1 1 0 1 0 1 0 1 2 2 2 0 2 1 0 0 1 0 1 2 2 1 1 2 2 0 1 2 1 2 0 0 1 1 2 2 1 0
1 1 0 0 1 0 0 1 1 1 0 0 1 2 2 0 2 0 1 0 2 0 2 0 0 1 1 0 1 0 1 0 1 2 1 2 2 1 2 1 0 2 1 0 1 1 0 1 2 1 1 1 2 2 2 0 1 0 1 0 1 0 0 0 0 1 1 2 1 0 2 2 0 0 2 2 2 0 1 1 2 2 0 2 2 2 0 1 1 1 1 0 2 2 0 2 0 2 0 2 2 2 2 0 0 1 0 1 2 1 0 1 1 2 0 1 2 0 2 1 0 0 1 0 2 0 1 0 2 1 0 0 1 2 0 2 1 1 0 1 2 2 0 1 1 1 2 1 0 1 0 0 2 2 1 2 2 2 2 0 1 0 1 2 0 2 0 2
1 1 0 0 0 1 2 2 0 1 2 1 0 2 1 0 1 0 2 2 0 2 0 1 0 1 2 1 0 0 0 2 1 1 1 0 0 0 2 1 0 2 2 0 1 1 2 1 1 1 0 2 1 0 1 2 2 1 0 0 1 1 0 0 2 1 0 0 2 1 2 2 0 1 1 2 0 0 0 2 2 1 1 1 2 0 1 2 2 2 2 1 0 0 2 0 2 2 2 2 0 1 2 1 0 0 1 1 1 2 0 2 0 0 0 0 1 2 0 2 1 0 0 2 1 2 2 1 0 1 1 0 1 1 2 2 2 0 0 2 2 2 1 0 0 2 1 1 2 1 0 0 2 2 0 1 1 2 2 1 2 2 0 0 1 2 0 1
1 0 0 0 2 2 2 2 2 0 2 1 0 0 2 2 2 2 1 2 0 1 0 0 0 1 1 1 2 1 0 0 1 1 1 2 2 0 2 1 2 1 1 2 0 0 2 2 1 1 1 1 2 0 1 0 2 2 1 1 1 2 1 2 2 0 2 1 1 2 0 0 1 1 0 1 0 0 2 2 1 1 0 1 1 2 2 2 2 0 0 0 1 0 0 0 0 0 2 1 0 2 0 1 2 1 1 0 2 0 2 1 2 0 2 2 0 1 1 2 0 1 0 2 1 0 0 2 1 2 2 1 2 2 1 2 0 0 2 0 1 2 2 0 0 2 2 0 2 1 0 2 0 0 2 2 2 2 0 1 1 2 1 1 2 0 1 0
0 1 2 1 1 1 2 2 0 0 0 2 1 0 2 2 2 1 0 1 0 0 2 2 0 1 1 0 1 0 1 1 1 0 0 0 1 1 0 0 1 1 0 2 1 0 0 0 2 0 2 0 1 0 0 2 1 1 2 0 2 1 2 2 2 1 2 0 2 0 1 0 1 2 0 1 0 0 2 2 1 0 0 0 0 1 2 2 0 2 0 0 1 1 2 1 2 2 2 1 1 1 2 2 1 0 1 1 2 1 1 0 1 2 2 2 1 1 2 1 2 0 2 1 2 2 2 1 2 1 0 1 0 2 0 1 2 2 0 1 1 2 0 2 1 2 1 0 1 0 1 1 1 2 2 0 1 2 2 1 2 2 2 2 1 1 2 2
0 2 1 1 2 1 1 1 0 0 1 0 1 0 1 0 2 2 1 1 1 1 0 0 1 0 1 1 1 0 0 1 0 1 0 1 1 2 2 2 2 1 2 1 2 1 2 2 0 1 0 2 0 1 1 2 2 2 0 0 0 1 0 1 0 1 2 2 1 2 2 1 1 1 0 0 0 2 0 1 2 1 2 2 1 0 2 0 2 2 1 0 1 2 1 0 1 1 2 0 0 1 1 2 1 2 2 2 2 0 2 2 1 1 2 2 2 2 0 1 2 2 2 1 1 0 1 0 1 2 0 2 0 0 1 2 0 1 2 0 2 2 0 1 0 0 1 2 2 2 1 2 2 1 2 1 1 1 2 1 0 0 1 1 1 1 1 1
0 0 0 0 2 0 1 0 1 0 0 1 0 2 2 2 0 1 1 0 2 1 1 0 2 0 2 1 1 0 2 2 2 2 2 2 0 1 1 2 1 1 1 2 2 0 2 0 2 1 0 1 2 2 2 2 1 2 0 2 0 0 2 0 1 1 2 1 0 0 1 0 0 0 0 0 0 2 0 0 1 2 2 1 2 2 1 0 1 2 1 2 0 0 2 1 0 0 0 0 1 2 1 1 2 1 2 0 2 0 0 0 0 0 2 2 2 1 0 1 1 1 2 1 2 2 0 2 2 2 1 2 1 2 0 1 1 0 1 1 1 2 2 1 2 1 1 2 0 1 1 2 0 1 1 1 1 0 0 1 2 2 0 0 2 2 2 1
0 1 2 1 1 1 0 1 0 1 1 2 1 0 1 2 2 0 0 0 1 1 2 1 0 0 0 0 2 2 2 2 1 1 1 2 0 1 1 1 0 2 0 1 0 2 1 0 0 1 0 2 0 2 0 2 0 0 2 0 1 0 0 2 1 1 0 0 0 1 2 1 2 2 0 0 2 1 0 0 1 1 2 2 0 1 1 2 2 2 2 1 2 0 1 1 2 1 1 1 0 0 0 2 0 0 2 0 0 0 1 2 1 1 1 0 0 1 2 0 0 2 1 0 2 0 2 0 2 1 2 0 2 2 0 1 0 1 1 1 1 0 1 0 2 0 1 2 1 0 0 2 2 0 0 0 1 2 1 1 1 0 2 1 0 0 2 1
1 1 0 1 2 1 2 2 2 0 2 1 1 1 0 0 2 1 1 0 1 2 2 2 2 1 1 0 0 1 2 2 0 0 0 0 2 0 0 2 0 0 1 1 1 2 0 0 1 1 2 2 1 1 0 1 1 1 2 1 1 2 0 2 2 2 2 2 2 0 2 1 0 1 0 0 1 0 1 2 0 0 0 1 0 0 0 2 2 0 1 0 0 2 0 0 2 0 0 2 0 2 1 2 0 1 2 1 0 0 1 0 2 2 2 0 2 0 0 2 2 1 1 2 1 1 0 1 2 0 1 2 2 2 1 1 1 1 0 2 0 1 0 0 0 0 0 0 1 0 0 0 2 2 2 0 0 0 1 2 0 2 0 1 2 2 2 1
2 2 0 2 2 2 2 0 2 2 2 1 0 0 2 2 2 0 0 0 0 2 0 1 1 1 0 2 0 0 0 2 0 1 2 0 0 1 1 1 1 1 2 2 1 2 1 1 0 2 1 0 2 2 1 1 0 2 0 2 2 1 2 0 0 2 1 1 1 2 0 1 1 1 0 2 0 0 1 0 0 0 1 2 2 1 0 1 0 2 1 1 0 0 2 1 0 0 0 0 1 1 1 2 2 2 0 0 2 1 1 2 2 0 1 0 1 0 1 1 0 0 0 0 1 2 2 0 0 0 0 1 2 2 0 2 1 0 2 1 0 1 0 2 1 0 2 0 1 1 2 1 1 0 2 0 2 2 0 2 0 0 0 0 0 1 2 1
2 2 0 2 0 2 2 2 2 1 0 1 0 0 0 2 0 2 2 0 2 2 0 2 0 1 0 0 0 2 2 0 2 0 0 0 2 0 1 2 0 1 0 1 1 1 0 2 1 0 0 1 2 1 0 0 0 1 1 1 1 1 2 1 2 2 2 1 0 0 2 0 2 0 1 1 2 2 1 0 2 2 1 0 1 2 0 2 1 2 0 1 1 0 2 0 2 2 2 0 0 1 1 0 2 0 2 2 0 0 2 2 1 1 2 2 1 0 1 1 0 2 2 1 2 2 2 0 2 1 0 2 1 0 0 1 0 2 0 1 1 0 1 2 1 1 1 0 0 1 2 0 0 1 2 1 2 1 1 1 0 2 1 1 2 0 2 1
2 0 2 0 0 0 0 2 0 0 0 0 1 2 1 2 2 0 1 1 2 2 0 2 0 2 2 2 2 2 0 2 0 0 0 0 1 2 0 1 2 1 2 1 1 0 1 0 0 0 2 0 0 0 0 0 0 0 0 2 2 1 2 2 2 1 1 1 0 1 0 0 0 0 1 1 1 2 0 0 0 2 0 1 1 1 2 1 1 2 1 1 2 1 1 1 0 2 0 0 1 1 1 2 2 2 1 0 2 2 0 1 2 1 2 0 0 1 1 2 2 0 1 2 2 0 0 2 1 1 0 2 2 1 2 2 1 1 2 1 0 1 2 2 0 2 0 0 2 2 2 1 0 1 0 2 2 1 2 0 2 0 0 2 1 0 1 0
1 2 2 2 0 1 0 0 1 1 0 0 1 1 2 2 2 0 2 1 1 2 2 1 2 0 1 2 1 1 2 0 0 1 0 1 0 1 2 2 2 2 2 1 1 2 1 1 2 0 0 0 2 1 2 0 1 1 2 0 2 2 0 0 1 2 1 2 0 0 1 1 0 1 0 2 1 2 1 0 2 2 0 0 0 1 1 2 2 0 0 2 2 1 0 1 1 1 1 0 2 0 2 0 1 2 0 0 2 2 0 1 2 2 2 0 0 0 0 0 0 1 2 1 0 2 0 2 1 2 2 1 2 1 1 2 1 0 2 0 2 1 2 1 0 2 0 0 2 0 0 1 2 0 0 2 0 0 1 1 0 1 0 1 0 2 1 2
2 0 0 2 2 0 1 2 0 1 0 2 2 0 1 1 1 1 2 1 0 1 0 1 1 0 2 1 0 0 1 2 2 1 2 1 2 2 2 2 0 2 0 1 1 1 0 2 0 0 2 1 2 2 2 0 0 0 2 1 1 0 1 1 0 1 1 0 0 0 0 1 2 1 0 1 2 1 1 0 1 0 1 1 2 2 1 0 0 1 1 1 2 0 1 0 2 2 2 0 2 2 2 2 0 0 1 0 2 0 1 1 1 0 0 1 2 2 2 0 1 1 2 1 2 0 2 1 0 1 1 0 1 1 2 2 2 1 0 1 2 2 2 0 2 2 2 0 0 2 0 1 0 0 0 0 1 0 2 1 2 1 1 1 0 2 1 2
1 2 1 1 1 0 1 2 1 1 0 1 0 1 2 1 2 0 2 1 1 1 1 0 0 0 2 0 0 2 0 2 1 1 0 1 0 2 0 1 1 1 0 1 2 0 0 2 0 2 1 2 2 0 1 2 0 1 0 2 0 1 1 2 0 2 1 0 1 2 2 0 0 2 0 0 2 1 0 1 2 2 0 1 2 2 0 0 1 1 2 1 0 1 1 1 0 2 1 0 2 0 1 2 0 1 0 2 1 1 0 0 0 2 1 0 1 2 1 0 2 2 2 2 0 1 0 2 2 2 0 1 2 1 1 2 1 2 2 2 0 1 2 1 0 1 2 2 1 0 0 0 0 0 2 1 1 0 1 0 2 1 2 2 0 1 2 1
1 0 1 2 1 0 0 2 2 0 1 1 0 2 2 1 0 2 0 0 0 2 1 1 1 0 1 1 2 2 1 1 2 2 0 0 0 1 0 0 1 2 2 2 2 2 1 0 2 2 0 2 2 2 1 0 0 0 1 1 0 2 2 2 0 0 0 1 1 0 1 0 2 1 0 2 0 2 0 0 1 1 0 0 0 2 1 2 0 0 0 0 0 2 0 0 0 0 2 2 0 0 0 0 2 0 0 0 2 1 0 1 2 1 2 1 1 0 0 1 0 0 2 1 0 2 2 2 2 1 1 0 2 2 1 2 2 1 0 2 2 0 1 0 2 0 1 0 0 2 1 1 2 0 0 0 0 2 2 2 2 1 0 2 1 2 1 1
1 1 0 2 0 1 2 2 2 1 1 0 0 0 2 0 2 0 0 2 0 1 0 2 0 0 1 2 0 0 0 2 2 2 1 0 1 0 1 1 2 2 1 2 2 1 2 2 1 0 2 2 1 0 1 0 0 1 0 1 1 0 1 1 0 2 2 2 0 0 0 2 2 2 1 2 1 0 0 0 1 2 2 1 2 1 1 0 2 1 2 1 2 0 0 0 0 2 2 0 2 0 0 2 0 1 0 2 2 0 0 1 0 2 2 0 1 1 1 1 2 1 0 2 2 1 2 0 1 2 1 2 0 2 2 1 1 2 0 1 0 0 0 0 1 2 1 0 1 0 2 1 2 2 0 2 1 1 0 0 0 0 2 2 2 1 0 0
2 1 2 2 0 2 1 2 2 0 2 0 1 1 1 0 2 0 1 1 1 1 1 2 1 1 1 1 1 2 0 1 2 2 0 2 0 2 2 0 0 1 2 1 0 1 0 0 1 1 1 0 0 1 1 2 2 0 1 1 1 1 2 0 2 1 0 0 1 2 1 2 0 0 1 1 0 2 1 1 1 1 0 1 2 1 1 2 1 0 2 0 2 1 0 1 2 1 2 2 0 1 1 2 1 0 0 1 2 0 1 1 2 2 0 2 1 2 1 0 0 0 1 0 0 1 2 0 0 2 2 1 0 1 0 2 1 2 1 2 0 0 0 2 0 1 1 1 1 0 1 1 2 2 1 2 2 2 0 2 1 0 1 1 2 2 0 0
2 2 0 2 0 1 2 0 2 1 1 1 1 0 0 0 2 2 0 1 1 1 1 2 2 1 1 1 0 2 2 0 2 0 0 0 1 2 0 0 0 2 0 2 2 0 1 2 0 1 2 0 0 1 2 2 2 2 0 0 1 0 0 0 0 1 1 2 0 2 0 1 1 0 2 1 0 0 1 2 2 1 2 0 0 2 2 2 1 1 0 0 2 1 2 2 0 0 2 1 2 2 1 1 0 0 0 1 0 2 0 2 0 0 0 0 0 0 1 1 2 2 0 1 0 2 1 1 2 0 0 2 2 2 1 2 2 2 2 0 1 0 0 2 1 1 0 2 1 2 1 1 1 1 2 2 0 0 1 0 0 2 0 2 1 1 0 0
0 0 1 2 0 1 2 2 2 2 1 1 2 0 2 0 1 1 2 2 1 1 0 2 0 1 0 1 2 0 2 1 0 1 0 1 0 2 1 0 2 2 2 1 2 1 1 2 1 2 2 0 0 0 0 1 1 0 0 0 1 1 1 2 2 0 0 0 2 2 1 2 2 0 1 2 2 1 2 1 0 1 2 1 1 0 0 2 0 2 1 2 1 0 1 1 0 2 2 0 2 0 0 1 1 2 1 1 0 1 0 1 0 0 0 2 0 1 2 0 0 1 0 1 2 1 0 2 0 2 0 2 0 1 1 2 2 0 1 2 2 1 2 2 1 2 2 1 0 2 2 2 0 2 0 0 1 0 1 2 0 2 2 1 1 1 1 0
2 0 0 1 2 2 0 1 2 0 0 1 0 1 0 1 1 1 0 1 0 1 0 0 0 0 0 2 1 1 0 1 1 2 2 1 1 0 0 2 1 1 0 2 0 1 1 0 2 1 1 2 2 2 1 1 2 1 0 2 2 2 0 2 1 0 1 0 1 2 2 0 1 0 0 2 1 1 0 1 0 1 0 0 0 1 1 0 0 0 2 1 0 0 1 1 1 2 1 2 2 2 0 0 2 0 0 1 1 0 0 2 1 1 0 2 1 2 0 1 0 2 2 0 0 0 2 1 0 1 1 2 1 1 1 0 2 2 2 1 0 0 1 2 2 2 2 0 2 0 2 0 2 2 1 1 0 0 2 2 2 2 1 1 1 0 2 1
0 2 0 1 0 1 0 0 1 0 0 1 0 2 2 1 2 0 0 1 2 0 0 2 2 2 1 2 0 1 0 1 1 1 2 2 0 0 2 2 2 0 0 0 1 0 2 1 1 2 2 1 0 2 2 0 0 1 2 0 0 2 2 1 1 2 2 2 2 1 1 1 0 0 0 1 1 2 0 0 2 0 2 2 0 2 2 0 0 0 1 1 2 0 2 2 2 1 1 0 1 2 2 1 2 2 0 1 2 0 2 2 0 2 2 2 1 1 2 2 2 1 0 2 2 0 2 0 2 0 0 1 2 0 0 0 0 0 1 0 1 0 2 0 2 1 2 1 0 2 0 0 0 0 0 1 1 2 1 1 2 2 0 2 2 0 0 2
0 2 0 1 0 2 1 1 0 1 0 2 1 1 2 2 2 0 0 1 2 2 0 2 1 0 1 2 0 2 2 1 2 0 1 0 2 0 2 1 2 0 1 1 1 0 0 1 0 2 0 0 2 0 2 2 2 0 1 2 0 0 2 0 0 0 1 1 1 0 0 1 1 1 2 2 2 0 2 2 0 2 0 2 0 2 1 2 0 0 2 2 1 2 2 2 2 1 0 1 0 0 0 1 2 2 2 1 0 1 1 0 1 1 1 1 1 0 1 2 1 1 2 2 0 1 2 0 1 0 1 2 1 1 1 1 2 0 0 2 2 2 1 0 0 0 2 2 0 1 2 1 0 1 1 1 0 1 1 1 2 0 1 1 0 0 0 2
0 1 2 0 0 1 1 1 1 1 1 0 2 0 2 0 1 2 1 0 1 0 1 0 1 0 2 2 1 0 2 1 1 1 2 2 1 2 0 0 0 2 1 1 2 1 1 2 1 0 0 2 0 1 0 2 2 2 1 1 2 0 0 0 0 0 2 1 2 1 2 1 0 1 2 0 0 1 0 1 2 0 0 1 0 1 0 0 0 0 2 0 0 0 1 0 0 2 2 1 0 2 2 1 1 2 2 1 0 0 2 0 1 0 2 2 1 2 0 1 2 0 2 1 0 2 2 1 1 2 2 2 2 2 1 0 2 0 2 0 1 1 1 1 2 0 0 0 0 1 1 1 1 2 2 2 1 1 1 0 1 1 0 0 1 1 1 1
2 0 1 2 2 0 0 1 1 1 1 2 0 1 0 2 1 0 2 2 1 0 0 0 1 0 1 0 2 0 2 1 1 1 1 1 0 2 2 1 1 2 1 2 0 2 1 1 2 1 1 1 1 1 1 1 2 0 2 1 0 2 0 2 2 0 0 2 2 0 0 1 2 0 1 0 2 1 2 2 2 1 1 2 0 0 0 2 0 0 1 1 0 0 1 2 0 2 2 2 0 0 2 1 0 0 1 1 2 2 0 2 1 2 1 2 2 2 2 0 2 1 1 0 1 0 0 2 2 2 1 0 0 1 2 1 0 0 2 2 0 0 1 0 2 0 0 2 2 2 0 0 1 2 1 0 1 2 2 1 2 2 1 0 0 1 0 0
2 2 0 0 1 2 1 1 0 1 1 0 1 2 0 0 2 0 1 0 0 1 2 2 0 1 1 1 0 1 2 0 1 0 1 0 0 0 2 0 1 1 1 0 1 0 1 0 0 2 2 0 0 1 0 2 0 2 1 0 1 0 1 0 2 0 1 2 0 0 0 2 2 1 0 0 2 1 2 2 1 1 0 2 2 2 2 2 1 0 1 1 2 2 2 1 0 0 0 1 2 1 1 1 0 1 0 0 0 2 2 2 0 1 2 0 0 2 0 2 0 1 1 2 2 0 0 2 1 1 1 0 0 0 2 1 2 2 1 0 1 1 2 1 0 2 2 1 1 0 2 0 2 0 2 1 1 1 2 0 0 1 1 1 1 0 0 0
0 2 0 2 1 0 2 2 2 1 0 2 1 2 2 1 1 2 0 2 0 2 2 1 0 0 0 1 1 0 2 1 0 2 1 1 2 0 0 0 2 2 2 1 2 2 0 0 1 0 0 0 1 0 1 2 1 2 2 0 0 1 1 0 1 0 1 1 1 0 1 1 2 1 0 2 1 1 1 0 1 1 0 0 2 2 0 1 1 2 1 1 0 1 1 2 2 0 2 1 0 1 0 0 1 1 0 2 2 2 2 1 0 0 2 0 0 0 2 1 0 1 0 1 2 2 1 2 0 1 1 1 2 2 2 0 0 0 1 2 2 1 1 0 2 1 2 2 1 2 2 2 0 0 1 0 0 0 0 1 1 1 0 1 0 0 0 0
0 1 0 0 2 1 1 2 1 1 2 0 0 2 0 0 2 1 1 0 2 1 2 0 2 0 2 2 0 2 0 2 0 1 2 1 1 1 0 2 0 0 2 0 2 2 2 0 1 0 0 0 2 1 1 2 1 1 0 2 0 0 1 2 2 2 0 0 1 0 0 2 1 2 2 1 0 1 1 2 0 0 0 2 1 1 2 2 0 2 2 2 0 2 1 0 1 2 1 0 0 2 2 2 1 0 1 2 2 2 2 2 2 0 2 1 1 0 0 0 2 1 2 0 0 0 1 2 2 0 2 2 2 0 0 1 1 1 1 0 1 0 1 2 0 1 0 0 1 2 0 2 0 0 2 0 0 2 0 0 2 0 0 2 0 0 1 1
2 2 0 1 1 2 0 1 1 0 2 1 2 0 0 0 0 0 1 1 2 1 2 2 2 1 1 0 2 2 2 2 1 0 1 2 2 1 2 0 2 2 1 0 0 2 0 1 0 0 1 2 1 1 2 1 2 0 2 0 0 2 2 0 2 0 0 2 2 0 0 2 0 0 0 1 0 2 0 0 2 1 1 0 1 1 0 0 2 2 1 0 1 0 0 1 1 1 1 1 1 2 2 2 0 2 0 1 1 2 2 0 0 1 2 2 0 2 0 0 2 2 0 0 1 1 2 2 0 1 2 2 1 1 0 2 1 1 1 0 0 0 1 1 2 0 0 0 0 1 0 2 2 0 0 0 2 2 0 0 1 2 0 0 1 1 0 0
2 1 1 0 2 2 2 2 1 0 2 1 0 2 1 2 0 1 2 0 2 2 1 1 2 2 1 1 0 2 2 2 1 1 0 1 1 2 1 0 0 1 1 0 1 0 2 2 0 1 0 2 0 2 0 0 1 0 0 1 0 0 1 2 2 2 1 1 1 2 1 2 1 0 2 1 1 2 0 2 0 1 1 2 0 2 0 1 0 0 0 1 1 0 1 0 0 2 2 2 2 0 2 2 1 1 1 2 1 1 1 2 1 0 1 1 1 0 1 1 0 2 0 2 0 1 0 0 1 2 0 2 0 2 2 2 1 0 2 0 2 2 0 0 2 2 0 1 2 2 0 1 2 1 1 0 1 0 0 0 0 0 2 1 2 2 1 2
2 0 2 2 2 0 0 0 0 1 1 0 0 2 2 0 2 2 0 0 2 0 0 2 2 1 1 2 0 2 1 0 0 2 0 0 2 0 1 2 2 1 1 0 0 0 0 0 0 1 0 2 0 2 2 0 0 0 2 0 0 2 1 1 1 1 2 0 0 1 1 0 2 0 1 0 1 0 1 2 1 1 1 2 0 1 2 1 0 0 0 1 2 1 2 0 1 1 1 1 2 0 2 2 0 0 0 2 0 1 1 0 0 0 2 2 2 2 1 2 2 1 0 2 0 0 0 1 2 1 0 0 0 0 2 0 0 2 0 2 1 2 2 0 0 1 2 0 1 0 0 1 0 0 0 0 1 1 2 0 1 2 0 1 0 0 2 0
0 1 0 0 0 2 0 1 2 0 1 1 1 2 0 1 0 1 2 1 1 1 2 2 1 0 0 1 1 0 0 0 1 0 0 2 0 1 1 0 2 1 1 0 0 2 0 1 2 0 2 0 2 2 2 0 1 0 0 2 0 0 2 2 0 0 2 0 1 0 1 0 2 0 2 0 0 0 2 2 0 2 2 0 2 2 2 1 2 2 0 0 2 1 0 2 1 2 1 1 0 2 2 1 0 2 1 1 0 0 0 1 0 1 2 0 0 1 1 1 0 0 2 2 1 2 0 0 2 2 2 0 1 2 1 0 1 0 1 0 1 2 1 2 1 1 2 0 0 1 1 0 2 0 1 0 0 1 1 0 1 1 0 2 0 2 0 2
0 1 2 2 2 1 1 0 0 0 0 1 2 2 1 1 0 0 2 0 2 1 1 0 2 2 1 0 2 1 0 2 1 1 1 0 0 2 0 1 1 2 2 1 2 2 1 0 2 0 1 2 2 0 0 2 0 1 2 2 0 1 1 1 2 1 1 0 1 2 2 0 2 1 2 2 0 1 0 1 1 1 1 2 2 1 1 2 0 2 1 1 0 1 2 0 0 1 0 1 1 2 0 2 2 0 2 0 1 2 1 0 1 2 2 1 2 1 1 2 1 1 1 2 2 1 2 0 0 0 2 1 1 2 1 0 0 0 0 1 0 0 2 2 0 2 1 2 1 2 1 2 0 0 1 0 1 1 0 1 0 1 1 1 0 2 2 2
0 0 0 0 0 0 0 1 1 1 1 2 1 0 0 1 1 2 2 0 2 0 1 2 1 2 1 0 0 0 2 1 0 0 2 2 1 0 1 0 1 2 2 0 0 0 2 2 0 2 2 2 0 1 2 2 1 0 0 1 1 2 0 2 0 2 1 2 2 0 2 2 1 2 2 1 0 2 1 0 1 1 0 0 0 0 2 2 0 0 1 2 0 1 2 0 0 1 0 1 2 2 0 0 2 2 2 0 2 2 1 1 1 0 1 1 0 1 1 2 1 0 1 2 2 0 0 1 2 1 2 2 0 2 0 1 2 0 2 2 2 0 1 1 0 0 0 2 2 0 1 1 0 2 1 0 1 2 1 0 0 0 0 1 0 0 2 2
0 2 2 1 0 1 2 1 1 0 0 1 0 2 1 1 2 0 2 0 2 1 1 2 2 2 1 2 2 2 2 0 1 2 1 1 0 1 1 0 2 2 2 2 2 0 1 1 0 1 2 0 2 1 0 1 0 2 1 0 1 1 0 2 1 0 2 0 1 1 0 0 0 0 1 2 1 0 0 2 2 0 1 2 2 1 1 0 1 0 0 2 2 2 0 1 2 0 1 0 1 2 2 1 2 0 1 1 1 2 1 0 1 0 1 0 1 0 1 0 0 2 0 0 1 1 2 0 1 1 2 2 0 1 2 0 2 1 2 0 0 1 2 1 1 0 0 0 0 1 0 1 1 2 1 0 0 1 1 2 2 0 2 2 2 2 0 1
0 0 0 1 1 0 0 0 1 0 0 2 2 1 0 2 1 0 2 1 1 0 1 1 2 2 1 1 1 2 0 2 0 1 1 1 1 2 1 2 1 0 1 0 2 1 0 0 2 2 1 1 1 0 0 0 2 2 2 0 0 0 0 0 1 2 0 2 2 2 2 0 2 1 1 1 0 2 1 2 2 0 1 0 1 1 1 0 2 2 1 2 2 0 2 1 2 2 1 1 2 2 2 2 0 1 1 1 0 2 1 0 0 0 1 1 0 0 2 2 2 2 1 0 0 1 1 2 2 0 2 2 2 1 1 0 0 0 1 1 1 0 2 1 2 0 1 2 1 1 1 2 1 0 2 1 2 1 2 1 1 2 0 2 0 0 0 2
0 2 0 1 0 2 1 0 0 2 2 2 1 1 2 0 1 1 2 0 2 1 0 1 0 0 0 2 1 0 1 2 1 1 0 2 1 1 2 2 1 1 2 0 2 1 1 1 0 0 2 2 2 2 2 0 1 2 2 2 1 0 2 2 0 0 1 2 2 0 1 2 2 1 0 2 0 1 0 1 1 2 1 1 0 0 2 1 0 1 0 2 0 0 2 0 1 1 2 1 2 1 1 1 2 1 0 1 0 1 2 0 0 0 1 0 2 1 2 2 1 1 2 1 1 1 2 0 2 1 2 2 0 2 0 1 0 1 2 2 2 2 2 0 0 1 1 2 0 1 2 1 2 1 0 0 0 2 1 0 1 2 2 1 1 0 2 2
1 2 1 0 1 1 1 2 1 0 1 2 1 1 1 1 0 1 2 1 1 2 2 2 1 2 1 0 2 2 2 2 2 2 0 1 1 1 1 0 2 0 2 2 2 0 1 0 1 0 2 0 0 1 0 2 1 2 2 1 2 0 1 1 0 1 0 2 1 2 0 0 0 2 0 2 1 1 2 2 0 1 1 0 1 1 1 2 0 1 1 0 1 2 0 2 1 1 0 2 1 1 0 1 0 1 0 1 2 1 2 2 0 0 1 1 1 2 2 0 0 0 1 0 1 1 0 2 0 0 2 1 1 2 0 0 1 1 2 2 0 2 1 1 0 0 0 2 2 0 0 1 2 2 2 0 1 2 0 2 1 2 1 0 2 2 1 2
0 1 1 1 0 0 0 2 1 1 2 1 2 2 2 1 1 1 2 0 2 2 0 0 1 1 1 1 0 0 0 2 1 1 1 2 0 1 1 1 0 0 2 0 0 0 1 0 2 0 0 2 0 2 0 2 0 2 1 2 2 2 1 0 2 0 0 2 1 0 0 1 0 0 0 2 1 1 2 2 0 0 1 0 2 2 0 1 1 2 0 0 1 2 1 1 2 2 0 1 2 1 0 1 0 0 0 2 0 0 1 1 0 1 2 1 1 0 2 0 2 0 1 2 0 2 1 0 1 2 1 2 1 2 0 1 0 0 1 1 1 0 2 1 1 1 0 0 0 2 0 2 0 1 2 0 1 1 0 1 1 2 0 2 0 0 2 1
1 1 2 2 2 2 1 2 1 2 2 1 2 0 2 0 1 1 1 1 0 0 2 1 2 2 2 2 0 2 1 2 0 0 2 2 0 0 1 2 0 2 0 0 2 0 1 1 0 2 2 0 2 2 0 0 1 2 0 2 1 2 1 2 2 0 2 0 2 2 0 0 1 1 0 1 2 1 2 2 1 0 2 1 2 0 1 2 2 2 1 1 1 1 0 1 2 1 1 2 0 2 0 1 1 1 2 0 0 2 2 2 0 2 0 1 0 0 0 0 2 2 2 0 1 0 1 2 1 1 1 2 0 1 0 1 0 0 2 1 1 1 1 2 2 1 0 2 2 1 0 1 2 0 1 0 1 1 2 0 0 2 1 0 1 2 0 1
1 2 0 2 2 1 1 1 1 0 1 0 1 2 0 1 0 2 2 2 0 2 0 0 1 1 2 0 1 0 2 2 2 1 2 2 0 1 0 2 2 2 0 1 2 1 2 0 0 2 2 1 2 2 2 1 2 2 2 1 2 0 0 2 1 0 1 2 2 0 2 2 0 0 1 0 1 0 0 1 1 0 2 1 0 0 0 0 2 0 1 2 1 2 2 2 2 1 1 2 2 0 1 1 0 2 1 2 1 0 1 0 0 1 1 1 1 1 1 2 2 0 2 0 2 2 0 2 0 0 2 1 1 0 2 0 1 1 2 2 1 0 2 0 2 1 2 1 0 2 0 0 2 0 1 0 2 2 2 1 2 1 2 0 0 1 0 1
0 1 1 0 1 1 0 1 2 0 0 2 0 1 0 0 0 2 0 2 2 0 0 1 2 0 2 0 1 1 1 0 2 0 0 1 1 1 0 0 1 1 0 2 2 1 0 2 1 1 0 0 1 0 2 1 2 1 1 0 0 2 1 2 2 1 2 1 2 2 2 2 0 0 1 0 2 2 1 0 0 1 1 2 2 0 1 1 2 2 0 0 0 1 0 0 0 2 2 0 1 1 2 2 1 1 0 1 0 1 2 1 2 0 1 2 1 2 1 1 1 1 1 1 0 1 0 0 2 2 2 1 0 1 1 0 0 2 2 1 1 2 0 1 0 1 0 2 0 1 0 2 0 2 2 1 1 2 2 0 1 1 2 2 1 1 2 1
0 0 2 2 2 2 0 2 1 0 1 1 0 2 1 0 1 0 2 0 2 0 0 1 1 0 0 2 2 1 1 2 1 2 1 1 2 2 0 1 0 0 2 0 0 1 1 2 2 2 2 2 2 0 0 0 2 2 1 1 0 0 2 2 2 1 0 2 1 1 0 1 2 0 2 0 0 1 2 0 0 2 0 2 0 1 1 2 0 0 1 1 0 0 0 0 2 1 0 0 1 0 2 0 1 1 1 2 0 1 0 0 0 0 1 2 2 2 1 0 2 0 2 0 1 1 0 1 2 0 1 1 1 1 2 1 0 0 0 0 2 1 2 0 2 1 2 2 1 2 0 1 0 2 1 2 1 2 0 1 0 2 0 0 0 2 2 2
1 2 0 1 2 2 2 1 1 0 1 2 2 1 0 2 2 2 2 0 2 2 2 0 0 0 1 1 0 0 0 2 1 1 1 0 1 1 2 0 1 1 0 1 0 1 1 0 1 1 2 1 1 1 2 1 2 1 0 1 2 1 0 0 2 0 0 2 1 1 2 0 2 2 1 0 1 0 1 0 1 0 2 1 2 2 2 0 1 0 2 0 0 0 1 0 0 2 2 1 0 1 1 0 2 0 2 0 1 1 2 0 2 1 1 1 0 2 2 1 0 1 0 0 2 1 1 2 1 0 2 0 0 1 1 2 2 0 0 1 1 2 1 1 1 0 0 2 2 0 2 2 0 2 1 0 1 2 0 0 0 2 0 0 1 2 0 1
0 2 2 0 1 0 1 0 0 2 1 0 1 0 1 1 0 2 1 2 2 1 2 0 1 1 1 0 1 2 2 1 1 1 2 1 1 1 1 0 1 0 1 2 1 2 0 1 2 1 1 2 1 1 0 0 0 2 1 1 1 0 0 1 1 0 2 0 2 1 1 0 2 0 0 0 0 1 0 1 1 1 0 2 0 0 0 0 0 1 1 0 1 2 1 0 0 0 0 0 1 2 0 1 0 1 2 0 1 2 1 2 0 0 2 1 1 0 1 2 1 1 2 0 1 1 0 2 1 0 2 0 0 0 2 1 2 2 2 1 1 1 1 2 1 0 1 0 1 1 0 2 2 2 2 1 0 0 0 2 1 0 0 2 0 2 0 0
1 0 1 0 0 2 0 1 0 2 2 1 0 2 1 0 2 1 1 0 1 2 0 0 2 1 0 1 1 1 1 1 2 0 1 2 2 2 1 1 2 2 2 0 1 1 1 2 2 0 0 2 1 2 2 1 0 2 2 2 0 1 0 0 2 2 0 2 2 2 0 1 1 1 2 0 0 1 0 2 2 1 2 0 1 1 2 1 1 2 0 0 1 2 0 0 1 1 1 0 1 1 0 2 0 0 0 0 1 1 1 0 0 0 2 1 2 2 0 1 1 1 1 1 0 0 1 2 1 0 0 0 0 1 0 0 1 0 1 0 1 2 1 2 0 1 0 2 0 1 2 0 0 0 1 0 0 2 1 2 1 2 2 1 0 0 1 2
1 0 0 0 0 2 0 1 1 0 1 1 2 0 1 0 1 2 1 2 0 2 0 2 1 0 0 2 1 1 2 2 0 2 2 0 2 2 1 0 1 1 2 1 1 2 1 2 1 0 0 2 0 0 1 2 0 2 2 1 2 2 1 2 2 1 0 1 1 2 2 2 0 2 1 2 1 0 2 1 1 0 0 2 0 0 1 1 2 1 0 1 1 2 1 1 0 2 0 2 2 2 2 0 1 2 2 0 2 2 1 0 2 2 2 0 0 2 2 1 0 0 2 2 2 2 0 1 1 0 1 0 0 1 0 2 0 2 0 0 2 2 0 2 2 1 0 0 0 0 1 1 0 1 1 0 0 2 1 2 0 0 2 1 2 2 1 2
0 1 2 0 1 1 2 2 2 0 2 0 0 1 1 1 0 0 0 2 0 2 1 1 0 2 2 2 2 1 2 2 0 2 0 0 1 1 2 0 1 2 1 0 1 2 2 1 1 0 1 2 0 0 1 0 2 1 0 1 0 2 2 1 2 2 2 0 1 1 1 1 0 2 2 2 0 1 0 2 2 0 1 0 1 2 1 1 0 1 2 1 1 2 0 2 0 2 0 1 1 2 2 2 2 1 1 0 1 2 2 1 2 0 2 0 2 0 1 1 2 2 2 1 2 0 0 2 2 1 2 1 1 2 0 0 2 1 1 1 0 1 2 1 2 1 2 2 2 1 0 1 1 0 0 0 0 1 1 0 0 0 1 1 0 1 2 2
0 1 0 2 0 0 0 0 2 2 2 1 1 1 0 2 1 1 1 0 0 2 0 0 0 2 2 0 1 2 1 2 1 1 1 2 2 2 2 2 1 1 1 0 2 2 0 2 1 1 2 1 1 2 2 1 2 1 0 2 1 1 1 0 0 0 2 0 2 2 0 1 0 2 1 1 2 0 0 1 1 0 0 0 0 0 2 0 2 0 2 1 2 1 1 0 1 1 1 1 0 1 2 2 1 2 1 1 2 2 0 1 2 0 2 2 1 0 0 1 0 2 0 0 1 0 1 0 2 2 1 0 2 1 0 1 1 1 0 0 0 1 2 2 2 2 2 1 2 0 0 2 0 1 0 2 2 2 2 1 0 1 1 0 0 2 2 2
0 0 0 1 1 2 1 1 1 1 0 0 1 0 1 1 2 2 1 1 2 1 0 0 0 2 0 1 2 0 0 0 0 0 2 0 2 0 2 1 2 2 2 0 1 1 0 1 1 2 0 1 0 1 1 1 1 2 2 1 2 0 0 1 0 2 1 1 0 1 0 1 1 2 2 0 1 2 1 0 0 2 1 1 1 0 0 1 0 0 2 0 1 0 1 2 0 0 0 1 2 0 2 1 1 1 1 2 2 0 0 0 1 2 1 0 2 1 1 0 0 2 0 1 2 2 0 0 2 1 2 2 2 2 0 0 1 2 0 1 1 0 1 2 2 0 0 2 2 2 2 2 2 0 1 1 0 2 2 0 1 2 0 1 1 1 2 1
1 0 2 2 2 1 2 2 2 0 2 2 0 2 2 2 0 1 2 0 1 2 1 0 2 2 2 0 0 2 1 2 2 2 2 1 1 2 2 0 0 2 2 0 1 2 0 0 1 0 1 2 2 2 0 1 2 0 0 0 2 2 2 2 1 2 2 2 1 1 0 2 0 1 0 2 0 1 2 2 1 2 0 1 1 0 0 2 0 1 2 0 1 2 2 1 2 1 1 2 2 2 1 0 0 2 0 1 0 0 1 2 2 2 1 2 2 2 1 0 1 1 0 2 1 0 0 1 2 2 1 2 2 2 0 0 2 1 1 0 2 0 0 2 2 2 2 2 1 1 0 2 2 1 2 0 2 0 2 2 0 0 1 2 0 2 2 0
0 1 1 0 0 2 0 0 1 2 0 0 0 1 2 0 0 0 0 0 0 0 2 0 0 1 0 1 1 0 2 1 1 2 2 2 1 2 0 1 2 1 1 2 2 2 0 0 2 1 0 2 2 0 0 0 2 1 2 1 1 2 0 2 1 0 0 1 0 0 2 0 2 1 0 1 0 1 0 2 0 1 2 2 0 0 2 2 1 2 0 2 0 1 0 2 1 0 0 2 1 0 0 0 2 1 2 0 2 2 0 0 2 0 2 2 2 0 1 0 0 2 1 0 0 1 1 0 1 2 0 0 0 1 0 0 2 2 0 0 2 1 0 1 0 1 1 2 2 2 2 2 2 0 1 0 2 0 1 1 2 1 1 0 2 1 1 0
1 0 0 1 1 1 0 2 2 1 1 2 1 2 0 1 0 1 2 1 2 1 2 1 0 1 0 0 0 1 0 2 1 1 0 1 2 1 1 0 0 0 2 1 0 0 0 1 2 0 2 1 1 0 1 1 1 1 2 2 0 0 2 0 2 0 1 0 2 2 0 2 0 0 2 1 1 2 0 1 0 0 0 2 0 1 2 1 0 1 2 0 0 1 0 0 1 2 0 1 2 1 1 0 0 0 2 2 0 0 0 1 0 0 0 1 1 0 0 1 0 2 0 0 1 0 1 0 0 2 1 0 0 0 0 0 1 0 2 2 0 0 1 1 1 2 0 1 0 0 0 0 1 0 1 2 1 0 0 2 2 0 2 1 0 0 1 2
1 2 2 1 0 1 0 2 1 0 0 1 2 1 2 0 1 1 2 0 2 0 2 2 1 2 0 1 0 0 1 1 0 1 0 0 2 2 0 1 2 1 0 2 2 1 2 1 0 0 2 2 1 2 0 2 2 0 0 2 0 0 1 1 1 2 2 2 1 0 0 2 1 1 1 1 2 2 2 0 2 2 0 1 2 0 0 2 2 1 2 2 1 0 2 1 0 1 0 2 1 1 2 2 0 1 0 0 0 1 1 0 0 2 1 0 1 2 2 0 1 1 0 0 2 2 2 0 1 0 0 2 1 0 0 2 1 0 0 0 2 2 0 0 2 0 0 0 2 1 1 1 0 2 0 0 2 0 1 0 1 2 1 2 2 1 2 1
2 0 1 2 0 2 0 0 0 1 1 0 2 0 0 1 2 0 2 1 0 1 0 2 0 1 2 0 0 2 1 2 1 0 2 1 0 2 1 0 2 0 1 1 0 1 0 0 2 2 2 1 0 2 0 1 1 0 1 1 0 1 2 1 2 1 0 2 2 2 0 1 0 1 0 1 1 1 2 0 0 1 1 1 2 0 0 1 0 2 0 1 1 0 0 0 1 1 0 0 1 1 2 1 2 0 0 1 1 2 2 1 1 1 0 0 1 1 0 0 1 1 1 2 1 0 0 0 1 0 2 2 1 1 1 1 1 1 0 2 1 0 2 2 2 2 1 2 1 1 2 0 0 1 2 1 1 0 1 2 0 0 2 2 0 1 1 1
0 2 1 1 0 1 2 2 0 0 1 0 2 1 0 2 0 1 1 1 1 2 2 0 1 2 2 1 2 1 0 2 0 2 1 1 0 1 1 2 1 0 2 1 2 0 0 2 1 2 1 1 1 1 1 0 2 1 2 1 1 1 0 2 0 2 1 1 0 2 0 2 2 0 0 2 0 1 2 0 0 1 2 0 0 1 1 2 2 2 0 0 0 2 0 0 1 2 2 0 1 0 2 1 1 0 2 0 2 1 0 0 0 2 1 1 1 2 1 0 1 0 2 1 2 0 0 1 2 0 1 1 1 2 0 2 2 2 0 2 1 0 2 1 0 0 0 1 1 2 0 0 0 0 2 2 0 0 1 2 0 0 1 2 2 1 0 2
2 0 1 0 2 2 2 0 0 1 0 2 1 1 0 1 1 0 0 1 0 2 1 1 2 2 2 2 1 0 2 0 0 2 1 0 2 1 2 2 0 2 2 1 1 0 2 2 0 0 1 0 2 2 2 0 2 1 0 0 1 0 2 0 0 0 1 2 2 0 2 2 0 2 0 1 2 0 1 2 0 2 0 0 1 0 1 1 2 1 0 2 1 2 2 2 0 1 1 0 0 1 0 0 0 2 0 1 2 1 0 1 2 1 1 0 2 0 0 1 1 0 0 1 0 0 0 0 2 2 0 2 1 2 0 2 1 1 0 0 1 1 1 0 0 0 1 2 0 1 0 2 2 2 0 2 2 0 0 2 0 1 1 1 0 0 1 1
1 1 0 2 0 2 2 1 0 1 0 1 0 2 1 0 2 2 2 1 1 2 1 1 1 0 1 1 0 2 1 2 1 1 2 0 0 2 2 1 1 1 0 1 0 2 1 0 2 2 1 0 1 0 2 0 1 0 0 2 0 1 2 2 0 2 0 0 2 2 0 0 0 0 2 1 0 1 1 2 1 1 0 0 1 0 1 0 0 2 1 1 0 0 1 0 0 1 1 2 1 1 2 2 2 2 1 0 1 0 0 2 2 1 2 1 1 1 0 2 0 1 0 1 2 2 2 0 1 1 2 0 0 0 0 1 2 2 1 1 0 2 1 2 0 0 1 1 0 1 1 0 0 2 2 2 0 1 2 1 0 0 2 1 0 0 2 0
0 1 1 0 0 2 1 2 0 0 0 0 2 2 1 2 0 1 2 0 0 0 2 1 0 0 0 1 0 2 1 1 1 0 0 2 2 1 1 0 1 0 1 0 0 0 0 0 2 2 1 2 2 2 0 0 2 0 1 0 0 2 0 2 2 0 2 2 2 1 0 1 1 2 2 2 2 2 0 1 1 0 0 2 2 1 2 2 2 2 0 0 1 0 2 2 1 2 1 0 1 2 1 2 1 0 2 1 2 0 2 2 1 1 2 1 0 1 1 2 0 1 0 0 0 0 0 1 2 2 2 1 2 0 1 0 2 1 2 1 2 2 1 0 0 0 1 1 0 2 1 1 2 1 2 2 2 2 1 0 2 0 1 1 2 0 2 1
2 2 0 2 0 2 0 0 0 2 2 0 0 1 0 2 0 2 2 0 2 0 1 1 2 0 0 1 1 0 2 1 0 2 0 0 2 1 1 0 1 1 0 1 0 0 1 1 1 0 2 0 1 0 1 0 0 2 1 2 2 1 1 0 2 2 0 1 1 0 1 2 2 0 1 0 1 0 1 2 1 0 0 0 1 2 0 1 1 0 2 2 2 0 2 1 0 1 1 2 1 0 2 1 1 2 1 1 2 2 0 1 0 2 1 1 1 2 1 0 0 0 2 1 1 2 2 2 0 1 2 2 2 1 1 0 1 2 1 1 0 0 2 0 2 1 0 0 1 2 1 0 2 1 1 0 1 1 0 1 0 2 1 0 2 2 1 0
2 1 1 2 1 1 1 1 0 2 2 2 1 2 0 1 1 1 1 2 2 0 2 0 2 1 0 1 0 0 0 0 1 1 0 0 1 2 2 1 1 1 1 2 1 1 0 0 0 2 2 0 0 2 1 0 0 0 2 1 0 2 2 1 2 0 1 0 2 0 2 0 2 2 0 2 0 1 2 1 1 2 2 2 2 1 0 0 1 2 2 1 0 1 2 2 1 1 0 1 2 0 2 0 2 2 2 1 1 1 0 2 1 2 2 1 0 2 2 0 2 1 1 0 2 2 2 1 1 0 2 1 0 1 2 0 1 1 1 2 0 1 2 1 1 2 1 2 1 0 2 1 1 2 1 1 1 1 2 2 1 2 1 0 1 0 0 2
1 2 2 2 1 1 2 0 0 0 2 0 0 0 1 1 2 1 0 1 2 2 0 2 2 2 2 0 2 2 0 2 2 2 1 0 1 1 0 0 1 0 0 1 0 2 0 0 0 0 1 1 0 0 0 0 2 2 0 2 2 1 2 1 1 2 2 0 0 0 0 2 1 1 1 0 0 2 0 2 0 0 0 1 0 1 1 0 0 0 2 0 1 0 2 1 2 1 1 2 2 2 2 0 0 1 0 0 1 2 0 1 2 0 0 2 2 2 2 2 0 2 2 2 2 2 0 2 0 1 0 0 0 2 2 1 1 0 0 2 2 0 2 2 2 2 2 1 1 2 2 2 2 2 2 2 2 2 2 0 2 2 1 0 2 0 2 1
1 0 1 1 0 0 1 0 0 1 0 2 0 2 2 2 2 1 0 1 1 0 2 1 0 1 2 2 2 2 1 0 2 1 2 0 1 1 1 2 2 2 2 0 2 2 1 1 1 1 0 2 2 0 1 2 2 1 2 1 0 2 2 0 0 2 0 1 1 2 2 1 1 2 1 0 1 2 2 2 1 0 2 0 1 1 2 0 2 0 1 2 2 1 2 2 0 1 1 2 0 1 0 0 0 0 0 1 0 0 1 2 1 1 0 2 2 1 2 2 1 1 2 0 0 0 0 1 1 2 2 2 1 2 2 1 0 1 0 1 2 1 0 1 0 1 1 0 2 2 0 0 1 2 1 2 0 2 2 1 2 1 2 0 1 1 1 2
0 2 0 0 2 1 2 2 0 0 0 0 0 0 1 0 1 0 2 2 2 1 1 2 0 1 2 2 2 2 2 0 2 0 1 1 2 0 2 2 1 2 2 2 1 1 2 0 2 2 2 2 1 1 2 2 2 2 1 0 1 0 1 2 0 2 0 2 2 0 2 0 1 2 0 2 1 0 0 1 0 2 1 2 2 1 1 2 0 1 2 0 2 0 2 0 2 0 0 2 1 0 0 2 0 1 2 2 0 2 1 1 2 2 1 2 0 0 2 1 1 1 1 1 0 1 2 2 2 2 2 1 0 0 0 1 2 0 1 2 0 2 0 0 2 1 0 2 2 2 2 1 1 1 0 1 0 2 1 0 2 1 1 0 2 2 2 2
2 0 2 0 0 0 0 2 0 0 0 0 0 0 2 2 1 0 0 1 2 2 1 2 1 0 0 1 2 2 1 2 1 1 2 2 2 1 2 2 2 0 0 0 0 0 0 2 0 0 1 2 1 1 0 0 1 0 2 2 1 1 1 2 2 2 2 1 0 1 2 0 0 2 0 0 0 0 0 0 2 0 1 1 1 1 2 2 2 2 1 0 0 1 0 2 1 2 2 1 2 2 2 2 1 0 0 2 1 2 0 0 2 2 2 0 0 2 0 0 1 0 1 2 1 2 2 2 2 2 1 1 1 0 1 1 1 0 1 0 0 1 1 2 2 2 0 2 1 1 0 0 1 0 0 0 2 1 0 2 1 2 2 0 1 0 2 2
1 0 0 1 2 0 1 1 2 2 2 1 1 0 2 0 0 0 1 0 2 1 0 0 1 2 1 2 0 0 2 0 0 0 2 1 0 2 2 0 1 2 1 2 0 0 0 1 1 2 0 0 1 1 2 0 1 0 2 1 1 0 2 2 1 2 1 2 1 1 2 0 1 1 1 2 2 2 2 2 1 2 2 2 0 2 0 1 0 0 0 2 1 0 2 2 0 1 1 2 0 1 2 1 0 1 1 0 0 1 2 1 0 2 2 1 2 0 0 0 1 0 2 0 1 1 2 2 2 2 1 0 1 2 2 2 0 1 2 1 2 2 0 0 1 0 1 1 0 1 2 2 2 1 0 2 1 0 1 1 2 1 2 1 0 2 1 1
0 1 0 0 0 2 0 2 2 2 2 1 1 1 0 0 1 0 2 2 1 2 1 1 0 1 0 1 0 2 2 1 0 1 2 0 0 0 0 2 2 2 0 1 1 1 0 2 2 2 2 1 2 1 0 2 0 1 0 1 0 1 0 0 2 0 0 2 1 0 2 0 1 1 0 2 0 0 2 0 0 2 2 0 0 2 2 1 0 1 0 0 2 1 0 2 1 1 2 2 2 1 1 0 0 2 0 1 2 0 2 2 2 1 2 0 0 0 2 1 1 2 1 0 1 2 0 1 1 2 1 1 1 2 2 2 2 0 1 1 1 0 1 0 1 1 1 2 1 2 0 2 2 2 0 1 2 1 2 0 0 0 1 2 1 1 2 0
2 0 0 1 1 1 2 0 0 2 2 2 1 0 2 0 2 1 2 2 2 2 2 0 1 1 0 0 0 0 1 0 1 1 1 2 0 1 2 1 0 2 1 2 0 0 1 0 2 0 2 2 1 1 0 2 2 0 2 0 0 1 0 1 0 2 1 0 2 1 1 2 0 0 0 0 1 1 1 0 2 0 0 0 1 0 0 1 1 0 0 2 2 0 0 2 1 2 0 0 0 0 0 1 0 1 2 2 2 0 1 0 0 1 1 2 2 0 1 1 0 1 1 0 2 2 0 1 2 1 2 2 1 0 1 2 2 0 2 2 1 0 0 2 1 1 2 1 2 1 1 0 0 2 1 0 1 2 2 1 0 1 1 2 2 0 2 2
1 1 2 2 2 0 0 2 2 2 1 2 0 2 0 1 2 1 1 1 0 0 2 1 0 1 1 0 1 1 0 0 0 0 0 0 0 0 2 1 0 1 0 1 1 0 2 0 2 2 2 0 0 0 2 0 1 2 2 1 1 0 2 1 1 0 2 2 1 2 0 2 1 0 2 0 1 1 0 1 0 1 2 1 1 2 2 0 1 2 1 2 0 1 2 1 2 1 1 1 2 2 0 0 0 2 1 0 2 2 1 0 0 1 2 2 0 0 0 0 2 2 2 2 1 2 1 1 1 1 2 1 1 0 1 1 0 0 2 0 2 1 0 0 2 1 2 1 1 0 1 0 1 0 1 0 1 0 1 2 1 0 1 2 1 0 2 1
0 1 2 2 0 0 2 0 1 0 1 0 1 2 0 2 1 2 2 2 0 0 2 2 1 0 0 0 0 2 2 0 1 2 0 2 0 0 1 2 1 2 2 2 0 0 2 2 0 2 1 1 1 1 0 2 2 0 0 0 0 1 1 0 1 1 2 1 2 0 1 0 1 1 0 1 1 0 0 2 2 2 0 0 1 2 1 0 0 2 1 2 0 2 2 1 1 2 0 1 0 2 2 2 0 0 1 2 0 2 1 1 1 0 1 0 0 0 1 0 0 2 2 1 2 2 1 0 2 1 2 0 1 2 2 1 2 0 1 1 2 1 2 1 1 1 2 1 0 0 2 0 2 0 2 2 2 0 2 1 2 2 2 1 2 1 0 1
2 2 2 2 0 2 1 2 2 0 1 2 1 1 0 1 1 2 0 2 0 1 0 0 0 1 1 0 0 2 1 0 1 2 0 2 2 2 2 1 0 0 1 2 2 1 0 1 1 2 0 2 0 2 2 1 0 1 1 0 1 2 1 1 2 2 0 2 2 1 1 2 1 0 2 1 1 1 0 0 0 1 0 0 0 0 1 0 2 0 1 1 2 0 2 0 2 0 0 1 1 1 2 1 1 2 2 1 0 0 2 1 2 1 1 2 1 0 1 1 0 0 0 1 0 2 2 1 0 2 0 0 0 2 1 0 0 1 2 0 0 2 2 2 0 1 2 0 0 1 1 0 1 2 2 0 2 1 1 2 0 1 2 2 2 1 0 2
0 2 2 0 2 2 0 0 2 2 1 2 1 2 0 0 2 1 0 1 2 1 1 1 1 1 0 0 2 1 2 0 0 2 0 0 0 1 1 2 1 2 2 0 2 2 1 1 0 0 2 1 1 1 2 0 0 0 0 0 1 2 1 2 0 2 2 0 1 1 0 0 1 2 1 1 2 2 2 0 2 2 2 2 1 2 2 2 2 1 2 1 1 1 1 1 1 1 1 0 0 2 1 2 1 2 0 1 2 2 2 0 2 1 0 1 0 0 0 0 1 1 1 0 2 2 2 1 1 1 1 2 1 0 1 0 2 1 1 2 1 1 0 1 2 0 0 0 0 1 0 2 2 2 0 2 2 2 1 0 1 0 2 0 1 0 1 1
2 2 1 1 1 1 0 0 1 0 1 2 2 1 2 2 0 0 2 2 0 1 2 2 2 0 0 0 0 1 2 0 1 0 2 2 2 2 0 1 0 1 1 0 0 1 0 1 1 0 0 0 1 0 2 1 0 0 2 2 1 1 0 0 0 0 2 0 2 0 2 0 1 1 1 2 2 2 0 2 2 1 0 2 1 0 0 0 0 2 0 2 2 1 2 0 1 2 1 1 2 0 1 1 1 0 0 2 0 0 2 2 1 2 1 0 2 2 1 0 0 2 2 2 0 1 0 1 0 1 2 2 1 2 1 1 0 1 0 0 2 0 0 1 2 0 2 2 2 1 2 2 0 1 2 2 2 2 0 0 1 1 0 0 1 1 1 1
0 2 1 2 2 2 0 2 2 2 1 2 1 0 2 0 2 2 2 2 2 2 2 1 1 0 2 2 1 1 1 1 1 0 1 0 0 2 0 2 2 1 1 1 2 1 1 1 1 1 0 1 1 0 0 0 0 0 0 2 1 0 0 0 0 2 0 0 1 1 0 0 0 2 2 2 1 1 1 2 2 2 2 1 0 2 2 0 0 0 2 2 0 0 0 1 2 1 1 1 0 2 0 0 2 2 1 0 2 2 1 2 2 0 1 2 0 0 1 0 2 1 1 0 0 1 1 0 2 1 2 0 1 2 1 0 2 0 2 1 2 1 2 2 2 0 0 2 2 2 1 1 0 0 1 0 1 1 1 1 0 1 2 1 1 1 0 0
1 0 0 1 2 2 1 1 2 2 1 2 1 0 0 2 0 0 0 2 2 2 1 2 1 1 1 2 2 1 2 1 2 0 2 1 2 1 2 0 0 2 2 1 2 1 1 1 2 2 0 1 2 1 1 0 2 2 2 2 2 2 0 1 0 1 1 0 2 1 0 0 0 1 2 1 2 1 2 2 1 0 1 0 0 2 1 0 2 1 0 2 2 1 2 2 2 0 0 0 1 1 1 0 2 0 1 2 0 1 1 1 1 2 0 2 2 2 0 1 1 0 2 0 2 1 0 2 1 0 0 0 2 1 0 2 1 2 1 1 1 0 1 1 0 1 0 2 1 0 2 2 1 1 0 1 0 1 1 2 0 1 2 2 2 1 0 1
0 2 1 2 0 2 1 1 1 1 1 2 2 1 0 0 0 1 2 0 1 0 2 1 1 2 1 0 0 1 2 2 1 0 2 2 0 0 0 1 1 2 1 1 1 1 2 1 1 2 2 2 0 2 1 1 2 2 0 0 2 0 2 1 0 1 0 1 2 1 2 1 1 1 2 2 1 2 2 2 2 1 2 0 2 0 1 1 2 1 2 2 2 0 0 2 2 1 0 2 0 0 0 1 0 0 0 1 1 0 0 1 2 2 1 1 0 0 0 2 0 0 0 2 0 1 0 0 0 1 0 0 0 0 1 0 1 2 1 0 0 2 2 0 1 1 2 1 2 0 1 2 0 2 2 2 1 2 2 1 2 2 1 2 0 0 2 2
0 0 1 1 0 0 2 1 2 1 0 2 2 2 2 0 0 1 0 1 2 2 2 1 2 1 0 0 2 0 0 2 1 1 2 1 0 1 2 2 1 0 1 0 0 0 1 0 2 1 1 1 1 1 2 1 0 0 2 2 0 0 0 1 1 0 2 2 1 2 1 0 0 0 2 2 1 1 2 2 1 2 0 2 1 1 2 2 2 1 1 0 1 2 2 1 2 0 0 2 0 0 0 1 1 2 0 1 2 0 0 0 2 0 0 1 2 2 1 2 1 0 0 0 0 0 1 0 0 0 2 1 1 0 0 2 0 1 0 2 1 1 2 2 0 0 1 2 0 2 2 1 2 0 0 0 1 2 1 2 2 1 0 1 1 1 2 0
2 0 2 1 2 0 0 2 0 1 2 1 1 2 0 0 2 0 2 1 2 0 1 0 1 2 1 1 1 0 1 0 1 1 2 1 1 0 0 2 2 2 1 0 2 2 2 2 0 1 0 0 1 1 1 0 1 1 2 0 2 0 0 1 0 1 2 2 1 2 0 1 0 2 2 2 1 1 2 2 2 0 2 1 2 2 2 1 0 2 1 2 0 0 1 1 2 0 0 1 1 1 2 2 0 0 2 1 1 2 1 2 0 1 0 2 1 0 2 1 0 1 0 1 2 2 0 1 1 0 0 0 2 0 2 0 0 1 0 0 0 1 2 1 0 0 1 1 2 1 2 0 0 1 2 0 0 2 2 1 0 0 1 0 1 1 1 2
0 1 0 1 2 0 0 1 2 2 2 1 1 0 2 1 1 1 1 1 0 2 1 0 2 2 1 1 2 0 2 0 1 2 1 1 1 2 2 0 2 0 1 0 0 1 2 1 2 1 2 2 0 1 0 1 2 2 2 1 2 1 1 1 2 0 1 0 0 0 0 0 1 2 1 1 0 1 2 2 2 0 2 1 1 0 2 0 0 2 1 0 1 0 0 0 1 1 1 2 2 1 2 1 0 1 2 1 2 0 1 0 0 0 2 2 0 1 0 1 0 2 0 2 0 0 0 2 2 1 2 1 2 1 0 0 1 0 2 0 1 0 1 1 1 0 0 0 2 1 1 0 1 2 0 2 0 1 2 2 2 1 2 0 0 2 1 1
0 1 2 1 2 1 0 1 2 1 1 1 0 0 2 1 0 0 1 0 2 1 0 2 2 2 2 0 2 2 1 0 1 1 2 0 1 0 1 0 1 2 1 1 0 2 1 1 2 0 1 1 2 2 0 2 2 1 0 2 1 0 0 2 2 2 2 0 0 2 0 2 2 0 1 0 2 0 1 2 1 1 1 1 0 1 1 1 0 1 1 1 1 1 1 1 1 1 1 2 1 0 1 0 0 0 1 0 1 0 2 0 1 0 2 0 2 1 1 1 0 2 2 2 1 1 1 2 0 1 2 1 2 1 2 2 2 1 0 1 2 2 2 1 0 2 1 2 1 0 1 1 2 1 1 0 0 1 1 1 2 0 0 2 2 2 2 2
2 2 1 1 2 1 0 2 0 2 2 1 0 1 0 1 0 0 1 0 1 0 2 1 2 2 1 1 2 0 1 1 2 0 2 1 2 1 0 1 1 2 0 1 1 2 2 1 2 2 2 1 2 1 0 2 0 1 2 0 1 1 1 0 0 2 2 2 0 2 0 1 2 1 0 1 1 0 0 0 0 0 2 0 1 2 0 2 0 2 0 2 1 1 0 1 1 2 1 1 1 2 0 1 1 1 0 2 2 1 0 2 1 2 2 0 1 0 0 2 2 0 2 1 0 2 0 2 1 1 2 0 2 2 2 1 1 2 1 1 1 1 0 0 2 1 1 0 1 1 1 2 0 0 1 1 0 1 0 2 1 2 0 1 0 2 2 1
2 1 1 1 0 2 1 2 0 2 0 0 2 2 0 0 1 2 1 1 1 1 0 2 2 0 1 2 0 1 0 0 2 1 1 0 1 0 0 2 0 2 0 0 1 0 0 0 2 2 1 1 1 0 1 0 1 1 2 2 2 1 0 2 0 1 1 2 1 2 2 2 1 0 0 1 1 1 1 1 0 1 0 2 2 2 2 0 0 0 0 0 1 0 0 1 2 2 1 1 2 1 1 1 1 2 0 0 0 0 2 2 2 0 1 1 2 1 2 0 2 1 1 0 2 0 0 2 2 1 1 2 0 2 2 1 2 2 0 0 0 2 0 2 2 2 1 0 1 2 1 1 1 1 1 0 1 2 2 1 0 0 1 1 1 0 1 0
0 1 1 1 1 1 1 0 0 1 1 2 1 1 1 2 2 0 2 1 0 2 0 1 0 2 0 1 0 1 0 1 2 2 0 0 1 2 1 2 1 1 2 2 0 0 1 0 1 1 2 1 1 2 0 2 2 0 1 0 2 2 2 1 1 0 2 0 0 2 1 2 1 0 2 1 2 1 1 1 2 0 0 1 2 0 1 2 1 0 0 0 2 2 0 1 0 0 2 1 0 0 0 1 1 0 2 0 2 0 2 2 1 2 2 2 0 0 1 2 1 2 0 1 0 1 2 1 2 2 0 2 2 1 2 2 2 1 0 2 0 0 2 1 2 1 0 0 2 0 0 0 0 1 1 1 0 1 2 2 1 0 0 1 2 2 1 2
1 1 1 1 1 0 1 1 2 2 2 1 0 0 0 2 2 1 0 2 0 0 0 2 0 0 1 0 0 2 2 2 0 1 1 0 2 0 2 2 0 1 1 1 2 2 0 1 1 0 1 2 1 1 2 0 2 1 0 2 0 1 1 2 2 0 2 2 1 2 2 2 0 2 1 0 1 2 1 0 0 0 0 0 1 0 0 0 2 1 0 0 2 0 0 0 0 0 2 0 2 2 0 1 1 1 2 0 1 1 1 1 2 2 1 0 2 2 2 2 1 2 1 1 0 1 1 2 0 1 2 0 1 2 1 0 1 0 0 2 2 1 0 1 1 0 2 1 2 2 1 0 0 2 2 0 2 1 2 2 0 1 2 1 1 2 2 2
0 0 2 2 2 1 1 1 1 2 0 0 1 1 2 1 2 2 2 1 1 1 1 2 1 1 0 2 0 0 0 1 1 2 1 1 0 1 2 2 0 0 0 1 0 0 0 2 0 0 1 1 1 2 0 0 1 2 1 0 0 1 2 2 1 0 0 2 1 1 1 1 1 2 1 1 0 2 1 0 2 2 0 1 1 0 2 0 0 0 0 0 2 0 2 0 0 1 0 0 2 2 2 1 2 0 1 0 2 2 0 2 2 1 1 1 2 1 1 0 2 2 1 1 2 1 2 1 0 0 2 0 0 1 2 2 0 0 2 0 0 1 0 2 2 2 1 2 0 0 0 0 1 2 2 0 1 1 2 2 1 1 2 2 1 2 2 1
2 1 1 0 0 1 0 0 1 1 2 1 0 0 1 1 2 1 2 2 0 2 1 2 1 0 2 2 0 1 0 0 0 2 1 1 1 0 2 0 1 1 2 2 0 2 0 0 0 0 2 1 2 0 1 0 2 1 0 0 0 1 1 0 0 0 2 0 0 1 1 2 1 0 2 1 0 0 1 1 0 1 0 0 1 1 1 1 0 2 1 0 0 1 1 2 2 0 0 2 2 1 2 0 2 2 2 1 0 0 0 0 1 0 2 1 2 1 2 2 0 2 1 1 0 2 1 2 0 2 2 0 1 2 1 2 0 0 0 0 1 0 1 0 0 0 1 0 1 2 0 2 2 2 2 0 1 1 2 2 1 2 0 2 2 1 1 2
2 2 2 1 2 2 1 0 0 1 0 0 1 1 2 0 0 2 0 2 1 0 2 0 2 2 0 1 1 0 1 1 2 1 2 2 1 2 0 2 1 0 2 2 0 2 0 1 2 0 1 1 1 0 1 0 0 1 2 2 2 1 1 2 1 1 2 2 1 2 1 2 0 1 2 1 1 2 0 1 0 1 2 1 2 1 2 0 2 0 2 0 1 0 2 0 0 2 0 1 1 2 2 2 2 1 1 0 1 1 2 2 2 1 1 2 2 0 2 2 0 1 2 0 0 2 0 0 1 1 2 0 1 1 0 1 0 1 1 2 0 0 1 0 2 0 2 2 2 1 1 0 2 2 0 0 1 2 0 1 1 0 1 0 1 1 1 2
0 0 2 0 0 2 0 0 2 0 2 1 1 2 0 2 1 1 2 0 0 1 1 0 1 0 0 0 2 2 1 0 2 0 1 1 2 0 1 2 0 2 1 2 1 2 1 0 1 1 0 2 2 2 2 1 2 0 2 1 2 1 2 1 1 1 0 2 1 2 2 1 2 0 1 1 1 0 1 2 2 1 2 1 0 2 1 0 0 1 0 2 2 2 1 1 1 2 0 0 2 2 2 2 1 1 0 2 2 1 2 2 2 1 1 1 0 2 2 1 0 0 0 2 0 0 2 2 0 2 0 0 2 0 2 0 1 0 0 1 1 2 0 1 0 2 0 2 1 1 0 0 1 2 0 2 0 2 2 1 2 2 2 2 0 1 0 2
1 0 1 0 0 1 1 1 1 0 0 0 1 2 1 2 2 1 2 0 1 1 1 1 1 0 0 2 2 0 1 1 1 2 1 1 1 0 2 0 0 1 0 1 1 1 1 0 1 0 0 2 2 2 0 1 2 1 0 1 1 1 0 2 1 1 0 0 1 0 0 2 2 2 1 0 1 2 1 2 0 1 2 2 0 0 1 0 1 1 2 2 0 2 2 2 1 0 0 1 1 0 0 0 0 2 2 2 2 0 2 0 0 0 0 1 0 1 2 2 1 2 2 1 2 0 1 1 0 1 2 2 2 0 1 0 0 0 0 0 1 0 0 1 0 1 0 1 1 0 1 2 2 1 1 2 1 2 1 0 0 0 0 2 1 2 0 2
0 0 2 2 1 2 0 2 1 1 0 2 1 2 2 2 2 0 1 1 0 2 2 1 1 0 0 0 2 2 2 1 0 1 0 1 0 1 1 2 0 2 2 2 0 1 1 2 2 1 0 2 1 0 0 2 1 2 0 1 1 2 2 1 0 2 1 2 2 0 2 0 0 2 2 0 1 2 2 1 0 1 1 1 2 2 2 0 2 2 2 1 0 2 0 0 2 1 0 1 2 1 1 0 0 2 0 2 2 1 1 2 2 0 1 2 0 1 0 0 2 2 1 2 1 1 2 2 1 1 0 0 2 0 0 0 0 1 0 2 2 2 2 2 0 0 1 0 0 1 1 2 1 2 1 1 1 1 0 2 2 1 0 2 2 0 0 2
2 1 2 2 0 1 1 0 0 0 1 0 2 2 2 1 2 1 2 0 2 0 0 0 2 0 0 2 1 1 1 1 2 2 1 0 0 0 1 0 0 2 1 1 2 1 0 1 2 2 1 0 0 2 0 2 0 0 1 2 2 1 1 1 0 2 2 1 0 0 0 2 2 1 0 2 0 0 0 0 0 0 0 0 2 1 0 0 0 0 0 2 1 1 2 2 1 1 1 2 2 1 2 2 0 2 2 1 0 0 1 0 1 0 1 1 1 2 2 2 2 2 2 1 1 2 1 0 0 0 0 0 1 2 1 1 1 1 0 2 1 2 2 0 0 1 2 1 1 2 1 0 2 1 0 0 0 1 1 1 1 2 0 0 1 1 2 1
2 1 0 1 0 1 2 0 0 2 2 1 1 1 0 0 0 0 1 1 2 0 0 1 0 1 2 2 0 2 1 0 0 0 1 1 1 2 2 2 1 0 1 0 1 2 0 2 0 0 1 2 0 2 1 1 0 1 0 1 1 2 1 2 2 1 1 1 0 1 0 2 1 2 2 1 2 1 1 2 1 2 0 2 2 1 0 0 0 1 2 2 0 0 1 0 2 0 2 0 0 1 0 1 1 0 0 1 1 1 1 0 2 1 2 2 1 0 2 1 2 2 0 0 1 2 1 0 1 1 1 1 0 2 2 2 2 1 1 2 0 2 2 2 2 2 2 0 2 0 2 1 2 0 0 0 2 1 2 0 0 1 1 1 0 2 0 0
1 2 2 1 1 2 2 1 2 1 1 1 1 1 1 1 1 1 2 2 0 1 0 1 2 0 2 0 0 0 1 1 2 1 2 2 0 1 0 2 1 0 2 2 1 1 1 1 0 1 0 0 0 1 1 1 1 2 2 1 2 1 2 0 0 0 0 0 1 1 0 0 1 0 0 1 1 2 0 1 1 0 2 2 1 1 1 1 0 0 2 1 2 0 2 2 0 2 2 2 0 0 0 0 1 1 2 2 0 2 1 2 0 1 2 2 0 0 0 1 0 1 0 2 1 2 2 1 2 0 0 1 1 0 1 0 2 0 0 0 0 2 0 0 1 2 0 1 2 1 1 0 2 1 0 0 2 0 2 2 0 2 0 2 1 2 0 0
0 0 1 0 0 1 1 2 0 2 1 0 0 2 1 0 2 2 1 2 2 0 2 1 0 0 1 1 0 1 0 1 2 2 1 1 1 1 0 2 0 2 0 1 0 2 1 0 1 2 0 1 2 2 2 2 0 0 2 1 1 0 2 2 2 1 0 1 2 1 2 0 0 0 1 0 2 0 1 1 2 1 2 2 1 2 0 2 0 0 0 0 1 0 2 0 2 2 0 2 0 2 0 1 0 1 0 2 2 1 0 2 1 0 0 0 2 1 2 1 1 1 1 2 1 0 0 1 0 1 1 1 0 2 2 1 0 2 0 0 2 1 1 0 0 2 1 0 0 0 1 2 1 2 1 1 2 2 2 2 1 1 1 2 0 1 1 2
1 2 2 1 2 1 2 2 0 0 2 0 1 2 2 0 1 1 1 2 2 2 2 0 0 1 0 1 2 1 0 1 2 0 0 1 0 2 1 0 0 1 2 2 0 2 0 2 2 2 1 1 2 0 2 2 2 2 0 1 2 1 1 1 0 1 0 0 1 2 1 2 0 0 1 2 1 2 1 0 2 0 2 1 1 1 1 1 1 0 0 0 1 1 2 1 0 0 2 2 2 1 1 0 1 1 2 0 1 1 1 0 2 0 2 0 2 0 2 2 0 0 0 0 2 0 2 0 0 2 0 1 0 2 2 2 0 2 0 2 0 1 0 0 0 2 1 0 1 1 2 2 2 0 2 2 1 2 2 2 1 0 0 1 0 2 0 1
1 1 1 2 0 1 2 1 2 1 1 1 0 2 0 2 0 0 1 2 0 2 1 1 0 0 0 0 0 1 0 2 0 1 2 1 0 0 2 0 1 1 1 2 0 2 2 1 0 1 0 0 1 0 1 2 0 2 2 0 0 0 0 0 1 1 1 0 1 1 0 0 0 0 2 1 0 1 0 0 2 1 0 1 1 2 0 1 1 0 0 2 1 0 0 0 1 2 1 0 1 0 0 1 0 2 0 0 1 0 0 2 2 1 1 0 1 2 0 0 0 0 2 1 1 2 0 1 0 2 1 1 2 0 0 2 2 0 0 2 2 0 1 2 2 0 0 0 2 0 0 2 1 0 2 1 0 2 2 0 1 1 2 2 1 0 1 2
1 2 1 1 0 0 0 1 0 0 1 0 2 0 2 0 1 1 2 1 1 1 0 1 0 0 0 2 1 2 1 0 2 0 1 1 1 1 2 2 2 1 2 2 1 2 0 2 1 0 2 0 2 0 2 0 0 0 0 2 2 2 2 2 0 1 1 2 0 0 1 0 1 2 2 1 1 0 0 0 1 0 1 1 0 0 2 2 0 2 1 1 2 2 1 0 0 2 0 1 2 2 2 1 1 2 2 0 0 1 1 2 1 2 1 0 0 0 0 1 0 1 2 0 1 0 1 2 0 1 1 2 0 0 2 0 2 1 0 0 0 1 0 2 2 1 0 0 1 0 1 0 2 2 0 1 0 1 1 1 0 0 1 0 1 0 0 1
0 2 2 0 0 0 0 0 2 1 0 1 1 0 1 1 2 2 0 0 0 1 1 0 2 0 2 0 0 0 1 1 2 1 2 1 2 0 2 1 2 0 0 0 1 2 2 0 1 0 0 0 2 0 1 1 0 1 1 1 2 0 0 2 1 0 1 1 1 1 2 0 2 0 2 0 0 2 1 2 0 1 2 2 2 1 1 2 2 0 2 2 0 0 0 0 0 1 1 2 0 2 0 2 0 0 2 0 0 0 2 0 0 0 1 2 1 0 0 1 0 2 2 1 2 2 2 0 1 0 2 2 0 0 2 0 1 0 0 2 0 1 0 1 1 1 2 0 1 0 2 0 2 2 1 2 1 1 0 1 2 0 1 0 2 0 0 0
0 2 0 2 0 2 1 2 1 0 0 1 0 2 1 0 2 0 0 1 1 0 0 0 2 1 1 1 0 2 2 0 2 1 0 0 0 2 2 1 0 0 0 2 2 1 2 2 2 1 2 0 2 2 2 1 1 0 2 1 0 2 2 2 0 0 0 1 0 0 0 0 0 1 0 1 0 1 0 0 2 2 1 1 0 0 0 1 2 0 0 2 0 2 0 1 0 0 2 0 1 1 2 2 2 0 0 0 1 2 0 0 2 2 0 2 0 1 0 2 1 1 0 2 1 0 1 2 1 1 0 0 2 0 0 2 0 0 2 0 0 1 1 0 1 1 2 2 2 1 2 2 2 2 2 1 0 0 1 1 1 2 2 1 0 0 1 0
1 2 1 2 1 0 2 2 1 2 1 2 1 1 1 2 1 0 0 2 1 2 1 0 1 1 2 1 1 2 0 2 1 1 2 2 1 2 2 1 2 1 0 1 0 2 0 2 0 2 2 1 1 1 2 1 2 2 2 1 1 0 1 0 0 1 2 2 1 1 0 0 2 1 0 0 0 0 1 0 2 0 2 2 2 1 0 2 1 0 0 0 1 2 0 2 1 0 1 0 2 0 1 2 1 1 0 2 2 1 0 2 2 0 1 1 0 1 0 2 2 1 0 1 2 1 1 0 2 2 0 2 2 0 1 1 1 0 1 1 1 2 1 2 0 0 0 0 0 2 2 0 1 0 2 0 0 0 1 0 2 2 2 0 2 2 2 2
2 1 0 1 0 2 0 1 1 2 1 1 1 2 1 2 0 0 0 0 0 2 0 0 1 1 0 2 0 0 1 2 1 1 0 2 2 2 0 0 1 0 1 0 0 0 2 1 0 0 2 1 2 0 2 2 1 1 1 2 1 2 2 0 1 1 0 1 0 1 2 1 2 0 1 2 1 1 1 2 0 1 0 2 2 1 2 2 2 0 1 0 0 1 1 0 2 2 2 0 1 2 2 0 0 1 1 2 2 0 1 2 1 0 0 0 1 2 0 1 1 2 1 2 1 1 0 1 0 0 1 1 2 0 0 2 1 2 1 0 2 1 1 1 2 2 2 0 1 0 1 0 0 0 0 1 1 0 2 0 1 0 2 0 0 2 1 2
2 0 0 1 1 1 0 0 1 0 1 1 0 0 1 0 2 2 2 0 1 1 1 2 2 1 0 0 1 2 2 1 2 2 0 2 2 1 0 0 2 0 2 2 0 1 0 2 0 0 1 1 1 2 2 1 1 2 1 0 2 1 2 1 1 2 1 1 1 2 0 0 2 2 0 2 0 1 0 2 1 2 1 0 2 0 2 1 0 1 2 2 2 1 2 2 1 0 0 1 2 0 2 2 1 1 0 2 2 0 1 2 0 1 0 2 2 0 0 0 1 0 0 2 1 2 1 1 0 2 2 0 1 2 0 2 0 0 1 0 1 1 0 1 0 0 0 2 1 2 0 1 2 1 1 2 0 2 1 1 2 1 2 0 0 0 0 1
0 2 2 1 1 2 0 2 0 0 1 0 0 0 1 0 1 2 0 2 2 1 1 1 2 1 0 2 1 0 0 2 0 0 1 1 2 1 1 1 2 1 1 0 1 0 1 2 0 1 1 0 2 0 1 1 2 1 1 1 2 0 0 2 0 2 2 1 0 1 2 0 2 1 1 0 2 2 0 2 0 0 2 0 0 1 2 0 1 0 1 1 0 0 0 2 2 0 0 1 2 0 2 2 1 0 0 1 2 1 1 0 1 1 1 0 2 0 1 1 0 0 2 2 1 1 1 1 1 1 0 1 1 2 1 0 2 2 1 2 0 0 0 0 1 1 0 1 1 2 0 2 2 2 1 1 0 0 0 0 1 0 1 0 2 0 1 2
0 2 2 1 0 2 2 1 0 0 0 2 2 1 1 2 0 1 0 2 1 1 2 1 1 1 2 1 0 1 0 0 1 2 2 2 2 1 1 0 1 1 2 1 2 2 1 1 1 1 1 0 0 1 2 2 2 2 1 0 1 1 1 2 2 0 2 1 0 1 2 1 2 2 0 0 1 1 2 0 0 0 1 1 1 0 2 1 0 0 2 1 2 1 2 2 1 1 1 1 2 1 1 0 0 2 1 0 0 0 0 1 1 2 1 2 1 0 1 1 1 1 1 1 2 0 1 1 1 0 0 2 1 2 0 2 1 1 2 2 2 1 1 0 1 0 0 2 1 2 2 2 1 0 0 0 0 2 2 2 2 1 2 0 0 2 1 2
1 1 1 0 2 0 1 2 1 2 1 2 2 0 2 0 0 0 0 1 0 0 2 0 2 1 1 2 2 2 1 1 1 1 2 1 2 1 0 1 1 0 0 0 0 0 0 2 1 1 1 1 2 1 2 1 0 1 1 0 0 0 1 2 2 1 2 2 0 2 0 2 0 1 2 1 2 0 1 0 1 2 0 1 1 2 0 2 0 2 0 2 0 2 2 2 1 1 2 2 2 2 1 2 2 0 1 1 1 2 0 2 0 1 1 2 0 2 2 2 1 0 2 2 2 2 0 0 1 2 0 1 0 1 1 2 2 0 0 0 0 1 1 1 2 2 1 1 2 1 0 2 1 0 2 1 2 2 2 1 2 0 2 2 2 1 1 2
2 2 2 0 2 0 0 1 1 1 2 0 0 0 0 2 0 0 1 0 0 1 1 2 2 2 2 1 1 1 1 1 2 1 1 1 2 2 2 0 1 0 2 2 0 0 1 1 0 1 2 1 0 1 1 2 1 2 1 2 0 0 1 2 2 1 0 2 0 1 1 1 1 0 1 1 1 1 0 2 2 0 1 2 2 0 2 0 2 0 1 1 1 2 1 1 0 0 1 2 1 2 0 0 0 0 2 1 1 0 1 1 0 0 0 0 1 0 2 1 0 0 0 0 0 2 1 2 2 0 1 1 2 2 1 0 2 0 2 1 1 0 2 2 1 0 0 0 0 2 2 2 2 0 0 1 0 2 0 2 0 1 1 0 1 2 1 1
2 0 0 2 1 1 1 0 2 1 0 1 2 1 0 1 2 1 0 2 0 0 2 0 2 0 1 1 2 0 0 2 0 0 1 1 2 0 0 2 0 0 0 2 2 1 1 1 0 2 1 0 0 1 2 0 1 1 1 1 1 2 2 2 0 1 1 0 0 1 0 1 0 0 0 2 2 2 2 2 2 1 0 0 0 2 1 2 1 0 2 2 2 1 1 2 0 0 0 0 2 0 1 2 1 2 0 1 0 2 1 2 1 2 0 1 1 1 1 0 1 1 0 1 2 0 2 0 1 2 2 0 1 0 0 2 1 0 1 1 0 2 1 1 2 0 1 2 1 0 0 1 1 0 0 1 0 2 1 2 0 0 0 1 2 1 0 1
2 2 2 0 0 1 1 2 1 0 2 1 0 2 2 1 1 2 0 2 0 2 2 0 0 2 1 2 1 2 0 0 0 0 1 1 0 0 1 1 1 1 2 2 0 2 1 1 0 2 1 0 1 1 0 0 1 2 2 2 2 1 0 2 2 1 0 2 2 2 1 0 0 1 0 1 2 2 1 2 1 0 2 1 1 0 1 2 0 1 2 2 2 0 2 0 2 0 2 1 2 1 2 0 1 0 0 0 2 1 2 1 1 2 2 0 0 0 0 0 2 2 2 2 2 2 0 2 0 0 0 0 2 2 2 0 2 2 0 2 1 0 1 0 0 0 0 0 2 0 0 2 0 1 2 0 1 0 2 1 0 2 0 2 0 2 1 0
1 2 0 2 0 1 2 0 2 0 2 1 1 2 0 1 1 0 2 0 0 1 2 1 1 2 1 1 1 0 2 0 0 2 2 1 1 2 1 0 0 0 0 1 1 1 2 0 2 1 1 0 0 1 1 2 0 1 1 0 1 0 0 2 0 1 0 2 1 0 1 2 1 1 0 0 0 1 1 0 0 2 0 1 1 0 1 0 2 2 0 1 1 1 1 2 0 1 0 2 1 1 2 0 0 0 0 0 1 2 1 0 2 0 2 1 0 0 1 0 0 2 1 2 1 2 0 1 1 0 1 0 2 0 0 0 1 2 1 0 1 0 0 1 0 2 0 1 0 1 2 2 2 0 1 0 0 2 2 2 2 2 2 2 0 1 2 2
0 1 0 1 2 1 0 2 2 1 1 2 0 0 1 2 0 1 0 1 0 0 0 1 0 1 0 0 2 1 1 0 0 2 1 2 0 2 1 2 1 0 0 2 1 2 1 1 0 2 1 2 0 2 0 0 0 1 1 0 0 2 0 0 1 0 2 0 0 1 2 2 1 0 2 2 0 0 2 0 0 1 0 0 0 0 1 2 0 0 0 0 0 2 1 2 2 0 0 0 2 0 0 1 1 2 2 1 1 1 2 1 2 0 0 0 1 2 0 1 2 1 0 1 0 1 1 0 2 1 1 2 1 2 1 0 2 0 2 1 2 2 0 2 0 1 2 2 0 0 2 1 2 2 2 2 1 1 0 0 2 1 0 1 1 2 2 2
0 1 0 2 1 1 1 2 2 1 2 1 2 1 2 1 0 2 1 2 0 1 2 0 1 0 1 0 0 0 2 0 0 0 2 1 2 1 1 2 0 1 1 2 2 0 2 0 0 0 2 1 0 2 1 2 1 2 2 1 1 0 2 1 0 2 2 2 1 1 2 1 2 0 1 2 1 0 0 2 2 0 0 0 0 1 2 1 2 2 0 0 2 2 2 0 0 2 1 1 1 0 0 1 2 2 1 1 1 2 1 0 0 2 1 0 2 0 2 1 2 2 2 2 0 1 0 1 0 1 2 2 0 0 2 2 2 1 1 0 0 0 1 0 0 2 0 2 0 0 0 0 1 0 0 2 2 0 0 0 0 2 0 0 2 0 0 2
1 1 0 1 2 2 2 0 2 0 2 0 1 0 1 0 1 1 2 0 0 2 0 1 2 1 1 2 1 1 1 2 0 2 2 0 0 1 0 0 1 0 0 0 1 2 0 2 1 0 2 2 2 0 0 2 2 1 2 1 0 2 1 2 1 0 2 2 2 1 2 1 1 0 2 0 0 1 2 1 1 0 1 2 1 2 1 0 2 1 1 2 0 1 2 2 1 2 2 1 1 2 0 2 0 0 0 0 1 1 0 1 1 2 0 0 1 2 0 0 0 0 1 1 1 0 2 0 0 2 2 1 1 2 2 2 1 2 0 2 1 0 0 0 2 1 0 1 1 2 2 2 2 0 1 0 1 1 1 1 0 1 1 2 1 0 1 2
