3 169 19
973906114 691679520 386528089 357921506 1147622357 418127626 243404881 187678198 568223072 860263531 193035661 837475112 976375271 227599033 185634101 953080830 404673444 664588171 855677622 180275283 116634356 303640388 258523322 118219448 687199054 709165790 222647659 118956650 519116878 249182011 785762801 362083117 160328123 1026699913 462291884 64997399 906760160 81568524 771457233 526127428 1044623528 336060653 674399894 1098587362 245464754 158924544 551609135 11272103 525955713 263425141 99517779 498860066 258659014 654648530 479150321 58376839 788559750 214447835 770488027 732337242 493899635 411925876 382419403 1130903618 732397575 569482199 537946721 1137294997 1007228122 205661372 167287074 194648753 300314023 375884462 807255269 1091356296 827326555 686758566 251922741 559090501 609685171 209847092 156147417 514151727 735344183 460135088 879614102 1025406156 288050487 1126053871 884862920 528955695 556264478 427731278 705776281 428485119 585233232 988577473 150939003 659393141 1093522499 631943069 1135861312 518009780 263269498 34567338 222293058 140987278 711355424 510350000 18565371 105015872 879768781 277734597 678398492 1085352882 35148536 291896929 700817452 1080251103 860476618 113370400 828153902 637427051 161402066 1051391240 940814376 593494267 466035466 627813281 249344499 32220695 1167159 723326134 936981224 101327744 763137651 547201317 41700273 441578060 882737505 836710483 309592311 3681374 467458404 1023849986 299619252 1156704986 867713993 511288822 1118617091 6895113 643445691 346927775 82267919 871820728 78138116 367206490 1048046280 757791312 850202285 535132946 585566853 911877054 659836639 998850930 213909760 167468902 520527111
1 0 0 2 0 1 1 2 2 2 2 2 2 1 1 0 0 1 0 1 2 1 1 0 2 1 0 2 1 2 0 2 1 0 1 1 2 0 0 1 0 0 2 2 1 1 0 0 2 0 2 2 2 0 1 0 2 1 0 0 1 0 0 2 1 2 1 0 0 1 0 1 2 2 0 1 1 1 2 1 1 1 0 2 1 1 2 1 0 2 2 2 1 0 1 2 0 2 1 1 2 1 2 2 1 1 1 2 2 1 0 2 2 1 1 2 1 1 1 1 1 1 1 2 2 0 0 0 0 2 1 0 0 2 2 2 0 2 2 0 1 0 0 1 2 2 0 0 0 2 0 0 1 1 0 0 2 0 1 1 2 2 1 0 2 2 0 0 2
2 2 0 2 2 1 2 2 0 0 0 2 1 0 1 1 1 2 0 2 0 2 0 1 2 1 0 2 2 2 1 2 1 1 0 0 0 0 2 0 0 0 1 0 1 2 1 0 0 2 1 0 2 1 1 1 0 0 1 2 2 2 0 0 1 0 0 1 0 1 0 1 2 2 1 1 2 2 2 2 2 0 0 2 2 2 1 2 2 2 0 2 1 0 0 0 0 2 1 1 0 2 2 0 1 1 1 1 1 0 0 1 1 1 0 0 1 1 1 1 1 1 2 0 1 2 0 2 1 0 0 2 2 2 2 2 1 1 1 0 2 1 1 2 1 0 0 2 2 1 1 1 2 0 1 1 0 2 0 2 0 1 2 2 1 1 2 0 0
0 1 1 0 1 1 1 1 1 1 0 0 0 2 0 1 1 2 2 1 0 1 1 2 1 1 1 1 2 1 2 2 1 1 0 2 2 2 0 1 0 1 2 2 1 0 0 2 2 0 1 1 2 0 1 1 1 2 0 0 1 2 1 2 1 1 1 1 2 2 0 0 1 2 2 2 0 0 2 0 0 0 2 1 0 0 2 2 0 2 1 2 2 0 2 0 2 2 2 1 1 0 2 2 0 1 1 1 2 0 2 0 1 2 1 2 0 1 0 1 1 1 1 1 2 0 2 1 2 2 0 1 0 2 1 1 1 1 2 0 2 2 2 1 2 0 1 0 2 1 2 0 0 0 2 2 1 2 1 2 1 2 1 2 1 2 0 2 0
0 1 0 0 0 2 0 1 0 0 0 0 0 2 0 0 1 1 2 1 0 2 1 2 0 0 1 2 1 1 1 1 0 1 2 0 0 0 2 1 1 0 1 2 0 0 2 0 2 2 1 2 2 0 2 2 1 0 2 0 2 1 1 0 2 2 1 0 2 1 1 1 0 1 0 0 1 1 1 1 1 1 0 1 1 0 0 2 1 0 0 0 1 0 1 1 2 0 2 2 1 2 0 1 0 2 0 2 0 1 0 2 0 1 0 2 1 2 2 2 0 0 0 0 0 2 2 0 2 2 2 1 1 0 0 1 2 1 1 0 2 2 1 0 0 2 0 2 1 2 1 0 0 2 0 0 1 2 0 1 2 0 0 0 1 1 2 1 2
0 0 2 2 1 0 0 0 1 2 0 1 1 0 2 1 1 1 0 1 1 2 1 0 0 1 2 1 1 0 1 2 1 1 2 2 2 0 0 0 0 1 2 2 1 0 0 2 1 2 1 2 2 2 0 2 1 2 1 0 1 0 2 2 1 2 0 1 0 1 0 1 2 0 0 0 0 2 0 1 1 1 2 1 1 2 0 0 0 2 0 1 2 0 1 1 0 1 0 1 2 0 2 1 0 0 2 2 2 0 0 1 2 2 2 1 2 0 2 0 2 2 1 2 0 0 1 0 2 2 2 2 2 2 1 0 0 1 2 0 2 1 2 2 0 2 0 0 0 0 0 0 0 2 1 0 0 2 2 0 2 1 2 2 1 1 2 1 0
0 1 2 2 1 1 2 2 2 1 0 2 2 1 2 2 2 2 0 2 2 0 1 1 2 0 2 1 1 1 2 2 0 1 1 2 0 1 2 2 2 2 2 2 1 1 2 1 1 2 1 1 0 0 2 2 1 2 1 2 0 0 2 0 2 0 0 2 2 0 2 2 0 1 2 2 0 1 0 2 0 1 1 0 2 1 1 1 1 0 1 1 2 1 2 2 2 1 2 2 1 1 2 2 1 1 2 1 1 2 1 1 1 2 0 2 1 2 0 2 0 2 1 0 0 1 0 0 0 2 2 2 1 2 2 0 2 1 2 0 1 0 2 0 1 2 2 2 2 0 0 0 2 1 1 1 0 1 1 0 0 1 1 0 2 0 0 1 2
0 1 0 2 0 1 0 1 1 0 0 1 0 1 2 2 0 0 0 2 2 1 1 1 0 1 0 0 2 1 0 1 0 1 0 1 0 0 0 2 0 1 1 2 1 1 2 2 1 2 1 0 1 2 0 1 1 0 2 1 0 0 2 0 1 2 2 0 0 2 0 1 2 1 0 0 0 2 2 2 0 0 1 1 0 1 1 1 2 1 0 2 1 0 1 1 0 1 1 0 2 1 2 1 0 0 1 1 1 1 2 1 1 0 0 2 2 1 2 1 2 2 2 1 0 0 0 0 1 1 2 0 0 1 2 1 2 1 0 0 2 0 1 1 0 2 1 0 0 0 1 1 0 0 0 1 1 0 2 1 2 1 1 2 0 2 1 0 0
1 1 0 2 0 2 2 0 0 2 1 1 2 2 1 0 0 0 2 1 2 0 0 2 2 0 0 1 2 1 2 1 0 0 1 1 2 1 1 2 2 2 0 1 0 2 1 0 0 1 2 0 1 0 0 1 1 0 0 0 0 0 2 0 0 0 1 2 2 2 0 2 2 1 1 2 1 2 0 1 1 0 2 0 0 0 2 2 2 0 2 2 0 2 0 1 0 2 1 0 2 2 2 1 1 0 1 0 1 2 2 0 0 0 0 1 0 0 1 0 1 1 2 1 0 0 0 2 2 0 2 1 0 0 1 1 0 0 2 2 0 2 2 0 0 1 1 0 2 0 2 1 2 1 0 0 0 1 2 2 2 0 2 2 0 0 2 1 0
1 1 0 1 1 0 1 0 2 0 0 0 2 1 2 1 2 2 1 1 0 1 1 0 0 0 0 0 0 2 1 0 1 1 1 0 2 0 1 1 1 0 2 0 1 2 1 1 0 0 2 0 2 1 1 0 0 2 1 0 1 2 0 0 0 2 1 2 0 2 1 2 0 2 2 2 1 1 1 2 2 2 0 2 0 1 2 0 0 0 1 0 2 2 0 0 2 2 2 0 1 2 2 2 1 2 2 0 1 0 1 1 0 1 1 1 1 0 1 2 2 0 2 2 1 0 0 0 2 0 2 2 2 1 2 1 2 1 0 1 2 1 2 0 0 1 2 2 0 1 2 2 2 2 1 1 0 2 1 2 0 1 1 0 0 1 2 0 0
2 1 1 1 0 1 2 0 1 2 0 2 1 0 2 0 2 0 1 2 0 1 2 1 0 2 2 2 2 2 2 2 0 0 0 2 2 1 2 1 0 0 1 1 0 0 2 2 2 1 2 2 0 1 1 0 2 2 0 1 1 1 2 0 2 0 0 0 1 0 1 1 0 2 0 0 1 0 0 1 2 0 1 2 2 2 0 1 1 2 1 1 0 1 1 0 1 2 0 0 2 0 1 2 2 2 0 1 0 1 0 0 1 1 0 2 2 1 1 0 0 2 2 1 0 1 2 2 0 0 0 2 0 1 2 1 1 2 0 2 1 1 2 0 2 0 2 2 2 1 1 2 1 0 2 2 2 1 2 0 2 0 1 0 2 0 2 1 0
2 1 2 1 2 2 2 2 2 1 1 1 2 2 2 0 1 2 0 0 2 1 2 2 2 0 2 0 0 1 1 1 2 0 2 2 0 1 2 0 0 1 1 2 0 2 0 1 1 1 2 2 0 2 1 2 0 1 0 1 2 1 0 0 2 2 2 0 1 1 1 2 0 0 2 1 0 1 1 1 2 0 1 2 0 0 2 1 1 2 0 2 2 0 2 1 0 1 2 2 1 1 1 2 2 2 0 2 0 1 1 2 0 0 2 0 1 2 2 0 2 0 2 2 0 2 1 2 1 1 1 0 2 1 2 2 0 0 1 1 0 1 0 0 1 0 1 0 0 1 0 1 1 0 0 0 2 2 2 1 2 1 1 1 2 1 2 0 0
0 2 1 2 0 2 0 1 0 0 0 1 2 2 1 2 0 1 2 0 1 1 2 2 0 1 0 0 0 0 1 2 1 2 1 2 2 0 0 2 1 1 2 0 0 0 0 1 2 0 2 0 2 2 0 0 1 0 0 2 2 2 2 0 2 0 2 1 1 0 2 0 2 2 1 0 0 2 1 2 2 1 0 2 0 0 2 2 1 1 2 0 0 1 0 1 2 0 2 2 0 2 0 0 1 1 1 1 0 0 1 0 2 1 2 2 0 0 2 1 1 1 2 2 0 0 0 1 0 1 0 1 0 0 2 0 1 0 2 0 0 2 1 2 1 1 0 1 2 2 2 1 2 2 0 0 2 2 1 0 1 2 2 2 0 1 0 0 2
0 1 2 2 2 0 0 0 1 0 0 1 0 1 0 0 0 2 0 0 1 1 1 1 1 0 2 0 1 0 2 2 1 2 2 1 0 0 2 1 0 0 0 1 1 1 1 2 0 1 2 0 0 0 2 2 2 1 2 1 2 2 0 0 2 0 1 0 0 1 2 1 2 0 2 0 2 1 1 1 0 0 1 1 2 0 1 1 1 1 0 1 0 1 2 0 1 1 2 1 0 2 0 2 2 2 1 2 1 2 0 2 2 1 1 2 1 2 0 1 0 0 2 2 2 2 0 0 1 2 0 2 1 0 2 1 0 1 1 1 0 1 1 0 1 2 0 0 2 1 1 0 0 2 2 2 1 0 0 0 0 0 0 2 1 0 1 1 1
2 1 2 2 0 0 0 0 0 0 2 0 0 0 0 2 0 2 1 1 0 2 2 1 0 2 0 1 1 2 0 1 1 2 0 2 2 1 0 1 0 0 1 1 0 2 0 1 1 2 2 0 2 2 2 0 1 0 1 0 1 1 2 2 1 0 2 2 2 2 0 0 2 2 1 0 1 2 1 0 1 2 1 1 2 1 1 1 2 1 2 0 0 2 1 2 2 1 2 1 1 2 2 1 2 1 2 1 0 2 1 0 1 1 2 1 0 1 2 2 2 2 1 0 1 2 0 1 0 2 0 2 2 0 1 2 1 0 0 0 2 2 1 1 0 0 2 0 1 0 0 2 2 1 0 1 1 1 0 1 1 0 2 0 1 0 0 1 1
0 2 2 2 0 0 0 0 1 0 2 1 1 2 1 0 0 0 1 1 0 1 2 2 0 0 0 1 0 1 2 1 1 1 1 1 0 2 2 2 2 2 0 2 2 1 2 0 0 2 1 0 0 2 2 1 0 1 2 1 0 2 2 2 1 1 0 2 0 0 1 1 0 2 0 0 1 0 0 1 2 0 0 0 0 2 1 0 1 0 2 2 0 2 1 2 1 2 2 2 0 0 1 1 0 2 2 1 2 0 0 0 0 0 0 1 0 2 2 2 2 1 2 2 1 0 2 1 0 1 0 1 2 2 0 2 1 2 1 1 0 2 1 1 0 2 1 1 2 0 1 1 2 0 2 2 1 1 0 2 1 1 1 0 0 1 0 1 2
2 0 0 1 2 1 2 2 0 0 1 0 0 0 1 0 2 0 2 2 0 2 0 1 1 1 1 0 1 0 2 0 0 2 2 0 2 2 0 2 0 1 1 0 2 2 1 2 2 1 2 0 0 0 1 2 2 0 0 0 1 0 2 1 0 2 0 0 2 0 0 0 0 1 1 2 1 2 2 0 1 2 1 2 2 2 2 1 0 0 0 1 0 0 0 1 2 1 1 1 2 2 1 2 1 2 2 0 0 2 1 1 2 0 1 1 0 1 1 1 2 2 2 0 2 0 1 1 1 1 1 1 1 0 1 2 0 1 0 1 0 0 0 2 0 1 1 1 1 0 2 0 2 2 1 2 2 0 2 2 2 0 1 0 0 2 0 1 0
2 2 1 2 0 0 0 2 0 1 1 0 1 1 0 1 0 2 1 1 1 0 0 2 2 1 1 0 2 0 0 1 1 0 0 1 1 0 0 1 0 2 2 1 1 0 2 2 0 0 0 0 2 1 0 2 2 1 2 2 2 1 1 0 1 2 2 2 1 0 2 1 2 2 2 1 2 2 0 0 0 1 0 0 2 2 0 2 0 0 2 0 2 1 1 0 0 1 1 1 2 0 2 2 2 2 1 2 2 2 2 0 1 1 1 1 1 2 2 1 0 1 0 2 0 1 1 0 0 0 0 2 0 0 0 0 1 1 0 0 1 0 1 2 2 0 2 0 2 1 2 0 0 0 1 0 2 2 1 0 2 1 0 0 0 0 1 1 2
1 2 1 1 1 1 1 2 1 1 2 2 1 0 0 1 1 0 2 1 0 2 1 2 0 1 2 1 2 1 1 1 1 2 2 0 2 1 2 0 0 1 1 2 2 1 2 1 0 1 0 0 1 1 0 1 0 0 0 2 1 2 1 2 2 1 0 1 0 2 2 0 2 0 1 2 2 0 1 2 1 2 0 2 1 1 0 1 2 1 2 0 1 0 1 0 2 1 2 0 2 2 1 1 0 2 0 2 2 2 0 1 2 0 1 1 2 2 0 1 1 2 0 2 1 2 0 1 0 2 1 0 1 1 2 2 0 1 2 1 0 2 0 0 0 2 2 0 2 0 1 0 0 2 0 2 1 0 1 0 1 0 0 0 1 0 0 0 1
2 2 2 2 2 1 2 1 0 0 0 0 0 1 2 2 2 1 2 1 2 2 2 0 2 2 2 0 0 2 2 0 1 2 2 2 1 0 0 1 1 2 0 1 0 2 2 0 0 1 1 1 0 1 2 0 1 1 2 2 2 1 2 1 1 0 0 2 1 2 2 2 1 2 2 2 2 2 0 0 1 2 1 2 0 0 2 0 0 2 2 2 1 2 1 0 0 2 0 1 2 2 2 1 2 2 0 1 2 2 1 0 1 1 2 0 2 2 1 2 2 0 2 1 0 1 1 2 1 1 1 0 1 1 1 0 0 2 1 2 1 1 2 1 2 2 1 1 2 2 2 2 0 1 0 1 2 1 0 1 1 0 1 0 1 0 1 2 0
0 2 1 2 0 2 1 2 1 1 2 1 0 1 2 2 2 1 0 2 2 1 0 2 0 0 2 0 2 2 1 0 1 0 0 2 0 2 0 2 1 2 1 1 2 1 0 2 0 0 1 0 0 1 1 1 0 0 2 2 2 1 0 1 1 1 1 2 1 1 2 2 1 1 1 1 0 2 1 0 1 2 1 1 2 2 2 2 2 1 2 2 0 0 1 2 2 2 2 0 1 1 0 2 0 2 1 0 1 2 1 0 1 0 2 1 2 2 0 0 2 0 2 2 1 1 2 0 0 1 1 1 0 2 2 1 1 0 2 0 0 1 2 2 2 1 1 1 1 1 2 0 2 2 2 1 0 1 2 2 0 0 1 1 0 0 0 2 1
2 0 1 1 2 2 0 1 0 0 2 2 2 0 0 1 0 1 0 2 1 0 0 2 1 2 1 2 2 0 1 2 1 0 2 0 0 2 0 0 2 2 0 0 1 0 1 1 0 2 1 2 2 2 1 2 1 0 1 1 1 0 2 2 1 1 1 1 0 1 2 1 1 0 1 2 1 0 1 2 1 0 1 1 2 1 0 2 1 2 0 2 0 2 0 1 1 1 0 2 0 2 1 1 0 0 2 0 0 0 2 2 1 1 1 1 2 1 0 1 1 1 2 1 2 2 0 0 1 0 0 2 1 1 1 1 2 0 1 0 2 1 0 0 0 1 2 0 0 0 1 2 2 1 1 2 0 1 2 2 0 1 2 2 2 1 0 2 2
0 0 1 2 0 0 0 0 2 0 1 0 2 0 0 1 2 2 1 1 2 2 2 0 1 1 1 0 2 1 0 0 2 2 0 0 2 0 0 0 0 1 0 2 2 1 0 2 1 0 1 0 0 0 2 1 0 1 0 0 2 0 0 2 0 0 2 0 0 1 0 1 2 1 0 0 2 2 0 0 0 1 1 0 0 1 2 0 2 2 0 2 0 1 2 1 2 2 1 2 0 2 1 0 0 2 1 0 1 2 1 1 1 2 1 2 2 2 0 2 1 1 2 0 2 1 1 1 1 0 1 2 0 2 0 0 0 2 1 1 1 2 1 0 2 0 0 1 2 1 1 2 2 1 2 0 0 1 1 2 1 1 1 1 1 2 2 1 2
0 1 1 0 2 2 2 2 0 2 2 1 1 2 0 2 1 0 0 2 0 0 1 2 0 0 1 2 2 1 2 0 2 1 0 1 1 0 1 1 2 1 2 0 0 1 0 2 2 1 2 0 2 0 0 2 0 2 0 0 0 0 1 0 2 1 2 1 2 0 2 2 2 0 0 0 1 1 0 1 0 2 2 0 1 2 0 2 2 0 1 2 1 2 0 1 1 2 2 1 0 2 0 0 2 1 1 1 0 1 2 1 2 1 1 1 2 0 0 1 0 1 2 2 1 2 1 0 0 1 1 0 0 2 1 0 1 2 2 2 2 2 0 2 1 0 0 1 1 0 0 1 2 0 2 1 0 1 1 0 2 0 1 1 2 0 1 1 0
1 1 0 1 0 2 0 1 2 2 2 2 0 0 2 1 0 1 1 1 0 0 2 0 1 0 1 2 1 2 0 0 2 0 2 2 0 0 0 2 0 2 2 0 0 0 1 2 1 0 0 2 0 2 0 2 2 1 2 2 2 0 0 2 1 1 1 1 2 2 1 2 1 1 0 2 1 1 1 1 2 0 1 0 2 1 0 0 1 2 0 1 2 1 0 0 0 1 2 2 0 0 2 2 1 2 1 1 1 1 2 1 1 0 2 1 2 2 2 1 1 0 2 1 0 2 2 0 1 1 1 2 2 0 1 1 1 1 2 2 2 2 1 1 0 0 2 1 2 2 2 1 0 2 2 0 2 2 1 1 0 2 0 0 0 0 2 1 1
2 2 1 2 0 2 0 1 2 1 1 2 1 0 0 0 2 0 2 2 2 1 0 2 2 2 0 0 1 2 2 1 1 0 0 2 0 1 1 0 2 2 0 1 2 0 2 0 1 2 0 2 1 1 1 1 0 2 1 2 2 0 1 1 0 1 0 1 0 2 2 1 0 0 2 2 1 0 0 2 2 1 1 1 0 1 0 0 0 1 0 0 2 1 2 0 0 0 0 2 1 0 1 1 0 1 1 1 1 2 1 1 0 1 0 1 2 0 2 0 1 0 2 1 2 2 2 2 2 0 2 1 0 0 2 0 2 1 2 0 1 0 2 2 1 2 1 1 0 1 0 1 1 2 1 0 1 1 0 1 1 0 0 1 0 2 2 0 1
1 1 2 2 1 2 1 1 0 0 1 2 0 0 0 2 1 1 1 2 1 1 1 2 1 0 0 1 2 1 1 1 2 0 1 1 0 0 2 1 0 1 0 1 2 0 1 1 2 1 2 1 2 0 0 1 1 1 2 1 0 0 1 0 2 2 2 2 0 2 2 0 1 2 2 1 1 2 2 0 1 1 2 0 0 1 1 2 2 1 0 0 0 2 1 2 2 1 2 2 1 1 1 0 1 0 1 0 0 1 0 1 0 1 2 0 2 1 2 1 0 1 2 0 0 1 0 0 0 2 2 2 2 0 0 0 2 1 1 0 0 1 0 1 2 2 1 2 1 2 1 1 0 1 2 0 0 2 0 1 2 1 0 1 2 0 2 1 2
0 2 0 0 2 1 0 2 1 0 0 0 2 2 0 0 2 1 1 2 0 2 2 1 2 1 1 0 1 0 0 2 0 0 2 0 2 0 0 1 1 1 1 0 1 2 0 1 1 2 0 2 1 2 1 0 2 0 1 1 0 1 0 1 2 1 2 2 1 2 1 0 1 2 0 0 2 1 1 1 0 2 1 1 2 2 2 2 2 1 0 0 0 0 2 0 1 1 0 0 2 1 0 0 0 1 0 0 2 2 0 0 2 1 2 2 0 2 1 1 1 1 2 2 2 2 0 1 0 0 2 2 2 1 1 0 2 1 2 0 1 2 1 0 1 1 2 1 1 1 0 0 2 0 2 2 2 0 1 0 1 1 1 1 0 2 2 0 1
1 0 2 1 2 0 2 1 0 2 2 1 2 0 1 0 2 1 0 0 0 1 2 1 0 0 2 2 0 0 1 0 1 1 1 1 2 1 2 1 1 2 2 1 2 2 2 0 1 2 0 1 1 0 1 1 1 0 1 1 1 0 1 0 2 0 1 2 2 2 0 1 1 1 2 2 0 1 2 2 2 0 0 0 0 2 0 1 1 2 2 2 0 2 0 0 2 2 0 2 2 1 0 1 2 2 0 0 2 0 2 2 0 1 2 0 0 0 2 1 0 0 2 0 2 2 1 2 2 2 1 1 0 2 1 0 2 2 1 2 0 1 1 1 0 2 0 0 2 2 0 0 0 0 2 2 2 1 1 2 0 0 1 1 2 0 2 0 0
1 2 1 0 2 0 0 1 0 1 1 1 1 0 2 1 0 2 2 1 0 2 2 1 1 1 1 2 1 2 0 2 2 2 0 2 2 0 1 1 1 2 0 1 0 2 0 0 1 2 1 0 1 1 2 1 0 1 0 2 1 1 2 1 0 2 0 0 2 1 1 1 1 2 0 2 2 1 2 1 1 2 1 1 1 1 2 1 0 0 0 1 1 2 2 2 2 0 2 2 1 1 2 2 1 2 2 0 0 2 0 0 2 2 1 0 1 0 0 1 0 1 0 2 2 0 1 1 0 0 1 1 2 0 1 1 2 1 2 1 1 2 1 0 0 0 1 1 1 1 0 1 0 0 1 2 0 2 0 0 0 2 2 0 0 1 2 1 0
1 2 1 2 1 2 2 2 1 1 0 0 1 2 0 2 0 0 0 0 2 1 0 2 0 1 0 2 1 1 0 0 1 1 0 0 2 2 2 1 0 2 1 2 2 0 1 2 0 1 0 0 2 1 0 0 0 0 2 1 2 2 2 0 2 2 0 1 2 0 2 0 0 1 2 2 1 1 2 0 2 2 0 2 1 0 2 2 1 0 1 0 2 1 1 2 2 2 1 2 2 1 0 0 0 0 0 1 2 2 2 2 2 0 0 1 1 2 0 1 0 2 2 1 2 1 0 2 0 0 1 1 1 2 2 1 1 0 1 1 0 0 0 0 1 1 2 1 2 0 2 2 1 1 0 0 0 2 0 1 2 1 0 0 1 0 0 0 0
2 1 1 0 1 2 2 0 2 0 0 2 0 2 1 1 1 2 2 0 2 1 2 1 2 0 0 2 1 0 0 1 1 2 2 0 1 2 1 1 0 1 0 0 2 0 1 0 2 1 0 2 0 0 1 2 1 1 0 1 2 1 2 1 0 1 2 2 1 1 0 1 0 1 1 2 1 1 0 1 0 0 1 1 1 2 1 0 0 1 1 0 2 1 1 0 0 0 0 2 2 1 1 1 0 0 1 2 1 2 1 2 0 2 1 2 1 2 0 2 2 2 2 2 0 1 1 1 0 1 1 2 0 2 1 1 2 0 1 2 2 0 2 0 2 0 2 2 0 0 1 0 2 1 0 0 0 2 1 0 0 2 0 1 2 1 0 0 2
2 2 2 0 1 0 2 1 0 2 2 1 1 0 0 0 1 0 0 0 0 1 1 0 2 1 0 1 1 0 1 1 2 0 1 1 1 2 0 2 1 2 0 0 0 0 0 2 2 1 0 2 0 2 0 2 1 0 0 0 1 2 2 1 1 1 2 2 0 2 1 0 0 1 0 1 0 1 1 0 0 1 0 0 1 0 0 2 2 1 0 0 1 0 2 2 1 2 2 2 0 1 0 0 0 0 2 0 1 0 0 2 0 1 0 1 2 0 2 1 2 0 2 1 1 1 1 2 2 0 2 2 1 2 0 0 0 2 1 2 1 0 0 1 1 0 0 0 2 0 2 2 0 2 0 1 0 1 2 0 2 1 0 2 2 1 2 0 1
0 0 0 1 0 2 0 2 2 0 1 0 0 0 1 0 1 1 1 2 0 2 1 2 2 1 1 1 0 2 0 2 0 1 0 0 0 0 0 0 2 1 1 0 2 0 0 0 2 1 2 0 1 2 2 1 0 2 0 2 1 1 1 2 0 1 1 0 0 1 1 0 0 0 0 2 1 1 0 0 2 0 1 2 0 0 1 2 0 2 1 0 0 0 2 0 2 0 1 2 0 2 2 1 0 0 0 1 1 1 2 2 0 0 1 1 2 0 0 0 2 2 0 2 2 1 0 2 2 2 2 2 2 0 0 0 0 2 2 0 1 0 0 2 0 2 1 0 2 1 1 1 2 1 1 1 0 2 1 0 2 1 2 1 1 1 2 2 0
0 0 1 0 1 1 1 0 0 2 0 2 0 1 1 2 0 0 1 2 1 1 1 0 1 1 2 2 0 0 0 0 1 0 1 0 2 0 1 2 2 2 1 0 1 0 0 2 1 1 2 0 0 2 1 0 0 1 2 1 1 1 0 0 1 1 1 0 2 2 0 2 1 1 0 0 2 1 0 0 0 0 1 2 2 0 2 0 2 2 0 1 0 1 2 2 0 0 2 0 2 0 2 2 0 0 2 2 2 0 1 0 0 0 2 1 1 2 1 0 2 2 2 0 0 1 0 1 2 0 2 0 1 2 2 1 2 1 1 2 2 0 1 2 1 1 0 2 1 0 1 1 2 0 1 1 0 1 0 2 2 2 2 1 1 1 0 2 0
2 1 0 0 0 0 2 2 1 0 0 2 1 1 0 1 2 1 2 2 1 2 2 0 2 0 2 2 1 1 0 0 1 1 1 1 2 1 0 1 1 1 1 0 2 2 1 0 0 1 0 2 1 2 0 1 0 2 0 1 2 1 2 1 0 2 2 2 0 1 0 2 2 2 2 0 1 1 1 2 0 1 1 2 1 2 1 1 0 2 0 2 0 2 1 1 1 1 0 2 2 2 2 0 1 2 1 1 1 2 0 2 1 0 2 2 0 1 0 0 0 1 0 1 1 1 2 0 0 1 0 0 0 0 0 2 0 2 1 1 2 2 1 0 0 1 2 0 2 0 2 2 1 2 1 0 2 2 1 0 1 2 0 1 0 2 1 1 1
0 0 1 0 2 2 1 0 2 2 0 0 1 1 0 2 2 1 2 2 0 2 0 2 2 2 1 2 2 0 2 2 0 1 0 0 0 1 1 0 1 0 2 1 1 2 1 1 0 0 1 1 0 2 0 0 2 2 0 1 2 2 1 0 0 2 1 1 1 0 2 2 0 1 1 1 1 2 0 2 2 2 0 2 1 1 0 1 1 1 0 0 1 2 1 2 1 0 0 0 1 0 1 2 2 2 1 0 2 2 2 2 2 2 2 0 1 0 2 0 2 0 1 0 0 1 2 2 1 0 0 0 2 1 0 1 0 2 0 2 2 2 2 1 0 2 2 2 0 2 0 0 0 1 0 0 2 0 0 2 1 0 0 0 2 1 0 0 1
0 0 0 2 0 2 0 0 2 0 1 1 0 1 1 2 2 2 2 0 0 2 0 1 1 0 1 2 0 2 2 0 0 2 1 2 0 2 2 2 0 2 0 0 0 0 0 1 2 1 2 0 1 2 0 0 1 2 1 2 1 0 1 2 0 2 1 0 2 1 2 2 1 1 1 2 1 2 0 1 1 1 0 1 0 0 1 1 2 2 1 1 0 0 1 1 2 0 1 2 2 2 0 0 1 2 2 2 2 1 1 1 2 1 0 2 2 1 2 1 2 1 0 2 1 2 1 1 0 1 1 2 0 1 0 2 0 0 1 0 1 0 2 0 2 0 1 1 2 1 1 1 0 2 2 2 2 0 0 2 1 1 2 2 1 0 2 1 1
0 2 2 2 2 1 1 2 0 0 2 1 1 1 1 2 0 0 1 2 1 2 1 0 1 2 1 0 1 1 1 0 1 1 2 1 2 0 0 2 0 0 1 0 2 2 2 2 0 1 2 2 0 1 1 0 0 0 0 1 1 1 1 0 2 0 2 0 1 2 2 0 1 1 0 0 1 0 0 0 1 0 0 0 1 1 0 2 2 0 0 1 2 2 2 2 0 1 2 2 2 0 2 0 2 0 0 1 1 1 2 0 1 0 0 0 2 0 2 2 0 1 1 0 0 0 0 1 0 2 1 2 2 0 2 1 1 0 1 0 1 0 1 1 0 1 1 1 2 2 0 0 0 2 1 1 1 1 2 1 1 1 0 2 2 0 1 2 0
2 2 2 0 0 0 1 0 0 2 2 2 1 0 2 0 2 0 1 0 0 0 0 1 0 2 2 1 0 1 2 0 1 2 1 0 2 2 0 2 0 2 2 1 0 1 2 0 1 2 1 0 2 1 1 0 1 1 2 0 0 2 1 2 1 2 2 1 2 2 2 2 2 1 1 0 0 1 0 2 0 0 2 2 1 2 0 1 1 1 1 2 0 2 1 2 2 1 1 1 1 0 2 0 0 1 0 1 2 2 1 0 2 2 1 1 1 2 2 2 0 1 2 1 1 1 0 0 2 2 0 0 0 2 1 0 1 2 1 1 2 1 2 1 0 1 0 1 1 1 1 2 2 2 1 1 0 2 2 0 2 0 1 0 2 0 1 1 0
1 0 2 2 0 1 2 2 1 1 1 2 0 0 2 2 2 1 0 2 1 1 1 2 2 2 2 2 1 1 2 2 2 1 1 0 2 1 2 2 2 0 1 2 1 0 0 1 2 1 1 1 2 2 1 1 2 0 1 1 2 1 0 1 1 2 1 1 0 1 0 0 2 2 0 1 0 0 0 1 1 1 0 1 0 1 0 0 1 2 2 0 1 2 0 2 2 1 1 0 1 2 1 0 2 2 2 0 0 2 2 0 0 2 1 2 0 2 2 1 1 0 0 1 2 0 0 0 2 2 0 0 0 2 1 2 2 0 0 2 1 2 2 1 1 2 1 1 1 2 1 1 2 1 2 1 2 2 2 1 0 1 2 0 1 1 2 0 2
1 0 0 0 1 0 0 0 1 2 2 0 0 0 2 2 2 2 1 0 1 0 1 0 0 1 1 1 1 2 0 2 1 1 1 2 2 1 0 0 0 2 1 2 1 0 1 0 0 1 1 2 1 2 2 2 1 2 0 1 1 0 1 2 2 2 2 1 1 2 0 2 0 2 1 2 0 0 0 1 1 2 1 0 2 1 2 1 0 2 2 0 1 0 0 1 1 0 1 2 0 1 2 1 0 1 0 0 2 1 2 1 1 0 2 0 2 2 2 0 0 2 0 1 1 1 0 2 2 1 2 0 0 2 2 1 0 0 0 2 2 2 1 1 1 1 2 0 0 2 0 1 2 2 0 0 1 1 0 1 0 2 1 2 2 1 0 0 0
1 0 2 2 2 1 0 0 1 1 2 0 2 1 0 2 2 1 0 0 1 1 1 2 1 0 1 2 2 2 2 1 0 0 0 2 1 1 1 0 0 1 1 1 2 2 0 1 0 2 2 0 1 1 0 2 2 2 2 1 2 2 0 2 2 1 2 1 1 1 2 1 2 1 2 0 0 1 1 1 0 2 2 1 0 2 2 2 0 2 2 2 1 0 2 2 1 2 1 2 1 1 2 0 2 1 0 0 0 0 1 0 2 1 0 0 1 2 0 2 1 0 1 0 0 1 2 0 1 1 2 0 0 1 1 2 1 0 2 1 0 1 0 0 2 1 1 2 1 2 1 0 1 1 0 1 0 1 1 2 0 2 2 0 1 1 2 2 2
2 2 0 0 0 0 1 2 2 1 0 2 0 0 0 1 1 2 0 2 1 2 2 1 0 0 0 2 0 0 1 2 2 1 0 0 2 1 2 2 2 2 1 2 0 0 2 2 0 0 1 1 0 2 0 0 2 1 0 0 1 2 0 2 1 0 2 0 2 2 0 2 2 0 0 0 0 0 0 0 0 2 2 1 1 0 2 2 1 0 0 1 0 0 0 1 2 2 0 2 2 1 2 0 1 0 1 1 0 1 2 1 0 0 2 0 1 2 0 1 0 0 2 1 1 2 0 1 2 1 1 0 0 1 0 1 1 1 1 2 0 1 0 0 2 2 1 1 0 1 2 0 2 1 2 2 1 2 0 0 2 2 0 2 0 1 1 1 2
0 0 0 2 1 1 1 2 0 0 2 0 2 0 2 1 2 1 2 2 0 1 1 2 2 0 0 1 0 2 1 0 1 2 2 2 1 2 2 1 2 1 1 0 1 2 1 1 0 1 1 1 0 0 1 2 2 1 0 2 1 0 2 2 2 0 0 0 2 2 2 2 1 2 2 0 1 1 2 2 0 1 1 0 1 2 0 0 1 2 2 2 2 0 2 2 0 0 0 2 2 2 2 1 1 2 0 2 1 2 2 1 1 1 2 0 0 2 1 2 2 1 1 2 1 1 1 2 1 1 1 2 2 1 1 0 1 1 1 2 1 1 0 2 2 0 1 0 0 2 2 0 1 1 2 1 0 2 0 2 0 0 2 2 2 1 1 0 0
2 2 2 1 0 2 0 0 0 1 1 0 0 2 0 1 2 1 2 2 2 0 2 2 2 0 1 0 2 2 1 1 1 1 0 2 0 0 0 2 2 2 0 2 1 0 1 1 1 1 0 2 1 1 1 1 1 1 0 0 0 2 2 2 0 2 2 1 0 0 0 2 2 1 2 1 2 0 0 2 2 0 1 1 2 2 1 1 0 1 2 1 0 1 1 0 1 0 2 2 0 0 1 0 2 1 2 1 2 0 0 2 1 2 2 1 2 0 2 0 1 2 2 2 1 1 2 1 2 1 0 0 2 2 2 2 0 2 2 0 2 0 1 0 0 1 1 0 1 2 0 0 2 1 2 0 2 2 1 2 1 2 0 2 2 0 1 0 2
1 2 1 2 0 2 0 1 1 0 0 1 1 1 0 2 0 1 2 0 0 2 1 0 0 0 0 0 0 0 2 1 0 1 1 0 1 1 2 0 1 0 1 0 1 2 0 2 0 0 2 1 0 2 1 0 0 1 1 0 0 1 0 0 0 1 2 2 0 2 2 2 1 0 2 2 2 0 0 0 0 0 2 1 2 1 2 1 1 1 2 1 2 2 2 0 2 2 2 2 0 2 2 1 2 2 1 2 0 2 1 1 0 0 0 2 1 0 1 2 1 1 1 1 0 2 0 0 1 2 2 2 2 2 0 2 2 0 0 0 2 1 1 2 2 2 0 0 2 1 1 0 2 2 0 1 1 0 1 0 2 2 0 2 2 2 0 2 2
0 2 2 2 0 0 1 1 0 2 0 2 0 2 0 0 2 1 1 2 0 2 2 0 0 0 2 0 0 1 2 1 1 2 1 0 2 2 1 2 2 1 0 0 1 0 0 0 2 2 0 0 0 1 1 1 1 1 1 2 1 1 1 2 0 2 2 0 2 0 0 1 0 0 2 1 1 0 0 1 0 1 0 1 2 1 0 1 2 1 1 0 0 2 1 0 2 0 0 2 1 2 1 2 0 1 0 2 2 1 1 0 0 1 1 2 0 2 1 1 0 0 1 0 0 2 1 2 1 0 2 0 2 1 2 2 0 2 2 2 1 1 2 1 2 1 1 0 0 0 1 1 1 0 2 2 1 1 2 2 1 2 0 1 1 2 0 2 1
0 1 0 1 2 2 1 0 2 2 2 2 1 1 1 2 1 0 1 0 1 1 2 0 1 0 2 0 0 1 2 0 0 1 2 2 0 2 1 0 1 0 1 0 2 2 0 0 1 1 1 2 0 0 0 2 0 2 2 2 1 2 0 2 0 0 2 2 2 0 0 1 1 1 1 1 1 2 2 0 1 1 0 1 1 0 0 0 1 0 2 0 1 2 0 2 0 0 2 0 0 0 2 0 1 1 1 0 1 0 1 2 2 1 2 2 0 0 2 2 2 1 2 0 1 0 2 2 1 0 2 1 0 1 1 1 0 0 2 2 2 0 1 1 0 0 0 1 1 2 0 1 1 0 1 0 1 1 2 2 1 2 2 1 1 1 1 2 2
0 2 1 1 0 0 2 2 1 0 1 1 0 2 1 2 1 1 0 0 1 1 2 0 0 1 2 1 2 2 1 0 1 2 0 0 1 2 0 2 0 2 1 1 1 0 1 0 2 2 0 1 1 0 0 2 2 0 0 2 0 2 0 2 2 1 0 0 1 0 0 2 0 0 1 1 0 0 2 1 0 0 2 1 0 2 0 2 0 2 0 1 2 1 0 1 2 2 0 0 0 0 0 1 1 2 0 0 2 0 1 0 0 0 2 1 0 0 1 0 2 2 1 2 0 2 0 2 2 0 0 0 2 1 1 1 1 2 1 1 2 2 2 0 0 2 2 1 2 1 2 2 0 0 1 0 0 0 0 0 1 0 1 1 0 0 0 1 2
1 0 0 2 0 0 0 0 2 1 0 0 0 0 1 1 2 1 2 2 2 2 2 0 1 0 1 1 0 2 2 0 1 2 2 1 2 0 2 0 1 0 1 2 0 0 0 0 2 2 1 2 0 0 0 1 0 1 1 2 1 0 0 2 2 0 2 2 0 1 2 2 1 1 1 2 2 1 0 1 1 2 0 1 2 0 1 0 2 0 0 1 0 1 0 0 1 0 2 2 2 0 1 0 2 2 1 1 1 2 0 0 1 2 2 0 2 1 1 0 1 2 1 1 0 2 2 0 0 0 2 2 0 2 0 2 1 1 1 1 1 2 1 2 1 1 2 1 0 2 2 1 2 0 1 0 2 1 0 0 1 1 0 1 0 1 1 2 0
0 0 2 0 2 2 1 1 0 0 1 2 2 0 1 0 2 1 0 1 0 1 2 1 2 2 1 1 1 1 2 2 2 2 0 1 2 2 2 2 0 1 2 0 0 1 1 2 2 2 1 0 0 2 1 0 1 0 1 0 2 1 2 2 1 0 0 1 0 1 0 0 0 0 1 1 1 2 2 1 1 0 1 0 2 1 0 1 2 0 2 1 1 2 1 0 0 2 2 0 1 0 1 2 1 2 1 2 2 0 1 1 1 1 2 1 2 0 0 1 0 2 1 2 2 2 0 0 2 2 0 1 0 1 1 2 1 0 1 1 1 1 1 2 2 0 1 2 1 2 1 2 1 2 1 1 0 0 1 0 2 1 2 0 0 1 2 0 2
2 1 0 0 2 2 2 1 2 1 2 1 2 2 0 0 1 2 1 1 0 1 2 0 1 0 1 2 0 1 2 0 1 2 0 1 0 0 2 0 2 0 1 2 0 1 0 1 0 1 1 2 1 1 0 2 1 2 0 2 1 2 2 0 0 0 1 1 1 2 1 0 2 2 1 2 1 1 1 0 1 0 0 2 1 0 1 0 2 2 2 1 2 0 1 0 1 1 1 0 0 0 1 2 0 2 2 1 2 0 2 1 1 2 0 0 0 2 0 0 2 1 2 2 2 2 0 0 0 2 1 0 2 1 0 0 1 0 1 0 1 2 1 0 1 2 1 2 0 2 0 2 1 2 2 0 1 2 2 1 2 1 2 2 2 0 2 1 1
1 2 0 0 2 0 2 2 2 2 2 2 2 2 1 2 1 2 1 1 2 0 0 1 1 2 1 2 1 0 1 1 0 2 1 2 0 1 0 0 0 2 0 0 2 1 0 1 1 1 0 1 2 1 0 0 2 2 0 1 2 2 2 0 1 2 1 1 0 1 2 1 0 2 1 0 2 1 2 0 0 0 2 0 2 0 1 1 2 2 1 2 1 1 0 0 0 1 2 1 2 1 0 1 2 2 2 1 1 1 1 2 2 1 0 2 2 2 1 2 1 0 1 1 2 2 1 2 1 0 0 1 0 0 0 2 0 2 1 2 2 2 2 1 2 0 1 2 2 1 2 1 1 0 2 0 0 1 0 2 2 1 1 0 0 1 0 1 1
1 0 0 2 0 0 2 0 2 1 2 0 0 2 2 2 1 0 2 0 1 2 1 0 0 1 1 2 2 2 2 1 0 2 0 0 0 2 1 0 1 1 0 1 0 0 1 0 2 2 0 0 1 1 1 0 1 2 0 1 1 2 2 1 0 0 0 0 0 1 0 1 0 2 1 1 2 0 1 1 2 2 0 1 2 1 2 0 1 2 1 0 0 1 0 0 2 0 0 0 2 2 2 2 1 1 0 1 2 2 1 1 0 1 0 2 2 2 0 1 0 2 2 1 0 2 1 0 2 2 0 1 1 0 0 0 2 2 2 2 2 0 0 0 1 2 2 1 2 2 0 0 2 2 1 0 2 2 1 2 0 2 0 2 2 1 0 1 1
0 1 2 1 2 2 0 2 0 1 1 0 2 2 0 2 1 1 1 1 2 0 2 1 1 1 0 1 2 0 0 2 1 0 0 1 0 0 0 1 0 0 2 2 0 2 2 1 0 1 0 2 0 2 1 1 2 2 0 1 0 1 2 1 2 2 1 2 1 1 1 1 2 1 1 2 1 0 1 2 0 1 2 0 1 2 2 1 1 0 2 2 2 1 0 1 2 2 2 0 2 0 2 1 2 0 1 1 2 2 1 2 1 1 2 0 0 1 1 2 1 2 1 1 0 0 0 0 2 0 0 1 0 2 1 1 1 2 2 0 2 1 2 0 2 2 2 0 0 0 0 0 2 2 1 1 0 2 1 2 2 0 2 1 0 0 2 1 0
2 2 2 0 1 0 2 0 2 0 2 1 2 2 1 1 0 0 1 1 0 1 0 0 0 1 0 1 0 0 1 0 2 1 0 2 2 1 0 2 2 2 1 1 1 1 0 0 1 2 1 1 1 2 1 2 1 0 1 2 0 0 0 0 2 1 2 2 0 0 1 0 2 1 2 2 2 0 0 0 2 1 2 1 1 1 1 2 2 0 0 0 1 1 1 0 2 0 2 0 1 2 1 2 0 1 2 2 2 2 0 0 1 0 1 2 2 0 2 2 1 0 0 0 1 1 0 0 2 1 1 1 1 0 1 1 2 0 1 1 2 1 1 1 0 1 0 2 1 0 1 0 0 1 0 1 0 1 2 0 0 1 2 1 2 1 0 2 1
2 1 1 1 1 2 1 2 2 1 0 1 0 1 1 0 2 0 1 2 0 1 2 1 1 2 1 2 2 0 1 2 2 0 1 0 2 0 0 0 2 1 2 0 0 0 1 0 0 0 2 1 2 0 0 2 0 2 2 0 0 1 0 0 1 2 1 2 0 1 0 2 2 2 1 0 0 2 2 1 2 1 2 0 2 0 2 0 0 1 1 1 0 1 2 0 1 0 0 1 2 0 2 2 0 0 0 0 0 2 2 1 1 0 1 2 1 1 2 1 2 1 0 0 0 2 0 2 2 0 0 1 1 0 2 2 0 2 2 2 2 0 0 1 0 1 1 1 2 2 1 2 0 1 0 0 1 1 2 1 1 1 1 0 1 0 2 0 0
0 0 0 0 0 1 1 2 1 0 2 0 1 1 0 1 0 2 0 1 1 1 1 0 2 1 0 2 2 1 0 0 1 0 1 2 0 0 1 1 0 0 1 0 2 2 1 2 1 1 2 1 0 0 1 0 2 2 0 2 1 1 2 2 2 0 2 2 0 0 0 2 1 2 2 2 2 1 2 1 0 1 2 0 2 2 0 2 2 2 1 1 1 2 1 0 2 1 0 1 2 1 1 1 2 0 1 1 2 1 0 2 0 0 2 0 0 1 2 2 1 2 0 2 1 2 2 1 1 0 0 0 0 1 2 2 2 0 1 1 2 1 0 0 2 1 1 2 0 1 2 1 1 2 0 0 2 0 1 0 2 0 2 2 1 1 2 1 0
0 0 0 2 1 0 2 0 2 1 0 0 0 1 2 1 2 2 1 2 2 0 2 2 2 1 0 0 1 2 0 2 0 1 2 2 2 2 0 2 0 0 2 2 2 0 1 1 0 2 1 2 2 1 1 1 0 0 0 2 2 1 1 0 0 1 2 2 0 2 1 2 0 2 1 2 0 2 1 0 2 0 0 2 2 2 1 2 2 2 2 0 1 2 0 2 0 1 2 1 1 1 0 0 1 2 0 1 2 2 1 1 0 1 1 2 1 1 2 1 0 2 1 2 1 0 1 2 2 1 0 1 0 1 1 1 1 0 0 0 2 1 0 0 0 1 2 2 0 1 1 1 1 0 0 2 1 0 2 1 2 0 2 0 0 2 1 2 0
1 1 2 0 1 0 1 0 2 0 1 1 0 2 1 1 0 1 2 1 1 1 1 0 1 1 0 1 0 0 1 2 1 1 0 2 1 1 0 1 0 1 1 0 1 2 1 2 0 1 2 2 0 0 2 1 2 0 0 0 1 1 0 0 1 0 2 2 2 0 1 0 2 0 1 1 2 0 1 0 2 1 2 2 1 2 1 1 0 2 2 2 0 2 2 2 0 2 2 0 1 1 2 1 1 0 0 0 1 2 1 0 0 2 0 2 1 2 1 0 1 0 0 2 0 0 2 1 2 1 1 1 0 0 0 1 1 0 2 0 0 0 1 0 2 2 2 2 1 1 2 2 1 0 0 2 0 2 0 2 1 2 2 1 0 2 2 2 0
2 2 0 2 2 1 0 1 1 2 1 0 2 1 2 2 1 2 2 0 2 2 1 2 1 0 0 0 0 2 0 2 0 1 0 2 2 0 1 2 2 2 0 2 1 2 1 2 2 0 1 2 0 0 2 2 1 2 0 1 0 2 1 1 0 1 1 1 2 2 1 1 0 1 0 1 0 2 1 0 0 0 0 0 1 2 2 2 0 0 1 0 2 0 2 0 2 0 2 1 0 0 2 0 1 0 2 2 0 1 0 0 2 1 1 0 0 1 0 0 2 2 1 2 2 0 0 2 1 2 0 2 0 1 2 2 2 2 2 0 1 2 1 0 1 2 2 2 1 2 0 1 1 0 1 2 1 1 2 0 1 0 2 2 2 2 2 2 1
1 0 0 2 1 2 0 2 2 0 1 1 2 2 1 2 0 0 0 2 0 1 2 0 0 1 0 0 1 0 2 1 1 1 0 0 1 1 2 0 2 0 1 2 1 0 1 2 1 2 2 1 1 2 0 2 0 0 2 0 1 2 1 2 1 2 2 2 0 2 2 0 0 1 2 2 0 1 2 1 2 2 1 1 1 1 0 2 1 0 2 2 0 1 2 1 0 1 1 1 1 1 2 0 2 2 2 0 1 2 2 0 2 0 1 0 1 0 1 0 0 1 0 1 0 2 0 1 0 2 2 0 0 2 0 0 2 2 1 1 0 0 2 2 1 1 1 2 1 2 2 2 1 2 1 2 2 2 1 2 1 0 2 1 0 0 2 0 1
0 2 1 1 2 0 2 0 1 2 0 1 2 0 1 2 0 0 1 2 1 1 1 0 2 0 0 2 0 1 0 1 1 1 2 0 0 2 1 2 1 1 2 1 0 0 0 0 0 1 0 2 0 2 2 0 0 0 2 0 2 0 2 0 2 2 1 0 2 0 0 1 2 2 0 0 0 1 0 0 0 2 0 1 1 0 1 1 1 1 0 1 1 0 2 2 2 1 2 2 1 0 2 2 0 2 2 0 0 1 2 1 0 2 0 1 0 1 1 1 0 1 0 2 1 0 2 1 2 0 2 0 1 1 2 2 1 0 0 1 1 2 1 1 0 1 2 0 1 1 2 2 0 2 2 2 0 0 1 2 0 0 0 2 2 1 2 0 1
0 2 2 0 0 1 0 0 1 1 2 0 0 1 0 1 1 0 1 1 2 1 2 0 1 2 2 0 2 2 2 0 1 1 1 0 0 2 0 2 2 0 2 2 1 0 1 0 0 2 2 0 1 2 0 1 2 2 1 2 1 1 2 1 0 1 1 1 2 2 0 1 2 0 1 1 0 0 1 2 0 1 2 2 1 0 0 0 0 2 0 2 0 0 1 2 1 0 0 0 0 1 2 2 1 1 1 2 1 0 2 1 2 2 0 1 0 1 1 0 1 2 0 2 0 1 1 2 1 1 1 2 0 0 1 2 1 0 2 0 1 1 2 1 1 0 2 1 0 1 2 1 1 0 0 1 0 2 1 1 1 0 2 2 0 0 1 0 2
1 0 1 1 0 2 2 2 1 1 2 2 1 1 1 1 1 0 1 1 2 1 1 2 0 1 1 1 0 1 1 2 1 2 0 0 1 0 2 0 1 1 0 0 2 2 0 1 0 2 0 0 0 2 0 1 0 1 1 0 2 2 0 2 0 1 2 1 2 1 2 1 0 0 2 0 0 2 1 0 1 2 1 0 1 2 2 2 1 1 1 1 2 2 1 2 1 1 1 1 0 1 2 0 1 1 0 2 1 2 0 0 2 1 1 1 1 0 2 0 2 0 2 1 2 1 1 1 2 2 2 2 1 2 0 2 1 1 0 0 0 0 1 0 2 2 0 2 0 2 0 2 0 2 1 0 0 2 0 0 2 2 2 1 2 2 1 2 1
1 2 1 2 1 0 2 0 0 2 1 0 2 1 1 1 0 1 2 1 2 2 1 2 2 2 2 2 0 1 0 0 1 2 2 2 2 1 2 0 0 1 0 2 0 2 1 1 2 1 2 1 1 1 1 1 0 1 0 2 2 1 2 2 2 1 1 1 1 2 0 2 0 1 0 1 1 2 0 0 1 0 1 2 2 0 1 0 2 2 0 2 2 2 1 1 1 0 0 2 2 0 0 0 2 0 1 0 2 2 1 1 0 2 1 0 0 0 0 2 0 0 2 0 0 0 1 1 0 2 2 0 0 2 0 2 0 2 0 2 2 1 1 2 1 0 2 1 1 0 2 2 1 1 0 1 1 2 1 0 1 1 0 0 1 1 2 1 1
0 1 0 2 0 1 1 1 0 0 2 2 0 0 0 1 0 0 0 2 2 0 2 0 2 2 2 1 2 0 2 0 2 1 0 0 2 1 1 0 2 2 2 2 0 0 0 0 1 2 0 0 0 0 1 2 0 0 1 0 1 1 1 0 0 1 1 2 1 1 2 0 1 2 1 1 0 2 2 1 1 0 1 2 1 2 2 2 0 1 2 1 2 1 2 2 0 1 2 1 0 1 0 1 1 1 0 1 0 2 2 0 2 1 2 1 1 1 1 1 2 1 2 2 0 0 2 1 1 2 0 2 1 1 1 0 2 1 2 1 1 2 1 1 2 0 1 0 2 2 2 0 1 2 0 2 2 0 1 1 0 2 0 1 1 2 0 0 1
0 2 2 2 0 2 2 1 0 0 1 0 2 1 1 2 2 0 2 0 2 0 1 2 2 0 0 1 0 1 0 0 1 0 1 1 2 0 0 0 1 2 0 1 1 0 1 0 1 0 1 1 1 2 0 0 2 1 0 0 2 0 1 0 1 0 2 2 1 0 2 0 2 1 2 1 1 0 1 0 0 2 1 1 2 2 0 2 0 0 0 0 1 2 1 2 0 1 1 2 1 2 2 1 1 1 2 0 1 1 0 1 1 2 1 1 1 1 1 0 1 1 0 0 0 1 2 1 0 2 0 2 2 0 2 0 1 1 1 0 0 1 2 2 1 0 1 1 2 2 1 0 1 2 1 2 1 1 1 2 1 1 2 0 1 1 1 1 0
2 1 1 0 0 1 0 1 2 1 0 2 2 2 1 1 0 1 0 2 0 0 0 0 0 1 2 1 2 0 2 2 1 0 1 0 2 1 2 2 2 2 2 1 2 0 0 1 0 1 1 0 1 0 0 1 1 0 0 2 0 0 1 0 1 2 0 2 1 2 1 0 2 1 2 0 2 0 2 2 2 1 0 0 1 1 0 1 1 1 1 0 2 0 1 1 1 1 0 2 1 2 0 1 0 0 1 0 1 1 2 0 0 0 1 1 2 2 0 1 1 1 2 0 2 0 2 0 2 0 0 1 0 0 0 0 2 1 1 0 1 2 1 1 0 0 2 0 0 1 2 2 2 2 2 2 1 0 0 1 0 1 0 1 2 0 2 1 2
1 1 0 0 0 1 1 1 2 1 2 0 1 1 0 2 0 0 0 1 0 2 2 2 2 0 2 0 0 1 0 2 0 1 0 1 1 2 2 1 2 1 2 1 0 2 0 2 0 1 0 2 1 2 1 1 1 1 2 2 0 0 2 1 2 0 2 0 0 0 1 2 2 0 1 0 1 2 2 1 2 2 0 0 0 2 2 2 1 1 1 1 2 1 2 2 2 2 2 0 0 2 0 2 0 2 0 1 2 2 0 1 0 1 2 1 0 2 0 2 1 2 1 1 1 1 1 0 1 0 2 1 0 0 1 1 0 2 2 2 2 0 2 2 2 2 0 0 2 0 0 1 1 2 0 2 1 1 1 2 2 0 1 0 0 0 2 0 2
1 0 2 0 0 2 2 0 0 0 2 1 1 1 2 1 1 0 0 0 1 2 0 1 1 1 2 2 0 0 2 2 0 2 2 1 1 2 2 2 1 1 2 0 0 2 1 2 2 1 0 0 1 1 2 0 0 2 2 0 0 2 2 1 2 0 0 2 0 0 2 1 1 1 2 2 1 0 0 1 2 0 0 1 2 0 2 2 0 0 2 0 0 2 2 1 0 0 0 2 1 0 0 0 2 0 0 1 1 0 0 2 1 0 1 0 2 2 0 0 2 0 1 0 0 1 1 1 2 2 0 1 0 2 2 0 0 0 2 1 1 2 1 2 1 1 1 0 0 1 0 0 2 1 0 0 0 0 1 1 2 0 2 0 2 2 0 0 2
2 2 1 0 1 1 1 0 0 1 0 1 1 1 0 2 2 1 1 2 1 2 0 1 2 1 1 1 0 1 1 0 0 0 0 2 2 1 2 2 0 0 0 2 1 2 0 1 1 1 1 2 0 2 0 2 1 2 1 1 1 2 1 2 0 2 2 2 1 2 2 0 2 1 2 2 1 2 0 2 0 2 2 0 2 0 0 0 1 1 1 2 2 0 2 2 0 2 0 2 2 0 2 1 1 2 0 2 2 1 0 2 1 2 1 1 0 1 1 1 1 0 2 0 0 1 2 1 0 0 1 0 1 1 2 2 0 0 0 0 0 0 0 2 0 2 0 1 1 2 1 2 0 0 2 0 2 0 2 1 1 1 1 2 0 1 0 1 0
1 1 0 2 2 0 0 2 1 1 1 0 0 1 0 1 2 1 1 0 2 0 1 1 2 2 2 1 2 1 1 1 0 2 0 0 0 0 0 1 2 2 2 0 2 2 2 1 1 0 1 1 1 0 0 1 2 2 0 2 1 2 0 1 2 0 2 2 1 0 1 1 0 0 2 2 0 1 0 2 0 2 1 1 1 1 0 0 1 0 1 0 2 2 1 1 0 1 1 2 2 2 0 2 2 2 2 0 1 0 0 1 1 2 0 2 0 1 0 2 2 1 2 2 1 1 1 2 0 0 1 2 2 0 0 0 0 0 1 2 1 2 0 2 1 2 2 2 1 0 1 0 2 1 2 1 1 2 1 1 2 1 2 2 1 2 0 2 2
2 2 0 1 0 1 0 2 0 2 0 1 2 1 1 1 1 0 0 0 2 2 0 1 1 0 0 1 1 2 1 1 1 2 1 0 0 2 2 2 2 1 0 2 0 2 1 1 1 2 0 1 1 1 2 0 1 2 1 1 2 0 2 2 0 0 2 1 2 1 0 0 0 2 2 0 1 0 0 2 0 1 0 2 2 0 1 2 0 0 0 0 1 0 2 2 2 2 0 2 1 2 2 2 1 2 2 0 0 0 1 1 1 2 1 1 1 2 1 1 0 1 2 1 2 2 0 1 1 2 1 0 1 0 2 0 2 2 1 0 1 2 1 2 0 0 1 1 0 0 0 1 2 0 0 2 2 1 0 1 1 1 2 2 0 1 0 2 1
1 0 2 2 0 0 2 0 2 1 1 0 2 0 2 2 0 1 2 2 0 1 0 2 0 2 2 2 2 0 1 2 1 1 1 1 2 1 2 2 0 1 2 2 2 0 2 2 2 2 2 2 1 2 2 2 0 2 1 0 0 2 0 2 1 1 0 1 2 0 1 2 2 0 0 1 1 2 1 1 2 1 1 0 1 1 2 2 1 1 1 1 1 1 1 0 0 2 1 0 2 2 1 0 1 1 1 0 1 2 1 0 1 1 1 0 2 1 2 1 2 0 1 0 2 2 1 0 1 1 0 2 1 2 2 2 0 1 1 2 2 0 0 0 1 1 0 1 0 1 0 0 2 1 2 2 1 0 2 0 1 1 0 0 0 0 0 2 2
1 1 1 0 0 1 1 1 0 0 0 2 1 0 2 2 2 2 0 0 2 2 2 1 2 0 0 0 1 0 2 0 1 1 1 1 0 0 1 0 0 1 0 2 2 0 2 2 0 0 0 2 2 2 2 0 1 2 0 0 2 0 1 1 1 0 1 2 0 0 0 1 2 1 1 1 2 1 0 2 1 1 0 2 1 2 2 2 2 0 2 2 0 0 0 2 1 2 1 1 2 2 1 1 1 0 1 1 1 2 1 0 1 2 2 0 2 2 0 1 2 0 1 2 0 1 2 0 2 1 1 2 1 0 2 2 0 0 2 2 2 0 0 0 0 0 1 2 0 1 1 2 1 2 2 0 1 2 0 0 0 1 0 2 0 2 2 0 0
1 0 0 2 1 1 0 1 2 2 1 2 1 1 0 0 1 0 2 0 0 0 2 0 1 2 0 1 2 1 1 1 2 2 1 0 1 2 2 1 2 1 0 1 0 1 1 1 2 1 0 0 0 0 0 1 2 1 1 1 2 0 0 2 0 0 2 2 0 2 2 2 1 2 0 1 1 0 1 2 2 2 2 2 0 0 2 0 1 0 2 0 1 1 0 2 1 0 1 1 0 1 1 2 2 2 2 0 0 1 0 2 1 2 2 1 0 1 1 1 2 0 0 0 1 0 0 0 1 0 2 2 1 1 2 0 1 1 2 1 2 2 0 0 0 0 2 0 1 1 2 1 2 2 0 1 0 0 0 2 0 2 2 2 0 1 2 2 0
1 0 0 1 2 2 1 2 2 2 2 1 1 0 1 1 0 2 2 1 0 2 2 0 1 1 1 2 2 1 0 0 2 1 2 1 1 1 1 0 1 1 1 0 1 2 0 0 0 0 2 0 2 1 1 0 1 1 2 0 0 0 1 2 2 2 2 1 0 1 1 2 2 1 1 1 1 1 1 1 1 1 0 1 0 2 1 2 0 1 2 1 2 1 2 1 0 1 2 2 0 2 2 2 0 0 1 1 2 1 1 1 2 2 2 0 1 0 2 0 0 2 1 2 1 0 1 2 2 1 1 2 1 1 2 1 2 1 1 2 2 2 0 1 1 1 0 0 2 2 0 2 0 2 2 1 0 1 1 0 2 0 2 1 2 2 0 1 1
2 0 0 1 2 2 0 0 2 2 2 0 2 2 0 2 2 2 0 0 0 0 0 0 0 1 0 0 0 2 1 2 2 2 2 2 2 0 2 2 2 0 0 2 0 0 1 2 2 2 2 1 2 2 2 1 2 0 1 2 2 0 2 2 2 1 0 2 2 2 0 1 0 0 1 0 2 1 0 2 0 2 0 1 0 0 2 2 1 1 2 1 1 1 0 2 0 1 2 0 1 0 2 2 2 1 1 1 0 1 0 1 1 2 0 2 2 0 2 1 2 1 2 0 0 0 0 1 2 1 1 1 1 1 0 0 0 1 1 1 1 0 2 2 2 0 2 2 0 1 0 0 2 0 2 2 0 2 2 2 0 0 0 0 2 2 1 0 1
1 1 2 1 2 2 0 0 1 0 1 2 1 2 2 1 1 0 1 1 2 2 0 0 0 0 0 2 2 1 1 0 0 1 1 0 1 2 1 2 0 2 0 1 2 0 2 1 0 1 0 2 0 1 0 0 1 1 1 1 2 0 2 0 1 0 1 0 1 2 1 1 0 1 0 0 1 2 2 0 1 0 0 2 1 0 1 0 2 0 1 2 0 0 0 2 2 2 0 0 1 1 1 2 0 2 0 2 0 2 2 2 2 0 2 1 1 1 1 2 1 2 1 1 1 2 0 0 1 1 0 1 2 2 0 0 0 0 0 0 0 0 2 0 1 2 1 1 0 2 0 1 0 2 0 1 1 2 1 1 0 2 2 1 2 0 1 2 1
2 0 2 0 1 0 2 0 1 1 2 2 1 1 2 1 2 0 0 2 2 2 2 2 1 0 1 1 0 2 0 2 0 0 0 1 1 0 0 0 1 0 2 1 1 1 2 1 2 0 0 2 2 0 1 0 1 0 0 1 0 1 1 0 2 1 2 0 2 0 1 2 0 1 0 1 1 2 1 0 1 1 1 0 2 2 2 1 0 2 2 0 1 1 1 1 1 0 2 0 0 1 0 1 0 0 2 2 1 1 0 2 0 1 2 2 1 2 1 1 2 2 2 1 0 0 0 1 1 0 0 2 2 0 0 0 2 0 2 0 2 2 0 0 1 0 2 0 0 1 1 2 0 1 1 1 2 1 1 0 2 2 0 2 2 1 2 2 2
2 2 2 1 2 2 0 0 2 0 1 1 0 0 2 1 0 1 2 2 2 0 1 2 1 1 1 2 0 1 2 2 1 1 2 2 1 2 0 1 1 1 2 2 2 2 0 2 1 0 2 0 1 1 0 2 0 1 2 1 0 2 2 0 1 1 2 0 1 2 2 0 1 1 2 1 1 1 1 2 1 1 0 2 0 0 2 1 0 2 0 1 2 2 1 0 1 1 1 0 0 0 2 2 0 1 1 1 0 0 2 2 2 2 2 2 1 0 1 1 2 2 2 2 1 1 0 0 2 2 1 1 0 0 1 0 0 2 0 0 0 2 0 2 2 0 0 0 0 1 1 0 0 2 2 2 1 2 0 1 2 1 2 0 0 2 1 0 2
1 0 0 1 1 0 2 2 0 2 0 2 2 0 0 2 0 0 0 0 0 1 0 0 2 1 0 1 2 0 0 2 1 1 1 0 2 0 2 2 1 2 0 0 0 0 2 1 1 0 0 2 1 0 2 1 2 2 0 2 0 2 2 2 0 1 2 0 2 2 1 0 2 1 1 1 2 1 0 0 1 0 0 1 1 2 2 0 0 1 0 0 0 2 2 1 1 2 2 1 2 1 1 2 2 0 1 1 1 2 0 1 0 0 2 2 0 2 0 0 0 0 2 1 1 1 0 0 1 0 1 1 1 1 2 1 2 1 0 0 1 0 2 2 1 1 2 0 2 2 1 0 1 0 2 0 0 0 0 2 1 0 2 0 1 1 1 1 0
2 2 2 1 2 2 2 1 1 0 0 0 2 1 2 2 0 2 2 1 1 0 2 1 2 2 0 0 1 1 1 1 0 0 2 0 2 2 2 1 2 2 0 2 0 2 2 1 0 2 0 1 2 2 0 2 2 0 0 1 2 2 0 0 2 2 1 0 2 0 2 0 2 2 0 1 0 2 0 0 0 1 2 0 1 2 0 2 2 0 1 1 0 1 2 1 2 0 1 2 0 1 0 1 2 1 0 2 1 0 0 2 2 2 0 1 1 1 1 0 2 2 2 0 2 1 1 2 0 0 2 0 1 0 2 0 2 2 0 1 1 0 1 0 2 2 2 0 1 0 1 0 1 1 1 1 0 2 0 0 0 2 1 0 0 2 1 0 1
2 2 2 2 1 1 0 0 0 1 1 2 0 2 1 1 1 2 2 1 0 0 2 0 0 2 1 2 0 2 1 0 1 1 1 0 0 1 0 0 0 2 0 0 2 1 0 0 0 0 1 0 2 1 1 2 1 0 2 0 0 0 0 0 2 1 0 2 0 2 1 1 1 1 2 0 0 0 1 1 1 1 0 1 0 2 1 2 0 0 2 0 0 0 0 1 2 2 0 0 1 1 2 2 1 0 1 2 0 2 0 2 0 0 0 2 0 1 1 0 2 0 1 1 0 2 2 0 1 0 2 2 0 1 0 1 2 1 0 0 0 1 2 2 0 1 1 0 0 2 1 1 0 0 2 1 0 2 0 0 2 2 2 2 1 2 1 1 1
2 2 2 1 2 2 1 0 0 2 2 0 1 0 1 2 2 2 0 2 0 0 1 2 0 2 2 1 0 0 2 0 2 2 2 1 1 1 0 2 0 2 0 2 0 1 1 0 2 2 2 0 0 0 0 1 0 0 0 2 0 2 2 0 2 2 2 1 0 0 1 1 0 1 1 0 1 1 0 1 0 0 1 1 2 2 0 2 2 0 1 0 0 1 1 2 0 1 1 1 1 0 0 2 2 1 0 1 2 2 0 1 2 0 2 1 2 0 1 0 0 0 0 0 2 2 1 0 1 0 2 2 1 2 2 0 1 1 0 2 0 0 0 2 0 0 2 1 0 0 1 1 1 2 2 0 1 1 1 0 1 1 1 2 1 0 1 2 1
2 1 2 0 2 2 1 2 2 0 0 0 1 1 1 1 1 2 0 2 1 1 2 2 2 2 0 1 1 2 0 0 2 0 1 1 0 0 2 2 1 2 2 2 1 0 0 0 0 1 0 1 1 0 1 0 0 1 1 2 2 2 1 1 0 0 0 0 0 2 2 1 0 2 1 1 2 2 2 1 2 0 2 0 1 1 1 2 0 1 1 2 0 2 1 0 2 0 1 0 2 1 2 0 0 1 1 2 2 1 0 2 2 1 0 1 0 1 0 0 2 1 0 0 2 2 1 1 2 2 0 0 0 2 0 0 2 0 1 1 1 2 0 1 1 0 2 1 2 0 0 2 2 1 2 2 0 2 0 1 1 1 1 0 1 1 1 0 2
2 2 2 0 2 1 1 0 1 1 2 1 1 2 1 2 0 0 0 2 2 1 1 0 2 1 2 2 0 0 1 0 2 1 0 2 0 0 2 2 1 0 1 2 2 0 2 2 1 2 2 0 1 1 2 0 2 1 0 0 0 0 2 2 1 2 0 1 0 0 1 1 0 0 1 1 0 0 1 2 1 1 1 2 2 0 0 2 2 1 1 2 1 0 2 2 0 2 2 1 2 0 0 1 1 0 2 2 0 1 2 1 2 0 1 1 0 2 2 2 0 0 2 2 1 2 2 1 2 1 0 2 0 1 1 1 2 1 1 2 0 1 2 2 1 0 2 2 0 1 1 0 2 1 0 0 1 0 2 1 2 0 1 2 2 2 2 1 1
1 1 2 0 1 1 1 0 0 0 0 2 2 2 1 2 2 2 1 2 2 0 2 0 2 2 0 1 2 1 0 1 0 2 1 2 2 0 0 0 0 0 0 1 0 2 1 0 2 2 0 2 2 0 2 1 1 2 1 0 1 2 0 2 0 1 1 0 2 1 0 0 0 0 2 0 0 0 1 0 0 2 2 0 0 2 0 1 1 2 2 0 2 2 2 0 1 2 0 1 1 1 2 1 2 2 0 0 0 1 0 1 1 0 2 2 2 0 0 1 2 0 2 0 0 2 0 2 2 2 1 0 0 1 0 0 1 1 1 1 2 2 0 2 1 0 1 0 1 2 0 1 0 2 1 0 2 2 0 2 2 2 0 0 0 1 0 2 2
2 1 2 0 1 1 1 2 0 2 0 1 0 2 1 0 1 2 0 1 1 0 0 1 1 0 1 0 1 1 0 1 2 2 1 2 2 0 2 0 2 0 1 0 2 2 1 0 0 2 2 1 2 2 0 1 0 1 1 2 0 1 0 1 2 2 1 1 2 0 1 2 1 0 2 0 0 1 2 1 1 1 0 1 2 0 0 2 0 2 2 1 2 2 2 1 2 1 2 1 2 1 2 0 2 2 2 1 1 1 2 2 0 1 1 2 1 1 0 1 2 2 0 1 0 0 2 2 0 2 2 2 1 2 1 1 1 0 0 2 2 2 2 2 0 1 0 0 0 1 1 2 0 2 0 1 0 2 2 1 1 2 0 0 1 1 2 2 2
2 2 1 2 2 1 1 0 2 1 1 0 0 1 1 0 2 1 1 1 0 2 1 2 0 2 0 2 2 2 1 1 2 1 0 2 0 2 0 2 0 2 0 1 1 2 2 1 0 0 0 1 0 2 0 0 1 1 2 0 2 2 2 2 1 1 2 1 0 0 1 2 0 1 0 2 1 2 0 2 0 2 0 0 1 2 0 1 1 1 2 0 1 2 0 2 1 2 0 1 0 2 0 2 1 1 1 2 1 0 2 1 0 1 1 1 0 2 2 1 1 2 0 2 2 0 1 0 0 2 2 2 1 0 1 0 2 0 2 1 1 2 2 1 0 2 0 1 2 0 2 0 0 2 2 2 0 1 0 2 1 0 1 0 1 2 0 0 0
2 1 2 2 2 0 2 2 0 1 1 2 1 1 2 1 1 2 0 2 2 2 0 0 0 0 1 0 1 2 0 0 1 2 1 1 0 0 0 1 0 1 1 2 0 1 0 1 1 1 1 1 0 1 2 1 2 0 1 0 0 0 2 0 2 0 2 0 1 0 0 1 2 1 0 1 2 2 2 1 1 1 0 0 0 0 1 1 1 1 2 0 1 1 0 1 2 2 2 2 0 2 1 1 1 0 2 2 2 1 0 1 0 1 1 2 1 1 0 1 2 2 1 1 2 2 2 2 1 2 1 0 1 0 1 1 0 0 0 0 2 0 2 0 0 1 0 1 0 0 0 2 0 1 1 0 0 0 0 0 0 2 1 2 0 2 0 1 2
1 1 2 2 2 0 2 1 0 1 1 0 2 0 2 1 2 2 0 2 2 1 0 0 2 0 0 1 1 2 1 0 1 1 0 0 2 0 1 2 2 2 1 1 0 0 1 2 0 2 0 1 0 0 1 0 1 1 2 1 0 1 2 2 2 2 0 1 2 2 2 1 2 1 1 0 2 0 0 2 0 0 0 0 2 2 0 1 1 0 2 1 1 1 1 0 1 2 0 1 2 2 1 1 0 0 2 0 0 1 2 0 1 1 1 1 0 2 0 1 2 0 1 0 2 0 1 1 2 1 0 1 0 1 1 1 1 0 1 2 1 2 0 1 0 1 0 0 1 1 0 0 2 2 1 2 2 2 0 0 1 0 2 2 2 0 2 1 2
0 0 1 0 0 0 0 2 1 2 0 2 0 1 2 2 0 1 2 0 2 2 2 0 2 2 1 0 1 2 2 0 0 2 0 1 2 1 2 1 1 2 2 1 2 1 1 2 1 0 2 0 0 2 1 2 2 2 0 0 2 1 0 0 0 1 2 0 0 1 0 1 2 0 0 1 1 1 0 0 1 1 1 1 1 0 1 0 0 2 2 0 0 0 1 1 1 1 1 2 2 2 1 2 2 1 0 2 2 2 2 1 1 1 0 2 2 2 0 2 2 0 0 2 0 2 1 0 0 2 2 1 2 1 0 2 2 2 1 0 1 1 2 2 0 2 2 2 2 0 1 1 0 2 1 1 2 2 1 0 0 1 1 0 2 0 2 0 0
1 1 1 0 0 1 0 0 0 2 0 1 1 2 2 2 2 0 2 2 2 2 2 1 2 0 1 0 1 2 0 0 0 2 0 0 1 1 1 2 1 2 1 0 1 1 2 1 2 2 1 2 0 1 1 0 0 2 0 1 0 1 1 0 0 1 2 2 0 1 1 1 0 0 1 2 1 2 1 1 1 0 0 1 2 2 1 2 0 2 0 0 0 1 1 1 0 0 0 0 1 2 2 2 0 1 2 2 0 1 0 1 2 2 1 1 1 2 1 2 0 1 2 0 1 1 2 2 2 0 0 1 2 2 0 0 1 0 2 1 2 0 1 1 0 2 0 2 2 2 2 2 0 2 0 2 1 0 2 1 0 0 0 1 0 1 1 2 2
2 1 1 2 2 1 0 1 2 2 1 1 1 0 2 1 1 2 2 1 2 1 0 2 1 2 0 0 1 2 0 0 1 2 2 1 0 0 0 2 0 2 0 1 2 1 0 2 0 1 1 2 2 2 2 2 1 2 0 0 0 0 0 1 2 1 2 1 1 0 1 1 2 0 1 0 1 1 0 2 0 1 1 1 1 1 0 2 0 0 0 0 1 1 2 0 0 0 2 1 0 2 1 1 2 0 1 1 1 1 0 0 0 1 1 1 0 1 2 0 2 2 2 0 1 1 1 2 1 1 2 0 0 0 1 0 0 0 1 2 2 1 2 0 0 0 2 0 2 2 1 1 2 0 1 2 0 0 1 1 2 0 2 0 0 1 1 1 1
2 2 1 0 2 2 1 0 2 1 0 1 0 0 1 1 1 0 1 2 2 0 2 2 0 0 1 1 1 0 1 0 2 0 1 2 2 0 0 2 2 1 0 0 1 0 1 1 0 0 0 2 1 1 0 1 1 2 1 1 2 0 2 0 0 1 0 1 1 0 0 2 1 2 2 1 2 1 2 0 1 0 0 2 1 1 2 1 1 1 2 0 1 2 1 2 0 1 0 0 2 2 0 2 1 2 0 1 0 2 1 2 2 2 2 1 1 1 0 2 0 0 1 2 2 2 2 1 1 0 2 1 2 2 0 1 1 0 0 2 2 2 1 2 2 1 1 1 0 2 0 1 0 1 1 2 1 0 1 0 1 0 2 1 0 0 0 2 0
1 1 1 1 0 1 0 0 0 1 0 2 2 1 2 1 0 2 0 0 1 1 2 2 1 1 1 1 2 0 2 0 0 0 2 1 1 0 1 1 1 2 1 1 2 0 0 2 0 1 1 2 0 0 2 1 2 0 2 1 2 1 0 2 0 2 1 2 2 0 1 2 0 2 1 2 1 2 2 2 1 0 2 1 1 1 2 0 0 2 2 2 1 2 1 1 0 2 1 0 0 0 0 1 0 2 0 2 1 0 2 2 1 1 1 2 1 1 0 1 0 1 0 2 1 2 1 1 2 0 0 0 1 0 2 0 2 0 2 2 1 2 2 0 1 1 1 2 2 2 0 1 0 0 1 2 0 2 1 0 1 2 0 2 0 2 2 0 2
0 2 1 2 0 0 0 1 1 1 1 0 1 2 1 0 0 1 0 1 0 0 2 1 1 2 1 1 0 2 2 0 0 1 0 0 1 1 2 2 2 0 0 1 0 2 2 1 1 2 2 2 1 2 0 2 2 2 2 2 2 1 0 2 2 0 0 1 1 2 0 1 0 1 0 0 1 2 0 2 2 2 0 0 2 0 1 2 0 0 1 0 2 1 0 1 2 0 0 1 0 2 0 0 0 0 2 0 0 2 0 0 1 0 1 1 2 2 0 0 0 2 0 2 1 1 2 0 1 2 2 1 1 0 2 0 1 1 0 2 1 0 0 0 2 2 2 1 2 1 1 0 0 2 0 2 0 2 0 2 2 0 1 1 1 0 1 0 0
2 2 1 0 0 2 0 0 2 1 2 0 0 0 1 0 2 0 0 1 2 0 1 2 1 1 0 1 2 1 2 0 1 1 1 2 0 1 2 0 0 1 1 0 0 0 1 2 0 2 1 2 2 0 0 0 1 1 2 1 0 2 1 1 1 2 1 1 1 0 0 1 2 1 2 0 1 0 2 0 2 2 0 2 2 0 0 1 0 0 0 0 0 0 2 2 0 0 0 2 1 1 0 1 0 1 2 2 2 2 0 2 1 1 2 1 2 0 2 2 1 1 0 2 1 2 1 2 0 2 1 1 1 0 0 2 1 0 1 0 2 2 0 1 1 1 2 0 1 0 1 2 1 1 1 0 2 0 2 2 2 2 2 0 2 2 2 1 0
2 2 2 1 1 0 0 2 1 0 0 1 2 0 0 1 2 1 1 2 1 0 1 0 2 0 0 2 0 1 2 2 2 0 1 0 1 1 2 2 0 2 1 2 0 2 1 2 0 2 1 0 1 0 0 1 1 1 1 2 0 1 2 2 1 2 0 1 0 2 0 1 2 0 2 2 0 0 2 2 1 1 2 0 2 2 1 1 1 0 0 0 2 1 0 1 0 1 2 1 1 1 0 1 1 2 1 2 0 1 1 2 0 0 2 2 1 1 2 0 2 0 0 1 1 2 1 1 1 0 1 2 2 1 1 1 1 1 1 2 0 2 2 0 0 2 1 1 1 0 1 1 0 0 2 2 0 1 1 1 2 2 1 1 1 1 0 0 2
2 0 0 1 0 0 1 2 2 0 1 2 0 2 1 0 2 1 0 1 0 2 1 0 0 0 2 2 1 0 2 0 0 2 2 1 1 1 0 0 2 2 1 0 2 2 0 0 1 1 2 1 0 1 2 1 1 2 1 1 0 1 2 1 1 2 2 0 1 2 0 1 0 2 1 2 2 2 2 0 0 1 2 1 2 1 0 2 1 1 1 1 0 0 2 2 0 2 2 2 0 0 1 0 0 0 2 2 2 0 0 0 2 0 1 0 2 1 0 1 1 1 0 2 1 1 1 2 0 1 1 0 1 0 1 1 0 2 1 2 2 2 2 2 2 1 2 1 1 0 0 0 1 1 2 1 0 1 0 0 2 0 2 0 0 0 0 1 2
2 1 2 1 2 2 1 0 2 0 2 0 1 2 2 0 1 0 0 0 2 0 2 2 2 1 0 1 2 1 0 1 1 0 0 0 2 2 0 2 2 1 2 0 0 2 1 0 0 1 0 2 0 1 1 0 2 0 1 2 2 2 1 0 0 1 0 0 0 2 2 2 0 0 1 1 0 2 1 0 2 2 0 2 1 2 2 1 2 2 0 2 2 1 0 2 0 1 0 0 0 2 0 1 0 2 2 0 0 2 2 0 1 2 2 0 2 2 1 0 2 1 0 1 0 0 1 0 1 1 1 2 2 2 1 2 2 1 1 0 0 0 0 2 2 0 2 2 2 1 2 2 2 2 1 2 0 0 2 2 2 1 2 1 0 0 2 0 2
0 0 0 0 0 0 0 1 0 0 1 1 0 1 1 0 0 0 1 0 0 1 1 1 1 2 0 2 1 0 2 2 1 0 0 2 1 0 1 2 2 0 1 2 2 2 0 2 1 2 1 2 1 2 2 2 1 2 1 1 2 1 1 1 2 2 1 1 0 0 0 2 1 2 2 0 2 0 2 1 0 1 0 1 0 2 0 0 2 2 2 2 1 0 1 0 0 2 2 2 0 2 1 1 2 2 1 2 2 2 0 0 0 1 1 1 1 2 2 1 1 1 0 2 2 2 0 0 2 2 2 1 0 1 2 2 0 2 2 0 1 2 0 2 1 2 1 2 1 0 2 1 2 0 0 2 2 2 0 0 2 2 2 2 1 1 2 0 1
1 0 2 1 2 0 0 2 1 0 2 0 0 0 2 1 1 2 1 0 2 1 1 2 0 0 2 0 1 2 1 0 0 2 0 0 0 1 0 2 2 2 2 0 0 0 1 1 0 2 0 0 2 1 0 0 2 2 1 0 2 0 2 0 0 2 0 0 1 0 2 0 0 0 1 0 1 2 0 2 0 0 0 2 2 1 0 1 1 2 0 1 2 0 1 0 2 2 0 1 1 0 1 1 1 1 0 0 0 0 0 0 1 0 0 0 2 1 2 1 0 2 0 0 2 1 0 2 1 1 1 2 2 1 2 2 2 2 2 2 0 0 1 1 1 2 2 0 0 1 2 1 2 2 1 2 1 2 0 0 0 1 2 1 2 1 0 2 1
0 2 1 1 1 0 2 0 0 0 2 0 0 0 2 0 2 2 2 1 2 0 0 2 2 1 2 2 2 2 0 2 2 0 0 0 1 0 1 2 1 0 2 2 1 2 2 1 1 2 0 2 2 1 1 0 2 0 2 2 2 0 2 1 1 0 2 0 1 1 2 0 2 2 0 1 1 2 2 2 0 1 1 2 2 2 2 0 1 2 2 0 0 2 0 1 0 0 2 2 2 1 2 2 0 2 0 1 2 1 2 2 2 0 0 1 1 2 1 2 0 1 0 0 0 1 2 1 2 2 0 1 1 0 1 0 0 2 2 0 0 1 0 2 0 0 0 1 1 2 1 1 1 2 2 2 1 2 1 1 2 1 0 1 0 2 2 0 2
1 0 2 1 2 2 1 2 2 0 1 2 1 2 1 0 2 1 2 2 2 1 1 1 2 0 1 1 2 0 1 2 1 0 0 0 2 1 1 2 2 2 0 0 0 1 1 2 0 2 2 2 0 2 2 2 0 1 1 1 1 2 0 0 0 1 0 0 0 1 1 2 2 1 2 2 0 1 2 1 0 2 1 2 1 0 2 2 2 1 0 1 1 0 1 0 1 0 0 1 2 2 1 1 1 0 0 2 0 1 1 0 0 2 2 2 1 2 1 1 1 2 2 0 0 2 1 0 2 0 2 2 2 1 1 1 2 2 1 2 0 2 1 1 2 1 0 1 1 0 0 0 0 0 2 1 0 0 1 0 0 2 2 1 1 1 0 0 1
1 1 2 1 0 1 1 1 2 0 0 0 1 1 0 1 0 0 2 1 2 2 2 1 0 1 0 1 1 1 2 0 0 0 1 0 2 1 2 1 2 2 2 0 2 0 0 2 0 2 1 0 0 2 2 0 0 0 1 0 2 2 1 2 2 1 0 1 2 2 0 1 0 0 2 2 2 2 1 0 0 1 0 0 0 1 0 1 2 2 2 1 2 1 1 2 2 2 1 2 1 2 0 2 0 0 1 2 0 1 0 0 2 1 1 0 0 2 2 2 1 0 1 2 1 2 1 1 1 0 0 1 0 1 0 1 1 2 1 2 1 2 2 1 1 0 2 2 2 1 1 2 2 0 1 0 0 0 2 0 0 2 1 1 1 2 0 1 2
2 0 0 1 0 2 2 1 1 2 2 1 2 1 0 2 0 2 0 0 1 0 2 2 2 0 0 0 1 1 2 0 2 1 2 0 0 0 2 0 2 1 1 1 0 2 1 0 1 0 2 0 1 1 0 1 2 1 1 1 0 1 2 0 2 2 1 0 0 0 0 0 0 2 0 0 1 1 2 1 2 1 2 1 2 2 2 1 0 1 0 1 2 0 2 0 0 0 0 0 2 1 1 0 1 1 0 0 1 2 1 0 0 0 1 0 0 1 2 1 0 0 0 0 0 0 0 1 1 1 2 1 0 1 1 2 2 2 2 0 2 1 1 0 2 0 1 0 2 1 2 2 2 2 0 0 0 1 2 0 0 1 1 0 2 0 0 0 0
0 0 0 2 2 1 2 0 0 2 2 1 2 2 0 2 0 1 0 2 1 0 0 2 2 1 0 0 2 0 1 2 0 1 2 0 0 1 1 1 2 0 2 1 0 1 1 0 2 2 0 0 2 1 0 2 2 0 0 1 0 1 1 2 1 1 0 2 0 1 0 0 2 0 1 2 1 0 1 1 0 2 2 0 0 0 0 0 1 0 2 0 0 1 2 2 0 0 1 1 1 2 1 1 0 0 1 2 1 0 0 1 2 1 2 0 1 0 2 2 1 2 2 2 0 2 1 1 2 0 0 1 0 2 0 1 0 2 1 1 2 2 1 0 0 1 1 1 2 0 1 0 2 1 1 1 1 2 2 1 0 0 0 0 2 0 2 0 0
0 0 0 0 2 1 0 0 2 0 0 0 1 1 0 0 2 1 1 2 2 0 0 2 1 1 2 1 1 1 2 2 1 0 2 0 1 1 1 0 1 2 1 0 0 2 0 0 1 0 0 0 1 1 0 2 2 1 1 1 2 1 1 0 2 1 1 0 0 0 2 1 2 1 2 2 1 0 0 0 1 0 0 2 1 2 2 2 0 1 0 2 1 2 0 0 2 2 2 2 2 2 2 1 0 1 1 2 2 2 0 0 0 1 0 0 0 0 2 0 0 0 0 1 1 1 2 0 0 2 0 2 1 2 1 0 1 0 0 1 0 0 0 0 1 0 0 2 2 0 0 2 1 1 1 2 2 1 0 1 1 0 1 2 1 0 0 0 1
0 1 2 0 1 0 0 0 2 2 2 2 0 2 1 2 1 0 0 2 1 1 1 2 2 1 1 0 2 1 2 0 2 1 1 1 2 1 2 1 1 2 1 2 2 0 1 0 1 2 0 0 0 2 0 1 1 1 1 0 2 1 0 2 0 0 1 2 1 0 1 0 2 0 0 1 1 2 2 2 2 0 2 0 2 0 1 0 1 1 0 1 0 2 1 0 0 2 1 1 0 2 2 0 0 0 0 1 0 2 1 0 2 1 0 2 0 2 2 1 1 1 1 1 1 2 2 1 1 0 0 2 1 1 0 1 1 0 1 1 2 0 1 0 2 0 2 2 2 0 2 1 1 0 0 0 2 2 2 1 0 2 1 2 0 2 1 2 2
2 1 2 0 1 2 0 1 0 0 1 0 0 2 2 0 2 2 0 1 1 0 2 1 2 2 0 1 1 2 1 1 1 0 2 2 1 0 0 1 1 1 2 2 0 1 0 0 1 1 0 0 2 0 1 1 0 1 2 1 1 1 2 0 1 2 2 0 0 1 2 2 2 1 1 1 0 2 2 1 1 2 1 0 0 1 1 0 0 1 2 0 2 1 0 2 2 0 2 2 2 2 2 2 1 1 1 2 1 0 1 2 1 1 0 1 2 2 2 0 2 1 0 1 0 0 1 0 2 1 0 1 1 0 1 0 2 0 2 0 2 1 0 0 2 1 2 2 2 1 2 1 0 0 0 1 1 2 2 1 1 0 0 0 0 2 0 2 0
0 0 2 2 2 0 2 0 2 2 2 1 1 0 1 2 1 2 1 1 1 2 0 2 0 0 0 1 0 2 2 1 1 2 1 0 2 1 1 2 0 1 0 2 2 2 1 1 2 0 2 2 1 2 1 2 0 1 0 1 2 0 0 0 2 2 1 1 0 2 0 1 1 1 1 1 0 0 2 0 1 0 2 0 0 0 2 1 0 1 2 2 1 2 0 1 2 2 0 1 1 2 0 1 1 1 2 2 1 1 0 0 2 0 1 0 1 1 1 1 0 0 0 1 0 1 0 1 0 2 2 0 2 2 1 0 1 1 0 0 0 0 2 0 1 0 0 0 2 1 1 2 2 0 2 0 2 0 2 0 2 1 1 2 1 0 0 0 1
1 1 1 0 0 1 1 1 1 1 1 0 1 0 0 2 2 1 1 1 0 2 1 0 0 1 2 0 2 0 2 0 2 1 1 0 0 0 1 0 2 2 0 0 1 1 2 1 0 2 2 1 1 1 1 2 2 2 0 2 0 0 0 2 2 2 0 2 2 2 2 2 2 0 0 1 2 0 2 0 2 2 1 1 0 0 1 0 2 2 0 0 2 0 0 1 2 0 1 2 2 1 2 2 2 0 1 1 1 1 1 1 0 1 0 1 1 2 2 1 1 0 1 1 0 2 0 1 2 2 0 2 1 0 0 0 1 1 0 0 2 2 2 0 0 2 2 2 2 2 1 0 2 0 2 1 2 1 2 1 0 0 2 2 2 2 0 0 0
1 0 1 0 2 2 2 2 2 1 1 2 0 0 0 1 0 1 1 1 1 0 0 1 0 2 1 2 0 2 1 1 0 0 2 0 2 1 0 2 0 0 0 1 1 0 0 1 1 2 1 2 0 1 1 1 1 0 1 2 2 2 0 2 0 0 0 0 1 2 0 0 2 0 1 1 0 2 2 1 1 1 1 2 2 0 1 1 0 2 0 0 0 1 0 0 2 2 1 1 1 2 1 1 0 1 2 1 0 2 0 0 1 0 0 1 0 1 0 1 1 1 2 1 0 2 2 2 1 0 1 0 0 1 2 1 2 1 0 0 2 1 1 0 1 1 2 2 0 0 1 2 1 0 0 1 1 0 1 0 1 1 1 1 2 0 0 1 0
1 2 2 0 1 0 2 0 2 0 2 0 1 1 2 2 2 1 1 0 1 1 2 2 0 1 2 2 2 0 2 1 0 2 1 1 0 2 0 2 2 2 1 0 1 0 0 0 2 2 1 1 1 0 1 2 2 0 1 2 1 0 0 2 0 0 1 0 2 1 1 2 1 2 0 2 0 2 0 0 1 2 2 2 0 0 2 0 1 1 0 2 0 1 2 0 1 1 1 1 0 0 0 2 2 1 1 0 0 2 0 2 2 2 0 0 1 0 1 0 1 1 0 1 2 0 2 2 2 1 0 0 2 2 2 2 0 2 2 1 2 0 0 2 0 0 0 2 0 1 2 0 0 2 1 1 0 0 0 0 2 1 1 1 0 1 0 1 1
0 2 1 1 1 1 2 2 2 1 1 1 1 1 2 1 2 1 2 1 1 0 1 2 1 1 1 0 1 2 2 0 0 0 1 1 0 0 1 2 2 0 1 0 1 1 2 2 2 2 1 1 0 2 1 1 0 2 2 0 2 2 0 2 0 2 1 0 2 1 0 2 1 2 2 0 1 2 0 1 2 1 2 2 1 1 1 2 1 2 0 1 1 1 1 2 0 0 1 2 1 1 2 2 1 2 0 1 1 1 2 0 2 2 2 1 2 2 1 0 1 2 2 0 0 1 2 0 2 0 0 0 0 2 0 2 1 2 0 2 0 2 1 1 0 1 2 2 0 1 0 1 1 0 1 1 2 2 2 1 2 0 2 0 2 0 0 1 2
0 1 0 1 2 2 1 2 1 0 2 0 0 2 1 1 1 0 0 0 2 2 1 0 1 1 2 0 2 1 2 0 0 0 1 1 2 0 0 1 1 0 2 2 0 1 1 2 2 2 0 2 0 1 2 2 1 2 2 0 0 0 1 2 1 2 0 1 0 1 0 1 1 1 1 2 2 0 2 2 0 2 1 0 2 2 0 0 1 2 1 0 0 0 2 2 0 2 1 1 0 1 0 2 0 2 2 0 0 1 0 1 1 2 2 0 1 2 1 1 0 0 1 0 0 0 2 2 0 0 0 1 0 1 1 0 1 1 1 1 2 2 0 0 0 0 1 1 0 0 0 0 1 1 2 1 2 2 0 0 1 1 2 1 1 1 2 2 2
1 1 1 1 0 0 1 0 1 1 0 0 1 2 1 1 2 0 0 1 2 2 2 1 1 1 2 2 2 2 1 1 2 1 2 2 1 1 2 0 2 0 0 1 0 2 2 2 0 1 2 0 0 2 1 1 2 1 2 1 1 0 2 0 2 2 2 0 1 2 2 0 1 0 0 1 1 2 2 2 0 2 2 1 1 1 1 1 0 0 2 2 1 2 2 1 2 2 2 0 2 1 2 0 0 0 0 1 0 2 0 2 2 0 0 0 1 1 2 2 1 2 1 0 0 1 1 0 0 1 1 0 1 1 1 1 1 1 0 2 1 1 1 0 1 1 2 0 1 2 0 2 1 1 0 2 0 2 2 1 1 1 2 2 2 1 1 1 2
1 0 1 0 2 2 1 0 1 2 2 0 0 0 0 2 0 2 0 1 2 2 0 0 2 2 2 0 1 1 1 2 1 0 2 0 2 1 2 2 1 2 2 1 2 0 1 1 1 1 2 0 1 0 1 2 0 1 2 1 0 1 0 2 1 0 1 2 2 1 1 0 0 1 0 0 0 1 2 1 0 2 2 0 2 0 2 2 2 2 0 2 1 1 0 0 2 1 2 1 2 1 2 2 0 2 0 0 1 2 1 0 1 1 0 1 2 0 0 1 2 1 2 1 2 2 2 1 1 2 0 0 1 1 0 2 0 2 0 2 2 2 0 2 0 0 0 2 1 1 0 0 0 0 0 0 2 2 2 0 2 1 1 0 2 2 0 2 2
0 2 1 2 2 0 2 0 1 1 1 0 0 0 0 0 0 1 1 0 2 2 2 0 1 1 2 1 1 2 0 2 2 2 2 2 0 2 0 2 1 2 0 2 2 1 1 0 0 2 0 0 1 1 0 0 2 2 2 1 1 2 1 1 0 1 2 0 1 2 0 0 2 0 0 0 2 1 0 0 1 2 0 0 0 0 2 0 0 1 1 0 2 1 1 2 2 0 0 1 0 0 1 1 1 1 1 0 0 2 2 2 1 2 0 2 0 2 2 0 0 2 0 2 0 0 2 0 1 2 1 0 0 2 1 1 2 0 0 0 2 2 0 2 2 0 1 2 0 2 1 1 1 2 1 2 0 1 2 2 1 1 0 1 1 2 1 0 2
2 2 2 1 2 1 0 0 1 1 0 0 0 1 2 2 0 1 1 2 1 1 1 0 1 2 1 0 1 0 2 0 2 1 2 1 1 1 1 2 0 2 2 0 1 2 0 2 0 1 2 2 2 0 2 1 0 1 2 0 1 1 0 0 1 0 2 0 2 0 2 2 0 2 2 2 1 0 2 2 0 1 2 2 2 2 2 0 0 1 0 2 1 2 2 0 2 2 0 2 0 0 1 2 0 1 1 1 1 0 1 1 2 0 2 1 2 2 2 2 0 0 2 1 2 0 2 2 0 2 1 0 0 0 2 0 1 1 2 0 1 0 0 0 1 2 2 1 2 2 2 2 0 1 2 2 1 1 2 1 2 1 0 2 1 0 1 0 2
0 0 1 1 1 0 0 1 2 2 0 2 1 0 2 2 0 2 2 1 1 0 1 2 1 2 1 2 0 1 1 1 0 0 0 1 0 1 0 0 1 0 0 2 1 1 2 1 0 1 1 0 0 0 0 1 2 2 1 0 1 0 0 1 1 0 0 1 1 1 2 2 2 0 2 1 1 2 0 2 1 1 2 2 2 0 2 2 0 1 1 1 2 1 0 0 1 1 2 1 0 2 1 2 0 1 0 2 1 1 1 0 0 2 1 0 0 0 0 0 1 1 2 1 0 2 1 1 1 2 0 1 1 2 2 2 0 2 1 2 1 2 0 0 2 1 0 2 1 0 0 1 2 0 2 2 0 2 2 2 1 2 1 0 1 0 2 2 1
0 2 0 0 0 0 0 1 1 0 1 2 1 2 0 1 2 0 1 2 0 1 1 0 0 1 2 1 1 0 0 2 2 1 0 2 2 1 1 1 1 0 2 2 0 2 0 2 0 0 0 1 1 1 2 2 0 1 1 2 1 1 2 1 0 2 1 1 1 0 2 2 0 1 0 0 1 0 1 2 0 1 0 0 2 0 2 0 1 0 0 0 0 2 2 1 2 0 2 0 1 2 0 2 1 0 0 0 2 2 0 2 0 1 2 0 1 2 2 2 0 0 0 0 2 0 0 2 2 2 0 1 1 0 0 1 1 1 1 0 0 1 0 0 0 1 2 1 1 1 0 1 1 2 0 1 2 0 0 1 0 1 2 0 2 0 1 0 1
0 1 2 2 0 0 2 2 2 0 0 0 1 2 2 0 0 0 0 1 1 2 2 2 2 0 2 0 1 0 2 1 0 2 0 1 0 2 0 0 0 1 2 1 1 1 2 2 2 0 1 0 2 1 1 2 1 1 0 0 2 0 2 2 0 0 0 1 2 1 2 0 2 1 2 2 2 1 1 2 2 0 1 1 2 2 2 1 0 2 2 2 0 1 0 1 2 1 2 2 1 2 0 1 0 2 0 1 1 2 0 0 0 1 2 2 1 1 0 2 2 0 0 2 2 1 1 1 2 2 1 0 1 1 2 0 1 2 2 0 2 2 1 0 2 1 2 1 0 0 1 0 1 2 1 1 0 2 2 2 1 1 1 1 0 1 1 2 1
0 0 0 0 1 0 0 0 0 0 2 2 2 2 0 1 0 1 1 1 1 1 2 0 0 1 1 1 2 1 0 0 2 1 2 1 0 0 2 1 0 2 0 2 1 1 0 0 0 2 1 2 2 1 0 0 0 1 2 0 0 0 2 2 2 1 2 2 1 2 2 0 1 2 2 0 2 1 0 2 1 2 0 0 1 1 1 1 2 1 2 1 2 1 1 1 0 0 2 2 2 1 0 0 1 2 2 0 0 2 1 0 2 1 0 1 2 2 0 2 1 2 0 0 1 0 2 1 0 2 1 0 0 1 1 1 2 0 0 0 1 1 0 1 0 2 2 0 1 2 0 1 1 2 1 0 2 1 0 2 0 2 0 1 1 0 0 1 1
1 1 0 0 2 1 0 1 1 1 0 1 1 1 1 1 1 1 0 2 2 1 1 2 2 2 1 0 0 2 0 1 0 0 1 0 0 2 1 2 0 2 1 0 1 2 2 2 1 1 2 1 2 1 1 2 0 0 1 2 2 1 0 0 2 0 1 0 2 0 0 1 0 2 2 2 1 1 1 0 2 1 2 2 2 0 0 1 1 2 0 0 1 1 2 0 2 1 2 2 1 0 1 0 2 1 2 1 0 1 2 0 0 2 0 2 0 1 1 2 0 2 0 1 1 2 0 0 1 2 0 1 0 2 1 0 0 1 2 1 2 1 2 2 1 0 0 2 2 1 2 0 1 2 2 0 0 0 1 1 0 0 0 0 0 1 1 2 2
0 1 2 2 0 1 1 1 2 1 1 1 1 2 0 0 2 1 1 2 2 1 0 0 1 0 1 0 2 0 0 2 1 0 2 2 2 1 1 2 0 0 0 1 0 1 0 2 2 1 2 0 2 2 1 1 0 2 2 2 0 0 2 2 1 1 2 1 1 1 0 1 2 2 0 2 0 0 2 1 2 1 2 2 1 0 1 1 1 1 1 1 1 0 2 2 2 1 0 1 0 1 0 2 0 0 1 1 1 1 2 0 2 2 0 1 0 1 0 2 2 1 0 1 2 0 0 0 0 2 1 0 0 1 0 1 2 2 2 1 1 0 2 1 2 2 0 2 2 1 1 1 0 0 0 0 1 2 1 1 1 0 2 2 2 0 0 0 2
2 1 1 2 1 0 2 2 1 2 1 2 2 0 2 0 2 1 1 1 2 1 0 0 0 2 1 0 0 2 0 2 1 2 0 0 2 0 0 1 0 1 0 0 2 1 0 1 2 0 0 2 1 1 1 2 1 0 0 1 2 0 2 0 0 0 1 0 1 1 1 1 0 2 2 1 0 0 0 0 1 2 0 0 0 1 2 0 1 2 2 1 0 1 2 0 2 1 2 0 1 0 0 1 2 0 0 0 1 1 0 0 0 2 0 1 0 0 1 0 0 1 1 0 0 1 2 0 1 1 1 2 2 2 1 2 2 2 0 1 0 2 2 1 1 2 2 1 0 1 2 1 0 2 2 1 1 2 2 2 1 1 1 1 0 1 1 1 0
1 2 0 0 2 1 1 1 1 1 0 0 0 1 0 0 1 2 2 1 1 1 0 0 1 2 2 2 0 0 2 0 0 0 1 2 2 0 1 1 2 1 2 0 0 0 1 2 0 0 1 0 2 1 0 1 1 0 0 2 0 0 2 1 1 1 0 1 2 0 0 2 1 2 2 2 2 0 2 1 1 0 1 1 1 2 2 0 0 1 0 1 2 0 0 1 1 1 2 1 1 2 0 0 2 0 0 0 1 2 1 1 2 2 0 1 1 0 0 2 1 0 1 2 1 1 0 0 2 0 2 1 0 0 2 2 1 2 0 0 2 1 2 2 1 2 1 1 0 1 0 2 2 1 1 1 2 2 2 0 0 1 2 0 2 1 0 1 1
2 2 1 0 1 0 0 2 1 1 2 0 1 2 0 1 2 1 1 1 0 1 1 2 1 2 2 0 1 1 2 0 1 0 1 0 1 1 2 0 0 2 1 0 0 1 1 2 1 2 1 1 2 1 1 0 1 1 1 0 0 1 1 1 2 0 2 0 2 2 1 0 2 0 0 2 0 2 2 1 1 1 0 1 0 0 0 1 1 2 2 2 0 0 1 2 1 0 1 1 0 0 2 0 1 0 0 2 2 0 0 1 2 1 1 2 1 1 0 0 1 0 2 1 1 0 2 2 1 1 1 2 1 1 2 0 1 1 2 1 2 0 1 1 2 2 1 1 1 2 2 2 0 2 0 2 1 0 2 0 1 1 2 0 2 2 1 2 0
1 0 2 1 2 1 1 1 0 0 0 2 0 2 0 0 1 2 1 1 2 1 0 1 1 1 0 1 2 0 2 1 2 2 0 1 1 2 1 1 0 1 0 1 1 1 2 2 1 0 1 0 0 2 1 1 0 0 0 1 0 0 2 2 2 2 2 0 0 0 1 0 1 2 2 0 1 2 2 0 2 2 1 0 1 1 2 2 1 2 0 2 2 2 0 2 0 2 2 1 2 1 2 0 1 2 1 2 1 1 2 2 0 2 2 0 0 2 2 1 1 0 1 2 0 1 1 1 0 1 2 2 2 2 0 1 1 2 1 0 0 1 0 2 1 2 2 1 1 2 0 1 0 2 0 0 0 2 0 1 0 2 0 1 2 1 0 1 0
2 2 2 1 2 2 0 2 2 2 1 1 2 2 2 1 0 0 2 2 0 0 1 1 1 0 0 0 0 2 0 0 2 0 2 2 2 2 2 1 2 0 0 2 0 2 0 1 0 0 1 1 1 2 2 0 0 0 0 1 0 1 2 0 2 2 2 1 2 1 1 2 2 1 1 0 2 2 1 2 0 0 0 1 0 1 2 1 2 2 0 2 1 0 0 0 2 0 2 1 2 0 0 0 2 2 1 1 2 1 1 0 2 2 2 2 0 2 1 2 1 1 0 0 1 0 0 1 0 0 0 1 1 1 2 1 1 0 0 0 1 1 1 1 2 0 1 2 0 0 0 0 2 0 0 1 0 2 0 2 0 1 1 1 2 0 0 0 1
0 1 1 0 2 2 2 1 1 1 1 2 2 1 1 2 2 0 1 2 1 0 2 2 1 0 2 2 1 0 1 2 2 2 2 1 2 2 2 0 0 2 0 1 0 2 0 0 0 1 2 1 2 2 2 1 0 2 0 1 2 0 1 1 2 1 1 2 0 1 1 2 0 1 0 2 1 1 0 1 0 1 0 0 0 0 2 1 2 0 0 2 0 2 1 0 1 2 2 2 1 1 1 1 0 2 1 1 1 2 0 1 1 1 1 1 2 1 0 2 2 1 1 2 0 0 2 2 0 0 2 1 2 1 1 2 1 2 1 2 2 1 1 0 1 2 0 1 2 1 0 1 2 0 0 0 0 1 0 1 2 0 0 1 1 2 2 2 1
0 1 2 2 2 0 1 0 0 2 2 1 2 0 1 2 1 2 0 0 0 2 2 0 0 2 2 2 1 2 1 1 1 0 1 2 1 2 2 2 1 2 2 2 0 0 1 2 0 0 0 0 2 0 1 2 2 2 1 1 1 2 0 0 1 2 2 0 2 2 2 1 1 2 1 2 0 0 2 1 1 2 2 0 2 1 0 0 0 2 1 2 2 2 1 1 2 0 1 2 0 2 1 2 1 0 2 2 1 1 1 2 1 1 0 1 0 1 1 2 0 1 1 0 0 0 2 0 1 0 0 2 2 2 2 2 0 1 1 2 0 0 1 2 2 2 1 0 0 0 2 1 1 1 1 0 2 0 1 1 1 2 1 1 2 0 1 2 0
0 1 1 1 0 1 1 2 0 1 0 0 1 1 0 0 2 1 2 0 2 1 2 1 2 0 1 0 2 0 0 0 2 2 2 2 0 0 2 0 2 2 1 1 0 2 2 0 0 2 1 0 1 0 0 0 0 1 1 0 2 2 0 1 2 0 2 0 1 1 1 1 1 0 0 1 2 2 2 0 2 0 0 0 0 0 1 2 0 1 2 0 1 1 2 1 2 1 2 0 0 0 2 2 1 0 0 1 0 1 1 2 2 2 0 1 1 0 0 1 1 0 1 0 2 1 2 1 0 1 0 1 2 0 0 0 1 1 1 2 2 2 2 2 2 0 0 0 0 1 2 2 2 1 0 2 0 2 1 0 0 1 1 0 0 2 0 2 0
1 1 1 1 1 0 2 2 1 2 0 0 0 0 2 1 0 1 2 1 0 0 1 2 2 2 0 1 0 0 2 2 1 0 1 0 1 0 0 0 1 0 0 2 1 0 0 0 2 1 1 0 1 0 2 1 0 0 2 1 1 2 1 0 2 0 1 1 1 2 1 0 1 2 2 2 0 0 2 0 1 0 0 0 1 0 2 2 1 1 0 2 2 1 0 1 2 2 1 1 1 0 2 2 1 1 0 1 1 0 2 1 1 2 2 0 0 1 2 0 0 1 2 2 0 0 2 0 0 0 1 2 1 0 2 2 2 0 0 2 1 0 0 0 2 2 1 1 1 1 1 1 2 1 2 0 0 1 0 0 1 0 0 2 1 0 2 1 1
0 0 2 1 1 0 1 1 1 0 2 0 1 1 0 1 0 0 1 1 2 1 0 0 2 1 1 0 1 0 1 2 1 2 1 0 2 0 1 2 1 1 0 0 0 0 1 1 2 2 1 2 1 1 2 0 0 1 1 2 2 0 2 1 0 0 2 0 1 1 2 0 0 2 1 1 1 0 2 0 0 0 2 1 0 2 2 1 0 0 1 0 1 0 2 2 1 2 0 0 0 0 1 0 1 2 1 2 2 2 0 2 0 2 0 0 1 0 0 2 2 1 0 1 1 2 1 0 1 2 0 1 2 2 0 0 1 2 0 1 1 0 0 2 0 2 0 1 0 0 2 0 2 2 0 1 1 1 2 0 1 0 2 0 0 2 2 1 2
2 0 1 1 1 1 1 1 2 1 0 0 0 0 0 2 0 2 1 2 1 2 1 2 1 0 2 2 2 1 2 2 1 0 0 1 2 0 2 2 1 0 0 1 1 1 1 2 1 2 0 2 2 1 1 0 1 1 0 1 0 2 1 2 1 2 0 1 2 1 0 0 1 1 2 0 0 0 0 1 0 1 0 2 2 0 1 2 1 1 0 1 2 2 1 1 2 2 2 2 0 0 1 0 1 0 0 1 2 1 2 0 2 1 0 2 1 2 2 0 1 2 0 0 2 2 2 2 1 1 1 0 1 2 0 0 1 0 2 0 2 0 1 2 1 1 2 0 0 1 1 0 2 1 0 1 0 0 1 2 2 0 2 1 1 0 2 2 0
2 0 0 2 1 0 1 1 2 2 2 2 1 2 1 2 1 0 1 2 1 1 1 2 1 0 0 1 0 0 2 0 1 0 2 0 1 2 2 1 1 1 0 2 2 2 0 0 2 1 2 1 0 1 1 1 2 2 2 2 0 1 2 1 2 0 2 1 0 2 1 1 1 2 2 1 2 2 1 1 1 1 1 1 2 2 2 1 1 2 2 2 1 1 1 1 2 1 0 0 1 1 2 0 1 1 1 0 1 0 2 0 1 0 2 0 0 1 0 0 1 2 2 2 1 0 1 2 0 2 2 1 0 2 1 2 0 2 0 2 2 1 0 1 1 2 2 0 1 2 0 2 2 2 2 2 1 1 1 1 0 1 2 2 1 0 1 2 0
0 0 0 1 0 1 0 0 1 0 1 2 0 2 1 0 2 0 1 0 2 0 1 2 2 0 0 0 2 2 1 2 0 1 0 1 0 1 1 1 2 0 0 0 2 0 1 1 1 0 2 2 0 1 1 2 2 1 0 1 1 1 2 2 2 2 1 0 1 2 2 2 0 1 2 0 1 1 2 0 1 2 2 1 0 0 1 0 2 2 2 2 0 1 2 0 1 0 1 1 0 0 0 0 1 0 1 0 1 1 1 0 1 0 1 0 2 0 0 1 0 2 0 0 1 0 1 1 0 2 0 0 2 1 1 2 1 0 2 2 1 0 0 1 1 1 1 1 2 1 2 0 2 1 0 0 1 2 2 0 1 2 0 1 0 2 0 2 0
0 2 2 1 2 0 0 1 2 1 1 1 1 1 0 0 1 1 2 0 1 2 2 1 0 1 0 0 2 2 1 0 2 1 2 1 2 0 0 0 2 1 1 1 0 2 1 2 0 0 1 2 1 1 1 2 0 2 2 0 1 1 1 0 0 1 0 0 2 1 0 1 0 2 0 1 1 1 1 0 2 0 2 1 1 1 0 2 0 0 0 2 2 2 0 0 1 1 0 1 2 2 2 0 2 0 1 1 2 0 1 1 0 1 1 0 0 1 0 1 1 1 0 1 0 2 1 2 0 0 0 0 0 0 1 2 0 2 0 2 0 2 2 1 1 0 1 2 1 1 0 1 2 2 2 1 2 2 0 2 0 1 0 0 1 1 0 0 2
2 2 2 1 1 0 0 1 0 0 1 1 2 2 2 2 2 1 1 2 1 1 2 0 2 0 0 1 1 0 0 0 2 0 2 2 2 1 1 2 1 0 1 0 2 1 2 0 2 1 0 2 0 0 2 0 1 0 2 0 0 1 1 1 1 1 1 1 2 2 1 0 0 0 2 0 2 2 1 0 1 2 2 1 0 2 1 1 1 0 0 1 1 1 0 1 2 1 2 2 2 1 1 0 2 0 0 2 2 2 2 0 2 2 2 2 0 0 1 1 2 2 0 1 1 1 2 1 0 0 1 2 2 2 2 2 0 1 1 2 1 1 1 0 1 0 0 1 2 2 0 2 2 1 0 0 0 1 1 0 2 0 1 1 0 0 0 0 2
1 1 0 0 0 1 2 0 1 1 0 1 2 2 1 0 1 1 1 2 0 1 2 1 2 0 1 1 1 0 0 0 1 2 2 1 0 2 2 0 0 0 2 2 0 0 0 1 1 1 1 2 1 0 1 1 1 0 2 0 1 1 2 2 0 1 1 1 0 0 1 1 1 0 2 2 0 0 1 2 2 0 2 1 1 1 2 1 2 0 2 0 2 1 2 2 0 1 0 0 2 0 2 0 0 2 0 2 2 2 1 2 0 1 0 2 0 1 1 0 2 1 1 1 0 1 0 1 0 1 1 0 1 1 0 0 0 1 2 0 1 1 2 1 1 1 1 2 0 0 2 2 1 0 0 1 0 1 2 0 2 2 0 2 1 1 0 0 0
0 1 1 1 1 0 2 2 2 1 2 2 2 1 1 2 2 0 2 0 1 0 1 0 1 1 2 0 1 2 0 1 0 0 0 2 0 0 2 0 2 0 0 1 2 1 2 2 0 2 2 1 0 1 2 1 2 1 2 0 1 0 2 2 0 0 2 1 1 2 2 0 2 2 0 1 2 2 1 2 2 1 0 2 0 0 2 0 1 1 1 0 2 2 0 2 2 0 2 1 2 2 2 2 2 2 2 1 2 0 1 2 2 2 2 0 2 1 0 1 1 2 2 0 1 0 1 0 1 0 2 0 2 2 1 1 1 0 1 2 0 2 2 0 2 1 0 2 1 1 1 2 0 1 2 2 2 0 0 0 1 1 2 1 0 0 0 2 0
2 1 1 2 0 1 1 0 2 2 1 0 0 0 2 2 0 2 2 1 0 2 0 1 2 2 1 2 0 1 0 2 0 2 1 2 1 1 2 1 0 0 2 1 1 2 1 1 1 1 0 0 1 1 1 1 0 1 1 0 0 2 0 0 2 1 0 1 2 2 0 0 2 1 0 0 0 1 2 0 2 2 0 0 1 2 2 1 1 1 2 1 1 2 0 1 2 0 2 2 0 0 0 0 1 0 1 2 2 1 2 2 1 0 0 0 0 1 2 1 2 0 1 1 2 1 2 1 2 2 2 2 0 2 1 2 0 2 2 0 1 1 0 2 0 1 0 0 2 0 1 2 0 0 0 0 1 0 0 1 0 2 1 0 2 2 0 0 2
0 0 0 2 1 1 2 2 1 2 0 1 2 2 2 2 0 0 2 1 0 1 1 0 0 0 2 0 0 2 0 1 0 1 0 1 0 0 1 1 0 1 0 2 2 0 0 0 0 2 1 1 0 0 1 0 1 0 1 1 0 0 2 0 2 0 2 2 0 2 0 1 0 1 1 0 2 1 0 0 1 0 0 2 1 1 1 2 0 2 1 0 2 1 2 2 1 2 1 2 1 2 1 0 1 2 0 0 2 2 2 0 2 2 0 0 0 2 0 1 1 1 0 2 2 0 1 0 2 1 0 1 0 1 1 1 2 1 0 2 1 2 2 0 1 0 1 2 2 1 1 2 0 2 2 2 2 1 0 1 0 1 2 0 1 0 0 0 0
1 2 2 1 2 0 2 1 2 2 1 2 0 1 2 0 1 0 2 1 1 1 1 2 1 0 0 0 1 1 0 2 1 0 0 2 1 0 0 1 2 2 1 1 1 1 1 0 1 1 1 2 0 0 0 1 0 0 1 1 0 2 1 1 0 2 0 1 2 1 0 2 1 1 0 0 0 2 0 2 1 2 0 1 0 0 2 0 1 1 2 1 0 1 0 1 0 1 0 2 0 0 1 2 0 0 2 1 2 2 0 0 2 1 1 2 1 1 0 0 2 2 2 1 0 0 0 0 2 0 0 0 2 0 2 0 0 1 2 0 1 0 1 1 2 0 1 0 1 2 1 2 1 1 1 0 1 1 1 1 0 0 1 0 0 0 1 1 2
0 2 2 0 0 1 2 1 2 1 0 1 2 2 1 1 1 2 0 1 0 1 2 1 1 0 1 2 1 0 0 2 0 2 0 1 1 0 2 0 2 0 0 1 0 2 1 0 1 1 1 2 0 1 1 1 1 0 1 0 2 1 0 2 1 0 1 2 1 1 0 0 1 1 0 2 1 1 2 0 0 1 0 0 2 2 0 1 0 2 2 2 1 2 0 2 2 2 2 2 0 0 2 2 2 0 2 0 1 2 1 1 1 2 0 0 2 0 2 2 0 1 0 1 1 1 1 1 0 0 0 0 0 1 0 0 1 0 2 1 2 1 0 0 1 0 1 0 1 1 0 1 2 1 0 1 2 1 0 0 2 1 1 1 2 2 1 1 0
0 2 0 2 0 2 0 1 0 0 0 0 2 0 0 0 0 2 0 2 0 1 2 1 0 0 1 0 2 0 1 0 0 1 0 0 0 1 2 2 2 0 2 2 0 0 2 1 2 0 1 2 2 1 1 2 1 0 0 1 0 1 2 0 0 0 1 1 1 1 0 1 1 0 0 2 1 1 0 1 1 0 2 1 1 0 1 2 1 1 2 1 0 1 2 1 2 0 2 1 1 1 1 0 2 2 2 0 0 1 0 0 1 2 1 2 0 0 2 1 0 1 0 1 0 2 2 0 0 2 2 2 0 0 0 0 0 0 1 1 2 1 2 0 1 0 0 1 2 0 2 2 0 2 0 1 2 0 2 0 2 1 0 1 2 1 2 0 2
1 1 1 1 0 2 2 2 2 1 2 1 1 1 2 2 2 0 2 2 2 2 2 1 0 1 1 2 0 2 1 0 0 1 1 2 0 0 2 1 2 2 0 2 0 2 2 0 2 1 0 2 2 0 0 2 2 0 2 0 2 2 0 0 1 1 0 1 0 0 0 0 2 0 0 0 2 2 0 2 1 0 2 0 1 0 0 1 0 1 1 2 1 2 0 2 0 1 1 1 2 2 0 1 0 0 2 0 0 2 2 1 1 2 2 0 2 2 1 0 1 2 2 2 1 0 2 0 2 1 2 1 1 2 0 1 0 2 1 1 0 1 0 2 0 2 2 0 2 0 1 1 0 0 0 0 2 1 1 1 2 0 0 1 1 0 2 2 1
2 0 1 1 0 0 2 0 0 0 2 1 1 0 1 2 2 2 1 0 0 0 0 2 0 1 0 2 1 2 0 0 0 2 2 1 0 2 1 0 0 0 1 1 1 0 1 1 0 0 1 0 1 1 0 0 0 0 2 1 0 0 2 1 2 2 2 2 1 1 2 1 2 1 0 1 1 1 2 2 2 1 0 1 0 0 1 0 2 1 1 0 1 1 2 0 0 2 0 2 1 0 1 1 1 2 2 0 2 2 0 1 0 0 0 0 1 2 0 1 0 2 2 1 1 2 2 2 2 0 0 0 0 2 1 1 2 1 2 1 0 2 0 0 0 1 1 2 0 2 2 2 2 2 1 1 1 1 1 0 1 2 2 0 2 0 1 2 2
1 0 0 1 0 2 2 2 0 0 0 1 2 2 1 1 0 0 0 2 1 1 2 2 0 2 1 2 1 0 2 1 1 0 2 1 2 0 2 0 0 2 2 2 2 0 1 0 0 2 1 1 0 1 0 2 0 2 2 2 0 2 0 1 2 1 1 2 1 0 0 1 0 2 1 0 2 2 0 2 2 2 1 2 0 0 2 1 2 2 1 1 1 2 2 1 0 1 0 1 1 0 2 1 0 1 1 2 1 0 1 0 0 0 1 1 0 0 0 1 0 1 0 2 1 2 0 2 1 1 1 0 1 1 0 2 0 2 1 1 2 0 2 1 1 1 2 2 1 2 1 2 2 1 2 1 2 0 0 0 2 2 1 1 1 1 1 2 1
2 0 1 1 0 2 0 2 2 2 2 0 2 1 2 0 1 1 2 2 2 0 2 2 0 0 1 1 1 0 0 2 1 2 0 0 2 0 2 2 0 1 2 2 0 2 1 2 0 1 2 0 2 1 2 2 0 0 1 2 0 2 1 0 2 2 0 1 0 2 1 1 1 1 1 2 0 2 2 1 1 2 2 1 1 2 1 2 0 2 2 1 2 1 1 1 1 1 1 1 1 2 0 0 1 0 2 2 2 1 2 1 1 1 0 1 1 1 0 1 2 0 1 2 2 2 2 1 2 0 2 1 0 1 1 2 1 1 0 1 0 2 1 0 1 1 1 2 1 2 2 1 1 0 0 0 0 0 1 2 0 1 1 2 2 0 1 1 1
1 1 0 1 2 0 2 1 2 2 2 2 1 1 0 2 0 1 2 0 0 2 2 2 1 2 2 2 1 2 1 1 0 1 2 2 2 2 0 2 2 1 0 1 0 1 0 1 1 2 2 1 2 2 1 1 1 2 0 2 1 2 0 2 1 0 2 1 0 0 2 2 1 2 0 0 1 1 1 2 0 1 2 0 0 0 2 1 0 0 2 2 2 2 1 1 0 0 1 0 1 0 0 0 0 1 1 2 2 0 2 1 1 2 2 0 2 1 2 1 2 1 0 1 2 2 1 2 0 2 1 1 0 2 0 1 1 1 0 1 1 0 2 1 2 1 2 0 0 1 2 2 1 2 2 0 2 1 0 0 1 1 2 1 1 2 0 0 1
0 1 0 2 2 1 2 1 0 0 2 0 2 2 1 2 2 1 1 0 1 2 1 1 2 0 0 1 0 1 2 2 2 1 1 2 2 1 1 1 2 1 2 1 0 0 0 1 2 0 1 1 2 1 2 1 1 0 1 2 1 1 1 2 2 0 1 0 1 2 2 1 0 1 0 2 1 1 0 1 2 2 2 2 0 0 1 2 0 2 1 0 2 0 2 1 1 0 1 0 1 0 2 2 1 0 1 0 1 2 1 1 2 1 1 2 2 0 2 2 1 0 2 0 1 2 1 0 0 1 1 2 1 1 1 1 1 1 1 0 1 1 2 0 0 1 1 2 2 0 2 1 2 0 2 1 2 1 2 0 2 1 2 1 0 2 2 2 0
1 2 1 2 0 0 2 1 1 2 1 1 2 2 1 2 2 0 2 1 0 0 0 1 2 2 2 1 2 1 2 1 0 2 1 0 2 2 0 0 1 1 2 1 2 1 1 1 2 1 2 2 1 1 1 1 0 0 1 0 1 0 2 1 2 0 0 2 0 1 2 2 2 0 1 1 2 0 1 1 1 1 1 0 2 2 1 0 2 2 0 0 1 0 2 1 0 0 1 1 1 1 1 2 1 0 1 1 0 2 0 2 1 1 2 0 1 2 1 0 1 1 1 0 1 2 2 0 2 1 2 2 2 1 1 2 1 2 0 0 2 1 2 1 0 0 1 2 2 0 0 1 2 2 2 2 1 2 0 1 0 0 0 2 2 2 1 1 2
0 1 2 1 2 0 2 2 2 1 1 0 2 2 1 2 2 1 0 1 1 2 2 2 0 0 1 2 1 2 2 1 2 1 0 1 2 0 0 2 2 2 0 2 1 1 1 1 2 2 0 1 2 1 0 0 1 2 0 2 2 1 2 1 2 0 0 2 1 0 2 1 2 2 1 1 2 0 0 2 0 2 1 2 0 2 0 1 2 2 1 2 0 0 1 0 2 1 0 0 1 0 2 1 1 1 2 0 2 1 2 2 0 1 0 0 1 1 1 1 0 0 0 1 1 1 2 1 2 2 1 1 0 2 0 2 0 0 2 2 1 2 2 2 1 2 2 0 1 1 1 2 2 2 1 1 0 0 0 0 0 1 2 1 0 2 0 1 0
0 1 2 0 1 2 2 0 2 0 2 1 2 2 1 1 0 0 2 1 0 0 2 0 2 1 1 2 2 0 2 0 1 2 1 2 2 0 1 2 1 0 1 0 0 1 1 1 1 1 2 0 1 0 1 1 1 2 0 1 0 0 1 2 1 2 2 1 0 1 1 1 0 2 2 0 1 1 0 0 2 2 1 0 0 2 1 1 2 2 1 0 1 2 0 2 0 2 0 1 2 1 1 2 1 0 0 0 2 0 1 1 1 0 0 1 0 1 1 2 2 2 2 0 1 0 2 2 1 0 1 0 2 2 2 0 0 0 1 2 1 0 2 2 0 2 1 0 1 2 0 0 1 0 1 1 1 1 1 2 1 2 0 1 2 0 0 1 0
1 0 1 0 0 1 0 2 0 1 2 0 2 0 0 0 2 1 2 0 2 2 0 0 2 2 0 2 2 1 0 2 0 2 2 0 2 2 1 0 1 0 0 1 0 0 2 0 2 1 2 0 1 0 0 1 2 1 1 2 1 2 1 1 1 0 2 1 0 0 1 2 0 2 1 2 0 0 2 0 0 2 0 2 2 1 0 2 2 2 1 0 1 0 2 1 1 2 2 1 2 1 1 1 1 0 0 1 1 0 1 2 0 2 1 0 0 0 2 0 2 1 1 1 1 1 0 2 0 2 2 2 1 1 1 0 1 1 2 1 0 1 0 1 1 0 1 2 0 1 0 2 2 2 1 2 1 2 2 2 0 2 2 1 1 1 0 0 0
0 1 0 1 0 1 0 0 0 1 1 1 1 1 1 1 1 1 2 0 1 2 0 0 2 0 1 0 0 0 0 0 1 1 2 2 0 1 2 0 2 1 2 1 0 1 0 1 0 0 1 1 0 0 0 2 0 2 0 0 2 0 1 2 2 0 1 0 1 1 1 1 0 1 0 0 0 0 2 0 1 2 0 2 2 1 2 2 0 2 0 0 1 2 0 0 2 1 1 2 0 0 1 1 2 1 2 0 2 2 0 2 1 1 1 0 2 1 0 1 1 1 2 2 0 2 1 0 0 2 0 1 0 2 2 0 1 2 0 2 1 2 1 2 0 2 0 1 1 1 2 0 2 1 2 0 0 0 1 1 1 1 2 2 1 2 0 0 2
0 0 0 2 1 1 1 1 2 2 0 1 1 1 1 2 0 2 0 2 0 1 1 2 2 0 2 1 0 0 1 2 0 0 2 1 2 0 2 1 2 0 0 0 1 2 0 0 1 1 0 2 0 1 1 0 2 1 1 1 1 1 0 1 2 2 0 1 1 1 2 0 1 1 2 1 0 0 2 1 2 0 0 0 1 2 0 1 1 2 2 2 0 0 2 2 1 2 1 2 1 2 2 1 0 2 2 0 0 2 1 2 2 2 0 1 1 0 2 0 2 0 1 1 0 0 1 1 0 0 0 2 2 1 0 2 0 0 2 1 2 1 1 2 1 1 0 0 1 2 1 2 2 2 0 1 0 1 2 1 1 1 1 0 0 1 0 1 2
2 0 2 1 2 1 2 1 1 0 0 2 2 2 1 1 0 0 2 2 1 1 1 2 0 0 0 1 0 1 2 1 2 1 0 0 0 1 1 1 1 2 1 0 2 1 2 0 1 2 0 2 0 0 2 0 0 2 0 1 2 2 0 2 1 2 2 1 0 1 1 1 1 2 2 1 0 2 1 0 2 2 2 2 2 2 1 0 2 1 2 1 1 0 1 2 2 1 2 0 0 0 1 1 0 1 2 2 1 1 2 0 0 2 0 0 1 1 1 1 0 1 0 2 2 2 2 1 1 2 1 1 0 0 2 0 2 2 2 0 0 2 1 2 2 1 2 1 0 2 0 1 0 1 1 2 0 1 1 1 0 0 0 0 0 2 1 0 2
2 1 0 1 2 2 1 0 2 0 1 1 0 0 1 1 1 1 0 2 2 2 2 2 0 0 0 0 1 0 0 0 1 1 0 0 0 1 2 0 1 0 2 2 0 1 1 1 0 1 1 2 2 1 0 2 1 0 0 1 1 0 1 0 2 1 2 0 0 1 1 1 1 0 1 0 2 0 2 2 2 1 0 1 2 0 1 2 1 2 0 2 0 1 1 0 1 0 0 2 1 1 1 0 2 0 1 0 1 1 0 0 2 0 0 2 1 1 1 0 1 1 0 2 1 1 0 2 2 0 2 1 0 0 0 0 0 1 0 1 2 1 0 2 2 1 2 2 2 0 0 1 0 1 1 1 1 1 1 0 2 0 2 0 1 0 1 2 1
2 1 2 0 2 1 1 0 0 1 1 2 1 0 0 2 1 2 0 0 1 2 2 2 2 0 0 2 2 2 0 1 2 0 0 1 2 2 2 0 0 0 2 1 1 0 1 2 2 0 0 0 2 0 2 1 1 0 0 0 0 1 2 2 2 0 1 1 2 1 2 2 2 0 1 0 0 2 0 0 2 1 0 2 1 1 0 0 1 1 0 1 0 0 2 0 0 0 2 2 2 1 2 1 1 0 2 2 1 0 0 1 1 1 1 2 2 1 2 1 0 1 1 1 1 0 1 0 1 0 2 0 1 0 2 1 0 2 0 2 2 0 1 0 2 0 0 2 1 1 0 2 2 1 1 1 2 2 1 0 0 2 1 0 2 0 1 0 0
1 0 2 2 2 0 1 2 1 1 1 2 0 1 2 1 2 0 2 0 2 2 0 2 2 1 1 0 2 1 1 1 2 0 1 1 2 1 0 0 2 2 0 2 1 2 2 1 2 1 2 2 1 1 1 0 2 0 2 2 0 0 0 2 1 2 1 0 1 2 0 0 2 0 1 1 0 1 0 1 0 2 0 1 0 0 0 0 0 2 0 0 0 1 1 1 1 0 2 2 2 2 0 0 1 2 1 1 0 2 2 0 0 1 2 0 1 0 1 2 2 2 1 2 1 2 2 2 2 1 2 2 0 0 2 2 0 2 1 0 1 1 1 1 2 0 0 1 1 2 1 1 2 2 2 1 1 1 0 1 2 0 0 0 1 1 0 1 0
2 2 2 0 0 1 0 1 2 2 0 2 0 1 1 0 0 0 2 2 1 0 1 2 2 0 1 0 0 0 0 2 0 0 0 0 2 0 1 1 1 2 1 1 1 0 0 2 1 2 0 0 1 1 2 0 2 1 1 2 2 2 2 2 2 0 2 2 1 2 1 2 1 2 2 0 1 2 0 0 2 1 0 1 2 0 2 0 2 0 2 1 2 2 1 0 0 0 2 1 0 0 2 0 1 1 0 0 1 1 0 0 2 1 0 0 1 2 0 1 0 0 2 0 0 1 0 0 0 0 0 0 2 2 1 1 0 2 1 1 1 2 2 1 0 2 2 2 2 0 1 0 0 1 1 1 0 0 2 0 0 2 1 0 1 0 1 2 0
0 1 1 0 1 2 1 1 2 1 0 2 0 1 0 1 0 2 2 1 1 2 2 2 2 0 0 2 2 1 2 1 2 0 1 0 1 0 2 0 2 0 1 2 0 1 0 0 1 1 2 2 0 1 2 2 1 1 2 2 2 2 0 1 0 2 0 2 2 0 0 2 1 1 1 1 0 0 2 1 1 1 2 2 0 2 0 1 0 2 1 2 2 1 2 0 1 0 0 1 0 0 2 2 0 0 1 0 1 0 0 0 2 0 1 2 2 1 1 0 1 1 0 1 2 0 2 1 0 2 1 1 1 0 1 1 1 0 2 1 0 2 1 0 0 2 0 0 1 2 1 1 0 2 2 0 0 0 0 1 2 1 1 0 2 0 2 0 0
