3 170 19
1040782550 186814746 757751416 621556875 1084312525 696393851 632547426 397252549 174108852 887883813 350721454 407522442 51510652 1034518970 176451703 1115089140 620314257 620345820 711956475 1134240308 1010762719 312760112 383453948 76642559 652571613 257731706 268939805 759749395 1003735089 555562185 287010623 1068117134 689918060 947344827 1017981420 873073176 634918353 343068136 978610545 931358785 116197655 858385274 293452847 146908116 1009575372 171226774 507541842 364546991 724101279 270077095 143562668 127229198 893971841 238086425 919825362 381477937 1062978046 260904484 649022174 1034304882 625421680 1025858869 750223604 371539247 448935115 55480304 871169882 563451417 59786232 267637607 809354597 1119926153 621757063 227251688 296095244 991605571 526385249 455482749 899593184 659731069 1015987361 183468327 231703035 1094285206 371877319 1002258635 1049314276 341954753 215130256 988639371 1155423759 988821381 920928674 785235859 924483894 956145780 56026683 1116318493 272586478 449389410 455327625 952309644 1024914178 4371921 155806063 627144258 869271526 1129338838 711898284 189682989 884619876 235147069 364626687 288797089 689019943 1049850587 410376752 681651619 472933278 877816061 209927798 530038243 518406955 283434794 463469305 315970011 568606799 816386395 958734373 305142335 539256892 732650393 315237255 766030505 265084587 1060950720 565579792 530894785 673316950 768691104 21210321 53411830 1038407083 215588495 902720132 263849448 1008896236 765744064 89028482 264162252 427319567 449531571 1110270243 255707191 776760683 303164860 1126114872 264844574 666955900 406940092 111690317 652274997 715550213 354518101 135550788 1136475587 442383295 576267913 880689521 906242451
1 1 0 1 1 1 1 1 1 0 0 0 2 0 1 1 2 2 1 0 1 1 2 1 1 1 1 2 1 2 2 1 1 0 2 2 2 0 1 0 1 2 2 1 0 0 2 2 0 1 1 2 0 1 1 1 2 0 0 1 2 1 2 1 1 1 1 2 2 0 0 1 2 2 2 0 0 2 0 0 0 2 1 0 0 2 2 0 2 1 2 2 0 2 0 2 2 2 1 1 0 2 2 0 1 1 1 2 0 2 0 1 2 1 2 0 1 0 1 1 1 1 1 2 0 2 1 2 2 0 1 0 2 1 1 1 1 2 0 2 2 2 1 2 0 1 0 2 1 2 0 0 0 2 2 1 2 1 2 1 2 1 2 1 2 0 2 0 0 1
0 0 0 2 0 1 0 0 0 0 0 2 0 0 1 1 2 1 0 2 1 2 0 0 1 2 1 1 1 1 0 1 2 0 0 0 2 1 1 0 1 2 0 0 2 0 2 2 1 2 2 0 2 2 1 0 2 0 2 1 1 0 2 2 1 0 2 1 1 1 0 1 0 0 1 1 1 1 1 1 0 1 1 0 0 2 1 0 0 0 1 0 1 1 2 0 2 2 1 2 0 1 0 2 0 2 0 1 0 2 0 1 0 2 1 2 2 2 0 0 0 0 0 2 2 0 2 2 2 1 1 0 0 1 2 1 1 0 2 2 1 0 0 2 0 2 1 2 1 0 0 2 0 0 1 2 0 1 2 0 0 0 1 1 2 1 2 0 0 2
2 1 0 0 0 1 2 0 1 1 0 2 1 1 1 0 1 1 2 1 0 0 1 2 1 1 0 1 2 1 1 2 2 2 0 0 0 0 1 2 2 1 0 0 2 1 2 1 2 2 2 0 2 1 2 1 0 1 0 2 2 1 2 0 1 0 1 0 1 2 0 0 0 0 2 0 1 1 1 2 1 1 2 0 0 0 2 0 1 2 0 1 1 0 1 0 1 2 0 2 1 0 0 2 2 2 0 0 1 2 2 2 1 2 0 2 0 2 2 1 2 0 0 1 0 2 2 2 2 2 2 1 0 0 1 2 0 2 1 2 2 0 2 0 0 0 0 0 0 0 2 1 0 0 2 2 0 2 1 2 2 1 1 2 1 0 0 1 2 2
1 1 2 2 2 1 0 2 2 1 2 2 2 2 0 2 2 0 1 1 2 0 2 1 1 1 2 2 0 1 1 2 0 1 2 2 2 2 2 2 1 1 2 1 1 2 1 1 0 0 2 2 1 2 1 2 0 0 2 0 2 0 0 2 2 0 2 2 0 1 2 2 0 1 0 2 0 1 1 0 2 1 1 1 1 0 1 1 2 1 2 2 2 1 2 2 1 1 2 2 1 1 2 1 1 2 1 1 1 2 0 2 1 2 0 2 0 2 1 0 0 1 0 0 0 2 2 2 1 2 2 0 2 1 2 0 1 0 2 0 1 2 2 2 2 0 0 0 2 1 1 1 0 1 1 0 0 1 1 0 2 0 0 1 2 0 1 0 2 0
1 0 1 1 0 0 1 0 1 2 2 0 0 0 2 2 1 1 1 0 1 0 0 2 1 0 1 0 1 0 1 0 0 0 2 0 1 1 2 1 1 2 2 1 2 1 0 1 2 0 1 1 0 2 1 0 0 2 0 1 2 2 0 0 2 0 1 2 1 0 0 0 2 2 2 0 0 1 1 0 1 1 1 2 1 0 2 1 0 1 1 0 1 1 0 2 1 2 1 0 0 1 1 1 1 2 1 1 0 0 2 2 1 2 1 2 2 2 1 0 0 0 0 1 1 2 0 0 1 2 1 2 1 0 0 2 0 1 1 0 2 1 0 0 0 1 1 0 0 0 1 1 0 2 1 2 1 1 2 0 2 1 0 0 1 1 0 2 0 2
2 0 0 2 1 1 2 2 1 0 0 0 2 1 2 0 0 2 2 0 0 1 2 1 2 1 0 0 1 1 2 1 1 2 2 2 0 1 0 2 1 0 0 1 2 0 1 0 0 1 1 0 0 0 0 0 2 0 0 0 1 2 2 2 0 2 2 1 1 2 1 2 0 1 1 0 2 0 0 0 2 2 2 0 2 2 0 2 0 1 0 2 1 0 2 2 2 1 1 0 1 0 1 2 2 0 0 0 0 1 0 0 1 0 1 1 2 1 0 0 0 2 2 0 2 1 0 0 1 1 0 0 2 2 0 2 2 0 0 1 1 0 2 0 2 1 2 1 0 0 0 1 2 2 2 0 2 2 0 0 2 1 0 1 1 0 1 1 0 1
0 2 0 0 0 2 1 2 1 2 2 1 1 0 1 1 0 0 0 0 0 0 2 1 0 1 1 1 0 2 0 1 1 1 0 2 0 1 2 1 1 0 0 2 0 2 1 1 0 0 2 1 0 1 2 0 0 0 2 1 2 0 2 1 2 0 2 2 2 1 1 1 2 2 2 0 2 0 1 2 0 0 0 1 0 2 2 0 0 2 2 2 0 1 2 2 2 1 2 2 0 1 0 1 1 0 1 1 1 1 0 1 2 2 0 2 2 1 0 0 0 2 0 2 2 2 1 2 1 2 1 0 1 2 1 2 0 0 1 2 2 0 1 2 2 2 2 1 1 0 2 1 2 0 1 1 0 0 1 2 0 0 2 1 1 1 0 1 2 0
1 2 0 2 1 0 2 0 2 0 1 2 0 1 2 1 0 2 2 2 2 2 2 2 0 0 0 2 2 1 2 1 0 0 1 1 0 0 2 2 2 1 2 2 0 1 1 0 2 2 0 1 1 1 2 0 2 0 0 0 1 0 1 1 0 2 0 0 1 0 0 1 2 0 1 2 2 2 0 1 1 2 1 1 0 1 1 0 1 2 0 0 2 0 1 2 2 2 0 1 0 1 0 0 1 1 0 2 2 1 1 0 0 2 2 1 0 1 2 2 0 0 0 2 0 1 2 1 1 2 0 2 1 1 2 0 2 0 2 2 2 1 1 2 1 0 2 2 2 1 2 0 2 0 1 0 2 0 2 1 0 2 1 2 1 2 2 2 2 2
1 1 1 2 2 2 0 1 2 0 0 2 1 2 2 2 0 2 0 0 1 1 1 2 0 2 2 0 1 2 0 0 1 1 2 0 2 0 1 1 1 2 2 0 2 1 2 0 1 0 1 2 1 0 0 2 2 2 0 1 1 1 2 0 0 2 1 0 1 1 1 2 0 1 2 0 0 2 1 1 2 0 2 2 0 2 1 0 1 2 2 1 1 1 2 2 2 0 2 0 1 1 2 0 0 2 0 1 2 2 0 2 0 2 2 0 2 1 2 1 1 1 0 2 1 2 2 0 0 1 1 0 1 0 0 1 0 1 0 0 1 0 1 1 0 0 0 2 2 2 1 2 1 1 1 2 1 2 0 0 0 2 1 2 0 2 0 1 0 0
0 1 2 2 1 2 0 1 2 0 1 1 2 2 0 1 0 0 0 0 1 2 1 2 1 2 2 0 0 2 1 1 2 0 0 0 0 1 2 0 2 0 2 2 0 0 1 0 0 2 2 2 2 0 2 0 2 1 1 0 2 0 2 2 1 0 0 2 1 2 2 1 0 2 0 0 2 2 1 1 2 0 0 1 0 1 2 0 2 2 0 2 0 0 1 1 1 1 0 0 1 0 2 1 2 2 0 0 2 1 1 1 2 2 0 0 0 1 0 1 0 1 0 0 2 0 1 0 2 0 0 2 1 2 1 1 0 1 2 2 2 1 2 2 0 0 2 2 1 0 1 2 2 2 0 1 0 0 2 0 1 2 2 2 0 0 0 1 0 0
1 0 1 0 0 0 2 0 0 1 1 1 1 1 0 2 0 1 0 2 2 1 2 2 1 0 0 2 1 0 0 0 1 1 1 1 2 0 1 2 0 0 0 2 2 2 1 2 1 2 2 0 0 2 0 1 0 0 1 2 1 2 0 2 0 2 1 1 1 0 0 1 1 2 0 1 1 1 1 0 1 0 1 2 0 1 1 2 1 0 2 0 2 2 2 1 2 1 2 0 2 2 1 1 2 1 2 0 1 0 0 2 2 2 2 0 0 1 2 0 2 1 0 2 1 0 1 1 1 0 1 1 0 1 2 0 0 2 1 1 0 0 2 2 2 1 0 0 0 0 0 0 2 1 0 1 1 1 2 1 2 2 0 0 0 0 0 0 2 0
0 0 0 2 0 2 1 1 0 2 2 1 0 2 0 1 1 2 0 1 1 2 0 2 2 1 0 1 0 0 1 1 0 2 0 1 1 2 2 0 2 2 2 0 1 0 1 0 1 1 2 2 1 0 2 2 2 2 0 0 2 2 1 0 1 2 1 0 1 2 1 1 2 1 1 1 2 1 2 0 0 2 1 2 2 1 2 1 1 2 2 1 2 1 2 1 0 2 1 0 1 1 2 1 0 1 2 2 2 2 1 0 1 2 0 1 0 2 0 2 2 0 1 2 1 0 0 0 2 2 1 1 0 0 2 0 1 0 0 2 2 1 0 1 1 1 0 1 1 0 2 0 1 0 0 1 1 0 2 2 2 0 0 0 0 1 0 2 1 1
2 1 0 0 0 1 1 0 1 2 2 0 0 0 1 0 1 2 1 1 1 1 1 0 2 2 2 2 2 0 2 2 1 2 0 0 2 1 0 0 2 2 1 0 1 2 1 0 2 2 2 1 1 0 2 0 0 1 1 0 2 0 0 1 0 0 1 2 0 0 0 0 2 1 0 1 0 2 2 0 2 1 2 1 2 2 2 0 0 1 1 0 2 2 1 2 0 0 0 0 0 0 1 0 2 2 2 2 1 2 2 1 0 2 1 0 1 0 1 2 2 0 2 1 2 1 1 0 2 1 1 0 2 1 1 2 0 1 1 2 0 2 2 1 1 0 2 1 1 1 0 0 1 0 1 2 2 0 0 1 2 1 2 2 0 0 1 0 0 0
1 0 2 0 2 2 0 2 0 1 1 1 1 0 1 0 2 0 0 2 2 0 2 2 0 2 0 1 1 0 2 2 1 2 2 1 2 0 0 0 1 2 2 0 0 0 1 0 2 1 0 2 0 0 2 0 0 0 0 1 1 2 1 2 2 0 1 2 1 2 2 2 2 1 0 0 0 1 0 0 0 1 2 1 1 1 2 2 1 2 1 2 2 0 0 2 1 1 2 0 1 1 0 1 1 1 2 2 2 0 2 0 1 1 1 1 1 1 1 0 1 2 0 1 0 1 0 0 0 2 0 1 1 1 1 0 2 0 2 2 1 2 2 0 2 2 2 0 1 0 0 2 0 1 0 2 2 1 2 0 0 0 2 0 1 1 0 1 1 0
1 0 2 1 1 1 0 0 2 2 1 1 0 2 0 0 1 1 0 0 1 1 0 0 1 0 2 2 1 1 0 2 2 0 0 0 0 2 1 0 2 2 1 2 2 2 1 1 0 1 2 2 2 1 0 2 1 2 2 2 1 2 2 0 0 0 1 0 0 2 2 0 2 0 0 2 0 2 1 1 0 0 1 1 1 2 0 2 2 2 2 1 2 2 2 2 0 1 1 1 1 1 2 2 1 0 1 0 2 0 1 1 0 0 0 0 2 0 0 0 0 1 1 0 0 1 0 1 2 2 0 2 0 2 1 2 0 0 0 1 0 2 2 1 0 2 1 0 0 0 0 1 1 2 1 2 1 1 1 1 1 2 1 1 2 2 1 0 0 1
1 0 2 1 0 2 1 2 0 1 2 1 2 1 1 1 1 2 2 0 2 1 2 0 0 1 1 2 2 1 2 1 0 1 0 0 1 1 0 1 0 0 0 2 1 2 1 2 2 1 0 1 0 2 2 0 2 0 1 2 2 0 1 2 1 2 0 2 1 1 0 1 2 1 2 0 1 0 1 0 2 1 2 0 2 2 1 1 0 2 0 2 2 2 0 1 2 0 1 1 2 2 0 1 1 2 0 2 1 2 0 1 0 2 1 0 1 1 2 2 0 1 2 1 0 2 0 0 0 2 2 0 2 0 1 0 0 2 0 2 1 0 1 0 1 0 0 0 1 0 0 0 1 2 2 2 2 2 1 2 1 0 0 0 0 0 1 2 2 2
1 2 1 2 2 2 0 2 2 2 0 0 2 2 0 1 2 2 2 1 0 0 1 1 2 0 1 0 2 2 0 0 1 1 1 0 1 2 0 1 1 2 2 2 1 2 1 1 0 0 2 1 2 2 2 1 2 2 2 2 2 0 0 1 2 1 2 0 0 2 0 0 2 2 2 1 2 1 0 0 2 0 1 2 2 2 1 2 2 0 1 2 2 1 0 1 1 2 0 2 2 1 2 2 0 2 1 0 1 1 2 1 1 1 0 1 1 1 0 0 2 1 2 1 1 2 1 2 2 1 1 2 2 2 2 0 1 0 1 2 1 0 1 1 0 1 0 1 0 1 2 0 0 2 1 2 0 2 1 2 1 1 2 1 0 1 2 2 2 1
0 2 2 1 0 2 0 0 2 0 2 2 1 0 1 0 0 2 0 2 0 2 1 2 1 1 2 1 0 2 0 0 1 0 0 1 1 1 0 0 2 2 2 1 0 1 1 1 1 2 1 1 2 2 1 1 1 1 0 2 1 0 1 2 1 1 2 2 2 2 2 1 2 2 0 0 1 2 2 2 2 0 1 1 0 2 0 2 1 0 1 2 1 0 1 0 2 1 2 2 0 0 2 0 2 2 1 1 2 0 0 1 1 1 0 2 2 1 1 0 2 0 0 1 2 2 2 1 1 1 1 1 2 0 2 2 2 1 0 1 2 2 0 0 1 1 0 0 0 2 1 2 0 1 1 2 2 0 1 0 0 2 2 2 0 0 1 0 1 0
2 1 0 0 2 1 2 1 2 2 0 1 2 1 0 2 0 0 2 0 0 2 2 0 0 1 0 1 1 0 2 1 2 2 2 1 2 1 0 1 1 1 0 2 2 1 1 1 1 0 1 2 1 1 0 1 2 1 0 1 2 1 0 1 1 2 1 0 2 1 2 0 2 0 2 0 1 1 1 0 2 0 2 1 1 0 0 2 0 0 0 2 2 1 1 1 1 2 1 0 1 1 1 2 1 2 2 0 0 1 0 0 2 1 1 1 1 2 0 1 0 2 1 0 0 0 1 2 0 0 0 1 2 2 1 1 2 0 1 2 2 0 1 2 2 2 1 0 2 2 0 0 1 2 0 0 0 0 2 0 1 0 2 0 0 1 2 2 1 1
2 2 2 0 1 1 1 0 2 1 0 0 2 2 0 0 2 0 0 0 0 1 0 2 2 1 0 2 1 0 1 0 0 0 2 1 0 1 0 0 2 0 0 2 0 0 2 0 0 1 0 1 2 1 0 0 2 2 0 0 0 1 1 0 0 1 2 0 2 2 0 2 0 1 2 1 2 2 1 2 0 2 1 0 0 2 1 0 1 2 1 1 1 2 1 2 2 2 0 2 1 1 2 0 2 1 1 1 1 0 1 2 0 2 0 0 0 2 1 1 1 2 1 0 2 0 0 1 2 1 1 2 2 1 2 0 0 1 1 2 1 1 1 1 1 2 2 1 2 0 1 1 0 2 2 2 2 0 2 2 1 1 2 0 2 1 0 0 2 0
0 1 2 0 0 1 2 2 1 2 0 2 1 0 1 1 0 1 1 2 1 2 0 0 1 0 2 2 1 2 0 2 0 0 2 0 2 0 0 0 0 1 0 2 1 2 1 2 0 2 2 2 0 0 0 1 1 0 1 0 2 2 0 1 2 0 2 2 0 1 2 1 2 0 1 1 2 2 1 0 2 0 0 2 1 1 1 0 1 2 1 2 1 1 1 2 0 0 1 0 1 2 2 1 2 1 0 0 1 1 0 0 2 1 0 1 2 2 2 2 2 0 2 1 0 0 1 1 0 0 1 2 0 2 1 0 1 1 0 2 0 1 1 2 0 1 1 0 1 1 0 1 0 2 0 1 2 2 2 2 0 0 2 1 0 1 1 1 0 0
2 0 1 0 1 2 1 2 0 0 2 0 2 2 0 0 0 2 0 2 2 0 0 0 1 2 1 0 0 2 0 2 0 2 2 1 2 2 2 0 0 2 1 1 1 1 2 2 1 2 1 1 0 2 1 1 1 1 2 0 1 0 2 1 0 0 1 2 0 1 2 1 0 0 0 1 2 2 0 0 2 2 1 2 1 1 1 1 2 1 1 0 2 1 2 2 2 1 1 0 2 1 0 2 2 0 1 1 1 2 2 0 1 1 1 1 2 2 2 2 1 1 0 0 2 1 2 2 2 1 0 2 2 0 2 2 1 1 0 2 0 0 0 0 2 1 1 2 2 1 2 0 2 0 1 2 1 1 2 1 0 0 0 2 0 2 2 2 1 0
2 2 2 0 0 1 2 2 1 1 0 0 2 0 1 1 0 2 2 0 1 2 0 2 0 1 2 0 2 1 1 1 1 0 2 1 2 2 0 1 1 0 1 0 1 0 2 2 1 0 0 2 2 1 0 0 2 2 1 1 1 0 1 0 0 0 1 0 0 2 1 2 0 0 0 0 2 1 0 1 1 0 1 1 1 1 2 1 1 0 1 0 1 2 0 2 0 1 0 2 1 2 2 2 2 2 0 2 1 0 0 2 0 2 1 2 0 1 0 2 2 1 2 1 1 0 1 0 1 1 2 1 0 1 1 0 1 1 0 0 1 0 2 2 0 1 1 1 2 2 1 2 1 1 0 0 1 2 0 0 0 2 1 1 1 2 1 1 1 2
1 0 0 1 2 1 1 1 2 0 1 1 0 0 2 1 0 1 0 1 2 0 1 1 2 1 2 1 2 0 0 1 1 1 2 1 0 0 1 0 2 2 2 2 0 2 2 0 1 2 2 1 1 2 2 0 1 1 2 0 0 1 1 2 2 1 0 0 0 2 1 2 2 1 2 2 1 1 1 0 1 0 1 0 0 1 0 1 0 1 2 0 2 1 2 1 0 1 2 0 0 1 0 0 0 2 2 2 2 0 0 0 2 1 1 0 0 1 0 1 2 2 1 2 1 2 1 1 0 1 2 0 0 2 0 1 2 1 0 1 2 0 2 1 2 0 2 0 0 2 1 0 2 1 0 0 0 2 2 0 0 2 1 1 2 0 2 2 1 2
1 1 0 1 0 0 2 0 0 2 0 2 0 0 1 1 1 1 0 1 2 0 1 1 2 0 2 1 2 1 0 2 0 1 1 0 1 0 1 2 1 2 2 1 2 1 0 1 2 0 0 2 1 1 1 0 2 1 1 2 2 2 2 2 1 0 0 0 0 2 0 1 1 0 0 2 1 0 0 0 1 0 0 2 2 0 0 2 1 2 2 0 2 1 1 1 1 2 2 2 2 0 1 0 0 2 2 2 1 1 0 2 1 2 0 1 2 1 0 1 1 2 1 1 1 0 0 2 0 2 2 2 0 1 0 1 1 1 1 0 2 2 0 1 1 0 2 1 2 0 2 1 0 2 2 1 2 0 1 0 2 1 0 0 0 1 2 1 0 0
2 2 0 0 1 0 1 1 1 1 2 1 2 1 1 2 2 1 2 2 2 0 1 2 0 1 1 0 1 1 1 0 1 1 1 0 1 0 2 0 1 2 2 2 0 1 1 1 2 2 0 1 2 2 2 0 0 0 0 2 0 1 1 2 2 2 0 2 0 0 2 2 0 2 2 1 0 1 2 2 0 0 2 0 2 2 0 1 2 0 0 0 2 1 0 0 2 0 2 2 1 2 2 2 1 1 0 2 1 0 2 2 1 2 0 1 1 1 0 2 0 0 2 2 0 0 0 0 2 2 2 1 1 2 0 0 1 1 2 0 2 0 0 1 2 1 0 2 0 0 1 0 1 1 1 1 0 2 1 0 2 2 1 0 2 2 1 1 1 1
2 1 2 0 2 2 2 0 2 2 0 1 1 1 2 0 1 0 2 0 0 1 2 1 0 1 1 2 1 0 1 0 2 1 1 2 1 0 2 0 0 2 1 1 1 1 2 0 2 2 1 2 1 1 2 1 1 1 1 2 1 0 0 0 1 1 2 2 2 2 0 2 2 1 1 2 2 1 2 2 0 0 2 0 0 2 2 1 0 1 0 0 1 0 1 0 2 2 0 1 1 0 0 1 1 2 0 1 1 2 1 2 1 1 2 1 0 0 0 1 1 1 1 0 1 0 0 1 2 0 2 0 0 0 2 2 0 0 1 2 1 0 1 2 1 2 1 2 2 2 1 1 0 0 1 2 0 2 0 0 0 0 2 1 0 2 0 1 0 2
1 1 0 0 1 1 0 0 2 2 2 1 0 2 1 2 2 0 1 2 0 1 0 0 2 1 0 0 0 0 2 1 2 2 2 0 2 2 0 1 2 0 2 0 0 1 2 2 1 1 2 0 2 2 0 2 1 0 2 2 1 0 1 0 2 1 1 2 2 2 1 2 2 1 0 0 0 0 0 1 2 2 2 2 2 0 0 1 1 2 0 1 0 2 2 1 2 1 0 2 0 0 1 1 1 2 2 1 1 0 1 1 0 0 0 0 1 1 2 1 2 0 2 2 1 1 0 0 0 2 0 1 2 1 0 0 1 0 0 0 0 2 1 1 0 1 2 2 0 2 0 0 2 0 2 1 1 1 2 2 0 2 1 2 1 2 0 0 2 1
0 0 1 1 2 2 0 1 2 1 1 0 1 0 0 2 0 1 0 2 1 0 2 0 0 1 2 1 1 0 1 2 1 2 1 0 1 2 2 1 1 0 1 0 1 1 2 1 1 0 1 0 0 1 1 1 2 1 0 0 1 1 0 2 1 1 0 0 0 0 2 2 1 1 1 0 0 1 2 1 2 1 2 0 2 1 2 1 2 0 2 2 2 2 2 0 1 1 1 0 1 1 2 0 2 1 1 2 0 1 2 2 0 2 0 2 0 2 2 0 0 1 0 2 1 0 0 0 2 1 0 0 2 0 1 2 1 0 0 2 2 2 2 0 1 0 2 1 0 2 2 1 1 0 0 0 1 0 0 0 0 1 1 0 2 1 0 1 1 0
1 1 2 0 1 1 1 2 0 2 1 2 0 0 0 0 0 2 2 1 0 2 0 2 0 2 1 0 0 0 1 2 2 1 1 1 2 2 0 2 1 0 0 1 0 1 0 1 1 0 0 1 0 0 1 0 0 2 2 1 0 0 1 0 2 2 1 2 2 2 0 1 0 0 0 0 2 0 1 0 0 2 0 1 0 1 2 0 2 1 2 0 2 1 1 1 1 2 2 0 2 2 1 2 0 0 0 2 1 2 1 0 0 1 1 0 0 0 2 0 2 2 0 2 0 1 0 1 2 0 2 1 0 2 2 1 2 0 1 0 0 0 1 0 2 0 2 2 0 1 0 0 0 1 0 1 1 1 2 0 2 1 2 2 1 1 1 0 2 0
2 0 1 0 0 0 0 0 0 2 1 1 0 2 0 0 0 2 1 2 0 1 2 2 1 0 2 0 2 1 1 1 2 0 1 1 0 0 1 1 0 0 0 0 2 1 1 0 0 2 0 1 2 0 0 1 2 0 2 1 0 0 0 2 0 2 0 1 2 0 2 2 1 0 0 0 1 1 1 2 2 0 0 1 1 2 0 0 0 2 2 0 2 2 1 0 2 2 2 2 2 2 0 0 0 0 2 2 0 1 0 0 2 0 2 1 0 2 1 1 1 2 1 1 1 0 2 1 0 2 1 2 1 1 1 2 2 0 0 0 1 0 1 1 1 0 0 2 0 2 0 1 1 2 0 0 1 2 1 1 1 0 1 1 2 2 0 0 0 0
1 0 1 0 2 0 1 2 2 2 1 0 1 0 0 2 1 1 2 0 0 2 1 0 0 1 2 1 1 1 0 0 1 1 1 0 2 2 0 2 1 1 0 0 2 1 0 0 0 0 1 2 2 0 2 0 2 2 0 1 0 1 2 2 0 0 2 0 2 0 2 2 0 0 2 2 2 0 1 0 0 0 2 1 1 2 1 0 2 2 2 0 0 1 0 1 2 0 2 0 1 2 2 1 2 1 1 2 2 0 1 2 1 1 0 2 1 0 1 1 2 0 1 1 0 1 0 2 2 2 2 1 1 1 0 2 0 2 1 0 0 0 0 2 2 1 0 0 2 1 1 0 1 2 1 2 2 1 2 2 0 2 0 2 2 1 1 0 0 1
1 1 1 2 1 0 1 1 1 1 0 2 2 1 0 0 1 0 2 1 2 0 1 0 2 0 1 2 1 2 1 0 2 2 2 0 1 0 2 2 2 2 0 1 1 1 2 0 1 1 2 1 2 1 1 0 2 0 2 0 2 1 1 1 1 0 2 2 2 2 0 1 2 1 1 1 2 0 2 1 0 2 2 0 1 0 0 0 1 0 1 1 1 2 0 0 1 0 0 0 0 0 2 0 2 1 1 2 2 1 0 0 1 2 0 2 0 2 2 1 2 1 0 2 2 1 0 1 2 0 1 0 2 1 1 1 0 0 1 0 2 2 1 0 2 2 0 0 1 1 0 2 2 1 2 2 0 2 0 2 2 2 1 2 2 0 2 2 0 1
0 0 0 1 1 0 1 0 2 1 1 2 1 1 0 0 1 1 0 2 0 0 2 2 0 1 2 2 1 0 0 2 1 1 1 0 2 2 0 1 1 1 1 2 0 2 2 2 0 2 1 1 0 1 1 1 0 0 1 2 1 2 1 0 0 0 1 0 1 2 2 2 1 0 2 2 2 2 2 2 2 0 1 0 2 0 2 0 1 0 0 1 2 2 1 0 0 0 2 1 0 1 0 2 0 2 2 2 2 1 0 2 2 2 0 2 0 0 0 1 0 0 2 0 0 2 1 0 0 0 2 1 0 0 1 0 0 0 2 0 2 0 0 2 0 1 1 0 1 1 2 2 2 2 0 0 2 0 1 1 0 1 2 0 2 2 0 0 2 1
2 0 2 2 2 0 2 0 0 0 0 0 1 2 1 2 0 1 2 0 0 1 2 1 2 1 0 1 2 0 2 1 0 2 1 2 2 1 1 1 2 1 2 0 1 1 1 0 1 0 0 1 1 2 2 1 1 0 0 1 1 2 0 1 2 2 2 0 0 1 2 2 2 2 1 1 1 2 1 0 2 2 1 2 1 2 1 0 2 1 2 1 1 0 1 1 2 0 1 0 2 0 0 1 0 1 0 2 0 2 0 1 1 2 1 1 1 0 2 2 2 2 0 0 2 1 1 2 2 1 0 2 1 1 0 2 2 2 2 1 1 2 0 0 2 1 1 1 1 2 0 0 1 2 1 2 1 0 1 2 1 0 1 1 1 0 1 1 2 1
2 0 0 2 0 0 1 0 2 2 2 2 0 1 2 2 0 1 1 0 0 0 0 1 1 1 1 0 2 0 2 0 1 2 2 0 1 1 0 0 1 0 0 0 1 0 0 0 1 1 0 2 2 0 0 1 2 2 2 2 0 1 2 2 2 0 2 0 2 0 0 1 1 1 2 0 1 0 0 0 2 0 2 2 0 1 1 0 0 0 0 1 0 2 1 2 2 0 2 1 1 0 1 0 1 0 1 1 0 1 1 1 2 2 0 0 0 2 1 1 1 1 2 1 1 1 0 2 2 0 1 2 0 2 2 2 0 0 0 1 0 0 2 2 2 1 0 2 0 2 0 1 0 0 0 0 1 0 2 2 1 0 1 2 0 1 2 1 0 2
2 0 2 0 2 2 1 0 1 2 0 1 2 1 0 2 1 1 0 1 1 2 0 0 2 1 2 1 2 2 1 2 2 2 2 2 1 1 0 0 1 0 2 0 0 2 2 1 2 0 1 1 1 1 2 0 2 1 2 2 1 1 1 1 0 2 0 0 1 0 1 2 2 1 0 2 2 1 1 1 2 2 2 0 1 2 1 1 1 0 0 2 2 0 0 0 2 1 0 1 2 1 1 2 1 2 1 0 1 0 1 1 1 1 2 2 2 1 1 0 2 2 0 2 0 1 0 2 0 1 1 0 1 0 2 2 0 1 2 2 1 1 1 2 0 0 2 2 2 1 0 2 1 1 1 2 2 2 2 2 1 1 2 2 2 1 1 0 2 1
2 2 2 0 1 2 1 0 0 1 2 1 1 1 2 2 1 1 2 0 1 1 2 1 0 1 1 2 1 1 0 1 0 0 2 2 0 1 0 0 0 1 1 1 0 1 0 1 0 0 1 2 2 0 1 2 0 2 2 1 1 0 1 2 1 0 2 2 2 0 0 2 2 0 0 2 1 2 0 2 2 1 1 0 0 1 2 0 0 0 2 2 0 0 0 2 1 2 2 0 0 2 1 2 2 1 1 2 1 1 1 2 1 1 2 1 2 1 2 2 2 1 0 1 2 0 1 1 2 0 2 1 0 0 0 1 0 0 0 1 2 2 0 0 0 2 2 2 2 1 0 1 0 1 0 0 1 1 1 1 2 0 2 1 1 1 2 2 1 0
0 0 2 1 2 1 0 1 0 0 1 1 2 1 2 2 2 1 2 0 1 1 0 1 2 2 2 2 1 1 2 0 2 0 2 1 2 0 0 0 1 1 2 1 0 2 1 2 1 0 2 2 0 1 0 0 1 1 0 1 2 0 1 2 1 0 1 0 0 2 1 2 1 1 0 2 0 2 2 2 0 0 2 0 1 1 1 0 2 2 1 2 0 0 2 2 1 0 0 0 2 2 2 1 1 1 1 2 0 0 2 0 1 2 2 0 0 1 1 0 1 0 2 1 2 2 1 0 0 0 1 0 2 2 2 1 0 0 1 1 2 0 2 1 0 2 2 1 0 0 1 1 1 2 1 0 1 2 2 2 2 1 0 0 0 2 1 1 1 0
0 1 1 1 2 2 0 1 0 2 2 0 1 1 0 2 2 2 2 1 2 2 0 2 2 1 2 1 1 1 2 1 2 1 2 0 0 1 1 1 0 2 2 1 0 2 2 2 0 2 2 2 1 0 2 2 1 2 1 2 1 1 2 0 2 1 0 0 0 0 1 0 2 1 0 0 1 2 0 2 1 0 1 0 0 1 2 0 1 1 2 0 0 1 1 2 1 0 2 1 0 1 0 0 2 1 1 2 1 2 1 0 1 1 0 1 0 1 1 2 0 2 2 0 1 1 2 2 2 2 2 0 0 0 0 1 2 2 1 0 2 0 0 0 1 1 2 0 2 1 2 2 1 0 0 0 2 0 0 1 2 2 1 0 0 2 1 2 2 2
2 1 2 0 0 2 2 0 0 1 1 0 2 0 0 2 1 0 0 1 2 0 2 1 0 2 0 2 2 0 2 2 0 0 0 0 0 0 0 0 2 2 1 1 0 2 2 1 0 0 1 0 0 0 1 2 2 0 2 2 1 2 0 1 0 1 1 0 1 2 1 0 0 2 0 1 2 0 1 0 0 2 1 1 2 0 1 2 1 1 0 0 1 0 1 1 1 1 2 0 1 0 0 2 2 1 1 0 1 2 0 2 1 2 2 1 2 0 0 2 2 0 2 0 1 1 1 2 0 0 0 2 1 1 1 2 0 0 2 0 2 0 2 1 2 1 2 2 0 1 1 2 2 0 0 1 0 2 1 0 1 2 2 2 1 2 2 1 2 1
1 0 1 2 1 1 0 1 1 1 0 0 1 2 2 1 0 2 1 0 2 2 2 0 0 0 2 2 2 2 1 2 2 0 1 1 2 2 0 1 1 0 1 2 0 0 1 2 2 2 2 0 2 2 0 0 0 2 2 2 2 1 1 2 0 2 1 2 2 1 1 1 2 0 0 2 1 2 2 1 1 2 1 1 1 2 1 1 1 2 2 1 1 0 1 1 1 2 1 1 0 2 2 0 1 0 0 2 2 0 1 1 2 1 0 2 0 2 0 0 2 2 2 1 1 0 0 2 2 2 1 0 2 0 0 0 1 1 0 0 2 0 1 2 1 2 2 2 0 2 2 2 0 1 0 2 2 1 1 1 1 0 2 0 0 0 2 2 2 0
2 1 0 1 1 1 1 0 2 1 1 1 1 1 1 0 0 0 2 2 2 0 2 2 1 0 0 0 2 2 1 2 1 2 0 0 2 2 0 1 1 2 2 1 1 0 1 2 1 0 1 1 0 1 0 2 2 0 0 1 0 2 1 2 1 2 0 0 2 1 2 2 1 2 0 2 0 1 2 2 2 1 1 2 1 2 1 0 0 2 2 2 2 0 2 2 0 2 0 1 0 0 1 1 0 1 2 0 0 2 1 2 0 2 2 1 2 1 2 0 2 2 0 1 0 2 1 2 1 2 0 2 0 1 1 0 0 1 1 1 0 2 0 1 2 0 0 2 1 0 0 0 0 0 0 0 2 1 0 1 1 0 1 1 2 0 1 0 1 0
1 2 0 2 0 0 2 1 0 2 1 0 0 1 1 0 0 1 0 0 0 1 2 2 0 2 2 2 1 0 2 2 2 0 0 0 0 0 2 1 2 1 2 1 1 1 2 1 2 2 2 0 2 2 2 2 0 2 2 1 2 2 1 2 0 2 1 1 0 0 0 2 1 0 1 2 1 1 1 1 0 2 0 0 1 2 2 2 2 2 0 2 2 0 0 0 2 1 1 2 2 2 0 0 2 1 1 0 2 2 0 1 1 0 1 0 2 2 0 2 2 2 0 2 2 0 2 2 2 0 0 1 1 0 2 0 2 0 2 0 0 2 1 1 2 0 2 2 0 0 0 2 0 0 1 2 1 1 2 1 0 2 2 1 2 2 1 0 0 1
0 0 0 2 2 0 0 0 1 1 1 1 1 1 2 1 1 1 2 0 2 2 0 2 0 0 1 0 0 2 1 1 0 0 1 0 1 0 1 2 1 0 1 2 1 1 0 0 2 1 0 2 0 0 2 1 2 1 2 0 1 0 2 2 1 1 0 0 1 1 2 0 2 1 1 0 0 1 0 0 2 1 2 1 0 2 0 2 1 2 2 0 2 2 2 1 1 2 1 2 1 1 0 0 0 1 1 1 0 2 2 1 1 2 2 1 2 0 1 1 2 0 2 1 0 1 0 1 2 2 1 0 2 2 2 2 1 1 1 2 1 0 1 0 1 1 2 0 1 0 2 0 0 1 2 0 0 1 2 2 0 2 1 0 1 0 1 0 2 2
0 0 1 1 1 2 0 0 0 2 0 2 2 2 1 2 0 2 0 0 2 2 2 0 0 1 1 1 1 1 1 2 2 0 1 1 0 1 1 0 0 0 1 0 2 0 1 2 0 2 0 0 2 0 0 0 2 0 1 1 1 0 1 0 1 2 2 1 2 2 0 0 2 2 2 1 2 0 1 0 2 2 1 0 2 1 0 1 1 1 0 0 2 2 2 0 1 1 0 0 0 1 1 2 0 1 1 0 1 0 1 1 2 2 1 2 2 1 1 1 1 2 2 0 2 1 1 0 0 2 2 1 0 1 1 0 2 1 2 1 1 0 0 1 1 2 0 0 1 2 1 2 2 1 0 1 2 0 0 1 2 0 2 0 2 1 1 1 0 1
0 2 2 0 1 1 0 0 2 2 0 0 2 0 2 0 2 2 1 0 0 1 0 0 2 0 0 1 1 0 0 2 1 0 0 2 1 0 2 0 2 0 2 0 1 2 1 0 1 2 2 0 0 0 0 0 1 1 2 0 0 2 0 1 0 0 0 2 1 0 0 1 0 2 2 1 2 0 2 0 2 2 0 0 0 2 1 1 1 1 2 1 1 2 2 2 0 0 2 2 1 2 1 2 2 0 0 1 0 0 0 0 0 1 0 1 1 0 0 0 1 2 1 0 0 2 0 0 0 0 2 1 0 0 0 0 1 1 2 1 2 2 2 2 2 0 1 0 1 1 0 2 2 0 1 2 2 1 2 0 2 0 1 0 1 2 0 0 0 0
2 2 1 2 0 0 0 1 0 1 1 2 1 0 0 2 2 0 2 2 0 1 2 2 1 1 1 2 2 1 0 1 1 2 0 1 2 0 1 0 2 0 0 1 0 1 0 0 1 0 2 2 2 0 1 0 2 2 1 1 1 2 0 0 1 2 2 0 2 1 1 0 1 2 1 1 0 2 2 0 0 0 2 2 0 2 0 2 1 1 1 1 1 2 1 2 1 1 2 1 0 2 2 1 2 0 1 0 2 1 0 0 1 1 0 1 0 1 1 2 0 0 0 2 0 2 2 1 1 0 0 1 2 2 0 1 0 2 1 0 1 0 1 2 1 2 2 1 1 1 1 2 2 2 2 0 1 2 2 2 2 0 1 2 0 0 1 1 2 2
2 1 0 0 2 1 0 1 0 1 0 2 1 2 2 1 0 0 1 0 1 0 0 0 0 1 1 1 2 2 1 1 0 1 0 2 1 0 1 2 0 2 1 1 2 1 0 0 2 2 0 1 0 1 2 1 2 1 2 2 0 1 1 1 1 2 1 2 0 0 1 0 2 1 2 2 2 0 0 2 2 0 1 0 1 1 2 1 0 1 1 1 1 1 2 2 0 1 2 1 2 1 2 1 2 1 1 0 0 1 0 2 1 2 0 0 1 2 0 2 2 1 0 0 2 2 2 1 2 1 2 1 2 2 0 0 1 2 1 1 0 1 2 0 1 0 1 2 0 1 2 0 1 2 0 1 0 0 2 0 2 0 1 2 0 1 0 1 0 1
1 2 1 1 0 2 1 2 0 2 1 2 2 0 0 0 1 1 1 2 1 0 2 2 1 2 1 1 1 0 1 0 0 2 1 0 1 0 2 2 2 1 2 0 1 0 1 1 1 0 0 0 1 2 0 2 2 1 2 0 2 1 1 2 0 0 0 2 0 0 2 1 2 2 2 2 0 0 0 2 1 0 2 1 0 0 1 0 1 0 1 2 1 0 1 2 1 2 0 2 0 2 1 2 2 0 1 2 2 1 2 1 2 2 2 0 2 1 1 1 2 0 0 2 0 2 2 2 2 2 2 2 2 1 2 1 2 1 1 2 0 0 1 1 2 1 2 1 0 1 1 0 2 1 2 0 1 0 0 0 2 0 0 2 1 0 1 1 1 0
1 2 1 0 0 2 2 0 1 2 2 2 0 1 2 1 1 0 1 2 1 0 2 1 0 2 1 2 0 0 0 2 0 2 0 1 1 2 2 1 2 1 1 0 0 0 1 2 1 2 1 0 1 2 2 2 1 1 1 1 2 2 1 0 2 2 2 1 2 1 0 1 1 2 2 1 2 1 0 0 1 0 0 0 2 0 2 1 2 2 2 2 1 2 0 1 2 2 1 2 1 1 0 2 0 0 1 0 2 2 1 1 0 0 1 0 1 1 1 0 0 2 0 0 2 0 2 1 2 0 0 2 2 2 1 0 2 0 1 2 1 0 0 1 1 2 2 2 2 1 0 2 0 0 0 2 1 0 1 1 0 1 0 0 1 0 2 2 0 0
1 1 1 0 1 2 0 1 1 2 2 1 0 0 0 0 0 1 0 1 0 2 1 1 2 0 1 1 2 2 0 1 2 1 2 0 1 2 1 0 0 1 0 0 2 0 0 0 2 2 2 2 1 1 0 1 2 2 1 1 0 1 0 2 2 2 0 1 0 2 2 1 0 2 1 0 2 2 0 1 1 0 0 0 2 2 2 2 2 0 0 0 1 2 2 1 2 2 0 0 2 2 1 0 2 2 1 2 0 2 0 2 2 1 0 1 1 0 1 2 1 2 2 0 2 0 1 1 0 2 2 0 2 1 1 1 1 2 0 2 1 1 1 0 1 2 0 0 2 1 0 0 1 0 0 0 1 0 0 2 2 0 2 2 1 0 1 0 2 0
2 1 1 2 2 0 1 0 1 2 1 2 2 1 2 1 1 1 1 2 1 1 2 1 0 1 2 0 1 2 0 1 2 2 1 1 0 2 2 2 1 0 1 2 2 2 0 2 0 2 1 2 0 1 1 2 2 1 2 1 1 2 0 0 1 1 2 1 2 1 1 0 0 0 0 2 0 0 1 0 2 1 1 1 2 2 0 2 1 2 0 2 2 2 0 0 0 0 0 2 2 1 1 0 2 1 2 2 0 2 1 0 0 2 1 0 2 2 2 0 1 0 2 0 2 0 2 1 2 2 1 1 0 0 1 1 0 1 0 0 0 1 0 1 0 0 1 0 2 1 0 2 2 1 0 2 2 2 1 1 1 1 0 0 1 2 1 1 1 2
1 2 1 0 1 2 0 0 0 0 2 1 2 2 0 0 1 0 2 1 2 2 2 0 0 0 2 1 2 1 1 1 1 2 2 0 0 0 1 1 1 0 2 0 2 0 1 2 1 2 0 1 2 2 2 2 0 0 1 0 1 2 2 0 2 2 1 0 0 0 1 1 0 0 2 1 1 1 1 0 1 1 2 0 1 1 2 1 1 1 0 1 0 2 1 0 1 0 0 1 0 1 0 1 2 0 0 1 2 1 2 1 0 2 1 2 1 1 1 1 2 1 2 2 1 0 1 0 1 1 0 2 0 1 2 0 1 2 1 1 2 1 2 2 0 1 2 2 0 1 0 2 0 0 0 2 1 2 0 0 0 1 0 0 0 2 1 2 0 0
2 0 2 2 0 0 1 0 0 1 2 1 2 0 1 0 2 2 2 1 0 0 2 2 1 2 1 2 0 2 0 2 0 0 1 1 1 0 1 2 0 1 0 0 1 2 0 2 2 0 0 0 0 0 2 2 1 1 0 1 2 1 1 2 1 2 1 0 0 0 2 0 2 2 0 0 1 1 0 2 2 0 2 2 2 2 0 0 1 0 1 1 1 2 2 1 2 0 1 0 0 1 1 2 1 1 1 1 0 1 0 2 0 0 0 0 0 0 0 1 1 2 1 0 2 0 1 1 0 1 0 2 0 1 1 1 1 0 2 1 0 2 2 1 0 0 1 0 1 2 0 0 1 1 0 0 1 0 2 2 1 2 1 1 2 1 0 0 1 0
2 2 0 2 1 1 2 2 2 0 2 2 0 0 0 2 1 2 2 2 2 1 2 1 0 1 2 0 2 2 0 2 2 2 1 1 1 2 1 0 2 1 0 1 2 1 1 1 2 0 1 1 2 1 0 2 0 0 2 0 0 1 2 2 1 2 0 2 1 2 2 1 1 0 0 0 0 1 2 2 2 0 1 1 2 1 0 0 2 1 1 2 0 1 2 1 1 2 0 0 2 0 1 0 2 0 2 2 1 1 2 1 0 0 0 0 2 1 0 2 0 2 1 0 0 0 1 2 1 2 2 1 2 2 0 2 2 2 1 0 0 1 2 0 2 0 1 2 2 2 2 0 2 0 0 2 2 2 0 1 1 0 2 1 2 2 1 1 1 0
0 0 2 2 1 1 0 0 1 2 2 0 2 1 2 0 2 1 2 0 2 1 0 2 0 0 2 2 2 1 2 2 2 2 0 1 2 0 2 0 1 2 1 1 1 0 0 1 2 0 1 2 2 1 1 0 1 1 2 1 1 2 1 0 2 1 2 1 0 1 2 2 1 0 1 0 1 1 1 1 0 0 0 2 1 0 0 0 1 2 2 0 1 1 1 1 0 0 2 1 0 2 1 2 0 2 0 0 2 1 2 0 1 1 2 0 1 0 1 0 2 0 1 1 0 2 1 1 0 1 2 1 1 1 1 0 1 1 0 1 0 0 1 2 1 1 0 2 1 1 0 1 0 1 1 0 1 2 1 2 0 1 2 2 0 0 2 1 2 0
0 0 1 1 0 0 1 0 2 2 2 0 1 0 2 0 1 1 2 0 1 0 2 1 2 2 1 2 1 1 0 2 2 2 0 2 2 2 0 2 2 0 1 1 2 1 1 0 0 0 1 2 1 0 0 2 0 2 1 2 1 0 1 0 0 2 0 0 2 1 2 1 1 1 0 0 0 1 1 0 2 0 0 0 1 0 2 2 2 2 1 1 2 2 1 0 0 2 0 2 0 2 1 2 2 1 0 2 2 2 0 2 2 0 2 2 1 0 1 1 2 1 0 2 1 2 2 1 2 2 0 2 2 1 2 1 0 0 0 0 2 0 2 0 1 0 2 2 0 1 2 2 2 0 2 1 2 1 2 2 0 1 2 0 0 2 2 1 2 0
1 0 2 1 1 0 1 1 1 2 2 1 1 0 1 0 1 0 2 1 0 0 0 0 0 1 2 2 2 0 0 1 0 2 0 2 0 2 0 2 1 0 0 2 0 1 0 2 2 0 1 0 0 2 1 1 0 0 1 0 0 2 2 1 2 2 0 0 2 1 2 0 2 0 1 2 2 2 2 2 0 1 2 1 0 1 2 2 2 1 2 0 1 1 0 1 2 1 1 2 0 1 0 2 2 2 2 2 2 1 1 0 0 2 1 2 0 2 2 0 1 1 2 2 1 2 0 0 0 2 0 1 2 0 0 1 0 0 1 0 2 1 1 1 0 0 1 1 2 0 2 0 1 2 1 0 1 2 1 2 2 1 1 2 0 2 0 0 2 0
1 2 1 2 1 2 2 2 0 2 2 0 0 1 2 2 0 1 2 1 2 2 1 1 1 1 0 2 1 0 2 2 0 1 2 1 0 1 1 1 1 1 2 0 2 2 2 0 1 2 2 0 2 0 1 0 1 0 1 0 0 1 0 1 0 2 0 1 0 2 2 0 0 2 0 0 2 2 1 1 0 0 2 2 1 1 1 2 1 2 2 2 1 2 1 2 2 2 1 2 1 0 2 1 0 0 2 0 1 0 2 1 1 2 0 2 0 1 2 0 1 2 0 1 2 0 0 1 2 1 1 1 0 2 0 0 2 0 1 0 1 1 1 2 0 0 2 1 2 1 1 2 1 0 0 0 0 0 1 0 2 0 2 2 0 0 0 2 0 2
0 2 0 2 2 1 0 2 0 0 1 2 2 0 0 0 1 0 0 0 2 0 1 1 0 1 1 1 1 0 1 1 0 2 2 2 1 2 2 1 0 2 2 0 2 2 0 0 1 2 1 0 2 0 1 0 1 1 1 0 1 0 2 1 0 2 1 2 0 2 0 1 1 2 2 1 0 0 1 1 2 1 1 0 1 2 0 1 1 2 2 0 2 2 2 0 0 1 2 0 0 0 2 2 1 2 0 1 0 2 2 0 0 1 0 0 1 1 2 0 0 1 0 1 1 0 1 1 2 1 2 0 1 2 2 0 2 2 2 0 1 1 1 0 0 2 0 2 2 0 2 2 1 0 1 0 0 2 2 0 1 2 0 1 2 2 1 2 1 1
2 1 0 1 1 1 2 2 0 1 2 0 1 1 0 0 1 2 0 1 2 2 1 0 0 0 0 2 0 2 0 0 1 2 1 0 0 0 0 1 2 2 1 1 1 2 1 0 2 1 2 2 0 1 0 1 1 0 1 2 0 2 0 1 1 2 1 1 1 2 0 0 1 2 1 0 2 0 1 1 2 1 1 0 2 1 0 1 2 1 1 0 0 1 0 2 1 1 1 0 2 2 0 0 1 0 2 1 0 1 1 0 2 2 2 1 1 2 2 1 1 1 1 1 0 1 1 2 1 1 2 0 1 1 1 0 1 1 2 1 2 0 0 1 0 2 0 1 1 0 0 2 2 0 1 0 2 0 0 0 2 0 1 0 1 1 0 2 2 0
2 0 1 2 1 2 1 2 1 0 0 2 0 0 2 1 0 1 2 1 0 1 2 2 2 1 1 1 1 2 2 1 2 1 1 1 1 0 1 2 0 1 1 0 2 1 2 0 0 2 1 1 1 1 0 2 0 2 0 2 1 2 1 1 1 2 2 2 2 1 2 0 2 1 1 0 0 0 0 1 0 2 2 0 2 0 2 0 2 0 2 1 0 0 2 0 0 2 2 2 1 2 2 1 2 1 1 2 1 2 1 0 2 0 0 2 1 0 2 1 1 1 0 1 2 1 2 2 1 2 2 2 2 2 0 1 0 0 1 2 2 2 2 1 2 0 0 1 0 2 0 2 1 1 2 1 2 1 1 1 1 1 0 1 0 2 2 1 2 2
2 1 1 1 1 2 0 2 0 1 0 1 1 2 0 0 1 0 1 2 2 0 1 0 2 2 0 2 2 2 1 1 1 0 0 2 2 0 0 0 2 0 1 0 2 2 1 1 0 2 1 0 0 0 0 2 0 0 2 0 0 0 1 1 0 2 2 0 0 2 0 2 0 2 0 2 2 1 1 2 1 0 2 1 1 0 2 2 1 1 0 1 1 2 1 0 1 1 0 0 1 1 2 1 1 0 1 0 2 0 1 1 1 0 0 2 2 0 0 0 1 0 0 0 2 2 0 2 0 2 2 2 1 2 0 2 0 2 1 0 0 2 1 1 0 2 2 2 2 0 0 0 0 1 2 0 0 0 0 1 2 0 0 1 0 1 1 1 0 0
1 1 2 1 1 2 0 1 2 1 1 0 2 2 1 1 0 1 2 1 2 2 2 0 1 2 1 2 1 2 2 0 1 2 1 0 1 0 1 1 1 0 1 0 2 2 0 2 1 2 1 1 1 1 1 2 1 2 2 0 0 2 1 1 2 0 2 1 1 1 0 2 1 2 1 1 2 1 1 2 0 1 0 2 2 2 0 1 2 0 2 2 0 1 1 0 2 0 1 1 2 0 0 1 0 2 2 2 0 2 2 1 0 0 1 0 2 1 1 2 2 0 2 0 2 0 1 2 2 0 0 1 0 1 0 0 1 0 1 1 2 0 0 0 1 2 0 1 1 0 1 0 1 0 1 1 1 2 0 0 2 1 0 0 2 0 1 0 1 0
2 2 1 0 2 0 2 1 2 1 1 0 1 0 0 2 1 1 2 2 0 2 0 0 0 0 1 2 1 2 0 1 1 2 1 2 2 1 1 1 2 0 1 1 0 1 1 2 1 1 1 1 1 0 1 1 0 0 0 1 2 1 0 2 0 2 2 0 2 0 1 1 1 0 0 1 2 2 1 0 1 1 2 2 1 0 1 2 1 2 1 1 1 2 1 1 2 0 1 1 1 1 0 2 1 1 0 0 1 0 1 2 1 0 2 2 2 1 1 0 1 0 2 0 0 0 0 0 1 2 1 2 0 2 2 1 0 1 0 2 1 2 2 2 2 2 1 2 0 0 1 0 1 1 0 1 0 0 1 1 0 0 2 0 0 1 0 1 2 0
2 1 2 1 0 2 1 2 0 2 0 2 2 2 1 0 0 1 1 0 1 1 1 1 0 2 0 1 1 1 1 0 2 1 2 0 1 0 0 1 0 1 1 2 0 0 0 1 1 2 2 0 1 1 1 2 0 2 0 2 0 2 0 0 1 0 0 0 0 2 1 1 0 1 2 1 1 0 0 2 0 0 1 2 2 2 2 2 2 1 0 0 1 0 1 0 1 2 0 2 1 2 1 1 0 0 0 1 1 1 2 1 2 0 1 1 0 2 0 0 0 1 0 2 2 2 2 0 2 0 0 1 0 2 0 1 0 1 1 2 2 1 2 1 2 1 0 2 0 2 0 1 0 2 1 2 1 1 1 1 2 2 0 0 2 1 2 0 2 0
0 0 1 2 2 0 1 0 1 2 2 1 2 2 0 0 0 2 2 2 1 1 1 1 2 1 2 2 2 2 2 0 0 2 0 2 0 2 0 1 2 2 0 1 0 1 2 1 0 2 0 2 1 2 1 1 1 1 1 0 1 0 2 1 0 0 1 1 0 2 2 2 2 0 2 2 2 2 0 0 2 0 0 1 1 2 0 2 1 1 1 2 2 0 1 0 0 0 2 0 2 1 0 2 0 0 2 2 0 0 0 2 1 1 1 2 1 1 0 0 0 1 2 0 1 1 1 2 2 0 0 2 2 0 2 2 1 1 2 2 2 1 1 2 0 0 2 1 2 2 1 0 0 1 1 2 0 0 2 2 0 0 2 2 1 2 0 0 2 0
0 2 1 1 1 2 2 1 0 0 1 2 0 0 1 2 0 2 2 0 0 2 0 0 2 2 1 0 0 0 2 1 0 0 0 2 0 0 1 1 0 0 2 1 0 1 0 2 2 0 0 2 0 1 0 0 1 1 1 2 2 0 1 0 2 2 0 0 0 2 1 1 2 1 2 1 1 1 0 0 1 0 0 2 1 0 0 0 0 1 1 2 0 2 0 2 2 0 0 2 2 2 1 0 1 1 1 0 0 1 0 1 1 1 0 2 2 1 1 2 1 2 0 1 2 1 1 1 0 1 1 0 0 0 0 2 2 1 2 2 0 0 0 2 1 2 0 1 1 1 1 2 0 2 0 2 1 2 1 1 1 2 1 2 0 2 2 2 1 2
2 0 2 1 2 2 1 2 0 2 0 2 2 0 2 0 0 0 1 1 1 2 2 0 2 2 0 2 0 2 2 0 2 1 1 2 0 2 2 1 0 2 1 2 1 1 0 1 1 1 1 0 2 0 0 1 2 1 0 0 1 0 1 1 2 2 0 0 0 0 0 0 0 2 0 2 0 1 1 2 1 2 0 0 2 0 2 0 2 1 1 1 1 2 0 1 0 1 0 1 1 0 2 2 0 0 2 1 1 1 0 0 1 0 1 2 1 1 0 2 0 1 1 2 2 2 1 2 1 1 1 0 2 0 0 0 0 0 1 2 2 2 0 2 2 2 1 1 0 1 1 1 0 0 1 2 2 0 2 1 2 0 1 2 0 2 2 1 0 1
1 0 0 2 2 0 1 0 2 0 2 1 1 1 1 0 0 1 0 1 0 2 2 1 1 0 1 1 2 2 2 0 2 2 2 2 0 1 0 0 1 1 2 0 2 0 1 0 2 2 1 2 2 1 1 1 2 0 0 1 2 2 0 0 0 0 0 1 2 1 2 0 2 1 2 2 2 1 0 1 0 2 1 2 1 1 2 1 1 2 1 2 2 1 2 0 2 2 2 2 0 1 0 1 0 2 0 2 0 1 2 1 1 1 1 0 0 0 2 2 0 1 1 0 0 1 1 2 1 1 1 2 1 0 0 2 2 2 2 1 0 2 0 2 1 1 1 2 0 1 1 1 2 0 1 2 1 1 2 0 2 2 0 0 2 1 2 1 0 0
0 2 2 0 1 0 0 2 0 1 0 2 2 0 1 2 0 0 0 0 1 0 2 2 2 2 0 2 1 2 2 2 1 2 2 0 0 0 1 1 1 2 1 1 1 2 1 1 0 1 2 1 2 2 0 1 1 2 1 0 1 0 2 0 2 2 1 0 1 2 1 2 0 0 1 1 0 0 0 1 2 0 0 2 2 1 0 1 1 1 2 2 0 1 0 2 1 1 0 2 2 0 0 2 0 2 1 1 0 2 0 2 2 0 1 2 2 0 1 0 2 0 2 2 2 2 0 1 2 1 1 1 1 2 1 2 2 0 1 2 2 2 0 2 2 2 2 2 2 1 2 2 2 0 2 1 0 0 2 0 2 1 1 0 1 2 0 1 2 2
0 0 1 1 2 1 1 2 1 1 0 1 1 2 2 1 1 1 1 1 1 1 0 0 2 1 0 2 2 1 0 1 1 1 0 1 2 1 0 1 1 1 0 2 1 2 1 2 0 1 0 2 2 1 0 1 1 0 2 1 2 2 2 0 1 1 2 2 0 0 0 1 1 0 1 0 1 0 0 2 1 2 2 1 0 2 0 1 1 0 0 0 0 0 2 2 1 1 1 0 0 1 1 1 0 0 0 2 1 0 2 2 2 2 0 0 2 2 2 1 2 0 0 0 1 0 2 0 1 1 1 1 0 0 1 0 0 1 0 2 2 0 2 2 0 0 0 2 2 2 2 0 1 2 0 0 2 0 1 1 1 0 1 2 0 0 0 1 2 1
1 1 2 1 0 2 1 1 0 2 1 2 2 2 2 0 2 2 0 0 0 2 1 2 1 1 2 2 1 1 1 0 1 1 1 2 1 0 1 2 2 0 2 2 0 1 2 0 1 2 0 1 2 0 2 1 1 2 1 0 2 2 0 0 2 2 2 0 0 0 0 0 1 2 0 1 1 2 1 2 2 0 1 2 0 0 0 1 0 2 0 2 2 0 0 1 0 0 2 1 1 0 1 2 2 1 2 1 1 0 0 1 0 2 0 0 0 2 0 1 2 0 1 2 1 1 1 2 2 1 0 1 2 2 1 2 1 0 1 0 1 1 1 2 1 0 0 0 0 0 1 2 1 1 1 2 0 0 2 0 0 2 2 0 2 2 2 1 2 0
1 1 0 1 2 2 2 2 2 0 0 2 0 1 0 2 0 1 1 0 2 1 0 1 1 0 1 1 2 2 2 2 0 0 1 0 2 1 2 2 1 0 1 1 1 2 0 0 0 1 0 0 0 1 0 2 2 1 1 2 0 1 1 2 1 2 2 0 0 0 0 2 0 1 1 2 1 2 2 0 1 0 0 0 2 0 2 2 2 0 1 2 2 0 1 0 0 1 2 2 1 2 2 2 2 1 1 0 1 1 0 2 2 1 0 2 2 0 1 1 1 2 2 1 0 0 2 1 2 1 1 1 1 0 1 1 1 0 1 2 0 0 0 0 2 0 2 1 1 0 1 1 2 0 0 0 1 2 2 2 2 1 0 1 1 2 2 1 1 1
1 1 1 1 1 1 0 1 0 2 1 2 0 1 2 1 2 1 2 1 0 1 2 2 0 2 2 2 0 0 1 1 2 1 1 1 2 2 2 0 1 0 2 0 0 2 1 2 1 0 1 2 2 1 1 2 1 1 2 1 2 1 1 2 2 2 0 1 1 1 0 0 2 2 0 2 0 2 2 1 0 1 1 0 2 0 2 1 2 2 0 1 1 2 0 0 1 2 2 0 0 2 2 2 0 2 2 0 2 2 2 0 0 0 0 0 0 0 1 0 0 0 2 1 2 2 2 2 2 2 0 2 2 2 0 0 2 0 0 1 2 2 2 2 1 2 2 2 1 2 0 1 2 2 0 2 2 2 1 0 2 2 2 0 1 0 0 1 0 2
1 0 2 0 2 0 1 0 0 2 2 1 1 2 1 1 1 0 2 0 1 2 0 1 0 2 2 2 1 1 1 0 1 0 1 1 2 0 2 2 0 2 1 2 1 2 0 0 0 0 1 2 1 1 1 1 1 0 0 0 1 1 1 1 0 2 2 2 0 2 2 0 1 0 0 2 0 2 2 0 2 2 2 0 0 0 0 2 2 1 0 1 1 1 2 1 2 2 0 0 1 0 1 2 1 2 2 1 1 0 1 1 2 2 0 0 0 0 0 2 2 1 1 0 0 1 1 0 1 2 1 2 0 2 0 1 2 0 2 1 0 1 0 2 0 1 0 0 1 1 1 1 2 0 2 0 1 0 1 0 1 2 1 1 0 1 0 0 1 2
2 0 1 0 0 2 1 0 1 0 2 0 1 2 0 0 0 2 2 2 0 0 1 1 1 2 0 2 0 2 0 2 2 2 2 0 2 1 1 1 1 2 1 2 1 1 1 2 0 0 1 1 0 1 2 2 0 0 0 0 0 0 0 0 2 0 1 2 1 1 0 2 0 1 0 2 0 1 1 2 1 1 0 2 2 1 2 0 1 2 1 2 0 2 0 1 0 2 0 1 1 2 2 1 1 2 1 2 0 0 2 2 2 2 2 1 0 1 1 0 2 0 2 0 0 0 1 1 0 0 0 1 0 2 1 1 1 2 1 2 0 0 2 2 0 1 0 1 0 0 1 0 1 1 0 2 1 2 0 2 0 1 2 0 1 0 1 1 2 1
0 1 1 1 0 2 2 2 1 0 2 2 0 1 1 1 1 1 0 2 0 0 1 0 1 0 0 2 2 1 1 0 2 0 1 2 2 1 2 1 1 2 2 2 1 0 0 0 1 1 0 0 2 2 0 0 0 2 0 2 0 2 2 0 0 1 0 2 0 0 1 1 2 0 1 1 1 2 1 1 0 2 2 0 2 2 1 2 2 2 2 2 2 1 2 2 0 0 2 0 1 1 0 0 2 1 0 1 2 2 2 0 1 2 1 1 1 2 0 1 2 2 1 1 2 2 1 2 0 1 1 1 2 2 2 2 0 2 1 0 2 0 1 1 0 2 0 1 2 1 0 2 2 0 1 1 2 0 1 2 2 0 1 1 2 1 1 1 1 2
1 1 0 2 0 0 2 1 0 2 0 1 2 2 1 0 1 1 1 0 0 0 2 2 0 1 1 1 0 0 2 2 2 2 2 2 1 0 1 1 2 2 2 2 1 1 0 0 2 2 1 1 0 0 1 0 0 2 0 0 0 2 0 2 2 0 0 0 0 1 1 0 0 2 2 2 1 2 0 1 2 1 2 0 0 2 1 0 2 1 0 0 1 1 0 2 2 0 2 0 2 2 0 0 2 0 0 0 0 0 1 0 0 2 1 0 1 2 0 0 2 1 1 1 0 2 0 2 2 1 2 0 0 0 0 2 1 1 0 0 2 1 0 2 1 2 2 0 2 0 2 2 2 0 1 2 0 2 2 1 0 2 1 1 1 2 1 0 0 1
0 0 1 1 2 2 0 0 1 0 0 0 2 2 1 1 2 2 1 2 1 1 2 2 0 1 1 1 2 0 1 0 0 2 2 0 2 0 0 0 0 2 1 1 1 0 0 1 0 1 1 1 1 2 1 2 1 0 0 1 0 2 2 1 1 2 0 2 2 1 0 1 0 2 0 0 0 0 2 1 0 2 0 1 1 1 1 0 2 2 2 1 2 2 2 1 1 0 0 0 2 1 2 2 0 2 2 1 1 0 2 1 2 2 0 0 1 1 1 1 0 0 2 0 2 2 2 1 2 2 0 2 0 2 2 1 0 2 0 1 2 2 0 2 2 0 0 1 2 2 0 0 2 2 1 0 2 0 2 0 2 2 0 1 0 2 0 0 0 1
2 0 1 2 0 2 2 0 1 1 0 1 2 1 2 0 1 2 0 1 0 1 2 1 0 2 1 0 0 2 2 2 0 1 1 1 1 0 2 2 2 0 2 1 1 2 0 0 2 0 1 0 2 0 2 2 0 1 1 0 1 0 2 2 2 0 1 0 1 0 1 1 1 1 0 2 0 0 0 2 1 0 0 2 1 0 1 2 2 2 2 1 1 0 0 0 1 1 2 0 2 1 1 1 2 2 1 0 0 2 0 0 2 1 2 0 2 1 0 1 1 1 0 0 1 0 0 0 2 0 0 2 1 0 0 0 0 1 0 2 1 1 2 1 0 2 0 0 0 0 0 2 1 0 2 0 2 1 1 1 1 2 0 0 0 1 1 1 1 0
1 0 2 1 2 0 0 2 0 0 0 0 1 2 2 0 0 1 1 2 2 1 0 1 2 0 2 0 2 0 0 0 2 0 1 1 0 2 0 1 1 0 2 2 0 1 0 2 2 0 1 0 1 2 1 0 0 0 1 2 2 0 1 1 0 0 2 1 1 0 0 2 1 0 2 0 0 2 2 2 2 1 2 1 1 1 2 2 2 1 2 2 1 0 0 2 2 0 1 0 1 2 2 2 0 2 0 0 1 2 0 2 2 1 0 0 2 0 2 2 2 1 1 1 0 2 0 2 0 2 0 1 1 0 2 2 2 0 0 0 0 1 0 0 0 2 0 2 2 0 2 2 2 1 0 0 1 1 0 1 1 0 1 1 0 1 0 0 1 1
2 2 0 2 2 0 1 0 0 1 1 2 0 1 1 1 1 0 0 2 2 1 0 1 2 2 0 1 2 0 2 1 2 0 1 0 0 0 0 0 2 2 1 0 1 0 2 2 1 2 2 0 1 1 0 2 0 0 0 2 0 0 2 1 0 0 1 1 1 2 2 0 1 1 1 0 1 1 1 2 1 0 1 2 1 2 1 2 0 2 2 1 2 2 0 0 0 1 1 1 1 1 2 0 2 1 1 2 2 2 2 0 1 1 2 0 0 2 0 1 1 0 0 2 2 1 2 2 2 1 0 0 0 0 1 0 1 1 0 1 0 0 1 1 2 2 2 1 1 0 0 0 0 0 2 2 1 0 2 1 1 2 2 2 1 2 0 2 0 1
1 1 2 0 1 1 2 0 2 1 0 2 0 1 0 2 1 2 0 0 1 1 2 2 1 0 2 2 1 0 1 0 1 0 0 2 1 0 0 2 2 1 1 2 2 0 0 0 2 0 0 2 0 1 1 1 2 0 1 1 0 2 1 2 0 0 2 2 1 2 2 0 2 0 1 1 1 1 0 1 1 1 0 2 2 2 2 0 2 1 1 0 1 1 2 1 1 2 1 2 0 0 0 2 2 1 1 0 2 1 2 2 0 0 1 0 2 1 0 2 0 0 2 2 1 0 1 2 2 0 2 2 1 2 2 0 1 1 2 0 2 1 0 0 0 0 2 2 1 2 0 1 0 0 1 1 0 0 1 1 0 0 1 2 1 1 1 2 2 0
0 2 2 1 1 2 1 0 2 2 0 2 2 1 2 0 0 1 1 0 2 2 0 1 2 1 2 0 1 1 0 2 2 2 0 0 2 2 1 2 2 1 2 1 0 2 0 1 1 1 2 1 1 2 0 1 2 2 1 0 2 2 0 1 1 0 2 1 0 0 1 0 2 1 2 0 1 2 2 2 2 1 1 1 1 2 0 1 1 1 0 0 0 0 2 2 2 1 2 2 2 1 2 2 0 2 0 2 2 0 1 2 1 0 1 0 2 1 2 2 0 0 0 0 0 0 1 0 2 1 0 2 2 0 2 2 0 2 1 1 2 1 0 1 2 0 2 0 1 1 0 2 1 0 0 0 0 2 0 0 0 1 0 0 2 2 0 0 2 0
1 1 2 2 0 2 2 2 0 1 2 0 1 1 1 2 1 2 2 0 0 0 1 0 1 1 0 2 2 2 0 0 1 2 0 2 0 0 2 0 2 2 2 1 0 0 1 0 0 1 1 1 1 2 2 0 2 1 0 1 0 1 2 0 1 0 2 1 0 2 2 0 2 2 2 0 0 0 1 0 2 2 2 1 2 0 1 1 1 2 0 2 0 1 0 2 1 0 1 2 0 1 1 0 0 1 1 0 1 0 1 1 0 1 2 2 1 2 2 0 2 0 2 0 1 0 2 2 1 0 0 2 2 1 2 2 0 1 0 1 1 2 0 1 0 1 2 2 1 1 2 0 1 2 1 0 2 0 0 1 2 1 1 1 0 1 2 0 0 2
0 2 2 1 2 2 2 1 2 1 2 1 2 1 2 0 2 2 2 1 1 1 2 2 0 1 1 2 1 1 0 1 2 2 0 1 0 0 2 2 0 2 2 2 1 2 1 1 1 0 0 2 2 2 2 2 0 1 0 0 0 1 1 2 0 2 0 1 0 2 2 1 1 2 0 0 1 1 2 2 2 2 2 1 2 2 1 1 0 2 1 1 0 0 1 1 0 2 1 1 1 0 2 1 2 0 2 0 2 2 2 1 1 2 1 0 2 0 2 0 2 0 2 0 1 1 2 2 1 0 0 0 1 0 2 0 0 1 1 2 0 2 2 2 2 1 1 2 1 0 0 1 2 0 1 0 2 1 2 0 2 0 2 0 0 1 2 0 1 1
1 2 0 1 2 0 2 1 2 0 1 0 2 0 2 1 1 1 2 1 0 2 1 0 1 1 1 0 2 2 1 1 2 0 2 2 0 1 0 0 2 2 2 1 0 1 0 2 0 2 1 1 2 2 1 0 2 0 1 2 0 2 0 0 2 2 2 0 1 0 2 1 0 1 0 1 2 0 0 0 2 1 2 2 2 0 2 2 0 1 1 2 1 1 2 1 1 2 0 2 2 2 0 0 0 0 1 0 1 2 0 0 1 2 1 1 0 0 0 1 0 1 1 2 0 1 0 1 1 1 1 1 0 1 2 1 2 0 1 0 0 0 2 0 2 0 2 0 1 0 0 1 2 1 0 1 2 2 2 1 1 1 0 0 0 0 1 1 1 1
2 0 1 1 0 1 2 2 2 2 0 2 1 1 1 0 2 2 2 1 0 1 0 1 1 2 1 1 0 1 2 2 1 1 2 2 2 2 1 2 1 0 1 0 1 1 0 0 0 0 2 0 2 0 0 1 0 1 0 0 0 2 0 1 1 0 0 0 0 0 0 2 1 2 0 2 0 1 2 1 1 2 2 2 0 2 1 0 1 1 0 2 0 2 1 2 2 0 2 2 1 0 0 2 0 0 1 1 2 1 0 1 1 0 0 2 0 1 2 2 2 1 1 0 0 1 2 0 2 0 1 0 0 1 0 1 1 2 1 0 1 2 2 2 2 0 1 2 2 2 1 2 1 1 0 2 0 0 2 0 0 0 0 2 2 0 1 1 0 2
1 1 1 1 0 1 2 0 1 2 2 1 1 0 0 2 0 0 1 2 0 1 1 1 1 0 2 0 1 2 0 1 0 2 0 1 1 2 1 0 1 0 1 1 1 1 0 1 2 1 2 0 1 0 1 0 0 1 1 0 0 2 2 1 2 2 2 0 0 1 0 2 2 2 0 2 1 2 0 0 1 0 0 0 0 2 1 2 0 2 0 1 2 2 0 1 2 0 2 2 2 0 2 2 1 0 1 2 2 0 0 2 0 1 2 1 2 1 1 2 2 1 2 1 1 2 1 0 2 0 0 2 1 2 2 2 0 0 2 1 0 0 0 1 2 0 0 1 0 1 2 0 0 1 1 1 0 0 1 1 1 1 1 0 1 0 0 2 2 0
0 0 1 1 1 1 1 2 2 2 1 2 2 1 0 2 2 2 2 1 1 1 0 2 2 2 0 2 2 0 0 2 0 2 1 0 0 2 2 1 2 1 0 2 2 2 1 0 1 1 2 2 0 2 2 2 2 0 1 1 0 2 1 1 2 2 1 0 0 1 1 0 2 0 2 0 0 1 1 1 0 0 1 0 0 0 2 0 1 1 2 2 2 2 0 2 2 2 2 2 1 2 0 1 0 1 2 0 0 0 2 0 0 1 1 1 2 1 2 1 0 1 1 2 1 2 2 1 2 0 1 1 0 0 2 0 1 0 1 1 0 0 1 2 2 0 1 1 1 0 0 1 2 1 2 1 1 1 0 0 1 2 2 1 2 0 2 0 0 0
1 1 1 0 0 0 0 1 2 2 2 0 1 2 2 0 1 0 1 2 2 1 1 1 2 1 2 0 1 2 0 1 1 2 2 2 0 0 1 2 2 0 0 1 0 2 1 2 0 1 1 0 2 0 2 2 2 2 2 0 2 0 2 1 0 2 1 0 0 0 1 0 1 1 2 2 2 1 1 2 2 1 0 1 2 2 1 1 1 0 2 1 1 2 2 1 2 1 0 2 1 2 0 0 1 2 0 0 1 2 2 1 0 0 0 2 0 2 0 1 2 1 0 2 0 1 1 2 2 2 2 2 1 2 0 0 0 0 0 1 2 1 2 1 1 0 1 1 2 0 1 0 1 1 0 2 0 1 1 1 1 1 0 2 0 0 0 0 1 1
2 0 0 0 2 1 0 2 1 1 2 0 1 1 1 1 0 0 0 1 1 1 0 1 2 0 2 2 2 0 1 1 1 2 1 1 2 0 0 0 1 0 0 0 1 2 2 1 2 0 0 0 2 0 2 2 1 1 2 0 1 2 0 0 1 1 2 0 2 0 0 1 1 1 1 2 2 1 0 2 2 1 0 2 1 0 1 0 0 1 1 1 0 1 2 2 0 2 2 0 0 1 1 1 0 1 0 2 0 1 2 2 0 0 2 2 1 0 0 1 0 1 1 0 0 0 2 1 1 0 1 1 2 1 1 2 0 2 0 0 1 0 1 1 0 0 2 1 2 2 1 2 1 2 0 1 0 0 2 1 1 2 1 1 1 2 0 1 2 1
2 0 1 0 0 2 2 0 2 1 2 0 1 0 2 1 2 2 2 2 1 1 1 0 2 0 0 1 2 2 2 2 1 1 0 2 1 2 2 0 1 1 0 0 2 2 2 1 2 2 1 1 1 0 2 0 1 0 1 1 2 1 0 1 0 1 0 2 1 0 0 0 2 0 1 1 1 1 0 1 0 0 0 1 0 2 2 1 2 1 0 2 0 0 1 1 2 2 1 1 1 1 2 0 2 0 0 0 2 1 1 0 1 1 1 2 1 1 2 0 0 2 0 1 1 2 0 0 2 1 2 0 2 1 2 1 0 2 0 2 1 2 2 0 1 2 0 2 1 2 1 2 2 2 1 0 2 1 1 1 2 0 0 2 2 2 1 2 1 1
0 2 1 0 0 0 0 1 0 2 0 2 1 0 2 2 1 1 1 2 1 1 0 1 0 1 0 2 1 2 1 1 2 0 0 0 1 0 2 0 2 0 2 2 1 2 2 0 1 1 1 2 2 2 0 1 0 0 1 2 0 2 1 0 1 2 0 2 0 2 2 0 2 0 2 1 2 0 0 0 1 1 1 1 0 1 2 1 0 0 1 0 1 0 0 2 1 1 2 1 1 0 2 2 0 0 1 0 0 1 1 2 2 2 0 0 1 0 2 2 1 1 2 2 2 1 2 0 2 2 2 2 2 2 1 0 2 2 0 0 1 1 2 0 1 0 1 0 0 1 2 0 2 2 2 0 0 2 0 1 2 0 0 1 0 2 1 0 1 2
0 0 1 0 2 0 0 0 0 2 0 0 2 0 0 1 0 1 1 2 2 0 0 0 2 0 2 1 1 2 0 1 2 2 1 1 0 2 0 1 1 0 2 1 0 0 0 2 2 2 1 2 1 1 0 0 2 0 2 0 2 0 2 2 0 1 1 1 0 1 0 0 2 2 1 0 0 2 0 0 2 1 2 0 0 0 1 0 2 0 0 1 2 0 1 2 1 1 0 1 2 1 2 0 1 1 1 2 0 1 2 0 0 1 1 0 0 0 1 2 0 2 1 2 2 0 0 0 1 1 2 1 0 2 1 1 1 2 1 1 1 0 0 1 2 1 2 0 1 0 2 0 2 2 0 2 2 0 0 1 0 0 0 0 0 0 2 2 0 0
0 2 1 1 0 1 0 1 2 2 2 2 0 2 1 1 2 1 2 0 2 2 1 1 0 2 1 2 1 2 0 2 1 1 1 0 0 2 1 0 1 0 2 2 0 1 1 1 2 0 1 0 1 2 1 1 1 0 2 0 2 2 2 2 2 0 2 2 2 1 0 2 2 2 1 1 0 0 2 1 0 0 1 2 0 0 1 2 1 1 2 1 0 1 0 2 0 0 2 0 1 2 2 2 0 1 0 1 1 2 2 0 2 1 2 0 2 1 2 0 2 1 0 1 0 0 1 1 1 1 2 0 1 2 2 1 2 0 1 0 2 0 1 2 0 2 2 0 0 2 2 1 1 2 0 2 2 1 1 1 0 0 0 2 1 0 1 0 1 2
1 1 1 0 1 1 2 1 2 0 1 1 2 0 0 2 2 1 1 2 0 2 0 0 1 1 2 1 1 1 0 1 2 2 1 1 1 1 1 1 2 0 2 2 0 0 2 1 1 1 0 1 1 0 0 2 2 0 1 1 1 2 2 1 1 1 1 0 0 2 2 0 0 1 0 0 1 2 2 0 1 2 0 2 1 0 2 1 0 1 0 2 1 0 0 0 2 2 1 0 2 0 0 2 2 1 1 1 0 0 2 2 1 0 2 2 0 0 1 1 2 1 0 1 2 1 1 2 1 1 0 1 2 1 1 2 2 0 1 2 0 1 0 2 1 2 2 2 2 0 0 1 2 1 2 1 0 2 1 1 1 1 0 0 2 2 0 2 2 2
0 0 1 0 0 0 2 2 2 0 0 0 2 0 1 0 2 1 0 1 1 1 0 2 1 1 1 2 0 1 1 0 1 0 1 1 0 2 1 2 2 2 2 2 2 1 2 1 1 0 0 0 1 1 2 1 0 1 0 0 2 0 2 0 0 0 0 1 2 2 1 2 1 2 2 1 0 2 0 2 0 1 2 2 0 1 0 0 0 2 0 2 2 2 1 0 1 2 1 0 1 1 0 0 0 2 2 0 2 2 1 2 0 0 2 1 0 0 1 0 2 0 1 1 0 2 0 1 2 2 2 1 0 0 1 0 0 0 2 2 2 0 0 1 1 0 2 1 0 2 2 0 2 1 2 2 1 2 2 0 2 2 1 0 2 0 1 0 0 0
2 0 1 0 2 2 0 0 2 2 0 1 2 2 0 2 2 1 0 2 1 0 1 0 0 1 0 1 1 1 2 2 2 1 2 2 1 1 0 0 0 0 2 2 0 2 2 2 1 2 2 2 2 1 2 0 0 2 2 2 1 2 1 0 0 2 0 2 0 0 0 0 0 0 0 1 0 0 1 1 0 1 1 0 0 0 1 0 0 1 1 1 1 2 0 2 1 0 2 2 1 0 0 2 1 0 1 2 2 0 1 2 2 2 0 2 1 2 1 2 1 2 2 2 1 2 1 1 2 1 1 1 2 2 1 1 0 0 0 2 1 2 2 0 2 0 2 1 0 1 0 1 0 2 0 0 2 2 2 2 1 0 1 0 0 2 2 2 0 2
1 1 2 2 1 2 2 2 0 0 0 1 1 1 1 2 2 1 1 1 0 2 2 2 0 0 2 2 2 1 0 1 2 2 0 2 2 0 1 2 0 2 1 2 1 2 1 0 2 1 2 0 0 2 2 2 0 0 2 2 2 2 1 1 2 0 1 1 0 2 1 2 0 0 2 1 0 2 0 0 0 2 1 1 2 1 0 2 1 1 2 0 0 2 0 1 2 1 0 0 2 0 0 0 1 0 2 2 2 2 0 0 0 1 1 0 2 0 0 2 1 0 0 2 2 1 0 2 0 2 0 0 2 0 0 1 0 2 0 0 0 1 0 1 2 0 2 0 0 0 2 2 1 0 1 1 2 0 1 2 0 1 0 2 2 0 1 1 0 1
1 1 1 0 0 0 0 0 0 1 0 0 0 2 1 2 1 0 2 0 0 2 1 0 2 1 1 1 2 2 1 2 2 2 2 2 2 0 0 1 1 1 2 2 0 0 1 2 1 2 2 1 2 1 2 0 0 0 1 2 1 2 1 0 2 1 0 2 1 1 1 0 2 0 0 0 2 0 0 0 2 0 2 2 2 1 2 0 0 2 2 1 2 2 2 2 0 2 2 0 0 0 1 0 1 2 1 0 2 2 1 2 2 1 1 2 0 2 2 1 1 0 2 0 2 2 2 0 2 1 1 0 2 0 1 1 2 0 2 2 0 1 1 2 2 2 0 1 1 2 2 2 2 0 1 2 2 0 0 2 0 1 0 0 2 2 2 1 2 2
0 2 0 1 2 1 2 2 2 0 0 1 1 2 1 2 0 1 0 0 0 1 2 1 2 2 0 1 1 0 1 0 0 2 2 0 0 1 0 2 0 0 0 1 1 2 1 1 1 2 2 2 1 2 1 1 2 1 0 1 0 2 2 0 2 1 0 2 1 2 2 1 2 2 0 1 2 1 2 1 0 2 1 2 2 2 1 1 1 2 0 1 1 2 0 1 2 1 0 0 0 2 1 1 2 2 2 0 0 0 1 1 2 0 2 2 2 0 2 2 2 0 1 1 1 1 2 0 0 0 1 0 0 0 1 1 2 2 1 2 2 0 1 2 1 0 2 1 2 1 0 2 2 2 1 0 1 1 0 1 0 1 0 0 1 2 2 1 1 1
0 0 2 0 1 1 0 0 2 2 2 1 2 1 1 1 2 2 0 0 2 1 0 2 0 2 2 2 1 1 1 2 2 1 2 0 2 1 1 2 1 0 1 1 0 0 0 0 0 2 1 0 0 1 0 0 2 2 1 1 1 0 0 1 1 1 2 1 0 1 1 1 2 0 0 0 1 1 0 1 0 0 2 1 2 2 2 1 0 1 0 1 1 1 2 0 0 0 1 0 2 1 2 1 2 2 2 0 2 0 0 2 0 2 1 0 0 2 2 0 0 0 1 0 2 2 1 2 2 1 0 1 2 2 0 1 0 0 2 2 2 2 1 0 0 1 0 0 0 1 0 1 2 2 2 1 2 1 1 2 2 2 1 2 1 2 0 2 0 0
1 2 0 1 0 0 2 1 1 0 0 2 2 2 1 0 1 2 1 2 1 1 1 0 0 1 0 1 0 1 1 2 1 2 1 2 2 1 1 0 2 2 2 1 1 2 2 0 1 0 0 0 2 0 0 2 1 1 1 2 0 1 2 2 0 0 1 0 2 2 1 1 2 2 1 2 1 0 2 0 2 0 0 1 0 2 2 2 0 0 0 1 1 2 0 2 1 2 0 0 0 2 0 2 1 1 1 0 2 1 0 1 0 2 0 1 1 0 1 2 1 1 1 0 1 2 0 2 2 1 0 0 0 0 0 0 2 0 0 1 1 2 1 2 1 2 1 2 2 2 1 0 1 0 1 2 0 2 0 0 0 0 0 2 1 1 0 1 1 0
0 1 2 1 0 0 0 1 0 0 1 2 1 0 0 0 0 0 0 0 1 1 1 2 1 0 1 1 2 2 2 2 0 2 1 1 0 2 0 1 0 2 1 2 2 2 2 0 0 0 1 2 0 0 1 1 0 2 0 0 0 0 0 0 0 2 2 1 2 0 0 2 2 1 2 2 0 2 0 1 0 2 1 0 0 2 2 1 0 0 2 0 1 2 0 1 2 0 0 1 1 1 2 0 2 1 0 1 1 0 2 2 0 0 2 1 0 2 2 0 0 1 0 1 1 2 1 1 0 2 0 1 0 0 2 0 1 2 1 0 1 1 0 2 2 0 0 0 0 0 1 0 2 0 0 1 2 2 0 0 1 1 1 2 1 1 0 0 1 2
1 0 0 1 2 1 2 0 1 0 2 2 1 2 2 2 0 2 1 1 2 0 0 1 0 2 0 1 0 2 1 1 2 2 1 0 0 1 1 1 2 0 1 0 2 1 1 1 1 2 2 1 0 0 0 0 2 0 2 0 0 0 0 0 0 2 1 0 0 2 0 0 0 1 1 0 0 2 1 1 2 2 0 0 2 1 1 2 1 1 1 2 2 1 0 2 0 1 1 1 0 1 2 1 0 0 2 0 0 1 0 0 0 1 1 0 2 2 1 1 1 2 1 1 0 2 1 1 0 0 0 2 1 2 1 2 2 1 0 0 0 1 0 0 2 1 2 2 2 0 1 0 2 1 2 0 0 2 2 2 2 2 2 2 1 0 1 1 2 2
2 0 0 0 1 0 0 0 0 2 0 0 0 0 1 1 1 2 0 0 2 0 2 1 2 1 0 1 0 0 1 0 0 0 0 1 0 0 2 2 0 0 2 1 1 1 2 2 1 0 1 1 0 1 2 1 0 0 0 1 0 1 2 0 1 0 0 0 2 2 2 2 0 2 1 2 1 0 0 2 1 1 1 2 2 1 1 0 2 1 2 0 2 1 1 1 2 1 2 1 1 2 1 2 2 0 1 0 1 2 0 0 0 2 0 1 1 1 1 0 2 1 0 2 0 0 1 2 1 0 1 0 2 0 0 1 1 2 2 2 2 0 2 0 2 0 1 0 1 1 0 1 0 2 1 0 0 2 1 1 0 2 2 0 0 0 0 1 0 2
1 0 2 1 0 2 0 2 2 1 1 1 1 1 1 2 2 1 1 0 0 2 1 1 0 1 1 0 1 1 2 0 1 0 2 0 2 2 2 0 2 1 1 0 0 0 2 2 2 1 0 2 1 2 0 2 1 2 2 2 1 2 0 1 2 0 1 0 0 1 0 0 2 2 0 2 2 0 1 1 0 2 1 2 2 0 1 1 2 1 1 1 0 2 2 1 0 0 1 1 1 2 2 0 1 0 0 1 1 0 0 2 0 1 1 0 1 2 1 1 1 2 0 1 2 2 0 0 1 2 2 2 1 1 1 0 2 2 1 1 2 1 0 0 1 1 0 0 1 2 0 2 1 0 2 2 0 2 2 2 2 2 2 1 1 1 2 1 0 1
2 1 1 0 1 2 2 2 0 2 1 0 1 0 0 1 0 2 1 0 1 1 0 1 0 2 0 2 0 2 1 0 0 2 1 2 2 2 1 2 1 0 0 0 1 1 2 2 1 1 0 0 0 0 2 0 2 0 0 0 2 2 2 0 2 0 2 2 2 1 1 0 1 2 1 2 1 1 1 2 0 2 0 0 0 1 0 2 2 1 1 2 1 0 2 1 1 2 0 1 0 2 2 2 1 1 2 0 2 2 1 2 1 2 0 1 0 1 2 0 0 0 2 2 1 1 0 2 0 1 1 1 1 1 0 0 2 0 1 0 2 0 0 0 2 1 0 1 2 2 1 2 0 1 2 2 0 1 1 2 0 1 1 1 2 2 1 1 0 0
2 0 1 0 1 1 1 1 0 0 0 1 0 1 0 1 0 2 2 0 2 2 1 0 1 1 0 0 0 0 2 0 1 0 0 0 2 1 1 2 2 0 2 0 2 0 2 0 2 1 1 2 1 0 0 0 1 1 1 1 0 0 1 1 1 1 1 1 0 1 0 0 2 2 1 1 1 0 2 1 0 0 1 2 0 2 0 2 0 2 1 1 0 0 0 1 0 2 2 0 0 1 1 2 1 0 2 2 1 1 1 1 2 2 2 0 2 0 0 0 2 2 2 0 2 2 2 2 2 2 0 0 1 2 0 2 0 2 2 1 1 0 0 1 0 2 2 0 0 2 0 0 1 2 0 1 2 2 1 2 2 2 0 1 1 1 1 1 1 0
1 0 1 1 2 2 1 1 0 1 1 0 2 0 1 2 2 0 2 1 0 0 0 1 1 0 0 2 2 2 0 0 2 2 2 2 2 1 0 2 0 2 1 2 1 2 1 0 0 2 2 2 2 0 0 0 1 0 1 0 2 2 2 2 2 1 1 2 0 0 0 1 0 1 1 1 1 0 0 1 0 2 1 2 0 2 1 1 0 0 2 0 2 1 0 2 0 0 0 1 1 0 0 1 1 2 1 2 0 1 1 1 1 0 1 2 2 2 0 2 0 0 0 0 1 2 0 0 2 0 1 1 0 2 2 1 1 1 1 2 2 0 1 1 0 2 0 0 0 1 0 0 2 2 1 1 1 2 1 1 0 1 2 1 0 2 0 0 1 0
0 1 0 1 0 1 1 1 2 1 0 2 2 2 1 0 1 0 0 1 2 1 2 1 0 0 2 1 1 0 1 1 2 2 0 0 1 2 1 0 0 1 1 0 1 0 1 1 1 1 2 0 0 1 0 1 2 2 0 1 0 2 0 2 0 2 0 1 1 2 2 2 1 1 0 1 1 2 2 0 1 2 2 2 0 2 1 0 2 1 1 0 2 0 2 2 2 1 0 1 0 0 0 2 2 1 1 1 0 1 2 2 0 1 2 1 0 0 2 0 0 1 0 2 1 1 2 1 2 0 2 0 2 0 0 1 2 2 2 0 0 2 0 1 1 0 2 0 1 2 0 1 1 1 1 0 0 0 2 2 1 1 0 0 2 0 2 2 2 0
0 1 0 1 0 1 1 0 1 2 0 2 2 2 1 0 0 2 2 2 2 0 2 2 1 2 0 0 2 0 0 0 2 0 1 2 0 0 2 1 1 0 0 0 0 2 1 1 1 0 1 0 1 1 0 2 1 1 1 1 2 2 2 1 1 1 1 1 2 1 2 1 2 1 1 0 1 2 1 1 1 0 1 2 2 0 0 0 1 1 0 0 1 2 2 0 1 0 1 1 2 2 2 2 1 1 0 2 1 1 0 2 2 0 2 2 0 2 0 2 1 0 2 1 0 2 1 2 2 0 1 2 0 1 2 1 2 2 1 1 1 2 1 2 0 1 1 1 1 2 0 0 1 2 1 1 2 2 1 2 0 1 1 1 2 0 2 2 2 1
2 2 1 0 1 2 2 0 0 1 2 0 2 0 0 0 0 2 0 2 1 2 0 2 0 2 1 1 0 1 2 2 0 1 0 1 1 0 1 1 2 2 2 1 2 0 2 0 2 0 0 1 2 0 1 0 1 2 2 1 2 1 0 2 0 0 2 1 1 1 0 0 0 2 2 1 0 1 1 2 0 2 1 2 0 0 0 1 1 2 0 0 1 1 0 2 2 0 1 1 2 2 2 0 2 0 1 2 2 1 2 2 0 0 0 1 2 1 2 0 1 0 1 0 1 1 1 1 2 2 0 2 2 0 2 1 0 2 2 0 0 1 2 1 0 0 0 2 2 0 2 1 1 0 1 0 2 0 2 2 0 0 1 0 1 1 2 2 0 1
2 1 1 0 0 1 0 0 0 2 2 0 0 0 1 0 1 1 0 1 1 1 1 2 2 0 0 0 0 1 1 0 0 0 0 1 1 2 1 2 2 0 0 1 1 2 1 1 1 2 2 2 1 1 1 1 0 0 1 0 1 1 0 0 1 2 1 1 2 0 0 1 2 2 2 1 1 1 2 2 2 2 1 1 2 1 2 2 1 1 2 0 2 0 0 1 0 2 2 2 0 1 2 0 0 2 1 1 2 1 2 1 1 0 2 0 2 2 2 0 1 2 2 0 1 0 0 1 1 2 2 2 0 2 2 1 1 1 1 1 0 0 2 2 1 2 2 1 2 2 2 0 2 1 2 0 0 0 0 1 0 2 0 2 2 0 0 0 1 1
2 2 1 2 1 0 0 1 1 0 0 1 1 0 1 1 1 1 1 1 0 2 1 1 1 0 1 1 2 0 1 2 0 2 1 1 0 2 0 2 2 1 1 1 2 2 2 1 1 1 2 1 0 1 0 2 2 1 0 1 2 2 0 0 0 0 2 0 2 0 1 2 2 0 0 2 2 2 0 1 1 1 2 1 0 2 0 2 1 2 2 1 2 2 1 2 0 1 1 1 1 2 0 1 0 1 2 0 1 2 1 0 1 0 2 1 0 1 2 2 1 1 0 0 1 0 0 0 1 2 1 0 2 2 0 2 0 2 2 2 2 0 2 1 1 0 0 2 1 2 1 2 1 2 2 0 2 0 0 1 2 1 0 1 1 0 1 2 0 0
1 2 1 2 1 2 2 2 1 1 2 0 0 1 1 0 2 0 2 0 2 2 2 0 2 0 0 0 2 1 1 0 0 0 0 0 0 2 2 2 0 2 1 1 0 2 2 0 2 2 0 2 1 2 2 0 2 0 1 1 1 0 0 0 0 0 0 1 1 0 2 2 2 0 1 1 2 1 1 2 0 2 2 2 2 2 0 2 0 2 1 2 0 2 2 1 1 0 0 2 0 0 1 1 0 0 2 2 2 1 1 2 1 1 0 1 2 0 1 2 0 0 2 0 0 0 2 1 0 0 1 2 0 0 0 0 2 0 0 1 1 0 2 1 1 2 2 0 0 1 0 0 1 1 1 1 1 0 0 2 2 2 1 2 0 2 0 2 2 0
0 2 0 2 0 0 2 0 1 2 1 0 0 2 1 1 2 0 0 0 2 2 0 2 2 0 1 2 0 2 1 1 1 2 1 2 0 1 2 2 1 1 0 1 1 2 1 0 2 2 2 2 1 2 1 0 0 1 1 0 0 0 1 2 2 0 1 1 2 1 1 1 0 1 2 1 0 1 0 2 0 2 1 2 1 1 1 1 2 0 2 2 0 1 2 0 2 0 1 2 2 2 0 2 1 0 1 2 0 1 1 0 0 1 0 2 0 2 0 2 2 0 2 2 2 1 0 2 2 0 1 2 2 2 2 2 0 0 1 0 2 1 2 2 0 2 2 0 2 0 0 1 2 0 1 1 1 1 0 1 1 2 0 2 1 2 2 2 2 0
0 2 1 2 0 2 2 0 2 1 0 0 0 2 0 1 1 2 0 1 0 0 0 1 2 2 1 2 2 2 2 0 1 2 2 1 1 2 1 2 1 0 2 1 0 1 0 2 0 0 1 1 1 0 0 1 2 2 0 2 1 0 2 2 0 2 2 1 1 0 1 2 1 2 1 2 0 1 1 1 0 0 0 1 0 1 0 0 1 0 0 2 1 1 2 1 0 1 1 0 0 0 0 1 2 2 1 0 1 0 0 1 1 0 0 1 1 1 2 2 2 0 2 1 1 2 0 2 1 1 2 2 2 0 2 2 0 1 1 1 2 1 0 0 1 1 2 1 0 2 1 2 0 1 0 2 1 1 1 0 0 2 1 0 0 0 0 0 1 1
2 1 0 2 1 1 1 2 0 1 1 2 2 2 0 2 1 2 1 2 0 0 2 1 0 2 1 0 0 1 2 0 2 2 0 2 2 2 1 2 1 0 1 0 2 2 1 0 2 0 0 0 0 0 1 1 0 1 2 1 2 0 1 2 0 1 2 0 1 1 0 0 1 2 1 1 0 0 2 2 1 0 2 2 1 1 1 1 0 2 2 0 2 0 2 0 0 0 1 1 1 2 2 0 1 1 2 1 1 2 1 0 2 1 1 1 0 2 2 0 1 0 0 1 0 1 2 0 1 0 0 2 0 2 0 1 0 0 0 0 2 2 1 2 0 2 0 1 2 0 2 1 0 0 0 2 2 0 2 0 1 2 0 1 2 2 2 0 0 0
0 2 0 0 2 2 2 0 1 1 0 0 1 1 1 1 0 0 1 0 0 0 1 2 1 1 1 0 1 1 2 0 1 2 0 0 1 0 1 2 0 2 0 1 0 1 0 1 2 2 0 0 2 2 2 0 0 0 1 2 2 0 0 0 0 1 1 2 2 2 2 0 2 0 1 0 2 1 0 2 0 1 0 2 0 0 0 1 2 1 1 1 2 2 2 0 1 0 2 1 1 2 1 1 0 0 2 0 2 2 0 0 0 1 2 1 2 0 2 1 2 2 2 1 1 2 2 0 1 1 2 2 2 1 0 2 2 2 0 1 0 1 2 1 2 2 1 2 0 1 0 2 0 1 1 2 0 0 0 1 2 2 1 1 0 2 2 0 0 2
2 1 1 1 2 2 1 0 1 1 2 0 1 2 2 0 2 2 1 0 2 1 2 1 0 0 1 0 1 2 1 1 0 2 2 2 1 1 1 1 0 1 1 2 1 0 0 0 0 1 0 0 0 0 0 2 2 2 2 0 1 0 1 1 1 1 1 2 0 0 1 1 1 2 1 0 0 2 1 2 1 0 0 2 1 0 2 0 2 1 1 0 0 0 2 1 2 2 1 0 0 0 1 2 0 0 0 2 2 2 1 2 2 1 2 2 0 1 2 2 0 2 1 0 2 1 2 0 0 1 1 1 1 2 1 2 1 2 1 1 1 0 0 2 2 2 1 0 0 1 2 2 0 0 2 1 0 2 1 0 1 2 2 0 2 1 2 0 0 1
0 2 1 0 2 1 0 0 1 1 1 2 0 0 0 1 1 0 1 0 2 2 0 1 2 0 1 1 2 1 0 2 1 0 2 0 2 0 1 1 0 0 1 1 1 1 0 0 2 1 0 1 1 1 0 1 1 1 1 1 1 1 0 2 2 1 1 2 2 2 1 0 0 2 0 1 0 0 1 0 0 2 1 2 0 2 1 0 1 2 2 2 1 1 2 1 2 1 1 2 0 0 1 2 2 1 0 0 2 0 1 0 2 0 0 1 0 2 2 2 1 1 1 0 2 1 2 2 2 0 0 1 1 2 0 0 1 1 2 0 2 1 2 2 1 0 1 0 2 1 2 1 0 1 2 0 0 2 0 2 0 1 1 2 0 2 0 1 1 2
0 0 1 2 0 1 0 2 1 0 0 1 2 1 2 1 2 2 1 0 0 2 2 1 2 0 1 2 2 0 0 0 1 1 0 0 0 0 0 1 1 2 2 0 1 2 2 0 1 1 1 2 1 1 1 1 2 0 0 2 1 1 2 2 1 0 0 1 0 1 0 2 0 0 2 1 0 2 2 2 1 1 2 0 0 0 1 0 1 0 2 2 1 2 0 2 2 1 1 0 2 2 2 0 0 2 2 1 1 2 1 1 1 0 1 2 2 0 2 0 0 2 1 2 1 2 2 1 0 1 1 1 1 1 1 1 0 2 2 2 1 0 1 0 1 0 2 0 0 1 1 1 1 2 0 2 2 0 1 0 1 0 2 2 1 0 1 2 0 0
0 0 2 1 0 0 1 0 1 2 2 2 1 1 0 2 1 2 2 0 2 2 1 1 1 0 0 0 0 1 2 1 1 1 0 2 2 2 0 0 0 2 2 1 1 2 1 0 2 2 1 2 1 2 2 0 2 0 2 1 1 1 2 1 0 0 0 2 1 0 0 2 0 2 1 2 0 0 2 0 0 1 0 1 0 0 2 1 0 1 2 0 0 2 1 1 1 2 1 0 0 1 2 0 2 0 0 0 1 0 1 1 1 1 0 2 2 1 0 0 0 0 1 2 0 0 0 1 2 0 1 2 2 1 0 1 2 0 2 1 2 0 1 0 0 1 2 0 0 0 1 1 0 0 0 2 0 1 0 0 1 0 0 1 1 0 0 1 2 0
1 1 1 2 2 2 1 2 2 2 0 1 0 2 2 1 1 2 2 1 0 1 2 1 0 2 2 1 1 2 2 2 1 1 1 1 0 1 1 1 0 1 2 0 0 2 1 1 1 1 1 0 0 0 1 0 0 1 2 2 1 1 1 0 0 1 2 2 2 0 0 2 0 0 0 1 2 2 0 1 1 2 1 2 0 0 0 1 2 0 0 1 0 2 1 0 1 1 0 0 2 0 0 2 1 1 1 0 1 2 0 0 2 1 2 2 2 2 0 2 1 1 0 1 1 1 2 2 0 0 1 0 1 2 0 0 1 1 1 2 1 1 2 0 0 2 0 0 0 1 2 1 1 2 2 0 1 1 0 0 2 1 0 1 2 1 1 0 0 2
0 2 1 0 0 2 2 1 2 0 0 2 1 2 2 1 2 1 1 0 1 0 2 2 1 1 1 2 2 2 0 0 1 2 0 2 1 0 1 1 2 2 1 0 1 0 0 2 1 1 2 0 1 2 0 1 2 1 1 1 0 1 1 2 1 2 2 0 1 1 2 0 1 0 1 0 1 1 2 0 0 2 1 0 0 1 1 2 1 2 1 1 2 1 1 0 1 1 1 0 0 1 1 1 2 0 2 0 2 2 1 0 2 0 0 2 0 2 2 1 1 1 0 1 0 0 0 1 1 2 2 2 0 0 1 2 1 0 1 1 0 0 2 0 1 0 0 2 2 0 0 1 2 1 1 2 1 1 0 0 1 0 2 1 1 0 2 2 1 1
1 2 1 1 2 0 1 1 2 1 2 0 1 1 2 2 1 1 1 2 2 2 0 2 0 2 1 0 2 0 1 1 2 0 2 2 1 2 0 1 0 2 1 2 1 1 1 0 0 0 2 0 2 0 0 1 2 1 1 2 1 0 1 1 1 0 1 2 0 2 1 2 2 0 1 1 2 1 1 0 1 0 1 1 1 2 2 1 0 1 0 0 2 1 1 0 0 0 1 0 0 2 2 2 2 2 0 0 0 1 0 1 2 2 0 1 2 2 0 2 2 1 0 1 1 2 2 1 2 0 2 2 2 0 2 0 2 2 1 2 1 2 0 1 2 1 2 1 1 2 2 0 2 2 0 0 2 2 1 1 0 1 2 0 1 1 1 0 1 2
2 2 2 0 1 1 2 1 0 0 1 0 2 1 2 2 1 1 2 0 1 0 2 0 0 0 2 0 1 0 2 0 1 2 1 0 1 0 2 2 2 1 2 2 0 2 2 2 1 1 2 2 2 1 0 0 2 2 0 0 1 1 1 0 0 0 0 2 0 0 2 0 2 2 2 2 2 1 2 0 0 2 0 2 0 1 0 0 1 1 1 2 2 0 0 0 0 1 0 1 2 0 2 2 2 1 2 1 1 2 2 1 1 0 2 2 1 2 0 0 0 1 0 1 2 1 2 2 0 2 1 0 0 0 2 0 2 1 2 0 0 0 2 2 1 1 2 1 1 0 2 2 2 2 0 2 1 2 1 1 0 0 1 0 0 1 0 0 0 1
1 1 2 1 1 0 0 0 1 1 1 1 2 0 1 2 0 0 0 0 2 0 0 1 0 2 0 2 0 1 1 1 2 0 0 0 1 0 1 1 0 2 2 2 1 1 1 1 2 2 1 1 2 2 0 1 2 1 0 2 2 1 0 2 2 1 0 1 2 2 2 2 1 2 2 2 0 0 2 0 1 0 2 0 0 0 1 2 1 2 2 2 1 0 2 0 1 2 0 1 1 2 1 1 2 0 1 1 2 0 1 0 2 1 1 0 1 0 1 0 0 0 0 2 1 2 0 0 2 0 2 1 0 1 2 2 2 1 1 1 1 0 2 1 1 1 2 0 1 1 1 1 1 2 1 0 2 2 1 1 2 0 0 2 2 0 0 2 1 2
1 1 2 1 2 1 2 2 1 1 0 1 2 0 1 2 1 0 1 2 0 0 0 0 1 0 1 2 0 0 1 1 2 2 2 1 0 1 2 2 2 0 1 0 0 2 2 1 2 0 1 2 1 2 0 0 0 2 2 0 0 2 2 2 1 2 1 1 1 0 1 2 1 2 2 2 1 2 2 2 0 0 1 2 0 0 0 0 2 0 1 2 2 2 1 1 1 2 0 0 1 2 2 0 2 2 2 1 1 2 1 2 0 0 2 1 1 2 2 0 2 1 0 0 0 2 1 2 2 2 1 1 2 0 1 2 0 2 1 2 1 0 2 2 1 1 1 2 1 1 0 1 0 1 1 2 0 1 1 0 0 0 2 0 1 0 0 2 2 2
2 2 0 1 1 2 0 0 1 2 2 2 1 0 0 0 2 1 1 1 1 0 2 0 1 1 1 2 1 1 2 0 1 2 0 0 1 1 1 0 1 1 2 0 1 0 0 1 1 0 0 2 1 2 0 2 1 2 1 2 0 1 0 2 0 0 0 2 2 2 2 0 0 2 0 2 2 1 1 0 2 2 0 0 2 1 0 1 0 0 0 0 1 1 0 2 2 0 1 2 0 2 0 1 1 1 1 1 0 0 1 2 2 2 0 2 0 0 0 0 0 1 2 0 1 2 0 1 1 2 1 2 1 2 0 0 0 2 2 1 0 0 1 0 1 1 2 2 2 0 1 1 0 0 1 1 0 1 0 2 1 2 1 0 1 0 1 2 0 0
0 1 1 1 2 2 2 2 2 2 0 0 0 0 1 2 2 2 1 0 2 0 2 1 0 0 1 1 0 0 2 0 2 0 1 1 1 1 1 0 2 2 1 2 0 0 0 0 2 1 0 1 2 1 0 0 1 2 2 2 0 1 0 0 2 2 1 0 1 0 1 0 0 0 1 0 0 2 1 0 0 0 2 1 1 0 1 0 2 1 0 0 2 1 1 2 1 0 2 0 1 1 1 2 1 0 1 2 2 2 0 0 2 0 1 0 0 0 1 0 2 2 1 1 0 2 2 1 0 1 2 2 1 1 1 0 2 2 1 1 0 1 1 0 2 1 1 2 2 0 0 1 2 0 0 1 2 2 0 0 2 0 0 0 1 2 1 0 2 2
2 0 0 2 1 0 0 0 2 2 1 1 1 1 1 1 2 1 2 0 0 1 0 0 1 0 0 2 1 0 2 1 1 0 0 2 1 1 0 1 1 1 0 2 0 1 1 0 1 0 0 1 1 2 1 0 0 2 1 1 0 1 0 1 2 1 2 1 0 2 0 1 2 1 1 0 0 0 0 1 1 2 2 1 2 1 1 2 0 0 1 1 2 2 0 2 1 0 0 2 0 1 1 2 0 0 2 1 1 1 0 2 0 0 0 2 1 0 2 2 1 0 0 1 0 1 0 2 2 1 2 0 0 0 0 1 0 1 2 1 2 2 2 0 2 0 2 0 0 1 0 0 2 2 1 0 1 1 2 1 0 1 2 0 1 2 2 0 0 1
2 0 1 1 0 0 2 0 2 0 1 0 0 2 0 2 2 0 1 1 1 2 0 1 0 2 0 0 2 2 1 2 2 0 1 1 1 1 1 1 2 1 0 0 0 0 0 2 0 2 1 2 1 2 1 2 1 0 2 2 2 1 2 2 1 0 0 1 2 0 2 2 1 0 0 1 1 1 1 2 1 2 0 2 2 1 1 0 1 1 0 1 0 2 1 2 1 2 0 1 2 1 0 0 1 1 2 0 0 0 0 1 0 1 0 2 2 0 1 2 1 1 0 1 2 2 1 1 2 2 2 2 0 0 1 0 1 0 0 1 2 1 2 0 2 1 0 2 1 2 2 0 1 2 0 0 2 2 2 2 1 1 1 0 1 2 0 0 1 0
2 0 2 0 1 2 1 1 2 0 0 1 1 0 2 1 0 1 0 0 1 2 2 0 2 1 1 0 2 2 0 2 0 0 2 1 0 1 1 2 2 2 2 1 2 1 2 1 0 1 2 1 1 1 2 1 0 0 1 0 0 2 0 1 0 2 0 1 2 2 1 1 1 0 2 2 2 0 0 2 1 2 1 0 1 1 1 2 2 2 2 0 1 2 1 2 0 2 1 0 2 1 1 1 2 2 1 2 2 1 1 1 1 1 1 2 2 2 1 1 2 2 2 1 1 1 1 2 1 0 0 1 1 2 0 1 1 1 0 1 0 2 0 1 0 2 0 0 1 0 0 1 2 2 2 1 0 1 2 0 2 2 1 0 2 1 2 0 2 0
2 2 1 0 1 1 2 2 0 1 2 0 2 2 2 2 2 1 1 1 1 0 1 2 2 1 0 1 2 0 0 0 0 1 0 1 0 0 1 0 1 2 0 2 1 0 2 0 1 0 2 0 1 2 2 0 0 0 2 2 1 2 0 1 0 1 0 1 1 1 2 0 0 0 2 0 1 1 1 0 2 2 0 1 1 2 2 1 0 1 1 1 2 2 2 2 1 0 1 2 2 2 0 1 2 0 1 1 2 0 1 2 2 1 0 0 1 0 2 2 2 2 0 1 2 0 1 0 1 1 0 0 0 0 1 0 1 0 1 1 1 0 1 0 1 0 2 0 0 1 0 2 0 0 1 0 1 1 0 2 0 0 2 1 1 2 1 0 2 2
1 0 0 1 1 1 1 1 2 1 2 0 2 1 0 0 1 2 2 0 1 2 0 1 0 2 0 2 0 0 2 2 1 2 0 0 1 2 1 1 1 1 1 0 0 1 1 2 0 1 2 2 1 0 1 0 0 2 2 1 0 2 1 2 1 2 0 0 0 2 1 1 1 0 2 1 2 0 0 1 2 1 1 1 2 0 2 2 0 1 1 1 0 0 1 0 0 2 1 0 1 0 2 0 1 1 1 1 0 2 0 2 1 1 1 0 2 0 0 0 2 2 2 0 0 1 1 0 1 2 2 2 0 2 0 1 1 2 0 1 1 0 1 1 0 0 1 0 1 1 1 0 1 0 2 1 2 0 0 0 0 0 0 1 2 0 2 0 2 0
2 2 1 1 0 1 2 1 1 0 1 2 2 2 1 2 2 0 2 0 1 0 0 1 1 0 0 2 2 2 2 1 1 0 0 1 0 0 1 1 2 2 2 2 2 1 1 2 1 1 2 0 2 0 0 1 1 0 0 0 2 0 2 2 2 1 1 2 1 0 1 0 2 1 2 0 2 1 0 2 0 0 2 0 1 0 2 0 0 1 1 1 1 1 1 1 2 2 1 0 0 0 2 0 2 2 1 0 1 2 2 1 0 2 1 1 1 0 0 1 1 1 0 1 2 1 2 2 2 1 1 0 2 0 0 2 2 2 2 0 2 2 2 2 0 0 1 1 2 2 0 1 1 1 2 1 0 0 1 2 2 2 2 2 0 1 1 2 1 1
1 0 1 0 0 1 2 2 0 2 2 1 0 0 0 1 1 0 2 0 1 1 0 0 0 0 2 1 1 0 0 0 1 2 0 1 1 0 1 2 2 1 0 1 1 1 2 0 1 2 1 2 0 1 1 1 0 0 0 1 2 2 1 0 2 2 0 0 0 2 2 0 0 0 1 1 1 1 2 1 0 1 1 1 0 2 0 1 1 2 2 0 1 1 1 0 0 1 1 1 0 2 2 0 0 1 2 2 0 2 1 1 1 2 1 2 0 2 0 2 1 2 2 0 1 0 0 2 0 2 0 0 2 0 2 2 2 1 2 0 1 0 2 0 1 1 0 2 1 1 1 0 1 0 1 0 1 1 0 1 1 0 0 0 1 2 0 1 1 2
1 1 1 1 2 0 0 2 2 1 0 0 1 0 1 2 0 2 2 0 2 1 1 0 0 0 0 1 1 1 1 0 2 2 2 1 2 2 2 1 1 2 2 0 2 0 1 0 1 0 1 1 2 0 1 2 0 1 0 0 0 2 0 0 2 0 2 0 0 1 2 1 2 2 0 2 2 1 0 1 2 1 2 1 2 0 1 0 2 2 0 0 2 1 1 2 2 0 2 2 0 1 2 2 1 2 2 1 0 2 0 0 2 0 1 1 1 0 2 2 0 2 2 0 2 1 2 2 2 2 2 2 2 1 2 0 1 2 2 2 2 0 2 1 0 1 1 2 2 0 1 0 1 0 1 0 2 0 2 2 1 1 1 0 1 2 0 2 2 0
2 1 0 2 1 1 1 2 0 1 2 2 2 0 0 0 1 1 2 1 0 0 0 2 0 2 1 1 2 0 1 1 0 2 2 1 0 0 0 2 2 0 2 2 1 0 2 0 1 2 2 1 2 0 1 0 2 0 2 1 2 1 1 2 1 0 0 2 1 1 2 1 1 1 1 0 0 1 1 1 1 0 1 1 0 0 2 0 0 2 1 0 1 2 2 0 0 2 1 0 0 0 1 2 0 2 2 0 0 1 2 2 1 1 1 2 1 1 2 0 1 2 0 2 2 0 0 0 0 1 0 1 2 2 1 2 2 1 0 0 0 0 1 2 1 2 0 1 1 2 1 2 1 2 2 2 2 0 2 1 2 0 2 2 0 1 1 0 2 0
1 0 0 2 0 1 2 0 0 0 0 1 0 0 1 0 2 1 0 2 2 0 0 2 0 0 0 2 1 1 2 2 1 2 0 1 2 2 2 2 0 0 2 1 0 1 1 0 0 0 2 0 0 2 0 1 0 1 0 1 0 0 1 1 0 1 0 2 2 0 0 0 0 2 1 1 0 0 1 0 1 0 1 1 0 0 2 0 2 0 2 2 0 2 0 1 0 1 1 0 2 1 0 0 1 0 0 2 1 1 1 2 0 2 1 0 2 1 2 2 1 2 1 2 1 2 1 0 1 2 0 0 2 2 2 0 2 2 0 0 0 2 0 1 1 1 0 2 2 0 1 0 2 1 0 1 0 1 1 1 2 1 0 2 1 2 2 0 1 0
1 2 2 1 1 2 0 2 2 2 2 1 0 1 0 1 2 0 1 0 0 0 0 1 2 2 1 2 0 2 1 2 2 1 2 0 1 2 0 1 0 2 1 1 1 1 2 1 0 0 0 1 1 0 2 1 0 0 2 1 0 0 1 2 2 1 1 1 1 1 0 1 1 1 2 0 0 0 1 0 0 1 1 0 2 1 1 0 2 0 1 2 1 0 2 1 1 0 0 0 2 0 2 1 2 0 1 0 0 2 0 1 1 2 1 0 1 0 1 0 1 0 2 0 0 1 2 0 0 2 1 2 2 0 0 2 1 1 2 1 1 0 0 2 2 2 1 0 0 0 0 2 0 0 0 2 0 2 0 0 1 2 0 1 0 1 1 2 0 1
0 1 2 1 2 1 1 1 0 1 1 1 1 0 0 1 0 0 0 1 1 2 0 2 2 0 0 1 2 1 2 1 0 1 2 2 1 1 1 2 0 1 0 1 2 1 1 0 1 2 1 0 0 2 0 2 0 1 1 0 2 0 2 0 0 1 0 2 1 0 1 1 1 2 0 1 1 1 1 0 1 0 2 1 0 2 1 0 1 2 1 1 0 0 1 1 0 2 1 1 2 0 0 1 0 0 2 2 0 1 0 2 2 2 1 2 0 2 2 2 2 2 0 0 2 2 2 0 2 0 1 2 1 1 1 2 0 0 2 0 2 2 0 1 0 1 1 1 1 1 0 0 0 0 0 1 0 0 1 0 2 1 2 1 0 0 1 0 1 0
1 1 0 1 2 1 0 1 2 1 0 0 2 1 1 1 2 2 1 1 0 0 2 0 2 0 2 0 1 0 0 0 0 2 0 0 0 0 2 0 2 0 1 2 1 0 0 1 0 2 0 1 0 0 1 0 0 0 1 2 2 2 0 2 2 0 0 2 1 2 0 1 2 2 1 1 2 1 0 0 1 0 1 2 0 0 0 1 1 1 1 0 1 1 0 0 2 1 1 0 1 1 0 2 1 1 0 1 2 1 1 2 1 0 1 2 1 2 0 2 1 1 1 1 0 2 2 2 0 0 1 0 0 1 2 1 2 0 0 2 1 0 1 0 1 0 2 2 0 0 2 2 2 0 0 0 0 0 0 1 1 2 1 2 0 1 0 0 1 2
0 2 2 0 2 0 1 2 0 2 0 2 1 0 1 2 1 2 0 2 1 1 1 1 0 2 2 2 2 1 2 1 1 1 2 2 2 0 2 2 2 2 2 1 0 1 1 2 0 2 1 0 0 1 1 2 0 0 2 1 2 2 0 2 0 2 2 0 2 1 0 2 2 0 0 2 2 0 2 0 2 2 0 0 1 1 0 1 0 0 0 0 2 0 0 0 2 2 0 2 1 0 2 0 1 0 0 1 0 1 1 2 1 2 0 2 0 1 1 1 2 2 0 1 0 0 2 0 0 2 2 1 1 2 2 0 2 2 1 0 1 2 2 2 1 0 2 0 2 1 2 1 1 2 0 1 0 2 1 1 0 1 0 2 0 2 2 0 2 0
1 1 0 0 0 0 2 1 1 1 2 0 0 1 1 0 2 2 1 2 0 1 1 0 0 2 0 0 0 2 1 1 0 1 2 2 2 1 0 0 0 0 2 0 1 0 2 1 2 0 0 0 2 2 1 0 2 1 0 0 0 1 1 1 0 1 1 0 0 1 0 1 1 0 0 0 0 2 1 0 0 2 1 2 2 2 2 1 1 2 1 2 1 0 1 1 1 2 2 2 1 0 1 0 0 1 0 2 1 1 0 1 1 2 0 0 2 0 2 1 0 1 1 1 2 2 0 2 2 0 1 0 0 0 0 1 2 0 1 0 2 2 1 1 2 2 2 2 0 0 0 0 2 1 1 2 1 2 1 0 2 0 0 0 1 1 2 0 2 2
2 2 2 1 1 1 1 1 0 1 2 2 0 2 0 1 2 2 1 0 0 1 0 2 2 2 0 0 0 1 2 2 1 1 0 0 0 2 1 1 2 2 0 2 1 2 1 0 2 1 1 0 2 1 2 0 2 0 0 2 2 2 2 0 1 0 0 2 1 1 0 1 0 2 0 2 2 2 0 2 0 1 2 1 1 2 1 0 0 1 0 2 1 0 2 2 0 2 2 2 1 2 0 0 2 1 2 2 1 1 1 2 2 1 0 1 0 1 1 0 2 1 0 1 1 2 1 0 1 0 0 0 1 1 0 0 0 1 0 1 0 2 1 2 0 2 1 1 1 0 1 1 0 2 0 2 1 1 2 0 2 1 1 1 2 2 1 2 1 2
2 1 2 1 2 0 0 0 2 2 1 1 1 1 1 2 1 2 0 1 1 0 2 0 2 2 2 2 0 2 1 2 0 1 1 2 2 2 0 2 2 0 0 1 1 1 0 0 2 1 2 0 0 2 0 2 2 0 1 2 2 0 2 1 2 0 1 2 0 2 1 2 2 0 0 1 2 0 2 1 0 2 2 0 1 0 2 1 1 1 1 1 2 0 2 2 1 1 2 2 1 1 2 1 2 0 2 2 1 2 1 1 1 1 1 1 1 1 2 0 0 1 0 2 2 2 1 2 1 1 1 0 1 1 1 0 1 2 0 1 2 2 2 2 1 2 0 2 1 0 1 1 2 1 1 0 1 0 2 1 0 1 1 1 2 1 2 2 1 1
0 0 0 0 0 1 2 0 1 1 2 2 0 1 1 1 1 1 0 1 2 0 2 1 2 2 2 2 1 1 0 2 0 1 2 0 0 2 2 2 1 2 2 2 1 2 1 1 0 1 2 2 2 2 0 2 2 1 0 1 0 1 0 1 1 2 2 1 2 2 1 1 1 2 0 2 1 2 0 2 1 0 2 1 0 0 2 2 1 2 0 0 1 1 1 2 0 1 2 0 0 0 2 1 0 0 2 2 2 2 1 1 0 0 1 0 1 0 0 0 0 1 1 2 2 0 2 1 1 2 2 0 2 1 2 1 2 1 0 1 2 2 1 2 0 2 1 1 0 2 0 1 1 1 0 1 1 0 2 1 2 1 2 0 0 1 2 2 1 2
2 0 2 1 0 0 1 1 2 1 1 2 0 0 1 0 1 0 2 2 1 2 1 0 0 2 0 2 2 1 2 2 1 1 0 1 2 1 1 2 0 0 1 0 1 2 2 2 1 1 2 2 1 1 1 2 1 2 1 0 0 0 1 2 0 1 1 2 1 2 1 1 0 1 2 1 1 1 2 2 0 1 0 1 2 2 1 0 1 0 2 1 1 0 1 2 2 2 2 0 0 1 2 0 2 1 0 2 0 2 1 1 0 1 0 1 0 2 2 1 0 1 0 1 2 1 1 2 1 1 2 2 0 2 2 1 0 2 0 1 2 1 0 0 1 1 2 1 1 1 1 1 1 1 0 1 1 2 0 0 1 1 2 2 0 2 1 2 0 2
1 2 1 2 0 2 1 2 1 0 2 2 2 0 1 2 1 2 0 0 2 1 1 2 1 1 2 2 1 2 2 0 2 1 0 0 0 1 2 2 2 1 2 1 2 1 0 2 1 0 2 2 0 0 1 1 2 1 2 1 1 1 2 1 2 2 1 1 1 1 0 0 1 0 1 0 2 1 2 0 0 2 0 1 2 2 2 0 1 1 2 0 1 1 1 1 1 0 2 2 1 0 2 2 0 0 1 0 2 1 0 0 1 1 1 1 1 2 1 0 1 1 0 2 0 2 1 1 2 0 1 2 1 0 1 1 1 0 1 2 2 0 2 1 2 2 2 1 1 2 1 2 0 0 2 1 2 1 0 0 1 2 2 0 0 1 2 2 2 2
1 2 0 1 0 0 0 2 2 2 1 1 2 0 1 2 1 2 0 2 2 2 1 1 0 2 2 1 2 2 1 0 1 1 2 2 2 0 0 1 2 1 2 2 1 2 1 0 1 2 0 0 2 2 2 0 2 1 1 1 1 2 2 0 1 2 1 0 0 1 2 0 2 2 1 2 1 2 0 0 2 1 0 2 1 2 2 1 1 2 0 0 2 0 2 1 2 0 2 0 1 2 2 1 2 0 0 1 0 2 1 0 0 1 0 2 1 1 1 2 0 2 1 2 2 0 1 0 0 1 1 1 1 0 0 0 1 1 1 2 1 2 2 1 1 0 2 0 2 0 0 2 2 1 2 2 2 1 2 2 0 1 1 1 2 2 2 1 1 0
0 0 0 0 1 2 1 0 2 0 1 0 0 1 2 0 1 2 2 0 2 0 2 1 2 2 1 1 0 0 2 1 0 0 2 0 2 1 1 2 2 0 2 0 1 2 1 2 2 0 1 2 1 0 1 0 0 1 1 1 1 1 2 0 1 0 1 1 1 2 0 1 0 0 1 2 1 2 2 1 0 1 1 1 0 2 2 0 1 1 0 0 2 2 1 0 0 2 1 1 2 2 1 0 1 2 0 2 0 2 0 1 2 1 1 2 1 0 0 0 2 0 1 1 1 0 0 1 0 1 1 2 2 2 2 0 1 0 2 2 1 0 1 0 2 2 2 0 0 0 1 2 1 0 2 2 0 2 1 0 1 2 0 0 1 0 1 1 1 1
1 2 1 2 0 1 2 0 0 1 0 1 0 1 0 0 1 0 2 0 1 2 0 2 0 0 0 2 1 2 0 2 2 0 0 2 2 0 2 2 1 0 2 0 2 2 0 2 2 1 0 1 0 0 1 0 0 2 0 2 1 2 0 1 0 0 1 2 1 1 2 1 2 1 1 1 0 2 1 0 0 1 2 0 2 1 2 0 0 2 0 0 2 0 2 2 1 0 2 2 2 1 0 1 0 2 1 1 2 2 1 2 1 1 1 1 0 0 1 1 0 1 2 0 2 1 0 0 0 2 0 2 1 1 1 1 1 0 2 0 2 2 2 1 1 1 0 1 1 2 1 0 1 0 1 1 0 1 2 0 1 0 2 2 2 1 2 1 2 2
2 0 2 2 1 1 1 0 0 0 0 1 0 1 0 1 0 0 0 1 1 1 1 1 1 1 1 1 2 0 1 2 0 0 2 0 1 0 0 0 0 0 1 1 2 2 0 1 2 0 2 1 2 1 0 1 0 1 0 0 1 1 0 0 0 2 0 2 0 0 2 0 1 2 2 0 1 0 1 1 1 1 0 1 0 0 0 0 2 0 1 2 0 2 2 1 2 2 0 2 0 0 1 2 0 0 2 1 1 2 0 0 1 1 2 1 2 0 2 2 0 2 1 1 1 0 2 1 0 1 1 1 2 2 0 2 1 0 0 2 0 1 0 2 2 0 1 2 0 2 1 2 1 2 0 2 0 1 1 1 2 0 2 1 2 0 0 0 1 1
1 1 2 2 1 2 0 0 2 0 0 0 2 1 1 1 1 2 2 0 1 1 1 1 2 0 2 0 2 0 1 1 2 2 0 2 1 0 0 1 2 0 0 2 1 2 0 2 1 2 0 0 0 1 2 0 0 1 1 0 2 0 1 1 0 2 1 1 1 1 1 0 1 2 2 0 1 1 1 2 0 1 1 2 1 0 0 2 1 2 0 0 0 1 2 0 1 1 2 2 2 0 0 2 2 1 2 1 2 1 2 2 1 0 2 2 0 0 2 1 2 2 2 0 1 1 0 2 0 2 0 1 1 0 0 1 1 0 0 0 2 2 1 0 2 0 0 2 1 2 1 1 2 1 1 0 0 1 2 1 2 2 2 0 1 0 1 2 1 1
1 1 0 0 1 0 1 2 2 0 2 1 2 1 2 1 1 0 0 2 2 2 1 1 0 0 2 2 1 1 1 2 0 0 0 1 0 1 2 1 2 1 0 0 0 1 1 1 1 2 1 0 2 1 2 0 1 2 0 2 0 0 2 0 0 2 0 1 2 2 0 2 1 2 2 1 0 1 1 1 1 2 2 1 0 2 1 0 2 2 2 2 2 2 1 0 2 1 2 1 1 0 1 2 2 1 2 0 0 0 1 1 0 1 2 2 1 1 2 0 0 2 0 0 1 1 1 1 0 1 0 2 2 2 2 1 1 2 1 1 0 0 2 0 2 2 2 0 0 2 1 2 2 1 2 1 0 2 0 1 0 1 1 2 0 1 1 1 0 0
0 0 0 2 1 0 2 2 1 0 1 2 2 1 0 2 0 1 1 0 0 1 1 1 1 0 2 2 2 2 2 0 0 0 0 1 0 0 0 1 1 0 0 0 1 2 0 1 0 2 2 0 1 1 1 0 1 1 2 2 1 0 2 1 0 0 1 1 0 1 0 2 1 2 0 0 1 1 1 1 0 1 0 2 0 2 2 2 1 0 1 2 0 1 2 1 2 0 2 0 1 1 0 1 0 0 2 1 1 1 0 2 0 1 0 1 1 0 0 2 0 0 2 1 1 1 0 1 1 0 2 1 1 0 2 2 0 2 1 0 0 0 0 0 1 0 1 2 1 0 2 2 1 2 2 2 0 0 1 0 1 1 1 1 1 1 0 2 0 2
0 1 0 1 2 1 2 1 2 0 2 1 1 0 0 1 1 2 1 0 0 2 1 2 0 0 1 2 2 2 2 0 0 2 2 2 0 1 2 0 0 1 2 2 2 0 0 0 2 1 1 0 1 2 2 0 0 0 2 0 2 1 1 0 0 0 0 1 2 2 2 0 1 1 2 1 2 2 2 0 1 0 0 2 0 0 2 1 0 2 1 1 0 0 1 1 0 1 0 0 2 0 0 0 2 2 2 1 2 1 1 0 2 2 1 0 0 1 1 1 1 2 2 1 2 1 0 1 1 1 1 0 1 0 1 0 2 0 1 0 2 1 0 2 0 2 2 0 1 0 2 0 0 2 1 1 0 2 2 1 1 1 2 2 1 0 0 2 1 0
2 0 1 0 0 1 0 2 2 2 0 1 2 1 1 1 2 0 1 2 1 2 0 2 0 2 2 0 2 2 1 1 0 2 1 1 1 2 0 1 1 2 1 0 0 2 2 0 2 1 2 2 1 2 1 2 2 1 1 1 0 2 0 2 2 0 0 0 2 1 2 1 0 1 2 0 0 2 0 1 1 0 1 0 1 0 2 0 1 0 0 0 0 0 2 0 0 0 1 1 1 1 0 2 2 2 2 0 0 1 2 1 1 0 2 2 0 0 1 2 0 1 0 1 2 2 2 1 2 1 2 2 2 2 1 2 2 0 0 2 2 0 2 1 0 1 1 1 1 2 0 0 1 1 2 1 1 2 2 2 1 1 1 0 1 2 0 0 0 1
1 0 1 0 2 2 2 0 0 1 0 1 2 2 0 2 0 1 1 0 0 0 2 2 1 0 1 2 2 0 1 0 0 0 0 2 0 0 0 0 2 0 1 1 1 2 1 1 1 0 0 2 1 2 0 0 1 1 2 0 2 1 1 2 2 2 2 2 2 0 2 2 1 2 1 2 1 2 2 0 1 2 0 0 2 1 0 1 2 0 2 0 2 0 2 1 2 2 1 0 0 0 2 1 0 0 2 0 1 1 0 0 1 1 0 0 2 1 0 0 1 2 0 1 0 0 2 0 0 1 0 0 0 0 0 0 2 2 1 1 0 2 1 1 1 2 2 1 0 2 2 2 2 0 1 0 0 1 1 1 0 0 2 0 0 2 1 0 1 0
1 2 0 0 1 1 0 1 2 1 1 2 1 0 2 0 1 0 1 0 2 2 1 1 2 2 2 2 0 0 2 2 1 2 1 2 0 1 0 1 0 2 0 2 0 1 2 0 1 0 0 1 1 2 2 0 1 2 2 1 1 2 2 2 2 0 1 0 2 0 2 2 0 0 2 1 1 1 1 0 0 2 1 1 1 2 2 0 2 0 1 0 2 1 2 2 1 2 0 1 0 0 1 0 0 2 2 0 0 1 0 1 0 0 0 2 0 1 2 2 1 1 0 1 1 0 1 2 0 2 1 0 2 1 1 1 0 1 1 1 0 2 1 0 2 1 0 0 2 0 0 1 2 1 1 0 2 2 0 0 0 0 1 2 1 1 0 2 0 2
0 0 2 2 0 2 1 2 0 1 2 1 1 2 2 2 0 1 2 2 2 2 2 1 2 1 2 0 0 0 0 1 0 2 1 1 2 0 0 2 2 0 0 0 0 2 0 1 2 0 0 1 2 2 0 2 1 0 0 1 0 1 0 0 1 1 0 0 2 0 0 2 1 1 0 2 1 2 1 1 2 2 0 2 2 1 2 0 2 0 1 1 2 2 1 0 2 2 1 1 1 2 1 2 1 0 2 0 2 1 1 2 0 2 1 2 1 1 2 1 1 1 2 1 1 1 2 1 1 1 2 2 0 2 2 1 0 0 1 2 2 0 1 0 0 0 2 2 2 0 0 1 2 0 0 1 2 2 2 1 0 0 1 2 2 1 0 2 1 0
2 1 1 1 2 2 1 2 2 0 0 0 2 0 1 2 1 1 2 1 2 0 1 0 2 1 2 0 1 2 1 1 0 0 2 0 0 1 2 2 2 0 1 2 1 2 2 2 0 1 1 0 2 0 1 2 2 0 1 0 2 2 2 0 0 2 0 1 1 1 1 1 2 2 0 0 1 0 2 2 2 2 2 0 2 0 2 2 1 0 0 1 1 0 2 1 2 0 2 1 1 2 2 0 1 0 1 0 1 1 0 1 1 0 2 0 1 1 0 0 0 1 2 1 2 2 0 2 2 1 1 1 0 1 2 1 0 1 2 1 0 0 0 2 0 2 2 2 2 0 0 2 2 2 1 1 1 2 1 1 0 2 0 0 2 0 0 2 2 2
1 0 2 2 2 0 1 2 0 1 0 1 1 2 0 2 1 2 0 0 0 0 0 1 2 2 2 2 2 2 2 1 0 0 0 0 0 2 2 1 1 1 2 2 0 0 0 0 2 0 0 1 1 1 2 0 2 2 0 1 1 0 2 1 0 0 1 1 1 1 1 0 2 1 0 1 2 1 2 2 2 2 1 1 1 1 2 0 0 1 2 1 1 2 0 2 1 2 1 0 1 0 0 1 2 0 2 2 0 1 2 2 1 1 0 1 2 1 1 1 2 1 2 1 2 1 1 0 0 2 0 2 1 1 1 0 2 1 0 2 1 0 2 0 1 0 1 2 1 1 0 1 0 0 2 2 2 1 0 0 2 0 2 0 2 1 1 2 0 1
2 2 1 1 2 1 0 2 1 2 1 2 1 1 0 1 1 0 0 1 0 2 0 0 2 2 2 0 2 0 2 2 0 1 1 0 0 1 0 1 1 1 0 0 0 1 1 1 1 2 0 2 1 1 0 1 2 2 2 1 0 2 1 1 1 1 2 1 0 2 0 2 1 1 2 2 0 2 1 2 1 1 1 1 0 2 2 2 2 0 1 1 2 1 2 1 0 1 0 0 2 1 1 0 0 0 2 1 0 0 0 2 2 0 0 0 0 0 0 2 1 0 0 1 1 1 2 2 0 0 2 2 2 0 0 0 2 0 1 2 1 2 2 1 0 0 1 0 1 0 0 2 0 1 1 2 0 2 1 1 2 0 0 2 2 2 2 2 2 1
