3 171 19
834857421 47228461 123555837 156611332 558401241 1052363965 656684325 35251945 18880571 176922943 537846095 637941143 583051091 714224125 45227681 212191683 937285328 1051609559 229645405 283137736 906528865 609103384 819599853 887059184 304406552 235308216 488963122 1046272124 1111832083 929926066 1017650079 619254294 21946055 27824609 1160158836 246373308 496481997 1123758334 429841178 705797820 426640856 451628279 535277549 271033663 53017619 489125486 187606836 414912432 156293659 1148196099 909179004 303834027 706350433 788248507 76709159 567399263 1016023190 516645214 391448462 228306374 519494911 359195388 21818422 945365404 14902180 581192899 1094466219 589031352 523280312 45194531 160428081 814847096 713862825 72482116 232367420 541148681 1146023247 158417871 1144819130 1082508967 147366246 271351894 1092136719 639430577 359777011 1063844800 130260937 379777261 286067874 224725801 285410217 58725327 936094331 579375824 195337687 77217569 1077831503 966399295 837716775 609474384 744907540 726002290 861824887 364823488 190369405 693746705 333091433 206271044 802244992 208906123 128692735 546341775 1096988105 413097856 403916896 220170132 297693291 487812076 476031218 798291008 1117301771 486022087 91680298 9361256 150172057 321285681 71661785 790117965 1096580175 610407972 539475785 402724246 688637791 850953505 154475984 38412451 837715998 186013897 713956700 635409149 551170833 978288874 169675685 808102911 330513229 212466540 579060048 527734842 971189510 945107878 836010006 1104490838 664010051 668306757 1144431736 259995909 713225308 242546150 837758353 1045180135 351614209 1061001217 832311437 1118355668 1090793782 816647861 604473337 432530156 578331080 209638386 147018796
2 1 2 0 2 1 2 2 0 1 2 0 2 0 1 0 2 0 1 0 2 2 0 2 2 1 2 0 1 2 2 0 0 2 0 0 0 0 0 1 2 0 0 2 0 2 2 1 2 1 2 0 1 0 2 2 1 1 0 0 0 2 0 2 2 1 0 0 1 0 2 1 1 0 0 0 2 1 1 0 0 0 0 1 1 2 1 0 1 1 0 2 2 1 1 2 0 2 0 0 0 0 2 2 1 1 2 0 2 1 1 2 1 2 1 1 1 0 1 0 2 0 0 2 1 2 2 0 2 2 0 2 0 2 1 1 0 0 2 2 2 1 2 1 1 1 0 0 2 2 1 1 2 1 1 2 1 0 2 0 0 0 0 0 2 0 2 1 0 1 0
1 0 1 2 2 2 0 0 1 2 1 0 0 0 1 2 2 2 2 0 0 2 0 1 2 0 0 0 2 0 2 0 0 1 0 2 0 0 0 2 0 2 0 0 0 0 2 0 2 2 0 1 2 1 2 0 0 0 1 0 0 0 1 1 2 1 2 2 2 2 2 2 2 1 1 2 1 0 0 0 1 0 2 1 0 2 1 0 0 0 0 1 1 2 2 1 0 1 1 0 2 2 0 1 0 1 2 1 0 2 2 2 1 2 0 1 2 2 2 2 0 0 0 2 2 2 1 0 2 0 0 1 0 1 2 0 0 2 2 1 2 2 0 0 2 0 1 1 0 0 0 1 1 0 1 0 1 0 0 0 0 1 2 1 2 2 2 0 2 1 1
1 2 2 2 1 1 1 0 1 2 1 1 0 0 0 0 2 0 0 2 2 1 2 0 1 1 0 2 0 2 1 2 1 1 1 1 2 2 1 1 1 0 0 1 0 0 1 2 2 2 2 1 1 1 2 0 1 2 0 1 0 2 1 2 1 2 0 1 0 2 1 1 0 1 0 1 0 2 2 2 2 1 1 0 1 0 1 2 1 2 1 1 2 0 0 0 1 1 2 1 0 0 2 1 2 0 0 2 0 0 2 0 1 0 1 0 2 0 0 0 2 0 2 2 0 2 0 1 1 0 2 0 0 0 2 2 0 2 0 1 0 0 2 2 1 1 0 1 2 2 1 2 2 1 2 0 0 2 2 0 0 2 1 0 2 0 0 1 1 1 2
1 2 2 1 1 1 2 2 0 2 1 2 1 2 1 2 0 1 1 0 1 1 1 2 1 0 1 2 1 0 0 2 2 0 1 1 2 1 1 2 0 2 1 2 2 1 1 0 0 1 1 0 0 1 2 1 1 1 2 0 2 0 2 2 1 0 2 0 2 0 0 0 0 2 2 0 0 2 1 2 0 1 2 1 0 1 0 1 1 2 2 1 0 1 0 2 0 2 2 2 1 0 0 2 0 0 2 1 0 1 0 1 0 2 2 0 2 0 2 0 0 1 2 2 2 0 1 0 1 2 0 2 2 1 1 0 2 1 2 1 2 2 2 0 0 0 0 2 0 2 0 1 0 2 0 1 0 0 1 1 2 2 0 2 0 2 0 1 1 2 2
1 2 2 2 0 2 2 0 2 2 0 2 0 0 0 1 1 0 0 0 2 2 1 2 1 0 0 2 2 0 2 1 0 1 0 1 1 2 1 1 2 0 1 0 1 2 2 0 2 2 1 2 0 0 2 1 1 2 1 1 2 0 2 2 2 2 1 1 2 0 1 0 0 2 0 2 1 2 0 1 0 1 1 0 2 0 1 0 0 0 2 2 1 1 2 0 1 1 0 2 2 1 2 0 0 0 2 2 0 2 0 0 1 2 0 1 2 2 2 2 2 2 2 0 1 2 2 0 0 2 0 2 0 2 0 0 0 0 0 1 0 0 1 0 2 2 1 2 2 1 2 2 1 1 0 0 2 2 0 2 1 2 0 1 2 0 0 0 1 0 1
2 2 2 2 2 2 0 2 2 2 1 2 1 1 2 1 0 2 2 0 1 1 1 0 1 0 1 1 1 1 2 1 0 2 0 0 2 2 0 2 2 2 1 0 1 0 1 2 0 0 1 2 0 2 0 1 0 1 0 0 0 0 1 1 2 0 2 1 2 0 1 2 2 2 2 2 1 1 1 1 2 2 1 2 0 1 1 0 0 1 0 1 1 0 0 2 0 2 0 0 0 0 2 2 2 1 1 1 0 1 1 2 0 2 2 1 2 1 0 0 1 1 1 0 1 1 2 1 1 1 2 1 1 1 2 0 0 1 0 0 2 1 0 0 0 0 1 0 1 1 1 2 0 2 1 2 2 0 2 1 1 1 1 2 0 0 1 0 1 1 2
1 2 2 2 0 2 1 1 1 1 0 2 1 0 0 1 0 0 0 2 0 2 0 2 0 1 1 1 2 2 0 1 2 2 0 0 2 0 2 2 1 0 2 0 0 2 1 1 0 2 1 1 2 2 1 2 0 0 0 0 1 1 2 0 1 0 1 1 0 1 1 2 1 0 2 0 2 1 2 0 1 0 2 0 2 1 0 0 2 0 0 0 2 0 1 1 2 0 0 0 0 1 0 2 2 2 2 2 1 1 2 2 2 2 0 2 1 0 2 1 2 0 1 2 1 0 1 0 2 1 1 2 0 1 1 0 0 1 2 2 0 0 2 0 2 0 2 2 1 2 0 0 0 1 0 1 0 1 2 2 1 1 1 2 2 2 0 2 1 2 2
0 0 2 1 0 0 0 2 1 0 0 2 1 2 0 1 2 2 1 1 1 2 0 1 1 1 2 1 0 2 1 0 0 1 1 1 1 0 1 2 1 1 2 1 0 2 2 1 0 0 0 1 2 1 0 0 0 2 2 0 2 1 2 0 2 0 1 1 1 2 2 0 1 1 1 1 2 1 2 2 1 0 1 1 2 2 2 2 1 1 0 1 0 2 1 0 1 0 0 2 0 2 0 1 0 2 0 0 0 0 0 2 1 2 0 0 1 2 0 0 1 1 0 2 1 1 0 2 0 0 0 0 2 1 0 1 2 1 1 0 1 2 0 1 1 1 1 0 1 0 0 0 2 0 0 0 0 0 1 1 2 2 1 1 0 1 2 0 2 2 1
2 1 2 0 0 0 2 0 2 2 0 0 1 2 0 0 2 2 1 0 1 0 2 0 1 2 0 2 2 0 1 2 1 0 2 2 0 2 2 1 2 0 1 1 2 0 2 2 0 0 0 2 1 1 2 2 1 0 2 0 0 0 0 1 0 0 0 2 0 0 0 0 1 2 2 1 2 1 2 0 2 0 2 0 2 2 2 0 2 0 2 0 0 0 2 1 0 1 1 1 1 1 1 0 1 1 0 2 2 0 2 2 0 2 2 1 2 2 1 2 2 0 2 0 0 0 2 2 1 0 0 0 2 2 2 0 0 2 2 0 0 2 2 0 2 2 1 1 1 1 1 1 2 1 2 1 2 2 0 1 0 1 2 2 0 1 0 1 1 0 1
1 0 1 0 0 0 2 2 2 0 0 1 1 2 0 2 1 0 2 2 0 1 0 0 1 1 1 0 1 1 2 2 2 0 0 2 1 0 1 0 1 1 2 2 1 0 1 2 1 1 0 2 2 0 0 1 2 1 1 0 2 0 1 2 1 1 1 2 1 2 1 1 1 0 0 2 0 0 0 2 1 1 2 2 2 2 1 1 0 1 0 0 1 1 2 1 0 1 0 0 0 1 1 1 2 1 2 1 1 0 0 1 1 0 1 1 0 2 2 1 1 0 1 0 1 1 2 0 2 0 0 0 2 1 0 2 2 2 0 2 2 2 1 1 0 2 2 1 2 2 2 1 0 2 2 2 0 1 2 1 1 0 1 1 1 1 2 2 1 2 1
1 2 2 2 0 2 2 1 2 2 0 0 0 0 0 0 1 1 1 2 1 1 1 2 0 0 1 2 1 2 1 0 1 1 0 2 1 0 0 0 0 2 1 1 0 1 1 1 1 2 1 2 1 0 2 2 1 2 2 0 1 1 1 0 2 0 0 0 1 1 1 1 1 2 0 2 2 1 1 1 2 0 0 0 1 2 0 0 1 2 0 0 0 0 1 0 0 2 1 1 1 2 0 1 0 0 0 0 1 2 1 0 2 2 1 1 1 2 2 1 2 0 2 0 1 1 0 1 0 2 2 2 0 2 0 1 2 1 2 1 0 0 0 1 2 2 0 1 2 0 0 1 1 0 2 2 1 0 0 0 1 0 0 2 0 1 0 2 2 2 1
0 0 1 1 0 2 0 2 1 0 0 0 1 1 0 1 2 2 1 0 1 2 0 0 2 1 1 2 0 0 0 2 1 0 1 1 2 1 0 1 2 1 1 1 2 0 2 0 2 1 0 0 0 1 1 0 2 2 2 1 0 0 1 1 1 2 0 0 2 1 2 1 0 1 0 0 1 0 0 1 2 1 2 0 0 0 1 0 2 0 1 2 1 2 1 2 0 2 0 2 1 2 0 2 1 1 2 0 2 1 2 2 0 1 0 0 2 2 0 2 0 0 0 2 2 1 0 0 1 0 2 0 1 0 2 0 2 2 0 2 1 2 1 1 2 0 1 1 2 0 1 0 0 1 0 0 0 0 1 2 1 1 0 0 1 0 0 2 2 1 1
1 0 1 0 0 1 0 1 0 0 0 1 1 2 2 2 2 0 1 2 2 0 2 0 1 2 0 0 0 2 0 2 1 1 2 1 2 0 1 0 0 2 2 2 1 1 2 1 2 0 1 0 0 2 0 0 1 1 1 2 1 1 1 0 2 2 1 2 2 2 0 1 1 2 0 0 2 0 2 1 1 1 1 2 0 2 2 2 1 2 2 0 0 1 1 1 0 2 0 2 0 0 0 1 0 2 2 2 2 2 1 1 1 1 1 1 0 1 1 2 0 1 0 2 0 1 1 0 1 1 0 2 0 2 0 1 2 1 1 1 0 2 0 1 1 2 1 2 0 2 2 2 1 0 2 1 1 0 2 0 2 0 2 2 0 1 0 2 2 2 0
0 2 1 2 0 0 1 0 2 0 0 2 0 1 1 1 0 1 1 2 0 2 1 0 2 0 1 2 0 1 0 1 1 2 1 2 0 2 1 0 0 1 2 0 2 0 0 0 1 2 2 0 1 2 1 1 2 0 0 0 1 0 2 0 0 0 1 2 0 2 2 0 1 2 2 0 2 2 1 2 2 1 2 1 0 1 2 0 1 0 1 1 1 0 1 2 1 2 1 1 2 0 0 0 0 2 1 0 2 0 0 2 1 0 0 2 1 2 2 0 0 1 1 1 1 1 1 0 1 0 2 1 2 2 1 2 2 0 0 2 1 0 1 2 1 1 1 0 1 1 1 1 2 2 1 1 1 0 2 0 1 2 1 1 0 0 0 2 1 2 0
2 0 1 2 2 1 1 2 2 0 0 2 2 1 1 1 2 1 1 0 0 2 1 1 2 0 0 2 1 2 2 2 2 2 2 1 0 1 2 2 2 0 2 2 1 0 2 2 2 1 2 0 0 2 2 0 0 2 1 2 2 1 1 1 0 2 1 0 0 1 1 0 1 0 0 1 2 2 1 2 2 0 2 0 0 2 1 0 2 0 0 1 1 2 1 2 1 2 0 2 0 2 2 2 0 0 0 0 0 1 2 2 0 1 0 0 2 2 2 1 2 2 0 1 1 2 1 0 1 2 2 2 1 0 2 2 1 0 0 1 2 2 2 0 2 0 1 1 0 0 0 2 0 1 1 2 0 0 2 2 2 0 2 1 1 2 2 2 0 2 1
0 2 1 1 2 1 0 1 1 1 1 1 1 0 1 0 1 1 1 1 0 2 0 2 0 0 1 0 0 2 2 1 2 1 2 1 0 2 2 0 0 0 2 2 1 0 0 0 1 1 2 2 1 2 0 2 0 2 2 1 1 0 0 0 1 2 2 2 2 1 0 0 0 0 0 2 1 1 2 0 2 2 0 1 2 0 0 0 0 1 2 2 1 0 1 0 0 0 0 0 2 1 1 0 2 2 2 0 0 0 1 0 2 2 2 2 0 1 0 1 0 0 1 2 1 2 2 1 0 0 2 2 1 1 0 1 1 1 2 2 2 0 2 2 0 0 0 1 1 0 0 1 1 2 0 0 2 0 2 0 0 2 0 0 1 1 1 2 0 1 1
2 2 2 1 0 2 2 2 1 0 0 2 2 0 0 0 0 1 0 0 1 2 0 2 1 2 2 1 0 0 0 2 0 0 2 1 2 1 1 0 2 1 0 0 2 1 0 0 2 1 0 1 0 1 1 2 2 1 1 2 1 2 0 0 2 0 2 2 1 0 0 2 2 0 2 2 2 0 2 1 1 0 2 2 2 1 2 2 2 1 2 2 0 0 0 2 0 2 2 2 2 2 1 2 0 0 1 2 1 1 1 2 2 0 0 2 0 0 2 0 1 1 0 1 1 0 1 2 2 1 2 0 0 0 2 0 2 2 0 0 1 1 1 2 2 1 1 2 1 1 1 0 0 1 2 2 0 1 0 0 2 2 0 2 0 1 0 2 1 0 0
2 1 2 1 0 0 0 1 2 2 2 2 0 1 1 0 1 2 0 0 2 2 1 1 0 2 1 0 0 1 1 1 0 0 0 0 1 1 1 0 1 1 0 1 1 2 2 0 2 0 0 1 0 2 2 0 2 0 2 1 2 0 2 2 1 0 1 2 1 0 1 0 2 1 2 1 1 2 1 0 2 2 2 0 2 1 1 2 0 1 0 0 1 0 0 0 1 1 0 0 2 1 1 1 2 0 2 1 0 2 2 0 1 1 1 1 0 2 0 1 1 2 2 2 2 0 0 0 2 1 1 1 2 0 0 2 1 0 2 2 2 1 2 1 0 0 0 1 0 1 0 1 0 2 1 0 0 2 1 2 0 0 0 0 0 1 0 2 0 2 1
2 1 1 2 1 1 2 0 0 1 1 1 2 1 0 0 1 0 2 0 0 2 1 1 0 0 0 2 0 2 2 0 1 0 2 0 2 0 1 2 1 2 2 2 0 0 2 2 1 2 0 2 1 2 1 2 2 1 2 2 1 1 2 0 2 0 1 2 0 0 2 2 1 2 1 2 0 1 2 1 0 2 0 2 1 2 2 1 0 0 0 0 1 1 0 1 1 2 1 2 1 1 2 2 1 2 1 2 1 0 0 0 1 1 0 0 1 0 2 2 0 0 2 2 1 1 1 0 1 2 0 2 2 0 1 1 0 1 0 1 2 0 1 0 1 2 1 0 0 1 0 1 1 0 0 0 1 2 1 1 2 2 0 1 0 0 0 1 1 0 2
0 1 2 2 0 1 0 1 2 2 1 0 0 2 0 1 1 0 1 2 0 1 1 2 1 1 0 2 2 0 2 2 2 1 2 0 0 2 1 2 2 1 0 0 0 1 1 2 1 2 0 2 0 1 2 2 2 2 2 2 2 0 2 2 1 2 2 0 1 2 2 1 0 1 2 1 2 1 0 1 2 0 1 0 1 0 1 1 0 0 0 0 0 0 0 0 2 0 0 1 2 0 0 0 1 2 1 1 2 2 0 1 0 2 2 0 2 0 1 0 2 0 0 2 0 1 0 0 2 0 1 2 2 2 0 1 2 1 0 1 1 1 0 0 0 0 1 0 0 2 0 2 0 1 0 0 0 1 0 0 0 0 2 2 2 0 0 2 2 1 2
1 0 2 2 0 0 0 1 1 1 2 1 1 1 2 0 2 1 0 2 1 1 1 1 0 2 2 1 2 1 0 1 1 2 1 0 1 1 1 2 0 2 1 2 0 2 2 0 1 0 2 2 2 0 1 0 0 0 1 2 1 2 1 1 0 0 2 1 2 0 1 0 0 0 2 1 2 2 1 0 2 0 0 2 1 1 1 2 2 2 2 1 0 1 0 0 2 2 2 1 1 0 2 1 0 1 0 1 1 1 1 1 0 0 1 2 2 2 1 1 0 1 1 0 0 2 1 2 0 0 2 1 0 1 0 1 1 1 2 2 1 2 1 1 0 0 0 2 2 1 2 0 1 0 0 1 0 1 2 0 2 2 1 2 0 0 2 1 1 1 2
2 1 0 0 1 0 1 1 1 1 0 1 2 1 0 1 1 2 1 0 2 0 1 1 1 2 1 0 1 0 2 0 2 1 2 1 2 1 2 0 2 0 0 2 1 0 2 0 0 0 0 2 1 0 2 2 2 0 0 1 0 0 0 0 2 2 2 1 1 2 0 2 2 0 1 1 1 0 1 1 1 0 1 0 0 0 2 0 0 2 2 2 0 2 0 0 2 0 2 0 2 2 2 2 0 2 0 2 0 2 0 2 2 2 2 0 0 1 2 2 2 1 2 0 1 0 1 0 0 1 1 0 1 2 2 1 1 2 0 2 2 1 2 0 2 1 0 0 1 0 2 1 1 2 2 0 2 1 0 0 2 0 0 0 2 2 2 1 2 0 1
2 2 0 0 2 0 0 2 2 2 0 0 0 2 0 1 0 2 2 1 2 0 2 1 2 2 0 1 0 2 0 2 1 1 2 1 1 0 0 1 2 0 1 1 1 0 0 2 0 0 0 2 1 0 1 1 1 0 0 1 2 1 1 1 0 1 2 0 2 2 1 2 1 1 1 0 1 2 0 1 2 1 1 1 2 1 0 1 1 1 2 0 0 0 2 0 1 1 0 1 0 2 1 2 0 2 2 2 2 2 1 2 1 2 1 1 0 1 2 2 0 2 0 0 0 2 1 2 0 2 0 2 1 2 2 2 1 0 1 2 0 2 2 2 0 0 0 1 2 0 2 0 2 2 1 0 0 0 2 1 2 0 1 2 2 1 1 1 1 1 0
1 1 2 1 2 0 2 1 0 1 0 0 1 0 2 2 0 2 1 2 2 1 0 2 0 1 1 2 0 2 0 0 2 0 2 1 0 2 0 1 0 0 2 2 1 2 2 2 1 0 1 1 0 0 0 0 2 0 0 0 2 1 1 2 2 0 2 0 2 2 1 1 1 0 1 0 0 0 2 2 0 2 1 1 2 0 0 1 0 0 2 0 2 0 0 1 0 2 1 1 2 0 2 0 2 0 0 2 0 0 2 1 2 2 1 2 2 1 0 2 1 0 0 2 1 0 1 0 0 1 1 1 1 1 1 1 1 2 2 2 0 1 1 2 1 2 2 0 0 2 0 0 0 1 0 2 2 1 2 1 2 1 2 2 2 0 1 1 2 0 1
0 0 2 0 1 0 2 0 1 2 0 1 0 1 2 0 2 1 0 0 1 1 2 1 1 2 0 2 0 0 0 0 1 1 2 0 1 1 0 2 1 1 2 2 0 1 0 0 0 1 0 2 0 2 1 2 2 1 2 0 0 0 2 1 1 1 1 0 2 2 0 1 1 0 1 2 0 1 2 0 0 0 0 1 2 2 1 2 0 0 0 0 0 2 0 2 0 1 0 0 2 1 1 1 2 2 0 2 2 0 0 2 0 1 0 0 0 1 2 2 0 0 0 0 2 0 1 0 0 2 1 2 1 0 0 1 1 1 0 1 2 1 0 2 0 2 0 1 1 2 0 1 0 2 0 0 2 2 2 0 1 1 2 0 2 0 1 0 2 1 1
1 1 0 0 1 2 0 2 0 1 1 0 2 0 0 0 0 2 2 1 0 1 1 1 1 2 2 2 1 2 1 0 0 2 1 2 1 0 1 2 2 0 2 2 0 0 2 1 2 0 0 1 2 1 2 0 0 0 0 0 0 2 1 1 1 0 0 0 1 2 0 1 0 1 0 0 1 0 2 2 1 0 0 0 2 0 2 0 1 0 0 1 2 2 2 1 1 2 2 2 2 2 1 0 1 1 0 0 2 1 0 1 1 1 0 1 2 2 2 1 2 0 2 2 1 0 1 2 0 0 1 0 0 0 0 2 0 2 0 0 1 1 2 2 2 0 1 1 2 1 2 2 1 0 1 0 0 0 2 1 0 2 2 1 2 2 0 0 1 1 1
2 2 1 0 1 1 2 1 1 1 1 1 0 1 0 1 2 0 0 1 0 2 0 1 0 0 0 1 0 1 2 0 2 1 0 0 0 0 2 2 1 1 0 2 0 0 1 0 0 1 1 1 2 2 1 0 2 1 1 0 0 2 1 2 0 1 1 2 0 1 1 2 2 0 2 0 0 0 1 2 2 0 0 2 2 2 2 2 1 0 0 2 2 1 2 1 0 1 1 0 1 2 1 0 2 0 1 1 1 2 0 1 2 1 0 2 2 2 2 0 0 0 0 0 1 1 2 2 0 0 1 1 0 2 2 1 2 1 2 0 1 0 1 1 2 2 1 1 1 1 0 2 1 0 0 0 1 2 0 2 0 1 0 0 0 0 1 1 2 1 2
1 2 2 0 0 1 1 1 1 0 2 0 1 0 1 2 2 1 0 2 1 1 1 2 0 1 1 2 1 0 2 0 1 1 1 1 1 0 0 2 1 0 0 2 0 1 0 0 2 1 0 0 2 1 0 0 2 2 0 2 0 0 2 2 1 1 0 0 2 0 2 0 1 2 0 2 1 0 0 1 1 0 2 2 1 0 0 1 2 2 0 0 2 1 2 1 0 2 2 2 1 2 2 2 0 1 2 1 1 2 0 1 0 0 1 1 0 2 2 0 1 1 0 0 0 0 0 0 0 2 0 1 1 0 2 2 1 2 2 1 2 0 0 2 0 1 0 1 0 0 1 0 1 2 0 2 2 0 0 1 0 1 0 0 1 2 2 0 2 1 2
1 1 2 0 2 0 1 1 1 2 0 1 1 2 0 1 0 1 2 1 2 0 1 0 1 1 0 2 1 2 2 0 1 1 1 1 2 0 0 2 0 0 1 2 0 1 1 0 1 0 1 0 0 2 1 0 1 1 0 1 1 0 1 1 1 2 2 2 0 1 1 1 1 2 1 1 2 2 2 0 0 0 1 1 1 2 1 0 0 0 1 0 0 0 1 2 1 1 1 2 2 0 1 1 1 0 0 0 2 0 1 0 1 2 0 0 2 2 1 0 2 0 0 0 1 1 0 2 0 2 1 2 0 0 1 2 0 0 2 1 0 1 2 2 1 2 0 0 2 1 0 2 2 1 0 0 0 0 0 0 2 0 1 0 0 0 2 2 0 2 0
1 0 2 1 1 0 1 2 0 0 0 2 2 2 2 1 2 0 2 1 1 0 0 1 1 1 2 1 2 2 2 0 0 2 2 2 2 0 2 2 0 0 0 1 2 0 0 2 1 2 1 2 0 2 1 2 1 1 0 1 1 0 2 2 2 2 1 2 0 1 2 1 1 2 0 1 0 0 2 1 2 1 1 0 2 0 0 0 0 0 2 1 0 2 1 0 1 2 0 0 2 2 1 1 2 2 0 0 2 0 2 2 2 1 1 1 1 1 2 1 0 1 0 1 1 1 2 0 2 2 0 1 0 2 2 0 1 0 0 1 1 2 2 1 0 0 2 2 1 2 2 1 1 2 1 2 2 0 1 1 0 2 0 0 0 0 1 2 1 1 1
0 1 1 1 2 1 1 1 0 1 0 0 2 1 1 0 1 1 2 0 2 1 0 0 2 0 1 2 2 2 0 1 0 1 2 0 0 1 2 0 2 0 0 0 2 2 0 0 1 2 0 0 1 1 1 1 2 2 1 2 0 1 0 1 0 1 2 1 2 1 2 0 2 1 0 2 0 1 2 1 1 1 0 0 2 2 2 2 2 0 0 2 2 1 1 0 2 1 1 0 2 1 1 2 0 2 1 0 0 2 0 2 0 0 0 0 0 0 0 2 0 0 2 1 2 1 1 2 2 1 2 2 0 0 1 0 2 0 0 0 0 0 0 1 1 0 1 1 0 2 1 2 0 1 0 0 2 2 2 1 0 2 0 0 0 2 0 0 0 1 0
0 2 1 1 1 1 1 0 0 0 2 2 1 0 0 1 2 2 1 1 0 0 1 0 1 1 2 1 1 0 2 0 0 0 1 2 1 0 0 1 1 2 1 2 0 1 1 0 2 2 2 2 0 1 0 1 0 2 2 2 0 1 0 1 1 2 0 0 0 1 0 1 1 1 1 2 1 2 0 1 2 2 1 2 1 1 0 1 2 2 1 2 1 1 1 0 2 2 0 2 1 0 1 2 0 2 2 2 2 0 1 1 0 2 1 1 0 1 1 0 1 2 0 2 2 1 2 1 1 0 0 0 2 2 0 0 1 1 0 1 1 1 0 1 0 1 1 1 0 2 2 1 2 0 1 1 1 1 0 1 1 1 1 1 0 1 1 2 0 1 0
1 0 0 1 0 2 0 0 2 2 2 0 1 2 2 1 1 0 1 2 0 0 1 1 0 1 1 0 1 2 1 0 0 2 2 1 2 2 1 2 2 1 0 1 1 0 2 0 1 1 0 1 2 2 1 2 0 2 0 1 2 2 2 0 2 1 0 1 1 1 1 0 1 2 2 2 0 2 0 2 0 1 2 0 0 1 0 0 0 1 2 0 0 2 1 0 1 1 0 1 0 1 2 1 1 1 2 2 2 2 2 0 0 2 1 1 0 1 2 0 0 2 0 1 2 2 2 0 0 2 2 2 1 2 0 0 0 2 0 0 0 0 1 0 2 2 2 2 1 2 0 1 1 1 0 0 2 0 2 2 2 1 2 1 0 0 2 2 0 2 2
0 0 0 2 2 0 2 2 1 1 0 0 1 1 0 2 0 0 1 1 1 1 0 2 2 1 1 2 0 1 0 1 2 1 0 1 2 0 1 0 2 1 1 0 1 2 2 2 2 2 0 1 1 2 1 1 1 0 1 1 0 2 0 2 0 1 2 0 2 0 2 2 0 0 2 1 2 2 0 0 2 2 1 0 2 0 2 0 1 1 2 2 0 0 2 1 2 1 0 1 0 2 0 0 2 0 1 0 0 2 0 2 1 2 1 0 1 1 2 0 2 2 2 0 2 1 2 1 0 2 1 0 1 2 1 1 0 2 2 1 2 0 1 1 2 2 2 1 0 2 1 0 1 0 1 1 2 1 1 0 0 2 1 2 1 0 1 2 0 0 0
2 0 2 1 0 2 2 2 1 1 0 1 0 2 0 2 2 2 0 0 2 0 2 1 0 2 0 2 2 1 1 1 1 0 0 0 2 2 0 1 1 1 0 1 0 1 2 2 0 2 0 0 0 2 0 1 1 0 0 0 2 1 2 1 2 0 2 0 0 2 1 1 2 2 1 2 1 0 0 2 0 0 0 1 0 1 2 1 1 1 0 1 0 0 1 0 0 0 1 1 1 0 2 0 0 1 0 2 1 0 2 2 2 0 1 2 1 1 1 0 2 1 0 2 2 1 0 2 2 2 0 0 0 1 1 1 2 2 0 2 0 0 2 2 0 0 2 2 1 1 0 1 0 0 2 0 2 0 0 1 0 2 0 0 0 1 1 0 1 1 0
2 2 2 2 0 1 2 0 0 0 1 2 1 1 1 1 0 1 2 2 2 2 2 2 2 2 0 0 0 0 1 0 0 1 0 0 2 2 1 0 2 2 2 0 1 1 0 2 0 0 2 0 2 1 0 2 0 2 2 2 2 1 2 2 0 2 0 2 1 2 0 1 1 0 0 1 2 0 0 0 0 2 1 0 2 2 2 0 1 2 2 1 1 2 1 1 2 2 1 1 2 2 0 1 2 0 2 2 1 0 0 2 0 2 2 0 1 2 2 1 2 1 2 0 1 2 1 2 1 0 1 0 2 1 2 2 0 2 2 1 0 2 1 1 2 1 0 1 1 2 2 0 0 0 1 0 2 2 2 0 2 0 1 0 2 1 0 2 0 2 2
1 2 0 0 1 2 1 2 1 0 0 1 0 0 0 1 2 2 1 0 0 2 2 1 2 0 1 2 2 0 1 0 2 2 1 1 2 2 1 1 2 1 1 1 1 1 0 1 2 2 1 2 2 1 1 1 0 2 2 2 0 0 0 0 0 0 1 0 0 2 1 1 2 2 0 0 1 0 0 1 0 1 0 0 1 2 2 1 1 1 1 1 0 1 1 0 1 0 1 0 2 0 1 1 1 1 0 0 2 0 1 0 2 2 1 1 1 0 2 2 0 0 1 0 0 2 1 2 2 2 2 2 0 0 2 1 1 0 1 1 1 0 2 0 2 0 2 0 1 2 0 1 0 1 2 1 1 0 0 1 0 0 2 1 0 1 0 0 2 0 1
0 0 1 1 0 1 0 0 0 0 1 2 1 0 1 2 2 0 2 0 0 0 2 1 1 1 0 1 0 0 0 1 0 2 0 0 1 1 2 1 2 1 0 0 1 0 0 1 0 1 0 1 1 2 0 0 2 0 2 0 1 0 2 1 2 0 2 0 1 2 2 1 0 0 2 2 1 1 1 2 2 1 1 1 1 2 0 0 0 2 2 1 1 2 2 0 2 2 2 0 1 2 2 1 0 2 2 2 0 0 1 0 2 0 1 1 2 1 2 2 2 2 0 0 1 1 1 0 0 1 1 2 0 1 1 1 0 1 1 0 1 2 1 1 0 2 0 0 2 0 0 2 2 1 0 1 2 1 1 0 1 0 0 1 1 2 0 1 1 1 2
0 2 0 2 0 1 2 0 1 0 0 0 0 0 1 1 2 0 0 0 1 0 0 0 2 0 0 1 2 0 1 2 2 2 1 2 1 1 2 2 1 1 0 2 1 1 0 1 2 0 2 1 1 0 1 0 1 0 1 0 0 0 0 2 1 1 1 2 1 1 0 0 2 1 0 1 1 0 0 1 1 0 2 0 0 2 0 2 2 2 2 2 1 2 2 2 2 1 2 0 2 0 0 0 2 1 1 1 2 1 2 1 2 1 1 0 0 2 2 0 1 2 0 2 0 2 2 2 1 2 0 1 2 0 1 2 2 0 0 2 0 0 0 2 2 2 2 0 1 2 2 2 2 2 0 2 0 2 2 1 2 2 0 0 0 2 0 2 0 1 2
0 1 0 2 1 2 0 0 0 2 0 1 2 2 1 1 0 1 0 0 2 0 0 2 1 1 2 1 1 1 1 2 1 1 2 0 1 2 1 1 2 1 2 2 2 1 1 2 1 2 2 0 0 1 0 2 2 2 0 1 2 1 0 1 1 2 1 0 2 0 2 2 2 0 1 1 1 0 1 2 1 1 0 2 2 0 1 2 1 2 0 0 2 0 1 0 1 0 0 1 1 0 0 1 0 2 0 2 1 1 2 0 1 0 0 1 1 2 1 2 1 1 0 1 0 2 1 1 0 2 2 2 0 0 1 0 0 2 0 2 0 1 0 2 2 0 1 0 0 2 0 0 1 1 1 1 1 1 0 2 0 0 1 1 1 0 0 2 2 1 2
0 2 0 0 1 1 2 0 2 1 1 2 2 2 0 2 0 1 0 2 0 1 2 2 2 2 2 2 2 1 2 2 1 0 0 1 2 2 1 1 1 2 1 1 1 0 1 0 2 1 2 0 2 1 0 0 1 0 2 0 1 2 1 1 0 1 2 0 2 0 2 0 2 2 1 1 2 0 1 2 2 2 0 2 1 0 0 0 0 1 1 0 1 2 1 2 1 0 0 0 1 0 1 1 2 1 2 2 1 2 2 1 1 2 2 2 0 2 0 0 0 2 1 2 1 0 2 0 1 0 1 2 0 0 1 1 1 1 0 0 1 0 2 0 0 1 0 0 1 1 2 2 1 0 2 0 2 1 1 0 1 0 0 2 1 2 0 0 0 2 1
2 2 1 2 1 0 0 1 2 2 1 1 0 0 1 0 2 0 2 2 2 1 0 2 0 0 0 1 1 2 0 1 0 2 1 1 0 2 0 2 1 2 1 2 0 0 0 2 1 0 1 0 2 0 0 0 0 1 1 2 1 2 1 2 1 0 1 1 2 0 0 1 2 2 0 0 0 1 2 2 0 1 2 2 1 0 2 2 2 1 0 0 0 1 1 2 2 2 0 2 2 1 1 2 1 2 2 1 2 2 1 0 1 1 2 0 2 0 1 1 2 2 2 1 0 0 0 0 1 1 0 1 0 2 1 1 2 1 1 2 2 2 2 0 1 0 1 0 1 0 2 0 2 2 1 1 0 0 2 2 1 0 1 2 2 0 0 2 1 2 2
1 2 1 1 0 2 1 2 0 2 1 2 2 1 1 1 0 1 0 2 0 0 0 2 0 0 0 2 0 0 1 1 2 1 1 1 0 2 1 2 2 2 1 1 2 2 2 2 2 0 1 2 0 2 2 0 0 0 1 0 0 0 2 1 1 1 0 0 1 1 0 0 1 1 0 0 1 0 0 0 1 2 0 1 2 0 0 2 0 1 1 1 1 1 2 1 2 2 2 0 1 2 0 0 1 0 1 0 2 2 1 0 2 2 1 2 2 2 2 0 1 0 1 0 2 1 2 1 1 2 2 0 2 1 1 0 2 0 1 1 2 0 1 2 2 1 1 2 0 2 2 2 2 2 0 2 0 0 1 2 2 1 0 1 2 1 2 2 2 0 1
2 1 2 0 1 0 2 1 2 1 1 1 2 0 2 2 1 2 0 1 1 2 2 2 2 1 1 2 1 2 0 1 0 0 2 0 2 2 1 1 0 0 0 2 2 2 1 0 2 0 2 0 2 2 0 0 1 2 0 0 1 1 2 0 1 2 0 0 1 2 1 1 2 2 2 2 1 1 0 0 1 0 1 2 2 1 2 1 1 0 1 0 1 1 0 2 0 1 0 2 0 2 0 0 2 0 0 1 2 1 0 0 1 2 0 2 1 0 0 2 0 0 0 1 2 1 1 0 2 2 2 0 2 0 1 2 1 2 2 1 0 0 2 2 2 0 1 0 0 0 1 1 1 2 0 0 1 1 0 1 1 2 2 2 0 1 1 2 1 1 0
2 1 0 1 1 0 1 2 1 1 1 2 2 1 0 2 0 2 0 1 2 0 1 1 0 0 0 0 1 0 1 0 1 1 2 0 2 0 0 1 2 1 0 2 0 1 2 0 2 2 2 2 0 1 0 0 2 1 1 0 1 0 1 1 2 1 1 2 2 2 0 2 1 1 1 1 1 0 0 0 0 2 2 0 0 0 1 2 2 1 1 2 1 0 0 1 2 2 0 1 2 0 1 0 0 2 2 1 0 2 2 1 2 1 1 1 2 0 1 1 1 2 0 0 2 1 2 1 1 2 0 0 1 1 1 1 1 1 0 2 2 2 0 1 0 2 0 0 0 2 1 1 1 0 2 2 1 2 1 2 2 2 2 0 1 1 2 1 0 2 0
2 1 1 0 2 0 1 2 0 1 2 0 2 2 0 2 0 2 1 0 2 1 0 0 2 2 0 0 2 0 2 1 2 0 2 2 1 1 2 0 0 1 0 0 0 1 2 1 1 1 2 0 2 0 0 0 2 2 0 2 2 2 1 2 0 2 1 2 1 1 0 2 2 1 0 1 2 0 2 0 2 2 0 1 2 2 1 0 2 0 0 1 0 2 1 1 1 0 1 0 2 2 2 2 0 2 0 2 0 0 0 2 2 1 1 0 1 1 0 0 1 1 2 1 0 1 0 2 1 2 0 1 1 2 0 2 0 1 1 1 1 1 1 1 1 2 2 2 0 0 0 2 1 2 1 2 0 2 2 2 0 2 0 2 0 1 2 1 2 0 2
0 0 0 2 2 2 2 1 1 2 1 0 1 2 2 1 2 0 0 0 0 1 0 0 1 2 2 2 1 1 1 0 2 2 0 1 2 0 2 0 2 2 2 1 1 2 0 1 2 1 1 0 2 2 2 1 1 1 0 1 2 2 2 2 1 2 0 0 0 1 2 1 0 2 2 1 1 1 2 2 2 1 0 2 1 2 0 0 1 0 2 1 0 1 1 1 2 2 2 2 0 1 0 1 0 1 0 0 2 0 2 2 2 2 1 1 2 2 1 1 2 2 2 0 0 1 1 2 2 1 0 0 0 1 2 1 2 2 1 2 0 0 2 2 1 1 1 0 0 1 2 0 0 1 0 0 1 2 1 0 1 1 1 2 2 0 0 0 0 0 0
1 1 1 2 2 2 0 0 0 1 2 1 2 2 2 0 1 1 2 2 0 0 0 2 0 1 1 1 2 1 2 0 0 0 2 0 0 1 1 1 0 2 0 0 2 0 0 0 2 0 2 0 1 0 0 1 1 1 0 1 0 0 0 1 1 0 2 2 1 1 1 2 0 1 2 2 2 0 0 1 0 0 1 1 1 2 0 0 0 1 2 2 2 2 0 0 2 2 1 2 0 2 1 2 1 1 2 0 1 0 1 2 1 1 1 2 0 1 0 1 0 0 0 0 2 1 1 2 0 2 2 2 2 0 1 0 2 1 1 1 2 0 0 1 1 2 0 2 1 1 1 2 1 2 2 1 2 1 2 0 1 1 2 1 0 1 1 2 0 0 1
2 1 2 1 2 2 2 2 1 0 1 1 0 1 0 1 0 0 0 1 2 2 1 1 2 1 0 1 2 1 0 2 2 1 1 2 0 0 2 1 1 0 2 1 0 0 0 1 1 1 2 1 0 2 2 0 0 2 0 2 1 0 2 1 1 0 1 2 1 0 0 0 2 0 2 2 2 0 0 0 2 1 1 0 1 1 1 2 1 1 2 0 2 1 2 1 2 0 1 0 1 0 1 0 0 2 0 0 0 2 1 2 1 0 1 2 2 2 1 1 1 0 1 0 2 0 2 1 1 1 0 0 2 2 1 0 2 2 1 0 2 0 0 0 1 1 0 1 1 2 2 2 0 2 1 2 0 1 1 0 0 2 0 2 2 2 0 2 2 1 2
1 2 2 2 0 2 2 2 0 1 1 1 1 1 0 1 0 1 0 0 2 0 1 2 2 0 2 1 1 1 0 2 0 1 2 1 0 2 0 1 2 2 2 1 2 0 0 2 2 1 0 2 1 1 1 1 2 2 2 0 0 1 1 2 0 1 0 0 1 1 2 0 0 2 2 2 0 0 2 2 2 2 2 0 1 2 2 2 1 0 0 2 1 2 2 1 0 2 2 2 1 1 0 2 1 2 2 2 1 2 2 0 2 0 1 2 2 1 1 1 1 2 1 0 2 1 2 2 1 1 2 0 0 0 2 0 0 2 0 1 1 2 2 2 0 1 1 2 2 0 1 1 2 0 1 2 1 0 0 2 2 2 2 0 0 2 0 2 2 0 1
1 1 1 0 2 2 2 2 2 0 0 1 1 1 2 0 2 0 0 0 0 1 0 0 2 0 2 1 0 0 0 1 2 1 0 2 1 0 1 1 1 2 2 2 1 2 2 1 0 1 1 0 2 0 1 2 0 0 1 0 1 1 2 0 0 0 2 2 1 1 0 2 2 0 1 0 0 0 2 0 2 2 1 2 2 2 2 0 1 0 1 2 2 0 0 2 1 1 1 2 2 2 1 1 2 0 2 2 1 0 0 1 2 1 0 2 1 2 2 2 0 0 2 2 0 1 1 2 2 0 2 1 0 1 1 2 1 1 2 0 1 0 2 0 2 2 2 1 0 2 1 0 2 2 0 1 0 2 1 2 1 1 1 1 2 2 2 2 2 2 0
0 0 2 2 2 1 2 1 2 2 1 0 2 0 1 0 0 0 2 2 1 1 0 1 1 1 0 0 0 2 0 1 0 2 0 0 2 1 2 2 1 0 2 0 0 0 2 1 2 2 1 1 0 0 2 1 1 0 0 2 0 0 1 0 1 2 1 1 1 1 0 2 2 0 2 1 1 1 2 0 0 2 2 0 2 2 0 1 0 0 1 1 1 2 1 2 1 1 1 0 0 2 2 2 0 2 1 2 1 1 1 2 0 1 0 0 0 1 1 1 1 2 2 1 1 2 1 1 0 0 1 1 0 2 0 1 1 2 0 2 1 2 2 2 0 1 2 1 2 1 2 2 1 0 0 2 2 1 1 0 2 1 1 2 0 2 1 2 1 0 2
0 2 2 0 0 1 0 2 0 1 2 0 2 2 1 0 2 1 2 2 0 0 0 1 1 0 0 0 2 0 0 1 0 0 1 1 1 0 0 2 1 2 0 2 0 1 0 2 2 0 2 1 1 0 0 0 1 0 1 2 1 2 0 2 2 2 0 0 2 1 2 2 0 0 2 1 2 2 1 2 0 1 1 1 1 1 0 0 2 1 2 0 0 0 2 2 0 0 0 0 1 0 2 2 1 2 1 1 2 2 0 2 0 0 2 2 1 2 0 0 0 0 1 1 0 1 1 1 2 1 2 0 1 2 0 0 1 2 1 0 2 0 2 0 0 1 2 2 0 0 0 1 1 2 0 2 2 1 1 1 0 1 0 0 0 1 0 2 0 2 2
0 2 2 0 0 2 2 2 0 0 0 2 2 0 2 2 0 2 1 2 2 0 2 0 1 0 1 0 1 0 0 1 0 0 1 0 2 2 0 0 0 1 0 0 2 2 0 2 2 1 2 0 2 2 0 0 0 1 0 2 2 0 0 0 2 0 1 1 0 2 1 0 0 1 1 0 2 1 0 1 1 2 1 0 1 0 1 2 1 1 2 2 0 0 2 2 0 1 1 0 1 0 1 2 2 0 2 2 1 2 1 0 2 0 1 2 0 0 1 0 2 1 2 2 1 2 2 0 0 2 0 2 0 2 1 2 0 1 2 0 1 1 0 1 2 2 0 1 2 2 1 2 0 1 2 2 0 0 2 2 2 0 1 2 0 0 2 1 2 1 1
1 0 2 2 1 2 0 2 1 2 1 1 0 2 1 2 2 1 2 1 1 0 1 0 1 2 2 2 1 2 1 2 0 2 2 1 1 2 1 0 2 2 0 0 2 1 0 2 0 0 1 2 1 2 2 2 1 2 0 1 2 1 0 1 1 1 2 2 0 2 1 1 1 1 1 2 0 2 1 1 2 0 0 0 1 0 0 0 2 1 1 0 0 0 1 2 1 1 2 2 0 0 0 0 2 0 2 2 2 1 1 0 1 1 1 2 1 1 0 2 0 1 2 1 1 0 0 0 2 2 0 0 0 1 1 0 1 0 1 1 1 2 2 0 1 0 0 2 0 1 2 0 0 1 1 0 2 1 0 2 1 1 0 2 0 1 0 1 1 1 0
0 1 2 0 2 0 1 2 1 0 0 1 1 1 0 2 2 2 2 1 0 2 2 0 2 0 1 0 2 0 2 2 1 2 0 1 2 0 2 1 1 2 0 0 0 1 2 0 0 0 2 2 2 1 2 1 1 1 2 1 2 1 1 1 1 2 0 1 0 2 0 1 1 1 2 2 2 2 1 2 2 0 2 1 2 0 0 1 1 0 0 1 2 1 0 1 1 0 0 2 0 1 2 2 0 2 2 2 1 0 2 1 1 2 0 1 2 1 0 1 2 0 0 1 0 1 1 1 1 1 2 2 0 1 1 0 0 1 0 2 2 2 1 1 1 2 0 1 1 0 0 1 1 0 0 2 1 1 1 0 0 0 0 0 2 2 1 2 0 1 0
0 1 1 1 0 1 1 2 0 0 0 1 1 0 2 0 2 0 2 0 1 0 1 2 2 0 1 0 1 2 0 2 1 2 1 2 1 0 2 1 0 2 1 2 2 0 0 2 1 2 0 0 0 1 0 0 2 1 1 0 1 2 2 0 1 1 2 0 2 1 0 0 0 1 0 0 2 0 0 0 0 1 1 2 2 2 2 1 0 1 1 2 0 2 2 2 0 2 1 2 0 2 0 1 0 0 2 0 1 0 0 2 1 2 1 0 1 1 2 2 2 2 2 0 1 2 1 1 2 0 1 0 2 2 0 0 2 2 0 1 1 1 0 2 2 2 1 1 1 1 2 2 0 1 2 1 1 1 0 0 2 2 2 1 2 2 2 1 2 2 0
0 2 2 0 2 2 1 0 0 0 2 2 1 1 0 0 0 2 2 1 2 1 0 0 1 2 0 0 0 0 2 0 0 1 0 2 0 2 0 0 0 0 1 2 0 1 2 0 0 1 2 2 1 0 1 0 0 2 1 0 0 0 1 1 1 2 1 1 0 2 0 1 0 1 1 0 0 0 1 0 0 0 1 1 1 0 1 0 2 2 0 0 0 2 2 2 0 1 2 1 0 0 0 1 1 1 2 2 2 1 0 2 2 1 0 1 2 2 1 2 0 2 0 1 2 2 0 0 1 0 1 2 0 1 1 2 0 1 1 0 2 2 2 2 1 1 1 2 0 0 1 0 0 1 2 0 2 0 1 0 1 0 0 2 2 2 2 0 1 2 1
1 2 0 2 0 1 1 0 0 1 2 1 2 1 1 0 0 2 1 1 0 2 1 0 2 1 0 0 2 2 2 1 1 2 0 2 2 1 0 0 0 0 1 2 1 0 0 0 0 2 1 1 2 0 2 2 2 0 0 2 2 2 1 1 2 2 2 2 1 0 2 2 0 1 2 2 2 0 2 0 0 1 1 2 2 2 2 2 2 2 2 0 2 1 1 2 0 1 1 2 1 1 2 2 2 1 0 2 1 2 0 1 1 2 2 1 1 1 1 2 1 0 2 0 1 0 0 0 0 1 0 2 0 2 0 0 0 0 0 0 2 1 2 1 1 1 0 0 0 1 2 2 0 1 0 1 0 1 2 0 0 2 0 1 1 0 2 0 0 2 0
1 1 2 0 0 1 2 0 1 0 1 1 1 0 2 1 0 1 0 1 1 0 0 2 2 0 2 2 1 2 2 0 1 0 0 1 1 2 2 0 1 1 2 2 2 2 0 0 0 2 0 2 0 0 0 2 0 2 2 2 1 2 0 0 2 2 1 1 2 2 2 0 1 2 1 0 2 2 2 0 2 2 2 2 0 2 2 1 2 2 2 1 1 2 2 2 1 1 0 1 1 0 2 0 0 1 1 2 2 0 2 1 2 0 1 0 2 0 2 2 2 1 2 1 1 2 0 0 1 1 2 0 2 2 1 0 1 2 0 0 1 1 2 0 1 0 2 1 1 1 2 1 0 1 0 1 0 0 1 2 2 1 0 2 1 1 0 0 2 0 0
0 1 2 1 0 1 0 2 2 2 1 1 2 0 1 1 1 2 0 0 0 2 1 0 1 0 0 1 2 1 1 0 1 1 2 1 0 2 1 0 2 2 1 2 2 0 0 1 0 1 2 0 1 1 1 2 1 2 0 2 1 2 2 0 0 1 1 1 2 0 2 2 0 1 2 1 2 0 2 2 2 2 1 0 0 2 2 0 2 2 2 1 2 2 1 2 2 0 1 1 1 1 1 2 2 0 1 1 1 1 2 0 1 0 1 2 0 0 2 0 0 2 1 2 2 0 0 1 1 2 0 2 1 2 2 1 0 0 0 2 0 0 0 2 0 2 1 1 0 2 2 2 2 1 2 1 2 0 0 0 0 1 0 2 0 0 1 2 1 2 2
1 2 2 0 0 2 0 2 0 2 1 2 1 0 2 1 2 0 2 0 1 1 2 0 2 2 1 1 1 1 0 0 1 1 1 2 0 1 1 1 1 0 0 1 0 1 0 1 1 2 2 2 0 1 0 0 0 2 2 0 1 0 1 0 2 2 2 2 2 0 1 1 0 2 2 1 0 2 2 2 2 2 1 0 0 1 1 2 1 1 2 2 2 1 0 1 0 2 0 0 2 2 2 0 2 2 2 0 0 2 0 2 1 1 0 0 1 2 0 0 0 0 0 2 1 1 0 1 0 1 0 1 1 2 1 1 2 1 2 2 1 2 2 0 2 0 1 1 2 1 2 0 1 2 2 2 1 0 2 0 2 0 1 1 0 0 0 2 2 0 2
1 2 1 1 2 1 1 0 1 2 2 1 2 0 1 2 1 2 1 2 2 2 0 1 2 2 2 2 1 2 1 0 2 0 2 2 0 0 0 1 0 1 1 0 2 2 2 0 2 2 1 2 1 1 0 1 0 2 0 2 1 2 0 1 2 0 1 2 1 2 2 2 0 0 2 2 2 2 1 2 1 2 1 2 1 2 0 0 2 1 0 2 1 1 1 2 2 2 2 0 2 1 0 0 1 2 0 2 1 1 2 2 1 1 0 0 1 1 1 1 1 1 0 2 2 1 1 1 1 1 0 1 0 0 2 0 0 2 0 2 2 2 2 0 1 2 1 2 2 2 2 0 2 2 2 1 2 2 1 0 1 2 2 1 2 1 2 2 2 2 2
1 2 2 2 0 2 1 1 1 1 0 2 0 0 0 0 2 2 2 1 1 1 1 2 1 1 0 1 0 2 1 1 2 1 1 1 1 0 2 1 2 0 0 0 1 1 1 2 0 1 1 1 0 2 2 2 0 2 1 0 2 0 2 2 2 2 0 1 2 0 2 2 1 1 1 0 2 2 2 1 2 0 0 2 1 2 2 1 2 1 0 2 1 0 2 1 2 0 2 2 1 0 2 0 2 0 0 2 0 0 0 0 1 1 2 0 1 2 2 2 0 0 1 2 1 1 1 1 2 1 1 0 2 0 0 1 1 0 0 2 1 2 2 1 1 2 1 2 2 1 1 0 2 0 1 1 2 2 2 1 1 1 1 0 1 2 1 0 1 0 0
0 2 0 1 0 0 1 0 0 2 2 1 0 0 2 1 0 0 1 1 1 2 1 2 1 1 1 2 2 1 0 0 1 1 2 1 2 1 2 2 1 2 1 2 2 2 0 0 2 1 2 1 0 1 0 1 2 0 1 0 1 2 1 0 0 0 2 0 2 1 2 1 0 1 0 1 0 1 1 0 2 1 2 2 2 0 1 0 0 1 1 2 0 2 0 1 0 2 1 0 2 1 1 0 2 2 1 1 0 0 1 2 2 1 2 2 2 2 0 2 0 1 2 0 1 0 2 1 0 1 2 2 2 1 0 2 1 2 1 2 0 1 0 2 2 0 2 2 2 0 2 2 2 2 0 0 0 0 0 1 1 2 1 1 0 1 2 2 0 0 0
1 1 0 1 2 0 1 2 1 2 1 0 1 2 2 0 2 2 0 0 2 2 1 0 0 2 2 1 1 1 1 0 0 2 1 0 0 0 0 1 0 2 0 1 1 0 2 0 0 2 1 2 1 0 1 0 1 1 1 0 2 0 0 1 2 0 1 2 0 1 2 1 1 0 0 2 0 0 1 0 2 0 1 2 1 2 2 0 1 0 0 1 0 0 2 0 0 0 0 1 0 2 2 1 0 1 1 0 1 2 2 0 0 0 2 2 0 1 2 1 2 2 2 0 0 2 0 1 1 2 0 1 1 0 0 2 1 1 0 0 2 2 0 0 2 1 2 0 0 2 2 0 1 2 1 2 2 0 0 1 2 1 0 1 2 1 1 1 2 2 2
2 2 2 2 2 1 2 2 2 1 2 0 2 2 1 0 2 2 0 0 1 2 1 0 2 2 1 1 2 1 0 2 1 1 1 1 2 1 0 2 0 1 2 1 0 2 1 2 1 1 0 1 2 2 1 1 1 2 1 1 1 1 0 0 2 0 1 0 2 2 2 2 0 0 0 0 0 1 0 2 1 1 0 0 0 2 2 2 0 0 1 2 2 1 2 2 2 0 2 1 2 0 1 0 0 1 1 0 1 0 0 2 1 1 2 0 0 2 2 0 0 1 2 0 1 1 0 0 2 0 2 2 0 1 2 1 0 0 2 1 0 2 0 0 1 0 1 0 0 0 0 1 0 1 2 1 0 2 2 0 0 2 0 1 0 2 2 2 0 1 0
2 2 2 0 0 0 1 0 0 2 2 2 2 1 1 1 2 1 1 0 2 0 0 1 2 2 1 1 1 1 2 0 0 1 0 1 2 2 0 0 1 2 0 1 1 2 2 0 1 0 1 1 2 1 0 1 2 1 0 0 2 2 1 0 1 2 2 1 1 2 1 2 2 2 0 0 2 1 1 0 2 2 1 1 2 1 2 1 1 0 1 0 0 0 2 1 2 1 0 0 1 1 2 0 1 1 1 1 2 2 1 1 0 1 0 2 0 0 1 1 1 0 0 2 0 2 0 2 1 1 2 2 2 2 0 1 1 1 2 0 1 2 0 2 0 1 1 1 2 2 0 1 2 1 0 0 0 1 2 1 2 2 1 0 0 1 1 1 0 2 2
2 1 0 2 2 1 1 0 0 2 1 2 2 2 0 0 0 2 0 2 2 0 0 2 0 2 1 2 0 0 2 1 2 2 0 1 0 2 1 2 1 0 2 2 0 2 2 1 2 0 0 2 0 2 1 1 2 0 1 0 1 1 1 0 1 2 2 2 1 2 1 1 0 1 0 0 2 0 2 2 0 0 1 2 0 1 1 2 2 2 0 1 2 2 2 0 1 2 2 0 2 2 2 2 1 2 2 0 0 2 1 0 0 2 2 0 1 1 0 1 1 2 0 0 1 0 1 0 0 2 1 2 2 0 1 0 0 1 2 0 1 0 1 2 0 1 0 0 0 0 1 2 2 2 1 1 2 2 2 0 1 0 2 0 1 2 2 1 1 1 2
2 2 0 1 2 2 1 2 0 2 1 0 0 0 1 1 1 1 0 2 0 1 2 1 2 1 0 1 2 1 1 2 0 1 0 1 2 2 0 2 2 0 2 0 1 1 1 2 0 2 2 0 1 2 2 1 1 0 2 1 2 0 1 0 2 0 2 1 2 0 2 2 0 1 2 2 1 1 2 1 1 0 2 2 2 1 1 1 1 0 2 1 1 2 2 2 2 2 1 2 2 0 0 1 2 2 0 0 2 0 2 1 1 1 1 0 2 2 2 2 1 2 1 0 2 1 2 1 0 1 1 0 1 1 1 1 1 2 2 1 1 1 0 2 0 2 1 1 1 1 0 0 0 2 1 1 1 1 2 2 0 1 2 2 0 1 1 2 1 1 0
2 0 1 2 1 0 0 0 0 1 1 0 2 0 2 0 1 2 0 1 2 2 0 2 0 2 2 0 1 1 1 0 1 0 2 0 0 0 0 0 1 1 2 1 2 2 2 1 1 0 2 2 0 1 1 1 0 0 1 1 1 2 2 1 2 2 2 1 0 1 2 1 0 2 0 0 2 0 2 1 0 0 0 1 1 0 2 1 0 0 0 0 1 0 2 1 2 1 0 2 0 0 2 1 2 0 2 1 0 1 1 2 1 1 1 0 1 1 2 0 2 0 1 1 0 0 0 0 2 0 1 0 1 0 1 2 1 1 1 2 2 2 2 2 1 1 2 2 0 2 0 1 0 1 2 1 1 0 2 2 2 0 2 0 1 1 2 0 2 1 0
2 0 2 2 2 2 0 2 2 2 2 0 1 2 0 2 0 1 1 0 0 2 2 2 1 1 1 2 1 0 2 2 2 0 1 1 2 2 1 1 0 2 0 1 1 1 0 2 2 2 0 0 2 0 2 1 0 1 1 1 0 0 1 0 1 1 1 0 0 1 0 0 1 0 1 2 1 2 2 0 2 2 1 1 1 1 0 1 1 1 0 1 0 2 1 1 0 0 0 1 1 1 2 2 1 1 2 0 0 2 1 0 2 1 0 0 2 0 1 0 0 0 2 0 2 0 2 0 1 0 1 0 1 1 1 0 0 0 0 1 0 0 2 0 1 2 1 1 0 0 2 0 0 1 1 0 0 1 1 2 1 0 2 1 2 0 1 0 2 0 1
2 0 0 0 2 0 2 0 1 0 2 1 1 2 1 2 0 0 0 2 1 0 2 0 0 1 2 0 0 2 2 0 2 0 2 1 2 1 2 0 2 0 2 0 2 1 2 0 1 0 2 1 1 1 1 2 2 0 2 0 0 2 2 0 1 1 2 0 0 2 1 0 2 1 0 2 0 0 2 1 0 1 2 1 0 1 1 1 2 1 1 0 1 1 0 2 0 0 0 0 0 1 0 2 0 1 1 1 2 0 2 2 2 2 2 2 1 1 1 0 0 1 1 2 2 0 2 0 0 0 1 1 2 2 0 0 1 1 1 1 2 1 1 2 1 1 2 0 0 1 1 0 2 0 2 1 0 0 2 1 0 1 2 2 1 0 0 0 1 2 1
1 0 0 0 2 2 2 2 2 0 1 0 0 2 0 0 0 0 2 2 1 1 2 2 0 2 0 1 1 2 2 2 0 0 0 0 0 2 0 2 1 2 0 2 2 2 2 2 2 2 1 2 1 1 1 2 0 1 0 2 0 0 1 1 1 2 2 2 2 0 2 0 2 1 0 2 0 0 1 0 0 0 2 2 1 0 2 2 2 2 1 0 2 0 2 1 2 1 1 2 1 1 0 1 2 1 0 2 2 2 2 0 2 0 0 1 0 2 1 1 1 2 1 1 0 0 1 2 0 2 2 2 1 0 1 0 2 2 0 2 2 1 2 2 1 2 2 2 2 0 0 1 1 2 0 1 1 2 2 2 2 2 1 1 0 0 2 0 0 0 2
0 2 0 0 1 0 0 0 0 2 2 1 1 2 2 0 0 1 0 2 1 2 2 0 0 2 2 0 0 0 1 1 0 1 0 1 1 1 0 2 0 0 1 2 2 0 0 1 0 0 1 2 1 0 2 1 0 2 0 1 1 2 0 1 1 1 1 0 2 1 0 0 2 1 2 1 2 0 2 2 1 2 1 2 2 1 1 0 1 2 2 0 1 0 1 2 1 2 0 0 1 0 1 0 2 2 2 1 2 2 1 1 2 0 0 2 2 0 2 1 2 2 1 1 2 0 1 0 1 1 2 2 2 0 0 1 2 0 0 0 0 1 1 0 2 0 0 2 0 2 1 0 2 0 2 2 1 1 0 2 2 2 2 2 0 0 0 0 1 1 1
0 0 2 0 0 0 1 2 1 0 1 2 0 2 1 0 0 2 1 0 0 1 1 0 1 1 1 2 0 0 0 1 0 0 2 1 0 0 2 2 1 1 2 0 0 0 0 2 1 2 2 2 0 1 2 1 0 0 1 1 1 2 2 0 2 1 1 1 2 1 1 0 2 1 0 1 1 1 0 0 0 0 2 1 2 1 1 0 0 0 1 1 2 1 2 0 0 1 2 2 0 0 2 0 1 1 2 0 2 2 2 1 2 1 2 2 1 0 2 2 0 1 0 1 0 0 1 0 2 0 0 0 1 1 0 2 2 2 0 1 2 2 2 0 1 0 2 0 0 2 2 2 1 0 0 2 1 2 2 1 2 1 2 0 2 0 0 1 1 0 0
0 1 1 0 0 1 1 0 2 0 0 1 2 0 2 1 2 1 2 0 1 0 0 1 2 1 2 1 2 0 1 0 2 2 1 2 1 2 2 1 0 2 2 0 0 0 2 2 2 1 1 1 1 1 0 1 2 0 2 2 1 0 0 0 1 2 2 2 2 2 0 0 2 1 0 2 1 2 0 1 1 1 2 2 0 0 0 1 1 0 0 2 1 1 2 0 0 1 2 0 1 0 0 0 2 1 2 1 1 2 2 0 1 0 0 2 0 2 0 1 2 1 1 1 0 0 1 1 2 2 2 0 0 0 0 2 1 0 0 1 0 0 2 2 0 2 1 1 2 2 0 0 1 1 1 2 1 1 1 1 0 1 1 1 2 2 0 1 1 1 2
2 1 1 1 0 2 0 1 2 0 0 2 2 1 2 2 1 1 1 0 1 2 2 2 2 2 0 1 0 2 1 2 0 1 1 1 1 2 1 0 0 1 0 0 0 0 2 2 1 1 0 0 2 0 0 1 0 0 2 1 2 2 1 0 0 0 0 1 0 1 1 1 0 2 1 1 2 1 1 1 0 2 1 2 2 1 1 0 2 2 1 2 1 1 1 1 2 1 0 0 0 1 1 1 2 0 2 2 2 1 1 2 0 0 2 0 0 1 1 2 0 0 0 1 2 1 0 2 0 0 2 0 2 1 1 2 2 0 2 1 2 1 2 0 1 1 1 2 2 0 2 0 1 0 1 1 1 2 0 1 2 0 2 0 2 0 2 1 1 1 0
1 0 2 2 0 1 1 2 1 2 2 2 0 2 1 1 1 2 1 2 1 2 2 2 1 2 2 0 1 1 1 2 2 0 2 0 2 1 2 1 0 2 1 1 2 0 2 1 2 2 1 1 1 1 1 1 0 0 2 2 0 0 0 0 2 2 0 1 1 2 0 2 2 1 0 2 2 0 0 2 0 2 1 2 0 0 0 2 0 1 1 1 1 1 1 0 2 1 0 1 2 1 0 2 1 1 1 1 2 2 0 0 2 2 2 2 2 1 1 0 2 1 2 0 0 0 2 0 0 0 1 0 1 0 2 2 2 2 0 2 2 2 2 2 1 1 0 0 0 2 0 2 0 0 1 1 2 1 2 2 1 2 0 0 2 0 1 2 0 2 2
0 1 1 2 2 0 0 0 1 0 1 0 0 1 2 2 0 0 2 0 1 1 1 0 1 2 1 1 0 1 0 0 0 2 1 0 2 1 1 1 1 0 0 0 2 2 2 1 0 2 1 2 1 1 2 0 1 1 2 1 1 2 2 1 2 1 2 2 0 0 1 2 0 1 2 0 1 2 1 2 0 0 1 1 2 2 0 0 1 2 2 2 0 2 1 2 0 1 2 0 1 1 0 0 2 0 1 1 1 2 0 1 0 2 0 0 1 0 1 0 1 0 0 1 2 1 0 0 0 0 2 2 1 2 0 1 0 1 0 1 1 0 0 2 2 0 2 1 2 1 2 0 2 0 1 0 2 1 0 0 2 2 0 0 2 0 0 0 2 0 2
0 0 2 2 1 0 0 2 2 2 2 0 2 0 1 2 0 1 0 1 1 0 2 0 0 0 0 0 2 0 0 0 0 0 0 2 1 1 2 1 1 2 2 1 1 1 0 1 0 1 0 0 2 2 0 2 2 0 1 2 1 1 0 2 2 0 2 0 0 2 2 1 1 2 2 0 2 1 1 0 2 2 0 1 2 0 2 2 1 0 1 2 1 1 0 1 0 2 2 0 1 2 1 0 1 2 1 1 0 0 2 0 1 2 0 0 1 2 0 2 0 2 0 1 1 1 1 2 0 0 2 2 2 1 0 2 1 2 0 1 1 0 0 2 0 0 2 2 0 0 1 0 0 2 2 1 0 0 1 1 2 1 0 1 2 2 1 2 1 0 1
2 0 1 2 0 2 2 2 2 2 2 0 0 2 1 2 1 1 0 2 0 1 1 0 2 0 2 1 2 2 2 0 0 1 2 1 0 2 2 1 0 2 1 0 1 2 0 0 2 0 1 0 2 2 1 2 0 1 0 0 0 0 0 1 2 0 0 0 2 2 2 2 2 1 1 1 2 1 2 1 1 0 2 1 0 2 0 1 0 1 1 1 0 2 0 2 0 0 0 0 0 2 1 2 1 2 1 0 0 0 2 1 1 2 1 1 1 2 2 1 2 1 0 2 1 1 1 1 1 2 2 2 1 0 2 0 2 0 1 2 1 1 2 0 1 1 2 0 0 2 2 0 1 0 2 2 1 1 1 0 1 1 2 0 2 1 1 2 2 0 2
0 2 2 2 1 0 1 1 2 1 1 2 0 2 0 0 0 2 2 1 0 1 1 1 0 0 2 0 0 1 1 1 0 0 0 1 2 2 2 1 1 1 1 1 0 2 1 2 1 1 1 2 0 0 1 2 0 1 0 1 2 1 0 2 0 1 1 2 1 2 1 0 1 2 1 1 0 0 1 1 0 1 1 1 1 0 1 2 1 2 2 1 1 0 1 1 1 0 0 0 2 1 0 0 2 1 2 2 0 2 1 1 0 0 2 2 0 1 2 2 1 1 1 2 1 2 1 1 0 1 1 2 1 2 0 1 1 1 1 2 0 2 0 1 0 1 1 0 0 0 0 1 0 1 0 2 2 2 1 2 2 0 0 0 0 1 2 1 2 0 1
0 2 2 1 0 0 0 2 0 1 2 2 2 2 1 2 2 0 1 1 2 2 2 0 2 1 2 0 1 0 2 2 1 2 1 1 2 2 1 1 1 2 0 0 1 2 0 1 0 1 0 2 0 0 1 0 2 1 1 0 0 1 0 1 0 2 0 1 1 2 2 2 1 0 0 0 0 0 1 1 0 2 1 1 2 2 2 2 2 1 1 2 2 1 0 0 0 1 2 2 1 2 2 2 0 2 0 1 1 2 2 2 2 1 0 2 1 0 2 0 1 0 0 1 2 0 2 1 0 1 0 1 1 0 2 1 0 2 0 1 0 2 1 2 1 2 2 0 2 1 1 2 2 2 1 2 0 0 1 0 2 1 2 0 2 2 2 0 2 2 2
2 2 1 2 0 1 2 1 1 1 0 0 1 2 1 1 2 2 2 1 2 1 1 0 1 0 0 2 2 2 2 2 1 0 1 0 2 1 2 1 0 2 1 1 2 1 0 2 0 0 1 0 1 2 0 2 0 1 2 2 1 2 2 0 0 2 1 0 0 1 1 0 0 0 2 0 2 0 0 0 0 1 1 2 1 2 2 1 1 0 1 0 2 1 0 2 0 2 0 1 0 2 2 1 0 2 1 2 0 2 0 1 1 2 1 2 0 2 1 2 2 0 2 1 2 0 1 2 2 2 1 0 1 1 2 2 1 1 0 2 2 1 0 0 1 0 1 2 2 2 1 1 0 1 0 2 1 1 2 2 0 1 0 0 2 2 2 1 2 0 0
1 2 2 2 1 2 0 0 1 1 2 0 2 1 0 2 0 1 2 0 0 1 1 1 1 1 1 2 0 2 1 2 1 1 2 0 0 0 1 2 1 1 2 2 2 2 1 0 1 1 1 1 0 2 2 2 0 1 2 2 1 0 1 0 1 1 0 2 0 1 1 2 0 0 1 2 0 0 0 2 2 1 0 2 0 1 1 2 0 0 1 1 2 0 2 1 0 2 1 0 1 0 2 1 2 1 1 2 1 1 1 1 0 0 0 1 2 2 0 0 1 2 1 0 1 0 1 1 0 0 2 2 1 1 0 0 0 2 0 0 0 0 1 1 0 0 1 0 2 1 0 1 2 2 1 0 0 1 2 0 2 1 2 1 2 0 2 0 2 0 1
0 0 2 2 1 2 0 1 0 2 1 1 2 0 1 2 0 0 1 1 2 2 1 1 0 1 1 1 1 1 2 1 2 1 1 0 2 2 2 2 0 1 1 2 2 2 2 0 2 1 2 2 2 0 1 2 2 2 0 0 2 2 0 1 1 1 0 0 2 0 0 2 0 2 1 2 1 1 1 2 0 0 2 0 1 1 2 0 0 2 2 0 2 2 0 1 1 1 0 0 1 0 2 1 0 2 2 0 0 0 2 1 0 2 1 2 0 1 0 1 0 2 2 0 2 0 0 0 1 0 1 0 1 1 0 0 0 2 0 2 2 0 0 0 2 0 0 0 1 1 1 0 1 1 1 0 2 1 0 0 2 2 1 1 1 1 1 1 1 2 0
1 2 2 1 2 2 1 2 1 0 1 1 1 1 0 1 0 2 0 2 2 2 0 1 0 2 0 2 0 2 0 1 2 2 0 1 1 0 1 1 0 2 2 2 0 0 0 2 1 0 1 1 0 2 2 0 1 2 0 2 2 1 1 1 0 1 2 0 1 0 1 0 0 1 2 2 0 0 1 1 2 0 2 2 2 2 0 1 2 2 1 1 0 2 0 1 1 2 1 1 0 0 1 0 0 1 0 0 1 1 2 0 2 2 0 1 2 2 0 1 1 1 0 2 1 0 0 0 2 0 2 0 1 1 1 1 2 2 2 1 1 1 2 1 1 0 0 0 0 1 1 1 2 1 1 1 2 2 2 2 0 1 2 1 0 1 0 2 0 0 0
2 2 0 0 0 2 1 1 2 2 0 1 2 0 2 0 2 2 2 2 2 1 1 2 1 0 0 1 1 0 2 1 2 0 2 1 2 1 0 2 1 1 1 1 1 1 1 2 2 2 1 2 0 0 1 0 2 1 1 1 2 1 2 2 2 0 1 2 1 2 2 0 1 0 1 0 0 0 2 2 2 1 1 1 0 0 2 0 2 0 1 2 0 2 0 0 2 1 2 1 2 2 1 0 0 0 1 0 2 2 0 1 1 2 0 1 0 0 1 2 2 1 0 2 0 0 2 2 2 2 0 1 2 0 1 0 1 1 1 0 0 2 0 1 2 1 1 2 2 0 2 1 1 2 1 1 0 0 1 0 0 2 1 0 0 1 1 1 2 2 0
2 1 0 0 1 1 1 0 0 0 1 2 1 1 0 0 0 1 1 0 2 1 1 2 2 2 0 2 2 0 2 1 2 2 0 1 0 2 0 2 2 1 1 1 0 2 2 0 1 1 1 0 1 0 0 1 0 0 0 0 1 2 2 1 1 2 2 0 0 0 2 0 2 1 2 0 1 1 1 0 1 0 0 0 1 1 1 1 2 2 2 1 1 2 0 1 2 1 1 2 1 1 1 1 0 0 2 0 0 0 0 1 0 1 1 2 0 0 1 1 2 1 2 2 0 1 0 1 2 2 1 0 1 2 1 1 0 0 2 0 2 2 2 0 2 1 0 0 1 2 1 1 0 2 0 2 0 1 0 2 0 1 0 2 2 2 1 2 0 1 0
0 1 2 1 1 0 2 2 1 1 1 0 2 0 1 1 1 0 2 0 0 2 1 0 1 1 2 1 2 0 1 1 2 1 2 1 1 2 0 0 1 1 2 0 0 1 0 1 2 2 0 0 1 2 1 0 1 0 1 1 1 2 2 1 0 2 2 2 1 0 1 2 0 1 1 0 2 1 2 2 1 2 0 0 2 1 0 0 2 0 2 1 2 2 2 1 2 2 1 1 0 0 2 0 2 0 0 0 2 0 2 0 0 2 1 0 1 0 0 0 0 0 1 0 0 2 2 0 2 2 1 2 0 0 0 0 1 1 1 1 2 0 2 0 0 1 1 1 1 2 0 2 0 2 1 1 2 0 1 1 0 2 2 1 1 2 2 0 1 0 2
1 0 1 2 1 0 0 1 0 2 2 2 2 2 1 1 2 2 2 0 0 0 2 2 2 2 1 2 1 2 1 0 1 0 2 0 1 0 2 1 2 1 1 0 1 0 1 0 0 2 1 0 0 2 1 2 1 2 1 0 0 1 1 1 1 1 2 0 1 2 2 1 0 1 2 2 2 1 0 0 0 2 0 0 2 1 0 0 2 2 2 0 0 0 1 2 2 0 0 1 2 2 0 1 1 2 1 1 1 2 1 2 2 0 1 1 2 1 2 1 1 2 1 2 1 0 0 0 2 0 2 2 0 0 1 0 2 0 1 1 2 1 2 2 1 1 0 0 0 0 0 2 0 2 2 1 1 2 2 0 0 1 0 2 1 2 0 2 2 2 0
2 0 0 2 1 1 0 0 2 0 0 2 0 0 1 2 1 2 1 2 0 1 0 2 2 2 0 2 2 0 0 2 0 1 1 0 0 2 1 0 2 2 2 1 2 1 0 2 0 2 1 2 1 1 1 0 1 2 0 1 0 1 1 1 0 0 2 0 2 0 0 2 0 0 0 0 2 0 2 0 0 0 2 1 0 2 0 2 2 1 1 2 0 2 1 0 1 1 2 0 2 0 0 0 1 0 0 1 2 0 2 0 1 2 0 2 2 0 2 1 2 0 1 2 0 2 0 1 1 0 0 1 1 0 1 0 2 2 1 1 2 1 2 1 1 2 1 0 0 0 2 2 1 1 2 2 1 1 2 2 1 2 1 2 2 2 2 2 1 1 0
1 0 0 0 1 0 1 0 1 2 2 0 0 2 1 0 0 2 2 0 0 1 2 1 2 2 1 1 2 0 0 0 1 1 1 0 1 0 1 2 2 2 1 0 1 0 1 2 2 0 2 0 0 2 1 0 0 1 2 2 2 0 0 0 1 2 1 1 2 0 0 2 2 2 0 1 2 1 0 2 0 2 1 1 0 0 1 1 1 1 0 0 2 0 1 1 2 0 2 0 1 1 0 1 0 0 2 1 2 2 1 0 2 0 1 0 1 0 1 0 1 1 2 0 0 0 2 0 1 2 0 2 0 0 1 2 2 0 1 1 2 0 1 0 1 0 0 0 0 2 0 1 1 0 0 2 1 0 0 2 2 1 0 1 0 1 0 2 0 2 1
0 2 0 0 1 0 1 1 1 1 0 2 2 0 0 0 2 1 0 0 1 2 0 0 0 2 0 0 2 2 1 0 2 2 1 1 0 2 0 1 1 1 2 1 2 0 2 2 2 2 2 0 2 0 1 1 0 1 1 0 1 1 1 1 0 1 2 1 1 1 0 0 2 0 2 2 1 1 2 0 1 1 1 0 2 2 1 0 0 1 1 2 2 1 0 2 2 1 1 0 0 0 0 2 0 0 2 1 1 1 1 2 0 2 1 0 1 2 1 2 1 0 2 0 2 1 0 2 0 2 0 0 2 1 0 0 2 2 2 1 1 1 0 2 1 1 2 1 2 1 0 0 2 1 2 2 2 2 1 0 2 1 0 2 0 0 0 0 1 2 1
2 1 2 2 0 2 0 1 1 2 2 2 2 1 1 1 1 1 2 1 2 0 2 2 2 1 2 2 2 2 1 2 2 0 2 2 2 0 1 1 2 1 2 1 0 1 2 1 0 2 0 2 0 0 2 2 1 2 1 0 1 2 1 1 1 1 0 0 1 2 2 1 2 1 2 2 2 2 1 0 1 2 0 2 0 2 2 1 1 0 0 1 1 2 2 2 0 1 2 2 1 2 0 0 1 0 0 2 0 0 0 2 2 2 1 0 2 0 0 2 1 1 0 0 0 0 2 1 2 2 0 1 0 0 2 2 1 1 1 1 1 0 0 0 2 1 1 1 2 1 0 1 0 1 2 0 0 2 1 2 1 1 1 2 2 2 2 1 0 1 2
1 1 0 2 1 1 1 0 1 0 1 0 0 1 2 0 1 1 2 1 1 1 0 0 0 2 0 2 0 2 1 1 1 2 0 0 2 0 1 0 0 2 2 1 1 1 1 0 1 1 2 0 2 0 1 1 0 2 0 0 2 0 2 0 0 0 1 2 0 2 0 1 0 2 2 1 1 1 0 0 0 2 0 0 0 2 2 1 1 0 2 1 1 1 1 2 1 0 1 0 0 2 1 0 1 1 0 1 2 0 1 0 2 2 1 0 1 1 1 0 2 0 1 1 2 0 0 0 1 2 0 2 2 2 2 1 0 2 2 1 2 2 2 2 1 1 0 0 2 1 1 2 2 0 0 1 0 1 0 0 1 1 2 0 1 2 2 2 0 2 1
0 1 0 0 0 2 1 1 2 0 2 2 0 2 2 2 0 2 2 0 0 0 0 1 2 0 0 0 0 0 1 0 1 0 1 2 0 1 0 0 1 2 0 2 2 0 1 1 2 1 1 0 0 0 1 0 0 2 0 1 0 0 2 2 1 2 2 1 0 0 2 2 0 2 1 1 0 1 2 0 2 1 1 0 1 2 1 2 2 1 0 0 2 1 0 0 0 2 0 1 0 0 0 2 0 2 1 1 0 0 1 1 1 2 1 1 0 2 0 2 2 1 0 1 0 0 0 0 1 1 2 2 1 2 1 2 1 0 0 0 0 0 1 0 2 2 1 2 0 2 0 2 1 0 1 1 2 2 2 0 1 1 2 1 0 2 0 0 0 2 1
1 2 2 2 2 2 1 0 2 0 1 1 2 2 1 1 1 0 1 1 0 2 2 1 1 2 1 1 2 1 2 1 1 2 1 2 1 2 0 1 1 1 0 1 0 2 2 2 0 0 1 1 1 1 2 2 1 1 0 2 0 0 1 1 0 0 1 1 0 1 0 1 2 2 2 1 1 0 0 2 1 2 0 2 1 2 1 0 2 2 2 2 2 1 1 0 2 0 2 2 1 0 1 2 2 1 0 1 1 1 0 1 0 2 0 2 1 2 0 0 1 0 0 2 2 0 2 1 0 2 1 2 1 0 1 0 1 2 2 1 0 1 0 2 0 0 1 2 0 2 0 2 1 1 2 0 1 2 0 2 0 2 2 1 2 1 2 1 1 2 0
2 0 0 1 0 1 0 2 1 0 0 1 1 2 1 0 1 1 1 1 2 0 1 0 2 0 0 1 1 2 2 2 2 2 0 0 1 1 0 1 2 1 2 1 1 2 2 0 0 1 2 0 1 1 0 1 1 0 0 1 1 0 0 1 2 0 2 2 2 0 0 2 1 0 1 1 2 2 2 0 0 1 0 2 2 1 1 1 0 1 2 1 1 2 0 2 0 2 2 0 0 2 2 2 0 1 1 0 0 0 0 1 2 2 1 2 0 2 0 1 2 0 2 1 2 0 1 0 0 0 0 1 0 0 1 2 0 2 2 0 0 0 2 2 0 1 1 1 2 1 2 2 1 0 1 2 1 0 0 2 1 2 0 0 0 2 2 0 2 2 2
2 2 2 1 0 2 2 2 1 1 2 1 0 0 2 0 1 2 2 2 2 1 2 2 2 0 1 0 2 1 0 2 0 0 0 1 2 1 1 1 0 1 2 1 2 2 0 2 2 2 1 2 1 1 1 0 1 0 1 1 1 1 0 0 0 1 2 2 2 1 2 0 0 1 2 2 1 2 1 2 1 0 1 2 2 0 0 0 1 2 1 1 1 2 1 1 2 0 1 2 2 1 0 2 2 2 0 2 1 2 1 0 0 0 0 2 1 0 2 0 0 2 1 2 2 0 0 1 0 2 1 0 0 1 0 1 0 0 1 2 0 2 0 0 0 0 0 2 1 2 2 2 2 1 2 2 1 2 0 2 0 1 2 1 0 0 2 1 1 0 0
1 0 1 2 1 1 2 1 1 0 1 1 2 2 0 1 1 2 0 0 0 2 0 2 0 1 2 1 0 1 0 2 1 1 2 0 1 2 2 2 2 0 0 2 2 0 2 0 0 2 1 2 2 2 1 2 1 1 2 1 2 0 1 2 1 1 0 0 1 0 2 0 0 0 0 1 1 2 1 0 2 0 2 2 0 1 2 1 2 2 1 2 2 2 2 2 1 2 2 2 2 0 0 1 1 1 2 0 1 1 1 1 2 1 1 0 0 1 0 2 1 1 2 1 1 1 0 0 2 1 0 1 1 1 2 0 0 1 1 1 0 2 0 0 1 2 0 1 1 1 1 0 2 1 1 2 1 0 0 0 1 0 1 0 2 2 0 2 1 2 2
2 2 2 2 1 2 1 2 1 2 1 1 0 0 0 0 1 0 0 1 2 1 0 2 1 0 1 1 2 1 0 1 1 1 2 2 1 1 0 2 0 1 0 1 2 0 1 1 2 2 0 1 1 2 2 2 2 1 0 1 2 2 1 1 0 0 1 1 1 2 0 2 1 1 2 2 2 0 0 1 0 2 1 2 1 1 1 1 2 2 0 2 1 2 0 1 0 2 0 1 1 1 1 0 0 0 2 0 2 0 2 0 2 0 2 1 1 0 0 1 0 1 0 2 1 1 1 1 1 0 0 0 1 1 1 2 0 1 0 2 1 2 2 2 1 2 1 0 2 2 2 0 1 0 2 2 2 2 0 1 2 0 2 1 0 0 0 0 1 0 0
0 1 0 2 0 2 2 0 2 1 0 2 0 1 0 2 1 2 1 2 2 2 1 0 0 2 2 0 0 0 1 1 2 1 1 2 0 0 0 2 0 1 2 0 0 0 0 2 0 2 2 2 2 1 0 2 0 0 1 2 2 2 1 1 2 2 1 2 1 2 0 1 0 0 2 1 0 2 1 0 0 0 0 0 2 1 2 1 2 1 0 2 2 1 0 2 1 1 1 2 1 2 0 0 2 2 2 0 0 0 1 0 0 2 0 0 1 0 1 1 0 2 0 0 0 0 2 2 0 0 2 2 1 0 2 1 0 1 2 1 1 1 2 0 1 2 1 2 0 2 1 0 2 1 1 0 2 0 2 0 1 1 0 0 2 2 1 0 2 1 2
0 0 1 1 1 1 2 1 2 1 2 1 1 1 2 1 0 0 1 1 2 0 1 2 0 1 1 1 0 0 0 2 0 2 0 2 1 0 1 1 2 1 0 1 2 2 2 2 2 0 1 2 1 0 2 1 0 1 1 0 1 1 2 2 1 1 2 0 1 0 1 1 1 1 2 1 2 2 1 2 0 0 2 2 1 1 2 1 2 0 0 1 2 0 1 1 1 0 2 0 1 0 2 0 0 1 1 2 1 0 2 2 1 1 2 0 1 1 2 1 1 0 0 1 0 1 2 2 0 2 2 1 1 2 2 1 1 1 1 2 2 0 2 1 0 2 2 1 1 2 2 1 2 0 0 0 2 0 2 0 0 0 1 1 2 1 0 1 0 2 2
0 0 1 2 0 1 2 2 1 1 0 2 1 1 2 1 1 0 2 1 0 2 0 2 2 2 2 2 0 1 1 1 0 0 1 1 2 0 1 0 1 2 0 2 1 0 1 0 0 0 1 2 0 2 1 0 2 2 2 0 1 1 1 1 1 2 0 0 2 2 1 1 2 1 1 0 2 0 0 0 0 0 2 2 2 0 0 2 2 0 1 1 1 2 0 2 0 0 1 0 2 0 0 1 0 1 2 2 2 0 2 1 0 2 0 1 0 0 0 0 0 1 2 2 2 0 1 0 0 0 1 1 1 1 0 1 1 0 0 0 1 1 1 2 0 1 0 1 2 2 2 0 1 2 2 0 0 2 1 2 2 0 0 0 2 1 2 0 2 0 1
1 2 2 0 2 2 1 2 2 0 1 0 1 1 0 0 2 2 1 1 0 2 2 1 2 0 1 2 0 2 1 1 1 2 2 1 2 0 0 1 1 2 2 0 1 1 0 1 0 0 0 1 0 2 0 2 0 1 0 1 0 1 2 2 0 1 0 0 2 1 2 1 1 2 2 0 0 2 1 2 0 1 0 1 1 0 1 2 2 1 1 2 1 1 1 2 1 0 0 0 2 2 2 0 2 1 1 0 1 0 2 2 0 0 1 1 1 2 1 0 1 0 1 2 2 0 2 0 0 2 1 0 2 0 2 2 2 0 0 2 1 2 2 1 0 0 1 2 2 0 1 0 1 2 0 0 0 1 1 2 0 2 2 1 1 1 0 0 2 0 0
1 0 2 0 1 2 1 1 0 2 2 1 1 1 0 2 1 1 0 0 1 2 1 0 1 2 0 0 2 1 0 1 2 1 1 1 0 1 0 1 1 2 0 2 1 0 2 0 1 2 1 0 2 0 1 1 2 2 1 2 1 2 1 1 0 1 0 2 2 0 0 1 2 0 1 0 0 0 1 2 0 0 0 0 1 1 2 0 1 0 1 0 1 0 2 1 1 2 1 1 1 2 2 1 2 0 2 1 1 1 0 1 2 1 2 0 0 1 1 2 0 0 2 2 2 1 0 0 2 2 0 1 2 2 2 2 1 2 0 2 0 2 1 0 0 1 1 1 0 1 0 0 1 2 2 0 2 1 2 2 1 2 0 0 1 2 0 0 2 1 0
0 1 2 2 1 0 0 0 0 1 1 2 1 2 2 2 1 1 1 1 2 0 1 0 0 1 1 0 1 0 0 0 2 2 2 0 0 0 2 1 0 0 1 1 2 0 0 1 2 2 2 2 0 1 0 0 0 2 2 2 0 0 2 2 0 1 0 1 0 2 2 0 1 1 1 1 2 2 0 2 2 0 1 0 2 2 1 0 2 0 2 2 1 0 1 2 2 0 1 2 0 1 2 1 2 1 1 2 1 2 1 0 2 0 1 2 0 0 0 0 1 1 2 0 1 2 0 0 2 2 0 2 1 0 2 1 0 0 1 1 2 0 2 2 0 1 0 2 2 0 2 1 1 1 2 2 1 0 1 0 2 1 1 1 2 1 0 2 2 2 1
1 2 1 1 1 0 1 0 0 2 2 1 1 1 1 1 0 0 0 1 2 1 2 2 1 1 2 1 0 1 0 2 1 2 1 2 2 0 2 0 2 1 0 2 0 2 1 0 2 1 2 0 0 2 2 1 1 2 0 2 0 1 1 1 0 0 2 1 1 1 2 1 0 2 0 1 2 1 2 2 2 1 2 2 1 1 2 0 0 2 0 1 0 1 1 2 2 0 0 1 2 0 2 2 0 0 1 0 1 1 2 2 0 2 1 2 1 1 0 0 1 0 1 2 0 0 1 0 1 2 1 1 0 0 1 1 1 0 1 1 2 1 0 2 0 2 0 0 1 0 0 2 2 2 2 2 0 1 2 1 1 0 2 2 1 2 0 0 2 2 1
1 1 2 2 2 1 0 2 2 1 2 2 0 2 2 2 0 1 2 2 0 0 0 0 2 2 1 0 2 2 1 1 0 0 1 0 2 1 0 0 0 0 0 1 0 0 1 1 1 1 1 0 2 1 1 2 1 2 2 0 2 1 1 2 2 1 1 1 2 1 2 0 2 0 2 0 0 1 1 0 2 0 0 2 1 1 1 0 1 0 0 1 2 0 1 1 1 2 1 1 1 0 2 1 0 2 2 1 0 1 1 0 2 2 0 1 0 1 2 2 0 0 0 2 0 2 2 2 2 0 2 1 1 2 2 2 1 2 1 2 0 0 2 0 2 0 2 0 2 2 2 0 2 0 0 1 0 2 1 2 0 0 0 2 2 2 2 1 2 0 0
0 1 1 0 0 1 0 0 1 2 2 1 0 0 2 2 0 2 0 0 0 2 0 0 1 1 2 1 0 0 1 1 1 0 0 1 2 0 2 1 1 1 0 1 2 0 1 0 2 1 0 0 0 2 0 0 1 0 1 2 0 0 1 1 1 1 0 1 2 2 2 0 2 0 2 2 1 0 2 2 0 1 0 1 1 1 1 2 1 0 1 0 2 0 1 1 2 0 0 0 2 0 0 2 1 1 2 0 2 2 2 2 1 0 2 2 2 1 1 1 2 0 1 2 2 1 0 2 1 0 2 1 0 1 2 2 2 1 0 2 1 2 2 2 0 2 1 0 0 0 2 0 2 1 2 2 2 2 1 1 0 1 1 1 2 1 0 2 2 1 1
2 2 1 1 2 0 1 0 1 2 0 2 2 1 2 1 2 2 0 0 0 2 2 1 1 0 2 0 1 1 1 0 0 0 2 0 1 0 1 2 1 1 2 0 0 2 2 2 1 0 0 1 2 1 0 0 1 1 1 0 2 2 0 0 0 1 1 2 1 0 2 0 1 2 1 2 1 1 2 1 1 1 2 0 2 1 1 1 2 2 2 2 2 0 2 1 1 0 1 1 1 0 1 1 1 0 0 2 1 1 0 2 2 1 0 1 2 1 0 2 1 2 1 2 1 0 0 0 1 1 2 0 2 2 2 0 2 0 0 1 1 1 1 0 0 2 2 0 1 0 2 0 0 0 0 2 1 0 0 1 2 0 2 1 2 1 2 2 1 0 1
0 2 2 1 0 2 1 1 2 2 1 0 0 2 0 0 2 0 1 0 2 1 2 1 1 0 0 1 1 1 0 2 1 0 1 2 1 0 0 0 2 2 0 2 0 0 0 2 1 1 2 1 0 1 2 2 1 1 1 0 2 2 0 1 2 1 0 0 2 2 1 1 1 1 1 1 2 2 0 0 1 0 2 1 1 0 1 0 1 0 2 1 2 2 0 0 1 0 1 0 2 0 2 2 2 1 1 2 1 0 0 0 0 0 2 0 1 2 1 2 2 0 0 0 2 1 0 1 0 1 2 2 2 2 2 2 1 1 1 0 1 2 0 2 0 1 2 1 0 1 1 0 1 0 0 2 1 1 1 1 1 1 2 0 0 1 2 2 0 1 0
2 1 0 2 1 2 1 0 0 0 1 1 0 1 2 2 1 2 0 2 0 2 2 1 0 1 1 2 2 0 2 2 1 1 2 1 0 1 1 1 2 0 0 2 0 0 2 1 2 0 1 0 0 1 2 0 0 1 2 2 1 0 2 0 1 1 1 2 0 0 1 0 1 1 0 1 0 2 0 2 2 0 0 2 1 0 0 2 1 1 2 2 1 2 2 0 1 1 2 2 1 2 2 1 1 2 2 1 2 1 1 2 1 2 2 0 2 0 2 0 1 1 2 0 1 0 0 0 2 0 0 2 2 0 0 1 0 2 0 0 1 1 0 2 1 0 2 0 0 1 1 2 0 2 2 2 2 2 2 1 1 0 1 0 1 1 2 2 1 0 0
0 2 0 0 1 1 0 2 2 2 1 2 0 0 1 2 0 2 0 2 0 1 1 1 2 2 2 2 1 2 0 2 2 1 0 1 0 0 1 0 0 2 2 0 0 1 1 0 1 2 0 2 0 1 1 0 2 0 2 0 0 2 2 0 2 2 2 2 1 0 2 1 0 2 0 0 2 1 1 0 1 1 0 1 0 2 2 2 2 1 0 0 2 1 1 1 1 0 1 2 1 1 1 1 1 1 1 0 0 2 1 1 2 2 0 2 1 2 2 1 1 0 2 0 1 0 2 0 1 1 2 2 0 0 2 1 2 0 2 2 1 1 1 0 0 1 0 2 0 0 0 2 0 0 0 0 0 1 0 2 2 2 0 0 1 2 1 1 0 1 1
2 2 2 0 0 1 1 2 2 1 0 1 0 0 2 0 2 1 1 1 0 0 1 1 2 1 2 1 2 1 0 1 1 2 2 2 1 0 2 1 0 0 0 1 1 0 2 0 1 0 2 2 1 1 0 2 0 1 0 0 0 1 2 1 0 1 1 0 0 2 2 1 0 2 0 1 1 2 0 2 0 0 2 1 1 0 0 2 2 1 0 2 2 0 2 1 2 1 1 2 0 1 1 0 0 1 0 1 1 0 2 1 0 2 0 2 2 1 2 2 0 0 2 0 0 1 1 0 0 0 0 1 1 2 2 0 1 0 2 0 0 1 2 1 0 0 0 1 2 0 1 0 1 0 0 2 0 0 2 1 0 0 2 0 0 2 0 1 2 2 2
0 2 2 2 2 2 1 1 2 2 2 2 1 1 1 1 1 1 0 2 2 1 1 0 1 2 0 1 1 1 0 0 0 0 2 0 1 0 2 0 0 1 1 2 2 2 0 1 1 1 0 1 0 0 2 2 2 2 1 1 1 2 1 1 0 2 2 2 0 1 2 1 0 0 1 1 0 1 2 1 0 1 1 2 1 0 1 1 0 0 2 2 2 2 1 0 2 1 2 0 2 2 2 1 0 1 0 1 0 2 0 2 1 2 1 2 2 0 1 1 0 1 1 0 1 2 1 0 1 1 1 1 1 0 2 2 2 0 1 0 0 2 2 2 2 0 2 2 1 1 0 1 2 1 2 1 2 0 2 0 2 1 1 0 2 2 0 2 2 2 2
0 2 2 0 2 0 0 1 1 1 0 0 2 2 2 0 1 1 1 1 1 2 1 2 2 1 0 1 0 0 1 2 0 1 0 2 1 0 2 0 2 0 1 1 2 1 0 1 0 2 2 1 2 1 0 1 2 1 1 1 2 0 0 2 2 1 0 0 1 2 2 1 2 0 1 2 2 2 0 2 1 1 0 1 2 1 2 0 2 1 1 2 2 2 2 1 0 0 2 2 2 2 0 2 0 2 1 2 1 0 0 0 1 0 1 1 2 2 1 0 0 0 2 0 2 2 1 2 2 2 1 2 1 2 1 1 2 1 2 1 2 0 1 0 0 1 2 1 1 2 1 2 2 0 0 2 1 2 1 0 1 1 0 1 1 2 2 0 1 2 1
0 2 1 1 1 0 2 2 1 1 0 0 0 1 1 0 2 1 0 1 0 1 2 1 2 1 2 2 1 1 2 1 2 0 1 1 1 0 0 2 1 1 0 2 0 2 0 1 1 0 2 1 1 1 0 0 0 2 0 1 1 2 0 1 0 1 0 1 1 0 1 0 2 0 2 0 2 0 1 1 0 1 0 2 2 0 0 2 0 2 1 0 1 2 2 2 1 0 1 0 1 0 0 2 0 0 0 0 1 1 2 2 0 2 0 2 1 1 2 1 0 1 2 2 0 0 2 2 0 0 2 2 1 0 1 1 2 1 2 0 0 1 0 0 1 1 0 2 0 1 1 0 2 2 0 1 2 0 0 0 1 1 0 0 2 2 0 1 1 2 2
0 2 1 0 0 2 2 0 2 0 2 1 0 1 1 1 1 2 0 1 1 2 2 1 1 2 2 1 1 2 0 1 2 2 0 0 2 2 0 2 0 2 0 0 2 0 0 0 0 0 0 2 2 0 1 1 0 1 2 1 1 1 0 0 0 0 0 0 0 0 0 1 0 1 2 2 1 2 1 2 0 1 1 0 1 0 2 1 1 2 0 2 1 0 2 0 1 0 0 2 0 1 0 1 0 1 2 2 0 0 2 1 1 1 1 0 1 1 2 0 1 2 0 2 1 0 0 0 0 1 0 1 0 1 0 1 2 2 1 0 2 1 2 1 2 0 2 2 0 1 2 1 1 1 1 2 1 2 0 2 1 1 0 2 2 1 1 0 0 2 1
0 1 0 2 1 1 1 0 1 0 1 0 2 2 2 2 0 2 0 0 1 1 1 0 2 0 1 0 1 1 1 2 2 2 0 1 0 1 2 0 0 0 0 0 0 0 0 2 0 1 2 1 0 1 0 0 2 2 0 1 2 1 1 2 0 1 1 2 1 1 2 2 2 0 2 1 1 2 0 1 1 0 1 2 2 2 0 2 1 1 0 1 0 2 1 2 1 2 1 0 1 1 2 1 1 1 0 2 1 0 2 0 0 0 0 0 2 0 2 1 1 0 0 0 0 1 2 2 1 0 2 0 2 1 2 0 0 2 1 1 2 0 1 0 1 2 1 1 0 1 2 2 2 0 2 2 2 1 2 1 2 1 1 1 2 1 0 0 0 1 1
2 1 1 0 0 0 1 1 0 1 1 1 0 2 0 0 1 2 2 0 1 0 2 1 0 0 1 0 1 0 2 1 2 0 2 2 2 1 0 0 2 1 1 2 1 2 0 1 2 2 2 1 0 2 2 1 0 1 1 2 1 2 0 1 2 0 0 2 2 1 0 1 1 1 2 2 1 2 1 0 2 1 2 0 1 2 2 1 1 1 1 0 0 2 0 1 2 0 0 2 0 1 1 1 0 1 1 2 0 0 0 0 1 2 1 2 2 1 1 0 2 0 2 1 0 2 2 0 0 2 0 0 1 2 1 2 0 1 1 0 1 2 2 0 2 1 0 2 2 1 0 1 2 2 2 2 2 2 1 0 0 1 1 2 0 1 1 0 2 0 1
1 1 0 1 0 1 2 0 1 0 1 0 1 1 0 1 1 1 2 2 1 0 0 0 1 2 1 2 1 2 1 2 1 2 1 2 2 0 0 0 2 1 1 0 1 0 1 2 1 1 2 2 2 0 2 1 0 1 1 1 1 0 2 0 1 0 0 0 2 0 1 1 0 0 1 1 1 0 1 2 2 0 2 2 0 1 1 0 0 0 0 1 1 0 2 2 1 2 2 0 1 0 1 1 1 0 2 2 2 0 2 1 0 1 1 1 2 2 0 0 0 1 0 2 1 2 1 2 0 1 1 1 2 0 2 1 1 1 1 1 1 1 2 2 2 1 1 0 1 1 0 1 2 0 1 1 0 2 2 0 0 0 1 1 0 1 2 2 2 1 0
1 2 1 1 2 2 2 0 0 2 0 0 2 1 1 1 2 2 1 0 0 1 2 1 2 0 1 0 0 0 1 2 2 2 1 2 1 1 2 0 0 0 1 1 2 0 0 2 0 1 2 1 0 1 2 2 2 1 0 0 1 2 2 1 1 1 2 1 2 1 2 1 2 0 2 2 1 2 1 2 1 1 1 1 0 0 1 2 2 2 2 1 1 2 0 2 1 0 1 1 1 0 2 2 1 2 1 1 1 1 0 2 2 1 1 0 2 2 2 0 1 0 1 2 0 2 0 2 2 1 1 2 2 1 1 1 0 0 2 2 1 0 2 1 2 0 1 0 2 1 0 1 2 1 1 1 1 1 1 1 1 2 0 1 0 1 2 1 2 0 0
0 0 2 2 1 0 1 1 2 0 1 1 0 2 1 1 1 0 0 0 1 2 0 2 0 0 0 1 0 0 1 1 1 1 1 2 1 2 0 2 0 2 1 2 2 2 1 1 0 2 2 2 2 1 2 0 1 0 2 1 0 2 2 2 0 1 2 0 2 0 0 0 0 1 2 0 2 2 2 0 1 2 2 0 0 2 1 1 2 1 0 2 1 0 0 2 0 2 2 0 0 0 0 1 0 1 2 2 0 2 2 2 2 2 0 2 2 2 1 1 1 2 2 2 2 2 1 0 2 2 0 2 2 1 2 0 0 1 2 0 1 2 2 0 2 0 2 1 2 1 0 1 0 2 1 1 1 1 1 1 1 2 1 1 1 1 2 1 2 1 2
1 2 2 2 2 2 2 1 0 0 1 1 2 1 1 0 0 2 1 2 1 1 1 2 0 2 1 2 2 1 1 1 0 1 1 0 1 1 1 2 2 2 0 1 1 2 2 0 2 2 2 0 1 1 0 2 1 2 2 0 0 1 0 1 0 2 1 2 1 2 1 0 0 2 0 1 2 2 1 2 2 1 2 1 2 0 0 0 0 2 2 0 1 0 0 0 2 1 2 0 2 1 1 2 1 1 0 0 2 0 2 1 1 0 0 2 0 0 0 0 1 0 2 0 0 2 0 0 1 0 0 0 1 0 2 0 2 1 0 1 1 1 1 0 2 1 2 2 0 0 1 2 0 1 0 2 1 1 2 2 2 1 1 1 2 1 1 1 2 2 1
1 0 2 2 2 1 1 0 1 2 2 1 1 1 2 1 2 1 1 2 0 2 0 2 1 0 0 0 2 0 2 1 2 1 1 2 2 0 2 2 1 2 1 2 0 0 1 0 1 2 0 2 2 1 1 1 1 1 2 2 0 1 1 2 0 2 1 1 2 2 1 0 1 2 0 0 0 2 0 2 2 1 2 2 0 0 1 2 0 1 1 0 0 2 2 1 1 0 0 2 2 1 0 2 0 2 2 1 1 0 2 0 2 1 2 2 1 1 2 2 0 1 2 1 1 2 0 1 0 0 0 0 2 1 0 1 0 2 2 0 0 1 1 2 0 2 2 0 0 2 2 1 0 2 2 0 1 1 1 2 1 2 1 1 0 1 2 2 2 2 2
0 2 0 0 0 2 2 0 0 2 0 2 0 2 0 0 1 1 2 2 0 1 0 1 1 2 1 1 1 2 0 1 2 2 1 2 2 1 0 0 1 0 0 2 0 0 0 1 1 2 0 0 0 1 1 2 1 1 1 0 1 2 2 0 1 1 0 1 1 0 2 2 1 2 2 2 0 2 2 2 2 2 2 0 2 2 2 1 1 1 1 2 1 1 0 2 0 0 1 1 2 0 1 1 0 0 1 1 0 0 0 0 0 1 0 2 0 0 1 1 2 0 1 0 1 1 0 1 2 2 0 2 2 1 1 0 2 0 1 2 0 0 0 1 1 0 2 2 2 0 0 1 0 2 2 2 1 0 1 1 2 2 1 0 1 0 1 1 0 0 1
1 1 2 2 2 0 1 1 2 2 2 1 0 2 0 0 0 1 2 1 1 2 2 2 1 0 1 0 0 1 0 1 2 2 1 2 0 0 1 1 0 0 2 1 2 1 1 0 0 1 1 1 1 2 1 1 2 2 1 1 1 1 0 1 1 2 1 2 0 2 0 0 0 0 2 2 1 1 0 1 0 1 1 0 1 2 1 2 2 2 0 1 2 0 0 0 0 1 0 1 1 1 2 1 2 2 1 1 1 1 1 1 0 2 1 2 2 0 1 2 1 2 1 0 0 1 1 1 0 0 2 2 1 2 0 1 2 1 1 0 2 2 1 0 2 1 2 1 2 1 1 0 1 2 1 2 0 1 0 1 1 1 0 0 1 0 0 0 2 2 0
2 1 2 2 1 1 0 0 1 1 1 2 0 0 2 0 1 0 1 2 2 2 0 0 1 1 0 1 0 2 2 0 1 2 0 0 1 0 0 0 0 1 1 1 1 0 1 0 1 0 2 0 0 0 0 1 1 2 1 2 2 0 2 2 0 1 2 2 2 0 2 2 2 1 1 1 1 2 1 2 0 2 0 1 2 2 0 2 1 2 1 1 0 2 0 0 0 1 0 2 1 1 0 0 2 1 2 1 2 2 1 0 2 0 2 2 2 2 1 1 2 0 2 0 2 1 1 0 2 2 2 1 0 0 2 0 2 2 2 2 2 1 2 1 2 1 0 1 1 2 0 1 0 0 1 2 1 0 0 1 0 0 0 1 1 0 1 1 0 2 0
0 1 2 1 0 1 2 1 2 2 2 1 0 2 0 0 2 1 0 1 1 1 2 0 2 0 0 0 0 2 1 0 0 0 2 0 1 2 2 0 0 1 2 0 1 1 1 0 2 2 0 2 0 2 2 0 2 0 1 0 2 2 1 2 0 0 0 1 0 2 0 0 1 0 2 0 1 0 1 1 2 2 1 1 1 1 1 1 2 1 2 1 0 0 2 1 0 2 0 2 0 1 2 1 2 2 2 1 0 2 2 1 1 1 2 1 0 1 2 2 2 2 0 1 0 0 0 1 0 1 1 0 0 1 2 0 1 2 1 1 2 2 2 0 0 2 1 0 1 2 2 1 2 1 0 2 2 0 1 2 0 2 0 0 1 1 0 0 1 2 1
0 1 2 0 2 1 0 0 2 0 0 2 2 2 2 1 2 1 1 2 1 0 0 1 2 1 2 0 0 1 0 0 1 2 2 0 0 0 0 1 0 1 1 0 1 0 1 1 1 0 1 2 2 2 1 2 2 1 0 2 1 0 0 2 2 0 0 0 0 1 2 0 0 1 0 2 2 2 1 1 1 2 2 0 0 0 2 2 0 2 1 1 0 2 1 0 2 1 2 0 2 1 0 0 1 1 1 0 2 2 2 0 0 1 1 0 0 0 2 0 1 1 2 1 1 0 0 0 2 2 2 2 1 2 1 2 2 2 2 2 1 0 0 2 1 1 2 1 2 2 2 0 1 2 0 2 0 1 0 2 0 2 2 1 0 0 1 0 0 1 2
2 1 2 2 1 1 2 0 0 2 0 2 0 0 2 0 1 1 0 0 1 1 0 2 1 1 1 2 1 1 1 2 2 1 1 1 2 0 2 2 2 0 1 0 0 1 0 1 2 1 0 1 0 0 2 1 0 0 1 2 1 2 1 2 1 0 0 0 1 0 0 1 0 0 2 1 2 0 2 0 2 2 1 2 1 0 1 1 2 2 0 1 1 0 1 0 0 0 0 2 0 2 2 1 2 2 2 2 2 1 2 2 1 2 1 0 2 1 1 2 0 2 1 0 2 2 0 1 2 2 1 0 1 0 1 1 2 1 0 0 2 0 0 1 2 1 1 2 0 0 2 1 0 1 1 0 1 1 2 2 1 1 0 2 1 2 0 2 0 2 0
2 0 0 2 2 2 1 2 0 2 2 1 2 0 0 0 0 1 0 2 0 1 2 0 0 2 2 0 2 1 0 2 1 0 1 1 1 1 0 1 0 1 0 0 1 0 0 2 2 0 1 0 2 1 1 1 1 1 1 0 2 0 1 1 1 0 2 2 1 0 1 1 1 1 1 1 2 2 0 2 0 0 0 1 2 2 2 1 0 1 1 0 1 0 1 0 1 1 2 2 0 1 1 1 0 0 2 0 0 1 0 2 1 0 0 1 1 2 2 1 0 2 2 0 2 1 0 0 1 2 0 1 1 2 2 2 0 0 0 1 2 1 0 1 1 0 2 2 0 2 2 1 2 2 1 1 1 2 2 2 2 0 0 1 0 1 1 0 2 1 2
2 0 2 0 0 0 2 2 1 2 2 1 1 1 0 1 1 0 1 0 0 2 2 1 2 1 1 0 1 2 1 0 1 0 0 1 2 0 1 1 1 1 2 0 0 1 1 1 1 2 0 2 1 0 0 1 1 1 0 2 2 1 2 0 2 0 1 2 1 0 1 0 1 1 1 0 2 0 1 1 0 2 0 2 2 2 2 0 1 2 0 0 1 0 1 1 1 0 1 0 1 0 0 0 1 2 0 2 0 0 0 1 0 2 1 0 1 0 1 0 0 0 2 1 0 0 1 2 2 2 0 1 2 1 2 1 1 0 1 2 1 0 0 1 2 1 2 1 0 1 1 0 1 0 0 2 2 1 1 2 1 2 0 1 1 2 2 2 0 2 1
2 2 2 1 1 1 0 0 1 2 1 0 0 0 0 0 2 2 2 1 0 2 2 1 0 2 1 0 1 0 2 0 2 2 1 1 0 0 2 2 2 2 2 1 2 0 2 2 2 2 1 2 1 0 1 2 0 2 0 1 0 0 2 0 2 1 0 0 1 2 0 2 1 0 1 0 0 1 0 0 0 1 2 0 2 0 0 0 0 1 1 1 1 1 2 1 0 2 2 2 1 0 2 1 0 0 2 1 1 0 1 2 1 1 0 1 2 0 1 0 1 0 2 1 2 1 0 0 1 2 2 0 2 2 1 0 0 1 1 2 1 0 2 0 2 2 1 2 2 0 2 2 2 1 0 1 0 0 1 1 0 1 2 0 1 1 0 2 0 2 2
1 2 1 0 2 1 1 1 1 0 1 1 2 1 2 0 1 0 2 1 0 1 1 0 0 2 1 2 0 0 2 2 0 0 2 2 2 2 1 1 2 0 0 2 1 2 0 0 0 2 1 0 1 2 2 1 0 0 1 1 2 0 1 2 1 1 0 1 1 1 0 1 2 0 0 1 2 0 2 2 0 1 1 1 2 1 1 2 1 0 1 1 1 2 1 0 1 1 2 2 0 2 1 0 0 1 1 2 2 1 0 0 0 2 0 2 0 1 2 2 1 0 1 0 2 0 1 2 2 1 2 2 1 1 0 1 0 2 1 0 1 2 1 1 1 1 1 1 2 0 1 2 1 0 2 2 0 1 1 0 0 0 2 1 2 0 0 0 0 2 1
2 1 2 1 1 1 0 2 1 1 1 0 0 2 1 2 0 0 0 0 1 2 0 0 1 1 1 1 2 1 0 1 0 0 0 1 1 2 2 2 0 1 1 0 1 0 1 1 0 1 2 2 1 0 0 0 2 2 2 2 1 0 1 2 0 2 1 2 2 1 2 2 2 0 0 1 0 2 0 2 2 0 1 0 1 2 0 0 2 1 0 1 1 1 1 2 1 2 2 0 0 1 0 0 0 2 2 1 1 0 0 0 0 0 1 2 0 2 2 0 0 2 1 2 1 2 2 0 2 1 0 0 0 1 1 1 1 1 2 2 1 1 0 2 1 2 1 1 1 1 2 0 1 2 0 2 2 0 2 2 1 1 0 2 0 2 1 1 0 1 0
2 2 1 1 1 0 2 0 0 1 0 1 2 0 1 2 2 2 2 2 1 0 0 1 1 2 0 2 1 2 1 0 1 2 2 0 1 2 0 2 1 1 0 1 1 2 1 1 2 1 0 1 2 0 2 2 1 0 1 2 2 2 2 1 0 2 2 1 2 0 0 1 1 0 0 0 2 2 2 1 1 0 2 1 1 0 0 0 1 0 2 2 2 2 0 2 2 1 1 2 1 1 1 0 2 1 1 0 1 0 2 2 1 0 2 0 1 2 1 2 0 0 1 0 2 0 0 2 1 0 1 0 2 2 0 2 2 0 0 0 0 0 1 2 0 0 0 2 0 1 2 2 2 1 2 0 2 0 2 1 1 2 1 1 2 0 0 1 0 1 0
1 1 1 1 0 2 2 2 0 2 2 2 2 2 2 2 1 1 0 0 2 2 2 0 1 2 1 1 2 0 1 1 2 0 0 0 2 0 0 0 0 0 0 0 0 0 2 1 1 0 2 1 2 2 2 2 2 1 0 2 2 1 1 1 1 2 2 1 2 0 1 1 0 2 1 0 0 1 2 2 2 0 1 2 0 1 1 2 0 1 2 2 0 0 2 2 0 1 1 1 1 1 2 2 0 0 0 1 2 1 2 1 1 0 2 1 2 0 1 2 0 1 0 0 2 2 1 0 1 2 2 1 0 1 0 2 2 2 1 1 0 0 1 2 1 0 1 0 0 2 1 1 1 1 0 1 1 1 2 2 0 1 1 2 0 2 1 2 2 2 1
0 1 2 0 2 2 1 0 1 1 1 2 1 2 2 2 1 0 2 2 2 1 0 2 1 0 0 1 2 0 2 0 1 2 0 1 2 2 2 0 1 0 1 2 1 0 2 2 2 2 1 2 0 2 1 2 2 2 0 0 0 0 0 2 2 2 1 2 1 0 0 2 1 1 2 0 2 2 2 2 1 2 1 2 2 0 1 2 2 2 2 2 0 1 2 2 0 1 2 1 1 0 2 0 1 2 1 1 2 2 1 1 1 0 1 1 0 2 0 0 2 1 1 2 2 0 2 0 2 2 2 2 0 2 0 2 2 2 2 2 1 0 0 0 1 1 1 2 2 2 1 1 0 2 1 2 0 0 0 1 0 1 0 0 0 1 0 0 0 2 0
2 0 1 0 2 0 2 0 2 2 1 1 2 1 2 0 1 1 0 2 1 2 0 0 0 2 0 1 0 0 2 1 1 0 1 1 1 2 2 2 1 0 0 0 1 1 1 0 2 0 1 0 2 2 0 2 2 1 2 0 2 1 2 2 2 0 1 0 2 0 2 1 1 1 2 0 2 0 0 1 1 2 2 1 0 0 1 2 2 0 0 0 1 2 2 0 1 0 2 1 0 2 0 1 0 0 1 2 1 2 1 0 2 1 1 2 2 2 2 1 0 0 1 2 2 0 1 0 1 0 2 1 0 2 2 1 2 1 1 0 1 1 0 1 2 2 1 1 0 0 0 1 0 0 0 1 1 1 1 0 2 0 1 1 0 2 0 0 0 1 1
2 2 2 0 2 0 1 0 0 0 2 1 0 2 2 1 0 1 1 0 1 2 0 2 0 2 2 0 0 2 2 0 2 0 0 2 0 0 0 0 0 2 1 1 2 0 1 0 2 2 1 2 1 1 2 2 1 0 0 2 0 2 0 2 2 0 2 0 1 0 0 1 0 2 1 1 1 2 1 1 2 0 0 1 0 1 1 2 2 2 1 2 1 1 2 2 0 0 2 1 1 1 1 1 0 0 2 2 0 1 1 2 0 2 0 1 0 2 0 0 1 0 2 1 2 0 1 2 0 1 2 1 2 1 0 1 1 1 0 1 0 1 1 1 1 2 2 2 2 0 0 1 0 0 2 0 1 0 0 2 2 0 1 2 2 2 0 1 1 1 0
2 0 2 1 2 1 0 0 1 1 1 0 2 2 0 0 1 1 1 0 1 2 0 0 1 2 2 0 1 0 0 0 1 2 2 1 1 0 1 0 2 0 1 2 2 1 0 0 0 1 2 1 1 2 0 0 2 2 0 1 0 1 2 1 1 2 0 2 0 2 0 2 2 1 2 2 0 2 0 1 1 0 0 2 0 1 2 0 0 2 2 0 0 2 2 1 1 1 2 1 0 2 0 1 2 0 1 0 0 2 1 2 1 1 1 1 2 1 0 0 0 2 1 2 1 1 1 0 2 0 1 0 1 0 2 0 1 0 0 1 1 1 0 2 1 2 1 1 1 1 2 2 2 0 1 1 2 1 2 2 2 1 0 0 1 2 1 0 1 2 2
2 1 0 2 0 0 0 1 1 2 1 1 2 2 0 0 1 1 2 1 1 2 2 2 0 2 1 2 0 0 2 0 2 2 2 2 1 0 2 2 0 0 1 2 0 2 0 2 1 0 1 0 2 0 0 0 0 1 0 1 2 2 2 2 2 0 2 0 1 2 0 2 0 2 2 0 2 2 0 1 0 1 2 2 2 2 1 0 1 1 2 0 2 2 0 1 2 1 2 0 0 2 0 0 2 2 2 2 2 2 2 2 2 1 0 1 1 2 2 2 1 1 0 0 1 1 1 0 2 1 2 0 2 2 1 2 0 1 0 2 1 2 1 0 0 2 0 2 1 2 1 0 1 2 0 0 0 0 0 0 1 0 2 0 1 1 1 1 2 1 1
0 0 0 1 1 0 1 0 1 0 2 1 2 1 0 2 0 0 1 1 1 2 0 0 1 1 1 0 0 0 1 2 0 2 1 2 2 0 2 1 1 2 1 1 0 1 1 1 1 2 0 0 2 0 0 1 0 2 2 1 2 0 0 0 0 2 2 0 2 2 2 1 1 0 2 0 1 1 1 0 1 1 0 1 0 2 2 0 1 2 2 2 1 1 2 1 0 0 0 0 2 0 2 1 1 2 1 2 0 2 0 1 2 0 0 2 2 0 0 2 0 2 1 1 1 0 1 2 0 1 0 1 1 2 0 2 1 1 2 1 1 2 1 1 0 1 1 0 2 1 2 0 2 0 1 1 1 2 0 0 1 1 1 2 0 1 2 1 0 1 1
2 1 2 1 2 0 2 0 0 2 0 1 2 1 0 0 2 0 2 0 2 0 1 2 1 0 2 0 1 2 1 1 0 1 0 0 0 2 1 1 2 1 2 1 2 2 0 0 0 2 1 0 2 1 0 0 1 2 2 0 1 0 2 0 0 2 0 0 2 2 1 2 1 0 1 2 0 1 2 1 1 0 2 1 2 2 2 1 2 1 2 2 0 1 2 0 1 0 0 0 0 2 0 2 0 0 1 0 2 1 2 1 2 1 2 2 1 2 1 2 1 0 1 1 2 0 1 0 1 2 1 2 1 2 2 1 0 1 2 2 0 2 0 0 1 0 2 0 0 1 0 1 2 1 0 2 2 2 2 0 1 2 0 0 2 0 2 2 2 1 1
2 1 0 0 0 1 0 1 1 0 1 0 2 2 0 2 2 0 2 2 2 1 1 2 1 1 2 0 2 2 0 1 0 0 2 0 2 0 2 1 0 0 2 0 0 1 2 2 1 0 0 1 2 2 1 1 1 1 1 0 0 2 0 0 0 2 2 0 0 2 1 1 0 1 2 1 2 2 2 1 2 0 2 2 0 0 0 1 2 2 0 2 0 0 1 0 2 1 0 0 0 2 1 1 1 1 1 0 1 0 2 1 1 1 1 1 0 2 2 0 2 0 0 0 0 2 0 0 0 1 1 0 0 0 0 2 2 1 0 1 1 2 2 0 2 2 1 0 1 1 0 1 2 1 1 2 1 2 0 1 1 2 0 1 0 1 2 0 2 0 1
1 0 1 1 0 0 2 0 2 1 2 1 0 1 0 1 1 2 2 2 0 2 0 2 0 1 1 0 1 2 2 2 0 1 0 0 2 0 1 2 2 1 0 0 0 1 2 1 0 2 2 1 2 0 2 2 0 1 2 1 1 2 1 1 0 2 1 0 0 0 0 0 2 2 0 0 0 0 2 1 0 1 0 2 2 2 1 0 1 1 1 2 0 2 1 1 0 2 2 0 0 2 1 2 1 2 0 0 2 0 1 0 2 2 2 2 2 1 2 1 2 1 1 0 1 2 2 2 1 2 0 2 2 1 0 2 1 0 2 1 1 1 2 2 0 2 1 0 1 2 2 0 0 0 2 2 0 2 0 2 1 0 2 1 2 0 0 0 2 0 2
0 1 1 2 0 2 2 1 0 1 1 1 2 2 0 2 0 0 2 0 2 0 0 1 2 1 2 0 0 0 0 0 2 0 1 0 2 1 2 2 2 1 0 1 0 2 0 1 2 1 1 0 1 2 1 1 0 0 2 1 1 2 2 2 2 0 2 1 1 1 0 1 2 2 0 1 2 1 2 2 0 2 2 1 1 0 0 2 2 2 1 1 1 0 0 1 1 1 0 0 2 1 0 0 1 0 2 1 2 2 0 2 1 0 0 0 1 1 0 1 0 1 0 2 2 1 1 1 2 1 2 0 0 2 1 2 0 1 0 2 0 1 2 2 2 0 2 0 2 0 0 0 1 1 2 1 2 1 2 0 1 2 1 1 1 0 1 2 1 2 2
1 0 2 1 2 0 1 1 2 2 1 1 1 2 1 1 2 0 0 0 1 0 2 0 2 2 1 1 1 2 1 0 2 0 2 0 1 1 2 1 0 0 2 0 0 1 1 0 2 2 1 0 0 0 1 2 0 0 1 1 2 1 2 2 1 2 0 0 0 2 0 2 0 0 0 1 2 2 2 1 1 0 2 1 1 1 1 2 2 1 2 2 2 2 2 0 2 0 2 1 0 2 0 1 0 1 0 0 0 2 2 1 0 2 1 2 1 2 2 0 1 1 0 0 2 2 2 1 0 1 2 1 1 0 0 1 1 0 2 1 1 2 1 1 1 0 1 0 0 2 0 2 0 1 2 2 0 2 1 2 1 1 1 0 2 2 2 0 2 2 0
1 1 2 1 0 2 2 0 2 1 0 1 0 2 2 0 1 1 2 0 0 1 1 0 1 0 0 1 0 0 2 0 1 1 1 2 0 1 0 1 1 1 2 2 1 2 2 2 1 0 2 2 2 1 0 0 2 1 2 1 2 2 1 1 1 2 1 0 1 2 1 2 1 1 1 2 1 2 0 2 2 2 2 1 2 2 1 1 1 1 2 0 0 1 0 0 0 1 0 2 1 1 2 2 0 1 0 1 1 0 1 0 0 0 2 2 0 1 2 1 2 2 0 1 1 1 1 2 2 1 2 2 0 0 1 0 1 2 0 0 2 1 0 1 2 2 0 0 1 0 2 0 1 0 1 2 1 2 2 1 1 0 0 1 0 2 0 2 0 0 2
2 1 0 1 1 0 2 1 1 0 2 1 1 2 0 1 1 0 2 0 2 2 1 1 0 1 1 2 1 2 2 2 1 2 0 0 2 0 0 0 1 2 2 0 1 0 2 0 1 2 0 1 1 1 2 1 0 2 1 1 1 0 1 0 2 2 1 2 2 2 0 1 1 2 2 0 0 2 2 2 1 2 1 0 2 1 1 0 0 0 2 0 0 1 0 0 0 2 2 2 2 2 1 0 2 1 2 0 0 1 0 2 1 1 2 0 0 1 0 1 1 0 1 2 2 0 2 2 0 2 2 0 1 0 1 1 2 0 2 2 2 2 1 1 2 1 2 2 2 1 0 0 2 0 2 1 0 2 1 0 1 0 0 0 2 2 2 1 0 2 2
1 1 1 2 1 0 2 0 2 1 2 1 0 2 1 2 0 1 0 0 0 1 2 1 0 2 1 1 2 0 1 0 2 0 0 1 0 1 2 0 2 1 2 0 1 1 2 1 0 0 2 0 2 2 2 2 1 0 1 0 0 0 2 1 0 0 2 1 1 1 1 1 1 2 2 2 1 2 1 1 0 1 2 2 0 2 1 1 0 0 2 2 1 1 0 1 0 2 0 1 1 2 0 2 1 2 2 2 0 1 0 0 2 1 0 2 1 1 0 1 2 2 0 0 2 1 2 0 1 2 1 0 2 0 0 0 0 0 1 0 1 1 1 0 0 1 2 1 0 0 1 1 1 2 1 1 1 2 1 2 1 0 0 1 0 1 0 1 1 1 2
1 0 0 1 1 2 2 0 1 0 1 2 1 1 1 2 2 1 1 2 1 2 0 2 2 2 2 1 1 0 1 2 1 2 2 0 0 2 0 1 2 2 1 2 0 0 1 0 0 0 0 1 2 1 0 2 0 0 1 0 1 0 0 2 2 0 2 2 2 1 1 0 0 0 2 1 2 1 1 2 1 2 0 1 1 1 2 1 2 1 2 1 1 0 1 0 1 2 1 1 0 2 1 0 1 0 2 0 1 1 2 1 0 0 0 1 1 0 1 1 1 0 0 2 1 1 0 0 0 1 2 1 1 1 2 2 1 1 2 0 2 2 2 0 0 1 2 2 1 0 1 0 2 1 0 1 0 0 2 2 2 1 0 2 2 0 1 1 2 2 0
2 2 0 0 0 1 2 0 0 1 1 1 1 0 1 2 0 0 2 0 0 1 1 2 2 2 2 1 1 2 1 1 2 2 2 0 1 0 0 1 1 2 0 2 0 0 2 2 1 2 2 1 2 1 2 1 0 1 2 0 1 2 2 1 2 2 2 0 2 2 0 1 0 0 1 0 1 0 0 2 1 0 1 0 1 0 2 0 2 2 1 1 2 1 2 1 1 1 2 0 2 2 2 0 0 0 1 2 2 2 2 1 0 1 2 1 2 1 2 1 0 1 0 0 0 1 2 2 2 1 1 2 1 0 2 0 2 2 0 1 1 2 0 1 1 2 0 0 0 1 0 1 0 1 2 1 2 2 1 0 1 2 2 1 2 0 1 2 2 1 1
1 1 1 0 2 0 0 1 1 2 1 0 0 2 0 1 2 0 0 0 0 2 2 1 0 0 2 2 0 1 1 1 2 2 2 2 1 1 1 2 0 2 0 1 2 1 1 2 2 1 2 2 2 0 0 2 0 0 2 1 2 0 0 2 1 0 2 2 1 0 2 2 0 0 1 0 2 2 1 1 1 0 2 0 1 0 0 2 2 0 1 1 1 2 0 2 0 0 2 2 0 0 2 1 0 1 2 0 0 1 2 2 1 1 0 1 0 0 1 2 1 0 0 0 2 2 0 1 2 0 0 1 0 2 0 1 0 0 2 1 1 1 2 1 1 2 2 1 0 0 0 0 0 1 0 2 1 0 1 2 1 2 1 2 1 1 0 0 0 2 2
1 1 1 2 0 1 1 1 0 1 2 0 2 1 0 0 0 0 1 0 2 0 1 1 0 0 0 1 0 0 0 2 2 2 2 2 1 2 0 1 0 2 1 1 1 1 1 2 0 2 2 0 0 1 2 1 1 2 2 0 1 2 0 0 2 2 0 1 1 1 2 0 2 1 1 1 0 0 1 0 2 0 0 0 2 0 1 1 0 0 1 1 0 2 2 2 2 0 1 1 2 1 2 1 0 1 0 0 1 1 1 2 2 2 2 1 0 1 1 1 1 2 0 1 0 0 2 2 1 0 1 1 2 2 0 2 0 1 0 0 0 2 2 0 2 1 2 0 2 0 2 2 1 2 0 1 1 0 1 2 2 0 0 1 2 1 1 1 0 2 1
0 2 1 1 2 0 1 2 1 1 2 0 0 0 0 1 1 2 2 0 1 0 1 2 0 0 1 1 1 1 0 1 1 2 0 1 0 2 1 1 1 2 1 2 2 2 0 0 1 1 0 0 2 2 0 2 0 2 2 1 2 2 1 0 2 2 2 2 1 1 1 2 0 0 2 2 0 0 0 0 1 0 0 1 1 1 0 1 1 2 1 0 0 0 1 2 2 1 2 1 2 1 1 0 1 1 0 2 2 0 2 1 1 0 2 2 2 0 2 1 1 1 1 1 1 1 1 1 2 1 2 2 2 1 2 1 0 0 1 2 0 1 0 2 2 0 0 1 1 0 0 2 1 2 0 2 0 2 1 0 0 0 2 0 2 2 2 0 2 0 0
0 2 1 1 1 1 1 1 2 1 1 2 2 1 0 2 0 2 0 0 0 1 1 1 0 0 1 1 1 2 2 2 2 1 0 2 2 2 0 0 0 2 0 0 0 1 2 1 1 0 2 2 2 0 1 0 1 0 2 0 0 2 1 2 0 1 1 1 2 2 1 2 1 2 1 0 0 1 1 2 2 1 2 1 1 0 2 1 0 0 1 0 2 2 1 0 2 0 2 1 0 1 1 1 0 2 2 1 1 2 1 1 0 0 0 2 1 0 1 2 1 0 0 0 1 1 1 0 0 0 2 0 1 1 2 0 1 2 1 0 1 0 2 2 0 2 1 1 0 0 1 1 1 0 2 2 2 0 0 2 2 0 2 1 1 0 1 0 0 0 1
2 0 0 1 1 0 1 1 0 1 0 2 0 0 2 2 0 0 0 0 0 1 0 2 0 1 1 1 1 2 0 0 0 1 1 2 2 2 1 0 2 1 0 2 2 0 0 0 0 0 0 1 2 1 1 0 2 2 1 1 1 2 1 0 1 1 2 0 1 1 1 0 2 2 0 2 2 0 2 0 1 0 2 1 2 0 1 0 2 1 1 2 0 1 2 2 2 2 1 1 1 2 2 0 0 0 0 2 1 2 0 2 0 0 2 1 0 0 1 1 1 2 1 0 1 1 2 0 1 0 2 2 1 2 2 1 2 0 1 1 1 2 1 2 2 0 0 1 2 1 0 0 2 1 0 0 2 1 2 1 2 2 0 0 1 0 2 1 1 1 2
2 1 1 2 1 2 0 2 1 2 2 2 2 1 1 1 1 2 0 2 2 2 0 0 1 2 2 0 0 1 0 0 2 1 0 1 1 0 1 0 0 2 0 0 0 1 1 0 1 1 0 0 1 1 1 0 0 2 0 1 0 0 2 0 2 2 2 0 1 0 1 2 2 2 2 0 1 1 0 0 0 1 1 2 2 0 0 0 0 1 2 0 1 2 1 0 0 0 2 1 1 1 1 0 1 0 1 2 2 2 0 0 1 1 0 1 2 0 0 2 1 2 1 0 0 0 1 0 1 1 2 0 0 0 1 1 0 0 1 0 0 1 1 1 1 1 1 0 2 1 1 2 1 2 0 1 0 1 2 2 1 1 2 2 2 2 2 1 0 0 2
0 0 0 0 1 2 1 1 1 0 2 0 1 2 0 1 1 0 1 0 2 0 1 1 0 0 0 1 0 2 0 1 2 0 1 0 0 0 2 0 1 0 1 1 0 0 0 1 0 1 2 0 2 0 2 0 1 1 1 1 1 2 2 0 0 2 1 1 0 0 1 2 0 2 1 2 2 1 0 0 2 0 1 2 0 2 0 1 0 1 0 1 1 1 2 2 0 0 1 1 1 0 1 0 0 2 2 1 0 2 2 1 0 2 1 1 1 1 1 2 0 1 0 2 0 0 2 0 0 1 0 2 1 1 2 2 2 1 0 0 2 1 1 0 0 0 2 1 1 1 0 2 1 1 2 1 1 1 0 2 2 0 1 1 2 2 0 1 1 1 2
1 0 1 2 0 2 2 1 1 0 2 0 1 0 2 1 2 1 1 1 0 1 0 2 0 0 0 0 2 2 0 0 2 1 0 2 1 0 1 0 1 0 1 0 1 2 1 0 0 0 2 2 1 0 1 2 1 1 0 0 0 0 1 0 0 1 2 1 2 0 1 1 1 1 2 2 0 1 2 0 1 1 0 0 2 0 0 1 1 1 1 0 1 2 1 2 2 1 1 1 2 0 2 1 1 2 0 1 0 1 0 1 0 1 1 0 1 0 1 1 1 2 1 0 0 0 0 2 1 1 1 1 1 2 2 1 1 0 0 2 1 0 1 2 2 1 2 0 1 2 1 0 1 0 0 2 1 0 2 0 2 1 2 2 1 2 0 2 0 0 2
2 2 2 2 2 1 0 2 2 2 2 2 1 0 0 1 2 1 1 1 0 0 0 0 1 0 0 2 1 2 2 1 1 1 1 1 2 1 1 2 1 1 2 2 2 0 1 2 2 0 1 0 0 2 1 0 0 2 0 2 1 2 0 0 2 2 1 2 0 1 2 1 2 2 2 2 0 0 2 2 1 1 0 0 1 2 1 1 1 1 1 1 0 0 2 2 2 2 0 0 0 0 2 2 2 1 2 0 0 2 0 2 0 0 0 2 2 1 1 2 2 0 0 1 1 0 1 0 2 1 0 2 1 1 2 1 0 2 2 1 1 2 1 1 1 1 1 1 1 0 0 0 1 1 1 2 2 0 2 1 2 1 2 1 0 2 0 0 1 2 2
2 2 1 1 0 0 0 0 1 1 0 0 2 0 2 2 0 0 1 2 0 0 1 1 0 0 1 1 2 1 1 2 1 0 1 0 0 2 0 0 0 1 0 2 2 2 1 2 0 0 2 0 1 1 2 2 2 1 1 2 0 2 2 1 2 0 1 1 2 2 1 2 1 2 2 0 1 1 1 2 2 0 0 1 1 0 1 1 1 2 1 1 2 0 0 2 1 2 0 1 2 2 1 1 1 0 1 1 2 2 0 1 0 2 0 2 2 1 1 2 1 2 0 1 0 1 1 1 1 2 0 1 2 1 2 0 1 1 1 1 2 0 0 2 0 0 2 2 2 1 2 1 1 0 0 2 2 2 1 0 1 2 2 0 0 1 2 0 0 0 1
0 1 2 2 1 0 0 2 0 1 1 2 2 2 2 2 2 1 1 0 0 1 0 1 2 1 1 0 2 1 0 2 1 2 0 2 1 0 1 1 2 0 0 1 0 0 2 2 1 1 0 0 2 0 2 2 2 0 1 0 2 1 0 0 1 0 0 2 1 2 1 0 0 1 0 1 2 2 0 1 1 1 2 1 1 1 0 2 1 1 2 1 0 2 2 2 1 0 1 2 0 2 1 1 2 1 2 2 1 1 1 2 2 1 0 2 2 1 1 2 1 1 1 1 1 1 1 2 2 0 0 0 0 2 1 0 0 2 2 2 0 2 2 0 1 0 0 1 2 2 0 0 0 2 0 0 1 1 0 0 2 0 1 1 2 2 1 0 2 2 0
0 2 2 2 0 2 2 1 2 2 0 0 0 2 1 0 1 1 1 2 0 2 0 2 0 1 2 1 0 2 2 2 1 2 1 1 0 0 0 0 2 0 0 0 1 0 1 2 1 0 0 2 1 0 2 1 1 1 0 0 1 2 2 2 0 0 1 0 0 1 0 1 0 1 2 2 1 1 2 2 2 2 2 0 0 2 2 2 1 2 2 2 0 2 1 0 0 0 0 2 1 1 0 2 2 0 1 1 1 1 1 0 0 1 1 1 0 0 1 1 1 1 1 1 2 0 1 2 0 2 1 0 0 2 2 2 2 2 1 1 1 0 2 1 1 2 1 0 0 2 2 1 1 1 2 0 1 1 0 2 0 2 0 1 2 2 1 1 2 0 0
0 1 1 0 1 1 1 1 1 1 0 0 0 2 0 1 1 2 2 1 0 1 1 2 1 1 1 1 2 1 2 2 1 1 0 2 2 2 0 1 0 1 2 2 1 0 0 2 2 0 1 1 2 0 1 1 1 2 0 0 1 2 1 2 1 1 1 1 2 2 0 0 1 2 2 2 0 0 2 0 0 0 2 1 0 0 2 2 0 2 1 2 2 0 2 0 2 2 2 1 1 0 2 2 0 1 1 1 2 0 2 0 1 2 1 2 0 1 0 1 1 1 1 1 2 0 2 1 2 2 0 1 0 2 1 1 1 1 2 0 2 2 2 1 2 0 1 0 2 1 2 0 0 0 2 2 1 2 1 2 1 2 1 2 1 2 0 2 0 0 1
0 0 0 2 0 1 0 0 0 0 0 2 0 0 1 1 2 1 0 2 1 2 0 0 1 2 1 1 1 1 0 1 2 0 0 0 2 1 1 0 1 2 0 0 2 0 2 2 1 2 2 0 2 2 1 0 2 0 2 1 1 0 2 2 1 0 2 1 1 1 0 1 0 0 1 1 1 1 1 1 0 1 1 0 0 2 1 0 0 0 1 0 1 1 2 0 2 2 1 2 0 1 0 2 0 2 0 1 0 2 0 1 0 2 1 2 2 2 0 0 0 0 0 2 2 0 2 2 2 1 1 0 0 1 2 1 1 0 2 2 1 0 0 2 0 2 1 2 1 0 0 2 0 0 1 2 0 1 2 0 0 0 1 1 2 1 2 0 0 2 2
