3 172 19
1030896081 543792195 84526269 36334003 797754091 362491583 280306972 419997991 472062127 81608345 1007257573 441633297 505168911 964680728 664918603 795313938 82580923 897366556 368081147 557322761 941016671 970075032 894773096 16185505 953761103 139705791 1082481215 968122094 359565776 831740001 1050248013 509935087 881224213 103643138 1115804194 491028933 993346975 731741254 896342872 37987534 404991567 398668825 613827660 335153300 367387746 294849114 793621027 916131618 756361061 162197110 949285033 313286737 694197534 877791332 13478674 259608283 605787875 963841284 573088678 264031134 86153725 238427146 869031129 787531217 1057099860 361282673 305113451 624028279 536676794 649663949 936769616 779835839 328604188 137956813 1033810850 1133390219 534919812 389653266 1010472669 377812903 378237808 901919126 587847421 270949308 276402213 730735088 209256085 87282400 327482079 154268671 492593725 543561099 535280599 93430419 374461565 550607894 1160962807 53868127 899946134 1064395077 708616069 784325437 966903484 110871848 294897209 638003399 785610531 690254167 181732944 433565335 3739692 636800730 860415162 237392656 666628492 1121553276 574830058 561964775 1056651897 426341818 488809786 224812906 952777223 1023671629 529046020 795153805 113379109 885991539 361105836 999385593 1120467891 198948483 1046415130 513542152 1154559123 298071063 765846072 852527767 820761425 338061549 633769682 883431310 27460234 138828984 182731684 78496549 834548299 625060002 942715620 758254655 538905404 417500092 400903128 763570914 856190877 775559673 1117060602 676652117 190464104 432283630 588919416 651077254 1007443157 916797934 937976331 885242941 744929565 1130707115 633859023 735569421 516951432 356646953
2 1 2 0 2 1 2 2 0 1 2 0 2 0 1 0 2 0 1 0 2 2 0 2 2 1 2 0 1 2 2 0 0 2 0 0 0 0 0 1 2 0 0 2 0 2 2 1 2 1 2 0 1 0 2 2 1 1 0 0 0 2 0 2 2 1 0 0 1 0 2 1 1 0 0 0 2 1 1 0 0 0 0 1 1 2 1 0 1 1 0 2 2 1 1 2 0 2 0 0 0 0 2 2 1 1 2 0 2 1 1 2 1 2 1 1 1 0 1 0 2 0 0 2 1 2 2 0 2 2 0 2 0 2 1 1 0 0 2 2 2 1 2 1 1 1 0 0 2 2 1 1 2 1 1 2 1 0 2 0 0 0 0 0 2 0 2 1 0 1 0 1
0 1 2 2 2 0 0 1 2 1 0 0 0 1 2 2 2 2 0 0 2 0 1 2 0 0 0 2 0 2 0 0 1 0 2 0 0 0 2 0 2 0 0 0 0 2 0 2 2 0 1 2 1 2 0 0 0 1 0 0 0 1 1 2 1 2 2 2 2 2 2 2 1 1 2 1 0 0 0 1 0 2 1 0 2 1 0 0 0 0 1 1 2 2 1 0 1 1 0 2 2 0 1 0 1 2 1 0 2 2 2 1 2 0 1 2 2 2 2 0 0 0 2 2 2 1 0 2 0 0 1 0 1 2 0 0 2 2 1 2 2 0 0 2 0 1 1 0 0 0 1 1 0 1 0 1 0 0 0 0 1 2 1 2 2 2 0 2 1 1 1 2
2 2 1 1 1 0 1 2 1 1 0 0 0 0 2 0 0 2 2 1 2 0 1 1 0 2 0 2 1 2 1 1 1 1 2 2 1 1 1 0 0 1 0 0 1 2 2 2 2 1 1 1 2 0 1 2 0 1 0 2 1 2 1 2 0 1 0 2 1 1 0 1 0 1 0 2 2 2 2 1 1 0 1 0 1 2 1 2 1 1 2 0 0 0 1 1 2 1 0 0 2 1 2 0 0 2 0 0 2 0 1 0 1 0 2 0 0 0 2 0 2 2 0 2 0 1 1 0 2 0 0 0 2 2 0 2 0 1 0 0 2 2 1 1 0 1 2 2 1 2 2 1 2 0 0 2 2 0 0 2 1 0 2 0 0 1 1 1 2 1 2 2
1 1 1 2 2 0 2 1 2 1 2 1 2 0 1 1 0 1 1 1 2 1 0 1 2 1 0 0 2 2 0 1 1 2 1 1 2 0 2 1 2 2 1 1 0 0 1 1 0 0 1 2 1 1 1 2 0 2 0 2 2 1 0 2 0 2 0 0 0 0 2 2 0 0 2 1 2 0 1 2 1 0 1 0 1 1 2 2 1 0 1 0 2 0 2 2 2 1 0 0 2 0 0 2 1 0 1 0 1 0 2 2 0 2 0 2 0 0 1 2 2 2 0 1 0 1 2 0 2 2 1 1 0 2 1 2 1 2 2 2 0 0 0 0 2 0 2 0 1 0 2 0 1 0 0 1 1 2 2 0 2 0 2 0 1 1 2 2 1 2 2 2
0 2 2 0 2 2 0 2 0 0 0 1 1 0 0 0 2 2 1 2 1 0 0 2 2 0 2 1 0 1 0 1 1 2 1 1 2 0 1 0 1 2 2 0 2 2 1 2 0 0 2 1 1 2 1 1 2 0 2 2 2 2 1 1 2 0 1 0 0 2 0 2 1 2 0 1 0 1 1 0 2 0 1 0 0 0 2 2 1 1 2 0 1 1 0 2 2 1 2 0 0 0 2 2 0 2 0 0 1 2 0 1 2 2 2 2 2 2 2 0 1 2 2 0 0 2 0 2 0 2 0 0 0 0 0 1 0 0 1 0 2 2 1 2 2 1 2 2 1 1 0 0 2 2 0 2 1 2 0 1 2 0 0 0 1 0 1 2 2 2 2 2
2 0 2 2 2 1 2 1 1 2 1 0 2 2 0 1 1 1 0 1 0 1 1 1 1 2 1 0 2 0 0 2 2 0 2 2 2 1 0 1 0 1 2 0 0 1 2 0 2 0 1 0 1 0 0 0 0 1 1 2 0 2 1 2 0 1 2 2 2 2 2 1 1 1 1 2 2 1 2 0 1 1 0 0 1 0 1 1 0 0 2 0 2 0 0 0 0 2 2 2 1 1 1 0 1 1 2 0 2 2 1 2 1 0 0 1 1 1 0 1 1 2 1 1 1 2 1 1 1 2 0 0 1 0 0 2 1 0 0 0 0 1 0 1 1 1 2 0 2 1 2 2 0 2 1 1 1 1 2 0 0 1 0 1 1 2 1 2 2 2 0 2
1 1 1 1 0 2 1 0 0 1 0 0 0 2 0 2 0 2 0 1 1 1 2 2 0 1 2 2 0 0 2 0 2 2 1 0 2 0 0 2 1 1 0 2 1 1 2 2 1 2 0 0 0 0 1 1 2 0 1 0 1 1 0 1 1 2 1 0 2 0 2 1 2 0 1 0 2 0 2 1 0 0 2 0 0 0 2 0 1 1 2 0 0 0 0 1 0 2 2 2 2 2 1 1 2 2 2 2 0 2 1 0 2 1 2 0 1 2 1 0 1 0 2 1 1 2 0 1 1 0 0 1 2 2 0 0 2 0 2 0 2 2 1 2 0 0 0 1 0 1 0 1 2 2 1 1 1 2 2 2 0 2 1 2 2 0 0 2 1 0 0 0
2 1 0 0 2 1 2 0 1 2 2 1 1 1 2 0 1 1 1 2 1 0 2 1 0 0 1 1 1 1 0 1 2 1 1 2 1 0 2 2 1 0 0 0 1 2 1 0 0 0 2 2 0 2 1 2 0 2 0 1 1 1 2 2 0 1 1 1 1 2 1 2 2 1 0 1 1 2 2 2 2 1 1 0 1 0 2 1 0 1 0 0 2 0 2 0 1 0 2 0 0 0 0 0 2 1 2 0 0 1 2 0 0 1 1 0 2 1 1 0 2 0 0 0 0 2 1 0 1 2 1 1 0 1 2 0 1 1 1 1 0 1 0 0 0 2 0 0 0 0 0 1 1 2 2 1 1 0 1 2 0 2 2 1 2 1 2 0 0 0 2 0
2 2 0 0 1 2 0 0 2 2 1 0 1 0 2 0 1 2 0 2 2 0 1 2 1 0 2 2 0 2 2 1 2 0 1 1 2 0 2 2 0 0 0 2 1 1 2 2 1 0 2 0 0 0 0 1 0 0 0 2 0 0 0 0 1 2 2 1 2 1 2 0 2 0 2 0 2 2 2 0 2 0 2 0 0 0 2 1 0 1 1 1 1 1 1 0 1 1 0 2 2 0 2 2 0 2 2 1 2 2 1 2 2 0 2 0 0 0 2 2 1 0 0 0 2 2 2 0 0 2 2 0 0 2 2 0 2 2 1 1 1 1 1 1 2 1 2 1 2 2 0 1 0 1 2 2 0 1 0 1 1 0 1 1 0 1 0 0 0 2 2 2
0 0 1 1 2 0 2 1 0 2 2 0 1 0 0 1 1 1 0 1 1 2 2 2 0 0 2 1 0 1 0 1 1 2 2 1 0 1 2 1 1 0 2 2 0 0 1 2 1 1 0 2 0 1 2 1 1 1 2 1 2 1 1 1 0 0 2 0 0 0 2 1 1 2 2 2 2 1 1 0 1 0 0 1 1 2 1 0 1 0 0 0 1 1 1 2 1 2 1 1 0 0 1 1 0 1 1 0 2 2 1 1 0 1 0 1 1 2 0 2 0 0 0 2 1 0 2 2 2 0 2 2 2 1 1 0 2 2 1 2 2 2 1 0 2 2 2 0 1 2 1 1 0 1 1 1 1 2 2 1 2 1 1 2 2 2 0 2 2 1 2 2
0 0 0 0 0 0 1 1 1 2 1 1 1 2 0 0 1 2 1 2 1 0 1 1 0 2 1 0 0 0 0 2 1 1 0 1 1 1 1 2 1 2 1 0 2 2 1 2 2 0 1 1 1 0 2 0 0 0 1 1 1 1 1 2 0 2 2 1 1 1 2 0 0 0 1 2 0 0 1 2 0 0 0 0 1 0 0 2 1 1 1 2 0 1 0 0 0 0 1 2 1 0 2 2 1 1 1 2 2 1 2 0 2 0 1 1 0 1 0 2 2 2 0 2 0 1 2 1 2 1 0 0 0 1 2 2 0 1 2 0 0 1 1 0 2 2 1 0 0 0 1 0 0 2 0 1 0 2 2 2 1 0 0 1 1 0 2 0 2 1 0 0
0 1 1 0 1 2 2 1 0 1 2 0 0 2 1 1 2 0 0 0 2 1 0 1 1 2 1 0 1 2 1 1 1 2 0 2 0 2 1 0 0 0 1 1 0 2 2 2 1 0 0 1 1 1 2 0 0 2 1 2 1 0 1 0 0 1 0 0 1 2 1 2 0 0 0 1 0 2 0 1 2 1 2 1 2 0 2 0 2 1 2 0 2 1 1 2 0 2 1 2 2 0 1 0 0 2 2 0 2 0 0 0 2 2 1 0 0 1 0 2 0 1 0 2 0 2 2 0 2 1 2 1 1 2 0 1 1 2 0 1 0 0 1 0 0 0 0 1 2 1 1 0 0 1 0 0 2 2 1 1 1 0 1 0 0 1 0 1 0 0 0 1
1 2 2 2 2 0 1 2 2 0 2 0 1 2 0 0 0 2 0 2 1 1 2 1 2 0 1 0 0 2 2 2 1 1 2 1 2 0 1 0 0 2 0 0 1 1 1 2 1 1 1 0 2 2 1 2 2 2 0 1 1 2 0 0 2 0 2 1 1 1 1 2 0 2 2 2 1 2 2 0 0 1 1 1 0 2 0 2 0 0 0 1 0 2 2 2 2 2 1 1 1 1 1 1 0 1 1 2 0 1 0 2 0 1 1 0 1 1 0 2 0 2 0 1 2 1 1 1 0 2 0 1 1 2 1 2 0 2 2 2 1 0 2 1 1 0 2 0 2 0 2 2 0 1 0 2 2 2 0 0 2 1 2 0 0 1 0 2 0 0 2 0
1 1 1 0 1 1 2 0 2 1 0 2 0 1 2 0 1 0 1 1 2 1 2 0 2 1 0 0 1 2 0 2 0 0 0 1 2 2 0 1 2 1 1 2 0 0 0 1 0 2 0 0 0 1 2 0 2 2 0 1 2 2 0 2 2 1 2 2 1 2 1 0 1 2 0 1 0 1 1 1 0 1 2 1 2 1 1 2 0 0 0 0 2 1 0 2 0 0 2 1 0 0 2 1 2 2 0 0 1 1 1 1 1 1 0 1 0 2 1 2 2 1 2 2 0 0 2 1 0 1 2 1 1 1 0 1 1 1 1 2 2 1 1 1 0 2 0 1 2 1 1 0 0 0 2 1 2 0 2 0 1 2 2 1 1 2 2 0 0 2 2 1
1 1 2 1 1 0 0 2 1 1 2 0 0 2 1 2 2 2 2 2 2 1 0 1 2 2 2 0 2 2 1 0 2 2 2 1 2 0 0 2 2 0 0 2 1 2 2 1 1 1 0 2 1 0 0 1 1 0 1 0 0 1 2 2 1 2 2 0 2 0 0 2 1 0 2 0 0 1 1 2 1 2 1 2 0 2 0 2 2 2 0 0 0 0 0 1 2 2 0 1 0 0 2 2 2 1 2 2 0 1 1 2 1 0 1 2 2 2 1 0 2 2 1 0 0 1 2 2 2 0 2 0 1 1 0 0 0 2 0 1 1 2 0 0 2 2 2 0 2 1 1 2 2 2 0 2 1 0 2 1 1 2 1 0 1 1 1 1 1 1 0 1
0 1 1 1 1 0 2 0 2 0 0 1 0 0 2 2 1 2 1 2 1 0 2 2 0 0 0 2 2 1 0 0 0 1 1 2 2 1 2 0 2 0 2 2 1 1 0 0 0 1 2 2 2 2 1 0 0 0 0 0 2 1 1 2 0 2 2 0 1 2 0 0 0 0 1 2 2 1 0 1 0 0 0 0 0 2 1 1 0 2 2 2 0 0 0 1 0 2 2 2 2 0 1 0 1 0 0 1 2 1 2 2 1 0 0 2 2 1 1 0 1 1 1 2 2 2 0 2 2 0 0 0 1 1 0 0 1 1 2 0 0 2 0 2 0 0 2 0 0 1 1 1 2 0 1 1 2 2 2 1 0 2 2 2 1 0 0 2 2 0 0 0
0 1 0 0 1 2 0 2 1 2 2 1 0 0 0 2 0 0 2 1 2 1 1 0 2 1 0 0 2 1 0 0 2 1 0 1 0 1 1 2 2 1 1 2 1 2 0 0 2 0 2 2 1 0 0 2 2 0 2 2 2 0 2 1 1 0 2 2 2 1 2 2 2 1 2 2 0 0 0 2 0 2 2 2 2 2 1 2 0 0 1 2 1 1 1 2 2 0 0 2 0 0 2 0 1 1 0 1 1 0 1 2 2 1 2 0 0 0 2 0 2 2 0 0 1 1 1 2 2 1 1 2 1 1 1 0 0 1 2 2 0 1 0 0 2 2 0 2 0 1 0 2 1 0 0 2 1 2 1 0 0 0 1 2 2 2 2 0 1 1 0 1
2 0 0 2 2 1 1 0 2 1 0 0 1 1 1 0 0 0 0 1 1 1 0 1 1 0 1 1 2 2 0 2 0 0 1 0 2 2 0 2 0 2 1 2 0 2 2 1 0 1 2 1 0 1 0 2 1 2 1 1 2 1 0 2 2 2 0 2 1 1 2 0 1 0 0 1 0 0 0 1 1 0 0 2 1 1 1 2 0 2 1 0 2 2 0 1 1 1 1 0 2 0 1 1 2 2 2 2 0 0 0 2 1 1 1 2 0 0 2 1 0 2 2 2 1 2 1 0 0 0 1 0 1 0 1 0 2 1 0 0 2 1 2 0 0 0 0 0 1 0 2 0 2 1 2 1 1 2 1 1 2 0 0 1 1 1 2 1 0 0 1 0
2 0 0 2 1 1 0 0 0 2 0 2 2 0 1 0 2 0 2 0 1 2 1 2 2 2 0 0 2 2 1 2 0 2 1 2 1 2 2 1 2 2 1 1 2 0 2 0 1 2 0 0 2 2 1 2 1 2 0 1 2 1 0 2 0 2 1 2 2 1 0 0 0 0 1 1 0 1 1 2 1 2 1 1 2 2 1 2 1 2 1 0 0 0 1 1 0 0 1 0 2 2 0 0 2 2 1 1 1 0 1 2 0 2 2 0 1 1 0 1 0 1 2 0 1 0 1 2 1 0 0 1 0 1 1 0 0 0 1 2 1 1 2 2 0 1 0 0 0 1 1 0 2 0 1 2 2 0 1 0 1 2 2 1 0 0 2 0 1 1 0 1
2 0 1 1 2 1 1 0 2 2 0 2 2 2 1 2 0 0 2 1 2 2 1 0 0 0 1 1 2 1 2 0 2 0 1 2 2 2 2 2 2 2 0 2 2 1 2 2 0 1 2 2 1 0 1 2 1 2 1 0 1 2 0 1 0 1 0 1 1 0 0 0 0 0 0 0 0 2 0 0 1 2 0 0 0 1 2 1 1 2 2 0 1 0 2 2 0 2 0 1 0 2 0 0 2 0 1 0 0 2 0 1 2 2 2 0 1 2 1 0 1 1 1 0 0 0 0 1 0 0 2 0 2 0 1 0 0 0 1 0 0 0 0 2 2 2 0 0 2 2 1 2 1 0 2 2 0 0 0 1 1 1 2 1 1 1 2 0 2 1 0 2
1 1 1 1 0 2 2 1 2 1 0 1 1 2 1 0 1 1 1 2 0 2 1 2 0 2 2 0 1 0 2 2 2 0 1 0 0 0 1 2 1 2 1 1 0 0 2 1 2 0 1 0 0 0 2 1 2 2 1 0 2 0 0 2 1 1 1 2 2 2 2 1 0 1 0 0 2 2 2 1 1 0 2 1 0 1 0 1 1 1 1 1 0 0 1 2 2 2 1 1 0 1 1 0 0 2 1 2 0 0 2 1 0 1 0 1 1 1 2 2 1 2 1 1 0 0 0 2 2 1 2 0 1 0 0 1 0 1 2 0 2 2 1 2 0 0 2 1 1 1 2 2 1 0 0 1 0 1 1 1 1 0 1 2 1 0 1 1 2 1 0 2
0 1 1 1 2 1 0 1 0 2 0 2 1 2 1 2 1 2 0 2 0 0 2 1 0 2 0 0 0 0 2 1 0 2 2 2 0 0 1 0 0 0 0 2 2 2 1 1 2 0 2 2 0 1 1 1 0 1 1 1 0 1 0 0 0 2 0 0 2 2 2 0 2 0 0 2 0 2 0 2 2 2 2 0 2 0 2 0 2 0 2 2 2 2 0 0 1 2 2 2 1 2 0 1 0 1 0 0 1 1 0 1 2 2 1 1 2 0 2 2 1 2 0 2 1 0 0 1 0 2 1 1 2 2 0 2 1 0 0 2 0 0 0 2 2 2 1 2 0 1 2 2 0 0 2 0 0 2 2 2 0 0 0 2 0 1 0 2 2 1 2 0
2 1 2 2 0 1 0 2 0 2 1 1 2 1 1 0 0 1 2 0 1 1 1 0 0 2 0 0 0 2 1 0 1 1 1 0 0 1 2 1 1 1 0 1 2 0 2 2 1 2 1 1 1 0 1 2 0 1 2 1 1 1 2 1 0 1 1 1 2 0 0 0 2 0 1 1 0 1 0 2 1 2 0 2 2 2 2 2 1 2 1 2 1 1 0 1 2 2 0 2 0 0 0 2 1 2 0 2 0 2 1 2 2 2 1 0 1 2 0 2 2 2 0 0 0 1 2 0 2 0 2 2 1 0 0 0 2 1 2 0 1 2 2 1 1 1 1 1 0 1 1 2 1 2 0 2 1 0 1 0 0 1 0 2 2 0 2 1 2 2 1 0
2 0 1 1 2 0 2 0 0 2 0 2 1 0 2 0 1 0 0 2 2 1 2 2 2 1 0 1 1 0 0 0 0 2 0 0 0 2 1 1 2 2 0 2 0 2 2 1 1 1 0 1 0 0 0 2 2 0 2 1 1 2 0 0 1 0 0 2 0 2 0 0 1 0 2 1 1 2 0 2 0 2 0 0 2 0 0 2 1 2 2 1 2 2 1 0 2 1 0 0 2 1 0 1 0 0 1 1 1 1 1 1 1 1 2 2 2 0 1 1 2 1 2 2 0 0 2 0 0 0 1 0 2 2 1 2 1 2 1 2 2 2 0 1 1 2 0 1 0 0 2 0 1 0 2 0 1 2 0 1 0 1 2 0 2 1 0 0 1 1 2 1
1 2 0 2 0 0 0 0 1 1 2 0 1 1 0 2 1 1 2 2 0 1 0 0 0 1 0 2 0 2 1 2 2 1 2 0 0 0 2 1 1 1 1 0 2 2 0 1 1 0 1 2 0 1 2 0 0 0 0 1 2 2 1 2 0 0 0 0 0 2 0 2 0 1 0 0 2 1 1 1 2 2 0 2 2 0 0 2 0 1 0 0 0 1 2 2 0 0 0 0 2 0 1 0 0 2 1 2 1 0 0 1 1 1 0 1 2 1 0 2 0 2 0 1 1 2 0 1 0 2 0 0 2 2 2 0 1 1 2 0 2 0 1 0 2 1 1 1 1 0 0 1 2 0 2 0 1 1 0 2 0 0 0 0 2 2 1 0 1 1 1 1
2 2 2 1 2 1 0 0 2 1 2 1 0 1 2 2 0 2 2 0 0 2 1 2 0 0 1 2 1 2 0 0 0 0 0 0 2 1 1 1 0 0 0 1 2 0 1 0 1 0 0 1 0 2 2 1 0 0 0 2 0 2 0 1 0 0 1 2 2 2 1 1 2 2 2 2 2 1 0 1 1 0 0 2 1 0 1 1 1 0 1 2 2 2 1 2 0 2 2 1 0 1 2 0 0 1 0 0 0 0 2 0 2 0 0 1 1 2 2 2 0 1 1 2 1 2 2 1 0 1 0 0 0 2 1 0 2 2 1 2 2 0 0 1 1 1 2 2 1 0 1 1 2 1 1 1 1 1 0 1 0 1 2 0 0 1 0 2 0 1 0 0
0 1 0 1 2 0 2 1 0 0 0 0 2 2 1 1 0 2 0 0 1 0 0 1 1 1 2 2 1 0 2 1 1 0 0 2 1 2 0 1 1 2 0 1 1 2 2 0 2 0 0 0 1 2 2 0 0 2 2 2 2 2 1 0 0 2 2 1 2 1 0 1 1 0 1 2 1 0 2 0 1 1 1 2 0 1 2 1 0 2 2 2 2 0 0 0 0 0 1 1 2 2 0 0 1 1 0 2 2 1 2 1 2 0 1 0 1 1 2 2 1 1 1 1 0 2 1 0 0 0 1 2 0 2 0 1 0 0 0 0 1 1 2 1 2 1 2 2 0 0 1 1 1 1 0 2 0 1 0 1 2 2 1 0 2 1 1 1 2 0 1 1
2 1 0 2 0 1 1 1 1 1 0 0 2 1 0 0 2 0 1 0 0 2 1 0 0 2 1 0 0 2 2 0 2 0 0 2 2 1 1 0 0 2 0 2 0 1 2 0 2 1 0 0 1 1 0 2 2 1 0 0 1 2 2 0 0 2 1 2 1 0 2 2 2 1 2 2 2 0 1 2 1 1 2 0 1 0 0 1 1 0 2 2 0 1 1 0 0 0 0 0 0 0 2 0 1 1 0 2 2 1 2 2 1 2 0 0 2 0 1 0 1 0 0 1 0 1 2 0 2 2 0 0 1 0 1 0 0 1 2 2 0 2 1 2 1 1 2 0 2 0 1 1 1 2 0 1 1 2 0 1 0 1 2 1 2 0 1 0 1 1 0 2
1 2 2 0 1 1 1 1 2 0 0 2 0 0 1 2 0 1 1 0 1 0 1 0 0 2 1 0 1 1 0 1 1 0 1 1 1 2 2 2 0 1 1 1 1 2 1 1 2 2 2 0 0 0 1 1 1 2 1 0 0 0 1 0 0 0 1 2 1 1 1 2 2 0 1 1 1 0 0 0 2 0 1 0 1 2 0 0 2 2 1 0 2 0 0 0 1 1 0 2 0 2 1 2 0 0 1 2 0 0 2 1 0 1 2 2 1 2 0 0 2 1 0 2 2 1 0 0 0 0 0 0 2 0 1 0 0 0 2 2 0 2 0 1 0 2 1 1 0 1 2 0 0 0 2 2 2 2 1 2 0 2 1 1 0 0 1 1 1 2 1 2
2 2 0 0 2 2 2 2 0 2 2 0 0 0 1 2 0 0 2 1 2 1 2 0 2 1 2 1 1 0 1 1 0 2 2 2 2 1 2 0 1 2 1 1 2 0 1 0 0 2 1 2 1 1 0 2 0 0 0 0 0 2 1 0 2 1 0 1 2 0 0 2 2 1 1 2 2 0 0 2 0 2 2 2 1 1 1 1 1 2 1 0 1 0 1 1 1 2 0 2 2 0 1 0 2 2 0 1 0 0 1 1 2 2 1 0 0 2 2 1 2 2 1 1 2 1 2 2 0 1 1 0 2 0 0 0 0 1 2 1 1 1 0 1 1 1 2 1 1 1 0 1 0 0 2 1 1 0 1 1 2 0 2 1 0 0 2 0 1 2 2 2
0 1 0 1 2 0 0 1 2 0 2 0 0 0 2 2 0 0 1 2 0 0 1 1 1 1 2 2 1 2 0 1 0 1 0 1 2 1 2 1 2 0 2 1 0 2 0 1 2 1 1 1 0 0 2 2 2 2 2 0 0 2 2 1 1 0 2 1 1 0 2 1 1 2 0 2 1 0 0 2 0 2 0 0 0 0 0 0 0 2 0 0 2 1 2 1 1 2 2 1 2 2 0 0 1 0 2 0 0 0 0 0 0 1 1 0 1 1 0 2 1 2 0 1 0 0 2 2 2 1 0 2 0 0 0 2 0 0 0 1 0 0 2 1 1 1 1 1 0 0 0 2 2 1 0 0 1 2 2 1 1 0 0 1 0 1 1 2 1 1 0 2
0 0 0 1 2 1 0 0 1 1 2 1 2 0 1 1 0 2 2 2 2 0 1 0 1 0 2 2 2 0 1 0 1 1 2 0 0 0 1 0 1 1 1 1 2 1 2 0 1 2 2 1 2 1 1 0 1 2 2 1 2 1 1 1 0 2 2 0 2 1 0 1 2 0 2 2 2 2 0 1 1 0 2 1 1 0 1 1 0 1 2 0 2 2 1 2 1 1 0 0 0 2 2 0 0 1 1 0 1 1 1 0 1 0 1 1 1 0 2 2 1 2 0 1 1 1 1 0 1 1 1 1 1 0 1 1 2 0 1 0 1 0 0 1 0 2 0 0 2 2 2 0 1 2 2 1 1 0 1 2 0 0 1 1 0 1 1 0 1 2 1 0
0 2 2 1 2 2 1 2 2 1 0 1 1 0 2 0 1 1 0 1 2 2 1 2 0 2 0 1 2 2 2 0 2 1 0 1 1 1 1 0 1 2 2 2 0 2 0 2 0 1 2 0 0 1 0 0 0 1 2 0 0 2 1 0 1 1 0 1 0 1 2 1 1 1 2 2 2 2 2 0 0 2 1 1 0 1 2 0 0 2 0 1 2 2 2 0 0 2 2 2 1 2 0 0 0 2 0 0 0 0 1 0 2 2 2 2 1 2 0 1 1 1 0 0 2 0 2 2 2 1 2 1 0 0 2 2 0 2 2 0 0 0 2 2 0 2 2 1 1 0 0 1 1 0 2 0 0 1 1 1 1 0 2 2 1 1 2 0 1 0 1 2
1 0 1 2 0 1 0 2 1 1 0 1 2 2 2 2 2 0 1 1 2 1 1 1 0 1 1 0 2 0 2 0 1 2 0 2 0 2 2 0 0 2 1 2 2 0 0 2 2 1 0 2 0 2 0 1 1 2 2 0 0 2 1 2 1 0 1 0 2 0 0 2 0 1 0 0 2 0 2 1 2 1 0 1 1 2 0 2 2 2 0 2 1 2 1 0 2 1 0 1 2 1 1 0 2 2 1 2 0 1 1 2 2 2 1 0 2 1 0 1 0 1 1 2 1 1 0 0 2 1 2 1 0 1 2 0 0 0 2 0 2 1 0 2 2 2 1 1 0 1 0 2 0 2 2 2 0 0 2 0 2 1 0 2 0 2 2 1 1 1 1 0
0 0 2 2 0 1 1 1 0 1 0 1 2 2 0 2 0 0 0 2 0 1 1 0 0 0 2 1 2 1 2 0 2 0 0 2 1 1 2 2 1 2 1 0 0 2 0 0 0 1 0 1 2 1 1 1 0 1 0 0 1 0 0 0 1 1 1 0 2 0 0 1 0 2 1 0 2 2 2 0 1 2 1 1 1 0 2 1 0 2 2 1 0 2 2 2 0 0 0 1 1 1 2 2 0 2 0 0 2 2 0 0 2 2 1 1 0 1 0 0 2 0 2 0 0 1 0 2 0 0 0 1 1 0 1 1 0 2 2 2 2 0 1 2 0 0 0 1 2 1 1 1 1 0 1 2 2 2 2 2 2 2 2 0 0 0 0 1 0 0 1 0
0 2 2 1 0 2 2 2 0 1 1 0 2 0 0 2 0 2 1 0 2 0 2 2 2 2 1 2 2 0 2 0 2 1 2 0 1 1 0 0 1 2 0 0 0 0 2 1 0 2 2 2 0 1 2 2 1 1 2 1 1 2 2 1 1 2 2 0 1 2 0 2 2 1 0 0 2 0 2 2 0 1 2 2 1 2 1 2 0 1 2 1 2 1 0 1 0 2 1 2 2 0 2 2 1 0 2 1 1 2 1 0 1 1 2 2 0 0 0 1 0 2 2 2 0 2 0 1 0 2 1 0 2 0 2 2 1 2 0 0 1 2 1 2 1 0 0 1 0 0 0 1 2 2 1 0 0 2 2 1 2 0 1 2 2 0 1 0 2 2 1 1
2 2 1 1 2 1 1 1 1 1 0 1 2 2 1 2 2 1 1 1 0 2 2 2 0 0 0 0 0 0 1 0 0 2 1 1 2 2 0 0 1 0 0 1 0 1 0 0 1 2 2 1 1 1 1 1 0 1 1 0 1 0 1 0 2 0 1 1 1 1 0 0 2 0 1 0 2 2 1 1 1 0 2 2 0 0 1 0 0 2 1 2 2 2 2 2 0 0 2 1 1 0 1 1 1 0 2 0 2 0 2 0 1 2 0 1 0 1 2 1 1 0 0 1 0 0 2 1 0 1 0 0 2 0 1 0 0 1 1 0 1 0 0 0 0 1 2 1 0 1 2 2 0 2 0 0 0 2 1 1 1 0 1 0 0 0 1 0 2 0 0 1
1 2 1 2 1 0 0 1 0 0 1 0 1 0 1 1 2 0 0 2 0 2 0 1 0 2 1 2 0 2 0 1 2 2 1 0 0 2 2 1 1 1 2 2 1 1 1 1 2 0 0 0 2 2 1 1 2 2 0 2 2 2 0 1 2 2 1 0 2 2 2 0 0 1 0 2 0 1 1 2 1 2 2 2 2 0 0 1 1 1 0 0 1 1 2 0 1 1 1 0 1 1 0 1 2 1 1 0 2 0 0 2 0 0 2 2 1 0 1 2 1 1 0 1 0 0 1 1 2 0 1 1 1 2 0 2 0 2 0 1 2 0 1 0 0 0 0 0 1 1 2 0 0 0 1 0 0 0 2 0 0 1 2 0 1 2 2 2 1 2 1 1
2 2 1 1 0 2 1 1 0 1 2 0 2 1 1 0 1 0 1 0 1 0 0 0 0 2 1 1 1 2 1 1 0 0 2 1 0 1 1 0 0 1 1 0 2 0 0 2 0 2 2 2 2 2 1 2 2 2 2 1 2 0 2 0 0 0 2 1 1 1 2 1 2 1 2 1 1 0 0 2 2 0 1 2 0 2 0 2 2 2 1 2 0 1 2 0 1 2 2 0 0 2 0 0 0 2 2 2 2 0 1 2 2 2 2 2 0 2 0 2 2 1 2 2 0 0 0 2 0 2 0 1 2 0 1 0 2 1 2 0 0 0 2 0 1 2 2 1 1 0 1 0 0 2 0 0 2 1 1 2 1 1 1 1 2 1 1 2 0 1 2 1
1 2 1 2 2 2 1 1 2 1 2 2 0 0 1 0 2 2 2 0 1 2 1 0 1 1 2 1 0 2 0 2 2 2 0 1 1 1 0 1 2 1 1 0 2 2 0 1 2 1 2 0 0 2 0 1 0 1 0 0 1 1 0 0 1 0 2 0 2 1 1 2 0 1 0 0 1 1 2 1 2 1 1 0 1 0 2 1 1 0 2 2 2 0 0 1 0 0 2 0 2 0 1 0 2 2 0 1 0 0 2 0 0 1 1 1 1 1 1 0 2 0 0 1 1 1 0 0 2 2 1 2 0 2 0 0 1 1 2 0 2 1 1 2 2 2 0 2 0 1 0 2 0 1 2 2 2 2 2 2 2 1 2 2 1 0 0 1 2 2 1 1
1 2 1 1 1 0 1 0 2 1 2 0 2 1 0 0 1 0 2 0 1 2 1 1 0 1 2 0 2 0 2 0 2 2 1 1 2 0 1 2 2 2 0 2 1 0 0 0 0 1 1 0 1 2 1 2 1 0 0 0 1 0 1 1 2 1 2 2 1 2 2 1 1 2 2 2 0 2 0 0 0 2 1 2 1 0 2 0 1 0 1 2 0 0 1 1 1 1 0 0 1 0 2 0 0 1 0 0 1 1 2 2 1 0 2 0 2 1 1 0 1 0 0 2 1 2 0 0 0 2 1 2 2 1 2 1 0 0 1 2 2 1 1 0 0 1 0 2 0 2 2 2 1 0 2 0 0 0 1 1 2 0 1 0 2 1 1 0 2 0 2 1
2 1 2 0 0 0 2 1 0 1 0 2 0 0 0 0 1 1 2 1 2 1 2 1 0 1 1 2 0 0 1 2 2 0 0 0 1 2 2 0 1 2 2 1 0 2 2 2 1 0 0 0 1 1 2 2 2 0 2 2 1 1 2 1 2 2 1 2 2 1 0 1 1 2 0 2 0 1 1 2 2 2 1 0 0 0 0 1 1 0 1 0 2 1 1 2 1 1 2 2 2 2 0 1 0 1 0 1 0 2 0 2 2 1 1 0 0 2 2 1 0 1 2 2 0 0 2 1 2 2 1 2 1 1 0 2 1 2 0 2 1 2 2 1 1 1 0 1 0 2 0 0 0 2 0 0 0 2 0 0 1 1 2 1 1 1 0 2 1 2 2 2
1 1 2 2 2 2 2 0 1 2 0 2 2 0 0 0 1 0 0 0 2 1 1 1 0 0 1 1 0 0 1 1 0 0 1 0 0 0 1 2 0 1 2 0 0 2 0 1 1 1 1 1 2 1 2 2 2 0 1 2 0 0 1 0 1 0 2 2 1 0 2 2 1 2 2 2 2 0 1 0 1 0 2 1 2 1 1 2 2 0 2 1 1 0 2 0 1 1 2 0 1 2 2 1 1 2 0 2 2 2 2 2 0 2 0 0 1 2 2 1 0 1 2 1 2 2 2 0 1 2 1 2 0 1 0 2 1 2 1 1 1 2 0 2 2 1 2 0 1 1 2 2 2 2 1 1 2 1 2 0 1 0 0 2 0 2 2 1 1 0 0 0
2 2 2 1 0 2 0 2 0 2 2 0 0 1 2 0 0 1 1 2 0 1 2 0 0 1 2 1 1 2 2 2 2 1 1 0 0 1 0 1 2 2 1 2 1 1 0 1 0 1 1 0 2 0 1 0 2 0 2 0 0 2 0 0 1 2 1 0 0 1 2 0 2 1 0 0 2 0 0 0 1 2 1 1 0 2 2 2 0 2 0 1 2 1 2 2 1 0 0 2 2 2 0 1 0 0 0 1 1 1 2 0 0 1 1 0 1 1 2 2 2 0 1 1 2 1 1 0 2 1 0 1 1 0 1 2 1 1 1 2 2 1 0 2 0 2 0 1 2 0 1 1 0 0 0 0 1 0 1 0 1 1 2 0 2 0 0 1 2 1 0 2
0 1 2 0 2 2 2 2 0 1 0 0 2 1 1 0 1 0 1 1 2 1 1 2 2 2 0 2 1 1 1 1 1 0 0 0 0 2 2 0 0 0 1 2 2 1 1 2 1 0 0 1 2 2 0 1 2 0 1 0 0 2 2 1 0 2 2 1 2 1 1 1 2 0 1 1 1 2 0 0 2 1 2 1 1 2 0 0 1 1 1 1 1 1 0 2 2 2 0 1 0 2 0 0 0 2 1 1 1 0 2 2 1 2 1 2 2 2 2 0 1 1 2 1 0 2 0 2 1 1 0 2 0 1 2 0 1 2 0 2 2 0 2 0 2 1 0 2 1 0 0 2 2 0 0 2 0 2 1 2 0 2 2 1 1 2 0 0 1 0 0 0
1 2 1 1 1 2 0 2 0 0 0 2 2 0 2 2 2 1 2 0 2 1 2 1 1 0 2 2 1 0 1 2 0 2 0 2 2 0 1 2 2 1 0 2 0 0 1 0 2 1 1 1 0 1 0 2 2 2 2 0 2 0 2 0 0 0 2 2 1 1 0 1 1 0 0 1 1 2 1 0 1 0 2 1 2 0 1 1 2 0 2 0 1 1 1 1 1 1 1 1 2 2 2 0 0 0 2 1 2 1 2 0 2 2 2 0 2 0 2 0 1 2 1 2 0 2 0 0 0 2 2 2 2 1 1 2 1 0 1 2 2 1 2 0 0 0 0 1 0 0 1 2 2 2 1 1 1 0 2 2 0 1 2 0 2 0 2 2 2 1 1 2
0 1 2 1 1 0 2 2 2 1 1 1 0 1 2 2 2 2 1 2 0 0 0 1 2 1 0 2 2 1 1 1 2 2 2 1 0 2 1 2 0 0 1 0 2 1 0 1 1 1 2 2 2 2 0 1 0 1 0 1 0 0 2 0 2 2 2 2 1 1 2 2 1 1 2 2 2 0 0 1 1 2 2 1 0 0 0 1 2 1 2 2 1 2 0 0 2 2 1 1 1 0 0 1 2 0 0 1 0 0 1 2 1 0 1 1 1 2 2 0 0 0 0 0 0 1 1 1 2 2 2 0 0 0 1 2 1 2 2 2 0 1 1 2 2 0 0 0 2 0 1 1 1 2 1 2 0 0 0 2 0 0 1 1 1 0 2 0 0 2 0 0
0 2 0 2 0 1 0 0 1 1 1 0 1 0 0 0 1 1 0 2 2 1 1 1 2 0 1 2 2 2 0 0 1 0 0 1 1 1 2 0 0 0 1 2 2 2 2 0 0 2 2 1 2 0 2 1 2 1 1 2 0 1 0 1 2 1 1 1 2 0 1 0 1 0 0 0 0 2 1 1 2 0 2 2 2 2 0 1 0 2 1 1 1 2 0 0 1 1 2 0 2 1 1 1 2 1 2 2 1 2 1 2 0 1 1 2 1 0 1 1 2 0 0 1 2 1 2 1 2 2 2 2 1 0 1 1 0 1 0 1 0 0 0 1 2 2 1 1 2 1 0 1 2 1 0 2 2 1 1 2 0 0 2 1 1 0 2 1 0 0 0 1
1 1 2 1 0 2 2 0 0 2 0 2 1 0 2 1 1 0 1 2 1 0 0 0 2 0 2 2 2 0 0 0 2 1 1 0 1 1 1 2 1 1 2 0 2 1 2 1 2 0 1 0 1 0 1 0 0 2 0 0 0 2 1 2 1 0 1 2 2 2 1 1 1 0 1 0 2 0 2 1 1 1 0 0 2 2 1 0 2 2 1 0 2 0 0 0 1 1 0 1 1 2 2 2 0 2 1 2 0 1 1 0 0 2 0 2 2 2 0 2 2 1 2 1 2 2 2 0 2 2 2 0 1 1 1 1 1 0 1 0 1 0 0 2 0 1 2 2 0 2 1 1 1 0 2 0 1 2 1 0 2 0 1 2 2 2 1 2 0 0 2 2
1 0 2 1 1 1 1 2 2 2 0 0 1 1 2 0 1 0 0 1 1 2 0 0 2 2 2 0 0 2 2 2 2 2 0 1 2 2 2 1 0 0 2 1 2 2 1 0 2 2 2 1 1 0 2 1 2 2 2 1 2 2 0 2 0 1 2 2 1 1 1 1 2 1 0 2 1 2 2 1 1 2 0 0 0 2 0 0 2 0 1 1 2 2 2 0 1 1 2 2 0 1 1 2 0 1 2 1 0 0 2 2 2 2 0 0 2 0 2 2 0 1 1 1 1 0 2 2 2 2 2 0 0 1 1 1 2 0 2 0 0 0 0 1 0 0 2 0 2 1 0 0 0 1 2 1 0 2 1 0 1 1 1 2 2 2 1 2 2 1 0 1
1 0 2 0 1 2 0 0 1 0 1 1 2 0 0 0 2 2 1 1 0 2 2 0 1 0 0 0 2 0 2 2 1 2 2 2 2 0 1 0 1 2 2 0 0 2 1 1 1 2 2 2 1 1 2 0 2 2 1 0 0 1 2 1 0 2 1 2 2 2 0 0 2 2 0 1 1 2 2 0 2 1 0 1 1 2 1 1 2 0 1 0 2 0 2 2 2 1 0 2 1 0 2 2 0 1 0 2 1 2 1 1 1 1 2 2 2 2 2 2 0 0 0 2 2 2 1 2 1 2 2 1 0 2 0 1 0 0 0 2 2 1 1 0 1 1 1 0 0 0 2 0 1 0 2 0 0 2 1 2 2 1 0 2 0 0 0 2 1 2 2 1
1 0 0 2 1 1 0 0 2 0 0 1 0 1 2 1 1 1 1 0 2 2 0 2 1 1 1 2 0 0 2 2 0 2 2 0 1 0 0 1 1 1 2 1 2 1 1 1 0 0 2 2 2 0 2 1 2 1 1 1 2 0 1 0 0 0 1 1 1 1 2 2 1 1 2 1 1 0 0 1 1 0 2 0 1 1 2 0 2 1 2 2 2 0 1 2 1 2 1 2 2 1 0 0 2 2 1 1 0 2 1 1 2 0 2 1 2 1 0 2 0 2 2 0 0 1 0 2 0 1 2 0 2 2 1 0 2 1 2 2 0 0 0 1 1 0 0 0 2 0 0 1 0 0 1 1 1 0 0 2 1 2 0 2 0 1 0 2 2 0 2 1
1 0 0 0 1 0 1 2 1 2 0 2 2 2 0 0 2 1 2 2 0 0 2 1 2 2 1 2 0 1 1 1 1 1 0 0 2 1 2 0 0 0 2 2 0 0 0 0 1 0 2 2 1 2 1 1 2 2 0 2 0 0 2 2 1 2 0 0 0 0 1 1 0 1 1 1 2 1 2 0 1 2 0 0 1 2 1 0 2 0 2 0 0 1 2 2 0 0 0 1 1 2 0 2 2 1 1 1 0 1 0 0 0 1 0 2 0 2 2 0 2 2 0 0 2 2 2 0 0 0 2 2 0 2 2 0 2 1 2 2 0 2 0 1 0 1 0 1 0 0 1 0 0 1 0 2 2 0 0 0 1 0 0 2 2 0 2 2 1 2 0 2
2 0 0 0 1 0 2 2 0 0 0 2 0 1 1 0 2 1 0 0 1 1 0 2 1 0 1 1 2 1 0 1 0 1 2 1 1 2 2 0 0 2 2 0 1 1 0 1 0 1 2 2 0 2 2 1 2 1 0 2 0 1 2 0 0 1 0 2 1 2 2 1 2 2 0 0 2 0 2 0 2 1 2 0 1 2 0 1 1 0 1 2 2 0 1 2 2 1 2 0 1 2 2 0 0 2 2 2 0 1 2 0 0 2 1 2 1 1 1 0 2 2 1 2 0 2 1 2 1 1 0 2 1 2 2 1 2 1 1 0 1 0 1 2 2 2 1 2 1 2 0 2 2 1 1 2 1 0 2 2 0 0 2 1 0 2 0 0 1 2 1 2
2 2 1 2 0 1 2 1 0 1 1 1 2 2 0 2 1 1 1 1 1 2 0 2 1 1 2 0 0 0 1 0 0 0 2 1 1 0 0 0 1 2 1 1 2 2 0 0 0 0 2 0 2 2 2 1 1 0 1 1 1 2 1 1 0 2 0 1 2 1 1 0 0 0 2 2 0 0 0 1 1 0 1 0 1 1 1 2 2 0 1 0 0 2 0 1 2 0 0 1 1 0 2 1 0 2 1 1 0 2 0 1 0 1 1 1 0 0 1 2 0 2 0 1 2 1 0 0 1 1 1 0 2 2 2 2 1 0 2 2 0 2 0 1 0 2 0 2 2 1 2 0 1 2 0 2 1 1 2 0 0 0 1 2 0 0 0 2 2 2 1 2
1 1 1 2 1 2 1 1 1 1 2 0 1 0 2 0 1 1 1 2 2 2 2 1 2 2 0 2 1 2 0 0 1 1 0 0 1 2 1 0 1 1 0 0 2 0 1 2 2 0 2 2 2 1 0 2 1 1 2 0 1 2 1 0 1 2 0 0 1 0 1 1 1 1 1 2 2 0 1 1 0 0 1 0 2 2 2 1 1 1 2 0 1 1 0 0 1 1 0 0 2 1 1 1 0 0 0 0 0 2 2 1 2 0 1 0 0 1 1 1 0 1 1 2 0 0 0 1 1 0 2 0 2 0 2 0 1 0 1 2 2 0 1 0 1 2 0 2 1 2 1 2 1 0 2 1 0 2 1 2 2 0 0 2 1 2 0 0 0 1 0 0
2 1 1 0 1 2 2 0 1 1 2 0 2 1 0 0 0 1 0 0 2 0 0 0 0 1 1 2 2 2 2 1 0 1 1 2 0 2 2 2 0 2 1 2 0 2 0 1 0 0 2 0 1 0 0 2 1 2 1 0 1 1 2 2 2 2 2 0 1 2 1 1 2 0 1 0 2 2 0 0 2 2 0 1 1 1 0 2 2 2 1 1 1 1 2 2 0 1 2 1 1 1 0 0 2 2 2 1 2 2 2 1 2 2 0 0 2 2 0 2 2 1 0 0 0 2 2 1 1 0 0 0 2 2 1 2 1 0 0 1 2 0 0 0 0 2 0 0 1 0 2 0 2 0 0 0 0 1 2 0 1 2 0 0 1 2 2 1 0 1 0 0
2 1 0 0 0 1 1 1 2 1 1 0 2 0 1 0 1 1 0 0 0 1 0 0 0 1 1 1 0 1 0 2 2 0 0 0 2 2 2 0 1 2 1 0 0 0 1 1 1 2 2 2 1 0 2 2 1 0 1 2 2 1 2 0 2 0 1 2 2 0 0 1 0 1 2 0 1 1 2 0 1 1 0 2 2 2 2 1 1 1 2 0 0 1 0 0 1 2 0 2 0 1 0 1 0 0 2 2 2 2 0 1 2 1 1 2 0 2 0 1 1 0 0 1 2 1 2 1 1 0 0 2 1 1 0 2 1 0 2 1 0 0 2 2 2 1 1 2 0 2 2 1 0 0 0 0 1 2 1 0 0 0 0 2 1 1 2 0 2 2 2 0
0 2 2 2 1 1 2 2 2 2 1 0 2 2 0 1 2 2 2 0 2 0 0 1 1 2 2 2 2 2 2 2 2 0 2 1 1 2 0 1 1 2 1 1 2 2 2 1 0 2 1 2 0 1 1 2 2 1 1 1 1 2 1 0 2 0 1 0 0 0 0 1 0 2 0 2 0 0 0 0 0 0 2 1 2 1 1 1 0 0 0 1 2 2 0 1 0 1 0 1 2 0 0 2 0 1 1 0 2 0 0 2 0 1 1 2 0 0 1 2 0 1 0 1 1 1 0 2 1 0 1 0 1 1 0 0 2 2 0 2 2 1 2 2 0 1 0 0 1 1 2 2 0 1 1 2 2 2 2 0 0 0 2 0 2 0 0 0 2 0 2 2
2 1 2 0 0 2 2 1 1 2 2 2 0 1 2 1 0 2 2 2 0 2 2 2 2 0 2 2 1 2 2 2 1 1 2 2 2 1 1 0 1 1 0 2 0 0 1 1 2 2 0 2 1 2 0 1 0 2 0 2 2 2 1 2 1 1 2 0 0 1 1 2 0 2 2 1 0 1 2 0 0 1 1 2 0 1 0 2 1 1 1 2 1 0 1 0 1 0 0 1 2 2 1 0 2 1 1 0 0 2 0 0 0 1 2 1 0 1 0 2 2 2 1 1 2 0 1 1 1 2 0 0 0 2 1 0 1 0 0 1 2 1 1 0 1 1 2 1 0 2 1 0 2 2 1 2 2 0 0 1 0 1 2 0 1 1 1 2 1 2 0 2
1 2 2 0 0 1 1 1 2 0 2 2 0 1 2 1 2 0 2 2 2 2 1 0 0 2 2 0 2 2 2 1 2 2 1 2 2 0 1 1 1 1 1 2 2 0 1 1 1 1 2 0 1 0 1 2 0 0 2 0 0 2 1 2 2 0 0 1 1 2 0 2 1 2 2 1 0 0 0 2 0 0 0 2 0 2 1 1 0 2 2 2 2 1 2 1 2 0 0 0 0 1 0 2 0 0 1 2 1 2 2 1 2 2 0 0 2 0 2 0 2 1 2 1 0 2 1 2 0 2 0 1 1 2 0 2 2 1 1 1 1 0 0 1 1 1 2 0 1 1 1 1 0 0 1 0 1 0 1 1 2 2 2 0 1 0 0 0 2 2 0 1
0 1 0 2 2 2 2 2 0 1 1 0 2 2 1 0 2 2 2 2 2 1 0 0 1 1 2 1 1 2 2 2 1 0 1 0 2 0 0 2 2 2 0 2 2 2 0 0 2 0 2 1 1 0 0 1 2 0 0 0 0 0 2 1 1 0 1 0 1 0 1 1 2 1 1 2 1 2 2 1 2 2 0 2 0 1 1 2 1 2 0 1 2 2 2 1 0 2 0 2 0 1 1 0 0 0 2 2 0 2 1 2 1 1 2 1 1 0 1 2 2 1 2 0 1 2 1 2 1 2 2 2 0 1 2 2 2 2 1 2 1 0 2 0 2 2 0 0 0 1 0 1 1 0 2 2 2 0 2 2 1 2 1 1 0 1 0 2 0 2 1 2
0 1 2 0 1 2 1 2 2 2 0 0 2 2 2 2 1 2 1 2 1 2 1 2 0 0 2 1 0 2 1 1 1 2 2 2 2 0 2 1 0 0 1 2 0 2 1 1 2 2 1 1 0 0 1 1 1 1 1 1 0 2 2 1 1 1 1 1 0 1 0 0 2 0 0 2 0 2 2 2 2 0 1 2 1 2 2 2 2 0 2 2 2 1 2 2 1 0 1 2 2 1 2 1 2 2 2 2 2 1 2 2 2 0 2 1 1 1 1 0 2 0 0 0 0 2 2 2 1 1 1 1 2 1 1 0 1 0 2 1 1 2 1 1 1 1 0 2 1 2 0 0 0 1 1 1 2 0 1 1 1 0 2 2 2 0 2 1 0 2 0 2
2 2 2 0 1 2 0 2 2 1 1 1 0 2 2 2 1 2 0 0 2 1 2 2 1 2 1 0 2 1 0 2 1 2 0 2 2 1 0 2 0 2 0 0 2 0 0 0 0 1 1 2 0 1 2 2 2 0 0 1 2 1 1 1 1 2 1 1 0 2 0 0 1 1 0 0 2 1 2 2 1 1 2 1 2 2 1 1 0 2 0 1 1 2 2 2 1 1 1 1 0 1 2 1 0 1 0 0 0 2 0 1 0 0 1 0 0 2 2 1 0 0 2 1 0 0 1 1 1 2 1 2 1 1 1 2 2 1 0 0 1 1 2 1 2 1 2 2 1 2 1 2 2 2 0 0 2 1 2 1 0 1 0 1 2 0 1 0 1 2 1 0
0 0 2 0 2 1 2 1 0 1 0 1 0 1 1 0 2 1 2 2 2 0 1 0 0 1 1 2 0 2 0 1 0 2 1 0 2 1 1 0 2 2 1 1 0 0 1 2 2 1 2 2 2 2 0 2 0 1 2 0 1 0 2 1 0 1 2 2 2 1 0 2 1 2 1 2 0 1 0 2 2 0 2 2 2 0 2 2 2 2 0 0 0 0 0 1 1 2 1 1 0 1 2 2 0 0 0 1 1 0 1 2 0 1 2 1 2 1 0 1 2 2 0 2 2 0 0 2 2 1 0 0 2 2 1 1 1 1 0 0 2 1 0 0 0 0 1 0 2 0 1 1 0 2 0 0 2 1 2 1 0 1 0 1 1 1 0 2 0 0 1 2
0 1 2 0 1 2 1 1 0 0 2 0 0 1 0 2 0 1 2 1 2 2 0 1 0 0 1 0 0 2 0 0 0 0 1 0 2 2 1 0 1 1 0 1 2 2 0 0 0 2 2 0 1 2 1 2 2 2 0 0 2 0 1 1 2 0 1 1 0 0 2 1 1 0 0 2 2 0 0 2 1 2 0 0 2 2 0 1 2 1 2 2 0 0 1 2 1 0 1 2 1 1 1 2 2 2 2 2 2 2 2 1 2 2 2 1 2 0 2 2 1 0 2 2 0 0 1 2 1 0 2 2 1 1 2 1 0 2 1 1 1 1 2 1 0 2 0 1 2 1 0 2 1 2 1 1 0 1 2 2 1 1 1 2 1 1 1 1 0 0 2 0
1 0 2 2 2 2 0 0 0 0 0 1 0 2 1 1 0 0 0 2 2 2 0 0 1 2 2 1 2 2 2 0 2 1 2 0 1 0 0 1 1 0 1 0 0 2 1 1 2 0 0 2 2 0 0 1 2 0 1 1 0 0 2 0 2 2 0 1 2 1 0 0 2 1 0 2 0 0 1 0 1 0 0 0 0 1 0 1 2 1 0 2 2 0 0 2 0 1 0 2 2 2 0 1 0 2 2 2 0 0 0 1 0 0 2 2 2 2 1 1 1 2 1 1 0 2 0 0 1 2 2 1 1 1 1 2 0 0 1 0 1 2 2 0 0 1 2 0 1 1 2 2 0 1 0 1 1 2 1 0 1 2 1 0 0 2 2 1 0 1 2 2
1 1 2 1 2 2 2 0 0 2 1 1 0 2 2 1 1 2 1 2 1 1 0 1 0 0 0 2 1 2 1 0 0 1 1 2 0 1 1 1 1 2 2 1 1 0 1 0 2 0 0 1 1 1 0 0 2 0 2 0 2 1 1 2 2 2 2 0 1 1 1 2 0 1 2 0 2 0 1 1 1 2 2 0 1 2 1 0 0 0 1 2 1 2 2 1 0 0 1 1 1 0 2 2 2 1 0 2 2 1 1 0 0 2 1 2 2 2 0 0 0 2 0 2 2 0 0 2 0 2 1 2 0 0 2 1 2 2 0 1 0 2 1 2 1 0 2 2 0 2 2 1 2 0 0 2 0 2 1 1 2 0 1 0 1 1 1 0 1 2 2 2
1 2 1 1 0 1 0 0 2 0 2 2 0 0 1 2 0 1 1 2 2 2 0 1 2 2 2 0 1 2 2 0 2 2 2 2 1 2 2 0 0 2 1 0 0 2 2 0 1 1 0 1 1 2 0 0 1 0 1 0 0 2 1 2 2 0 1 0 0 1 2 0 1 0 1 2 0 1 0 0 0 0 1 2 2 2 1 1 2 2 2 0 1 0 2 0 1 2 2 1 1 1 2 2 2 0 1 2 2 1 2 0 2 1 0 0 0 1 1 1 1 0 2 0 1 2 1 2 1 0 1 2 1 1 2 0 1 0 1 2 2 0 2 2 0 2 0 1 1 1 2 0 2 2 0 1 2 2 1 1 0 2 1 2 0 1 0 2 0 2 1 2
0 2 2 0 1 2 2 1 1 2 1 1 0 2 2 2 1 1 1 1 0 2 1 1 2 2 2 2 2 1 2 2 0 0 1 2 2 0 0 2 0 2 1 1 1 1 0 2 2 2 2 1 2 1 0 2 1 2 1 0 1 1 0 1 1 1 1 1 2 2 1 1 1 0 2 0 2 1 1 1 1 0 0 0 2 1 1 1 1 2 2 0 1 2 2 0 1 1 2 1 1 0 2 0 1 2 1 0 0 0 0 1 1 0 2 0 2 0 1 2 0 1 2 2 0 2 0 2 2 0 1 1 1 0 1 0 2 0 0 0 0 0 1 1 2 1 2 2 2 1 1 0 2 2 0 1 1 1 0 0 1 1 1 2 2 1 2 2 2 1 0 1
2 1 0 2 0 0 2 0 2 1 0 0 0 1 1 0 2 1 0 0 0 0 1 0 2 1 2 1 0 2 0 0 2 1 2 0 2 1 0 1 1 2 1 1 1 0 1 1 2 0 2 0 1 1 0 0 0 0 2 0 1 0 1 0 1 2 1 1 1 2 2 2 2 2 1 1 2 2 0 2 0 1 0 1 2 1 1 0 2 2 2 0 2 0 1 1 2 0 2 1 0 2 0 2 2 2 2 0 2 2 2 2 0 1 2 0 2 0 1 1 0 0 2 2 2 1 1 1 2 1 0 2 2 2 0 1 1 2 2 1 1 0 2 0 1 1 1 0 2 2 2 0 0 2 0 2 1 0 1 1 1 0 0 1 0 1 1 1 0 0 1 0
0 1 0 1 2 1 2 2 0 2 2 1 1 1 1 0 1 1 1 0 1 0 2 1 1 0 0 0 1 1 1 2 2 1 1 2 0 0 2 1 0 2 1 0 0 2 0 1 0 0 0 2 0 2 0 2 0 1 0 1 0 1 1 1 0 0 0 0 1 0 0 2 0 1 2 1 1 0 0 2 0 0 1 1 0 0 1 1 2 1 0 2 1 2 0 1 0 2 0 1 2 0 0 0 2 0 2 0 1 0 2 1 1 2 1 2 0 0 0 2 1 0 2 0 0 1 2 0 0 2 2 0 2 0 2 1 2 1 2 0 2 0 2 0 2 1 2 0 1 0 2 1 1 1 1 2 2 0 2 0 0 2 2 0 1 1 2 0 0 2 1 0
2 1 0 2 0 0 2 1 0 1 2 1 0 1 1 1 2 1 1 0 1 1 0 2 0 0 0 0 0 1 0 2 0 1 1 1 2 0 2 2 2 2 2 2 1 1 1 0 0 1 1 2 2 0 2 0 0 0 1 1 2 2 0 0 1 1 1 1 2 1 1 2 1 1 2 0 0 1 1 0 2 0 2 1 0 0 2 1 0 1 2 2 1 0 0 0 1 2 1 1 0 0 0 2 2 2 2 2 0 1 0 0 2 0 0 0 0 2 2 1 1 2 2 0 2 0 1 1 2 2 2 0 0 0 0 0 2 0 2 1 2 0 2 2 2 2 2 2 2 1 2 1 1 1 2 0 1 0 2 0 0 1 1 1 2 2 2 2 0 2 0 2
1 0 2 0 0 1 0 0 0 2 2 1 0 2 2 2 2 1 0 2 0 2 1 2 1 1 2 1 1 0 1 2 1 0 2 2 2 2 0 2 0 0 1 0 2 1 1 1 2 1 1 0 0 1 2 0 2 2 2 1 0 1 0 2 2 0 2 2 1 2 2 1 2 2 2 2 0 0 1 1 2 0 1 1 2 2 2 2 2 1 1 0 0 2 0 0 0 2 0 2 0 0 1 0 0 0 0 2 2 1 1 2 2 0 0 1 0 2 1 2 2 0 0 2 2 0 0 0 1 1 0 1 0 1 1 1 0 2 0 0 1 2 2 0 0 1 0 0 1 2 1 0 2 1 0 2 0 1 1 2 0 1 1 1 1 0 2 1 0 0 2 1
2 1 2 0 2 2 1 2 1 2 2 1 1 0 1 2 2 0 1 0 1 2 1 2 0 0 1 0 1 0 2 2 2 1 2 2 1 1 2 0 0 2 2 0 2 1 2 2 1 1 2 0 1 0 1 1 2 2 2 0 0 1 2 0 0 0 0 1 1 0 2 0 0 2 0 2 1 0 2 0 2 2 1 1 0 2 2 2 2 2 0 0 0 0 1 1 1 0 0 2 0 0 0 1 2 1 0 1 2 0 2 1 0 0 2 1 0 0 1 1 0 1 1 1 2 0 0 0 1 0 0 2 1 0 0 2 2 1 1 2 0 0 0 0 2 1 2 2 2 0 1 2 1 0 0 1 1 1 2 2 0 2 1 1 1 2 1 1 0 2 1 0
1 1 1 0 0 0 0 2 1 2 1 1 0 0 0 1 1 2 1 2 0 0 1 2 2 0 0 2 0 1 1 2 0 2 2 2 1 2 1 2 2 1 0 2 2 0 1 0 1 0 0 1 0 2 0 0 0 1 1 0 2 2 2 0 1 2 2 2 0 1 0 2 0 0 2 2 2 1 0 0 2 1 2 2 1 2 1 2 0 2 0 0 1 1 0 0 0 1 1 0 0 1 1 0 2 0 0 1 2 0 2 1 2 1 2 0 1 0 0 1 2 1 2 1 2 0 1 0 2 2 1 2 1 2 2 1 0 2 2 0 0 0 2 2 2 1 1 1 1 1 0 1 2 0 2 2 1 0 0 0 1 2 2 2 2 2 0 0 2 1 0 2
1 2 0 1 1 1 2 2 0 0 0 1 1 0 0 2 1 1 2 0 0 1 2 0 1 0 0 0 2 1 2 1 1 2 2 0 1 0 0 2 0 2 0 1 2 1 1 1 0 0 1 1 2 2 2 0 0 0 0 2 1 0 0 1 0 0 2 2 0 2 1 1 2 2 0 0 1 1 1 2 1 1 1 1 0 1 1 1 2 2 0 1 1 1 2 2 1 1 1 0 2 0 1 2 0 0 2 2 1 2 2 1 1 1 0 1 2 2 2 2 2 0 1 0 2 1 2 0 1 1 1 1 2 1 0 0 1 0 0 0 0 2 2 1 1 0 0 2 0 0 1 0 0 2 1 2 2 1 0 0 0 0 1 0 1 1 1 0 2 1 1 2
1 1 1 0 2 1 2 2 1 1 0 2 2 1 2 1 1 1 1 2 1 0 0 0 1 1 1 2 0 2 2 2 1 1 2 0 0 2 0 0 1 1 2 0 0 0 1 2 1 0 2 0 0 2 0 2 1 1 2 2 0 2 1 2 1 2 0 1 1 1 2 2 0 2 0 1 0 1 1 1 2 0 1 2 0 2 0 2 0 2 1 1 1 0 1 0 2 2 0 1 1 2 1 2 2 2 0 2 1 1 1 2 1 2 1 2 2 2 1 2 2 0 1 1 1 2 2 0 2 0 2 1 2 1 0 2 1 1 2 0 2 1 2 2 1 1 1 1 1 1 0 0 2 2 0 0 0 0 2 2 0 1 1 2 0 2 2 1 0 2 2 0
0 2 0 2 1 2 0 0 0 2 0 1 1 1 1 1 1 0 2 1 0 1 2 1 0 2 1 1 1 1 2 2 0 0 2 2 2 2 2 1 1 0 2 1 2 0 0 0 2 0 0 0 1 0 1 0 2 2 2 2 0 2 2 2 2 2 1 1 0 0 0 2 0 2 0 0 1 1 2 1 2 2 1 2 0 0 2 0 1 2 0 2 2 0 1 1 2 2 0 0 0 1 0 1 0 0 1 2 2 0 0 2 0 1 1 1 0 1 2 1 1 0 1 0 0 0 2 1 0 2 1 1 1 1 0 0 0 2 2 2 1 0 2 1 2 1 1 2 0 1 1 2 1 1 2 2 1 2 1 2 2 0 0 1 2 0 1 2 0 1 2 1
2 0 0 1 1 2 2 0 0 1 2 2 2 0 2 1 2 0 1 2 0 1 1 0 0 2 0 1 1 1 2 0 1 0 2 0 0 1 0 1 0 1 0 0 1 2 1 0 0 0 0 2 2 1 2 0 1 0 1 0 1 1 0 0 2 2 0 2 1 2 1 2 0 2 0 1 0 2 1 0 0 2 2 0 0 2 0 0 0 2 0 2 0 0 2 2 1 0 0 2 2 2 2 0 2 0 1 2 0 1 0 1 1 0 2 0 0 0 0 0 2 0 0 0 0 0 0 2 1 1 2 1 1 2 2 1 1 1 0 1 0 1 0 0 2 2 0 2 2 0 1 2 1 1 0 2 2 0 2 0 0 2 2 1 1 2 2 0 2 1 1 0
2 2 0 1 2 0 2 2 1 0 1 2 1 1 0 1 0 2 2 0 1 2 1 0 1 2 1 1 0 0 2 0 1 2 0 0 1 2 0 2 0 2 0 1 1 1 1 2 0 0 2 2 2 1 0 2 1 2 0 1 1 0 0 2 0 0 2 2 0 0 1 0 0 2 2 1 0 0 1 1 2 1 0 1 2 2 1 2 1 0 1 2 0 1 2 0 2 2 2 2 2 2 0 0 2 1 2 1 1 0 2 0 1 1 0 2 0 2 1 2 2 2 0 0 1 2 1 0 2 2 1 0 2 1 0 1 2 0 0 2 0 1 0 2 2 1 2 0 1 0 0 0 0 0 1 2 0 0 0 2 2 2 2 2 1 1 1 2 1 2 1 1
0 2 1 0 2 0 1 0 1 1 1 0 2 0 2 0 0 0 0 0 2 1 2 1 2 1 0 0 0 2 1 1 2 1 1 1 2 2 1 2 1 0 2 1 1 1 1 1 2 2 2 1 0 2 0 2 0 1 2 1 1 2 0 1 1 2 0 0 2 2 0 1 0 2 2 1 1 1 0 1 1 2 0 2 1 1 2 2 0 2 0 2 2 2 1 0 1 1 2 1 1 2 0 2 0 0 0 2 2 1 0 1 1 1 0 0 2 0 0 1 1 1 0 0 0 1 2 2 2 1 1 1 1 1 0 2 1 2 1 1 1 2 0 0 1 2 0 1 0 1 2 1 0 2 0 1 1 2 1 2 1 0 1 2 1 1 0 0 1 1 0 1
1 1 1 0 1 2 1 2 2 1 1 0 1 1 1 0 0 0 2 1 0 0 2 1 2 2 0 2 1 1 0 0 2 2 0 1 2 2 1 1 1 2 1 2 1 1 0 1 1 2 1 2 0 1 1 1 1 2 0 2 0 1 0 1 1 0 0 0 0 1 0 1 0 2 2 2 1 2 2 0 0 0 0 1 2 1 2 0 1 0 2 2 1 0 0 0 2 0 1 2 2 2 2 1 2 2 0 1 1 2 2 2 0 2 1 2 0 1 0 2 2 1 2 1 1 2 2 1 1 1 2 0 0 1 2 0 1 0 1 0 2 0 0 1 0 2 1 1 0 0 1 0 1 0 2 0 1 1 2 2 2 1 0 0 0 0 0 1 1 0 2 1
1 2 2 2 2 2 1 1 2 2 1 0 0 0 1 2 2 1 2 2 2 0 2 0 1 1 2 2 2 2 1 0 2 1 0 2 0 1 0 0 1 2 0 2 1 0 1 0 1 1 0 2 1 0 2 0 1 0 2 1 2 1 2 2 0 2 1 1 2 2 2 1 2 0 0 1 0 2 1 2 0 2 2 2 0 2 2 2 2 2 1 2 0 1 2 1 1 1 0 0 1 2 1 1 2 2 2 1 2 1 1 0 1 0 0 2 2 2 2 2 1 0 1 0 2 1 2 1 0 2 1 1 2 1 0 2 0 0 1 0 1 2 0 2 0 1 2 2 1 2 2 0 0 2 1 0 0 1 1 0 0 0 2 0 2 0 0 0 0 1 1 2
1 2 2 1 1 0 1 0 2 1 0 2 0 2 0 1 0 2 2 1 0 2 1 2 0 2 0 1 1 2 1 2 0 2 1 2 2 0 2 1 2 0 1 2 2 2 1 0 1 1 2 2 1 1 0 2 2 1 0 0 1 0 1 2 2 2 1 1 0 1 0 2 1 1 2 2 0 1 0 0 2 2 2 1 2 0 0 1 2 2 2 1 2 0 0 1 1 2 0 2 1 0 2 0 1 2 0 0 1 1 1 1 1 1 2 0 2 1 2 1 1 2 0 0 0 1 2 1 1 2 2 2 2 1 0 1 1 1 1 0 2 2 2 0 1 2 2 1 0 1 0 1 1 0 2 0 1 1 2 0 0 1 2 0 0 0 2 2 1 0 2 0
1 1 2 0 0 1 1 2 0 2 1 0 2 1 0 1 0 2 1 2 1 1 2 1 1 1 1 0 0 0 1 2 2 0 0 1 2 1 0 1 0 1 1 0 0 2 2 1 1 0 0 0 2 0 0 0 0 1 1 0 0 1 0 2 1 0 1 2 2 1 0 0 1 2 0 2 1 2 1 2 0 2 0 2 0 1 0 0 2 2 1 2 0 1 0 2 1 1 2 0 1 2 0 0 1 1 2 2 1 1 0 1 1 1 1 1 2 1 2 1 1 0 2 2 2 2 0 1 1 2 2 2 2 0 2 1 2 2 2 0 1 2 2 2 0 0 2 2 0 1 1 1 0 0 2 0 0 2 0 2 1 2 1 1 1 2 0 0 2 0 1 1
2 0 0 2 2 0 2 2 0 1 1 1 0 0 1 0 2 1 0 2 2 0 0 0 2 1 0 2 1 2 0 1 0 1 0 2 2 0 2 0 0 0 1 0 1 0 1 1 0 0 0 2 0 2 2 0 0 0 2 0 0 0 1 1 1 0 1 1 1 0 2 1 0 0 2 2 1 1 1 1 1 1 1 2 0 1 2 2 1 2 2 1 2 1 0 1 1 1 1 0 1 0 2 0 2 2 2 0 1 0 2 0 2 0 2 0 1 2 2 0 1 1 0 1 1 0 2 2 2 0 0 0 2 1 0 1 1 0 2 2 0 1 2 0 2 2 1 1 1 0 1 2 0 1 0 1 0 0 1 2 2 0 0 1 1 2 0 2 2 2 2 0
1 2 2 1 1 0 2 0 1 1 2 1 1 0 0 1 0 0 1 0 0 1 1 2 0 2 2 0 1 2 2 0 1 1 1 0 2 1 0 0 0 2 0 2 0 1 1 1 1 2 2 2 1 1 1 2 1 1 0 0 0 0 1 1 1 2 1 1 1 2 2 2 2 0 1 2 1 0 1 0 2 0 0 0 2 2 0 0 0 2 1 1 2 2 0 1 2 0 2 0 2 2 2 2 2 1 1 2 1 0 0 1 1 0 2 1 2 0 2 1 2 1 0 2 1 1 1 1 1 1 1 2 2 2 1 2 0 0 1 0 2 1 1 1 2 1 2 2 2 0 1 2 1 2 2 0 1 0 1 0 0 0 2 2 2 1 1 1 0 0 2 0
2 0 1 2 0 2 0 0 2 1 2 1 2 2 1 0 0 0 1 0 2 2 0 1 1 2 0 1 0 0 1 2 2 1 0 2 0 0 2 2 2 2 0 1 2 0 1 0 1 1 1 0 0 2 0 1 2 1 1 2 2 0 2 1 1 2 1 1 0 0 1 0 0 2 1 0 0 1 1 1 2 2 0 2 1 0 0 1 1 1 0 0 0 1 2 1 1 0 0 0 1 1 0 2 1 1 2 2 2 0 2 2 0 2 1 2 2 0 1 0 2 0 2 2 1 1 1 0 2 2 0 1 1 1 0 1 0 0 1 0 0 0 0 1 2 2 1 1 2 2 0 0 0 2 0 2 1 2 0 1 1 1 0 1 0 0 0 1 1 1 1 2
2 2 1 1 2 0 1 2 1 1 2 1 1 1 1 0 0 2 0 0 0 0 1 0 1 1 2 0 0 1 1 2 1 2 2 0 1 0 1 2 2 1 0 1 2 1 1 0 0 2 0 2 2 2 0 2 1 0 0 1 2 1 1 0 2 0 2 0 1 0 2 0 1 0 2 2 2 1 2 0 1 0 0 1 2 1 1 0 2 2 1 1 1 0 2 0 1 1 1 0 2 0 0 2 1 0 1 1 2 1 2 0 1 1 2 1 2 1 1 2 0 0 1 1 2 0 0 1 0 1 2 2 0 0 1 2 1 0 1 0 1 1 1 2 2 1 0 2 2 2 1 0 1 2 0 1 1 0 2 1 2 2 1 2 0 0 2 1 0 0 2 0
2 1 2 2 2 1 2 2 1 1 0 0 2 0 2 0 0 0 2 0 2 0 0 2 1 0 1 0 0 0 0 0 1 0 0 2 2 0 2 2 1 2 0 0 0 0 1 1 1 1 2 0 2 0 0 1 1 1 1 2 0 2 0 2 1 1 2 0 1 1 0 2 2 1 1 2 2 0 1 0 2 1 0 1 2 1 0 0 1 0 2 2 2 2 2 1 1 2 2 2 0 0 0 2 2 2 2 1 2 1 2 1 0 1 0 2 0 1 0 2 1 2 1 1 0 1 0 1 0 0 2 1 0 0 2 1 2 1 2 1 0 0 1 1 1 1 1 2 0 1 2 2 1 0 1 2 2 2 1 0 0 0 2 0 0 2 1 0 0 2 2 2
0 0 0 1 2 2 0 0 1 2 2 0 1 1 2 1 1 1 2 1 2 2 0 1 1 2 1 2 1 1 2 1 2 1 0 0 0 2 0 2 2 0 0 1 0 2 0 1 1 2 1 2 2 1 1 0 0 0 0 0 2 0 2 2 1 1 2 2 0 0 1 0 2 1 2 0 2 2 2 0 2 0 0 2 1 1 0 0 2 0 0 2 0 0 1 2 1 2 1 2 0 1 0 2 2 2 0 2 2 0 0 2 0 1 1 0 0 2 1 0 2 2 2 1 2 1 0 2 0 2 1 2 1 1 1 0 1 2 0 1 0 1 1 1 0 0 2 0 2 0 0 2 0 0 0 0 2 0 2 0 0 0 2 1 0 2 0 2 2 1 1 2
0 2 1 0 1 1 2 0 2 0 0 0 1 0 0 1 2 0 2 0 1 2 0 2 2 0 2 1 2 0 1 2 0 2 0 1 1 0 0 1 1 0 1 0 2 2 1 1 2 1 2 1 1 2 1 0 0 0 2 2 1 1 2 2 1 1 2 2 1 2 1 2 2 2 2 2 1 1 0 1 0 0 0 1 0 1 0 1 2 2 0 0 2 1 0 0 2 2 0 0 1 2 1 2 2 1 1 2 0 0 0 1 1 1 0 1 0 1 2 2 2 1 0 1 0 1 2 2 0 2 0 0 2 1 0 0 1 2 2 2 0 0 0 1 2 1 1 2 0 0 2 2 2 0 1 2 1 0 2 0 2 1 1 0 0 1 1 1 1 0 0 2
0 1 1 2 0 2 0 1 1 0 1 0 0 2 1 2 2 1 0 2 0 1 0 1 0 1 0 1 1 2 0 0 0 2 0 1 2 0 2 0 0 1 2 2 0 1 1 2 0 1 0 1 0 0 0 0 2 0 1 1 0 0 2 1 0 0 2 2 1 0 1 0 1 0 2 0 2 1 0 2 0 0 1 0 1 1 1 1 0 2 2 0 0 0 2 1 0 0 1 2 0 0 0 2 0 0 2 2 1 0 2 2 1 1 0 2 0 1 1 1 2 1 2 0 2 2 2 2 2 0 2 0 1 1 0 1 1 0 1 1 1 1 0 1 2 1 1 1 0 0 2 0 2 2 1 1 2 0 1 1 1 0 2 2 1 0 0 1 1 2 2 1
0 2 2 1 1 0 0 0 0 2 0 0 2 1 1 1 1 2 0 2 1 0 1 2 1 2 1 0 2 0 2 1 0 2 0 2 0 0 2 1 0 0 2 2 2 1 1 1 0 2 1 1 2 1 2 1 0 0 2 1 2 2 2 2 1 0 2 1 0 2 0 0 0 0 1 2 1 2 1 2 2 0 2 0 1 1 2 2 2 2 1 1 1 1 1 2 1 2 0 2 2 2 1 2 2 2 2 1 2 2 0 2 2 2 0 1 1 2 1 2 1 0 1 2 1 0 2 0 2 0 0 2 2 1 2 1 0 1 2 1 1 1 1 0 0 1 2 2 1 2 1 2 2 2 2 1 0 1 2 0 2 0 2 2 1 1 0 0 1 1 2 2
2 0 1 2 2 1 2 0 0 1 0 0 2 0 0 0 2 2 2 1 0 2 0 0 2 1 1 0 0 0 0 2 1 2 2 0 1 0 0 2 2 1 1 1 1 1 0 0 0 2 1 1 1 2 1 0 1 0 1 2 0 0 2 1 2 1 1 1 2 2 2 2 1 0 1 2 1 1 0 2 1 1 1 0 1 0 1 0 0 1 2 0 1 1 2 1 1 1 0 0 0 2 0 2 0 2 1 1 1 2 0 0 2 0 1 0 0 2 2 1 1 1 1 0 1 1 2 0 2 0 1 1 0 2 0 0 2 0 2 0 0 0 1 2 0 2 0 1 0 2 2 1 1 1 0 0 0 2 0 0 0 2 2 1 1 0 2 1 1 1 1 2
1 0 1 0 0 2 1 0 1 1 0 1 2 0 1 0 2 2 1 0 1 1 1 0 2 0 1 1 2 0 0 0 1 2 0 2 2 2 2 1 0 2 2 1 2 2 2 2 1 1 0 0 2 1 1 2 2 0 0 1 0 1 0 0 1 1 2 0 1 2 2 2 0 2 1 0 1 0 0 0 2 1 1 2 0 2 2 0 2 2 2 0 2 2 0 0 0 0 1 2 0 0 0 0 0 1 0 1 0 1 2 0 1 0 0 1 2 0 2 2 0 1 1 2 1 1 0 0 0 1 0 0 2 0 1 0 0 2 2 1 2 2 1 0 0 2 2 0 2 1 1 0 1 2 0 2 1 1 0 1 2 1 2 2 1 0 0 2 1 0 0 0
2 0 1 0 0 0 2 0 2 1 1 0 0 1 1 1 2 1 1 0 2 0 2 2 1 0 1 0 0 0 0 1 1 2 2 1 2 1 2 1 0 0 0 0 0 1 0 2 2 1 2 0 2 0 2 1 0 1 1 2 2 2 0 1 1 2 1 0 2 0 0 0 2 1 1 2 2 2 2 2 1 0 2 0 1 1 2 2 1 1 1 0 1 1 0 2 2 1 1 2 1 1 2 1 2 1 1 2 1 2 1 2 0 1 1 1 0 1 0 2 2 2 0 0 1 1 1 1 2 2 1 1 0 2 0 0 1 1 0 0 1 1 0 1 0 1 2 2 2 1 1 0 0 2 1 2 0 2 1 2 1 0 2 2 2 2 2 1 1 0 2 0
2 2 1 0 1 2 2 1 0 1 1 1 0 1 0 2 0 2 1 2 0 0 1 0 0 2 2 0 2 1 0 2 1 2 1 0 1 0 1 2 2 1 0 1 0 2 0 0 1 2 0 2 0 2 1 1 2 0 1 2 0 2 0 2 2 1 2 1 2 1 1 2 0 2 0 0 1 0 1 0 2 1 0 0 1 1 2 1 0 1 1 1 1 2 0 1 0 2 0 0 1 1 2 2 2 2 2 0 0 1 1 0 1 2 1 2 1 1 2 2 0 0 1 2 0 1 1 0 1 1 0 0 1 1 0 0 1 2 0 2 2 2 0 0 2 1 0 1 1 2 2 2 0 0 1 0 2 2 1 1 1 0 1 2 1 1 2 0 2 0 2 2
0 0 2 2 2 0 1 1 0 0 0 0 1 2 2 1 2 0 2 0 1 2 0 2 1 2 0 1 0 0 0 0 1 0 0 1 2 0 2 2 0 0 0 2 2 0 1 1 1 2 1 2 2 1 0 1 2 1 0 0 2 1 2 0 0 0 2 2 0 2 2 2 2 2 2 1 0 2 2 2 1 1 2 1 0 0 2 0 1 2 2 2 2 1 2 2 2 0 1 0 2 1 0 2 0 0 0 1 2 1 1 1 0 1 2 1 2 2 0 2 2 2 1 2 1 1 1 0 1 0 1 1 1 1 0 0 0 1 2 2 2 1 2 0 0 1 2 2 1 2 1 2 1 0 1 2 2 0 0 0 1 2 1 1 1 2 1 1 2 0 1 2
2 1 0 2 2 2 0 2 1 2 1 0 0 0 0 2 1 0 2 0 0 2 1 2 2 0 0 1 0 2 1 0 0 1 0 1 0 0 1 2 0 2 0 0 0 0 0 2 1 2 2 2 2 1 2 2 1 2 0 2 0 1 2 1 0 0 2 1 1 0 0 1 0 1 2 1 1 2 1 1 0 1 1 2 2 0 1 1 2 0 0 0 2 0 2 0 1 2 1 0 1 0 2 1 1 2 0 1 2 2 2 2 0 0 2 2 0 2 0 0 2 1 2 2 2 1 2 1 1 2 1 2 0 1 2 1 1 0 0 1 0 2 0 0 0 0 1 1 2 1 0 2 0 2 2 0 1 2 1 2 2 1 2 2 2 2 2 1 2 2 2 2
0 0 1 1 1 2 0 1 1 1 1 2 1 1 0 0 1 0 2 1 1 2 1 1 1 0 0 2 1 0 1 1 1 2 0 0 1 1 1 0 2 0 0 1 2 0 1 1 1 1 0 2 1 1 2 1 0 0 0 1 0 1 0 2 2 0 2 1 2 2 2 2 2 2 1 2 1 2 1 2 1 1 0 0 0 0 1 0 0 1 2 1 0 2 1 0 1 1 2 1 0 1 1 1 2 2 1 1 0 2 0 1 0 1 2 0 1 1 2 2 0 1 1 2 2 2 2 1 0 1 2 2 1 1 0 0 1 1 1 2 0 2 1 1 2 2 2 0 0 1 0 2 1 2 1 1 1 1 2 2 0 2 1 2 0 1 0 2 0 1 1 1
1 0 0 0 2 0 2 0 2 0 2 0 2 1 1 0 0 1 0 1 0 2 1 1 1 1 1 0 0 0 1 1 1 2 0 1 0 2 1 2 2 2 1 2 1 0 2 2 2 0 1 0 2 2 2 2 0 1 2 0 2 1 0 0 0 0 1 0 0 0 1 0 2 0 2 2 0 2 1 0 2 0 1 0 2 1 2 1 2 2 2 1 0 0 2 2 0 0 0 1 1 2 1 1 2 0 0 0 2 0 1 2 0 0 0 0 2 0 2 2 2 2 1 0 2 0 0 1 2 2 2 1 1 2 2 1 2 1 2 0 1 0 0 2 1 0 2 1 0 0 0 0 0 2 1 2 1 2 1 0 2 2 1 0 2 1 1 1 2 1 2 0
0 2 2 2 0 0 0 1 0 0 2 0 0 1 0 1 1 0 2 0 0 0 0 2 2 0 0 2 2 1 0 2 1 0 1 2 1 1 1 2 0 1 2 1 2 0 2 1 0 2 1 1 0 2 0 2 0 1 1 0 0 2 2 1 0 2 1 2 0 0 1 1 1 1 2 1 2 1 2 1 1 1 2 1 0 0 1 1 2 0 1 2 0 1 1 1 0 0 0 2 0 2 0 2 1 0 1 1 2 1 0 1 2 2 2 2 2 0 1 2 1 0 2 1 0 1 1 0 1 1 2 2 1 1 2 0 1 0 1 1 1 1 2 1 2 2 1 2 0 0 2 2 1 1 2 1 2 0 0 1 2 0 1 1 1 0 2 0 1 0 2 0
0 1 1 2 1 0 2 2 1 1 2 0 1 1 2 1 1 0 0 1 0 1 2 2 0 2 2 1 1 2 2 1 1 1 1 2 2 0 2 1 0 2 2 1 1 2 2 1 2 0 0 0 2 0 2 0 0 0 1 1 2 1 0 1 0 2 2 0 0 1 2 0 1 2 2 1 1 0 2 1 1 2 1 1 0 2 1 0 2 0 2 2 2 2 2 0 1 1 1 0 0 1 1 2 0 1 0 1 2 0 2 1 0 1 0 0 0 1 2 0 2 1 0 2 2 2 0 1 1 1 1 1 2 0 0 2 2 1 1 2 1 1 0 2 0 0 0 0 0 2 2 2 0 0 2 2 0 1 1 1 2 0 2 0 0 1 0 2 0 0 1 0
1 2 2 2 0 2 1 0 2 0 1 0 0 0 0 0 1 2 2 2 0 1 0 0 0 1 1 1 1 0 1 1 0 0 0 1 1 1 2 0 1 0 1 2 2 2 0 1 2 2 0 0 2 1 2 2 0 0 0 2 1 2 0 2 0 1 1 2 2 0 2 2 1 2 2 0 1 0 1 1 0 0 2 2 1 1 0 2 2 1 2 0 1 2 0 2 1 1 1 2 2 1 2 0 0 1 1 2 2 0 1 1 0 1 0 0 0 1 0 2 0 2 0 1 0 1 0 1 2 2 0 1 0 0 2 1 2 1 1 2 2 0 0 2 1 2 0 1 0 1 1 0 1 2 2 1 1 2 1 1 1 2 1 0 0 0 2 2 2 0 2 1
1 0 1 0 2 2 0 0 1 1 1 2 1 0 1 0 1 2 2 0 2 0 0 2 1 0 2 0 2 2 2 0 0 2 1 2 2 1 0 0 1 2 2 0 1 0 1 2 0 0 0 1 1 2 0 2 2 1 1 1 0 0 2 0 0 1 0 2 0 1 2 1 1 0 2 2 1 1 1 0 2 1 1 0 0 1 2 1 0 1 2 0 0 2 1 0 1 2 1 1 1 0 1 0 1 1 2 0 2 1 0 2 0 1 2 1 0 2 0 1 1 2 2 1 2 1 2 1 1 0 1 0 2 2 0 0 1 2 0 1 0 0 0 1 2 0 0 0 0 1 1 2 0 1 0 1 0 1 0 2 1 1 2 1 1 1 2 2 1 2 0 2
1 1 1 0 1 2 1 2 0 0 1 1 2 0 0 2 2 2 1 0 0 2 2 0 1 2 2 2 2 1 2 0 2 0 2 1 0 0 1 1 1 0 1 0 0 1 2 2 0 2 1 2 2 1 2 0 0 1 2 0 0 2 1 0 0 1 2 2 1 0 0 0 0 1 1 2 1 2 2 2 1 1 1 1 2 0 1 0 0 1 1 0 1 0 0 0 2 2 2 0 0 0 2 1 0 0 1 1 2 0 0 1 2 2 2 2 0 1 0 0 0 2 2 2 0 0 2 2 0 1 0 1 0 2 2 0 1 1 1 1 2 2 0 2 2 0 1 0 2 2 1 0 2 0 2 2 1 0 1 2 2 0 1 2 0 1 2 1 2 1 1 2
1 2 1 0 2 0 1 2 0 0 0 0 1 1 2 0 1 2 0 0 2 2 0 2 1 0 2 1 0 0 1 1 2 0 2 2 0 1 0 2 2 0 2 1 1 1 2 2 1 0 1 0 2 1 1 1 2 1 0 2 2 2 1 1 2 1 1 1 0 1 0 0 2 2 1 1 1 1 1 0 0 0 1 2 1 2 2 1 1 2 1 0 1 0 2 1 2 1 2 2 0 2 0 2 1 0 2 0 2 1 0 2 1 2 0 0 2 2 1 1 2 0 2 0 1 1 1 0 0 2 1 1 1 2 1 0 2 0 1 2 1 2 2 2 1 2 2 1 1 2 0 0 2 0 1 0 1 1 2 2 0 0 1 2 0 2 2 0 0 1 0 1
1 2 2 0 2 1 2 1 1 0 0 1 0 1 2 0 0 1 0 1 2 1 1 0 0 1 1 1 0 1 1 2 1 0 2 0 2 0 0 1 0 0 2 2 2 2 2 0 1 2 1 1 0 2 2 1 2 0 0 2 2 1 1 1 2 2 2 1 0 2 2 1 2 2 0 2 2 2 0 1 2 2 0 0 0 0 2 2 1 0 2 2 1 1 0 0 1 0 2 1 0 0 0 0 0 1 0 0 1 1 1 1 1 0 2 1 1 2 1 2 2 0 2 1 1 2 2 1 1 1 2 1 2 0 2 0 2 0 0 1 1 0 2 0 0 2 1 1 1 0 1 0 0 1 2 0 1 1 1 2 1 1 1 0 2 1 0 2 2 1 0 1
1 0 2 2 0 1 0 1 2 2 0 0 0 2 0 2 2 2 2 0 2 1 1 2 2 2 1 2 1 2 0 0 2 0 2 0 2 0 2 2 2 0 2 0 0 1 0 2 1 2 0 0 0 2 2 2 2 1 2 0 0 0 1 1 0 0 1 0 0 1 2 2 1 0 0 2 2 0 2 0 0 0 2 0 0 1 1 2 1 0 0 1 1 1 0 0 1 2 0 2 1 1 1 0 1 2 0 1 0 2 1 0 0 0 2 0 0 1 0 1 2 0 0 1 1 1 1 0 1 2 2 2 0 2 0 2 2 1 0 2 2 0 1 0 1 1 1 1 2 1 0 1 0 2 0 1 1 2 0 0 0 2 0 0 2 1 1 2 0 2 2 2
2 1 0 2 2 2 1 1 1 2 0 1 2 2 1 0 2 1 0 2 1 0 1 2 2 2 1 0 2 1 2 2 2 0 2 1 0 0 0 2 0 2 1 2 2 2 2 1 1 0 1 1 1 2 1 0 2 2 1 1 2 2 1 1 2 0 1 0 1 2 0 2 2 1 2 1 2 2 0 0 0 2 2 1 1 0 2 0 1 1 1 0 0 0 2 0 1 0 1 2 1 1 2 0 0 2 2 2 1 0 0 1 2 1 0 0 1 1 1 0 2 2 0 0 0 1 1 2 1 0 2 0 1 2 1 2 1 1 2 1 1 1 2 0 2 1 1 1 2 2 2 2 2 0 2 1 1 0 1 1 1 0 1 1 1 0 0 2 1 1 0 2
2 1 0 1 2 1 0 2 1 2 1 2 1 0 0 0 1 1 2 0 2 2 2 0 2 0 0 1 1 1 1 0 0 2 2 0 1 0 2 0 0 0 0 2 1 0 0 1 2 0 2 1 2 1 2 2 1 0 1 0 2 2 1 0 2 1 1 2 2 1 0 0 2 0 0 2 0 1 0 2 1 2 1 1 0 0 1 1 1 0 2 1 0 1 2 1 0 0 0 2 2 0 2 0 0 0 2 1 1 2 1 0 1 2 2 1 1 1 0 2 2 0 1 2 1 0 0 2 2 1 1 1 1 1 1 2 2 0 0 1 0 2 1 1 0 1 0 1 0 2 1 2 2 0 0 1 0 1 0 2 0 2 2 2 1 1 2 1 0 0 0 0
0 2 0 1 2 1 2 2 0 0 0 2 1 0 1 0 1 2 2 2 2 2 2 1 1 1 0 1 2 0 2 0 1 2 1 0 1 1 0 1 0 0 2 1 1 1 1 1 1 2 0 0 1 2 2 0 1 0 2 1 0 2 1 2 1 0 0 0 1 1 0 1 2 2 1 2 0 2 0 2 2 1 0 1 1 2 2 0 2 2 1 1 2 1 0 1 1 1 2 0 0 2 0 0 2 1 2 0 1 0 0 1 2 0 0 1 2 2 1 0 2 0 1 1 1 2 0 0 1 0 1 1 0 1 0 2 0 2 2 0 0 2 1 0 0 2 1 1 2 2 1 2 2 0 1 1 2 2 1 2 2 1 1 2 2 1 2 1 1 2 1 2
2 0 2 0 2 0 1 1 2 0 1 0 0 0 2 0 0 2 2 0 0 1 0 2 0 0 1 1 0 2 1 0 2 0 0 1 1 2 0 2 2 2 2 2 2 1 1 0 1 0 1 1 2 2 1 0 0 0 2 0 0 1 1 0 2 2 2 1 2 0 0 1 2 0 2 0 2 0 1 1 1 2 2 2 2 1 2 0 2 2 1 0 1 0 0 1 0 0 2 2 0 0 1 1 0 1 2 0 2 0 1 1 0 2 0 2 0 0 2 2 0 2 2 2 2 1 0 2 1 0 2 0 0 2 1 1 0 1 1 0 1 0 2 2 2 2 1 0 0 2 1 1 1 1 0 1 2 1 1 1 1 1 1 1 0 0 2 1 1 2 2 0
2 1 2 2 1 1 0 2 0 1 0 2 0 1 1 2 2 0 0 2 1 2 0 2 2 1 1 1 0 0 1 0 2 0 0 0 2 0 0 0 0 0 1 0 2 2 2 0 0 1 2 1 1 0 1 1 2 2 2 0 0 1 1 2 2 1 0 1 0 0 2 0 2 1 1 1 0 0 1 1 2 1 2 1 2 1 0 1 1 2 2 2 1 0 2 1 0 0 0 1 1 0 2 0 1 0 2 2 1 1 0 2 0 1 0 0 0 1 2 1 0 1 1 0 0 2 2 1 0 2 0 1 1 2 0 2 0 0 2 1 1 0 0 2 2 1 0 2 2 0 2 1 2 1 1 2 0 1 1 0 0 1 0 1 1 0 2 1 0 2 0 2
2 1 2 2 0 0 2 0 0 1 1 0 0 0 0 1 1 2 2 0 1 0 2 0 0 1 2 1 0 0 0 1 2 0 1 0 1 0 0 2 0 0 2 1 0 0 2 0 0 2 0 1 2 2 2 0 2 2 2 2 2 1 1 2 2 2 2 1 1 1 1 1 1 0 2 2 1 1 0 1 2 0 1 1 1 0 0 0 0 2 0 1 0 2 0 0 1 1 2 2 2 0 1 1 1 0 1 0 0 2 2 2 2 1 1 1 2 1 1 0 2 2 2 0 1 2 1 0 0 1 1 0 1 2 1 0 1 1 2 1 0 1 1 0 0 2 2 2 2 1 0 2 1 2 0 2 2 2 1 0 1 0 1 0 2 0 2 1 2 1 2 2
0 1 1 0 1 1 0 1 2 1 0 1 1 1 1 1 0 2 2 2 0 1 0 0 2 2 2 2 0 2 2 1 1 0 1 2 1 2 1 2 0 2 0 2 1 1 0 2 2 0 2 2 2 2 0 2 2 0 2 0 0 1 1 1 0 0 2 2 2 0 1 1 1 1 1 2 1 2 2 1 0 1 0 0 1 2 0 1 0 2 1 0 2 0 2 0 1 1 2 1 0 1 0 2 2 1 2 1 0 1 2 1 1 1 2 0 0 2 2 1 0 0 1 2 2 1 2 0 1 2 2 2 0 2 1 1 0 1 2 1 2 0 2 1 1 2 2 2 2 1 0 0 2 2 2 2 0 2 0 2 1 2 1 0 0 0 1 0 1 1 2 2
1 0 0 0 2 0 2 2 1 2 2 2 1 2 1 2 1 1 2 1 2 1 2 0 1 0 0 1 2 1 1 2 1 2 2 0 0 2 1 2 1 0 1 1 0 1 1 2 2 0 1 2 1 0 2 1 1 1 0 2 2 1 1 0 0 0 1 1 0 2 1 0 1 0 1 2 1 2 1 2 2 1 1 2 1 2 0 1 1 1 0 0 2 1 1 0 2 0 2 0 1 1 0 2 1 1 1 0 0 0 2 0 1 1 2 0 1 0 1 0 1 1 0 1 0 2 0 2 0 2 0 1 1 0 1 0 2 2 0 0 2 0 2 1 0 1 2 2 2 1 0 1 0 1 0 0 2 0 0 0 0 1 1 2 2 0 2 0 2 1 1 2
1 0 1 2 2 0 0 2 2 0 0 2 2 1 0 1 1 2 1 2 0 0 1 0 0 1 1 0 2 0 1 1 0 2 2 0 1 2 0 0 0 1 1 0 0 2 2 0 1 1 2 2 0 2 1 0 0 2 2 0 2 0 2 1 0 1 1 1 1 2 0 1 1 2 2 1 1 2 2 1 1 2 0 1 2 2 0 0 2 2 0 2 0 2 0 0 2 0 0 0 0 0 0 2 2 0 1 1 0 1 2 1 1 1 0 0 0 0 0 0 0 0 0 1 0 1 2 2 1 2 1 2 0 1 1 0 1 0 2 1 1 2 0 2 1 0 2 0 1 0 0 2 0 1 0 1 0 1 2 2 0 0 2 1 1 1 1 0 1 1 2 0
1 2 0 2 1 0 0 0 0 1 0 1 0 1 0 1 2 2 1 0 2 1 2 1 2 0 2 2 0 1 2 1 1 1 1 2 1 2 0 2 1 1 0 2 2 1 1 0 0 2 1 0 1 0 2 1 1 1 0 1 0 1 0 2 2 2 2 0 2 0 0 1 1 1 0 2 0 1 0 1 1 1 2 2 2 0 1 0 1 2 0 0 0 0 0 0 0 0 2 0 1 2 1 0 1 0 0 2 2 0 1 2 1 1 2 0 1 1 2 1 1 2 2 2 0 2 1 1 2 0 1 1 0 1 2 2 2 0 2 1 1 0 1 0 2 1 2 1 2 1 0 1 1 2 1 1 1 0 2 1 0 2 0 0 0 0 0 2 0 2 1 1
0 0 0 0 1 2 2 1 0 2 0 2 1 2 0 0 2 1 1 2 0 1 0 1 2 1 1 0 1 2 2 2 0 2 2 2 1 2 1 2 1 1 1 2 1 0 0 0 1 1 2 1 1 0 0 0 1 1 0 1 1 1 0 2 0 0 1 2 2 0 1 0 2 1 0 0 1 0 1 0 2 1 2 0 2 2 2 1 0 0 2 1 1 2 1 2 0 1 2 2 2 1 0 2 2 1 0 1 1 2 1 2 0 1 2 0 0 2 2 1 0 1 1 1 2 2 1 2 1 0 2 1 2 0 1 2 2 1 1 1 1 0 0 2 0 1 2 0 0 2 0 1 1 1 0 1 1 2 0 0 0 0 1 2 1 2 2 1 1 0 2 0
2 1 0 2 2 0 0 2 0 0 1 2 1 2 0 1 1 0 1 2 2 0 2 1 0 2 2 1 0 1 2 2 2 2 2 2 1 0 0 1 1 2 0 1 1 0 2 0 1 1 1 0 1 0 1 2 0 1 0 1 0 1 1 0 1 1 1 2 2 1 0 0 0 1 2 1 2 1 2 1 2 1 2 1 2 2 0 0 0 2 1 1 0 1 0 1 2 1 1 2 2 2 0 2 1 0 1 1 1 1 0 2 0 1 0 0 0 2 0 1 1 0 0 1 1 1 0 1 2 2 0 2 2 0 1 1 0 0 0 0 1 1 0 2 2 1 2 2 0 1 0 1 1 1 0 2 2 2 0 2 1 0 1 1 1 2 2 0 0 0 1 0
2 1 2 1 2 0 1 1 1 2 0 2 1 1 1 1 1 1 1 2 2 2 1 1 0 1 1 0 1 2 0 1 1 0 2 2 0 0 0 1 1 0 1 2 2 2 1 0 1 2 1 1 2 2 2 0 0 2 0 0 2 1 1 1 2 2 1 0 0 1 2 1 2 0 1 0 0 0 1 2 2 2 1 2 1 1 2 0 0 0 1 1 2 0 0 2 0 1 2 1 0 1 2 2 2 1 0 0 1 2 2 1 1 1 2 1 2 1 2 1 2 0 2 2 1 2 1 2 1 1 1 1 0 0 1 2 2 2 2 1 1 2 0 2 1 0 1 1 1 0 2 2 1 2 1 1 1 1 0 2 2 1 1 0 2 2 2 0 1 0 1 2
0 2 0 2 2 1 1 2 2 1 1 1 0 0 2 2 1 0 2 1 2 0 1 0 2 1 0 1 2 1 1 1 1 1 1 1 1 2 0 1 0 1 2 1 2 0 0 0 0 2 2 1 0 1 1 2 0 1 1 0 2 1 1 1 0 0 0 1 2 0 2 0 0 0 1 0 0 1 1 1 1 1 2 1 2 0 2 0 2 1 2 2 2 1 1 0 2 2 2 2 1 2 0 1 0 2 1 0 2 2 2 0 1 2 0 2 0 0 0 0 1 2 0 2 2 2 0 1 2 2 0 0 2 1 1 2 1 0 2 1 0 0 2 0 2 2 0 0 0 0 1 0 1 2 2 0 2 2 2 2 2 0 2 2 2 1 1 1 2 2 2 2
2 1 0 2 2 0 2 2 1 2 0 0 1 2 0 1 2 2 0 2 0 2 1 2 1 0 1 0 2 1 1 1 1 1 1 1 2 1 1 1 1 2 1 2 1 2 1 2 2 2 2 2 2 1 0 0 1 1 2 1 1 0 0 2 1 2 1 1 1 2 0 2 1 2 2 1 1 1 0 1 1 0 1 1 1 2 2 2 0 1 1 2 2 0 2 2 2 0 1 1 0 2 1 2 2 0 0 1 0 1 0 2 1 2 1 2 1 0 0 2 0 1 2 2 1 2 2 1 2 1 2 0 0 0 0 2 2 0 1 0 0 0 2 1 2 0 2 1 1 2 1 1 0 0 2 0 2 1 1 0 0 2 0 0 0 0 1 0 2 0 0 2
0 0 1 0 0 0 1 0 2 0 2 1 0 1 1 1 1 0 2 1 2 2 0 0 1 2 0 1 0 2 1 1 2 2 2 1 1 1 2 1 1 1 2 2 1 1 0 2 2 2 1 1 0 1 2 2 1 1 1 2 1 2 1 1 2 0 2 0 2 1 0 0 0 2 0 2 1 2 1 1 2 2 0 2 2 1 2 1 2 0 0 1 0 1 2 0 2 2 1 1 1 1 1 2 2 0 1 1 2 0 2 1 1 2 2 1 0 1 2 0 0 0 2 0 2 2 1 2 2 0 0 1 2 0 1 1 0 0 2 2 1 1 0 0 2 2 1 0 2 0 2 2 1 1 0 2 0 2 1 2 2 1 1 2 2 0 1 2 1 1 2 0
1 0 0 0 0 2 1 0 1 0 2 2 0 0 1 1 2 0 2 2 0 0 2 2 1 0 2 2 0 1 1 1 2 1 2 1 1 0 1 2 2 2 2 2 0 2 0 0 0 2 2 0 0 2 0 2 0 2 0 0 1 1 2 2 0 1 0 1 1 2 1 1 1 2 0 1 2 2 1 2 2 1 0 0 1 0 0 2 0 0 0 1 1 2 0 0 0 1 1 2 1 1 1 0 1 2 2 0 1 1 0 1 1 0 2 2 1 2 2 2 0 2 2 2 2 2 2 0 2 2 2 1 1 1 1 2 1 1 0 2 0 0 1 1 2 0 1 1 0 0 1 1 0 0 0 0 0 1 0 2 0 0 1 1 2 0 1 0 1 1 0 1
2 2 0 2 2 1 1 0 2 0 1 2 0 0 0 1 1 0 2 2 2 0 0 1 0 2 2 2 1 0 1 1 2 2 1 0 1 0 1 1 0 0 1 1 1 2 2 2 0 1 1 2 2 2 1 0 2 0 0 0 1 2 1 1 2 2 2 1 0 1 0 0 1 0 1 2 2 1 2 0 0 1 1 0 0 2 1 2 1 1 0 0 1 1 1 1 2 1 1 2 2 1 1 1 1 0 1 1 2 1 2 0 2 0 0 0 0 2 2 1 1 0 1 0 1 1 0 1 2 1 2 2 2 0 1 2 0 0 0 0 1 0 1 1 1 2 1 2 2 1 1 1 1 1 1 0 2 1 2 2 0 1 2 1 2 1 0 0 1 1 1 0
0 2 2 1 2 0 1 2 1 1 0 2 2 1 0 2 1 2 1 2 1 1 0 1 2 1 2 0 1 0 1 1 1 0 0 1 0 0 0 2 2 0 2 1 2 2 1 1 0 0 1 1 1 2 0 0 2 0 1 0 1 2 2 2 0 0 1 1 0 1 0 2 2 0 1 2 0 0 1 0 0 0 0 1 1 1 1 0 1 0 1 0 2 0 0 0 0 1 1 2 1 2 2 0 2 2 0 1 2 2 2 0 2 2 2 1 1 1 1 2 1 2 0 2 0 1 2 2 0 2 1 2 1 1 0 2 0 0 0 1 0 2 1 1 0 0 2 1 2 1 2 2 1 0 2 0 2 2 2 2 1 1 2 0 2 0 2 1 1 0 2 2
2 1 0 0 2 0 2 2 2 2 2 1 2 1 2 1 0 1 1 2 0 1 0 0 1 2 1 0 0 1 0 0 0 1 1 0 1 1 0 2 0 0 1 2 1 0 1 2 1 2 2 2 1 0 2 0 0 2 1 0 1 1 1 2 0 2 0 0 0 0 2 1 0 0 0 2 0 1 2 2 0 0 1 2 0 1 1 1 0 2 2 0 2 0 2 2 0 2 0 1 0 2 2 1 2 0 0 0 1 0 2 0 0 1 0 2 0 1 0 1 1 2 2 1 1 1 1 1 1 2 1 2 1 0 0 2 1 0 2 0 2 0 1 2 1 2 2 2 1 0 2 2 1 1 1 2 1 0 1 2 2 2 2 0 1 0 0 0 1 0 1 1
0 0 1 2 0 1 2 1 1 2 2 2 0 0 2 1 0 1 2 2 1 2 1 0 2 2 0 1 2 0 2 0 0 1 1 0 0 1 2 1 0 1 2 0 2 1 0 0 2 0 0 2 2 2 2 1 2 1 1 2 1 0 0 1 2 1 2 0 0 1 0 0 1 2 2 0 0 0 0 1 0 1 1 0 1 0 1 1 1 0 1 2 2 2 1 2 2 1 0 2 1 0 0 2 2 0 0 0 0 1 2 0 0 1 0 2 2 2 1 1 1 2 2 0 0 0 2 2 0 2 1 1 0 2 1 0 2 1 2 0 2 1 0 0 1 1 1 0 2 2 2 0 0 1 1 0 0 0 2 0 1 1 2 1 1 0 0 0 2 2 2 2
1 2 1 2 2 2 2 2 1 0 0 2 1 1 2 1 2 2 2 0 1 2 0 2 0 1 0 2 0 2 2 1 0 0 1 0 0 1 2 2 1 2 2 1 1 2 0 0 2 0 2 0 0 2 0 1 1 0 0 1 1 0 2 1 1 1 2 1 1 1 2 2 1 1 1 2 0 2 2 2 0 1 0 0 1 0 1 2 1 0 1 0 0 2 1 0 0 1 2 1 2 1 2 1 0 0 0 1 0 0 1 0 0 2 1 2 0 2 0 2 2 1 2 1 0 1 1 2 2 0 1 1 0 1 0 0 0 0 2 0 2 2 1 2 2 2 2 2 1 2 2 1 2 1 0 2 1 1 2 0 2 1 0 2 2 0 1 2 2 1 0 1
0 1 1 2 1 0 0 2 0 0 1 2 1 1 2 0 0 2 1 0 1 1 0 1 1 2 2 1 1 0 2 1 2 0 2 0 2 0 2 0 0 2 2 2 1 2 0 2 2 1 2 0 0 0 0 1 0 2 0 1 2 0 0 2 2 0 2 1 0 2 1 0 1 1 1 1 0 1 0 1 0 0 1 0 0 2 2 0 1 0 2 1 1 1 1 1 1 0 2 0 1 1 1 0 2 2 1 0 1 1 1 1 1 1 2 2 0 2 0 0 0 1 2 2 2 1 0 1 1 0 1 0 1 0 1 1 2 2 0 1 1 1 0 0 2 0 0 1 0 2 1 0 0 1 1 2 2 1 0 2 2 0 2 1 0 0 1 2 0 1 1 2
2 2 0 0 0 1 2 1 0 1 1 0 2 2 0 2 2 1 2 2 1 1 1 2 2 2 2 0 0 1 0 1 1 0 2 1 2 2 0 2 0 0 0 2 2 1 2 2 1 1 1 0 1 1 0 1 0 0 2 2 1 2 1 1 0 1 2 1 0 1 0 0 1 2 0 1 1 1 1 2 0 0 1 1 1 1 2 0 2 1 0 0 1 1 1 0 2 2 1 2 0 2 0 1 2 1 0 1 0 1 1 1 0 2 0 1 1 0 2 0 2 2 2 2 0 1 2 0 0 1 0 1 1 1 0 1 0 1 0 0 0 1 2 0 2 0 0 0 1 0 2 1 0 1 0 1 0 0 0 2 1 0 0 1 2 2 2 0 1 2 1 2
1 1 0 1 2 1 0 0 1 2 1 2 1 0 1 1 0 1 0 0 2 2 1 1 2 1 2 0 1 1 2 2 2 0 2 1 2 2 2 1 1 1 0 0 1 2 1 0 0 0 0 0 2 2 2 1 0 2 2 1 0 2 1 0 1 0 2 0 2 2 1 1 0 0 2 2 2 2 2 1 2 0 2 2 2 2 1 2 1 0 1 2 0 2 0 1 0 0 2 0 2 1 0 0 1 2 0 2 1 0 1 0 0 1 0 0 0 1 2 0 2 0 0 0 0 1 1 1 1 1 2 1 0 2 2 2 1 0 2 1 0 0 2 1 1 0 1 2 1 1 0 1 2 0 1 0 1 0 2 1 2 1 0 0 1 2 2 0 2 2 1 0
0 1 1 2 1 0 2 0 2 2 1 2 2 0 2 2 2 1 0 1 0 0 1 1 0 1 2 0 1 1 0 2 0 2 2 1 2 1 0 2 1 1 1 1 0 1 1 2 1 2 0 1 0 2 1 0 1 1 0 0 2 1 2 0 0 2 2 0 0 2 2 2 2 1 1 2 0 0 2 1 2 0 0 0 2 1 0 1 2 2 1 0 0 1 1 2 0 1 2 1 1 0 1 1 1 0 1 2 0 0 1 2 0 2 2 0 1 1 1 2 1 1 2 1 0 1 1 1 2 1 0 1 1 2 2 0 2 1 0 0 1 1 2 2 1 0 0 0 2 0 2 0 1 2 2 1 0 1 0 2 0 1 2 2 1 2 2 1 1 0 1 0
2 1 0 1 2 1 1 1 1 1 1 2 0 1 2 1 0 2 2 0 1 1 0 0 0 2 1 2 0 0 0 0 2 1 2 1 2 1 1 1 0 2 1 1 1 0 0 2 1 2 0 0 0 0 1 2 0 0 1 1 1 1 2 1 0 1 0 0 0 1 1 2 2 2 0 1 1 0 1 0 1 1 0 1 2 2 1 0 0 0 2 2 2 2 1 0 1 2 0 2 1 2 2 1 2 2 2 0 0 1 0 2 0 2 2 0 1 0 1 2 0 0 2 1 0 1 1 1 1 2 1 2 2 0 0 1 0 0 0 2 2 1 1 0 0 0 0 0 1 2 0 2 2 0 0 2 1 2 1 2 2 0 2 1 0 0 0 1 1 1 1 1
2 2 1 1 0 2 1 2 1 1 1 1 2 0 1 2 0 2 2 0 2 2 1 1 0 2 0 2 1 1 0 1 0 2 2 1 1 1 0 2 0 0 1 0 1 2 0 1 2 2 2 2 2 1 0 0 1 1 2 0 2 1 2 1 0 1 2 2 0 1 2 0 2 1 1 0 1 1 2 1 1 2 1 0 1 2 0 2 2 1 0 1 2 2 2 2 1 0 2 2 1 2 0 0 1 1 0 0 0 2 2 2 1 1 0 2 1 1 0 0 0 1 0 2 2 2 2 0 2 2 1 1 2 1 1 1 0 2 1 1 0 1 0 2 2 1 0 2 0 1 2 1 2 0 0 1 0 2 0 0 2 1 0 1 0 2 2 0 2 2 0 0
0 0 0 1 2 0 0 0 2 0 1 2 2 2 1 2 0 2 0 2 1 1 2 1 1 2 0 0 1 0 1 0 1 1 1 1 0 2 2 2 0 2 2 2 2 2 2 2 1 1 0 0 2 2 2 0 1 2 1 1 2 0 1 1 2 0 0 0 2 0 0 0 0 0 0 0 0 0 2 1 1 0 2 1 2 2 2 2 2 1 0 2 2 1 1 1 1 2 2 1 2 0 1 1 0 2 1 0 0 1 2 2 2 0 1 2 0 1 1 2 0 1 2 2 0 0 2 2 0 1 1 1 1 1 2 2 0 0 0 1 2 1 2 1 1 0 2 1 2 0 1 2 0 1 0 0 2 2 1 0 1 2 2 1 0 1 0 2 2 2 1 1
0 0 1 2 1 0 1 0 0 2 1 1 1 1 0 1 1 1 2 2 0 1 1 2 0 2 1 2 2 2 1 0 1 2 0 2 2 1 0 1 1 1 2 1 2 2 2 1 0 2 2 2 1 0 2 1 0 0 1 2 0 2 0 1 2 0 1 2 2 2 0 1 0 1 2 1 0 2 2 2 2 1 2 0 2 1 2 2 2 0 0 0 0 0 2 2 2 1 2 1 0 0 2 1 1 2 0 2 2 2 2 1 2 1 2 2 0 1 2 2 2 2 2 0 1 2 2 0 1 2 1 1 0 2 0 1 2 1 1 2 2 1 1 1 0 1 1 0 2 0 0 2 1 1 2 2 0 2 0 2 2 2 2 0 2 0 2 2 2 2 2 1
0 0 0 1 1 1 2 2 2 1 1 0 2 1 2 0 0 0 1 0 1 0 0 0 1 0 0 0 2 0 2 0 1 0 2 0 2 0 2 2 1 1 2 1 2 0 1 1 0 2 1 2 0 0 0 2 0 1 0 0 2 1 1 0 1 1 1 2 2 2 1 0 0 0 1 1 1 0 2 0 1 0 2 2 0 2 2 1 2 0 2 1 2 2 2 0 1 0 2 0 2 1 1 1 2 0 2 0 0 1 1 2 2 1 0 0 1 2 2 0 0 0 1 2 2 0 1 0 2 1 0 2 0 1 0 0 1 2 1 2 1 0 2 1 1 2 2 2 2 1 0 0 1 2 2 0 1 0 1 0 2 1 0 2 2 1 2 1 1 0 1 1
0 1 2 2 1 1 0 0 0 1 0 0 0 1 1 1 1 0 2 0 1 1 0 2 0 0 0 1 1 2 2 2 0 2 0 1 0 0 0 2 1 0 2 2 1 0 1 1 0 1 2 0 2 0 2 2 0 0 2 2 0 2 0 0 2 0 0 0 0 0 2 1 1 2 0 1 0 2 2 1 2 1 1 2 2 1 0 0 2 0 2 0 2 2 0 2 0 1 0 0 1 0 2 1 1 1 2 1 1 2 0 0 1 0 1 1 2 2 2 1 2 1 1 2 2 0 0 2 1 1 1 1 1 0 0 2 2 0 1 1 2 0 2 0 1 0 2 0 0 1 0 2 1 2 0 1 2 0 1 2 1 2 1 0 1 1 1 0 1 0 1 1
1 1 2 2 2 2 0 0 1 0 0 2 0 1 0 0 2 2 0 1 2 2 2 0 1 1 1 0 2 0 2 1 2 1 0 0 1 1 1 0 2 2 0 0 1 1 1 0 1 2 0 0 1 2 2 0 1 0 0 0 1 2 2 1 1 0 1 0 2 0 1 2 2 1 0 0 0 1 2 1 1 2 0 0 2 2 0 1 0 1 2 1 1 2 0 2 0 2 0 2 2 1 2 2 0 2 0 1 1 0 0 2 0 1 2 0 0 2 2 0 0 2 2 1 1 1 2 1 0 2 0 1 2 0 1 0 0 2 1 2 1 1 1 1 2 1 0 0 0 2 1 2 1 1 1 0 2 0 1 0 1 0 2 0 1 0 0 1 1 1 0 2
1 2 1 1 1 1 2 2 2 0 1 1 2 1 2 2 2 1 0 0 1 2 1 0 1 2 2 2 1 0 2 0 0 0 1 1 2 1 1 2 2 0 0 1 1 2 1 1 2 2 2 0 2 1 2 0 0 2 0 2 2 2 2 1 0 2 2 0 0 1 2 0 2 0 2 1 0 1 0 2 0 0 0 0 1 0 1 2 2 2 2 2 0 2 0 1 2 0 2 0 2 2 0 2 2 0 1 0 1 2 2 2 2 1 0 1 1 2 0 2 2 0 1 2 1 2 0 0 2 0 0 2 2 2 2 2 2 2 2 2 1 0 1 1 2 2 2 1 1 0 0 1 1 1 0 2 1 2 0 2 2 1 2 0 1 0 2 1 2 1 0 0
2 0 2 1 2 1 0 1 2 0 0 0 0 0 0 1 0 2 0 1 1 1 1 2 1 1 0 0 0 1 1 0 1 0 1 0 2 1 2 1 0 2 0 0 1 1 1 2 0 0 1 1 1 0 0 0 1 2 0 2 1 2 2 0 2 1 1 2 1 1 0 1 1 1 1 2 0 0 2 0 0 1 0 2 2 1 2 0 0 0 0 2 2 0 2 2 2 1 1 0 2 0 1 1 1 0 1 1 0 1 0 2 2 0 1 2 2 2 1 1 2 1 0 0 0 0 2 0 2 1 1 2 1 2 0 2 0 1 2 0 0 2 2 0 0 2 0 2 1 1 1 0 1 2 0 1 0 1 1 2 0 2 1 1 2 1 1 2 1 1 0 1
1 0 2 1 2 0 2 0 1 1 1 2 0 0 1 1 1 2 0 1 2 1 0 1 1 2 1 2 1 2 0 2 0 0 2 0 1 2 1 0 0 2 0 2 0 2 0 1 2 1 0 2 0 1 2 1 1 0 1 0 0 0 2 1 1 2 1 2 1 2 2 0 0 0 2 1 0 2 1 0 0 1 2 2 0 1 0 2 0 0 2 0 0 2 2 1 2 1 0 1 2 0 1 2 1 1 0 2 1 2 2 2 1 2 1 2 2 0 1 2 0 1 0 0 0 0 2 0 2 0 0 1 0 2 1 2 1 2 1 2 2 1 2 1 2 1 0 1 1 2 0 1 0 1 2 1 2 1 2 2 1 0 1 2 2 0 2 0 0 1 0 2
0 0 1 0 1 2 1 0 2 2 2 2 0 1 2 0 0 2 0 2 2 2 1 1 2 1 0 0 0 1 0 1 1 0 1 0 2 2 0 2 2 0 2 2 2 1 1 2 1 1 2 0 2 2 0 1 0 0 2 0 2 0 2 1 0 0 2 0 0 1 2 2 1 0 0 1 2 2 1 1 1 1 1 0 0 2 0 0 0 2 2 0 0 2 1 1 0 1 2 1 2 2 2 1 2 0 2 2 0 0 0 1 2 2 0 2 0 0 1 0 2 1 0 0 0 2 1 1 1 1 1 0 1 0 2 1 1 1 1 1 0 2 2 0 2 0 0 0 0 2 0 0 0 1 1 0 0 0 0 2 2 1 0 1 1 2 2 0 2 2 1 0
1 1 0 1 2 1 1 2 1 2 0 1 1 2 0 1 0 1 2 0 2 0 1 1 0 1 1 0 0 2 0 2 1 2 1 0 1 0 1 1 2 2 2 0 2 0 2 0 1 1 0 1 2 2 2 0 1 0 0 2 0 1 2 2 1 0 0 0 1 2 1 0 2 2 1 2 0 2 2 0 1 2 1 1 2 1 1 0 2 1 0 0 0 0 0 2 2 0 0 0 0 2 1 0 1 0 2 2 2 1 0 1 1 1 2 0 2 1 1 0 2 2 0 0 2 1 2 1 2 0 0 2 0 1 0 2 2 2 2 2 1 2 1 2 1 1 0 1 2 2 2 1 2 0 2 2 1 0 2 1 0 2 1 1 1 2 2 0 2 1 0 1
2 2 0 0 0 2 2 0 2 0 2 1 0 2 1 2 0 0 0 2 0 2 0 1 1 2 0 2 2 1 0 1 1 1 2 2 0 2 0 0 2 0 2 0 0 1 2 1 2 0 0 0 0 0 2 0 1 0 2 1 2 2 2 1 0 1 0 2 0 1 2 1 1 0 1 2 1 1 0 0 2 1 1 2 2 2 2 0 2 1 1 1 0 1 2 2 0 1 2 1 2 2 0 2 2 1 1 0 0 2 2 2 1 1 1 0 0 1 1 1 0 0 2 1 0 0 1 0 2 1 2 2 0 2 1 0 0 0 1 1 0 1 0 1 0 2 2 1 1 1 2 1 2 0 0 2 1 2 0 1 0 2 0 1 2 2 2 0 2 0 2 0
0 0 1 1 2 1 2 1 2 0 1 2 1 1 1 0 1 2 1 2 2 1 0 2 1 2 0 1 1 2 2 1 1 1 2 1 1 2 0 0 0 1 0 2 0 2 2 1 1 1 2 1 0 2 0 2 0 1 1 2 1 0 0 2 0 0 1 1 0 2 2 1 0 0 0 1 2 0 0 1 1 2 1 2 2 1 2 0 0 0 2 0 2 0 0 0 1 2 2 2 1 1 0 2 1 1 1 1 2 2 1 2 2 2 2 2 0 2 0 2 1 0 2 0 1 0 1 0 0 0 2 2 1 0 2 1 2 1 2 2 0 1 1 0 0 2 2 2 1 0 1 2 1 1 0 0 1 1 0 2 1 1 2 1 1 1 0 1 0 0 2 0
2 0 1 2 2 0 2 1 2 1 1 1 0 2 2 2 0 2 2 0 1 1 2 1 0 2 2 0 2 1 0 1 0 2 2 0 1 1 2 0 0 1 1 0 1 0 0 1 0 0 2 0 1 1 1 2 0 1 0 1 1 1 2 2 1 2 2 2 1 0 2 2 2 1 0 0 2 1 2 1 2 2 1 1 1 2 1 0 1 2 1 2 1 1 1 2 1 2 0 2 2 2 2 1 2 2 1 1 1 1 2 0 0 1 0 0 0 1 0 2 1 1 2 2 0 1 0 1 1 0 1 0 0 0 2 2 0 1 2 1 2 2 0 1 1 1 1 2 2 1 2 2 0 0 1 0 1 2 0 0 2 1 0 1 2 2 0 0 1 0 2 0
1 0 1 2 1 2 2 1 1 0 0 1 0 2 0 2 0 0 2 2 1 0 1 1 0 2 1 1 0 2 1 1 2 0 1 1 0 2 0 2 2 1 1 0 1 1 2 1 2 2 2 1 2 0 0 2 0 0 0 1 2 2 0 1 0 2 0 1 2 0 1 1 1 2 1 0 2 1 1 1 0 1 0 2 2 1 2 2 2 0 1 1 2 2 0 0 2 2 2 1 2 1 0 2 1 1 0 0 0 2 0 0 1 0 0 0 2 2 2 2 2 1 0 2 1 2 0 0 1 0 2 1 1 2 0 0 1 0 1 1 0 1 2 2 0 2 2 0 2 2 0 1 0 1 1 2 0 2 2 2 2 1 1 2 1 2 2 2 1 0 0 2
0 2 1 0 2 1 0 1 0 0 0 2 2 2 1 0 2 2 1 1 1 2 1 0 2 0 2 1 2 1 0 2 1 2 0 1 0 0 0 1 2 1 0 2 1 1 2 0 1 0 2 0 0 1 0 1 2 0 2 1 2 0 1 1 2 1 0 0 2 0 2 2 2 2 1 0 1 0 0 0 2 1 0 0 2 1 1 1 1 1 1 2 2 2 1 2 1 1 0 1 2 2 0 2 1 1 0 0 2 2 1 1 0 1 0 2 0 1 1 2 0 2 1 2 2 2 0 1 0 0 2 1 0 2 1 1 0 1 2 2 0 0 2 1 2 0 1 2 1 0 2 0 0 0 0 0 1 0 1 1 1 0 0 1 2 1 0 0 1 1 1 2
1 1 1 2 1 2 1 0 0 1 0 1 0 1 1 1 2 1 0 0 1 1 2 2 0 1 0 1 2 1 1 1 2 2 1 1 2 1 2 0 2 2 2 2 1 1 0 1 2 1 2 2 0 0 2 0 1 2 2 1 2 0 0 1 0 0 0 0 1 2 1 0 2 0 0 1 0 1 0 0 2 2 0 2 2 2 1 1 0 0 0 2 1 2 1 1 2 1 2 0 1 1 1 2 1 2 1 2 1 1 0 1 0 1 2 1 1 0 2 1 0 1 0 2 0 1 1 2 1 0 0 0 1 1 0 1 1 1 0 0 2 1 1 0 0 0 1 2 1 1 1 2 2 1 1 2 0 2 2 2 0 0 1 2 2 1 0 1 0 2 1 0
1 0 0 2 2 2 1 0 2 2 0 1 1 2 2 0 2 2 0 0 0 1 2 0 0 1 1 1 1 0 1 2 0 0 2 0 0 1 1 2 2 2 2 1 1 2 1 1 2 2 2 0 1 0 0 1 1 2 0 2 0 0 2 2 1 2 2 1 2 1 2 1 0 1 2 0 1 2 2 1 2 2 2 0 2 2 0 1 0 0 1 0 1 0 0 2 1 0 1 0 1 0 2 0 2 2 1 1 2 1 2 1 1 1 2 0 2 2 2 0 0 0 1 2 2 2 2 1 0 1 2 1 2 1 2 1 0 1 0 0 0 1 2 2 2 1 1 2 1 0 2 0 2 2 0 1 1 2 0 1 1 2 0 0 0 1 0 1 0 1 2 1
2 2 1 0 1 2 2 1 2 0 1 2 2 1 1 1 1 1 0 2 0 0 1 1 2 1 0 0 2 0 1 2 0 0 0 0 2 2 1 0 0 2 2 0 1 1 1 2 2 2 2 1 1 1 2 0 2 0 1 2 1 1 2 2 1 2 2 2 0 0 2 0 0 2 1 2 0 0 2 1 0 2 2 1 0 2 2 0 0 1 0 2 2 1 1 1 0 2 0 1 0 0 2 2 0 1 1 1 2 0 2 0 0 2 2 0 0 2 1 0 1 2 0 0 1 2 2 1 1 0 1 0 0 1 2 1 0 0 0 2 2 0 1 2 0 0 1 0 2 0 1 0 0 2 1 1 1 2 1 1 2 2 1 0 0 0 0 0 1 0 2 1
0 1 2 1 2 1 2 1 1 0 0 0 2 2 1 1 1 2 0 1 1 1 0 1 2 0 2 1 0 0 0 0 1 0 2 0 1 1 0 0 0 1 0 0 0 2 2 2 2 2 1 2 0 1 0 2 1 1 1 1 1 2 0 2 2 0 0 1 2 1 1 2 2 0 1 2 0 0 2 2 0 1 1 1 2 0 2 1 1 1 0 0 1 0 2 0 0 0 2 0 1 1 0 0 1 1 0 2 2 2 2 0 1 1 2 1 2 1 0 1 0 0 1 1 1 2 2 2 2 1 0 1 1 1 1 2 0 1 0 0 2 2 1 0 1 1 2 2 0 2 0 1 0 0 0 2 2 0 2 1 2 0 2 0 2 2 1 2 0 1 1 0
1 2 2 0 0 1 2 1 1 1 0 2 1 0 2 1 1 2 0 1 2 1 1 2 0 0 0 0 1 1 2 2 0 1 0 1 2 0 0 1 1 1 1 0 1 1 2 0 1 0 2 1 1 1 2 1 2 2 2 0 0 1 1 0 0 2 2 0 2 0 2 2 1 2 2 1 0 2 2 2 2 1 1 1 2 0 0 2 2 0 0 0 0 1 0 0 1 1 1 0 1 1 2 1 0 0 0 1 2 2 1 2 1 2 1 1 0 1 1 0 2 2 0 2 1 1 0 2 2 2 0 2 1 1 1 1 1 1 1 1 1 2 1 2 2 2 1 2 1 0 0 1 2 0 1 0 2 2 0 0 1 1 0 0 2 1 2 0 2 0 2 1
0 0 0 2 0 2 2 2 0 2 0 0 0 2 1 1 1 1 1 1 2 1 1 2 2 1 0 2 0 2 0 0 0 1 1 1 0 0 1 1 1 2 2 2 2 1 0 2 2 2 0 0 0 2 0 0 0 1 2 1 1 0 2 2 2 0 1 0 1 0 2 0 0 2 1 2 0 1 1 1 2 2 1 2 1 2 1 0 0 1 1 2 2 1 2 1 1 0 2 1 0 0 1 0 2 2 1 0 2 0 2 1 0 1 1 1 0 2 2 1 1 2 1 1 0 0 0 2 1 0 1 2 1 0 0 0 1 1 1 0 0 0 2 0 1 1 2 0 1 2 1 0 1 0 2 2 0 2 1 1 0 0 1 1 1 0 2 2 2 0 0 2
2 0 2 1 1 0 1 0 0 0 1 2 0 0 1 1 0 1 1 0 1 0 2 0 0 2 2 0 0 0 0 0 1 0 2 0 1 1 1 1 2 0 0 0 1 1 2 2 2 1 0 2 1 0 2 2 0 0 0 0 0 0 1 2 1 1 0 2 2 1 1 1 2 1 0 1 1 2 0 1 1 1 0 2 2 0 2 2 0 2 0 1 0 2 1 2 0 1 0 2 1 1 2 0 1 2 2 2 2 1 1 1 2 2 0 0 0 0 2 1 2 0 2 0 0 2 1 0 0 1 1 1 2 1 0 1 1 2 0 1 0 2 2 1 2 2 1 2 0 1 1 1 2 1 2 2 0 0 1 2 1 0 0 2 1 0 0 2 1 2 1 2
2 0 0 1 0 2 1 1 1 2 2 1 1 2 1 2 0 2 1 2 2 2 2 1 1 1 1 2 0 2 2 2 0 0 1 2 2 0 0 1 0 0 2 1 0 1 1 0 1 0 0 2 0 0 0 1 1 0 1 1 0 0 1 1 1 0 0 2 0 1 0 0 2 0 2 2 2 0 1 0 1 2 2 2 2 0 1 1 0 0 0 1 1 2 2 0 0 0 0 1 2 0 1 2 1 0 0 0 2 1 1 1 1 0 1 0 1 2 2 2 0 0 1 1 0 1 2 0 0 2 1 2 1 0 0 0 1 0 1 1 2 0 0 0 1 1 0 0 1 0 0 1 1 1 1 1 1 0 2 1 1 2 1 2 0 1 0 1 2 2 1 1
2 2 2 2 2 1 0 0 2 0 0 0 0 1 2 1 1 1 0 2 0 1 2 0 1 1 0 1 0 2 0 1 1 0 0 0 1 0 2 0 1 2 0 1 0 0 0 2 0 1 0 1 1 0 0 0 1 0 1 2 0 2 0 2 0 1 1 1 1 1 2 2 0 0 2 1 1 0 0 1 2 0 2 1 2 2 1 0 0 2 0 1 2 0 2 0 1 0 1 0 1 1 1 2 2 0 0 1 1 1 0 1 0 0 2 2 1 0 2 2 1 0 2 1 1 1 1 1 2 0 1 0 2 0 0 2 0 0 1 0 2 1 1 2 2 2 1 0 0 2 1 1 0 0 0 2 1 1 1 0 2 1 1 2 1 1 1 0 2 2 0 1
1 2 2 0 1 1 1 2 1 0 1 2 0 2 2 1 1 0 2 0 1 0 2 1 2 1 1 1 0 1 0 2 0 0 0 0 2 2 0 0 2 1 0 2 1 0 1 0 1 0 1 0 1 2 1 0 0 0 2 2 1 0 1 2 1 1 0 0 0 0 1 0 0 1 2 1 2 0 1 1 1 1 2 2 0 1 2 0 1 1 0 0 2 0 0 1 1 1 1 0 1 2 1 2 2 1 1 1 2 0 2 1 1 2 0 1 0 1 0 1 0 1 1 0 1 0 1 1 1 2 1 0 0 0 0 2 1 1 1 1 1 2 2 1 1 0 0 2 1 0 1 2 2 1 2 0 1 2 1 0 1 0 0 2 1 0 2 0 2 1 2 2
1 2 0 2 0 0 2 2 2 2 2 2 1 0 2 2 2 2 2 1 0 0 1 2 1 1 1 0 0 0 0 1 0 0 2 1 2 2 1 1 1 1 1 2 1 1 2 1 1 2 2 2 0 1 2 2 0 1 0 0 2 1 0 0 2 0 2 1 2 0 0 2 2 1 2 0 1 2 1 2 2 2 2 0 0 2 2 1 1 0 0 1 2 1 1 1 1 1 1 0 0 2 2 2 2 0 0 0 0 2 2 2 1 2 0 0 2 0 2 0 0 0 2 2 1 1 2 2 0 0 1 1 0 1 0 2 1 0 2 1 1 2 1 0 2 2 1 1 2 1 1 1 1 1 1 1 0 0 0 1 1 1 2 2 0 2 1 2 1 2 1 0
2 0 0 1 2 2 2 2 1 1 0 0 0 0 1 1 0 0 2 0 2 2 0 0 1 2 0 0 1 1 0 0 1 1 2 1 1 2 1 0 1 0 0 2 0 0 0 1 0 2 2 2 1 2 0 0 2 0 1 1 2 2 2 1 1 2 0 2 2 1 2 0 1 1 2 2 1 2 1 2 2 0 1 1 1 2 2 0 0 1 1 0 1 1 1 2 1 1 2 0 0 2 1 2 0 1 2 2 1 1 1 0 1 1 2 2 0 1 0 2 0 2 2 1 1 2 1 2 0 1 0 1 1 1 1 2 0 1 2 1 2 0 1 1 1 1 2 0 0 2 0 0 2 2 2 1 2 1 1 0 0 2 2 2 1 0 1 2 2 0 0 1
2 0 0 0 1 0 1 2 2 1 0 0 2 0 1 1 2 2 2 2 2 2 1 1 0 0 1 0 1 2 1 1 0 2 1 0 2 1 2 0 2 1 0 1 1 2 0 0 1 0 0 2 2 1 1 0 0 2 0 2 2 2 0 1 0 2 1 0 0 1 0 0 2 1 2 1 0 0 1 0 1 2 2 0 1 1 1 2 1 1 1 0 2 1 1 2 1 0 2 2 2 1 0 1 2 0 2 1 1 2 1 2 2 1 1 1 2 2 1 0 2 2 1 1 2 1 1 1 1 1 1 1 2 2 0 0 0 0 2 1 0 0 2 2 2 0 2 2 0 1 0 0 1 2 2 0 0 0 2 0 0 1 1 0 0 2 0 1 1 2 2 1
0 2 2 0 0 2 2 2 0 2 2 1 2 2 0 0 0 2 1 0 1 1 1 2 0 2 0 2 0 1 2 1 0 2 2 2 1 2 1 1 0 0 0 0 2 0 0 0 1 0 1 2 1 0 0 2 1 0 2 1 1 1 0 0 1 2 2 2 0 0 1 0 0 1 0 1 0 1 2 2 1 1 2 2 2 2 2 0 0 2 2 2 1 2 2 2 0 2 1 0 0 0 0 2 1 1 0 2 2 0 1 1 1 1 1 0 0 1 1 1 0 0 1 1 1 1 1 1 2 0 1 2 0 2 1 0 0 2 2 2 2 2 1 1 1 0 2 1 1 2 1 0 0 2 2 1 1 1 2 0 1 1 0 2 0 2 0 1 2 2 1 1
2 0 0 0 1 1 0 1 1 1 1 1 1 0 0 0 2 0 1 1 2 2 1 0 1 1 2 1 1 1 1 2 1 2 2 1 1 0 2 2 2 0 1 0 1 2 2 1 0 0 2 2 0 1 1 2 0 1 1 1 2 0 0 1 2 1 2 1 1 1 1 2 2 0 0 1 2 2 2 0 0 2 0 0 0 2 1 0 0 2 2 0 2 1 2 2 0 2 0 2 2 2 1 1 0 2 2 0 1 1 1 2 0 2 0 1 2 1 2 0 1 0 1 1 1 1 1 2 0 2 1 2 2 0 1 0 2 1 1 1 1 2 0 2 2 2 1 2 0 1 0 2 1 2 0 0 0 2 2 1 2 1 2 1 2 1 2 1 2 0 2 0
0 1 0 0 0 2 0 1 0 0 0 0 0 2 0 0 1 1 2 1 0 2 1 2 0 0 1 2 1 1 1 1 0 1 2 0 0 0 2 1 1 0 1 2 0 0 2 0 2 2 1 2 2 0 2 2 1 0 2 0 2 1 1 0 2 2 1 0 2 1 1 1 0 1 0 0 1 1 1 1 1 1 0 1 1 0 0 2 1 0 0 0 1 0 1 1 2 0 2 2 1 2 0 1 0 2 0 2 0 1 0 2 0 1 0 2 1 2 2 2 0 0 0 0 0 2 2 0 2 2 2 1 1 0 0 1 2 1 1 0 2 2 1 0 0 2 0 2 1 2 1 0 0 2 0 0 1 2 0 1 2 0 0 0 1 1 2 1 2 0 0 2
2 1 0 0 0 1 2 0 1 1 0 2 1 1 1 0 1 1 2 1 0 0 1 2 1 1 0 1 2 1 1 2 2 2 0 0 0 0 1 2 2 1 0 0 2 1 2 1 2 2 2 0 2 1 2 1 0 1 0 2 2 1 2 0 1 0 1 0 1 2 0 0 0 0 2 0 1 1 1 2 1 1 2 0 0 0 2 0 1 2 0 1 1 0 1 0 1 2 0 2 1 0 0 2 2 2 0 0 1 2 2 2 1 2 0 2 0 2 2 1 2 0 0 1 0 2 2 2 2 2 2 1 0 0 1 2 0 2 1 2 2 0 2 0 0 0 0 0 0 0 2 1 0 0 2 2 0 2 1 2 2 1 1 2 1 0 0 1 2 2 1 1
2 2 2 1 0 2 2 1 2 2 2 2 0 2 2 0 1 1 2 0 2 1 1 1 2 2 0 1 1 2 0 1 2 2 2 2 2 2 1 1 2 1 1 2 1 1 0 0 2 2 1 2 1 2 0 0 2 0 2 0 0 2 2 0 2 2 0 1 2 2 0 1 0 2 0 1 1 0 2 1 1 1 1 0 1 1 2 1 2 2 2 1 2 2 1 1 2 2 1 1 2 1 1 2 1 1 1 2 0 2 1 2 0 2 0 2 1 0 0 1 0 0 0 2 2 2 1 2 2 0 2 1 2 0 1 0 2 0 1 2 2 2 2 0 0 0 2 1 1 1 0 1 1 0 0 1 1 0 2 0 0 1 2 0 1 0 2 0 1 0 1 1
