3 173 19
1061828883 276379719 807031987 943661990 379884840 263022703 682164868 52285908 76324083 583564657 270840491 373888119 1066112657 973820679 835041422 766880136 521693123 400701700 261818596 532891406 122721000 206578892 905227731 1106682102 501365575 746528109 875914708 830462074 1106437012 697551099 81732899 836452760 529233738 527609168 267566690 36043966 1004181086 526628418 307005890 92211328 404030695 93482645 61256893 171098872 965127966 122740605 45629662 823549672 693295129 591648165 210684406 996036635 1113585349 999787333 211157918 824067443 183348316 983183834 213612873 932238705 408544498 436918340 868077038 143739730 553576936 919328407 49087167 886259785 768723518 471964199 325810977 912579948 545786734 622922251 641312251 357075762 595796777 392084023 377091877 692650430 628485616 133289717 1137264358 405084847 359511636 497383741 12116411 931111775 1135913938 927037259 1141802247 684872095 264294462 1095280107 268225250 393072735 1057580089 1041908875 1126920597 775714260 226725996 968912341 451975405 679685662 751741611 433543801 33898570 236472597 878258859 857065947 417954251 679807605 889020095 887078437 1129862166 203645932 871186363 728998598 94804511 879699833 779893046 939243620 395636458 190483057 743482467 529105954 912609942 655155497 1156943699 211239161 473487556 385626868 887888712 510832604 389667092 1028025229 602937700 794887275 1059490776 579283461 1068837587 608944155 301076065 285191990 674854894 1049017540 463505883 520145442 230125340 219998080 139971157 485249602 867477192 11954379 692324585 467649773 882528704 1072090587 38509571 64697402 157769717 915582328 705937731 1017399797 719253230 448036602 586244390 897501947 683823673 399461464 217973158 1008653146 304267314
2 1 2 0 2 1 2 2 0 1 2 0 2 0 1 0 2 0 1 0 2 2 0 2 2 1 2 0 1 2 2 0 0 2 0 0 0 0 0 1 2 0 0 2 0 2 2 1 2 1 2 0 1 0 2 2 1 1 0 0 0 2 0 2 2 1 0 0 1 0 2 1 1 0 0 0 2 1 1 0 0 0 0 1 1 2 1 0 1 1 0 2 2 1 1 2 0 2 0 0 0 0 2 2 1 1 2 0 2 1 1 2 1 2 1 1 1 0 1 0 2 0 0 2 1 2 2 0 2 2 0 2 0 2 1 1 0 0 2 2 2 1 2 1 1 1 0 0 2 2 1 1 2 1 1 2 1 0 2 0 0 0 0 0 2 0 2 1 0 1 0 1 0
1 2 2 2 0 0 1 2 1 0 0 0 1 2 2 2 2 0 0 2 0 1 2 0 0 0 2 0 2 0 0 1 0 2 0 0 0 2 0 2 0 0 0 0 2 0 2 2 0 1 2 1 2 0 0 0 1 0 0 0 1 1 2 1 2 2 2 2 2 2 2 1 1 2 1 0 0 0 1 0 2 1 0 2 1 0 0 0 0 1 1 2 2 1 0 1 1 0 2 2 0 1 0 1 2 1 0 2 2 2 1 2 0 1 2 2 2 2 0 0 0 2 2 2 1 0 2 0 0 1 0 1 2 0 0 2 2 1 2 2 0 0 2 0 1 1 0 0 0 1 1 0 1 0 1 0 0 0 0 1 2 1 2 2 2 0 2 1 1 1 2 2 2
1 1 1 0 1 2 1 1 0 0 0 0 2 0 0 2 2 1 2 0 1 1 0 2 0 2 1 2 1 1 1 1 2 2 1 1 1 0 0 1 0 0 1 2 2 2 2 1 1 1 2 0 1 2 0 1 0 2 1 2 1 2 0 1 0 2 1 1 0 1 0 1 0 2 2 2 2 1 1 0 1 0 1 2 1 2 1 1 2 0 0 0 1 1 2 1 0 0 2 1 2 0 0 2 0 0 2 0 1 0 1 0 2 0 0 0 2 0 2 2 0 2 0 1 1 0 2 0 0 0 2 2 0 2 0 1 0 0 2 2 1 1 0 1 2 2 1 2 2 1 2 0 0 2 2 0 0 2 1 0 2 0 0 1 1 1 2 1 2 2 1 1 1
2 2 0 2 1 2 1 2 1 2 0 1 1 0 1 1 1 2 1 0 1 2 1 0 0 2 2 0 1 1 2 1 1 2 0 2 1 2 2 1 1 0 0 1 1 0 0 1 2 1 1 1 2 0 2 0 2 2 1 0 2 0 2 0 0 0 0 2 2 0 0 2 1 2 0 1 2 1 0 1 0 1 1 2 2 1 0 1 0 2 0 2 2 2 1 0 0 2 0 0 2 1 0 1 0 1 0 2 2 0 2 0 2 0 0 1 2 2 2 0 1 0 1 2 0 2 2 1 1 0 2 1 2 1 2 2 2 0 0 0 0 2 0 2 0 1 0 2 0 1 0 0 1 1 2 2 0 2 0 2 0 1 1 2 2 1 2 2 2 0 2 2 0
2 2 0 2 0 0 0 1 1 0 0 0 2 2 1 2 1 0 0 2 2 0 2 1 0 1 0 1 1 2 1 1 2 0 1 0 1 2 2 0 2 2 1 2 0 0 2 1 1 2 1 1 2 0 2 2 2 2 1 1 2 0 1 0 0 2 0 2 1 2 0 1 0 1 1 0 2 0 1 0 0 0 2 2 1 1 2 0 1 1 0 2 2 1 2 0 0 0 2 2 0 2 0 0 1 2 0 1 2 2 2 2 2 2 2 0 1 2 2 0 0 2 0 2 0 2 0 0 0 0 0 1 0 0 1 0 2 2 1 2 2 1 2 2 1 1 0 0 2 2 0 2 1 2 0 1 2 0 0 0 1 0 1 2 2 2 2 2 2 0 2 2 2
1 2 1 1 2 1 0 2 2 0 1 1 1 0 1 0 1 1 1 1 2 1 0 2 0 0 2 2 0 2 2 2 1 0 1 0 1 2 0 0 1 2 0 2 0 1 0 1 0 0 0 0 1 1 2 0 2 1 2 0 1 2 2 2 2 2 1 1 1 1 2 2 1 2 0 1 1 0 0 1 0 1 1 0 0 2 0 2 0 0 0 0 2 2 2 1 1 1 0 1 1 2 0 2 2 1 2 1 0 0 1 1 1 0 1 1 2 1 1 1 2 1 1 1 2 0 0 1 0 0 2 1 0 0 0 0 1 0 1 1 1 2 0 2 1 2 2 0 2 1 1 1 1 2 0 0 1 0 1 1 2 1 2 2 2 0 2 1 1 1 1 0 2
1 0 0 1 0 0 0 2 0 2 0 2 0 1 1 1 2 2 0 1 2 2 0 0 2 0 2 2 1 0 2 0 0 2 1 1 0 2 1 1 2 2 1 2 0 0 0 0 1 1 2 0 1 0 1 1 0 1 1 2 1 0 2 0 2 1 2 0 1 0 2 0 2 1 0 0 2 0 0 0 2 0 1 1 2 0 0 0 0 1 0 2 2 2 2 2 1 1 2 2 2 2 0 2 1 0 2 1 2 0 1 2 1 0 1 0 2 1 1 2 0 1 1 0 0 1 2 2 0 0 2 0 2 0 2 2 1 2 0 0 0 1 0 1 0 1 2 2 1 1 1 2 2 2 0 2 1 2 2 0 0 2 1 0 0 0 2 1 0 0 2 1 2
0 1 2 2 1 1 1 2 0 1 1 1 2 1 0 2 1 0 0 1 1 1 1 0 1 2 1 1 2 1 0 2 2 1 0 0 0 1 2 1 0 0 0 2 2 0 2 1 2 0 2 0 1 1 1 2 2 0 1 1 1 1 2 1 2 2 1 0 1 1 2 2 2 2 1 1 0 1 0 2 1 0 1 0 0 2 0 2 0 1 0 2 0 0 0 0 0 2 1 2 0 0 1 2 0 0 1 1 0 2 1 1 0 2 0 0 0 0 2 1 0 1 2 1 1 0 1 2 0 1 1 1 1 0 1 0 0 0 2 0 0 0 0 0 1 1 2 2 1 1 0 1 2 0 2 2 1 2 1 2 0 0 0 2 0 2 2 0 0 1 2 0 0
2 2 1 0 1 0 2 0 1 2 0 2 2 0 1 2 1 0 2 2 0 2 2 1 2 0 1 1 2 0 2 2 0 0 0 2 1 1 2 2 1 0 2 0 0 0 0 1 0 0 0 2 0 0 0 0 1 2 2 1 2 1 2 0 2 0 2 0 2 2 2 0 2 0 2 0 0 0 2 1 0 1 1 1 1 1 1 0 1 1 0 2 2 0 2 2 0 2 2 1 2 2 1 2 2 0 2 0 0 0 2 2 1 0 0 0 2 2 2 0 0 2 2 0 0 2 2 0 2 2 1 1 1 1 1 1 2 1 2 1 2 2 0 1 0 1 2 2 0 1 0 1 1 0 1 1 0 1 0 0 0 2 2 2 0 0 1 1 2 0 2 1 0
2 2 0 1 0 0 1 1 1 0 1 1 2 2 2 0 0 2 1 0 1 0 1 1 2 2 1 0 1 2 1 1 0 2 2 0 0 1 2 1 1 0 2 0 1 2 1 1 1 2 1 2 1 1 1 0 0 2 0 0 0 2 1 1 2 2 2 2 1 1 0 1 0 0 1 1 2 1 0 1 0 0 0 1 1 1 2 1 2 1 1 0 0 1 1 0 1 1 0 2 2 1 1 0 1 0 1 1 2 0 2 0 0 0 2 1 0 2 2 2 0 2 2 2 1 1 0 2 2 1 2 2 2 1 0 2 2 2 0 1 2 1 1 0 1 1 1 1 2 2 1 2 1 1 2 2 2 0 2 2 1 2 2 0 0 0 0 0 0 1 1 1 2
1 1 1 2 0 0 1 2 1 2 1 0 1 1 0 2 1 0 0 0 0 2 1 1 0 1 1 1 1 2 1 2 1 0 2 2 1 2 2 0 1 1 1 0 2 0 0 0 1 1 1 1 1 2 0 2 2 1 1 1 2 0 0 0 1 2 0 0 1 2 0 0 0 0 1 0 0 2 1 1 1 2 0 1 0 0 0 0 1 2 1 0 2 2 1 1 1 2 2 1 2 0 2 0 1 1 0 1 0 2 2 2 0 2 0 1 2 1 2 1 0 0 0 1 2 2 0 1 2 0 0 1 1 0 2 2 1 0 0 0 1 0 0 2 0 1 0 2 2 2 1 0 0 1 1 0 2 0 2 1 0 0 0 1 1 0 1 2 2 1 0 1 2
0 0 2 1 1 2 0 0 0 2 1 0 1 1 2 1 0 1 2 1 1 1 2 0 2 0 2 1 0 0 0 1 1 0 2 2 2 1 0 0 1 1 1 2 0 0 2 1 2 1 0 1 0 0 1 0 0 1 2 1 2 0 0 0 1 0 2 0 1 2 1 2 1 2 0 2 0 2 1 2 0 2 1 1 2 0 2 1 2 2 0 1 0 0 2 2 0 2 0 0 0 2 2 1 0 0 1 0 2 0 1 0 2 0 2 2 0 2 1 2 1 1 2 0 1 1 2 0 1 0 0 1 0 0 0 0 1 2 1 1 0 0 1 0 0 2 2 1 1 1 0 1 0 0 1 0 1 0 0 0 1 1 2 2 2 2 0 1 2 2 0 2 0
1 2 0 0 0 2 0 2 1 1 2 1 2 0 1 0 0 2 2 2 1 1 2 1 2 0 1 0 0 2 0 0 1 1 1 2 1 1 1 0 2 2 1 2 2 2 0 1 1 2 0 0 2 0 2 1 1 1 1 2 0 2 2 2 1 2 2 0 0 1 1 1 0 2 0 2 0 0 0 1 0 2 2 2 2 2 1 1 1 1 1 1 0 1 1 2 0 1 0 2 0 1 1 0 1 1 0 2 0 2 0 1 2 1 1 1 0 2 0 1 1 2 1 2 0 2 2 2 1 0 2 1 1 0 2 0 2 0 2 2 0 1 0 2 2 2 0 0 2 1 2 0 0 1 0 2 0 0 2 0 1 1 1 0 1 1 2 0 2 1 0 2 0
1 2 0 1 0 1 1 2 1 2 0 2 1 0 0 1 2 0 2 0 0 0 1 2 2 0 1 2 1 1 2 0 0 0 1 0 2 0 0 0 1 2 0 2 2 0 1 2 2 0 2 2 1 2 2 1 2 1 0 1 2 0 1 0 1 1 1 0 1 2 1 2 1 1 2 0 0 0 0 2 1 0 2 0 0 2 1 0 0 2 1 2 2 0 0 1 1 1 1 1 1 0 1 0 2 1 2 2 1 2 2 0 0 2 1 0 1 2 1 1 1 0 1 1 1 1 2 2 1 1 1 0 2 0 1 2 1 1 0 0 0 2 1 2 0 2 0 1 2 2 1 1 2 2 0 0 2 2 1 1 1 2 1 1 0 0 2 1 1 2 0 0 2
1 2 2 2 2 2 2 1 0 1 2 2 2 0 2 2 1 0 2 2 2 1 2 0 0 2 2 0 0 2 1 2 2 1 1 1 0 2 1 0 0 1 1 0 1 0 0 1 2 2 1 2 2 0 2 0 0 2 1 0 2 0 0 1 1 2 1 2 1 2 0 2 0 2 2 2 0 0 0 0 0 1 2 2 0 1 0 0 2 2 2 1 2 2 0 1 1 2 1 0 1 2 2 2 1 0 2 2 1 0 0 1 2 2 2 0 2 0 1 1 0 0 0 2 0 1 1 2 0 0 2 2 2 0 2 1 1 2 2 2 0 2 1 0 2 1 1 2 1 0 1 1 1 1 1 1 0 1 0 1 1 1 1 0 2 0 2 0 0 1 0 0 2
2 1 2 1 2 1 0 2 2 0 0 0 2 2 1 0 0 0 1 1 2 2 1 2 0 2 0 2 2 1 1 0 0 0 1 2 2 2 2 1 0 0 0 0 0 2 1 1 2 0 2 2 0 1 2 0 0 0 0 1 2 2 1 0 1 0 0 0 0 0 2 1 1 0 2 2 2 0 0 0 1 0 2 2 2 2 0 1 0 1 0 0 1 2 1 2 2 1 0 0 2 2 1 1 0 1 1 1 2 2 2 0 2 2 0 0 0 1 1 0 0 1 1 2 0 0 2 0 2 0 0 2 0 0 1 1 1 2 0 1 1 2 2 2 1 0 2 2 2 1 0 0 2 2 0 0 0 0 1 0 0 1 2 0 2 1 2 2 1 0 0 0 2
0 0 2 1 2 1 1 0 2 1 0 0 2 1 0 0 2 1 0 1 0 1 1 2 2 1 1 2 1 2 0 0 2 0 2 2 1 0 0 2 2 0 2 2 2 0 2 1 1 0 2 2 2 1 2 2 2 1 2 2 0 0 0 2 0 2 2 2 2 2 1 2 0 0 1 2 1 1 1 2 2 0 0 2 0 0 2 0 1 1 0 1 1 0 1 2 2 1 2 0 0 0 2 0 2 2 0 0 1 1 1 2 2 1 1 2 1 1 1 0 0 1 2 2 0 1 0 0 2 2 0 2 0 1 0 2 1 0 0 2 1 2 1 0 0 0 1 2 2 2 2 0 1 1 0 1 2 0 0 2 2 1 1 0 2 1 0 0 1 1 1 0 0
0 0 1 1 1 0 1 1 0 1 1 2 2 0 2 0 0 1 0 2 2 0 2 0 2 1 2 0 2 2 1 0 1 2 1 0 1 0 2 1 2 1 1 2 1 0 2 2 2 0 2 1 1 2 0 1 0 0 1 0 0 0 1 1 0 0 2 1 1 1 2 0 2 1 0 2 2 0 1 1 1 1 0 2 0 1 1 2 2 2 2 0 0 0 2 1 1 1 2 0 0 2 1 0 2 2 2 1 2 1 0 0 0 1 0 1 0 1 0 2 1 0 0 2 1 2 0 0 0 0 0 1 0 2 0 2 1 2 1 1 2 1 1 2 0 0 1 1 1 2 1 0 0 1 0 2 0 0 2 1 1 0 0 0 2 0 2 2 0 1 0 2 0
2 0 1 2 1 2 2 2 0 0 2 2 1 2 0 2 1 2 1 2 2 1 2 2 1 1 2 0 2 0 1 2 0 0 2 2 1 2 1 2 0 1 2 1 0 2 0 2 1 2 2 1 0 0 0 0 1 1 0 1 1 2 1 2 1 1 2 2 1 2 1 2 1 0 0 0 1 1 0 0 1 0 2 2 0 0 2 2 1 1 1 0 1 2 0 2 2 0 1 1 0 1 0 1 2 0 1 0 1 2 1 0 0 1 0 1 1 0 0 0 1 2 1 1 2 2 0 1 0 0 0 1 1 0 2 0 1 2 2 0 1 0 1 2 2 1 0 0 2 0 1 1 0 1 2 0 1 1 2 1 1 0 2 2 0 2 2 2 1 2 0 0 2
1 2 2 1 0 0 0 1 1 2 1 2 0 2 0 1 2 2 2 2 2 2 2 0 2 2 1 2 2 0 1 2 2 1 0 1 2 1 2 1 0 1 2 0 1 0 1 0 1 1 0 0 0 0 0 0 0 0 2 0 0 1 2 0 0 0 1 2 1 1 2 2 0 1 0 2 2 0 2 0 1 0 2 0 0 2 0 1 0 0 2 0 1 2 2 2 0 1 2 1 0 1 1 1 0 0 0 0 1 0 0 2 0 2 0 1 0 0 0 1 0 0 0 0 2 2 2 0 0 2 2 1 2 1 0 2 2 0 0 0 1 1 1 2 1 1 1 2 0 2 1 0 2 1 1 1 1 0 2 2 1 2 1 0 1 1 2 1 0 1 1 1 2
0 2 1 2 0 2 2 0 1 0 2 2 2 0 1 0 0 0 1 2 1 2 1 1 0 0 2 1 2 0 1 0 0 0 2 1 2 2 1 0 2 0 0 2 1 1 1 2 2 2 2 1 0 1 0 0 2 2 2 1 1 0 2 1 0 1 0 1 1 1 1 1 0 0 1 2 2 2 1 1 0 1 1 0 0 2 1 2 0 0 2 1 0 1 0 1 1 1 2 2 1 2 1 1 0 0 0 2 2 1 2 0 1 0 0 1 0 1 2 0 2 2 1 2 0 0 2 1 1 1 2 2 1 0 0 1 0 1 1 1 1 0 1 2 1 0 1 1 2 1 0 2 0 1 1 1 2 1 0 1 0 2 0 2 1 2 1 2 1 2 0 2 0
0 2 1 0 2 0 0 0 0 2 1 0 2 2 2 0 0 1 0 0 0 0 2 2 2 1 1 2 0 2 2 0 1 1 1 0 1 1 1 0 1 0 0 0 2 0 0 2 2 2 0 2 0 0 2 0 2 0 2 2 2 2 0 2 0 2 0 2 0 2 2 2 2 0 0 1 2 2 2 1 2 0 1 0 1 0 0 1 1 0 1 2 2 1 1 2 0 2 2 1 2 0 2 1 0 0 1 0 2 1 1 2 2 0 2 1 0 0 2 0 0 0 2 2 2 1 2 0 1 2 2 0 0 2 0 0 2 2 2 0 0 0 2 0 1 0 2 2 1 2 0 2 1 2 2 0 1 0 2 0 2 1 1 2 1 1 0 0 1 2 0 1 1
1 0 0 2 0 0 0 2 1 0 1 1 1 0 0 1 2 1 1 1 0 1 2 0 2 2 1 2 1 1 1 0 1 2 0 1 2 1 1 1 2 1 0 1 1 1 2 0 0 0 2 0 1 1 0 1 0 2 1 2 0 2 2 2 2 2 1 2 1 2 1 1 0 1 2 2 0 2 0 0 0 2 1 2 0 2 0 2 1 2 2 2 1 0 1 2 0 2 2 2 0 0 0 1 2 0 2 0 2 2 1 0 0 0 2 1 2 0 1 2 2 1 1 1 1 1 0 1 1 2 1 2 0 2 1 0 1 0 0 1 0 2 2 0 2 1 2 2 1 0 2 0 1 1 2 0 2 0 0 2 0 2 1 0 2 0 1 0 0 2 2 1 2
2 2 1 0 1 1 0 0 0 0 2 0 0 0 2 1 1 2 2 0 2 0 2 2 1 1 1 0 1 0 0 0 2 2 0 2 1 1 2 0 0 1 0 0 2 0 2 0 0 1 0 2 1 1 2 0 2 0 2 0 0 2 0 0 2 1 2 2 1 2 2 1 0 2 1 0 0 2 1 0 1 0 0 1 1 1 1 1 1 1 1 2 2 2 0 1 1 2 1 2 2 0 0 2 0 0 0 1 0 2 2 1 2 1 2 1 2 2 2 0 1 1 2 0 1 0 0 2 0 1 0 2 0 1 2 0 1 0 1 2 0 2 1 0 0 1 1 2 1 1 2 0 2 0 0 0 0 1 1 2 0 1 1 0 2 1 1 2 2 0 1 0 0
0 1 0 2 0 2 1 2 2 1 2 0 0 0 2 1 1 1 1 0 2 2 0 1 1 0 1 2 0 1 2 0 0 0 0 1 2 2 1 2 0 0 0 0 0 2 0 2 0 1 0 0 2 1 1 1 2 2 0 2 2 0 0 2 0 1 0 0 0 1 2 2 0 0 0 0 2 0 1 0 0 2 1 2 1 0 0 1 1 1 0 1 2 1 0 2 0 2 0 1 1 2 0 1 0 2 0 0 2 2 2 0 1 1 2 0 2 0 1 0 2 1 1 1 1 0 0 1 2 0 2 0 1 1 0 2 0 0 0 0 2 2 1 0 1 1 1 1 2 2 2 1 2 1 0 0 2 1 2 1 0 1 2 2 0 2 2 0 0 2 1 2 0
0 1 2 1 2 0 0 0 0 0 0 2 1 1 1 0 0 0 1 2 0 1 0 1 0 0 1 0 2 2 1 0 0 0 2 0 2 0 1 0 0 1 2 2 2 1 1 2 2 2 2 2 1 0 1 1 0 0 2 1 0 1 1 1 0 1 2 2 2 1 2 0 2 2 1 0 1 2 0 0 1 0 0 0 0 2 0 2 0 0 1 1 2 2 2 0 1 1 2 1 2 2 1 0 1 0 0 0 2 1 0 2 2 1 2 2 0 0 1 1 1 2 2 1 0 1 1 2 1 1 1 1 1 0 1 0 1 2 0 0 1 0 2 0 1 0 0 0 1 0 1 2 0 2 1 0 0 0 0 2 2 1 1 0 2 0 0 1 0 0 1 1 1
2 2 1 0 2 1 1 0 0 2 1 2 0 1 1 2 0 1 1 2 2 0 2 0 0 0 1 2 2 0 0 2 2 2 2 2 1 0 0 2 2 1 2 1 0 1 1 0 1 2 1 0 2 0 1 1 1 2 0 1 2 1 0 2 2 2 2 0 0 0 0 0 1 1 2 2 0 0 1 1 0 2 2 1 2 1 2 0 1 0 1 1 2 2 1 1 1 1 0 2 1 0 0 0 1 2 0 2 0 1 0 0 0 0 1 1 2 1 2 1 2 2 0 0 1 1 1 1 0 2 0 1 0 1 2 2 1 0 2 1 1 1 2 0 1 1 2 1 0 2 0 1 1 1 1 1 0 0 2 1 0 0 2 0 1 0 0 2 1 0 0 2 1
0 0 2 2 0 2 0 0 2 2 1 1 0 0 2 0 2 0 1 2 0 2 1 0 0 1 1 0 2 2 1 0 0 1 2 2 0 0 2 1 2 1 0 2 2 2 1 2 2 2 0 1 2 1 1 2 0 1 0 0 1 1 0 2 2 0 1 1 0 0 0 0 0 0 0 2 0 1 1 0 2 2 1 2 2 1 2 0 0 2 0 1 0 1 0 0 1 0 1 2 0 2 2 0 0 1 0 1 0 0 1 2 2 0 2 1 2 1 1 2 0 2 0 1 1 1 2 0 1 1 2 0 1 0 1 2 1 2 0 1 0 1 1 0 2 1 2 2 0 1 1 1 1 2 0 0 2 0 0 1 2 0 1 1 0 1 0 1 0 0 2 1 0
1 1 0 1 1 0 1 1 1 2 2 2 0 1 1 1 1 2 1 1 2 2 2 0 0 0 1 1 1 2 1 0 0 0 1 0 0 0 1 2 1 1 1 2 2 0 1 1 1 0 0 0 2 0 1 0 1 2 0 0 2 2 1 0 2 0 0 0 1 1 0 2 0 2 1 2 0 0 1 2 0 0 2 1 0 1 2 2 1 2 0 0 2 1 0 2 2 1 0 0 0 0 0 0 2 0 1 0 0 0 2 2 0 2 0 1 0 2 1 1 0 1 2 0 0 0 2 2 2 2 1 2 0 2 1 1 0 0 1 1 1 2 1 2 2 2 0 0 2 2 2 2 0 2 2 0 0 0 1 2 0 0 2 1 2 1 2 0 2 1 2 1 1
0 1 1 0 2 2 2 2 1 2 0 1 2 1 1 2 0 1 0 0 2 1 2 1 1 0 2 0 0 0 0 0 2 1 0 2 1 0 1 2 0 0 2 2 1 1 2 2 0 0 2 0 2 2 2 1 1 1 1 1 2 1 0 1 0 1 1 1 2 0 2 2 0 1 0 2 2 0 1 0 0 1 1 2 2 1 0 0 2 2 1 2 2 1 1 2 1 2 2 0 1 1 0 2 0 0 0 0 1 2 1 1 1 0 1 1 1 2 1 1 1 0 1 0 0 2 1 1 0 1 1 2 0 2 1 0 0 2 0 1 2 2 2 0 1 0 1 2 0 0 1 2 0 2 0 0 0 2 2 0 0 1 2 0 0 1 1 1 1 2 2 1 2
0 1 0 1 0 1 2 1 2 1 2 0 2 1 0 2 0 1 2 1 1 1 0 0 2 2 2 2 2 0 0 2 2 1 1 0 2 1 1 0 2 1 1 2 0 2 1 0 0 2 0 2 0 0 0 0 0 0 0 2 0 0 2 1 2 1 1 2 2 1 2 2 0 0 1 0 2 0 0 0 0 0 0 1 1 0 1 1 0 2 1 2 0 1 0 0 2 2 2 1 0 2 0 0 0 2 0 0 0 1 0 0 2 1 1 1 1 1 0 0 0 2 2 1 0 0 1 2 2 1 1 0 0 1 0 1 1 2 1 1 0 2 0 0 0 1 2 1 0 0 1 1 2 1 2 0 1 1 0 2 2 2 2 0 1 0 1 0 2 2 2 0 1
0 1 1 2 0 0 0 1 0 1 1 1 1 2 1 2 0 1 2 2 1 2 1 1 0 1 2 2 1 2 1 1 1 0 2 2 0 2 1 0 1 2 0 2 2 2 2 0 1 1 0 2 1 1 0 1 1 0 1 2 0 2 2 1 2 1 1 0 0 0 2 2 0 0 1 1 0 1 1 1 0 1 0 1 1 1 0 2 2 1 2 0 1 1 1 1 0 1 1 1 1 1 0 1 1 2 0 1 0 1 0 0 1 0 2 0 0 2 2 2 0 1 2 2 1 1 0 1 2 0 0 1 1 0 1 1 0 1 2 1 0 0 2 2 1 2 2 1 2 2 1 0 1 1 0 2 0 1 1 0 1 2 2 1 2 0 2 0 1 2 2 2 0
2 1 0 1 1 1 1 0 1 2 2 2 0 2 0 2 0 1 2 0 0 1 0 0 0 1 2 0 0 2 1 0 1 1 0 1 0 1 2 1 1 1 2 2 2 2 2 0 0 2 1 1 0 1 2 0 0 2 0 1 2 2 2 0 0 2 2 2 1 2 0 0 0 2 0 0 0 0 1 0 2 2 2 2 1 2 0 1 1 1 0 0 2 0 2 2 2 1 2 1 0 0 2 2 0 2 2 0 0 0 2 2 0 2 2 1 1 0 0 1 1 0 2 0 0 1 1 1 1 0 2 2 1 1 2 0 1 0 1 2 1 0 1 2 0 1 0 2 1 1 0 1 2 2 2 2 2 0 1 1 2 1 1 1 0 1 1 0 2 0 2 0 1
2 0 2 0 2 2 0 0 2 1 2 2 0 0 2 2 1 0 2 0 2 0 1 1 2 2 0 0 2 1 2 1 0 1 0 2 0 0 2 0 1 0 0 2 0 2 1 2 1 0 1 1 2 0 2 2 2 0 2 1 2 1 0 2 1 0 1 2 1 1 0 2 2 1 2 0 1 1 2 2 2 1 0 2 1 0 1 0 1 1 2 1 1 0 0 2 1 2 1 0 1 2 0 0 0 2 0 2 1 0 2 2 2 1 1 0 1 0 2 0 2 2 2 0 0 2 0 2 1 0 2 0 2 2 1 1 1 1 0 0 0 2 2 0 1 1 1 0 1 0 1 2 2 0 2 0 0 0 2 0 1 1 0 0 0 2 1 2 1 2 0 2 0
0 2 1 1 2 2 1 2 1 0 0 2 0 0 0 1 0 1 2 1 1 1 0 1 0 0 1 0 0 0 1 1 1 0 2 0 0 1 0 2 1 0 2 2 2 0 1 2 1 1 1 0 2 1 0 2 2 1 0 2 2 2 0 0 0 1 1 1 2 2 0 2 0 0 2 2 0 0 2 2 1 1 0 1 0 0 2 0 2 0 0 1 0 2 0 0 0 1 1 0 1 1 0 2 2 2 2 0 1 2 0 0 0 1 2 1 1 1 1 0 1 2 2 2 2 2 2 2 2 0 0 0 0 1 0 0 1 0 0 2 2 1 0 2 2 2 0 1 1 0 2 0 0 2 0 2 1 0 2 0 2 2 2 2 1 2 2 0 2 0 2 1 2
0 1 1 0 0 1 2 0 0 0 0 2 1 0 2 2 2 0 1 2 2 1 1 2 1 1 2 2 1 1 2 2 0 1 2 0 2 2 1 0 0 2 0 2 2 0 1 2 2 1 2 1 2 0 1 2 1 2 1 0 1 0 2 1 2 2 0 2 2 1 0 2 1 1 2 1 0 1 1 2 2 0 0 0 1 0 2 2 2 0 2 0 1 0 2 1 0 2 0 2 2 1 2 0 0 1 2 1 2 1 0 0 1 0 0 0 1 2 2 1 0 0 2 2 1 2 0 1 2 2 0 1 0 2 2 1 1 2 2 1 1 2 1 1 1 1 1 0 1 2 2 1 2 2 1 1 1 0 2 2 2 0 0 0 0 0 0 1 0 0 2 1 1
2 2 0 0 1 0 0 1 0 1 0 0 1 2 2 1 1 1 1 1 0 1 1 0 1 0 1 0 2 0 1 1 1 1 0 0 2 0 1 0 2 2 1 1 1 0 2 2 0 0 1 0 0 2 1 2 2 2 2 2 0 0 2 1 1 0 1 1 1 0 2 0 2 0 2 0 1 2 0 1 0 1 2 1 1 0 0 1 0 0 2 1 0 1 0 0 2 0 1 0 0 1 1 0 1 0 0 0 0 1 2 1 0 1 2 2 0 2 0 0 0 2 1 1 1 0 1 0 0 0 1 0 2 0 0 1 1 2 1 2 1 0 0 1 0 0 1 0 1 0 1 1 2 0 0 2 0 2 0 1 0 2 1 2 0 2 0 1 2 2 1 0 0
2 2 1 1 1 2 2 1 1 1 1 2 0 0 0 2 2 1 1 2 2 0 2 2 2 0 1 2 2 1 0 2 2 2 0 0 1 0 2 0 1 1 2 1 2 2 2 2 0 0 1 1 1 0 0 1 1 2 0 1 1 1 0 1 1 0 1 2 1 1 0 2 0 0 2 0 0 2 2 1 0 1 2 1 1 0 1 0 0 1 1 2 0 1 1 1 2 0 2 0 2 0 1 2 0 1 0 0 0 0 0 1 1 2 0 0 0 1 0 0 0 2 0 0 1 2 0 1 2 2 2 1 2 1 1 2 2 1 1 0 2 1 1 0 1 2 0 2 1 1 0 1 0 1 0 1 0 0 0 0 2 1 1 1 2 1 1 0 0 2 1 0 1
1 0 0 1 1 0 2 0 0 2 0 2 2 2 2 2 1 2 2 2 2 1 2 0 2 0 0 0 2 1 1 1 2 1 2 1 2 1 1 0 0 2 2 0 1 2 0 2 0 2 2 2 1 2 0 1 2 0 1 2 2 0 0 2 0 0 0 2 2 2 2 0 1 2 2 2 2 2 0 2 0 2 2 1 2 2 0 0 0 2 0 2 0 1 2 0 1 0 2 1 2 0 0 0 2 0 1 2 2 1 1 0 1 0 0 2 0 0 2 1 1 2 1 1 1 1 2 1 1 2 0 1 2 1 1 2 1 2 2 2 1 1 2 1 2 2 0 0 1 0 2 2 2 0 1 2 1 0 1 1 2 1 0 2 0 2 2 2 0 1 1 1 0
1 2 1 1 0 2 2 0 1 2 1 2 0 0 2 0 1 0 1 0 0 1 1 0 0 1 0 2 0 2 1 1 2 0 1 0 0 1 1 2 1 2 1 1 0 1 0 2 1 1 0 2 2 2 0 0 1 0 0 2 0 2 0 1 0 2 2 0 1 0 0 2 0 0 1 1 1 1 1 1 0 2 0 0 1 1 1 0 0 2 2 1 2 0 2 0 0 1 1 2 0 2 1 1 2 2 2 0 2 0 1 0 2 0 1 2 2 2 2 2 2 2 1 2 2 1 0 0 1 2 2 1 1 1 2 1 1 1 0 1 0 2 1 2 0 2 1 0 0 1 0 2 0 1 2 1 1 0 1 2 0 2 0 2 0 2 2 1 1 2 0 1 2
2 2 0 2 1 0 0 0 0 1 1 0 1 2 1 2 1 0 0 0 1 0 1 1 2 1 2 2 1 2 2 1 1 2 2 2 0 2 0 0 0 2 1 2 1 0 2 0 1 0 1 2 0 0 1 1 1 1 0 0 1 0 2 0 0 1 0 0 1 1 2 2 1 0 2 0 2 1 1 0 1 0 0 2 1 2 0 0 0 2 1 2 2 1 2 1 0 0 1 2 2 1 1 0 0 1 0 2 0 2 2 2 1 0 2 0 0 0 1 1 2 0 1 0 2 1 1 0 2 0 2 1 2 1 2 0 0 0 2 1 0 1 0 2 0 0 0 0 1 1 2 1 2 1 2 1 0 1 1 2 0 0 1 2 2 0 0 0 1 2 2 0 1
2 2 1 0 2 2 2 1 0 0 0 1 1 2 2 2 0 2 2 1 1 2 1 2 2 1 2 2 1 0 1 1 2 0 2 0 1 1 2 2 2 1 0 0 0 0 1 1 0 1 0 2 1 1 2 1 1 2 2 2 2 0 1 0 1 0 1 0 2 0 2 2 1 1 0 0 2 2 1 0 1 2 2 0 0 2 1 2 2 1 2 1 1 0 2 1 2 0 2 1 2 2 1 1 1 0 1 0 2 0 0 0 2 0 0 0 2 0 0 1 1 2 1 1 1 0 2 1 2 2 2 1 1 2 2 2 2 2 0 1 2 0 2 2 0 0 0 1 0 0 0 2 1 1 1 0 0 1 1 0 0 1 1 0 0 1 0 0 0 1 2 0 1
2 0 0 2 0 1 1 1 1 1 2 1 2 2 2 0 1 2 0 0 1 0 1 0 2 2 1 0 2 2 1 2 2 2 2 0 1 0 1 0 2 1 2 1 1 2 2 0 2 1 1 0 2 0 1 1 2 0 1 2 2 1 1 2 0 2 2 2 2 2 0 2 0 0 1 2 2 1 0 1 2 1 2 2 2 0 1 2 1 2 0 1 0 2 1 2 1 1 1 2 0 2 2 1 2 0 1 1 2 2 2 2 1 1 2 1 2 0 1 0 0 2 0 2 2 1 1 0 0 0 2 2 2 1 0 2 0 2 0 2 2 0 0 1 2 0 0 1 1 2 0 1 2 0 0 1 2 1 1 2 2 2 2 1 1 0 0 1 0 1 2 2 1
2 1 1 0 1 0 1 1 0 2 0 1 0 2 0 2 0 0 2 0 0 1 2 1 0 0 1 2 0 2 1 0 0 2 0 0 0 1 2 1 1 0 2 2 2 0 2 0 1 2 1 2 2 1 0 0 2 2 2 0 1 0 0 0 1 1 1 2 0 0 1 1 0 1 1 2 2 2 0 1 1 2 1 1 0 2 1 0 1 1 0 1 2 1 1 1 2 2 1 0 2 0 2 0 1 2 0 1 1 0 0 0 0 1 0 1 0 1 1 2 0 2 0 0 1 2 1 0 2 0 1 2 0 2 2 2 2 0 1 0 0 2 1 1 0 1 0 1 1 2 1 1 2 2 2 0 2 1 1 1 1 1 0 0 0 0 2 2 0 0 0 1 2
2 1 1 2 1 0 0 1 2 2 0 1 2 0 1 0 0 2 2 1 0 2 2 1 2 1 1 1 2 0 1 1 1 2 0 0 2 1 2 1 1 2 0 0 1 1 1 1 1 1 0 2 2 2 0 1 0 2 0 0 0 2 1 1 1 0 2 2 1 2 1 2 2 2 2 0 1 1 2 1 0 2 0 2 1 1 0 2 0 1 2 0 1 2 0 2 2 0 2 0 2 1 0 2 1 0 0 2 2 0 0 2 0 2 1 2 0 2 2 1 1 2 0 0 1 0 0 0 1 2 1 1 1 2 0 2 0 0 0 2 2 0 2 2 2 1 2 0 2 1 2 1 1 0 2 2 1 0 1 2 0 2 0 2 2 0 1 2 2 1 0 2 0
0 1 0 2 1 1 1 0 1 0 2 2 2 2 0 2 0 2 0 0 0 2 2 1 1 0 1 1 0 0 1 1 2 1 0 1 0 2 1 2 0 1 1 2 0 2 0 1 1 1 1 1 1 1 1 2 2 2 0 0 0 2 1 2 1 2 0 2 2 2 0 2 0 2 0 1 2 1 2 0 2 0 0 0 2 2 2 2 1 1 2 1 0 1 2 2 1 2 0 0 0 0 1 0 0 1 2 2 2 1 1 1 0 2 2 0 1 2 0 2 0 2 2 2 1 1 2 0 1 2 1 1 0 2 2 2 1 1 1 0 1 2 2 2 2 1 2 0 0 0 1 2 1 0 2 2 1 1 1 2 2 2 1 0 2 1 2 0 0 1 0 2 1
0 1 1 1 2 2 2 2 0 1 0 1 0 1 0 0 2 0 2 2 2 2 1 1 2 2 1 1 2 2 2 0 0 1 1 2 2 1 0 0 0 1 2 1 2 2 1 2 0 0 2 2 1 1 1 0 0 1 2 0 0 1 0 0 1 2 1 0 1 1 1 2 2 0 0 0 0 0 0 1 1 1 2 2 2 0 0 0 1 2 1 2 2 2 0 1 1 2 2 0 0 0 2 0 1 1 1 2 1 2 0 0 0 2 0 0 1 1 1 0 2 0 0 2 0 0 0 2 0 2 0 1 0 0 1 1 1 0 1 0 0 0 1 1 0 2 2 1 1 1 2 0 1 2 2 2 0 0 1 0 0 1 1 1 2 0 0 0 1 2 2 2 2
0 0 2 2 1 2 0 2 1 2 1 1 2 0 1 0 1 2 1 1 1 2 0 1 0 1 0 0 0 0 2 1 1 2 0 2 2 2 2 0 1 0 2 1 1 1 2 0 0 1 1 2 0 2 1 1 1 2 1 2 2 1 2 1 2 0 1 1 2 1 0 1 1 2 0 0 1 2 1 2 1 2 2 2 2 1 0 1 1 0 1 0 1 0 0 0 1 2 2 1 1 2 1 0 1 2 1 0 2 2 1 1 2 0 0 2 1 1 0 2 1 0 0 0 1 1 1 2 1 0 2 2 0 0 2 0 2 1 0 2 1 1 0 1 2 1 0 0 0 2 0 2 2 2 0 0 0 2 1 1 0 1 1 1 2 1 1 2 0 2 1 2 1
2 0 1 0 1 0 1 0 0 2 0 0 0 2 1 2 1 0 1 2 2 2 1 1 1 0 1 0 2 0 2 1 1 1 0 0 2 2 1 0 2 2 1 0 2 0 0 0 1 1 0 1 1 2 2 2 0 2 1 2 0 1 1 0 0 2 0 2 2 2 0 2 2 1 2 1 2 2 2 0 2 2 2 0 1 1 1 1 1 0 1 0 1 0 0 2 0 1 2 2 0 2 1 1 1 0 2 0 1 2 1 0 2 0 1 2 2 2 1 2 0 0 2 2 1 0 2 1 1 1 1 2 2 2 0 0 1 1 2 0 1 0 0 1 1 2 0 0 2 2 2 0 0 2 2 2 2 2 0 1 2 2 2 1 0 0 2 1 2 2 1 0 2
2 2 1 1 0 2 1 2 2 2 1 2 2 0 2 0 1 2 2 1 1 1 1 2 1 0 2 1 2 2 1 1 2 0 0 0 2 0 0 2 0 1 1 2 2 2 0 1 1 2 2 0 1 1 2 0 1 2 1 0 0 2 2 2 2 0 0 2 0 2 2 0 1 1 1 1 0 2 2 2 2 2 0 0 1 1 1 2 0 2 0 0 0 0 1 0 0 2 0 2 1 0 0 0 1 2 1 0 2 1 0 1 1 1 2 2 2 1 2 2 1 0 1 1 0 2 0 1 2 0 0 1 0 1 1 2 0 0 0 2 2 1 1 0 2 2 0 1 0 0 0 2 0 2 2 1 2 2 2 2 0 1 0 1 2 2 0 0 2 1 1 1 2
2 2 1 1 2 0 2 2 1 0 0 1 2 1 0 2 1 2 2 2 0 0 2 2 0 1 1 2 2 0 2 1 0 1 1 2 1 1 2 0 1 0 2 0 2 2 2 1 0 2 1 0 2 2 0 1 0 2 1 2 1 1 1 1 2 2 2 2 2 2 0 0 0 2 2 2 1 2 1 2 2 1 0 2 0 1 0 0 0 2 2 1 1 0 1 1 1 0 0 0 2 0 1 0 2 0 0 2 1 2 2 1 0 2 0 0 0 2 1 2 2 1 1 0 0 2 1 1 0 0 2 0 0 1 0 1 2 1 1 1 1 0 2 2 0 2 1 1 1 2 0 0 2 2 0 2 2 0 1 0 0 1 1 1 2 1 2 1 1 1 0 0 2
2 2 0 2 1 2 1 1 1 2 0 1 0 0 0 1 1 1 1 2 2 1 1 2 1 1 0 0 1 1 0 2 0 1 1 2 0 2 1 2 2 2 0 1 2 1 2 1 2 2 1 0 0 2 2 1 1 0 2 1 1 2 0 2 1 2 1 0 2 0 2 2 0 0 1 0 2 0 1 2 0 2 2 1 0 2 1 2 2 0 0 0 1 1 0 0 0 2 0 0 1 0 0 1 1 1 0 0 2 1 2 0 2 0 1 0 2 2 0 2 1 1 0 0 0 1 0 1 2 1 2 0 2 2 2 0 0 2 1 2 2 0 0 2 1 2 2 1 2 0 1 1 1 1 1 0 0 2 1 2 0 0 0 2 2 0 0 0 0 1 0 2 2
1 2 1 1 2 2 0 2 0 0 2 2 1 2 0 0 0 0 1 1 0 1 1 1 2 1 2 0 1 2 0 0 1 2 1 0 2 0 2 0 0 1 2 2 0 0 0 1 1 2 0 2 2 1 1 1 0 1 0 0 0 1 0 2 0 2 2 0 2 2 0 0 2 2 2 0 0 0 2 2 0 2 2 0 2 1 2 2 0 2 0 1 0 1 0 1 0 0 1 0 0 1 0 2 2 0 0 0 1 0 0 2 2 0 2 2 1 2 0 2 2 0 0 0 1 0 2 2 0 0 0 2 0 1 1 0 2 1 0 0 1 1 0 2 1 0 1 1 2 1 0 1 0 1 2 1 1 2 2 0 0 2 2 0 1 1 0 1 0 1 2 2 0
2 2 1 2 1 0 2 0 1 2 0 0 1 0 2 1 2 2 1 2 2 0 0 2 0 2 0 2 1 2 0 1 2 0 1 1 0 1 2 2 0 1 2 2 1 2 0 1 2 2 0 0 2 2 2 0 1 2 0 0 2 1 2 1 1 1 0 2 2 1 2 0 2 1 2 1 1 0 2 1 2 2 1 2 1 1 0 1 0 1 2 2 2 1 2 1 2 0 2 2 1 1 2 1 0 2 2 0 0 2 1 0 2 0 0 1 2 1 2 2 2 1 2 0 1 2 1 0 1 1 1 2 2 0 2 1 1 1 1 1 2 0 2 1 1 2 0 0 0 1 0 0 0 2 1 1 0 0 0 1 2 1 1 2 2 0 0 0 0 2 0 2 2
2 1 1 0 1 1 1 2 1 1 0 2 0 1 2 1 1 0 0 0 2 2 0 0 0 1 1 0 1 0 1 1 1 2 2 0 1 0 0 2 0 1 2 0 0 1 1 0 2 1 0 2 1 1 0 2 0 1 0 1 1 1 0 0 1 2 0 2 0 1 2 1 0 0 1 1 1 0 2 2 2 2 1 0 2 2 0 2 0 1 0 2 0 2 2 1 2 0 1 2 0 2 1 1 2 0 0 0 1 2 0 0 0 2 2 2 1 2 1 1 1 2 1 2 1 1 1 1 2 0 1 0 2 0 1 1 1 2 2 2 2 1 2 2 0 2 1 2 0 0 1 1 0 0 1 2 1 0 1 1 0 0 2 0 1 2 2 0 2 2 2 1 0
2 1 1 2 0 1 2 1 0 1 2 0 0 1 0 1 1 1 1 1 2 2 0 1 1 0 0 1 0 2 2 2 1 1 1 2 0 1 1 0 0 1 1 0 0 2 1 1 1 0 0 0 0 0 2 2 1 2 0 1 0 0 1 1 1 0 1 1 2 0 0 0 1 1 0 2 0 2 0 2 0 1 0 1 2 2 0 1 0 1 2 0 2 1 2 1 2 1 0 2 1 0 2 1 2 2 0 0 2 1 2 0 0 0 1 0 0 2 1 1 0 1 2 2 0 1 1 2 0 2 1 0 0 0 1 0 0 2 0 0 0 0 1 1 2 2 2 2 1 0 1 1 2 0 2 2 2 0 2 1 2 0 2 0 1 0 0 2 0 1 0 0 2
1 2 1 0 1 1 2 2 2 2 2 0 1 2 1 1 2 0 1 0 2 2 0 0 2 2 0 1 1 1 0 2 2 2 1 1 1 1 2 2 0 1 2 1 1 1 0 0 2 2 2 1 2 2 2 1 2 2 0 0 2 2 0 2 2 1 0 0 0 2 2 1 1 0 0 0 2 2 1 2 1 0 0 1 2 0 0 0 0 2 0 0 1 0 2 0 2 0 0 0 0 1 2 0 1 2 0 0 1 2 2 1 0 1 0 0 2 1 0 0 0 1 1 1 2 1 1 0 2 0 1 0 1 1 0 0 0 1 0 0 0 1 1 1 0 1 0 2 2 0 0 0 2 2 2 0 1 2 1 0 0 0 1 1 1 2 2 2 1 0 2 2 1
0 1 2 2 1 2 0 2 0 1 2 2 0 0 1 0 1 2 0 1 1 2 0 1 1 0 2 2 2 2 1 1 1 2 0 0 1 0 0 1 2 0 2 0 1 0 1 0 0 2 2 2 2 0 1 2 1 1 2 0 2 0 1 1 0 0 1 2 1 2 1 1 0 0 2 1 1 0 2 1 0 2 1 0 0 2 2 2 1 1 2 0 2 2 1 0 0 0 0 1 2 1 0 0 0 0 2 1 1 2 0 2 2 2 0 0 2 2 2 1 1 2 2 2 2 1 0 2 2 0 1 2 2 2 0 2 0 0 1 1 2 2 2 2 2 2 2 2 0 2 1 1 2 0 1 1 2 1 1 2 2 2 1 0 2 1 2 0 1 1 2 2 1
1 1 1 2 1 0 2 0 1 0 0 0 0 1 0 2 0 2 0 0 0 0 0 0 2 1 2 1 1 1 0 0 0 1 2 2 0 1 0 1 0 1 2 0 0 2 0 1 1 0 2 0 0 2 0 1 1 2 0 0 1 2 0 1 0 1 1 1 0 2 1 0 1 0 1 1 0 0 2 2 0 2 2 1 2 2 0 1 0 0 1 1 2 2 0 1 1 2 2 2 2 0 0 0 2 0 2 0 0 0 2 0 2 2 2 1 2 0 0 2 2 1 1 2 2 2 0 1 2 1 0 2 2 2 0 2 2 2 2 0 2 2 1 2 2 2 1 1 2 2 2 1 1 0 1 1 0 2 0 0 1 1 2 2 0 2 1 2 0 1 0 2 0
2 2 2 1 2 1 1 2 0 0 1 1 2 0 2 2 1 0 1 2 0 0 1 1 2 0 1 0 2 1 1 1 2 1 0 1 0 1 0 0 1 2 2 1 0 2 1 1 0 0 2 0 0 0 1 2 1 0 1 0 2 2 2 1 1 2 0 1 1 1 2 0 0 0 2 1 0 1 0 0 1 2 1 1 0 1 1 2 1 0 2 1 0 2 2 1 2 2 0 0 1 0 1 2 0 1 1 1 2 1 2 0 2 1 2 2 0 0 1 1 1 2 0 2 2 0 1 2 1 2 0 2 2 2 2 1 0 0 2 2 0 2 2 2 1 2 2 1 2 2 0 1 1 1 1 1 2 2 0 1 1 1 1 2 0 1 0 1 2 0 0 2 0
0 2 1 2 2 0 0 1 1 2 0 2 1 2 2 1 0 0 0 2 0 0 0 2 0 2 1 1 0 2 2 2 2 1 2 1 2 0 0 0 0 1 0 2 0 0 1 2 1 2 2 1 2 2 0 0 2 0 2 0 2 1 2 1 0 2 1 2 0 2 0 1 1 2 0 2 2 1 1 1 1 0 0 1 1 1 2 0 1 1 1 1 0 0 1 0 1 0 1 1 2 2 2 0 1 0 0 0 2 2 0 1 0 1 0 2 2 2 2 2 0 1 1 0 2 2 1 0 2 2 2 2 2 1 0 0 1 1 2 1 1 2 2 2 1 0 1 0 2 0 0 2 2 2 0 2 2 2 0 0 2 0 2 1 1 0 0 1 2 0 0 0 0
0 2 1 1 0 1 0 1 0 1 1 2 1 1 2 1 2 2 1 2 2 0 2 0 1 1 2 1 2 0 1 2 2 2 1 0 2 0 2 0 1 1 0 0 0 2 2 0 2 1 2 1 1 2 1 1 0 1 2 2 1 2 0 1 2 1 2 1 2 2 2 0 1 2 2 2 2 1 2 1 0 2 0 2 2 0 0 0 1 0 1 1 0 2 2 2 0 2 2 1 2 1 1 0 1 0 2 0 2 1 2 0 1 2 0 1 2 1 2 2 2 0 0 2 2 2 2 1 2 1 2 1 2 1 2 0 0 2 1 0 2 1 1 1 2 2 2 2 0 2 1 0 0 1 2 0 2 1 1 2 2 1 1 0 0 1 1 1 1 1 1 0 2
2 1 1 1 1 1 0 1 0 0 2 0 0 2 0 2 2 2 2 0 1 2 1 2 2 2 2 0 2 2 2 1 2 2 1 0 1 2 2 1 2 1 2 2 2 2 2 1 2 2 2 0 2 1 1 1 1 0 2 0 0 0 0 2 2 2 1 1 1 1 2 1 1 0 1 0 2 1 1 2 1 1 1 1 0 2 1 2 0 0 0 1 1 1 2 0 1 1 1 0 2 2 2 0 2 1 0 2 0 2 2 2 2 0 1 2 0 2 2 1 1 1 0 2 2 2 1 2 0 0 2 1 2 2 1 2 1 0 2 1 0 2 1 2 0 2 2 1 0 2 0 2 0 0 2 0 0 0 0 1 1 2 0 1 2 2 2 0 0 1 2 1 1
1 1 2 1 1 0 2 0 0 1 1 0 0 2 1 2 2 1 1 2 1 2 2 1 1 0 2 0 1 1 2 2 2 1 1 1 1 0 1 2 1 0 1 0 0 0 2 0 1 0 0 1 0 0 2 2 1 0 0 2 1 0 0 1 1 1 2 1 2 1 1 1 2 2 1 0 0 1 1 2 1 2 1 2 2 1 2 1 2 2 2 0 0 2 1 2 1 0 1 0 1 2 0 1 0 1 2 1 0 0 0 2 0 2 1 2 1 0 1 0 1 0 1 1 0 2 1 2 2 2 0 1 0 0 1 1 2 0 2 0 1 0 2 1 0 2 1 1 0 2 2 1 1 0 0 1 2 2 1 2 2 2 2 0 2 0 1 2 0 1 0 2 1
0 1 2 2 2 1 0 2 1 2 1 2 0 1 0 2 2 0 2 2 2 0 2 2 2 2 0 0 0 0 0 1 1 2 1 1 0 1 2 2 0 0 0 1 1 0 1 2 0 1 2 1 2 1 0 1 2 2 0 2 2 0 0 2 2 1 0 0 2 2 1 1 1 1 0 0 2 1 0 0 0 0 1 0 2 0 1 1 0 2 0 0 2 1 2 1 0 1 0 1 1 1 0 2 0 0 1 2 0 1 2 0 1 2 1 1 0 0 2 0 0 1 0 2 0 1 2 1 2 2 0 1 0 0 1 0 0 2 0 0 0 0 1 0 2 2 1 0 1 1 0 1 2 2 0 0 0 2 2 0 1 2 1 2 2 2 0 0 2 0 1 1 2
0 1 1 0 0 2 1 1 0 0 2 2 0 0 2 1 2 0 0 2 2 0 1 2 1 2 2 0 0 1 2 1 0 1 2 1 1 1 2 2 2 2 2 2 2 2 1 2 2 2 1 2 0 2 2 1 0 2 2 0 0 1 2 1 0 2 2 1 1 2 1 0 2 1 1 1 1 2 1 0 2 0 1 2 1 0 2 1 2 1 1 0 1 2 2 1 1 1 2 1 1 1 1 0 0 2 0 1 0 2 2 2 2 0 0 0 0 0 1 0 2 1 1 0 0 0 2 2 2 0 0 1 2 2 1 2 2 2 0 2 1 2 0 1 0 0 1 1 0 1 0 0 2 1 1 2 0 0 2 2 0 0 1 2 0 1 1 0 0 2 0 2 2
0 1 2 1 0 0 2 1 0 2 0 0 1 0 1 0 0 0 0 1 0 1 2 1 0 2 2 0 0 2 0 1 0 2 2 2 0 1 0 2 2 2 0 0 0 1 0 0 2 2 2 2 1 1 1 2 1 1 0 2 0 0 1 2 2 1 1 1 1 2 0 0 1 0 1 2 2 0 0 1 2 0 1 1 2 2 0 1 0 1 1 2 1 0 1 2 1 0 0 2 2 1 0 1 2 2 1 1 2 1 2 2 2 0 0 2 1 1 0 2 2 1 1 2 1 2 1 1 0 1 0 0 0 2 1 2 1 0 0 1 1 2 0 1 1 1 1 2 2 1 1 0 1 0 2 0 0 1 1 1 0 0 2 0 2 0 2 1 1 2 2 2 2
0 1 1 1 2 0 1 2 0 2 0 1 1 1 2 2 0 1 2 1 0 0 0 1 2 1 2 2 1 0 0 1 1 1 0 2 2 2 1 0 2 2 1 1 0 0 2 1 2 2 2 0 0 0 2 0 2 2 0 0 2 0 2 1 2 0 0 2 1 2 2 0 1 0 2 1 2 1 0 2 2 0 2 2 1 2 0 0 2 0 2 1 1 2 0 1 0 1 1 1 0 1 2 2 2 1 2 1 1 0 1 0 0 2 0 2 2 0 0 1 2 0 1 1 2 2 2 0 1 2 2 2 0 1 2 2 0 2 2 2 2 1 2 2 0 0 2 1 0 0 2 2 0 1 1 0 1 1 2 0 0 1 0 1 0 0 2 1 2 2 0 1 0
0 1 2 0 1 0 1 2 0 1 0 0 0 0 1 2 2 2 1 1 2 2 2 0 1 0 2 0 1 2 2 1 1 1 2 2 2 0 1 2 2 1 2 0 2 1 0 0 0 1 1 1 1 0 2 0 1 2 1 2 1 0 1 2 1 1 2 0 1 0 1 2 2 0 2 2 0 2 0 1 1 1 2 0 2 2 0 1 2 2 1 1 0 2 1 2 0 1 0 2 0 2 1 2 0 2 2 0 1 2 2 1 1 2 1 1 0 2 2 2 1 1 1 1 0 2 1 1 2 2 2 2 2 1 2 2 0 0 1 2 2 0 0 2 0 2 1 1 1 1 0 2 2 2 2 1 2 1 0 2 1 2 1 0 1 1 0 1 1 1 1 1 2
2 1 1 1 0 2 0 2 1 1 1 1 0 0 0 2 1 1 1 1 2 2 0 1 2 2 0 1 1 2 1 1 0 2 0 1 2 1 0 0 0 0 1 1 0 2 0 2 0 1 2 0 1 2 2 0 2 0 2 2 0 1 1 1 0 1 0 2 0 0 0 0 0 1 1 2 1 2 2 2 1 1 0 2 2 0 1 1 1 0 0 1 1 1 2 2 1 2 2 2 1 0 1 2 1 0 2 0 0 2 0 2 1 0 0 0 1 1 0 2 1 0 0 0 0 1 0 2 1 2 1 0 2 0 0 2 1 2 0 2 1 0 1 1 2 1 1 1 0 1 1 2 0 2 0 1 1 0 0 0 0 2 0 1 0 1 0 1 2 1 1 1 2
2 2 2 2 1 1 2 2 0 2 0 1 0 1 2 1 1 0 2 2 2 0 2 0 1 1 2 0 2 1 0 2 0 2 2 2 2 0 2 2 2 2 0 1 2 0 2 0 1 1 0 0 2 2 2 1 1 1 2 1 0 2 2 2 0 1 1 2 2 1 1 0 2 0 1 1 1 0 2 2 2 0 0 2 0 2 1 0 1 1 1 0 0 1 0 1 1 1 0 0 1 0 0 1 0 1 2 1 2 2 0 2 2 1 1 1 1 0 1 1 1 0 1 0 2 1 1 0 0 0 1 1 1 2 2 1 1 2 0 0 2 1 0 2 1 0 0 2 0 1 0 0 0 2 0 2 0 2 0 1 0 1 0 1 1 1 0 0 0 0 1 0 0
2 0 1 2 1 1 0 0 2 0 0 1 1 0 0 1 1 2 1 0 2 1 2 0 1 0 2 0 1 2 0 0 0 2 0 2 0 1 0 2 1 1 2 1 2 0 0 0 2 1 0 2 0 0 1 2 0 0 2 2 0 2 0 2 1 2 1 2 0 2 0 2 0 2 1 2 0 1 0 2 1 1 1 1 2 2 0 2 0 0 2 2 0 1 1 2 0 0 2 1 0 2 1 0 2 0 0 2 1 0 1 2 1 0 1 1 1 2 1 1 0 1 1 0 2 0 0 0 0 0 1 0 2 0 1 1 1 2 0 2 2 2 2 2 2 1 1 1 0 0 1 1 2 2 0 2 0 0 0 1 1 2 2 0 0 1 1 1 1 2 1 1 2
1 1 2 0 0 1 1 0 2 0 2 1 0 0 2 1 0 1 2 2 1 0 0 0 1 2 1 1 0 0 0 2 2 2 2 2 0 1 0 0 2 0 0 0 0 2 2 1 1 2 2 0 2 0 1 1 2 2 2 0 0 0 0 0 2 0 2 1 2 0 2 2 2 2 2 2 2 1 2 1 1 1 2 0 1 0 2 0 0 1 1 1 2 2 2 2 0 2 0 2 1 0 2 0 0 1 0 0 0 2 2 1 0 2 2 2 2 1 0 2 0 2 1 2 1 1 2 1 1 0 1 2 1 0 2 2 2 2 0 2 0 0 1 0 2 1 1 1 2 1 1 0 0 1 2 0 2 2 2 1 0 1 0 2 2 0 2 2 1 2 2 1 2
2 2 2 0 0 1 1 2 0 1 1 2 2 2 2 2 1 1 0 0 2 0 0 0 2 0 2 0 0 1 0 0 0 0 2 2 1 1 2 2 0 0 1 0 2 1 2 2 0 0 2 2 0 0 0 1 1 0 1 0 1 1 1 0 2 0 0 1 2 2 0 0 1 0 0 1 2 1 0 2 1 0 2 0 1 1 2 0 1 1 1 1 0 2 1 0 0 2 1 2 1 2 0 2 2 1 2 1 2 2 1 1 0 1 2 2 0 1 0 1 2 1 2 0 0 1 0 1 0 2 2 2 1 2 2 1 1 2 0 0 2 2 0 2 1 2 2 1 1 2 0 1 0 1 1 2 2 2 0 0 1 2 0 0 0 0 1 1 0 2 0 0 2
0 2 1 0 2 0 2 2 1 1 0 2 2 2 2 2 0 0 0 0 1 1 1 0 0 2 0 0 0 1 2 1 0 1 2 0 2 1 0 0 2 1 0 0 1 1 0 1 1 1 2 0 0 0 1 0 0 2 1 0 0 2 2 1 1 2 0 0 0 0 2 1 2 2 2 0 1 2 1 0 0 1 1 1 2 2 0 2 1 1 1 2 1 1 0 2 1 0 1 1 1 0 0 0 0 2 1 2 1 1 0 0 0 1 1 2 1 2 0 0 1 2 2 0 0 2 0 1 1 2 0 2 2 2 1 2 1 2 2 1 0 2 2 0 1 0 1 0 0 1 0 2 0 0 0 1 1 0 2 2 2 0 1 2 2 2 0 1 0 2 0 0 2
2 2 1 0 0 2 1 2 2 1 2 1 2 0 2 0 0 1 1 0 0 0 1 1 0 0 1 1 0 2 0 0 1 2 0 2 1 2 1 2 0 1 0 0 1 2 1 2 1 2 0 1 0 2 2 1 2 1 2 2 1 0 2 2 0 0 0 2 2 2 1 1 1 1 1 0 1 2 0 2 2 1 0 0 0 1 2 2 2 2 2 0 0 2 1 0 2 1 2 0 1 1 1 2 2 0 0 0 1 1 0 0 2 1 1 2 0 0 1 2 0 1 0 0 0 2 1 2 1 1 2 2 0 1 0 0 2 0 2 0 1 2 1 1 1 0 0 1 1 2 2 2 0 0 0 0 2 1 0 0 1 0 0 2 2 0 2 1 1 2 2 0 0
1 1 1 2 1 1 1 1 0 1 1 1 2 2 0 1 1 1 2 2 1 1 1 0 2 0 1 2 0 0 2 2 1 2 2 1 1 1 0 1 2 2 2 2 2 0 1 0 2 1 2 0 1 1 1 1 2 1 0 0 1 0 0 0 0 2 2 1 1 0 0 2 0 0 1 0 0 2 1 2 2 1 0 0 0 0 1 0 1 1 1 0 2 1 1 2 1 1 1 0 2 1 2 2 1 1 0 2 2 1 2 1 1 1 1 2 1 0 0 0 1 1 1 2 0 2 2 2 1 1 2 0 0 2 0 0 1 1 2 0 0 0 1 2 1 0 2 0 0 2 0 2 1 1 2 2 0 2 1 2 1 2 0 1 1 1 2 2 0 2 0 1 0
1 1 1 2 0 1 2 0 2 0 2 0 2 1 1 1 0 1 0 2 2 0 1 1 2 1 2 2 2 0 2 1 1 1 2 1 2 1 2 2 2 1 2 2 0 1 1 1 2 2 0 2 0 2 1 2 1 0 2 1 1 2 0 2 1 2 2 1 1 1 1 1 1 0 0 2 2 0 0 0 0 2 2 0 1 1 2 0 2 2 1 0 2 2 0 0 2 0 2 1 2 0 0 0 2 0 1 1 1 1 1 1 0 2 1 0 1 2 1 0 2 1 1 1 1 2 2 0 0 2 2 2 2 2 1 1 0 2 1 2 0 0 0 2 0 0 0 1 0 1 0 2 2 2 2 0 2 2 2 2 2 1 1 0 0 0 2 0 2 0 0 1 1
2 1 2 2 1 2 0 0 2 0 1 2 0 2 2 0 1 1 2 2 0 0 0 1 0 1 0 0 1 2 2 0 0 2 0 1 1 1 0 1 2 1 1 0 1 0 0 0 2 1 0 2 1 1 1 1 0 0 0 2 2 2 1 0 2 1 2 1 1 2 0 1 1 2 1 1 2 2 1 2 1 2 2 0 0 1 2 0 1 2 0 1 2 1 2 0 0 1 1 2 2 0 0 1 2 2 2 0 2 1 2 0 1 2 0 1 1 0 0 2 0 1 1 1 2 0 1 0 2 0 0 1 0 1 0 1 0 0 1 2 1 0 0 0 0 2 2 1 2 0 1 0 1 0 1 1 0 0 2 2 0 2 1 2 1 2 0 2 0 1 0 2 1
0 0 2 2 0 0 2 0 0 0 2 0 2 0 0 2 2 1 0 0 2 2 2 2 0 2 0 1 2 0 1 0 1 1 0 2 0 0 0 0 0 2 0 0 0 0 0 0 2 1 1 2 1 1 2 2 1 1 1 0 1 0 1 0 0 2 2 0 2 2 0 1 2 1 1 0 2 2 0 2 0 0 2 2 1 1 2 2 0 2 1 1 0 2 2 0 1 2 0 2 2 1 0 1 2 1 1 0 1 0 2 2 0 1 2 1 0 1 2 1 1 0 0 2 0 1 2 0 0 1 2 0 2 0 2 0 1 1 1 1 2 0 0 2 2 2 1 0 2 1 2 0 1 1 0 0 2 0 0 2 2 0 0 1 0 0 2 2 1 0 0 1 1
2 1 0 1 2 2 1 2 1 0 1 2 0 1 2 0 2 2 2 2 2 2 0 0 2 1 2 1 1 0 2 0 1 1 0 2 0 2 1 2 2 2 0 0 1 2 1 0 2 2 1 0 2 1 0 1 2 0 0 2 0 1 0 2 2 1 2 0 1 0 0 0 0 0 1 2 0 0 0 2 2 2 2 2 1 1 1 2 1 2 1 1 0 2 1 0 2 0 1 0 1 1 1 0 2 0 2 0 0 0 0 0 2 1 2 1 2 1 0 0 0 2 1 1 2 1 1 1 2 2 1 2 1 0 2 1 1 1 1 1 2 2 2 1 0 2 0 2 0 1 2 1 1 2 0 1 1 2 0 0 2 2 0 1 0 2 2 1 1 1 0 1 1
2 0 2 1 1 2 2 0 2 0 2 2 2 1 0 1 1 2 1 1 2 0 2 0 0 0 2 2 1 0 1 1 1 0 0 2 0 0 1 1 1 0 0 0 1 2 2 2 1 1 1 1 1 0 2 1 2 1 1 1 2 0 0 1 2 0 1 0 1 2 1 0 2 0 1 1 2 1 2 1 0 1 2 1 1 0 0 1 1 0 1 1 1 1 0 1 2 1 2 2 1 1 0 1 1 1 0 0 0 2 1 0 0 2 1 2 2 0 2 1 1 0 0 2 2 0 1 2 2 1 1 1 2 1 2 1 1 0 1 1 2 1 2 0 1 1 1 1 2 0 2 0 1 0 1 1 0 0 0 0 1 0 1 0 2 2 2 1 2 2 0 0 0
0 1 2 1 2 0 1 0 2 2 1 0 0 0 2 0 1 2 2 2 2 1 2 2 0 1 1 2 2 2 0 2 1 2 0 1 0 2 2 1 2 1 1 2 2 1 1 1 2 0 0 1 2 0 1 0 1 0 2 0 0 1 0 2 1 1 0 0 1 0 1 0 2 0 1 1 2 2 2 1 0 0 0 0 0 1 1 0 2 1 1 2 2 2 2 2 1 1 2 2 1 0 0 0 1 2 2 1 2 2 2 0 2 0 1 1 2 2 2 2 1 0 2 1 0 2 0 1 0 0 1 2 0 2 1 0 1 0 1 1 0 2 1 0 2 0 1 0 2 1 2 1 2 2 0 2 1 1 2 2 2 1 2 0 0 1 0 2 1 2 0 2 2
2 0 2 2 2 2 2 1 2 0 1 2 1 1 1 0 0 1 2 1 1 2 2 2 1 2 1 1 0 1 0 0 2 2 2 2 2 1 0 1 0 2 1 2 1 0 2 1 1 2 1 0 2 0 0 1 0 1 2 0 2 0 1 2 2 1 2 2 0 0 2 1 0 0 1 1 0 0 0 2 0 2 0 0 0 0 1 1 2 1 2 2 1 1 0 1 0 2 1 0 2 0 2 0 1 0 2 2 1 0 2 1 2 0 2 0 1 1 2 1 2 0 2 1 2 2 0 2 1 2 0 1 2 2 2 1 0 1 1 2 2 1 1 0 2 2 1 0 0 1 0 1 2 2 2 1 1 0 1 0 2 1 1 2 2 0 1 0 0 2 2 2 1
2 0 0 1 2 2 2 1 2 0 0 1 1 2 0 2 1 0 2 0 1 2 0 0 1 1 1 1 1 1 2 0 2 1 2 1 1 2 0 0 0 1 2 1 1 2 2 2 2 1 0 1 1 1 1 0 2 2 2 0 1 2 2 1 0 1 0 1 1 0 2 0 1 1 2 0 0 1 2 0 0 0 2 2 1 0 2 0 1 1 2 0 0 1 1 2 0 2 1 0 2 1 0 1 0 2 1 2 1 1 2 1 1 1 1 0 0 0 1 2 2 0 0 1 2 1 0 1 0 1 1 0 0 2 2 1 1 0 0 0 2 0 0 0 0 1 1 0 0 1 0 2 1 0 1 2 2 1 0 0 1 2 0 2 1 2 1 2 0 2 0 2 0
1 0 0 2 2 1 2 0 1 0 2 1 1 2 0 1 2 0 0 1 1 2 2 1 1 0 1 1 1 1 1 2 1 2 1 1 0 2 2 2 2 0 1 1 2 2 2 2 0 2 1 2 2 2 0 1 2 2 2 0 0 2 2 0 1 1 1 0 0 2 0 0 2 0 2 1 2 1 1 1 2 0 0 2 0 1 1 2 0 0 2 2 0 2 2 0 1 1 1 0 0 1 0 2 1 0 2 2 0 0 0 2 1 0 2 1 2 0 1 0 1 0 2 2 0 2 0 0 0 1 0 1 0 1 1 0 0 0 2 0 2 2 0 0 0 2 0 0 0 1 1 1 0 1 1 1 0 2 1 0 0 2 2 1 1 1 1 1 1 1 2 0 1
2 2 1 2 2 1 2 1 0 1 1 1 1 0 1 0 2 0 2 2 2 0 1 0 2 0 2 0 2 0 1 2 2 0 1 1 0 1 1 0 2 2 2 0 0 0 2 1 0 1 1 0 2 2 0 1 2 0 2 2 1 1 1 0 1 2 0 1 0 1 0 0 1 2 2 0 0 1 1 2 0 2 2 2 2 0 1 2 2 1 1 0 2 0 1 1 2 1 1 0 0 1 0 0 1 0 0 1 1 2 0 2 2 0 1 2 2 0 1 1 1 0 2 1 0 0 0 2 0 2 0 1 1 1 1 2 2 2 1 1 1 2 1 1 0 0 0 0 1 1 1 2 1 1 1 2 2 2 2 0 1 2 1 0 1 0 2 0 0 0 2 2 0
0 0 2 1 1 2 2 0 1 2 0 2 0 2 2 2 2 2 1 1 2 1 0 0 1 1 0 2 1 2 0 2 1 2 1 0 2 1 1 1 1 1 1 1 2 2 2 1 2 0 0 1 0 2 1 1 1 2 1 2 2 2 0 1 2 1 2 2 0 1 0 1 0 0 0 2 2 2 1 1 1 0 0 2 0 2 0 1 2 0 2 0 0 2 1 2 1 2 2 1 0 0 0 1 0 2 2 0 1 1 2 0 1 0 0 1 2 2 1 0 2 0 0 2 2 2 2 0 1 2 0 1 0 1 1 1 0 0 2 0 1 2 1 1 2 2 0 2 1 1 2 1 1 0 0 1 0 0 2 1 0 0 1 1 1 2 2 0 2 1 0 0 1
1 1 0 0 0 1 2 1 1 0 0 0 1 1 0 2 1 1 2 2 2 0 2 2 0 2 1 2 2 0 1 0 2 0 2 2 1 1 1 0 2 2 0 1 1 1 0 1 0 0 1 0 0 0 0 1 2 2 1 1 2 2 0 0 0 2 0 2 1 2 0 1 1 1 0 1 0 0 0 1 1 1 1 2 2 2 1 1 2 0 1 2 1 1 2 1 1 1 1 0 0 2 0 0 0 0 1 0 1 1 2 0 0 1 1 2 1 2 2 0 1 0 1 2 2 1 0 1 2 1 1 0 0 2 0 2 2 2 0 2 1 0 0 1 2 1 1 0 2 0 2 0 1 0 2 0 1 0 2 2 2 1 2 0 1 0 0 1 2 1 1 0 2
2 1 1 1 0 2 0 1 1 1 0 2 0 0 2 1 0 1 1 2 1 2 0 1 1 2 1 2 1 1 2 0 0 1 1 2 0 0 1 0 1 2 2 0 0 1 2 1 0 1 0 1 1 1 2 2 1 0 2 2 2 1 0 1 2 0 1 1 0 2 1 2 2 1 2 0 0 2 1 0 0 2 0 2 1 2 2 2 1 2 2 1 1 0 0 2 0 2 0 0 0 2 0 2 0 0 2 1 0 1 0 0 0 0 0 1 0 0 2 2 0 2 2 1 2 0 0 0 0 1 1 1 1 2 0 2 0 0 1 1 1 1 2 0 2 0 2 1 1 2 0 1 1 0 2 2 1 1 2 2 0 1 0 2 1 0 1 2 1 0 0 1 0
2 2 2 2 2 1 1 2 2 2 0 0 0 2 2 2 2 1 2 1 2 1 0 1 0 2 0 1 0 2 1 2 1 1 0 1 0 1 0 0 2 1 0 0 2 1 2 1 2 1 0 0 1 1 1 1 1 2 0 1 2 2 1 0 1 2 2 2 1 0 0 0 2 0 0 2 1 0 0 2 2 2 0 0 0 1 2 2 0 0 1 2 2 0 1 1 2 1 1 1 2 1 2 2 0 1 1 2 1 2 1 1 2 1 2 1 0 0 0 2 0 2 2 0 0 1 0 2 0 1 1 2 1 2 2 1 1 0 0 0 0 0 2 0 2 2 1 1 2 2 0 0 1 0 2 1 2 0 2 2 2 0 2 0 0 2 1 1 0 0 2 0 0
2 0 0 1 2 1 2 1 2 0 1 0 2 2 2 0 2 2 0 0 2 0 1 1 0 0 2 1 0 2 2 2 1 2 1 0 2 0 2 1 2 1 1 1 0 1 2 0 1 0 1 1 1 0 0 2 0 2 0 0 2 0 0 0 0 2 0 2 0 0 0 2 1 0 2 0 2 2 1 1 2 0 2 1 0 1 1 2 0 2 0 0 0 1 0 0 1 2 0 2 0 1 2 0 2 2 0 2 1 2 0 1 2 0 2 0 1 1 0 0 1 1 0 1 0 2 2 1 1 2 1 2 1 1 2 1 0 0 0 2 2 1 1 2 2 1 1 2 2 1 2 1 2 2 2 2 2 1 1 0 1 0 0 0 1 0 1 0 1 2 2 0 0
2 1 0 0 2 2 0 0 1 2 1 2 2 1 1 2 0 0 0 1 1 1 0 1 0 1 2 2 2 1 0 1 0 1 2 2 0 2 0 0 2 1 0 0 1 2 2 2 0 0 0 1 2 1 1 2 0 0 2 2 2 0 1 2 1 0 2 0 2 1 1 0 0 1 1 1 1 0 0 2 0 1 1 2 0 2 0 1 1 0 1 0 0 2 1 2 2 1 0 2 0 1 0 1 0 1 0 1 1 2 0 0 0 2 0 1 2 0 2 0 0 1 2 2 0 1 1 2 0 1 0 1 0 0 0 0 2 0 1 1 0 0 2 1 0 0 2 2 1 0 1 0 1 0 2 0 2 1 0 2 0 0 1 0 1 1 1 1 0 2 2 0 0
0 2 1 0 0 1 2 0 0 0 2 0 0 2 2 1 0 2 2 1 1 0 2 0 1 1 1 2 1 2 0 2 2 2 2 2 0 2 0 1 1 0 1 1 0 1 1 1 1 0 1 2 1 1 1 0 0 2 0 2 2 1 1 2 0 1 1 1 0 2 2 1 0 0 1 1 2 2 1 0 2 2 1 1 0 0 0 0 2 0 0 2 1 1 1 1 2 0 2 1 0 1 2 1 2 1 0 2 0 2 1 0 2 0 2 0 0 2 1 0 0 2 2 2 1 1 1 0 2 1 1 2 1 2 1 0 0 2 1 2 2 2 2 1 0 2 1 0 2 0 0 0 0 1 2 1 2 1 2 2 0 2 0 1 1 2 2 2 2 1 1 1 1
1 2 1 2 0 2 2 2 1 2 2 2 2 1 2 2 0 2 2 2 0 1 1 2 1 2 1 0 1 2 1 0 2 0 2 0 0 2 2 1 2 1 0 1 2 1 1 1 1 0 0 1 2 2 1 2 1 2 2 2 2 1 0 1 2 0 2 0 2 2 1 1 0 0 1 1 2 2 2 0 1 2 2 1 2 0 0 1 0 0 2 0 0 0 2 2 2 1 0 2 0 0 2 1 1 0 0 0 0 2 1 2 2 0 1 0 0 2 2 1 1 1 1 1 0 0 0 2 1 1 1 2 1 0 1 0 1 2 0 0 2 1 2 1 1 1 2 2 2 2 1 0 1 2 1 1 0 2 1 1 1 0 1 0 1 0 0 1 2 0 1 1 2
1 1 1 0 0 0 2 0 2 0 2 1 1 1 2 0 0 2 0 1 0 0 2 2 1 1 1 1 0 1 1 2 0 2 0 1 1 0 2 0 0 2 0 2 0 0 0 1 2 0 2 0 1 0 2 2 1 1 1 0 0 0 2 0 0 0 2 2 1 1 0 2 1 1 1 1 2 1 0 1 0 0 2 1 0 1 1 0 1 2 0 1 0 2 2 1 0 1 1 1 0 2 0 1 1 2 0 0 0 1 2 0 2 2 2 2 1 0 2 2 1 2 2 2 2 1 1 0 0 2 1 1 2 2 0 0 1 0 1 0 0 1 1 2 0 1 2 2 2 0 2 1 0 1 0 0 0 2 1 1 2 0 2 2 0 2 2 2 0 2 2 0 0
0 0 1 2 0 0 0 0 0 1 0 1 0 1 2 0 1 0 0 1 2 0 2 2 0 1 1 2 1 1 0 0 0 1 0 0 2 0 1 0 0 2 2 1 2 2 1 0 0 2 2 0 2 1 1 0 1 2 0 2 1 1 0 1 2 1 2 2 1 0 0 2 1 0 0 0 2 0 1 0 0 0 2 0 2 1 1 0 0 1 1 1 2 1 1 0 2 0 2 2 1 0 1 0 0 0 0 1 1 2 2 1 2 1 2 1 0 0 0 0 0 1 0 2 2 1 2 0 2 0 2 1 0 1 1 2 2 2 0 1 1 2 1 0 2 0 0 0 2 1 1 2 2 2 2 2 1 0 2 0 1 1 2 2 1 1 1 0 1 1 0 2 2
1 1 2 1 1 2 1 2 1 1 2 1 2 1 2 0 1 1 1 0 1 0 2 2 2 0 0 1 1 1 1 2 2 1 1 0 2 0 0 1 1 0 0 1 1 0 1 0 1 2 2 2 1 1 0 0 2 1 2 0 2 1 2 1 0 2 2 2 2 2 1 1 0 2 0 2 2 1 0 1 2 2 1 0 1 1 1 0 1 0 2 0 2 1 2 0 0 1 0 0 2 2 0 2 1 0 2 1 2 1 0 1 0 1 2 2 1 0 1 0 2 0 0 1 2 0 2 0 2 1 1 2 0 1 2 0 2 0 2 2 1 2 1 2 1 1 2 0 2 0 0 1 0 1 0 2 1 0 0 1 1 2 1 0 1 1 1 1 2 0 1 0 2
0 0 1 1 2 2 2 2 2 0 0 1 1 0 1 2 1 2 1 1 2 2 0 0 1 2 0 1 1 0 1 1 0 0 1 1 0 0 1 2 0 2 2 2 0 0 2 1 0 1 1 2 2 2 0 0 1 0 2 2 1 1 1 0 1 2 1 1 2 0 2 0 2 2 0 0 2 2 2 0 1 1 0 0 0 0 1 2 2 1 2 0 2 0 1 2 0 2 1 2 0 1 0 0 0 0 1 0 0 1 2 0 2 2 0 0 0 2 2 0 1 1 1 2 1 2 2 1 0 1 2 1 0 0 2 1 2 0 0 0 2 2 0 2 2 2 2 2 2 1 0 2 2 2 1 1 2 1 0 0 2 0 1 2 2 2 2 1 2 2 2 0 1
0 2 1 0 2 0 0 0 1 2 1 1 1 0 1 2 1 2 2 0 2 2 2 1 2 1 1 1 0 1 0 1 1 1 1 0 0 0 1 2 2 2 1 2 0 0 1 2 2 1 2 1 2 1 0 1 2 2 0 0 0 1 2 1 1 1 2 1 1 2 0 1 2 2 1 0 2 2 2 0 2 1 2 1 0 0 0 0 2 1 0 2 0 0 2 1 2 2 0 0 1 0 2 1 0 0 1 0 1 0 0 1 2 0 2 0 0 0 0 0 2 1 2 2 2 2 1 2 2 1 2 0 2 0 1 2 1 0 0 2 1 1 0 0 1 0 1 2 1 1 2 1 1 0 1 1 2 2 0 1 1 2 0 0 0 2 0 2 0 1 2 1 0
1 0 2 1 1 2 0 1 2 2 2 2 0 0 2 2 0 2 0 0 2 1 2 2 2 1 2 1 1 2 1 2 0 1 2 1 1 0 0 1 0 2 0 0 0 0 1 1 2 1 0 2 0 2 2 0 1 2 1 2 2 1 2 2 2 2 2 1 2 2 2 2 0 0 1 1 1 2 0 1 1 1 1 2 1 1 0 0 1 0 2 1 1 2 1 1 1 0 0 2 1 0 1 1 1 2 0 0 1 1 1 0 2 0 0 1 2 0 1 1 1 1 0 2 1 1 2 1 0 0 0 1 0 1 0 2 2 0 2 1 2 2 2 2 2 2 1 2 1 2 1 2 1 1 0 0 0 0 1 0 0 1 2 1 0 2 1 0 1 1 2 1 0
1 1 1 2 2 1 1 0 2 0 1 0 1 2 0 1 1 2 2 0 1 1 2 2 2 2 1 0 1 2 2 1 1 0 0 1 1 1 2 0 2 1 1 2 2 2 0 0 1 0 2 1 2 1 1 1 1 2 2 0 2 1 2 0 1 0 2 0 1 1 1 1 0 0 0 2 0 2 0 2 0 2 0 2 1 1 0 0 1 0 1 0 2 1 1 1 1 1 0 0 0 1 1 1 2 0 1 0 2 1 2 2 2 1 2 1 0 2 2 2 0 1 0 2 2 2 2 0 1 2 0 2 1 0 0 0 0 1 0 0 0 1 0 2 0 2 2 0 2 1 0 2 0 1 0 2 1 2 1 2 2 2 1 0 0 2 2 0 0 0 1 1 2
1 1 2 0 0 0 2 0 1 2 0 0 0 0 2 0 2 2 2 2 1 0 2 0 0 1 2 2 2 1 1 2 2 1 2 1 2 0 1 0 0 2 1 0 2 1 0 0 0 0 0 2 1 2 1 2 1 0 2 2 1 0 2 1 1 1 2 1 2 0 0 2 2 2 0 0 0 1 0 0 2 0 0 1 0 1 1 0 2 0 0 0 0 2 2 0 0 2 2 1 0 2 1 0 1 2 1 1 1 2 0 1 2 1 2 0 2 1 0 2 1 1 0 2 0 2 0 1 1 0 0 2 2 1 0 2 1 2 0 0 1 1 1 1 2 1 2 1 2 1 1 1 2 1 0 0 1 1 2 0 1 2 0 1 1 1 0 0 0 2 0 2 0
2 1 0 1 1 2 1 0 1 2 2 2 2 2 0 1 2 1 0 2 1 0 1 1 0 1 1 2 2 1 1 2 0 1 0 1 1 1 1 2 1 2 2 1 2 0 0 2 2 1 1 2 1 2 0 0 1 2 0 1 1 1 0 2 0 1 0 2 0 0 1 1 2 1 0 2 2 1 1 2 0 1 1 2 1 1 0 0 1 0 1 2 2 0 2 2 1 1 2 2 1 1 1 1 2 2 0 2 1 0 2 2 1 1 2 2 1 2 0 0 0 2 0 2 0 0 0 1 1 2 1 0 1 0 2 2 0 0 1 2 0 1 2 2 1 1 0 2 1 1 2 1 1 0 2 1 0 2 0 2 2 2 2 2 0 1 1 1 0 0 1 1 2
0 1 0 1 2 0 2 1 0 1 0 0 0 1 2 0 2 1 0 2 2 2 0 1 1 1 1 1 2 0 0 2 2 1 1 2 1 1 0 2 0 0 0 0 0 2 2 2 0 0 2 2 0 1 1 1 2 0 2 0 0 1 0 2 0 0 1 0 1 2 2 2 0 2 1 0 2 0 1 0 0 0 0 0 1 2 2 2 0 1 0 0 0 1 1 1 1 0 1 1 0 0 0 1 1 1 2 0 1 0 1 2 2 2 0 1 2 2 0 0 2 1 2 2 0 0 0 2 1 2 0 2 0 1 1 2 2 0 2 2 1 2 2 0 1 0 1 1 0 0 2 2 1 1 0 2 2 1 2 0 1 2 0 2 1 1 1 2 2 1 2 0 0
1 1 2 2 0 1 1 0 1 0 0 0 1 0 2 0 2 0 1 0 1 0 1 2 2 0 1 0 0 2 1 2 1 1 2 2 0 0 2 1 2 0 1 0 1 1 0 1 2 2 1 1 2 1 1 1 2 1 0 0 0 2 2 2 0 2 1 1 0 1 0 2 2 0 0 1 1 1 2 1 0 1 0 1 2 2 0 2 0 0 2 1 0 2 0 2 2 2 0 0 2 1 2 2 1 0 0 1 2 2 0 1 0 1 2 0 0 0 1 1 2 0 2 2 1 1 1 0 0 2 0 0 1 0 2 0 1 2 1 1 0 2 2 1 1 1 0 2 1 1 0 0 1 2 1 0 1 2 0 0 2 1 0 1 2 1 1 1 0 1 0 1 1
2 0 2 1 0 2 0 1 2 1 0 2 0 1 1 2 2 1 2 1 2 1 1 0 1 0 2 2 0 0 1 2 0 1 0 0 0 1 2 0 0 0 0 1 1 2 0 1 0 1 0 1 0 2 1 1 2 1 1 1 2 2 1 2 0 2 1 1 1 0 1 2 1 2 0 0 1 1 2 0 0 2 2 2 1 0 0 2 2 0 1 2 2 2 2 1 2 0 2 0 2 1 0 0 1 1 1 0 1 0 0 1 2 2 0 2 1 2 2 1 2 0 0 1 2 0 0 2 1 0 0 1 2 2 1 0 0 0 0 1 1 2 1 2 2 2 1 1 1 1 2 0 1 0 0 1 1 0 1 0 0 0 2 2 2 0 0 0 2 1 0 0 1
1 2 0 0 1 2 2 2 2 0 1 0 0 0 2 2 2 0 0 2 2 0 1 0 1 0 2 2 0 1 1 1 1 2 2 0 2 2 0 1 0 2 2 1 0 2 0 2 2 1 0 1 2 2 0 1 2 0 1 2 1 2 1 1 2 1 2 1 0 2 0 1 2 0 0 0 0 1 1 2 0 1 2 0 0 2 2 0 2 1 0 2 1 0 0 1 1 2 0 2 2 0 1 0 2 2 0 2 1 1 1 2 2 1 0 1 0 2 1 1 1 2 1 0 2 2 2 1 1 2 1 1 1 0 1 0 0 2 2 1 1 1 1 1 0 0 0 1 2 1 2 2 1 1 2 1 0 1 0 2 1 2 1 2 2 0 2 0 2 1 0 2 0
2 1 0 2 1 2 0 0 2 2 1 1 2 0 2 0 1 1 1 0 0 2 1 1 1 2 1 0 2 0 1 2 1 2 2 2 1 2 2 1 1 2 0 0 2 0 1 0 1 1 2 2 0 0 1 2 0 2 2 0 0 1 0 1 1 2 2 0 2 1 2 1 1 0 0 1 0 1 2 0 0 1 0 1 2 1 1 0 0 1 1 1 0 1 1 2 1 0 2 0 2 0 0 1 0 0 2 2 2 2 2 0 1 2 1 1 0 2 2 1 2 0 0 2 2 1 1 1 2 2 2 1 0 2 2 1 2 2 0 2 2 2 0 1 2 2 0 0 0 0 2 2 1 0 2 2 1 1 0 0 1 0 2 1 0 0 0 0 0 1 0 0 1
1 1 1 1 0 2 1 1 2 1 2 2 0 2 1 1 2 2 1 1 1 2 1 2 0 2 0 2 0 0 1 1 0 2 0 0 2 1 1 1 0 1 0 0 1 2 0 1 1 1 2 1 1 1 0 2 1 0 2 2 1 0 1 1 0 2 2 0 1 0 1 2 2 0 0 0 2 0 2 2 2 2 0 2 1 1 2 2 2 1 2 1 2 0 0 2 0 2 0 2 0 2 2 2 0 2 0 0 1 0 2 1 2 0 0 0 2 2 2 2 1 2 0 0 0 1 1 0 0 1 0 0 1 2 2 1 0 0 2 2 0 2 0 0 0 2 0 0 1 1 2 1 0 0 1 1 1 0 0 1 2 0 2 1 1 1 0 1 2 0 1 0 2
1 0 0 0 2 0 0 1 0 1 2 0 0 1 1 1 1 0 1 2 2 2 0 2 0 2 2 1 0 2 2 0 1 0 1 1 1 1 2 1 0 1 0 2 0 1 1 2 0 0 0 2 0 0 2 1 1 2 0 2 2 2 2 1 0 2 2 2 1 1 1 2 0 1 2 2 1 0 2 1 0 2 1 0 1 2 2 2 1 0 2 1 2 2 2 0 2 1 0 0 0 2 0 2 1 2 2 2 2 1 1 0 1 1 1 2 1 0 2 2 1 1 2 2 1 1 2 0 1 0 1 2 0 2 2 1 2 1 2 2 0 0 0 2 2 1 1 0 2 0 1 1 1 0 0 0 2 0 1 0 1 2 1 1 2 0 0 2 2 2 1 0 0
1 2 1 0 0 1 1 1 0 2 2 0 0 0 1 1 2 1 0 2 0 1 2 1 2 1 1 2 1 1 1 2 0 2 1 1 1 2 2 2 2 2 0 2 1 1 0 1 1 1 0 1 1 1 0 0 2 1 1 0 2 2 1 0 1 2 1 0 2 1 2 1 2 1 0 0 0 1 1 2 0 2 2 2 0 2 0 0 1 1 1 1 0 0 2 2 0 1 0 2 0 0 0 0 2 1 0 0 1 2 0 2 1 2 1 2 2 1 0 1 0 2 2 1 0 2 1 1 2 2 1 0 0 2 0 0 2 0 1 0 2 1 2 1 1 0 0 1 1 1 0 2 1 0 1 2 1 0 0 0 2 2 0 2 0 0 0 2 1 1 2 1 0
1 2 2 1 1 1 0 2 2 0 1 2 1 0 0 2 2 1 1 1 1 1 1 2 2 0 0 1 0 2 1 1 0 1 0 1 0 2 1 2 2 0 0 1 0 1 0 2 0 2 2 2 1 1 2 1 0 0 0 0 0 2 0 1 2 1 2 2 0 0 0 2 1 0 1 0 1 2 2 2 2 2 2 1 1 1 0 1 2 0 2 0 1 2 1 0 1 1 0 1 0 0 2 1 1 1 1 1 1 2 0 0 1 2 2 0 1 0 2 1 0 2 1 2 1 0 0 0 1 1 0 1 2 2 1 2 0 2 0 2 2 1 0 1 1 2 2 0 2 2 1 1 2 1 0 1 1 1 2 0 0 2 0 0 2 1 2 0 1 0 0 1 2
0 0 1 2 2 1 0 2 0 1 1 1 2 0 0 1 0 1 1 0 1 0 2 0 2 2 0 0 2 1 0 0 2 1 1 2 2 1 2 2 0 1 1 2 2 1 2 2 1 1 2 2 1 2 1 1 2 1 2 2 0 2 0 2 0 1 1 2 0 1 0 0 0 2 0 0 2 2 0 0 1 0 2 0 0 1 1 0 2 1 0 2 0 0 1 1 2 0 2 2 2 2 2 2 1 1 0 1 0 1 1 2 2 1 0 0 0 2 0 0 1 1 0 2 2 2 1 2 0 0 1 2 0 2 0 2 0 1 1 1 2 2 2 2 1 2 0 2 2 1 0 1 0 0 1 0 0 2 2 0 0 1 1 0 1 2 0 2 0 1 1 0 2
0 2 0 0 2 2 0 2 2 2 2 1 0 2 1 0 2 0 0 2 1 1 0 1 1 0 1 0 2 2 2 2 1 0 0 2 1 1 1 1 0 1 2 1 1 1 1 1 1 1 0 0 2 1 1 2 2 0 2 1 2 2 1 1 0 2 0 1 0 2 0 1 1 2 2 0 0 2 1 2 0 2 2 1 1 1 0 0 1 0 2 0 0 0 2 0 0 0 0 0 1 0 2 2 2 0 0 1 2 1 1 0 1 1 2 2 2 0 0 1 1 2 2 1 0 1 0 0 2 0 2 1 1 1 0 0 1 1 2 1 2 1 2 1 0 1 1 2 2 2 1 0 2 1 0 0 0 1 1 0 2 0 1 0 2 2 1 1 0 2 0 1 0
0 0 1 2 1 0 1 1 0 0 2 2 1 0 2 0 1 1 2 0 2 0 0 2 1 1 0 0 2 2 1 0 2 2 0 2 1 2 1 1 2 0 1 1 0 0 1 0 1 1 0 2 1 0 2 0 2 2 1 2 2 0 0 2 0 0 1 1 0 0 0 0 1 1 2 2 0 1 0 2 0 0 1 2 1 0 0 0 1 2 0 1 0 1 0 0 2 0 0 2 1 0 0 2 0 0 2 0 1 2 2 2 0 2 2 2 2 2 1 1 2 2 2 2 1 1 1 1 1 1 0 2 2 1 1 0 1 2 0 1 1 1 0 0 0 0 2 0 1 0 2 0 0 1 1 2 2 2 0 1 1 1 0 1 0 0 2 2 2 2 1 1 1
2 1 1 0 2 2 2 0 1 2 1 0 0 1 1 0 1 2 1 0 1 1 2 1 0 1 1 0 0 2 2 2 2 1 0 2 1 2 0 2 2 2 1 0 1 0 1 0 2 0 2 1 2 1 2 2 0 1 1 0 1 1 0 1 2 1 0 1 1 1 1 1 0 2 2 2 0 1 0 0 2 2 2 2 0 2 2 1 1 0 1 2 1 2 1 2 0 2 0 2 1 1 0 2 2 0 2 2 2 2 0 2 2 0 2 0 0 1 1 1 0 0 2 2 2 0 1 1 1 1 1 2 1 2 2 1 0 1 0 0 1 2 0 1 0 2 1 0 2 0 2 0 1 1 2 1 0 1 0 2 2 1 2 1 0 1 2 1 1 1 2 0 0
2 2 1 0 0 1 2 2 1 2 0 1 2 2 2 0 2 1 1 0 1 2 1 2 0 2 1 1 2 2 2 2 1 0 0 2 2 2 2 0 2 0 2 1 2 1 0 0 0 1 0 1 1 2 2 1 0 0 0 2 0 2 2 1 2 2 2 1 2 1 2 1 1 2 1 2 1 2 0 1 0 0 1 2 1 1 2 1 2 2 0 0 2 1 2 1 0 1 1 0 1 1 2 2 0 1 2 1 0 2 1 1 1 0 2 2 1 1 0 0 0 1 1 0 2 1 0 1 0 1 2 1 2 1 2 2 1 1 2 1 2 0 1 1 1 0 0 2 1 1 0 2 0 2 0 1 1 0 2 1 1 1 0 0 0 2 0 1 1 2 0 1 0
1 0 1 1 0 1 0 2 0 2 0 2 0 1 1 0 1 0 2 2 0 0 2 0 2 1 0 1 2 2 2 1 0 1 0 1 0 0 2 0 0 0 0 1 1 2 2 0 2 0 2 1 1 2 1 0 1 2 2 0 0 2 2 0 0 2 2 1 0 1 1 2 1 2 0 0 1 0 0 1 1 0 2 0 1 1 0 2 2 0 1 2 0 0 0 1 1 0 0 2 2 0 1 1 2 2 0 2 1 0 0 2 2 0 2 0 2 1 0 1 1 1 1 2 0 1 1 2 2 1 1 2 2 1 1 2 0 1 2 2 0 0 2 2 0 2 0 2 0 0 2 0 0 0 0 0 0 2 2 0 1 1 0 1 2 1 1 1 0 0 0 0 0
0 0 0 0 1 0 1 2 2 1 2 1 2 0 1 1 0 1 0 2 1 1 2 0 2 1 0 2 0 1 0 0 2 0 1 0 1 0 1 2 2 0 0 2 1 1 1 1 0 1 1 2 0 1 2 0 2 1 0 0 0 0 1 0 1 0 1 0 1 2 2 1 0 2 1 2 1 2 0 2 2 0 1 2 1 1 1 1 2 1 2 0 2 1 1 0 2 2 1 1 0 0 2 1 0 1 0 2 1 1 1 0 1 0 1 0 2 2 2 2 0 2 0 0 1 1 1 0 2 0 1 0 1 1 1 2 2 2 0 1 0 1 2 0 0 0 0 0 0 0 0 2 0 1 2 1 0 1 0 0 2 2 0 1 2 1 1 2 0 1 1 2 1
1 2 2 2 0 2 1 1 2 0 1 1 0 1 2 2 2 0 2 1 1 0 1 0 2 1 2 1 2 1 0 1 1 2 1 1 1 0 2 1 0 2 0 0 0 0 0 2 0 2 1 1 0 0 0 0 1 2 2 1 0 2 0 2 1 2 0 0 2 1 1 2 0 1 0 1 2 1 1 0 1 2 2 2 0 2 2 2 1 2 1 2 1 1 1 2 1 0 0 0 1 1 2 1 1 0 0 0 1 1 0 1 1 1 0 2 0 0 1 2 2 0 1 0 2 1 0 0 1 0 1 0 2 1 2 0 2 2 2 1 0 0 2 1 1 2 1 2 0 1 2 2 2 1 0 2 2 1 0 1 1 2 1 2 0 1 2 0 0 2 2 1 0
1 1 1 2 2 1 2 1 0 2 1 2 0 1 2 2 1 1 1 1 0 0 2 0 1 2 0 0 2 0 1 1 1 0 1 1 2 0 0 0 0 1 2 1 2 2 1 1 0 2 0 2 1 0 2 2 0 0 2 0 0 1 2 1 2 0 1 1 0 1 2 2 0 2 1 0 2 2 1 0 1 2 2 2 2 2 2 1 0 0 1 1 2 0 1 1 0 2 0 1 1 1 0 1 0 1 2 0 1 0 1 0 1 1 0 1 1 1 2 2 1 0 0 0 1 2 1 2 1 2 1 2 1 2 1 2 2 0 0 0 2 1 1 0 1 0 1 2 1 1 2 2 2 0 2 1 0 1 1 1 1 0 2 0 1 0 0 0 2 0 1 1 0
0 1 1 1 0 1 2 2 0 2 2 0 1 1 0 0 0 0 1 1 0 2 2 1 2 2 0 1 0 1 1 1 0 2 2 2 0 2 1 0 1 1 1 2 2 0 0 0 1 0 2 1 2 1 2 0 1 1 1 2 0 2 1 1 1 1 1 1 1 2 2 2 1 1 0 1 1 0 1 2 0 1 1 0 2 2 0 0 0 1 1 0 1 2 2 2 1 0 1 2 1 1 2 2 2 0 0 2 0 0 2 1 1 1 2 2 1 0 0 1 2 1 2 0 1 0 0 0 1 2 2 2 1 2 1 1 2 0 0 0 1 1 2 0 0 2 0 1 2 1 0 1 2 2 2 1 0 0 1 2 2 1 1 1 2 1 2 1 2 1 2 0 2
2 1 2 1 2 1 1 1 1 0 0 1 2 2 2 2 1 1 2 0 2 1 0 1 1 1 0 2 2 1 2 1 1 1 1 0 2 2 1 1 0 2 2 2 0 1 0 1 2 0 2 0 2 2 1 1 2 2 1 1 1 0 0 2 2 1 0 2 1 2 0 1 0 2 1 0 1 2 1 1 1 1 1 1 1 1 2 0 1 0 1 2 1 2 0 0 0 0 2 2 1 0 1 1 2 0 1 1 0 2 1 1 1 0 0 0 1 2 0 2 0 0 0 1 0 0 1 1 1 1 1 2 1 2 0 2 0 2 1 2 2 2 1 1 0 2 2 2 2 1 2 0 1 0 2 1 0 2 2 2 0 1 2 0 2 0 0 0 0 1 2 0 2
2 2 0 1 2 2 0 0 2 1 1 2 1 0 2 1 0 0 2 0 2 2 0 0 0 0 1 0 1 2 2 0 2 2 2 2 2 0 2 2 2 1 1 1 2 2 2 2 2 1 0 2 2 0 2 2 1 2 0 0 1 2 0 1 2 2 0 2 0 2 1 2 1 0 1 0 2 1 1 1 1 1 1 1 2 1 1 1 1 2 1 2 1 2 1 2 2 2 2 2 2 1 0 0 1 1 2 1 1 0 0 2 1 2 1 1 1 2 0 2 1 2 2 1 1 1 0 1 1 0 1 1 1 2 2 2 0 1 1 2 2 0 2 2 2 0 1 1 0 2 1 2 2 0 0 1 0 1 0 2 1 2 1 2 1 0 0 2 0 1 2 2 1
2 2 1 2 1 2 0 0 0 0 2 2 0 1 0 0 0 2 1 2 0 2 1 1 2 1 1 0 0 2 0 2 1 1 0 0 2 0 0 0 0 1 0 2 0 0 2 0 0 1 0 0 0 1 0 2 0 2 1 0 1 1 1 1 0 2 1 2 2 0 0 1 2 0 1 0 2 1 1 2 2 2 1 1 1 2 1 1 1 2 2 1 1 0 2 2 2 1 1 0 1 2 2 1 1 1 2 1 2 1 1 2 0 2 0 2 1 0 0 0 2 0 2 1 2 1 1 2 2 0 2 2 1 2 1 2 0 0 1 0 1 2 0 2 2 1 1 1 1 1 2 2 0 1 1 2 0 2 1 1 2 2 1 0 1 2 0 0 0 2 0 2 2
1 2 2 0 0 1 2 0 1 1 0 0 2 2 1 1 0 0 2 2 1 0 2 0 2 2 1 1 0 2 0 2 1 2 2 1 1 2 2 0 1 2 1 1 2 0 1 0 0 0 0 2 1 0 1 0 2 2 0 0 1 1 2 0 2 2 0 0 2 2 1 0 2 2 0 1 1 1 2 1 2 1 1 0 1 2 2 2 2 2 0 2 0 0 0 2 2 0 0 2 0 2 0 2 0 0 1 1 2 2 0 1 0 1 1 2 1 1 1 2 0 1 2 2 1 2 2 1 0 0 1 0 0 2 0 0 0 1 1 2 0 0 0 1 1 2 1 1 1 0 1 2 2 0 1 1 0 1 1 0 2 2 1 2 2 2 0 2 2 2 2 2 2
0 2 2 2 1 1 1 1 2 1 1 0 2 0 0 1 1 2 0 1 1 0 0 1 1 0 0 0 0 0 1 0 2 0 0 1 1 2 0 1 0 1 1 0 1 2 2 0 2 2 1 1 0 2 0 1 2 0 0 0 1 1 0 2 2 2 0 0 1 0 2 2 2 1 0 1 1 2 2 1 0 1 0 1 1 0 0 1 1 1 2 2 2 0 1 1 2 2 2 1 0 2 0 0 0 1 2 1 1 2 2 2 1 0 1 0 0 1 0 1 2 2 1 2 0 0 1 1 0 0 2 1 2 1 1 0 0 1 1 1 1 2 1 1 2 2 1 1 1 1 0 1 1 2 1 2 0 2 0 0 0 0 2 2 1 1 0 1 0 1 1 0 1
2 1 2 2 2 0 1 2 0 0 0 0 1 0 1 1 1 2 1 2 2 1 1 1 1 1 1 0 2 1 2 2 0 1 2 1 2 1 0 0 1 1 1 0 0 2 2 1 2 0 1 2 1 1 0 2 2 1 0 2 1 2 1 2 1 1 0 1 2 1 2 0 1 0 1 1 1 0 0 1 0 0 0 2 2 0 2 1 2 2 1 1 0 0 1 1 1 2 0 0 2 0 1 0 1 2 2 2 0 0 1 1 0 1 0 2 2 0 1 2 0 0 1 0 0 0 0 1 1 1 1 0 1 0 1 0 2 0 0 0 0 1 1 2 1 2 2 0 2 2 0 1 2 2 2 0 2 2 2 1 1 1 1 2 1 2 0 2 0 1 2 2 0
2 1 2 1 1 0 2 0 0 0 1 0 2 1 1 0 0 2 1 2 1 2 2 1 0 2 0 2 2 2 2 1 1 2 0 2 0 2 1 1 0 2 2 2 1 0 0 2 0 2 2 2 2 2 1 2 1 2 1 0 1 1 2 0 1 0 0 1 2 1 0 0 1 0 0 0 1 1 0 1 1 0 2 0 0 1 2 1 0 1 2 1 2 2 2 1 0 2 0 0 2 1 0 1 1 1 2 0 2 0 0 0 0 2 1 0 0 0 2 0 1 2 2 0 0 1 2 0 1 1 1 0 2 2 0 2 0 2 2 0 2 0 1 0 2 2 1 2 0 0 0 1 0 2 0 0 1 0 2 0 1 0 1 1 2 2 1 1 1 1 1 1 2
1 2 1 0 0 2 1 0 2 0 2 0 1 2 1 2 2 2 1 0 2 2 1 1 1 2 1 0 1 2 2 2 2 0 1 0 0 0 1 0 1 1 0 0 1 2 0 1 2 1 1 2 2 2 0 0 2 1 0 1 2 2 1 2 1 0 2 2 0 1 2 0 2 0 0 1 1 0 0 1 2 1 0 1 2 0 2 1 0 0 2 0 0 2 2 2 2 1 2 1 1 2 1 0 0 1 2 1 2 0 0 1 0 0 1 2 2 0 0 0 0 1 0 1 1 0 1 0 1 1 1 0 1 2 2 2 1 2 2 1 0 2 1 0 0 2 2 0 0 0 0 1 2 0 0 1 0 2 2 2 1 1 1 2 2 0 0 0 2 2 0 2 1
1 0 2 1 0 2 1 2 0 2 1 0 0 1 1 1 0 2 2 2 0 0 1 1 0 0 0 2 0 1 1 2 1 1 0 0 0 2 2 2 2 1 2 1 2 2 2 2 2 1 0 0 2 1 1 2 1 2 2 2 0 1 2 0 2 0 1 0 2 0 2 2 1 0 0 1 0 0 1 2 2 1 2 2 1 1 2 0 0 2 0 2 0 0 2 0 1 1 0 0 1 1 0 2 1 1 1 2 1 1 1 2 2 1 1 1 2 0 2 2 2 0 1 0 0 1 0 1 2 1 0 1 0 0 2 1 0 0 1 2 1 2 1 2 1 0 0 0 1 0 0 1 0 0 2 1 2 0 2 0 2 2 1 2 1 0 1 1 2 2 0 1 1
0 1 0 0 0 0 2 0 2 2 1 2 2 2 2 2 1 2 2 1 2 1 0 2 1 1 2 0 2 1 0 2 2 0 1 2 2 1 0 1 0 1 1 2 1 0 0 2 0 0 1 2 1 1 2 0 0 2 1 0 1 1 0 1 1 2 2 1 1 0 2 1 2 0 2 0 2 0 2 0 0 2 2 2 1 2 0 2 2 1 2 0 0 0 0 1 0 2 0 1 2 0 0 2 2 0 2 1 0 2 1 0 1 1 1 1 0 1 0 1 0 0 1 0 0 2 2 0 1 0 2 1 1 1 1 1 1 0 2 0 1 1 1 0 2 2 1 0 1 1 1 1 1 1 2 2 0 2 0 0 0 1 2 2 2 1 0 1 1 0 1 0 1
0 1 1 2 2 0 1 1 1 0 0 2 0 0 1 0 2 1 0 0 1 1 2 2 1 0 2 2 0 2 1 0 0 1 2 0 1 1 2 2 2 0 0 0 1 2 1 0 1 1 0 2 2 0 2 2 1 2 2 1 1 1 2 2 2 2 0 0 1 0 1 1 0 2 1 2 2 0 2 0 0 0 2 2 1 2 2 1 1 1 0 1 1 0 1 0 0 2 2 1 2 1 1 0 1 2 1 0 1 0 0 1 2 0 1 1 1 1 2 0 0 1 1 1 1 2 0 2 1 0 0 1 1 1 0 2 2 1 2 0 2 0 1 2 1 0 1 0 1 1 1 0 2 0 1 1 0 2 0 2 2 2 2 0 1 2 0 0 1 0 1 1 1
0 1 0 1 0 0 0 1 2 0 2 0 0 0 1 0 2 1 0 1 0 1 0 0 0 2 1 0 0 1 2 2 2 0 1 2 1 2 1 1 0 1 2 1 0 0 1 2 1 2 1 0 1 1 0 1 0 0 2 2 1 1 2 1 2 0 1 1 2 2 2 0 2 1 2 2 2 1 1 1 0 0 1 2 1 0 0 0 0 0 2 2 2 1 0 2 2 1 0 2 1 0 1 0 2 0 2 2 1 1 0 0 2 2 2 2 2 1 2 0 2 2 2 2 1 2 1 0 1 2 0 2 0 1 0 0 2 0 2 1 0 0 1 2 0 2 1 0 1 0 0 1 0 0 0 1 2 0 2 0 0 0 0 1 1 1 1 1 2 1 0 2 2
2 1 0 2 1 0 0 2 1 1 0 1 2 1 1 0 1 2 0 1 0 1 0 2 1 2 1 0 0 1 2 2 0 2 2 1 0 0 1 1 2 1 0 2 0 2 2 1 2 2 0 2 2 2 1 0 1 0 0 1 1 0 1 2 0 1 1 0 2 0 2 2 1 2 1 0 2 1 1 1 1 0 1 1 2 1 2 0 1 0 2 1 0 1 1 0 0 2 1 2 0 0 2 2 0 0 2 2 2 2 1 1 2 0 0 2 1 2 0 0 0 2 1 0 1 2 2 1 0 0 1 1 2 0 1 2 1 1 0 1 1 1 0 1 2 0 0 1 2 0 2 2 0 1 1 1 2 1 1 2 1 0 1 1 1 2 1 0 1 1 2 2 0
2 1 0 0 1 1 2 2 1 0 0 0 2 0 2 0 1 2 2 1 0 1 0 2 0 1 2 2 1 2 2 1 1 0 1 0 2 1 0 1 2 1 1 1 1 1 1 2 0 1 2 1 0 2 2 0 1 1 0 0 0 2 1 2 0 0 0 0 2 1 2 1 2 1 1 1 0 2 1 1 1 0 0 2 1 2 0 0 0 0 1 2 0 0 1 1 1 1 2 1 0 1 0 0 0 1 1 2 2 2 0 1 1 0 1 0 1 1 0 1 2 2 1 0 0 0 2 2 2 2 1 0 1 2 0 2 1 2 2 1 2 2 2 0 0 1 0 2 0 2 2 0 1 0 1 2 0 0 2 1 0 1 1 1 1 2 1 2 2 0 0 1 0
0 0 2 2 1 1 0 0 0 0 0 1 2 0 2 2 0 0 2 1 2 1 2 2 0 2 1 0 0 0 1 1 1 1 1 2 2 1 1 0 2 1 2 1 1 1 1 2 0 1 2 0 2 2 0 2 2 1 1 0 2 0 2 1 1 0 1 0 2 2 1 1 1 0 2 0 0 1 0 1 2 0 1 2 2 2 2 2 1 0 0 1 1 2 0 2 1 2 1 0 1 2 2 0 1 2 0 2 1 1 0 1 1 2 1 1 2 1 0 1 2 0 2 2 1 0 1 2 2 2 2 1 0 2 2 1 2 0 0 1 1 0 0 0 2 2 2 1 1 0 2 1 1 0 0 0 1 0 2 2 2 2 0 2 2 1 1 2 1 1 1 0 2
1 1 0 1 0 2 2 1 0 2 0 1 2 1 2 0 0 1 0 2 0 0 2 1 0 1 0 2 2 0 2 2 0 0 0 0 0 1 2 0 0 0 2 0 1 2 2 2 1 2 0 2 0 2 1 1 2 1 1 2 0 0 1 0 1 0 1 1 1 1 0 2 2 2 0 2 2 2 2 2 2 2 1 1 0 0 2 2 2 0 1 2 1 1 2 0 1 1 2 0 0 0 2 0 0 0 0 0 0 0 0 0 2 1 1 0 2 1 2 2 2 2 2 1 0 2 2 1 1 1 1 2 2 1 2 0 1 1 0 2 1 0 0 1 2 2 2 0 1 2 0 1 1 2 0 1 2 2 0 0 2 2 0 1 1 1 1 1 2 2 0 0 0
1 2 1 2 1 1 0 2 1 2 0 1 2 0 1 0 0 2 2 1 0 1 2 2 1 0 1 0 2 2 2 1 1 0 0 1 2 1 0 1 0 0 2 1 1 1 1 0 1 1 1 2 2 0 1 1 2 0 2 1 2 2 2 1 0 1 2 0 2 2 1 0 1 1 1 2 1 2 2 2 1 0 2 2 2 1 0 2 1 0 0 1 2 0 2 0 1 2 0 1 2 2 2 0 1 0 1 2 1 0 2 2 2 2 1 2 0 2 1 2 2 2 0 0 0 0 0 2 2 2 1 2 1 0 0 2 1 1 2 0 2 2 2 2 1 2 1 2 2 0 1 2 2 2 2 2 0 1 2 2 0 1 2 1 1 0 2 0 1 2 1 1 2
2 1 1 1 0 1 1 0 2 0 0 2 1 1 2 2 0 2 0 2 2 2 2 0 2 0 2 2 2 2 2 1 0 0 0 1 1 1 2 2 2 1 1 0 2 1 2 0 0 0 1 0 1 0 0 0 1 0 0 0 2 0 2 0 1 0 2 0 2 0 2 2 1 1 2 1 2 0 1 1 0 2 1 2 0 0 0 2 0 1 0 0 2 1 1 0 1 1 1 2 2 2 1 0 0 0 1 1 1 0 2 0 1 0 2 2 0 2 2 1 2 0 2 1 2 2 2 0 1 0 2 0 2 1 1 1 2 0 2 0 0 1 1 2 2 1 0 0 1 2 2 0 0 0 1 2 2 0 1 0 2 1 0 2 0 1 0 0 1 2 1 2 1
0 2 1 1 2 2 2 2 1 0 0 1 2 2 0 1 0 1 0 2 1 0 2 2 1 2 1 1 0 1 1 0 1 2 2 1 1 0 0 0 1 0 0 0 1 1 1 1 0 2 0 1 1 0 2 0 0 0 1 1 2 2 2 0 2 0 1 0 0 0 2 1 0 2 2 1 0 1 1 0 1 2 0 2 0 2 2 0 0 2 2 0 2 0 0 2 0 0 0 0 0 2 1 1 2 0 1 0 2 2 1 2 1 1 2 2 1 0 0 2 0 2 0 2 2 0 2 0 1 0 0 1 0 2 1 1 1 2 1 1 2 0 0 1 0 1 1 2 2 2 1 2 1 1 2 2 0 0 2 1 1 1 1 1 0 0 2 2 0 1 1 2 0
2 0 1 0 2 0 0 1 0 2 1 2 0 1 2 0 1 2 1 2 1 0 1 1 1 0 1 0 1 1 1 1 2 2 2 2 0 0 1 0 0 2 0 1 0 0 2 2 0 1 2 2 2 0 1 1 1 0 2 0 2 1 2 1 0 0 1 1 1 0 2 2 0 0 1 1 1 0 1 2 0 0 1 2 2 0 1 0 0 0 1 2 2 1 1 0 1 0 2 0 1 2 2 1 0 0 0 1 2 1 1 2 0 0 2 2 0 1 0 1 2 1 1 2 0 2 0 2 0 2 2 1 2 2 0 2 0 1 1 0 0 2 0 1 2 0 0 2 2 0 0 2 2 1 1 1 2 1 0 2 0 1 2 0 1 0 0 2 1 2 1 1 1
1 2 1 0 0 0 2 1 2 1 1 1 0 2 0 1 0 1 0 2 0 1 0 0 1 1 1 0 2 1 2 1 1 1 1 2 2 2 0 1 1 2 1 2 2 2 1 0 0 1 2 1 0 1 2 2 2 1 0 2 0 0 0 1 1 2 1 1 2 2 0 0 1 1 2 1 1 2 2 2 0 2 1 2 0 0 2 0 2 2 2 2 1 0 2 2 0 0 1 2 0 2 0 2 1 0 1 0 2 0 0 0 0 1 0 1 2 2 2 2 2 0 2 0 1 2 0 2 0 2 2 0 2 2 0 1 0 1 2 2 2 2 1 0 1 1 2 0 2 2 0 1 2 1 2 0 0 2 0 0 2 2 2 2 2 2 2 2 2 1 0 1 1
2 2 2 1 1 0 0 1 1 1 0 2 1 2 0 2 2 1 2 0 1 0 2 1 2 1 0 0 2 0 2 1 2 1 0 1 2 0 0 0 0 0 0 1 0 2 0 1 1 1 1 2 1 1 0 0 0 1 1 0 1 0 1 0 2 1 2 1 0 2 0 0 1 1 1 2 0 0 1 1 1 0 0 0 1 2 0 2 1 2 2 0 2 1 1 2 1 1 0 1 1 1 1 2 0 0 2 0 0 1 0 2 2 1 2 0 0 0 0 2 2 0 2 2 2 1 1 0 2 0 1 1 1 0 1 1 0 1 0 2 2 0 1 2 2 2 1 1 2 1 0 0 0 0 2 0 2 1 1 2 1 2 0 2 0 1 2 0 0 2 2 0 0
2 0 2 1 1 1 0 1 2 0 1 0 1 1 2 0 2 1 1 2 1 1 2 1 1 0 1 1 0 2 1 2 0 2 0 1 1 1 2 0 0 1 1 1 2 0 1 2 1 0 1 1 2 1 2 1 2 0 2 0 0 2 0 1 2 1 0 0 2 0 2 0 2 0 1 2 1 0 2 0 1 2 1 1 0 1 0 0 0 2 1 1 2 1 2 1 2 2 0 0 0 2 1 0 2 1 0 0 1 2 2 0 1 0 2 0 0 2 0 0 2 2 1 2 1 0 1 2 0 1 2 1 1 0 2 1 2 2 2 1 2 1 2 2 0 1 2 0 1 0 0 0 0 2 0 2 0 0 1 0 2 1 2 1 2 1 2 2 1 2 1 2 1
0 1 1 2 0 1 0 1 2 1 2 1 2 2 1 0 1 2 2 0 2 0 0 1 0 2 0 0 1 0 1 2 1 0 2 2 2 2 0 1 2 0 0 2 0 2 2 2 1 1 2 1 0 0 0 1 0 1 1 0 1 0 2 2 0 2 2 0 2 2 2 1 1 2 1 1 2 0 2 2 0 1 0 0 2 0 2 0 2 1 0 0 2 0 0 1 2 2 1 0 0 1 2 2 1 1 1 1 1 0 0 2 0 0 0 2 2 0 0 2 1 1 0 1 2 1 2 2 2 1 2 0 2 2 0 0 0 1 2 2 0 2 0 0 1 0 2 1 0 0 0 2 1 1 1 1 1 0 1 0 2 1 1 1 1 1 0 2 2 0 2 0 0
0 0 2 0 0 0 1 1 0 0 0 0 2 2 1 0 1 1 2 2 0 2 2 1 0 1 1 0 1 2 1 1 2 1 2 0 1 1 2 0 1 0 1 2 0 2 0 1 1 0 1 1 0 0 2 0 2 1 2 1 0 1 0 1 1 2 2 2 0 2 0 2 0 1 1 0 1 2 2 2 0 1 0 0 2 0 1 2 2 1 0 0 0 1 2 1 0 2 2 1 2 0 2 2 0 1 2 1 1 2 1 1 0 2 1 0 0 0 0 0 2 2 0 0 0 0 2 1 0 1 0 2 2 2 1 0 1 1 1 2 0 2 1 1 0 2 2 0 0 2 1 2 1 2 0 0 2 0 1 0 2 2 2 2 2 1 2 1 2 1 1 0 1
2 2 2 1 2 0 2 2 1 0 2 1 0 2 1 1 1 2 2 0 2 1 0 1 2 2 0 0 0 2 2 0 2 0 2 1 0 2 1 2 0 0 0 2 0 2 0 1 1 2 0 2 2 1 0 1 1 1 2 2 0 2 0 0 2 0 2 0 0 1 2 1 2 0 0 0 0 0 2 0 1 0 2 1 2 2 2 1 0 1 0 2 0 1 2 1 1 0 1 2 1 1 0 0 2 1 1 2 2 2 2 0 2 1 1 1 0 1 2 2 0 1 2 1 2 2 0 2 2 1 1 0 0 2 2 2 1 1 1 0 0 1 1 1 0 0 2 1 0 0 1 0 2 1 2 2 0 2 1 0 0 0 1 1 0 1 0 1 0 2 2 1 1
1 2 1 2 0 0 2 1 2 0 1 0 2 0 1 2 2 2 0 2 0 2 0 0 0 1 1 2 1 2 1 2 0 1 2 1 1 1 0 1 2 1 2 2 1 0 2 1 2 0 1 1 2 2 1 1 1 2 1 1 2 0 0 0 1 0 2 0 2 2 1 1 1 2 1 0 2 0 2 0 1 1 2 1 0 0 2 0 0 1 1 0 2 2 1 0 0 0 1 2 0 0 1 1 2 1 2 2 1 2 0 0 0 2 0 2 0 0 0 1 2 2 2 1 1 0 2 1 1 1 1 2 2 1 2 2 2 2 2 0 2 0 2 1 0 2 0 1 0 1 0 0 0 2 2 1 0 2 1 2 1 2 2 0 1 1 0 0 2 2 2 1 0
1 2 1 1 0 0 1 1 0 2 1 1 2 1 1 1 0 1 0 0 2 0 2 0 1 2 2 0 2 1 2 1 1 1 0 2 2 2 0 2 2 0 1 1 2 1 0 2 2 0 2 1 0 1 0 2 2 0 1 1 2 0 0 1 1 0 1 0 0 1 0 0 2 0 1 1 1 2 0 1 0 1 1 1 2 2 1 2 2 2 1 0 2 2 2 1 0 0 2 1 2 1 2 2 1 1 1 2 1 0 1 2 1 2 1 1 1 2 1 2 0 2 2 2 2 1 2 2 1 1 1 1 2 0 0 1 0 0 0 1 0 2 1 1 2 2 0 1 0 1 1 0 1 0 0 0 2 2 0 1 2 1 2 2 0 1 1 1 1 2 2 1 2
2 0 0 1 0 1 2 0 0 2 1 0 1 2 2 0 0 1 0 2 0 1 0 1 2 1 2 2 1 1 0 0 1 0 2 0 2 0 0 2 2 1 0 1 1 0 2 1 1 0 2 1 1 2 0 1 1 0 2 0 2 2 1 1 0 1 1 2 1 2 2 2 1 2 0 0 2 0 0 0 1 2 2 0 1 0 2 0 1 2 0 1 1 1 2 1 0 2 1 1 1 0 1 0 2 2 1 2 2 2 0 1 1 2 2 0 0 2 2 2 1 2 1 0 2 1 1 0 0 0 2 0 0 1 0 0 0 2 2 2 2 2 1 0 2 1 2 0 0 1 0 2 1 1 2 0 0 1 0 1 1 0 1 2 2 0 2 2 0 2 2 0 1
0 1 1 2 0 2 2 2 2 1 1 2 1 2 2 2 1 0 0 2 0 2 1 0 2 1 0 1 0 0 0 2 2 2 1 0 2 2 1 1 1 2 1 0 2 0 2 1 2 1 0 2 1 2 0 1 0 0 0 1 2 1 0 2 1 1 2 0 1 0 2 0 0 1 0 1 2 0 2 1 2 0 1 1 2 1 0 0 2 0 2 2 2 2 1 0 1 0 0 0 2 1 0 0 2 1 1 1 1 1 1 2 2 2 1 2 1 1 0 1 2 2 0 2 1 1 0 0 2 2 1 1 0 1 0 2 0 1 1 2 0 2 1 2 2 2 0 1 0 0 2 1 0 2 1 1 0 1 2 2 0 0 2 1 2 0 1 2 1 0 2 0 0
0 0 0 1 0 1 1 1 0 0 1 2 1 0 0 1 1 1 2 1 1 1 2 1 2 1 0 0 1 0 1 0 1 1 1 2 1 0 0 1 1 2 2 0 1 0 1 2 1 1 1 2 2 1 1 2 1 2 0 2 2 2 2 1 1 0 1 2 1 2 2 0 0 2 0 1 2 2 1 2 0 0 1 0 0 0 0 1 2 1 0 2 0 0 1 0 1 0 0 2 2 0 2 2 2 1 1 0 0 0 2 1 2 1 1 2 1 2 0 1 1 1 2 1 2 1 2 1 1 0 1 0 1 2 1 1 0 2 1 0 1 0 2 0 1 1 2 1 0 0 0 1 1 0 1 1 1 0 0 2 1 1 0 0 0 1 2 1 1 1 2 2 1
1 2 0 2 2 2 0 0 1 2 2 1 0 1 0 2 1 0 1 0 0 2 2 2 1 0 2 2 0 1 1 2 2 0 2 2 0 0 0 1 2 0 0 1 1 1 1 0 1 2 0 0 2 0 0 1 1 2 2 2 2 1 1 2 1 1 2 2 2 0 1 0 0 1 1 2 0 2 0 0 2 2 1 2 2 1 2 1 2 1 0 1 2 0 1 2 2 1 2 2 2 0 2 2 0 1 0 0 1 0 1 0 0 2 1 0 1 0 1 0 2 0 2 2 1 1 2 1 2 1 1 1 2 0 2 2 2 0 0 0 1 2 2 2 2 1 0 1 2 1 2 1 2 1 0 1 0 0 0 1 2 2 2 1 1 2 1 0 2 0 2 2 0
1 1 2 0 1 1 2 0 0 0 1 0 1 0 1 2 1 2 2 1 0 1 2 2 1 2 0 1 2 2 1 1 1 1 1 0 2 0 0 1 1 2 1 0 0 2 0 1 2 0 0 0 0 2 2 1 0 0 2 2 0 1 1 1 2 2 2 2 1 1 1 2 0 2 0 1 2 1 1 2 2 1 2 2 2 0 0 2 0 0 2 1 2 0 0 2 1 0 2 2 1 0 2 2 0 0 1 0 2 2 1 1 1 0 2 0 1 0 0 2 2 0 1 1 1 2 0 2 0 0 2 2 0 0 2 1 0 1 2 0 0 1 2 2 1 1 0 1 0 0 1 2 1 0 0 0 2 2 0 1 2 0 0 1 0 2 0 1 0 0 2 1 1
1 2 1 1 2 2 1 0 0 0 0 0 1 0 2 1 0 1 2 1 2 1 2 1 1 0 0 0 2 2 1 1 1 2 0 1 1 1 0 1 2 0 2 1 0 0 0 0 1 0 2 0 1 1 0 0 0 1 0 0 0 2 2 2 2 2 1 2 0 1 0 2 1 1 1 1 1 2 0 2 2 0 0 1 2 1 1 2 2 0 1 2 0 0 2 2 0 1 1 1 2 0 2 1 1 1 0 0 1 0 2 0 0 0 2 0 1 1 0 0 1 1 0 2 2 2 2 0 1 1 2 1 2 1 0 1 0 0 1 1 1 2 2 2 2 1 0 1 1 1 1 2 0 1 0 0 2 2 1 0 1 1 2 2 0 2 0 1 0 0 0 2 2
0 2 1 2 0 2 0 2 2 1 2 0 1 1 0 1 2 2 0 0 1 2 1 1 1 0 2 1 0 2 1 1 2 0 1 2 1 1 2 0 0 0 0 1 1 2 2 0 1 0 1 2 0 0 1 1 1 1 0 1 1 2 0 1 0 2 1 1 1 2 1 2 2 2 0 0 1 1 0 0 2 2 0 2 0 2 2 1 2 2 1 0 2 2 2 2 1 1 1 2 0 0 2 2 0 0 0 0 1 0 0 1 1 1 0 1 1 2 1 0 0 0 1 2 2 1 2 1 2 1 1 0 1 1 0 2 2 0 2 1 1 0 2 2 2 0 2 1 1 1 1 1 1 1 1 1 2 1 2 2 2 1 2 1 0 0 1 2 0 1 0 2 2
0 0 1 1 0 0 2 1 2 0 2 0 2 1 0 0 0 2 0 2 2 2 0 2 0 0 0 2 1 1 1 1 1 1 2 1 1 2 2 1 0 2 0 2 0 0 0 1 1 1 0 0 1 1 1 2 2 2 2 1 0 2 2 2 0 0 0 2 0 0 0 1 2 1 1 0 2 2 2 0 1 0 1 0 2 0 0 2 1 2 0 1 1 1 2 2 1 2 1 2 1 0 0 1 1 2 2 1 2 1 1 0 2 1 0 0 1 0 2 2 1 0 2 0 2 1 0 1 1 1 0 2 2 1 1 2 1 1 0 0 0 2 1 0 1 2 1 0 0 0 1 1 1 0 0 0 2 0 1 1 2 0 1 2 1 0 1 0 2 2 0 2 1
1 0 0 1 1 1 0 2 2 2 0 0 2 2 0 2 1 1 0 1 0 0 0 1 2 0 0 1 1 0 1 1 0 1 0 2 0 0 2 2 0 0 0 0 0 1 0 2 0 1 1 1 1 2 0 0 0 1 1 2 2 2 1 0 2 1 0 2 2 0 0 0 0 0 0 1 2 1 1 0 2 2 1 1 1 2 1 0 1 1 2 0 1 1 1 0 2 2 0 2 2 0 2 0 1 0 2 1 2 0 1 0 2 1 1 2 0 1 2 2 2 2 1 1 1 2 2 0 0 0 0 2 1 2 0 2 0 0 2 1 0 0 1 1 1 2 1 0 1 1 2 0 1 0 2 2 1 2 2 1 2 0 1 1 1 2 1 2 2 0 0 1 2
1 0 0 2 1 0 0 2 1 2 1 2 2 0 0 1 0 2 1 1 1 2 2 1 1 2 1 2 0 2 1 2 2 2 2 1 1 1 1 2 0 2 2 2 0 0 1 2 2 0 0 1 0 0 2 1 0 1 1 0 1 0 0 2 0 0 0 1 1 0 1 1 0 0 1 1 1 0 0 2 0 1 0 0 2 0 2 2 2 0 1 0 1 2 2 2 2 0 1 1 0 0 0 1 1 2 2 0 0 0 0 1 2 0 1 2 1 0 0 0 2 1 1 1 1 0 1 0 1 2 2 2 0 0 1 1 0 1 2 0 0 2 1 2 1 0 0 0 1 0 1 1 2 0 0 0 1 1 0 0 1 0 0 1 1 1 1 1 1 0 2 1 1
2 1 2 0 1 0 1 2 2 1 1 2 2 2 2 2 1 0 0 2 0 0 0 0 1 2 1 1 1 0 2 0 1 2 0 1 1 0 1 0 2 0 1 1 0 0 0 1 0 2 0 1 2 0 1 0 0 0 2 0 1 0 1 1 0 0 0 1 0 1 2 0 2 0 2 0 1 1 1 1 1 2 2 0 0 2 1 1 0 0 1 2 0 2 1 2 2 1 0 0 2 0 1 2 0 2 0 1 0 1 0 1 1 1 2 2 0 0 1 1 1 0 1 0 0 2 2 1 0 2 2 1 0 2 1 1 1 1 1 2 0 1 0 2 0 0 2 0 0 1 0 2 1 1 2 2 2 1 0 0 2 1 1 0 0 0 2 1 1 1 0 2 1
1 2 1 1 1 0 2 2 0 1 1 2 2 0 1 1 1 2 1 0 1 2 0 2 2 1 1 0 2 0 1 0 2 1 2 1 1 1 0 1 0 2 0 0 0 0 2 2 0 0 2 1 0 2 1 0 1 0 1 0 1 0 1 2 1 0 0 0 2 2 1 0 1 2 1 1 0 0 0 0 1 0 0 1 2 1 2 0 1 1 1 1 2 2 0 1 2 0 1 1 0 0 2 0 0 1 1 1 1 0 1 2 1 2 2 1 1 1 2 0 2 1 1 2 0 1 0 1 0 1 0 1 1 0 1 0 1 1 1 2 1 0 0 0 0 2 1 1 1 1 1 2 2 1 1 0 0 2 1 0 1 2 2 1 2 0 1 2 1 0 1 0 0
2 1 0 2 0 2 1 2 2 1 2 0 2 0 0 2 2 2 2 2 2 1 0 2 2 2 2 2 1 0 0 1 2 1 1 1 0 0 0 0 1 0 0 2 1 2 2 1 1 1 1 1 2 1 1 2 1 1 2 2 2 0 1 2 2 0 1 0 0 2 1 0 0 2 0 2 1 2 0 0 2 2 1 2 0 1 2 1 2 2 2 2 0 0 2 2 1 1 0 0 1 2 1 1 1 1 1 1 0 0 2 2 2 2 0 0 0 0 2 2 2 1 2 0 0 2 0 2 0 0 0 2 2 1 1 2 2 0 0 1 1 0 1 0 2 1 0 2 1 1 2 1 0 2 2 1 1 2 1 1 1 1 1 1 1 0 0 0 1 1 1 2 2
0 2 1 2 1 2 1 0 2 0 0 1 2 2 2 2 1 1 0 0 0 0 1 1 0 0 2 0 2 2 0 0 1 2 0 0 1 1 0 0 1 1 2 1 1 2 1 0 1 0 0 2 0 0 0 1 0 2 2 2 1 2 0 0 2 0 1 1 2 2 2 1 1 2 0 2 2 1 2 0 1 1 2 2 1 2 1 2 2 0 1 1 1 2 2 0 0 1 1 0 1 1 1 2 1 1 2 0 0 2 1 2 0 1 2 2 1 1 1 0 1 1 2 2 0 1 0 2 0 2 2 1 1 2 1 2 0 1 0 1 1 1 1 2 0 1 2 1 2 0 1 1 1 1 2 0 0 2 0 0 2 2 2 1 2 1 1 0 0 2 2 2 1
0 1 2 2 0 0 1 2 0 0 0 1 0 1 2 2 1 0 0 2 0 1 1 2 2 2 2 2 2 1 1 0 0 1 0 1 2 1 1 0 2 1 0 2 1 2 0 2 1 0 1 1 2 0 0 1 0 0 2 2 1 1 0 0 2 0 2 2 2 0 1 0 2 1 0 0 1 0 0 2 1 2 1 0 0 1 0 1 2 2 0 1 1 1 2 1 1 1 0 2 1 1 2 1 0 2 2 2 1 0 1 2 0 2 1 1 2 1 2 2 1 1 1 2 2 1 0 2 2 1 1 2 1 1 1 1 1 1 1 2 2 0 0 0 0 2 1 0 0 2 2 2 0 2 2 0 1 0 0 1 2 2 0 0 0 2 0 0 1 1 0 0 2
0 1 1 2 2 1 0 2 2 0 0 2 2 2 0 2 2 1 2 2 0 0 0 2 1 0 1 1 1 2 0 2 0 2 0 1 2 1 0 2 2 2 1 2 1 1 0 0 0 0 2 0 0 0 1 0 1 2 1 0 0 2 1 0 2 1 1 1 0 0 1 2 2 2 0 0 1 0 0 1 0 1 0 1 2 2 1 1 2 2 2 2 2 0 0 2 2 2 1 2 2 2 0 2 1 0 0 0 0 2 1 1 0 2 2 0 1 1 1 1 1 0 0 1 1 1 0 0 1 1 1 1 1 1 2 0 1 2 0 2 1 0 0 2 2 2 2 2 1 1 1 0 2 1 1 2 1 0 0 2 2 1 1 1 2 0 1 1 0 2 0 2 0
1 2 2 1 1 2 0 0 0 1 1 0 1 1 1 1 1 1 0 0 0 2 0 1 1 2 2 1 0 1 1 2 1 1 1 1 2 1 2 2 1 1 0 2 2 2 0 1 0 1 2 2 1 0 0 2 2 0 1 1 2 0 1 1 1 2 0 0 1 2 1 2 1 1 1 1 2 2 0 0 1 2 2 2 0 0 2 0 0 0 2 1 0 0 2 2 0 2 1 2 2 0 2 0 2 2 2 1 1 0 2 2 0 1 1 1 2 0 2 0 1 2 1 2 0 1 0 1 1 1 1 1 2 0 2 1 2 2 0 1 0 2 1 1 1 1 2 0 2 2 2 1 2 0 1 0 2 1 2 0 0 0 2 2 1 2 1 2 1 2 1 2 1
2 0 2 0 0 1 0 0 0 2 0 1 0 0 0 0 0 2 0 0 1 1 2 1 0 2 1 2 0 0 1 2 1 1 1 1 0 1 2 0 0 0 2 1 1 0 1 2 0 0 2 0 2 2 1 2 2 0 2 2 1 0 2 0 2 1 1 0 2 2 1 0 2 1 1 1 0 1 0 0 1 1 1 1 1 1 0 1 1 0 0 2 1 0 0 0 1 0 1 1 2 0 2 2 1 2 0 1 0 2 0 2 0 1 0 2 0 1 0 2 1 2 2 2 0 0 0 0 0 2 2 0 2 2 2 1 1 0 0 1 2 1 1 0 2 2 1 0 0 2 0 2 1 2 1 0 0 2 0 0 1 2 0 1 2 0 0 0 1 1 2 1 2
0 0 2 2 1 0 0 0 1 2 0 1 1 0 2 1 1 1 0 1 1 2 1 0 0 1 2 1 1 0 1 2 1 1 2 2 2 0 0 0 0 1 2 2 1 0 0 2 1 2 1 2 2 2 0 2 1 2 1 0 1 0 2 2 1 2 0 1 0 1 0 1 2 0 0 0 0 2 0 1 1 1 2 1 1 2 0 0 0 2 0 1 2 0 1 1 0 1 0 1 2 0 2 1 0 0 2 2 2 0 0 1 2 2 2 1 2 0 2 0 2 2 1 2 0 0 1 0 2 2 2 2 2 2 1 0 0 1 2 0 2 1 2 2 0 2 0 0 0 0 0 0 0 2 1 0 0 2 2 0 2 1 2 2 1 1 2 1 0 0 1 2 2
1 1 2 2 2 1 0 2 2 1 2 2 2 2 0 2 2 0 1 1 2 0 2 1 1 1 2 2 0 1 1 2 0 1 2 2 2 2 2 2 1 1 2 1 1 2 1 1 0 0 2 2 1 2 1 2 0 0 2 0 2 0 0 2 2 0 2 2 0 1 2 2 0 1 0 2 0 1 1 0 2 1 1 1 1 0 1 1 2 1 2 2 2 1 2 2 1 1 2 2 1 1 2 1 1 2 1 1 1 2 0 2 1 2 0 2 0 2 1 0 0 1 0 0 0 2 2 2 1 2 2 0 2 1 2 0 1 0 2 0 1 2 2 2 2 0 0 0 2 1 1 1 0 1 1 0 0 1 1 0 2 0 0 1 2 0 1 0 2 0 1 0 1
1 0 0 1 0 1 2 2 0 0 0 2 2 1 1 1 0 1 0 0 2 1 0 1 0 1 0 1 0 0 0 2 0 1 1 2 1 1 2 2 1 2 1 0 1 2 0 1 1 0 2 1 0 0 2 0 1 2 2 0 0 2 0 1 2 1 0 0 0 2 2 2 0 0 1 1 0 1 1 1 2 1 0 2 1 0 1 1 0 1 1 0 2 1 2 1 0 0 1 1 1 1 2 1 1 0 0 2 2 1 2 1 2 2 2 1 0 0 0 0 1 1 2 0 0 1 2 1 2 1 0 0 2 0 1 1 0 2 1 0 0 0 1 1 0 0 0 1 1 0 2 1 2 1 1 2 0 2 1 0 0 1 1 0 2 0 2 2 0 0 2 1 1
2 2 1 0 0 0 2 1 2 0 0 2 2 0 0 1 2 1 2 1 0 0 1 1 2 1 1 2 2 2 0 1 0 2 1 0 0 1 2 0 1 0 0 1 1 0 0 0 0 0 2 0 0 0 1 2 2 2 0 2 2 1 1 2 1 2 0 1 1 0 2 0 0 0 2 2 2 0 2 2 0 2 0 1 0 2 1 0 2 2 2 1 1 0 1 0 1 2 2 0 0 0 0 1 0 0 1 0 1 1 2 1 0 0 0 2 2 0 2 1 0 0 1 1 0 0 2 2 0 2 2 0 0 1 1 0 2 0 2 1 2 1 0 0 0 1 2 2 2 0 2 2 0 0 2 1 0 1 1 0 1 1 0 1 0 2 0 0 0 2 1 2 1
