3 174 19
503914205 861314992 652135225 543162834 420437036 892259829 155639880 1069468465 766177771 532853351 984786376 1103111625 746167670 416591090 869103425 329871454 25066200 1060004735 92863480 891031580 580065292 410505058 854942138 942586987 788946560 667111667 504325364 127274412 853595918 69803277 310743736 774302814 1031489873 1022009057 797883637 288353070 734541597 1017608312 703231802 818401533 958547875 151434149 423750842 634714819 520211709 547339363 821926164 914225950 93612647 820517459 539076886 1115912176 1132509581 229194069 814972935 278884907 722915379 167901319 360574177 955831477 600454627 995791381 137398733 153329633 506981550 710189776 36684142 1047343847 1034677581 433971958 613234717 859218194 731127927 317461765 81375840 36327179 416856934 796826264 933040522 261839033 891955731 25827442 210843453 791759443 276911488 983440108 499614256 545298630 849934037 349824093 637639318 188595671 132894610 336290976 719219006 763419907 1035318078 967865144 361310435 1153154371 64650084 1120114304 723942307 16149023 545028829 27606589 524402782 78988474 833079971 808065482 395373382 1022743283 735526977 521107130 271703528 1060543095 557742675 1020152417 579839500 897883701 777090059 500829925 426310807 165948885 269497883 909159258 973155900 6641506 799938600 265611069 1159302553 924640700 223941573 958147450 590074419 276690995 1127595696 305205992 393156228 890162424 16223956 511472968 412147337 208214345 151515829 505733008 1134935348 368234427 332201580 1133670768 782301613 300960940 241033736 142608285 975981473 566236256 496408301 931587135 534047881 1100295742 300092569 55829956 728879503 731379961 332718017 742280113 289580013 224239351 795662483 460011986 211606641 792221986 167712761 1023503933
2 1 2 0 2 1 2 2 0 1 2 0 2 0 1 0 2 0 1 0 2 2 0 2 2 1 2 0 1 2 2 0 0 2 0 0 0 0 0 1 2 0 0 2 0 2 2 1 2 1 2 0 1 0 2 2 1 1 0 0 0 2 0 2 2 1 0 0 1 0 2 1 1 0 0 0 2 1 1 0 0 0 0 1 1 2 1 0 1 1 0 2 2 1 1 2 0 2 0 0 0 0 2 2 1 1 2 0 2 1 1 2 1 2 1 1 1 0 1 0 2 0 0 2 1 2 2 0 2 2 0 2 0 2 1 1 0 0 2 2 2 1 2 1 1 1 0 0 2 2 1 1 2 1 1 2 1 0 2 0 0 0 0 0 2 0 2 1 0 1 0 1 0 1
2 2 2 0 0 1 2 1 0 0 0 1 2 2 2 2 0 0 2 0 1 2 0 0 0 2 0 2 0 0 1 0 2 0 0 0 2 0 2 0 0 0 0 2 0 2 2 0 1 2 1 2 0 0 0 1 0 0 0 1 1 2 1 2 2 2 2 2 2 2 1 1 2 1 0 0 0 1 0 2 1 0 2 1 0 0 0 0 1 1 2 2 1 0 1 1 0 2 2 0 1 0 1 2 1 0 2 2 2 1 2 0 1 2 2 2 2 0 0 0 2 2 2 1 0 2 0 0 1 0 1 2 0 0 2 2 1 2 2 0 0 2 0 1 1 0 0 0 1 1 0 1 0 1 0 0 0 0 1 2 1 2 2 2 0 2 1 1 1 2 2 2 1 1
1 0 1 2 1 1 0 0 0 0 2 0 0 2 2 1 2 0 1 1 0 2 0 2 1 2 1 1 1 1 2 2 1 1 1 0 0 1 0 0 1 2 2 2 2 1 1 1 2 0 1 2 0 1 0 2 1 2 1 2 0 1 0 2 1 1 0 1 0 1 0 2 2 2 2 1 1 0 1 0 1 2 1 2 1 1 2 0 0 0 1 1 2 1 0 0 2 1 2 0 0 2 0 0 2 0 1 0 1 0 2 0 0 0 2 0 2 2 0 2 0 1 1 0 2 0 0 0 2 2 0 2 0 1 0 0 2 2 1 1 0 1 2 2 1 2 2 1 2 0 0 2 2 0 0 2 1 0 2 0 0 1 1 1 2 1 2 2 1 1 1 2 2 0
2 1 2 1 2 1 2 0 1 1 0 1 1 1 2 1 0 1 2 1 0 0 2 2 0 1 1 2 1 1 2 0 2 1 2 2 1 1 0 0 1 1 0 0 1 2 1 1 1 2 0 2 0 2 2 1 0 2 0 2 0 0 0 0 2 2 0 0 2 1 2 0 1 2 1 0 1 0 1 1 2 2 1 0 1 0 2 0 2 2 2 1 0 0 2 0 0 2 1 0 1 0 1 0 2 2 0 2 0 2 0 0 1 2 2 2 0 1 0 1 2 0 2 2 1 1 0 2 1 2 1 2 2 2 0 0 0 0 2 0 2 0 1 0 2 0 1 0 0 1 1 2 2 0 2 0 2 0 1 1 2 2 1 2 2 2 0 2 2 0 2 2 0 2
0 0 0 1 1 0 0 0 2 2 1 2 1 0 0 2 2 0 2 1 0 1 0 1 1 2 1 1 2 0 1 0 1 2 2 0 2 2 1 2 0 0 2 1 1 2 1 1 2 0 2 2 2 2 1 1 2 0 1 0 0 2 0 2 1 2 0 1 0 1 1 0 2 0 1 0 0 0 2 2 1 1 2 0 1 1 0 2 2 1 2 0 0 0 2 2 0 2 0 0 1 2 0 1 2 2 2 2 2 2 2 0 1 2 2 0 0 2 0 2 0 2 0 0 0 0 0 1 0 0 1 0 2 2 1 2 2 1 2 2 1 1 0 0 2 2 0 2 1 2 0 1 2 0 0 0 1 0 1 2 2 2 2 2 2 0 2 2 2 1 2 1 1 2
1 0 2 2 0 1 1 1 0 1 0 1 1 1 1 2 1 0 2 0 0 2 2 0 2 2 2 1 0 1 0 1 2 0 0 1 2 0 2 0 1 0 1 0 0 0 0 1 1 2 0 2 1 2 0 1 2 2 2 2 2 1 1 1 1 2 2 1 2 0 1 1 0 0 1 0 1 1 0 0 2 0 2 0 0 0 0 2 2 2 1 1 1 0 1 1 2 0 2 2 1 2 1 0 0 1 1 1 0 1 1 2 1 1 1 2 1 1 1 2 0 0 1 0 0 2 1 0 0 0 0 1 0 1 1 1 2 0 2 1 2 2 0 2 1 1 1 1 2 0 0 1 0 1 1 2 1 2 2 2 0 2 1 1 1 1 0 2 1 0 0 1 0 0
0 2 0 2 0 2 0 1 1 1 2 2 0 1 2 2 0 0 2 0 2 2 1 0 2 0 0 2 1 1 0 2 1 1 2 2 1 2 0 0 0 0 1 1 2 0 1 0 1 1 0 1 1 2 1 0 2 0 2 1 2 0 1 0 2 0 2 1 0 0 2 0 0 0 2 0 1 1 2 0 0 0 0 1 0 2 2 2 2 2 1 1 2 2 2 2 0 2 1 0 2 1 2 0 1 2 1 0 1 0 2 1 1 2 0 1 1 0 0 1 2 2 0 0 2 0 2 0 2 2 1 2 0 0 0 1 0 1 0 1 2 2 1 1 1 2 2 2 0 2 1 2 2 0 0 2 1 0 0 0 2 1 0 0 2 1 2 0 1 2 2 1 1 1
2 0 1 1 1 2 1 0 2 1 0 0 1 1 1 1 0 1 2 1 1 2 1 0 2 2 1 0 0 0 1 2 1 0 0 0 2 2 0 2 1 2 0 2 0 1 1 1 2 2 0 1 1 1 1 2 1 2 2 1 0 1 1 2 2 2 2 1 1 0 1 0 2 1 0 1 0 0 2 0 2 0 1 0 2 0 0 0 0 0 2 1 2 0 0 1 2 0 0 1 1 0 2 1 1 0 2 0 0 0 0 2 1 0 1 2 1 1 0 1 2 0 1 1 1 1 0 1 0 0 0 2 0 0 0 0 0 1 1 2 2 1 1 0 1 2 0 2 2 1 2 1 2 0 0 0 2 0 2 2 0 0 1 2 0 0 2 2 1 0 1 0 2 0
1 2 0 2 2 0 1 2 1 0 2 2 0 2 2 1 2 0 1 1 2 0 2 2 0 0 0 2 1 1 2 2 1 0 2 0 0 0 0 1 0 0 0 2 0 0 0 0 1 2 2 1 2 1 2 0 2 0 2 0 2 2 2 0 2 0 2 0 0 0 2 1 0 1 1 1 1 1 1 0 1 1 0 2 2 0 2 2 0 2 2 1 2 2 1 2 2 0 2 0 0 0 2 2 1 0 0 0 2 2 2 0 0 2 2 0 0 2 2 0 2 2 1 1 1 1 1 1 2 1 2 1 2 2 0 1 0 1 2 2 0 1 0 1 1 0 1 1 0 1 0 0 0 2 2 2 0 0 1 1 2 0 2 1 0 2 2 0 1 0 0 1 1 1
0 1 1 2 2 2 0 0 2 1 0 1 0 1 1 2 2 1 0 1 2 1 1 0 2 2 0 0 1 2 1 1 0 2 0 1 2 1 1 1 2 1 2 1 1 1 0 0 2 0 0 0 2 1 1 2 2 2 2 1 1 0 1 0 0 1 1 2 1 0 1 0 0 0 1 1 1 2 1 2 1 1 0 0 1 1 0 1 1 0 2 2 1 1 0 1 0 1 1 2 0 2 0 0 0 2 1 0 2 2 2 0 2 2 2 1 1 0 2 2 1 2 2 2 1 0 2 2 2 0 1 2 1 1 0 1 1 1 1 2 2 1 2 1 1 2 2 2 0 2 2 1 2 2 0 0 0 0 0 0 1 1 1 2 1 1 1 2 0 0 1 2 1 2
1 0 1 1 0 2 1 0 0 0 0 2 1 1 0 1 1 1 1 2 1 2 1 0 2 2 1 2 2 0 1 1 1 0 2 0 0 0 1 1 1 1 1 2 0 2 2 1 1 1 2 0 0 0 1 2 0 0 1 2 0 0 0 0 1 0 0 2 1 1 1 2 0 1 0 0 0 0 1 2 1 0 2 2 1 1 1 2 2 1 2 0 2 0 1 1 0 1 0 2 2 2 0 2 0 1 2 1 2 1 0 0 0 1 2 2 0 1 2 0 0 1 1 0 2 2 1 0 0 0 1 0 0 2 0 1 0 2 2 2 1 0 0 1 1 0 2 0 2 1 0 0 0 1 1 0 1 2 2 1 0 1 2 0 0 2 1 1 2 0 0 0 2 1
0 1 1 2 1 0 1 2 1 1 1 2 0 2 0 2 1 0 0 0 1 1 0 2 2 2 1 0 0 1 1 1 2 0 0 2 1 2 1 0 1 0 0 1 0 0 1 2 1 2 0 0 0 1 0 2 0 1 2 1 2 1 2 0 2 0 2 1 2 0 2 1 1 2 0 2 1 2 2 0 1 0 0 2 2 0 2 0 0 0 2 2 1 0 0 1 0 2 0 1 0 2 0 2 2 0 2 1 2 1 1 2 0 1 1 2 0 1 0 0 1 0 0 0 0 1 2 1 1 0 0 1 0 0 2 2 1 1 1 0 1 0 0 1 0 1 0 0 0 1 1 2 2 2 2 0 1 2 2 0 2 0 1 2 0 0 0 2 0 2 1 1 2 1
2 0 1 0 0 2 2 2 1 1 2 1 2 0 1 0 0 2 0 0 1 1 1 2 1 1 1 0 2 2 1 2 2 2 0 1 1 2 0 0 2 0 2 1 1 1 1 2 0 2 2 2 1 2 2 0 0 1 1 1 0 2 0 2 0 0 0 1 0 2 2 2 2 2 1 1 1 1 1 1 0 1 1 2 0 1 0 2 0 1 1 0 1 1 0 2 0 2 0 1 2 1 1 1 0 2 0 1 1 2 1 2 0 2 2 2 1 0 2 1 1 0 2 0 2 0 2 2 0 1 0 2 2 2 0 0 2 1 2 0 0 1 0 2 0 0 2 0 1 1 1 0 1 1 2 0 2 1 0 2 0 1 2 0 1 0 1 1 2 1 2 0 2 1
0 0 1 2 0 2 0 0 0 1 2 2 0 1 2 1 1 2 0 0 0 1 0 2 0 0 0 1 2 0 2 2 0 1 2 2 0 2 2 1 2 2 1 2 1 0 1 2 0 1 0 1 1 1 0 1 2 1 2 1 1 2 0 0 0 0 2 1 0 2 0 0 2 1 0 0 2 1 2 2 0 0 1 1 1 1 1 1 0 1 0 2 1 2 2 1 2 2 0 0 2 1 0 1 2 1 1 1 0 1 1 1 1 2 2 1 1 1 0 2 0 1 2 1 1 0 0 0 2 1 2 0 2 0 1 2 2 1 1 2 2 0 0 2 2 1 1 1 2 1 1 0 0 2 1 1 2 0 0 2 1 2 2 2 2 2 2 1 0 1 2 2 2 0
2 2 1 0 2 2 2 1 2 0 0 2 2 0 0 2 1 2 2 1 1 1 0 2 1 0 0 1 1 0 1 0 0 1 2 2 1 2 2 0 2 0 0 2 1 0 2 0 0 1 1 2 1 2 1 2 0 2 0 2 2 2 0 0 0 0 0 1 2 2 0 1 0 0 2 2 2 1 2 2 0 1 1 2 1 0 1 2 2 2 1 0 2 2 1 0 0 1 2 2 2 0 2 0 1 1 0 0 0 2 0 1 1 2 0 0 2 2 2 0 2 1 1 2 2 2 0 2 1 0 2 1 1 2 1 0 1 1 1 1 1 1 0 1 0 1 1 1 1 0 2 0 2 0 0 1 0 0 2 2 1 2 1 2 1 0 2 2 0 0 0 2 2 1
0 0 0 1 1 2 2 1 2 0 2 0 2 2 1 1 0 0 0 1 2 2 2 2 1 0 0 0 0 0 2 1 1 2 0 2 2 0 1 2 0 0 0 0 1 2 2 1 0 1 0 0 0 0 0 2 1 1 0 2 2 2 0 0 0 1 0 2 2 2 2 0 1 0 1 0 0 1 2 1 2 2 1 0 0 2 2 1 1 0 1 1 1 2 2 2 0 2 2 0 0 0 1 1 0 0 1 1 2 0 0 2 0 2 0 0 2 0 0 1 1 1 2 0 1 1 2 2 2 1 0 2 2 2 1 0 0 2 2 0 0 0 0 1 0 0 1 2 0 2 1 2 2 1 0 0 0 2 0 0 2 1 2 1 1 0 2 1 0 0 2 1 0 0
2 1 0 1 0 1 1 2 2 1 1 2 1 2 0 0 2 0 2 2 1 0 0 2 2 0 2 2 2 0 2 1 1 0 2 2 2 1 2 2 2 1 2 2 0 0 0 2 0 2 2 2 2 2 1 2 0 0 1 2 1 1 1 2 2 0 0 2 0 0 2 0 1 1 0 1 1 0 1 2 2 1 2 0 0 0 2 0 2 2 0 0 1 1 1 2 2 1 1 2 1 1 1 0 0 1 2 2 0 1 0 0 2 2 0 2 0 1 0 2 1 0 0 2 1 2 1 0 0 0 1 2 2 2 2 0 1 1 0 1 2 0 0 2 2 1 1 0 2 1 0 0 1 1 1 0 0 0 0 1 1 1 0 1 1 0 1 1 2 2 0 2 0 0
1 0 2 2 0 2 0 2 1 2 0 2 2 1 0 1 2 1 0 1 0 2 1 2 1 1 2 1 0 2 2 2 0 2 1 1 2 0 1 0 0 1 0 0 0 1 1 0 0 2 1 1 1 2 0 2 1 0 2 2 0 1 1 1 1 0 2 0 1 1 2 2 2 2 0 0 0 2 1 1 1 2 0 0 2 1 0 2 2 2 1 2 1 0 0 0 1 0 1 0 1 0 2 1 0 0 2 1 2 0 0 0 0 0 1 0 2 0 2 1 2 1 1 2 1 1 2 0 0 1 1 1 2 1 0 0 1 0 2 0 0 2 1 1 0 0 0 2 0 2 2 0 1 0 2 0 2 0 1 2 1 2 2 2 0 0 2 2 1 2 0 2 1 2
1 2 2 1 2 2 1 1 2 0 2 0 1 2 0 0 2 2 1 2 1 2 0 1 2 1 0 2 0 2 1 2 2 1 0 0 0 0 1 1 0 1 1 2 1 2 1 1 2 2 1 2 1 2 1 0 0 0 1 1 0 0 1 0 2 2 0 0 2 2 1 1 1 0 1 2 0 2 2 0 1 1 0 1 0 1 2 0 1 0 1 2 1 0 0 1 0 1 1 0 0 0 1 2 1 1 2 2 0 1 0 0 0 1 1 0 2 0 1 2 2 0 1 0 1 2 2 1 0 0 2 0 1 1 0 1 2 0 1 1 2 1 1 0 2 2 0 2 2 2 1 2 0 0 2 1 2 2 1 0 0 0 1 1 2 1 2 0 2 0 1 2 2 2
2 2 2 2 0 2 2 1 2 2 0 1 2 2 1 0 1 2 1 2 1 0 1 2 0 1 0 1 0 1 1 0 0 0 0 0 0 0 0 2 0 0 1 2 0 0 0 1 2 1 1 2 2 0 1 0 2 2 0 2 0 1 0 2 0 0 2 0 1 0 0 2 0 1 2 2 2 0 1 2 1 0 1 1 1 0 0 0 0 1 0 0 2 0 2 0 1 0 0 0 1 0 0 0 0 2 2 2 0 0 2 2 1 2 1 0 2 2 0 0 0 1 1 1 2 1 1 1 2 0 2 1 0 2 1 1 1 1 0 2 2 1 2 1 0 1 1 2 1 0 1 1 1 2 0 2 1 2 0 2 2 0 1 0 2 2 2 0 1 0 0 0 1 2
1 2 1 1 0 0 2 1 2 0 1 0 0 0 2 1 2 2 1 0 2 0 0 2 1 1 1 2 2 2 2 1 0 1 0 0 2 2 2 1 1 0 2 1 0 1 0 1 1 1 1 1 0 0 1 2 2 2 1 1 0 1 1 0 0 2 1 2 0 0 2 1 0 1 0 1 1 1 2 2 1 2 1 1 0 0 0 2 2 1 2 0 1 0 0 1 0 1 2 0 2 2 1 2 0 0 2 1 1 1 2 2 1 0 0 1 0 1 1 1 1 0 1 2 1 0 1 1 2 1 0 2 0 1 1 1 2 1 0 1 0 2 0 2 1 2 1 2 1 2 0 2 0 0 2 1 0 2 0 0 0 0 2 1 0 2 2 2 0 0 1 0 0 0
0 2 2 2 1 1 2 0 2 2 0 1 1 1 0 1 1 1 0 1 0 0 0 2 0 0 2 2 2 0 2 0 0 2 0 2 0 2 2 2 2 0 2 0 2 0 2 0 2 2 2 2 0 0 1 2 2 2 1 2 0 1 0 1 0 0 1 1 0 1 2 2 1 1 2 0 2 2 1 2 0 2 1 0 0 1 0 2 1 1 2 2 0 2 1 0 0 2 0 0 0 2 2 2 1 2 0 1 2 2 0 0 2 0 0 2 2 2 0 0 0 2 0 1 0 2 2 1 2 0 2 1 2 2 0 1 0 2 0 2 1 1 2 1 1 0 0 1 2 0 1 1 1 0 0 2 0 0 0 2 1 0 1 1 1 0 0 1 2 1 1 1 0 1
2 0 2 2 1 2 1 1 1 0 1 2 0 1 2 1 1 1 2 1 0 1 1 1 2 0 0 0 2 0 1 1 0 1 0 2 1 2 0 2 2 2 2 2 1 2 1 2 1 1 0 1 2 2 0 2 0 0 0 2 1 2 0 2 0 2 1 2 2 2 1 0 1 2 0 2 2 2 0 0 0 1 2 0 2 0 2 2 1 0 0 0 2 1 2 0 1 2 2 1 1 1 1 1 0 1 1 2 1 2 0 2 1 0 1 0 0 1 0 2 2 0 2 1 2 2 1 0 2 0 1 1 2 0 2 0 0 2 0 2 1 0 2 0 1 0 0 2 2 1 2 2 2 1 0 1 1 0 0 0 0 2 0 0 0 2 1 1 2 2 0 2 0 2
2 1 1 1 0 1 0 0 0 2 2 0 2 1 1 2 0 0 1 0 0 2 0 2 0 0 1 0 2 1 1 2 0 2 0 2 0 0 2 0 0 2 1 2 2 1 2 2 1 0 2 1 0 0 2 1 0 1 0 0 1 1 1 1 1 1 1 1 2 2 2 0 1 1 2 1 2 2 0 0 2 0 0 0 1 0 2 2 1 2 1 2 1 2 2 2 0 1 1 2 0 1 0 0 2 0 1 0 2 0 1 2 0 1 0 1 2 0 2 1 0 0 1 1 2 1 1 2 0 2 0 0 0 0 1 1 2 0 1 1 0 2 1 1 2 2 0 1 0 0 0 1 0 2 0 2 1 2 2 1 2 0 0 0 2 1 1 1 1 0 2 2 0 1
1 0 1 2 0 1 2 0 0 0 0 1 2 2 1 2 0 0 0 0 0 2 0 2 0 1 0 0 2 1 1 1 2 2 0 2 2 0 0 2 0 1 0 0 0 1 2 2 0 0 0 0 2 0 1 0 0 2 1 2 1 0 0 1 1 1 0 1 2 1 0 2 0 2 0 1 1 2 0 1 0 2 0 0 2 2 2 0 1 1 2 0 2 0 1 0 2 1 1 1 1 0 0 1 2 0 2 0 1 1 0 2 0 0 0 0 2 2 1 0 1 1 1 1 2 2 2 1 2 1 0 0 2 1 2 1 0 1 2 2 0 2 2 0 0 2 1 2 0 0 1 2 1 2 0 0 0 0 0 0 2 1 1 1 0 0 0 1 2 0 1 0 1 0
0 1 0 2 2 1 0 0 0 2 0 2 0 1 0 0 1 2 2 2 1 1 2 2 2 2 2 1 0 1 1 0 0 2 1 0 1 1 1 0 1 2 2 2 1 2 0 2 2 1 0 1 2 0 0 1 0 0 0 0 2 0 2 0 0 1 1 2 2 2 0 1 1 2 1 2 2 1 0 1 0 0 0 2 1 0 2 2 1 2 2 0 0 1 1 1 2 2 1 0 1 1 2 1 1 1 1 1 0 1 0 1 2 0 0 1 0 2 0 1 0 0 0 1 0 1 2 0 2 1 0 0 0 0 2 2 1 1 0 2 0 0 1 0 0 1 1 1 2 2 1 0 2 1 1 0 0 2 1 2 0 1 1 2 0 1 1 2 2 0 2 0 0 0
1 2 2 0 0 2 2 2 2 2 1 0 0 2 2 1 2 1 0 1 1 0 1 2 1 0 2 0 1 1 1 2 0 1 2 1 0 2 2 2 2 0 0 0 0 0 1 1 2 2 0 0 1 1 0 2 2 1 2 1 2 0 1 0 1 1 2 2 1 1 1 1 0 2 1 0 0 0 1 2 0 2 0 1 0 0 0 0 1 1 2 1 2 1 2 2 0 0 1 1 1 1 0 2 0 1 0 1 2 2 1 0 2 1 1 1 2 0 1 1 2 1 0 2 0 1 1 1 1 1 0 0 2 1 0 0 2 0 1 0 0 2 1 0 0 2 1 0 0 2 2 0 2 0 0 2 2 1 1 0 0 2 0 2 0 1 2 0 2 1 0 0 1 1
0 2 2 1 0 0 1 2 2 0 0 2 1 2 1 0 2 2 2 1 2 2 2 0 1 2 1 1 2 0 1 0 0 1 1 0 2 2 0 1 1 0 0 0 0 0 0 0 2 0 1 1 0 2 2 1 2 2 1 2 0 0 2 0 1 0 1 0 0 1 0 1 2 0 2 2 0 0 1 0 1 0 0 1 2 2 0 2 1 2 1 1 2 0 2 0 1 1 1 2 0 1 1 2 0 1 0 1 2 1 2 0 1 0 1 1 0 2 1 2 2 0 1 1 1 1 2 0 0 2 0 0 1 2 0 1 1 0 1 0 1 0 0 2 1 0 1 1 0 1 1 0 1 1 1 2 2 2 0 1 1 1 1 2 1 1 2 2 2 0 0 0 1 1
1 2 1 0 0 0 1 0 0 0 1 2 1 1 1 2 2 0 1 1 1 0 0 0 2 0 1 0 1 2 0 0 2 2 1 0 2 0 0 0 1 1 0 2 0 2 1 2 0 0 1 2 0 0 2 1 0 1 2 2 1 2 0 0 2 1 0 2 2 1 0 0 0 0 0 0 2 0 1 0 0 0 2 2 0 2 0 1 0 2 1 1 0 1 2 0 0 0 2 2 2 2 1 2 0 2 1 1 0 0 1 1 1 2 1 2 2 2 0 0 2 2 2 2 0 2 2 0 0 0 1 2 0 0 2 1 2 1 2 0 2 1 2 1 1 0 1 1 0 2 2 2 2 1 2 0 1 2 1 1 2 0 1 0 0 2 1 2 1 1 0 2 0 0
0 0 0 2 1 0 2 1 0 1 2 0 0 2 2 1 1 2 2 0 0 2 0 2 2 2 1 1 1 1 1 2 1 0 1 0 1 1 1 2 0 2 2 0 1 0 2 2 0 1 0 0 1 1 2 2 1 0 0 2 2 1 2 2 1 1 2 1 2 2 0 1 1 0 2 0 0 0 0 1 2 1 1 1 0 1 1 1 2 1 1 1 0 1 0 0 2 1 1 0 1 1 2 0 2 1 0 0 2 0 1 2 2 2 0 1 0 1 2 0 0 1 2 0 2 0 0 0 2 2 0 0 1 2 0 0 1 1 1 1 2 2 1 2 0 1 0 1 0 1 2 1 2 1 2 0 2 1 0 2 0 1 2 1 1 1 0 0 2 2 2 2 2 0
0 2 2 1 1 0 2 1 1 0 2 1 1 2 0 2 1 0 0 2 0 2 0 0 0 0 0 0 0 2 0 0 2 1 2 1 1 2 2 1 2 2 0 0 1 0 2 0 0 0 0 0 0 1 1 0 1 1 0 2 1 2 0 1 0 0 2 2 2 1 0 2 0 0 0 2 0 0 0 1 0 0 2 1 1 1 1 1 0 0 0 2 2 1 0 0 1 2 2 1 1 0 0 1 0 1 1 2 1 1 0 2 0 0 0 1 2 1 0 0 1 1 2 1 2 0 1 1 0 2 2 2 2 0 1 0 1 0 2 2 2 0 1 0 1 1 2 0 0 0 1 0 1 1 1 1 2 1 2 0 1 2 2 1 2 1 1 0 1 2 2 1 2 1
1 1 0 2 2 0 2 1 0 1 2 0 2 2 2 2 0 1 1 0 2 1 1 0 1 1 0 1 2 0 2 2 1 2 1 1 0 0 0 2 2 0 0 1 1 0 1 1 1 0 1 0 1 1 1 0 2 2 1 2 0 1 1 1 1 0 1 1 1 1 1 0 1 1 2 0 1 0 1 0 0 1 0 2 0 0 2 2 2 0 1 2 2 1 1 0 1 2 0 0 1 1 0 1 1 0 1 2 1 0 0 2 2 1 2 2 1 2 2 1 0 1 1 0 2 0 1 1 0 1 2 2 1 2 0 2 0 1 2 2 2 0 2 1 0 1 1 1 1 0 1 2 2 2 0 2 0 2 0 1 2 0 0 1 0 0 0 1 2 0 0 2 1 0
1 1 0 1 0 1 2 1 1 1 2 2 2 2 2 0 0 2 1 1 0 1 2 0 0 2 0 1 2 2 2 0 0 2 2 2 1 2 0 0 0 2 0 0 0 0 1 0 2 2 2 2 1 2 0 1 1 1 0 0 2 0 2 2 2 1 2 1 0 0 2 2 0 2 2 0 0 0 2 2 0 2 2 1 1 0 0 1 1 0 2 0 0 1 1 1 1 0 2 2 1 1 2 0 1 0 1 2 1 0 1 2 0 1 0 2 1 1 0 1 2 2 2 2 2 0 1 1 2 1 1 1 0 1 1 0 2 0 2 0 1 2 0 2 0 2 2 0 0 2 1 2 2 0 0 2 2 1 0 2 0 2 0 1 1 2 2 0 0 2 1 2 1 0
1 0 2 0 0 2 0 1 0 0 2 0 2 1 2 1 0 1 1 2 0 2 2 2 0 2 1 2 1 0 2 1 0 1 2 1 1 0 2 2 1 2 0 1 1 2 2 2 1 0 2 1 0 1 0 1 1 2 1 1 0 0 2 1 2 1 0 1 2 0 0 0 2 0 2 1 0 2 2 2 1 1 0 1 0 2 0 2 2 2 0 0 2 0 2 1 0 2 0 2 2 1 1 1 1 0 0 0 2 2 0 1 1 1 0 1 0 1 2 2 0 2 0 0 0 2 0 1 1 0 0 0 2 1 2 1 2 0 2 0 0 2 1 1 2 2 1 2 1 0 0 2 0 0 0 1 0 1 2 1 1 1 0 1 0 0 1 0 0 0 1 1 1 0
2 0 0 1 0 2 1 0 2 2 2 0 1 2 1 1 1 0 2 1 0 2 2 1 0 2 2 2 0 0 0 1 1 1 2 2 0 2 0 0 2 2 0 0 2 2 1 1 0 1 0 0 2 0 2 0 0 1 0 2 0 0 0 1 1 0 1 1 0 2 2 2 2 0 1 2 0 0 0 1 2 1 1 1 1 0 1 2 2 2 2 2 2 2 2 0 0 0 0 1 0 0 1 0 0 2 2 1 0 2 2 2 0 1 1 0 2 0 0 2 0 2 1 0 2 0 2 2 2 2 1 2 2 0 2 0 2 1 2 0 1 1 0 0 1 2 0 0 0 0 2 1 0 2 2 2 0 1 2 2 1 1 2 1 1 2 2 1 1 2 2 0 1 2
0 2 2 1 0 0 2 0 2 2 0 1 2 2 1 2 1 2 0 1 2 1 2 1 0 1 0 2 1 2 2 0 2 2 1 0 2 1 1 2 1 0 1 1 2 2 0 0 0 1 0 2 2 2 0 2 0 1 0 2 1 0 2 0 2 2 1 2 0 0 1 2 1 2 1 0 0 1 0 0 0 1 2 2 1 0 0 2 2 1 2 0 1 2 2 0 1 0 2 2 1 1 2 2 1 1 2 1 1 1 1 1 0 1 2 2 1 2 2 1 1 1 0 2 2 2 0 0 0 0 0 0 1 0 0 2 1 1 2 2 0 0 1 0 0 1 0 1 0 0 1 2 2 1 1 1 1 1 0 1 1 0 1 0 1 0 2 0 1 1 1 1 0 0
2 0 1 0 2 2 1 1 1 0 2 2 0 0 1 0 0 2 1 2 2 2 2 2 0 0 2 1 1 0 1 1 1 0 2 0 2 0 2 0 1 2 0 1 0 1 2 1 1 0 0 1 0 0 2 1 0 1 0 0 2 0 1 0 0 1 1 0 1 0 0 0 0 1 2 1 0 1 2 2 0 2 0 0 0 2 1 1 1 0 1 0 0 0 1 0 2 0 0 1 1 2 1 2 1 0 0 1 0 0 1 0 1 0 1 1 2 0 0 2 0 2 0 1 0 2 1 2 0 2 0 1 2 2 1 0 0 2 2 1 1 1 2 2 1 1 1 1 2 0 0 0 2 2 1 1 2 2 0 2 2 2 0 1 2 2 1 0 2 2 2 0 0 1
0 2 0 1 1 2 1 2 2 2 2 0 0 1 1 1 0 0 1 1 2 0 1 1 1 0 1 1 0 1 2 1 1 0 2 0 0 2 0 0 2 2 1 0 1 2 1 1 0 1 0 0 1 1 2 0 1 1 1 2 0 2 0 2 0 1 2 0 1 0 0 0 0 0 1 1 2 0 0 0 1 0 0 0 2 0 0 1 2 0 1 2 2 2 1 2 1 1 2 2 1 1 0 2 1 1 0 1 2 0 2 1 1 0 1 0 1 0 1 0 0 0 0 2 1 1 1 2 1 1 0 0 2 1 0 1 1 0 0 1 1 0 2 0 0 2 0 2 2 2 2 2 1 2 2 2 2 1 2 0 2 0 0 0 2 1 1 1 2 1 2 1 2 1
1 0 0 2 2 0 1 2 0 2 0 2 2 2 1 2 0 1 2 0 1 2 2 0 0 2 0 0 0 2 2 2 2 0 1 2 2 2 2 2 0 2 0 2 2 1 2 2 0 0 0 2 0 2 0 1 2 0 1 0 2 1 2 0 0 0 2 0 1 2 2 1 1 0 1 0 0 2 0 0 2 1 1 2 1 1 1 1 2 1 1 2 0 1 2 1 1 2 1 2 2 2 1 1 2 1 2 2 0 0 1 0 2 2 2 0 1 2 1 0 1 1 2 1 0 2 0 2 2 2 0 1 1 1 0 1 2 1 1 0 2 2 0 1 2 1 2 0 0 2 0 1 0 1 0 0 1 1 0 0 1 0 2 0 2 1 1 2 0 1 0 0 1 1
2 1 2 1 1 0 1 0 2 1 1 0 2 2 2 0 0 1 0 0 2 0 2 0 1 0 2 2 0 1 0 0 2 0 0 1 1 1 1 1 1 0 2 0 0 1 1 1 0 0 2 2 1 2 0 2 0 0 1 1 2 0 2 1 1 2 2 2 0 2 0 1 0 2 0 1 2 2 2 2 2 2 2 1 2 2 1 0 0 1 2 2 1 1 1 2 1 1 1 0 1 0 2 1 2 0 2 1 0 0 1 0 2 0 1 2 1 1 0 1 2 0 2 0 2 0 2 2 1 1 2 0 1 2 2 2 0 2 1 0 0 0 0 1 1 0 1 2 1 2 1 0 0 0 1 0 1 1 2 1 2 2 1 2 2 1 1 2 2 2 0 2 0 0
0 2 1 2 1 0 2 0 1 0 1 2 0 0 1 1 1 1 0 0 1 0 2 0 0 1 0 0 1 1 2 2 1 0 2 0 2 1 1 0 1 0 0 2 1 2 0 0 0 2 1 2 2 1 2 1 0 0 1 2 2 1 1 0 0 1 0 2 0 2 2 2 1 0 2 0 0 0 1 1 2 0 1 0 2 1 1 0 2 0 2 1 2 1 2 0 0 0 2 1 0 1 0 2 0 0 0 0 1 1 2 1 2 1 2 1 0 1 1 2 0 0 1 2 2 0 0 0 1 2 2 0 1 2 2 1 0 2 2 2 1 0 0 0 1 1 2 2 2 0 2 2 1 1 2 1 2 2 1 2 2 1 0 1 1 2 0 2 0 1 1 2 2 2
1 0 0 0 0 1 1 0 1 0 2 1 1 2 1 1 2 2 2 2 0 1 0 1 0 1 0 2 0 2 2 1 1 0 0 2 2 1 0 1 2 2 0 0 2 1 2 2 1 2 1 1 0 2 1 2 0 2 1 2 2 1 1 1 0 1 0 2 0 0 0 2 0 0 0 2 0 0 1 1 2 1 1 1 0 2 1 2 2 2 1 1 2 2 2 2 2 0 1 2 0 2 2 0 0 0 1 0 0 0 2 1 1 1 0 0 1 1 0 0 1 1 0 0 1 0 0 0 1 2 0 1 2 0 0 2 0 1 1 1 1 1 2 1 2 2 2 0 1 2 0 0 1 0 1 0 2 2 1 0 2 2 1 2 2 2 2 0 1 0 1 0 2 1
2 1 1 2 2 0 2 1 1 0 2 0 1 1 2 0 1 2 2 1 1 2 0 2 2 2 2 2 0 2 0 0 1 2 2 1 0 1 2 1 2 2 2 0 1 2 1 2 0 1 0 2 1 2 1 1 1 2 0 2 2 1 2 0 1 1 2 2 2 2 1 1 2 1 2 0 1 0 0 2 0 2 2 1 1 0 0 0 2 2 2 1 0 2 0 2 0 2 2 0 0 1 2 0 0 1 1 2 0 1 2 0 0 1 2 1 1 2 2 2 2 1 1 0 0 1 0 1 2 2 1 2 1 1 0 1 0 1 1 0 2 0 1 0 2 0 2 0 0 2 0 0 1 2 1 0 0 1 2 0 2 1 0 0 2 0 0 0 1 2 1 1 0 2
2 2 0 2 0 1 2 1 2 2 1 0 0 2 2 2 0 1 0 0 0 1 1 1 2 0 0 1 1 0 1 1 2 2 2 0 1 1 2 1 1 0 2 1 0 1 1 0 1 2 1 1 1 2 2 1 0 2 0 2 0 1 2 0 1 1 0 0 0 0 1 0 1 0 1 1 2 0 2 0 0 1 2 1 0 2 0 1 2 0 2 2 2 2 0 1 0 0 2 1 1 0 1 0 1 1 2 1 1 2 2 2 0 2 1 1 1 1 1 0 0 0 0 2 2 0 0 0 1 2 2 1 1 2 1 0 0 1 2 2 0 1 2 0 1 0 0 2 2 1 0 2 2 1 2 1 1 1 2 0 1 1 1 2 0 0 2 1 2 1 1 2 0 0
1 1 1 1 1 1 0 2 2 2 0 1 0 2 0 0 0 2 1 1 1 0 2 2 1 2 1 2 2 2 2 0 1 1 2 1 0 2 0 2 1 1 0 2 0 1 2 0 1 2 0 2 2 0 2 0 2 1 0 2 1 0 0 2 2 0 0 2 0 2 1 2 0 2 2 1 1 2 0 0 1 0 0 0 1 2 1 1 1 2 0 2 0 0 0 2 2 0 2 2 2 1 2 0 2 1 2 1 1 0 2 2 1 0 1 2 0 2 0 2 2 0 1 2 2 1 0 2 0 0 1 0 2 1 1 1 0 1 0 2 2 2 2 0 2 0 2 0 0 0 2 2 1 1 0 1 1 0 0 1 1 2 1 0 1 0 2 1 2 0 1 1 2 0
2 0 1 1 1 1 1 1 1 1 2 2 2 0 0 0 2 1 2 1 2 0 2 2 2 0 2 0 2 0 1 2 1 2 0 2 0 0 0 2 2 2 2 1 1 2 1 0 1 2 2 1 2 0 0 0 0 1 0 0 1 2 2 2 1 1 1 0 2 2 0 1 2 0 2 0 2 2 2 1 1 2 0 1 2 1 1 0 2 2 2 1 1 1 0 1 2 2 2 2 1 2 0 0 0 1 2 1 0 2 2 1 1 1 2 2 2 1 0 2 1 2 0 0 1 0 2 1 0 1 1 1 2 2 2 2 0 1 0 1 0 1 0 0 2 0 2 2 2 2 1 1 2 2 1 1 2 2 2 0 0 1 1 2 2 1 0 0 0 1 2 1 2 2
1 2 0 0 2 2 1 1 1 0 0 1 2 0 0 1 0 0 1 2 1 0 1 1 1 2 2 0 0 0 0 0 0 1 1 1 2 2 2 0 0 0 1 2 1 2 2 2 0 1 1 2 2 0 0 0 2 0 1 1 1 2 1 2 0 0 0 2 0 0 1 1 1 0 2 0 0 2 0 0 0 2 0 2 0 1 0 0 1 1 1 0 1 0 0 0 1 1 0 2 2 1 1 1 2 0 1 2 2 2 0 0 1 0 0 1 1 1 2 0 0 0 1 2 2 2 2 0 0 2 2 1 2 0 2 1 2 1 1 2 0 1 0 1 2 1 1 1 2 0 1 0 1 0 0 0 0 2 1 1 2 0 2 2 2 2 0 1 0 2 1 1 1 2
0 0 1 1 2 0 2 1 1 1 2 1 2 2 1 2 1 2 0 1 1 2 1 0 1 1 2 0 0 1 2 1 2 1 2 2 2 2 1 0 1 1 0 1 0 1 0 0 0 1 2 2 1 1 2 1 0 1 2 1 0 2 2 1 1 2 0 0 2 1 1 0 2 1 0 0 0 1 1 1 2 1 0 2 2 0 0 2 0 2 1 0 2 1 1 0 1 2 1 0 0 0 2 0 2 2 2 0 0 0 2 1 1 0 1 1 1 2 1 1 2 0 2 1 2 1 2 0 1 0 1 0 1 0 0 2 0 0 0 2 1 2 1 0 1 2 2 2 1 1 1 0 1 0 2 0 2 1 1 1 0 0 2 2 1 0 2 2 1 0 2 0 0 0
1 1 0 1 1 2 2 2 0 2 1 2 0 1 1 0 0 2 0 2 2 2 0 2 2 1 2 1 2 2 2 0 2 2 2 0 1 1 1 1 1 0 1 0 1 0 0 2 0 1 2 2 0 2 1 1 1 0 2 0 1 2 1 0 2 0 1 2 2 2 1 2 0 0 2 2 1 0 2 1 1 1 1 2 2 2 0 0 1 1 2 0 1 0 0 1 1 2 0 0 2 2 2 0 0 2 2 2 2 2 0 1 2 2 2 1 0 0 2 1 2 2 1 0 2 2 2 1 1 0 2 1 2 2 2 1 2 2 0 2 0 1 2 2 1 1 1 1 2 1 0 2 1 2 2 1 1 2 0 0 0 2 0 0 2 0 1 1 2 2 2 0 1 1
2 2 0 1 1 2 0 1 2 1 0 0 2 2 2 2 0 0 2 0 2 2 0 1 1 1 1 0 2 2 2 2 2 0 0 1 1 1 2 0 2 0 0 0 0 1 0 0 2 0 2 1 0 0 0 1 2 1 0 2 1 0 1 1 1 2 2 2 1 2 2 1 0 1 1 0 2 0 1 2 0 0 1 0 1 1 2 0 0 0 2 2 1 1 0 2 2 0 1 0 0 0 2 0 2 2 1 2 2 2 2 0 1 0 1 2 2 0 0 2 1 1 1 2 2 2 1 1 2 0 2 2 1 0 0 1 2 1 0 2 1 2 2 2 0 0 2 2 0 1 1 2 2 0 2 1 0 1 1 2 1 1 2 0 1 0 2 0 2 2 2 1 0 2
1 0 2 2 0 1 0 2 1 2 1 1 1 1 2 2 2 2 2 2 0 0 0 2 2 2 1 2 1 2 2 1 0 2 0 1 0 0 0 2 2 1 1 0 1 1 1 0 0 0 2 0 1 0 2 0 0 2 1 2 2 1 0 2 0 0 0 2 1 2 2 1 1 0 0 2 1 1 0 0 2 0 0 1 0 1 2 1 1 1 1 0 2 2 0 2 1 1 1 2 0 0 2 2 0 2 2 0 1 0 0 1 1 1 2 1 2 1 1 1 0 0 2 2 2 0 2 1 2 1 1 1 2 0 1 0 0 0 1 1 1 1 2 2 1 1 2 1 1 0 0 1 1 0 2 0 1 1 2 0 2 1 2 2 2 0 1 2 1 2 1 2 2 1
0 0 2 2 1 1 0 2 1 1 2 0 2 1 2 1 0 2 0 2 2 0 0 1 0 2 0 1 2 0 2 2 1 0 2 1 2 2 0 0 0 1 1 0 0 0 2 0 0 1 0 0 1 1 1 0 0 2 1 2 0 2 0 1 0 2 2 0 2 1 1 0 0 0 1 0 1 2 1 2 0 2 2 2 0 0 2 1 2 2 0 0 2 1 2 2 1 2 0 1 1 1 1 1 0 0 2 1 2 0 0 0 2 2 0 0 0 0 1 0 2 2 1 2 1 1 2 2 0 2 0 0 2 2 1 2 0 0 0 0 1 1 0 1 1 1 2 1 2 0 1 2 0 0 1 2 1 0 2 0 2 0 0 1 2 2 0 0 0 1 1 2 0 2
2 1 1 1 0 1 0 0 0 1 0 2 0 2 2 0 2 2 0 0 2 2 2 0 0 0 2 2 0 2 2 0 2 1 2 2 0 2 0 1 0 1 0 1 0 0 1 0 0 1 0 2 2 0 0 0 1 0 0 2 2 0 2 2 1 2 0 2 2 0 0 0 1 0 2 2 0 0 0 2 0 1 1 0 2 1 0 0 1 1 0 2 1 0 1 1 2 1 0 1 0 1 2 1 1 2 2 0 0 2 2 0 1 1 0 1 0 1 2 2 0 2 2 1 2 1 0 2 0 1 2 0 0 1 0 2 1 2 2 1 2 2 0 0 2 0 2 0 2 1 2 0 1 2 0 1 1 0 1 2 2 0 1 2 2 1 2 0 1 2 2 0 0 2
2 2 0 1 2 0 0 2 1 2 1 1 1 0 2 2 1 2 0 2 1 2 1 1 0 2 1 2 2 1 2 1 1 0 1 0 1 2 2 2 1 2 1 2 0 2 2 1 1 2 1 0 2 2 0 0 2 1 0 2 0 0 1 2 1 2 2 2 1 2 0 1 2 1 0 1 1 1 2 2 0 2 1 1 1 1 1 2 0 2 1 1 2 0 0 0 1 0 0 0 2 1 1 0 0 0 1 2 1 1 2 2 0 0 0 0 2 0 2 2 2 1 1 0 1 1 1 2 1 1 0 2 0 1 2 1 1 0 0 0 2 2 0 0 0 1 1 0 1 0 1 1 1 2 2 0 1 0 0 2 0 1 2 0 0 1 1 0 2 1 0 2 1 1
0 2 0 1 0 1 1 1 0 0 1 2 0 2 0 1 2 1 0 0 1 1 1 0 2 2 2 2 1 0 2 2 0 2 0 1 0 2 0 2 2 1 2 0 1 2 0 2 1 1 2 0 0 0 1 2 0 0 0 2 2 2 1 2 1 1 1 2 1 2 1 1 1 1 2 0 1 0 2 0 1 1 1 2 2 2 2 1 2 2 0 2 1 2 0 0 1 1 0 0 1 2 1 0 1 1 0 0 2 0 1 2 2 0 2 2 2 1 0 2 1 1 2 0 1 2 1 0 1 2 0 0 1 0 1 1 1 1 1 2 2 0 1 1 0 0 1 0 2 2 2 1 1 1 2 0 1 1 0 0 1 1 0 0 2 1 1 1 0 0 0 0 0 2
2 1 2 0 1 0 0 1 1 1 0 1 1 2 0 0 0 1 1 0 2 0 2 0 2 0 1 0 1 2 2 0 1 0 1 2 0 2 1 2 1 2 1 0 2 1 0 2 1 2 2 0 0 2 1 2 0 0 0 1 0 0 2 1 1 0 1 2 2 0 1 1 2 0 2 1 0 0 0 1 0 0 2 0 0 0 0 1 1 2 2 2 2 1 0 1 1 2 0 2 2 2 0 2 1 2 0 2 0 1 0 0 2 0 1 0 0 2 1 2 1 0 1 1 2 2 2 2 2 0 1 2 1 1 2 0 1 0 2 2 0 0 2 2 0 1 1 1 0 2 2 2 1 1 1 1 2 2 0 1 2 1 1 1 0 0 2 2 2 1 2 2 2 1
2 2 0 0 2 2 0 2 2 1 0 0 0 2 2 1 1 0 0 0 2 2 1 2 1 0 0 1 2 0 0 0 0 2 0 0 1 0 2 0 2 0 0 0 0 1 2 0 1 2 0 0 1 2 2 1 0 1 0 0 2 1 0 0 0 1 1 1 2 1 1 0 2 0 1 0 1 1 0 0 0 1 0 0 0 1 1 1 0 1 0 2 2 0 0 0 2 2 2 0 1 2 1 0 0 0 1 1 1 2 2 2 1 0 2 2 1 0 1 2 2 1 2 0 2 0 1 2 2 0 0 1 0 1 2 0 1 1 2 0 1 1 0 2 2 2 2 1 1 1 2 0 0 1 0 0 1 2 0 2 0 1 0 1 0 0 2 2 2 2 0 1 2 1
1 2 0 2 0 1 1 0 0 1 2 1 2 1 1 0 0 2 1 1 0 2 1 0 2 1 0 0 2 2 2 1 1 2 0 2 2 1 0 0 0 0 1 2 1 0 0 0 0 2 1 1 2 0 2 2 2 0 0 2 2 2 1 1 2 2 2 2 1 0 2 2 0 1 2 2 2 0 2 0 0 1 1 2 2 2 2 2 2 2 2 0 2 1 1 2 0 1 1 2 1 1 2 2 2 1 0 2 1 2 0 1 1 2 2 1 1 1 1 2 1 0 2 0 1 0 0 0 0 1 0 2 0 2 0 0 0 0 0 0 2 1 2 1 1 1 0 0 0 1 2 2 0 1 0 1 0 1 2 0 0 2 0 1 1 0 2 0 0 2 0 1 1 2
0 0 1 2 0 1 0 1 1 1 0 2 1 0 1 0 1 1 0 0 2 2 0 2 2 1 2 2 0 1 0 0 1 1 2 2 0 1 1 2 2 2 2 0 0 0 2 0 2 0 0 0 2 0 2 2 2 1 2 0 0 2 2 1 1 2 2 2 0 1 2 1 0 2 2 2 0 2 2 2 2 0 2 2 1 2 2 2 1 1 2 2 2 1 1 0 1 1 0 2 0 0 1 1 2 2 0 2 1 2 0 1 0 2 0 2 2 2 1 2 1 1 2 0 0 1 1 2 0 2 2 1 0 1 2 0 0 1 1 2 0 1 0 2 1 1 1 2 1 0 1 0 1 0 0 1 2 2 1 0 2 1 1 0 0 2 0 0 0 1 2 1 0 1
0 2 2 2 1 1 2 0 1 1 1 2 0 0 0 2 1 0 1 0 0 1 2 1 1 0 1 1 2 1 0 2 1 0 2 2 1 2 2 0 0 1 0 1 2 0 1 1 1 2 1 2 0 2 1 2 2 0 0 1 1 1 2 0 2 2 0 1 2 1 2 0 2 2 2 2 1 0 0 2 2 0 2 2 2 1 2 2 1 2 2 0 1 1 1 1 1 2 2 0 1 1 1 1 2 0 1 0 1 2 0 0 2 0 0 2 1 2 2 0 0 1 1 2 0 2 1 2 2 1 0 0 0 2 0 0 0 2 0 2 1 1 0 2 2 2 2 1 2 1 2 0 0 0 0 1 0 2 0 0 1 2 1 2 2 1 2 2 0 0 2 0 2 0
2 1 2 1 0 2 1 2 0 2 0 1 1 2 0 2 2 1 1 1 1 0 0 1 1 1 2 0 1 1 1 1 0 0 1 0 1 0 1 1 2 2 2 0 1 0 0 0 2 2 0 1 0 1 0 2 2 2 2 2 0 1 1 0 2 2 1 0 2 2 2 2 2 1 0 0 1 1 2 1 1 2 2 2 1 0 1 0 2 0 0 2 2 2 0 2 2 2 0 0 2 0 2 1 1 0 0 1 2 0 0 0 0 0 2 1 1 0 1 0 1 0 1 1 2 1 1 2 1 2 2 1 2 2 0 2 0 1 1 2 1 2 0 1 2 2 2 1 0 2 0 2 0 1 1 0 0 0 2 2 0 2 1 2 1 1 2 1 1 0 1 2 2 1
2 0 1 2 1 2 1 2 2 2 0 1 2 2 2 2 1 2 1 0 2 0 2 2 0 0 0 1 0 1 1 0 2 2 2 0 2 2 1 2 1 1 0 1 0 2 0 2 1 2 0 1 2 0 1 2 1 2 2 2 0 0 2 2 2 2 1 2 1 2 1 2 1 2 0 0 2 1 0 2 1 1 1 2 2 2 2 0 2 1 0 0 1 2 0 2 1 1 2 2 1 1 0 0 1 1 1 1 1 1 0 2 2 1 1 1 1 1 0 1 0 0 2 0 0 2 0 2 2 2 2 0 1 2 1 2 2 2 2 0 2 2 2 1 2 2 1 0 1 2 2 1 2 1 2 2 2 2 2 1 2 2 2 0 2 1 1 1 1 0 2 0 0 0
0 2 2 2 1 1 1 1 2 1 1 0 1 0 2 1 1 2 1 1 1 1 0 2 1 2 0 0 0 1 1 1 2 0 1 1 1 0 2 2 2 0 2 1 0 2 0 2 2 2 2 0 1 2 0 2 2 1 1 1 0 2 2 2 1 2 0 0 2 1 2 2 1 2 1 0 2 1 0 2 1 2 0 2 2 1 0 2 0 2 0 0 2 0 0 0 0 1 1 2 0 1 2 2 2 0 0 1 2 1 1 1 1 2 1 1 0 2 0 0 1 1 0 0 2 1 2 2 1 1 2 1 2 2 1 1 0 2 0 1 1 2 2 2 1 1 1 1 0 1 2 1 0 1 0 0 0 2 0 1 0 0 1 0 0 2 2 1 0 0 2 1 0 0
1 1 1 2 1 2 1 1 1 2 2 1 0 0 1 1 2 1 2 1 2 2 1 2 1 2 2 2 0 0 2 1 2 1 0 1 0 1 2 0 1 0 1 2 1 0 0 0 2 0 2 1 2 1 0 1 0 1 0 1 1 0 2 1 2 2 2 0 1 0 0 1 1 2 0 2 0 1 0 2 1 0 2 1 1 0 2 2 1 1 0 0 1 2 2 1 2 2 2 2 0 2 0 1 2 0 1 0 2 1 0 1 2 2 2 1 0 2 1 2 1 2 0 1 0 2 2 0 2 2 2 0 2 2 2 2 0 0 0 0 0 1 1 2 1 1 0 1 2 2 0 0 0 1 1 0 1 2 0 1 2 1 2 1 0 1 2 2 0 2 2 0 0 2
2 1 0 0 2 2 1 1 1 1 0 0 2 1 0 0 0 0 1 0 2 0 1 1 0 2 0 0 2 1 2 1 0 1 0 1 1 1 0 2 0 0 1 2 0 1 2 0 1 2 1 1 0 0 2 0 0 1 0 2 0 1 2 1 2 2 0 1 0 0 1 0 0 2 0 0 0 0 1 0 2 2 1 0 1 1 0 1 2 2 0 0 0 2 2 0 1 2 1 2 2 2 0 0 2 0 1 1 2 0 1 1 0 0 2 1 1 0 0 2 2 0 0 2 1 2 0 0 2 2 0 1 2 1 2 2 0 0 1 2 1 0 1 2 1 1 1 2 2 2 2 2 2 2 2 1 2 2 2 1 2 0 2 2 1 0 2 2 0 0 1 2 1 0
2 2 1 1 2 1 0 2 1 1 1 1 2 1 0 2 0 1 2 1 0 2 1 2 1 1 0 1 2 2 1 1 1 2 1 1 1 1 0 0 2 0 1 0 2 2 2 2 0 0 0 0 0 1 0 2 1 1 0 0 0 2 2 2 0 0 1 2 2 1 2 2 2 0 2 1 2 0 1 0 0 1 1 0 1 0 0 2 1 1 2 0 0 2 2 0 0 1 2 0 1 1 0 0 2 0 2 2 0 1 2 1 0 0 2 1 0 2 0 0 1 0 1 0 0 0 0 1 0 1 2 1 0 2 2 0 0 2 0 1 0 2 2 2 0 1 0 2 2 2 0 0 0 1 0 0 2 2 2 2 1 1 1 2 1 1 0 2 0 0 1 2 2 1
1 1 1 2 0 0 1 0 1 2 2 0 0 1 2 0 1 1 2 2 0 1 0 1 1 2 1 0 1 2 1 0 0 2 2 1 0 1 2 2 1 1 2 1 2 2 2 0 0 2 1 1 0 2 2 1 1 2 1 2 1 1 0 1 0 0 0 2 1 2 1 0 0 1 1 2 0 1 1 1 1 2 2 1 1 0 1 0 2 0 0 1 1 1 0 0 2 0 2 0 2 1 1 2 2 2 2 0 1 1 1 2 0 1 2 0 2 0 1 1 1 2 2 0 1 2 1 0 0 0 1 2 1 2 2 1 0 0 1 1 1 0 2 2 2 1 0 2 2 1 1 0 0 2 1 2 2 2 0 0 0 2 0 2 2 0 0 2 0 2 1 2 0 0
2 1 2 2 0 1 0 2 1 2 1 0 2 2 0 2 2 1 2 0 0 2 0 2 1 1 2 0 1 0 1 1 1 0 1 2 2 2 1 2 1 1 0 1 0 0 2 0 2 2 0 0 1 2 0 1 1 2 2 2 0 1 2 2 2 0 1 2 2 0 2 2 2 2 1 2 2 0 0 2 1 0 0 2 2 0 1 1 0 1 1 2 0 0 1 0 1 0 0 2 1 2 2 0 1 0 0 1 2 0 1 0 1 2 0 1 0 0 0 0 1 2 2 2 1 1 2 2 2 0 1 0 2 0 1 2 2 1 1 1 2 2 2 0 1 2 2 1 2 0 2 1 0 0 0 1 1 1 1 0 2 0 1 2 1 2 1 0 1 2 1 1 2 0
1 0 1 2 2 0 2 2 0 2 0 1 1 1 2 0 2 2 0 1 2 2 1 1 0 2 1 2 0 1 0 2 0 2 1 2 0 2 2 0 1 2 2 1 1 2 1 1 0 2 2 2 1 1 1 1 0 2 1 1 2 2 2 2 2 1 2 2 0 0 1 2 2 0 0 2 0 2 1 1 1 1 0 2 2 2 2 1 2 1 0 2 1 2 1 0 1 1 0 1 1 1 1 1 2 2 1 1 1 0 2 0 2 1 1 1 1 0 0 0 2 1 1 1 1 2 2 0 1 2 2 0 1 1 2 1 1 0 2 0 1 2 1 0 0 0 0 1 1 0 2 0 2 0 1 2 0 1 2 2 0 2 0 2 2 0 1 1 1 0 1 0 2 0
0 0 0 0 1 1 2 1 2 2 2 1 1 0 2 2 0 1 1 1 0 0 1 1 1 2 2 1 2 2 2 1 0 1 2 1 0 2 0 0 2 0 2 1 0 0 0 1 1 0 2 1 0 0 0 0 1 0 2 1 2 1 0 2 0 0 2 1 2 0 2 1 0 1 1 2 1 1 1 0 1 1 2 0 2 0 1 1 0 0 0 0 2 0 1 0 1 0 1 2 1 1 1 2 2 2 2 2 1 1 2 2 0 2 0 1 0 1 2 1 1 0 2 2 2 0 2 0 1 1 2 0 2 1 0 2 0 2 2 2 2 0 2 2 2 2 0 1 2 0 2 0 1 1 0 0 2 2 2 1 1 1 2 1 0 2 2 2 0 1 1 2 2 1
1 0 2 0 1 1 1 0 2 2 2 0 0 2 0 2 1 0 1 1 1 0 0 1 0 1 1 1 0 0 1 0 0 1 0 1 2 1 2 2 0 2 2 1 1 1 1 0 1 1 1 0 1 0 2 1 1 0 0 0 1 1 1 2 2 1 1 2 0 0 2 1 0 2 1 0 0 2 0 1 0 0 0 2 0 2 0 2 0 1 0 1 0 1 1 1 0 0 0 0 1 0 0 2 0 1 2 1 1 0 0 2 0 0 1 1 0 0 1 1 2 1 0 2 1 2 0 1 0 2 0 1 2 0 0 0 2 0 2 0 1 0 2 1 1 2 1 2 0 0 0 2 1 0 2 0 0 1 2 0 0 2 2 0 2 0 2 1 2 1 2 0 2 0
2 0 2 1 2 0 1 0 2 1 1 1 1 2 2 0 2 0 0 2 2 0 1 1 2 0 0 2 1 0 2 1 0 2 0 0 2 1 0 1 2 1 0 1 1 1 2 1 1 0 1 1 0 2 0 0 0 0 0 1 0 2 0 1 1 1 2 0 2 2 2 2 2 2 1 1 1 0 0 1 1 2 2 0 2 0 0 0 1 1 2 2 0 0 1 1 1 1 2 1 1 2 1 1 2 0 0 1 1 0 2 0 2 1 0 0 2 1 0 1 2 2 1 0 0 0 1 2 1 1 0 0 0 2 2 2 2 2 0 1 0 0 2 0 0 0 0 2 2 1 1 2 2 0 2 0 1 1 2 2 2 0 0 0 0 0 2 0 2 1 2 0 2 2
2 2 2 2 2 1 2 1 1 1 2 0 1 0 2 0 0 1 1 1 2 2 2 2 0 2 0 2 1 0 2 0 0 1 0 0 0 2 2 1 0 2 2 2 2 1 0 2 0 2 1 2 1 1 2 1 1 0 1 2 1 0 2 2 2 2 0 2 0 0 1 0 2 1 1 1 2 1 1 0 0 1 2 0 2 2 2 1 0 1 0 2 2 0 2 2 1 2 2 1 2 2 2 2 0 0 1 1 2 0 1 1 2 2 2 2 2 1 1 0 0 2 0 0 0 2 0 2 0 0 1 0 0 0 0 2 2 1 1 2 2 0 0 1 0 2 1 2 2 0 0 2 2 0 0 0 1 1 0 1 0 1 1 1 0 2 0 0 1 2 2 0 0 1
0 0 1 2 1 0 2 1 0 2 0 1 1 2 0 1 1 1 1 0 2 1 0 0 2 1 2 1 2 0 2 2 1 2 1 2 2 1 1 0 1 2 2 0 1 0 1 2 1 2 0 0 1 0 1 0 2 2 2 1 2 2 1 1 2 0 0 2 2 0 2 1 2 2 1 1 2 0 1 0 1 1 2 2 2 0 0 1 2 0 0 0 0 1 1 0 2 0 0 2 0 2 1 0 2 0 2 2 1 1 0 2 2 2 2 2 0 0 0 0 1 1 1 0 0 2 0 0 0 1 2 1 0 1 2 0 2 1 0 0 2 1 0 0 1 1 0 1 1 1 2 0 0 0 1 0 0 2 1 0 0 2 2 1 1 2 0 0 0 0 2 1 2 2
2 0 1 2 1 0 0 1 1 1 2 2 0 2 1 1 1 2 1 1 0 2 1 0 1 1 1 0 0 0 0 2 1 2 1 1 0 0 0 1 1 2 1 2 0 0 1 2 2 0 0 2 0 1 1 2 0 2 2 2 1 2 1 2 2 1 0 2 2 0 1 0 1 0 0 1 0 2 0 0 0 1 1 0 2 2 2 0 1 2 2 2 0 1 0 2 0 0 2 2 2 1 0 0 2 1 2 2 1 2 1 2 0 2 0 0 1 1 0 0 0 1 1 0 0 1 1 0 2 0 0 1 2 0 2 1 2 1 2 0 1 0 0 1 2 1 2 1 2 0 1 0 2 2 1 2 1 2 2 1 0 2 2 0 0 0 2 2 2 1 1 1 1 1
0 1 2 0 2 2 1 0 0 0 1 2 2 2 2 2 0 0 2 1 0 2 1 2 0 1 1 1 2 2 0 0 0 1 1 0 0 2 1 1 2 0 0 1 2 0 1 0 0 0 2 1 2 1 1 2 2 0 1 0 0 2 0 2 0 1 2 1 1 1 0 0 1 1 2 2 2 0 0 0 0 2 1 0 0 1 0 0 2 2 0 2 1 1 2 2 0 0 1 1 1 2 1 1 1 1 0 1 1 1 2 2 0 1 1 1 2 2 1 1 1 0 2 0 1 2 0 0 2 2 1 2 2 1 1 1 0 1 2 2 2 2 2 0 1 0 2 1 2 0 1 1 1 1 2 1 0 0 1 0 0 0 0 2 2 1 1 0 0 2 0 0 1 0
0 2 1 2 2 1 0 0 0 0 1 0 1 1 1 0 2 1 1 2 1 1 1 0 2 1 2 2 1 1 0 2 2 1 2 1 1 1 1 2 1 0 0 0 1 1 1 2 0 2 2 2 1 1 2 0 0 2 0 0 1 1 2 0 0 0 1 2 1 0 2 0 0 2 0 2 1 1 2 2 0 2 1 2 1 2 0 1 1 1 2 2 0 2 0 1 0 1 1 1 2 0 1 2 0 2 0 2 0 2 1 1 1 0 1 0 2 2 0 1 1 2 1 2 2 2 0 2 1 1 1 2 1 2 1 2 2 2 1 2 2 0 1 1 1 2 2 0 2 0 2 1 2 1 0 2 1 1 2 0 2 1 2 2 1 1 1 1 1 1 0 0 2 2
0 0 0 0 2 2 0 1 1 2 0 2 2 1 0 2 2 0 0 2 0 2 1 2 0 0 0 2 0 1 1 1 1 1 1 0 2 1 0 1 2 1 0 2 1 1 1 1 2 2 0 0 2 2 2 2 2 1 1 0 2 1 2 0 0 0 2 0 0 0 1 0 1 0 2 2 2 2 0 2 2 2 2 2 1 1 0 0 0 2 0 2 0 0 1 1 2 1 2 2 1 2 0 0 2 0 1 2 0 2 2 0 1 1 2 2 0 0 0 1 0 1 0 0 1 2 2 0 0 2 0 1 1 1 0 1 2 1 1 0 1 0 0 0 2 1 0 2 1 1 1 1 0 0 0 2 2 2 1 0 2 1 2 1 1 2 0 1 1 2 1 1 2 2
1 2 1 2 2 0 0 1 2 0 1 2 0 1 2 1 2 0 0 1 1 2 2 0 0 1 2 2 2 0 2 1 2 0 1 2 0 1 1 0 0 2 0 1 1 1 2 0 1 0 2 0 0 1 0 1 0 1 0 0 1 2 1 0 0 0 0 2 2 1 2 0 1 0 1 0 1 1 0 0 2 2 0 2 1 2 1 2 0 2 0 1 0 2 1 0 0 2 2 0 0 2 0 0 0 2 0 2 0 0 2 2 1 0 0 2 2 2 2 0 2 0 1 2 0 1 0 1 1 0 2 0 0 0 0 0 2 0 0 0 0 0 0 2 1 1 2 1 1 2 2 1 1 1 0 1 0 1 0 0 2 2 0 2 2 0 1 2 1 1 0 2 2 0
2 0 0 2 2 1 1 2 2 0 2 1 1 0 2 2 0 1 2 0 2 2 1 0 1 2 1 1 0 1 0 2 2 0 1 2 1 0 1 2 1 1 0 0 2 0 1 2 0 0 1 2 0 2 0 2 0 1 1 1 1 2 0 0 2 2 2 1 0 2 1 2 0 1 1 0 0 2 0 0 2 2 0 0 1 0 0 2 2 1 0 0 1 1 2 1 0 1 2 2 1 2 1 0 1 2 0 1 2 0 2 2 2 2 2 2 0 0 2 1 2 1 1 0 2 0 1 1 0 2 0 2 1 2 2 2 0 0 1 2 1 0 2 2 1 0 2 1 0 1 2 0 0 2 0 1 0 2 2 1 2 0 1 0 0 0 0 0 1 2 0 0 0 2
2 2 2 2 1 1 1 2 1 2 1 1 0 2 1 0 2 0 1 0 1 1 1 0 2 0 2 0 0 0 0 0 2 1 2 1 2 1 0 0 0 2 1 1 2 1 1 1 2 2 1 2 1 0 2 1 1 1 1 1 2 2 2 1 0 2 0 2 0 1 2 1 1 2 0 1 1 2 0 0 2 2 0 1 0 2 2 1 1 1 0 1 1 2 0 2 1 1 2 2 0 2 0 2 2 2 1 0 1 1 2 1 1 2 0 2 0 0 0 2 2 1 0 1 1 1 0 0 2 0 0 1 1 1 0 0 0 1 2 2 2 1 1 1 1 1 0 2 1 2 1 1 1 2 0 0 1 2 0 1 0 1 2 1 0 2 0 1 1 2 1 2 1 0
1 2 1 1 0 0 1 1 0 1 1 1 1 0 1 2 1 2 2 1 1 0 1 1 1 0 0 0 2 1 0 0 2 1 2 2 0 2 1 1 0 0 2 2 0 1 2 2 1 1 1 2 1 2 1 1 0 1 1 2 1 2 0 1 1 1 1 2 0 2 0 1 0 1 1 0 0 0 0 1 0 1 0 2 2 2 1 2 2 0 0 0 0 1 2 1 2 0 1 0 2 2 1 0 0 0 2 0 1 2 2 2 2 1 2 2 0 1 1 2 2 2 0 2 1 2 0 1 0 2 2 1 2 1 1 2 2 1 1 1 2 0 0 1 2 0 1 0 1 0 2 0 0 1 0 2 1 1 0 0 1 0 1 0 2 0 1 1 2 2 2 1 0 0
0 0 0 1 1 0 2 1 1 2 2 2 2 2 1 1 2 2 1 0 0 0 1 2 2 1 2 2 2 0 2 0 1 1 2 2 2 2 1 0 2 1 0 2 0 1 0 0 1 2 0 2 1 0 1 0 1 1 0 2 1 0 2 0 1 0 2 1 2 1 2 2 0 2 1 1 2 2 2 1 2 0 0 1 0 2 1 2 0 2 2 2 0 2 2 2 2 2 1 2 0 1 2 1 1 1 0 0 1 2 1 1 2 2 2 1 2 1 1 0 1 0 0 2 2 2 2 2 1 0 1 0 2 1 2 1 0 2 1 1 2 1 0 2 0 0 1 0 1 2 0 2 0 1 2 2 1 2 2 0 0 2 1 0 0 1 1 0 0 0 2 0 2 0
0 0 0 1 1 2 1 2 2 1 1 0 1 0 2 1 0 2 0 2 0 1 0 2 2 1 0 2 1 2 0 2 0 1 1 2 1 2 0 2 1 2 2 0 2 1 2 0 1 2 2 2 1 0 1 1 2 2 1 1 0 2 2 1 0 0 1 0 1 2 2 2 1 1 0 1 0 2 1 1 2 2 0 1 0 0 2 2 2 1 2 0 0 1 2 2 2 1 2 0 0 1 1 2 0 2 1 0 2 0 1 2 0 0 1 1 1 1 1 1 2 0 2 1 2 1 1 2 0 0 0 1 2 1 1 2 2 2 2 1 0 1 1 1 1 0 2 2 2 0 1 2 2 1 0 1 0 1 1 0 2 0 1 1 2 0 0 1 2 0 0 0 2 2
1 0 2 0 1 1 2 0 0 1 1 2 0 2 1 0 2 1 0 1 0 2 1 2 1 1 2 1 1 1 1 0 0 0 1 2 2 0 0 1 2 1 0 1 0 1 1 0 0 2 2 1 1 0 0 0 2 0 0 0 0 1 1 0 0 1 0 2 1 0 1 2 2 1 0 0 1 2 0 2 1 2 1 2 0 2 0 2 0 1 0 0 2 2 1 2 0 1 0 2 1 1 2 0 1 2 0 0 1 1 2 2 1 1 0 1 1 1 1 1 2 1 2 1 1 0 2 2 2 2 0 1 1 2 2 2 2 0 2 1 2 2 2 0 1 2 2 2 0 0 2 2 0 1 1 1 0 0 2 0 0 2 0 2 1 2 1 1 1 2 0 0 2 0
1 1 2 0 0 2 2 0 2 2 0 1 1 1 0 0 1 0 2 1 0 2 2 0 0 0 2 1 0 2 1 2 0 1 0 1 0 2 2 0 2 0 0 0 1 0 1 0 1 1 0 0 0 2 0 2 2 0 0 0 2 0 0 0 1 1 1 0 1 1 1 0 2 1 0 0 2 2 1 1 1 1 1 1 1 2 0 1 2 2 1 2 2 1 2 1 0 1 1 1 1 0 1 0 2 0 2 2 2 0 1 0 2 0 2 0 2 0 1 2 2 0 1 1 0 1 1 0 2 2 2 0 0 0 2 1 0 1 1 0 2 2 0 1 2 0 2 2 1 1 1 0 1 2 0 1 0 1 0 0 1 2 2 0 0 1 1 2 0 2 2 2 2 0
1 2 2 1 1 0 2 0 1 1 2 1 1 0 0 1 0 0 1 0 0 1 1 2 0 2 2 0 1 2 2 0 1 1 1 0 2 1 0 0 0 2 0 2 0 1 1 1 1 2 2 2 1 1 1 2 1 1 0 0 0 0 1 1 1 2 1 1 1 2 2 2 2 0 1 2 1 0 1 0 2 0 0 0 2 2 0 0 0 2 1 1 2 2 0 1 2 0 2 0 2 2 2 2 2 1 1 2 1 0 0 1 1 0 2 1 2 0 2 1 2 1 0 2 1 1 1 1 1 1 1 2 2 2 1 2 0 0 1 0 2 1 1 1 2 1 2 2 2 0 1 2 1 2 2 0 1 0 1 0 0 0 2 2 2 1 1 1 0 0 2 0 2 0
1 2 0 2 0 0 2 1 2 1 2 2 1 0 0 0 1 0 2 2 0 1 1 2 0 1 0 0 1 2 2 1 0 2 0 0 2 2 2 2 0 1 2 0 1 0 1 1 1 0 0 2 0 1 2 1 1 2 2 0 2 1 1 2 1 1 0 0 1 0 0 2 1 0 0 1 1 1 2 2 0 2 1 0 0 1 1 1 0 0 0 1 2 1 1 0 0 0 1 1 0 2 1 1 2 2 2 0 2 2 0 2 1 2 2 0 1 0 2 0 2 2 1 1 1 0 2 2 0 1 1 1 0 1 0 0 1 0 0 0 0 1 2 2 1 1 2 2 0 0 0 2 0 2 1 2 0 1 1 1 0 1 0 0 0 1 1 1 1 2 2 2 1 1
2 0 1 2 1 1 2 1 1 1 1 0 0 2 0 0 0 0 1 0 1 1 2 0 0 1 1 2 1 2 2 0 1 0 1 2 2 1 0 1 2 1 1 0 0 2 0 2 2 2 0 2 1 0 0 1 2 1 1 0 2 0 2 0 1 0 2 0 1 0 2 2 2 1 2 0 1 0 0 1 2 1 1 0 2 2 1 1 1 0 2 0 1 1 1 0 2 0 0 2 1 0 1 1 2 1 2 0 1 1 2 1 2 1 1 2 0 0 1 1 2 0 0 1 0 1 2 2 0 0 1 2 1 0 1 0 1 1 1 2 2 1 0 2 2 2 1 0 1 2 0 1 1 0 2 1 2 2 1 2 0 0 2 1 0 0 2 0 2 1 2 2 2 1
2 2 1 1 0 0 2 0 2 0 0 0 2 0 2 0 0 2 1 0 1 0 0 0 0 0 1 0 0 2 2 0 2 2 1 2 0 0 0 0 1 1 1 1 2 0 2 0 0 1 1 1 1 2 0 2 0 2 1 1 2 0 1 1 0 2 2 1 1 2 2 0 1 0 2 1 0 1 2 1 0 0 1 0 2 2 2 2 2 1 1 2 2 2 0 0 0 2 2 2 2 1 2 1 2 1 0 1 0 2 0 1 0 2 1 2 1 1 0 1 0 1 0 0 2 1 0 0 2 1 2 1 2 1 0 0 1 1 1 1 1 2 0 1 2 2 1 0 1 2 2 2 1 0 0 0 2 0 0 2 1 0 0 2 2 2 0 0 0 1 2 2 0 0
1 2 2 0 1 1 2 1 1 1 2 1 2 2 0 1 1 2 1 2 1 1 2 1 2 1 0 0 0 2 0 2 2 0 0 1 0 2 0 1 1 2 1 2 2 1 1 0 0 0 0 0 2 0 2 2 1 1 2 2 0 0 1 0 2 1 2 0 2 2 2 0 2 0 0 2 1 1 0 0 2 0 0 2 0 0 1 2 1 2 1 2 0 1 0 2 2 2 0 2 2 0 0 2 0 1 1 0 0 2 1 0 2 2 2 1 2 1 0 2 0 2 1 2 1 1 1 0 1 2 0 1 0 1 1 1 0 0 2 0 2 0 0 2 0 0 0 0 2 0 2 0 0 0 2 1 0 2 0 2 2 1 1 2 0 2 1 0 1 1 2 0 2 0
0 0 1 0 0 1 2 0 2 0 1 2 0 2 2 0 2 1 2 0 1 2 0 2 0 1 1 0 0 1 1 0 1 0 2 2 1 1 2 1 2 1 1 2 1 0 0 0 2 2 1 1 2 2 1 1 2 2 1 2 1 2 2 2 2 2 1 1 0 1 0 0 0 1 0 1 0 1 2 2 0 0 2 1 0 0 2 2 0 0 1 2 1 2 2 1 1 2 0 0 0 1 1 1 0 1 0 1 2 2 2 1 0 1 0 1 2 2 0 2 0 0 2 1 0 0 1 2 2 2 0 0 0 1 2 1 1 2 0 0 2 2 2 0 1 2 1 0 2 0 2 1 1 0 0 1 1 1 1 0 0 2 0 1 1 2 0 2 0 1 1 0 1 0
0 2 1 2 2 1 0 2 0 1 0 1 0 1 0 1 1 2 0 0 0 2 0 1 2 0 2 0 0 1 2 2 0 1 1 2 0 1 0 1 0 0 0 0 2 0 1 1 0 0 2 1 0 0 2 2 1 0 1 0 1 0 2 0 2 1 0 2 0 0 1 0 1 1 1 1 0 2 2 0 0 0 2 1 0 0 1 2 0 0 0 2 0 0 2 2 1 0 2 2 1 1 0 2 0 1 1 1 2 1 2 0 2 2 2 2 2 0 2 0 1 1 0 1 1 0 1 1 1 1 0 1 2 1 1 1 0 0 2 0 2 2 1 1 2 0 1 1 1 0 2 2 1 0 0 1 1 2 2 1 0 2 2 1 1 0 0 0 0 2 0 0 2 1
1 1 1 2 0 2 1 0 1 2 1 2 1 0 2 0 2 1 0 2 0 2 0 0 2 1 0 0 2 2 2 1 1 1 0 2 1 1 2 1 2 1 0 0 2 1 2 2 2 2 1 0 2 1 0 2 0 0 0 0 1 2 1 2 1 2 2 0 2 0 1 1 2 2 2 2 1 1 1 1 1 2 1 2 0 2 2 2 1 2 2 2 2 1 2 2 0 2 2 2 0 1 1 2 1 2 1 0 1 2 1 0 2 0 2 0 0 2 2 1 2 1 0 1 2 1 1 1 1 0 0 1 2 2 1 2 1 2 2 2 2 1 0 1 2 0 2 0 2 2 1 1 0 0 1 1 2 2 2 0 1 2 2 1 2 0 0 1 0 0 2 0 0 0
2 2 2 1 0 2 0 0 2 1 1 0 0 0 0 2 1 2 2 0 1 0 0 2 2 1 1 1 1 1 0 0 0 2 1 1 1 2 1 0 1 0 1 2 0 0 2 1 2 1 1 1 2 2 2 2 1 0 1 2 1 1 0 2 1 1 1 0 1 0 1 0 0 1 2 0 1 1 2 1 1 1 0 0 0 2 0 2 0 2 1 1 1 2 0 0 2 0 1 0 0 2 2 1 1 1 1 0 1 1 2 0 2 0 1 1 0 2 0 0 2 0 2 0 0 0 1 2 0 2 0 1 0 2 2 1 1 1 0 0 0 2 0 0 0 2 2 1 1 0 2 1 1 1 1 2 1 0 1 0 0 2 1 0 1 1 0 1 2 0 1 0 2 2
1 0 1 1 1 0 2 0 1 1 2 0 0 0 1 2 0 2 2 2 2 1 0 2 2 1 2 2 2 2 1 1 0 0 2 1 1 2 2 0 0 1 0 1 0 0 1 1 2 0 1 2 2 2 0 2 1 0 1 0 0 0 2 1 1 2 0 2 2 0 2 2 2 0 2 2 0 0 0 0 1 2 0 0 0 0 0 1 0 1 0 1 2 0 1 0 0 1 2 0 2 2 0 1 1 2 1 1 0 0 0 1 0 0 2 0 1 0 0 2 2 1 2 2 1 0 0 2 2 0 2 1 1 0 1 2 0 2 1 1 0 1 2 1 2 2 1 0 0 2 1 0 0 0 2 0 1 0 0 0 2 0 2 1 1 0 0 1 1 1 2 1 1 0
2 0 2 2 1 0 1 0 0 0 0 1 1 2 2 1 2 1 2 1 0 0 0 0 0 1 0 2 2 1 2 0 2 0 2 1 0 1 1 2 2 2 0 1 1 2 1 0 2 0 0 0 2 1 1 2 2 2 2 2 1 0 2 0 1 1 2 2 1 1 1 0 1 1 0 2 2 1 1 2 1 1 2 1 2 1 1 2 1 2 1 2 0 1 1 1 0 1 0 2 2 2 0 0 1 1 1 1 2 2 1 1 0 2 0 0 1 1 0 0 1 1 0 1 0 1 2 2 2 1 1 0 0 2 1 2 0 2 1 2 1 0 2 2 2 2 2 1 1 0 2 0 2 2 1 0 1 2 2 1 0 1 1 1 0 1 0 2 0 2 1 2 0 0
1 0 0 2 2 0 2 1 0 2 1 2 1 0 1 0 1 2 2 1 0 1 0 2 0 0 1 2 0 2 0 2 1 1 2 0 1 2 0 2 0 2 2 1 2 1 2 1 1 2 0 2 0 0 1 0 1 0 2 1 0 0 1 1 2 1 0 1 1 1 1 2 0 1 0 2 0 0 1 1 2 2 2 2 2 0 0 1 1 0 1 2 1 2 1 1 2 2 0 0 1 2 0 1 1 0 1 1 0 0 1 1 0 0 1 2 0 2 2 2 0 0 2 1 0 1 1 2 2 2 0 0 1 0 2 2 1 1 1 0 1 2 1 1 2 0 2 0 2 2 0 0 2 2 2 0 1 1 0 0 0 0 1 2 2 1 2 0 2 0 1 2 0 2
1 2 0 1 0 0 0 0 1 0 0 1 2 0 2 2 0 0 0 2 2 0 1 1 1 2 1 2 2 1 0 1 2 1 0 0 2 1 2 0 0 0 2 2 0 2 2 2 2 2 2 1 0 2 2 2 1 1 2 1 0 0 2 0 1 2 2 2 2 1 2 2 2 0 1 0 2 1 0 2 0 0 0 1 2 1 1 1 0 1 2 1 2 2 0 2 2 2 1 2 1 1 1 0 1 0 1 1 1 1 0 0 0 1 2 2 2 1 2 0 0 1 2 2 1 2 1 2 1 0 1 2 2 0 0 0 1 2 1 1 1 2 1 1 2 0 1 2 2 1 0 2 2 2 0 2 1 2 1 0 0 0 0 2 1 0 2 0 0 2 1 2 2 0
0 1 0 2 1 0 0 1 0 1 0 0 1 2 0 2 0 0 0 0 0 2 1 2 2 2 2 1 2 2 1 2 0 2 0 1 2 1 0 0 2 1 1 0 0 1 0 1 2 1 1 2 1 1 0 1 1 2 2 0 1 1 2 0 0 0 2 0 2 0 1 2 1 0 1 0 2 1 1 2 0 1 2 2 2 2 0 0 2 2 0 2 0 0 2 1 2 2 2 1 2 1 1 2 1 2 0 1 2 1 1 0 0 1 0 2 0 0 0 0 1 1 2 1 0 2 0 2 2 0 1 2 1 2 2 1 2 2 2 2 2 1 2 2 2 2 0 0 1 1 1 2 0 1 1 1 1 2 1 1 0 0 1 0 2 1 1 2 1 1 1 0 0 2
1 0 1 1 1 2 0 0 1 1 1 0 2 0 0 1 2 0 1 1 1 1 0 2 1 1 2 1 0 0 0 1 0 1 0 2 2 0 2 1 2 2 2 2 2 2 1 2 1 2 1 2 1 1 0 0 0 0 1 0 0 1 2 1 0 2 1 0 1 1 2 1 0 1 1 1 2 2 1 1 0 2 0 1 0 1 2 0 1 1 2 2 0 1 1 2 2 2 2 1 0 1 2 2 1 1 0 0 1 1 1 2 0 2 1 1 2 2 2 0 0 1 0 2 1 2 1 1 1 1 2 2 0 2 1 2 0 1 0 2 0 1 1 1 1 0 0 0 2 0 2 0 2 0 2 0 2 1 1 0 0 1 0 1 0 2 1 1 1 1 1 0 0 0
1 1 1 2 0 1 0 2 1 2 2 2 1 2 1 0 2 2 2 0 1 0 2 2 2 2 0 1 2 0 2 1 0 0 0 0 1 0 0 0 1 0 2 0 2 2 0 2 1 0 2 0 1 0 2 1 2 1 2 2 2 1 0 0 2 2 0 0 0 1 1 2 1 1 2 0 0 0 2 0 1 2 0 0 0 0 2 0 2 2 2 2 1 0 2 0 0 1 2 2 2 1 1 2 2 1 2 1 2 0 1 0 0 2 1 0 2 1 0 0 0 0 0 2 1 2 1 2 1 0 2 2 1 0 2 1 1 1 2 1 2 0 0 2 2 2 0 0 0 1 0 0 2 0 0 1 0 1 1 0 2 0 0 0 0 2 2 0 0 2 2 1 0 2
1 0 1 2 1 1 1 2 0 1 2 1 2 0 2 1 0 2 1 1 0 2 0 2 0 1 1 0 0 2 2 1 0 2 1 2 0 0 1 1 1 1 2 1 2 1 2 1 1 1 2 1 0 0 1 1 2 0 1 2 0 1 1 1 0 0 0 2 0 2 0 2 1 0 1 1 2 1 0 1 2 2 2 2 2 0 1 2 1 0 2 1 0 1 1 0 1 1 2 2 1 1 2 0 1 0 1 1 1 1 2 1 2 2 1 2 0 0 2 2 1 1 2 1 2 0 0 1 2 0 1 1 1 0 2 0 1 0 2 0 0 1 1 2 1 0 2 2 1 1 2 0 1 1 2 1 1 0 0 1 0 1 2 2 0 2 2 1 1 2 2 1 1 1
1 2 2 0 2 1 0 2 2 1 1 2 2 1 2 0 0 0 2 0 2 0 0 0 1 1 2 1 0 1 0 2 2 0 0 1 2 0 1 2 2 1 1 0 2 1 1 2 1 1 0 2 1 0 2 0 2 2 2 2 2 0 1 1 1 0 0 1 1 2 0 1 0 1 2 0 2 1 0 1 0 0 0 1 2 0 2 1 0 2 2 2 0 1 1 1 1 1 2 0 0 2 2 1 1 2 1 1 0 2 0 0 0 0 0 2 2 2 0 0 2 2 0 1 1 1 2 0 2 0 0 1 0 2 0 0 1 0 1 2 2 2 0 2 1 0 2 0 1 0 0 0 0 0 1 2 2 2 0 1 0 0 0 1 1 1 1 0 1 1 0 0 0 1
1 1 2 0 1 0 1 2 2 2 0 1 2 2 0 0 2 1 2 2 0 0 0 2 1 2 0 2 0 1 1 2 2 0 2 2 1 2 2 0 1 0 1 1 0 0 2 2 1 1 0 2 2 1 2 0 1 2 0 2 1 1 1 2 2 1 2 0 0 1 1 2 2 0 1 1 0 1 0 0 0 1 0 2 0 2 0 1 0 1 0 1 2 2 0 1 0 0 2 1 2 1 1 2 2 0 0 2 1 2 0 1 0 1 1 0 1 2 2 1 1 2 1 1 1 2 1 0 0 0 2 2 2 0 2 1 1 0 1 0 2 2 0 0 1 1 1 2 1 0 1 0 1 2 2 0 2 0 0 2 1 0 2 0 2 2 2 0 0 2 1 2 2 1
0 0 1 2 2 0 1 0 1 2 0 0 0 1 1 2 0 2 2 1 1 1 0 0 2 0 0 1 0 2 0 1 2 1 1 0 2 2 1 1 1 0 2 1 1 0 0 1 2 1 0 1 2 0 0 2 1 0 1 2 1 1 1 0 1 0 1 1 2 0 2 1 0 2 0 1 2 1 0 2 0 1 1 2 2 1 2 1 2 1 1 0 1 0 2 2 0 0 1 2 0 1 0 0 0 1 2 0 0 0 0 1 1 2 0 1 0 1 0 1 0 2 1 1 2 1 1 1 2 2 1 2 0 2 1 1 1 0 1 2 1 2 0 0 1 1 2 0 0 2 2 2 1 0 0 2 2 0 1 2 2 2 2 1 2 0 2 0 2 1 0 0 1 1
1 0 1 0 0 1 2 2 0 2 1 2 2 1 2 0 0 1 2 0 0 2 1 0 0 1 2 2 1 0 0 0 0 1 1 2 1 2 2 2 1 1 1 1 2 0 1 0 0 1 1 0 1 0 0 0 2 2 2 0 0 0 2 1 0 0 1 1 2 0 0 1 2 2 2 2 0 1 0 0 0 2 2 2 0 0 2 2 0 1 0 1 0 2 2 0 1 1 1 1 2 2 0 2 2 0 1 0 2 2 1 0 2 0 2 2 1 0 1 2 2 0 1 2 0 1 2 1 2 1 1 2 1 2 1 0 2 0 1 2 0 0 0 0 1 1 2 0 1 2 0 0 2 2 0 2 1 0 2 1 0 0 1 1 2 0 2 2 0 1 0 2 2 0
2 1 1 1 2 2 1 0 1 0 2 1 1 1 2 1 0 2 2 2 1 1 2 1 1 1 0 1 0 0 2 2 1 1 1 1 1 0 0 0 1 2 1 2 2 1 1 2 1 0 1 0 2 1 2 1 2 2 0 2 0 2 1 0 2 0 2 1 0 2 1 2 0 0 2 2 1 1 2 0 2 0 1 1 1 0 0 2 1 1 1 2 1 0 2 0 1 2 1 2 2 2 1 2 2 1 1 2 0 0 2 0 1 0 1 1 2 2 0 0 1 2 0 2 2 0 0 1 0 1 1 2 2 0 2 1 2 1 1 0 0 1 0 1 2 0 0 1 0 1 2 1 1 0 0 1 1 1 0 1 1 2 1 0 2 0 2 0 0 1 0 0 2 2
2 2 2 0 1 2 1 1 0 2 2 1 2 0 0 2 2 1 1 1 2 2 2 1 0 2 2 1 2 2 0 2 2 2 0 1 2 2 0 0 0 0 2 2 1 0 2 2 1 1 0 0 1 0 2 1 0 0 0 0 0 1 0 0 1 1 1 1 1 0 2 1 1 2 1 2 2 0 2 1 1 2 2 1 1 1 2 1 2 0 2 0 2 0 0 1 1 0 2 0 0 2 1 1 1 0 1 0 0 1 2 0 1 1 1 2 1 1 1 0 2 1 0 2 2 1 0 1 1 0 2 2 0 1 0 1 2 2 0 0 0 2 0 2 2 2 2 0 2 1 1 2 2 2 1 2 1 2 0 0 2 0 2 0 2 0 2 2 2 0 2 0 0 1
0 2 1 2 0 0 0 2 2 2 2 1 2 0 0 0 1 1 0 0 1 0 0 1 2 2 1 0 0 2 2 0 2 0 0 0 2 0 0 1 1 2 1 0 0 1 1 1 0 0 1 2 0 2 1 1 1 0 1 2 0 1 0 2 1 0 0 0 2 0 0 1 0 1 2 0 0 1 1 1 1 0 1 2 2 2 0 2 0 2 2 1 0 2 2 0 1 0 1 1 1 1 2 1 0 1 0 2 0 1 1 2 0 0 0 2 0 0 2 1 1 2 0 2 2 2 2 1 0 2 2 2 1 1 1 2 0 1 2 2 1 0 2 1 0 2 1 0 1 2 2 2 1 0 2 1 2 2 2 0 2 1 0 0 0 2 0 2 1 2 2 2 2 1
1 0 1 1 1 2 1 0 2 2 1 1 2 2 1 1 2 0 1 0 1 2 0 2 2 1 2 1 2 2 0 0 0 2 2 1 1 0 2 0 1 1 1 0 0 0 2 0 1 0 1 2 1 1 2 0 0 2 2 2 1 0 0 1 2 1 0 0 1 1 1 0 2 2 0 0 0 1 1 2 1 0 2 0 1 2 1 2 1 1 2 1 1 1 2 0 2 1 1 1 2 2 2 2 2 0 2 1 1 0 1 1 1 0 1 1 1 0 0 2 1 1 0 2 2 1 0 1 2 1 0 2 1 2 1 2 1 0 0 0 1 1 2 0 2 2 2 0 2 0 0 1 1 1 1 0 0 2 2 0 1 0 2 0 0 0 0 2 1 0 0 1 2 0
2 1 2 1 2 2 1 0 1 0 2 2 1 0 2 1 1 2 2 1 0 0 2 0 0 2 0 1 0 2 1 2 1 1 0 0 1 1 1 0 2 1 0 1 2 1 0 0 0 2 2 0 2 0 0 0 2 1 1 2 1 0 1 2 2 1 1 1 0 2 2 0 1 2 1 0 0 2 2 1 1 1 1 1 1 2 2 0 0 1 0 2 1 1 0 1 0 1 0 2 1 2 2 0 0 1 0 1 0 2 0 2 2 2 1 1 2 1 0 0 0 0 0 2 0 1 2 1 2 2 0 0 0 2 1 0 1 0 1 2 2 2 2 2 2 1 1 1 0 1 2 0 2 0 1 2 1 0 1 1 0 1 0 0 2 1 1 1 1 1 1 2 0 0
1 2 2 0 1 0 2 1 0 2 1 2 1 0 0 0 1 1 0 1 2 2 1 2 0 2 0 2 2 1 0 1 1 2 2 0 2 2 1 1 2 1 0 1 1 1 2 0 0 2 0 0 2 1 2 0 1 0 0 1 2 0 0 1 2 2 1 0 2 0 1 1 1 2 0 0 1 0 1 1 0 1 0 2 0 2 2 0 0 2 1 0 0 2 1 1 2 2 1 2 2 0 1 1 2 2 1 2 2 1 1 2 2 1 2 1 1 2 1 2 2 0 2 0 2 0 1 1 2 0 1 0 0 0 2 0 0 2 2 0 0 1 0 2 0 0 1 1 0 2 1 0 2 0 0 1 1 2 0 2 2 2 2 2 2 1 1 0 1 0 1 1 2 2
1 0 0 0 2 0 0 1 1 0 2 2 2 1 2 0 0 1 2 0 2 0 2 0 1 1 1 2 2 2 2 1 2 0 2 2 1 0 1 0 0 1 0 0 2 2 0 0 1 1 0 1 2 0 2 0 1 1 0 2 0 2 0 0 2 2 0 2 2 2 2 1 0 2 1 0 2 0 0 2 1 1 0 1 1 0 1 0 2 2 2 2 1 0 0 2 1 1 1 1 0 1 2 1 1 1 1 1 1 1 0 0 2 1 1 2 2 0 2 1 2 2 1 1 0 2 0 1 0 2 0 1 1 2 2 0 0 2 1 2 0 2 2 1 1 1 0 0 1 0 2 0 0 0 2 0 0 0 0 0 1 0 2 2 2 0 0 1 2 1 1 0 1 1
2 2 2 0 0 1 1 2 2 1 0 1 0 0 2 0 2 1 1 1 0 0 1 1 2 1 2 1 2 1 0 1 1 2 2 2 1 0 2 1 0 0 0 1 1 0 2 0 1 0 2 2 1 1 0 2 0 1 0 0 0 1 2 1 0 1 1 0 0 2 2 1 0 2 0 1 1 2 0 2 0 0 2 1 1 0 0 2 2 1 0 2 2 0 2 1 2 1 1 2 0 1 1 0 0 1 0 1 1 0 2 1 0 2 0 2 2 1 2 2 0 0 2 0 0 1 1 0 0 0 0 1 1 2 2 0 1 0 2 0 0 1 2 1 0 0 0 1 2 0 1 0 1 0 0 2 0 0 2 1 0 0 2 0 0 2 0 1 2 2 2 0 2 2
2 2 2 1 1 2 2 2 2 1 1 1 1 1 1 0 2 2 1 1 0 1 2 0 1 1 1 0 0 0 0 2 0 1 0 2 0 0 1 1 2 2 2 0 1 1 1 0 1 0 0 2 2 2 2 1 1 1 2 1 1 0 2 2 2 0 1 2 1 0 0 1 1 0 1 2 1 0 1 1 2 1 0 1 1 0 0 2 2 2 2 1 0 2 1 2 0 2 2 2 1 0 1 0 1 0 2 0 2 1 2 1 2 2 0 1 1 0 1 1 0 1 2 1 0 1 1 1 1 1 0 2 2 2 0 1 0 0 2 2 2 2 0 2 2 1 1 0 1 2 1 2 1 2 0 2 0 2 1 1 0 2 2 0 2 2 2 2 0 2 2 0 2 0
0 1 1 1 0 0 2 2 2 0 1 1 1 1 1 2 1 2 2 1 0 1 0 0 1 2 0 1 0 2 1 0 2 0 2 0 1 1 2 1 0 1 0 2 2 1 2 1 0 1 2 1 1 1 2 0 0 2 2 1 0 0 1 2 2 1 2 0 1 2 2 2 0 2 1 1 0 1 2 1 2 0 2 1 1 2 2 2 2 1 0 0 2 2 2 2 0 2 0 2 1 2 1 0 0 0 1 0 1 1 2 2 1 0 0 0 2 0 2 2 1 2 2 2 1 2 1 2 1 1 2 1 2 1 2 0 1 0 0 1 2 1 1 2 1 2 2 0 0 2 1 2 1 0 1 1 0 1 1 2 2 0 1 2 1 0 2 1 1 1 0 2 2 1
1 0 0 0 1 1 0 2 1 0 1 0 1 2 1 2 1 2 2 1 1 2 1 2 0 1 1 1 0 0 2 1 1 0 2 0 2 0 1 1 0 2 1 1 1 0 0 0 2 0 1 1 2 0 1 0 1 0 1 1 0 1 0 2 0 2 0 2 0 1 1 0 1 0 2 2 0 0 2 0 2 1 0 1 2 2 2 1 0 1 0 1 0 0 2 0 0 0 0 1 1 2 2 0 2 0 2 1 1 2 1 0 1 2 2 0 0 2 2 0 0 2 2 1 0 1 1 2 1 2 0 0 1 0 0 1 1 0 2 0 1 1 0 2 2 0 1 2 0 0 0 1 1 0 0 2 2 0 1 1 2 2 0 2 1 0 0 2 2 0 2 0 2 1
0 1 1 1 1 2 0 1 1 2 2 1 1 2 2 1 1 2 0 1 2 2 0 0 2 2 0 2 0 2 0 0 2 0 0 0 0 0 0 2 2 0 1 1 0 1 2 1 1 1 0 0 0 0 0 0 0 0 0 1 0 1 2 2 1 2 1 2 0 1 1 0 1 0 2 1 1 2 0 2 1 0 2 0 1 0 0 2 0 1 0 1 0 1 2 2 0 0 2 1 1 1 1 0 1 1 2 0 1 2 0 2 1 0 0 0 0 1 0 1 0 1 0 1 2 2 1 0 2 1 2 1 2 0 2 2 0 1 2 1 1 1 1 2 1 2 0 2 1 1 0 2 2 1 1 0 0 2 1 0 1 0 2 1 1 1 0 1 0 1 0 2 2 2
2 0 2 0 0 1 1 1 0 2 0 1 0 1 1 1 2 2 2 0 1 0 1 2 0 0 0 0 0 0 0 0 2 0 1 2 1 0 1 0 0 2 2 0 1 2 1 1 2 0 1 1 2 1 1 2 2 2 0 2 1 1 2 0 1 1 0 1 2 2 2 0 2 1 1 0 1 0 2 1 2 1 2 1 0 1 1 2 1 1 1 0 2 1 0 2 0 0 0 0 0 2 0 2 1 1 0 0 0 0 1 2 2 1 0 2 0 2 1 2 0 0 2 1 1 2 0 1 0 1 2 1 1 0 1 2 2 2 0 2 2 2 1 2 1 2 1 1 1 2 1 0 0 0 1 1 2 1 1 0 0 0 1 1 0 1 1 1 0 2 0 0 1 2
2 0 1 0 2 1 0 0 1 0 1 0 2 1 2 0 2 2 2 1 0 0 2 1 1 2 1 2 0 1 2 2 2 1 0 2 2 1 0 1 1 2 1 2 0 1 2 0 0 2 2 1 0 1 1 1 2 2 1 2 1 0 2 1 2 0 1 2 2 1 1 1 1 0 0 2 0 1 2 0 0 2 0 1 1 1 0 1 1 2 0 0 0 0 1 2 1 2 2 1 1 0 2 0 2 1 0 2 2 0 0 2 0 0 1 2 1 2 0 1 1 0 1 2 2 0 2 1 0 2 2 1 0 1 2 2 2 2 2 2 1 0 0 1 1 2 0 1 1 0 2 0 1 1 1 0 1 0 1 2 0 1 0 1 0 1 1 0 1 1 1 2 2 1
0 0 0 1 2 1 2 1 2 1 2 1 2 1 2 2 0 0 0 2 1 1 0 1 0 1 2 1 1 2 2 2 0 2 1 0 1 1 1 1 0 2 0 1 0 0 0 2 0 1 1 0 0 1 1 1 0 1 2 2 0 2 2 0 1 1 0 0 0 0 1 1 0 2 2 1 2 2 0 1 0 1 1 1 0 2 2 2 0 2 1 0 1 1 1 2 2 0 0 0 1 0 2 1 2 1 2 0 1 1 1 2 0 2 1 1 1 1 1 1 1 2 2 2 1 1 0 1 1 0 1 2 0 1 1 0 2 2 0 0 0 1 1 0 1 2 2 2 1 0 1 2 1 1 2 2 2 0 0 2 0 0 2 1 1 1 2 2 1 0 0 1 2 1
2 0 1 0 0 0 1 2 2 2 1 2 1 1 2 0 0 0 1 1 2 0 0 2 0 1 2 1 0 1 2 2 2 1 0 0 1 2 2 1 1 1 2 1 2 1 2 1 2 0 2 2 1 2 1 2 1 1 1 1 0 0 1 2 2 2 2 1 1 2 0 2 1 0 1 1 1 0 2 2 1 2 1 1 1 1 0 2 2 1 1 0 2 2 2 0 1 0 1 2 0 2 0 2 2 1 1 2 2 1 1 1 0 0 2 2 1 0 2 1 2 0 1 0 2 1 0 1 2 1 1 1 1 1 1 1 1 2 0 1 0 1 2 1 2 0 0 0 0 2 2 1 0 1 1 2 0 1 1 0 2 1 1 1 0 0 0 1 2 0 2 0 0 0
1 0 0 1 1 1 1 1 2 1 2 0 2 0 2 1 2 2 2 1 1 0 2 2 2 2 1 2 0 1 0 2 1 0 2 2 2 0 1 2 0 2 0 0 0 0 1 2 0 2 2 2 0 1 2 2 0 0 2 1 1 2 1 0 2 1 0 0 2 0 2 2 0 0 0 0 1 0 1 2 2 0 2 2 2 2 2 0 2 2 2 1 1 1 2 2 2 2 2 1 0 2 2 0 2 2 1 2 0 0 1 2 0 1 2 2 0 2 0 2 1 2 1 0 1 0 2 1 1 1 1 1 1 1 2 1 1 1 1 2 1 2 1 2 1 2 2 2 2 2 2 1 0 0 1 1 2 1 1 0 0 2 1 2 1 1 1 2 0 2 1 2 2 1
1 1 0 1 1 0 1 1 1 2 2 2 0 1 1 2 2 0 2 2 2 0 1 1 0 2 1 2 2 0 0 1 0 1 0 2 1 2 1 2 1 0 0 2 0 1 2 2 1 2 2 1 2 1 2 0 0 0 0 2 2 0 1 0 0 0 2 1 2 0 2 1 1 2 1 1 0 0 2 0 2 1 1 0 0 2 0 0 0 0 1 0 2 0 0 2 0 0 1 0 0 0 1 0 2 0 2 1 0 1 1 1 1 0 2 1 2 2 0 0 1 2 0 1 0 2 1 1 2 2 2 1 1 1 2 1 1 1 2 2 1 1 0 2 2 2 1 1 0 1 2 2 1 1 1 2 1 2 1 1 2 0 2 0 2 1 0 0 0 2 0 2 1 2
1 1 2 2 0 2 2 1 2 1 2 0 0 1 0 1 2 0 2 2 1 1 1 1 1 2 2 0 1 1 2 0 2 1 1 2 2 1 0 1 2 0 0 0 2 0 2 2 1 2 2 0 0 1 2 0 1 1 0 0 2 2 1 1 0 0 2 2 1 0 2 0 2 2 1 1 0 2 0 2 1 2 2 1 1 2 2 0 1 2 1 1 2 0 1 0 0 0 0 2 1 0 1 0 2 2 0 0 1 1 2 0 2 2 0 0 2 2 1 0 2 2 0 1 1 1 2 1 2 1 1 0 1 2 2 2 2 2 0 2 0 0 0 2 2 0 0 2 0 2 0 2 0 0 1 1 2 2 0 1 0 1 1 2 1 1 1 2 0 1 2 2 1 2
2 1 0 0 1 0 0 2 0 0 0 1 1 2 0 0 0 1 1 2 1 1 1 0 1 2 2 0 1 1 0 1 1 0 2 2 1 2 2 2 0 2 2 2 2 2 2 0 2 2 2 1 1 1 1 2 1 1 0 2 0 0 1 1 2 0 1 1 0 0 1 1 0 0 0 0 0 1 0 2 0 0 1 1 2 0 1 0 1 1 0 1 2 2 0 2 2 1 1 0 2 0 1 2 0 0 0 1 1 0 2 2 2 0 0 1 0 2 2 2 1 0 1 1 2 2 1 0 1 0 1 1 0 0 1 1 1 2 2 2 0 1 1 2 2 2 1 0 2 0 0 0 1 2 1 1 2 2 2 1 0 1 0 0 1 0 1 2 2 1 2 0 0 1
1 0 0 2 1 2 1 1 0 0 1 1 1 1 2 1 1 2 2 1 1 1 1 0 1 1 2 1 2 0 2 0 0 0 0 2 2 1 1 0 1 0 1 1 0 1 2 1 2 2 2 0 1 2 0 0 0 0 1 0 1 1 1 2 1 2 2 1 1 1 1 1 1 0 2 1 2 2 0 1 2 1 2 1 0 0 1 1 1 0 0 2 2 1 2 0 1 2 1 1 0 2 2 1 0 2 1 2 1 2 1 1 0 1 2 1 2 0 1 0 1 1 1 0 0 1 0 0 0 2 2 0 2 1 2 2 1 1 0 0 1 1 1 2 0 0 2 0 1 0 1 2 2 2 0 0 1 1 0 1 0 2 2 0 1 2 0 0 1 0 0 0 0 1
1 1 1 0 1 0 1 0 2 0 0 0 0 1 1 2 1 2 2 0 2 2 0 1 2 2 2 0 2 2 2 1 1 1 1 2 1 2 0 2 0 1 2 2 0 2 1 2 1 1 0 2 0 0 0 1 0 2 1 1 0 0 2 1 2 1 2 2 1 0 2 0 2 2 2 2 1 1 2 0 2 0 2 1 1 0 2 2 2 1 0 0 2 0 2 2 2 2 2 1 2 1 2 1 0 1 1 2 0 1 0 0 1 2 1 0 0 1 0 0 0 1 1 0 1 1 0 2 0 0 1 2 1 0 1 2 1 2 2 2 1 0 2 0 0 2 1 0 1 1 1 2 0 2 0 0 0 0 2 1 0 0 0 2 0 1 2 2 0 0 1 2 0 1
1 1 0 2 2 0 2 0 2 2 0 2 0 1 0 2 2 1 2 0 0 0 1 0 2 0 0 1 0 2 0 1 0 1 1 2 2 1 1 1 1 1 1 2 1 2 1 0 0 2 1 0 2 0 2 0 1 2 1 2 2 2 1 0 2 2 1 1 1 2 1 0 1 2 2 2 2 0 1 0 0 0 1 0 1 1 0 0 1 2 0 1 2 1 1 2 2 2 0 0 2 1 0 1 2 2 1 2 1 0 2 2 0 1 2 0 2 0 0 1 1 0 0 1 2 1 0 1 2 0 2 1 0 0 2 0 0 2 2 2 2 1 2 1 1 2 1 0 0 1 2 1 2 0 0 1 0 0 1 2 2 0 0 0 0 1 0 1 1 0 1 0 1 1
1 0 1 2 2 2 1 2 2 1 0 2 1 0 0 2 2 0 0 0 0 1 2 0 0 1 0 2 2 2 1 1 1 2 2 0 0 0 2 2 0 2 1 1 0 2 1 0 2 1 2 0 2 1 0 0 1 1 1 0 2 2 2 0 0 1 1 0 0 0 2 0 1 1 2 1 1 0 0 0 2 2 2 2 1 2 1 2 2 2 2 2 1 0 0 2 1 1 2 1 2 2 2 0 1 2 0 2 0 1 0 2 0 2 2 1 0 0 1 0 0 1 2 2 1 2 2 1 1 2 0 0 2 0 2 0 0 2 0 1 1 0 0 1 1 0 2 1 1 1 2 1 1 1 2 2 1 1 1 2 0 2 2 2 0 1 0 0 1 0 1 2 1 0
1 0 0 2 1 0 0 1 2 1 2 1 2 1 0 0 0 1 0 0 1 0 0 2 1 2 0 2 0 2 2 1 2 1 0 1 1 2 2 0 1 1 0 1 0 0 0 0 2 0 2 2 1 2 2 2 2 2 1 2 2 1 2 1 0 2 1 1 2 0 2 1 0 2 2 0 1 2 2 1 0 1 0 1 1 2 1 0 0 2 0 0 1 2 1 1 2 0 0 2 1 0 1 1 0 1 1 2 2 1 1 0 2 1 2 0 2 0 2 0 2 0 0 2 2 2 1 2 0 2 2 1 2 0 0 0 0 1 0 2 0 1 2 0 0 2 2 0 2 1 0 2 1 0 1 1 1 1 0 1 0 1 0 0 1 0 0 2 2 0 1 0 2 1
1 1 1 1 1 0 2 0 1 1 1 0 2 2 1 0 1 1 1 1 1 1 2 2 0 2 0 0 0 1 2 2 2 1 0 1 1 0 1 0 1 0 1 1 2 2 0 1 1 1 0 0 2 0 0 1 0 2 1 0 0 1 1 2 2 1 0 2 2 0 2 1 0 0 1 2 0 1 1 2 2 2 0 0 0 1 2 1 0 1 1 0 2 2 0 2 2 1 2 2 1 1 1 2 2 2 2 0 0 1 0 1 1 0 2 1 2 2 0 2 0 0 0 2 2 1 2 2 1 1 1 0 1 1 0 1 0 0 2 2 1 2 1 1 0 1 2 1 0 1 0 0 1 2 0 1 1 1 1 2 0 0 1 1 1 1 2 0 2 1 0 0 1 1
1 0 2 2 1 2 0 2 0 1 2 1 0 1 0 1 1 1 0 2 0 1 1 0 2 0 2 2 2 2 0 1 2 0 0 1 0 1 1 1 0 1 0 1 0 0 0 1 2 0 2 0 0 0 1 0 2 1 0 1 0 1 0 0 0 2 1 0 0 1 2 2 2 0 1 2 1 2 1 1 0 1 2 1 0 0 1 2 1 2 1 0 1 1 0 1 0 0 2 2 1 1 2 1 2 0 1 1 2 2 2 0 2 1 2 2 2 1 1 1 0 0 1 2 1 0 0 0 0 0 2 2 2 1 0 2 2 1 0 2 1 0 1 0 2 0 2 2 1 1 0 0 2 2 2 2 2 1 2 0 2 2 2 2 1 2 1 0 1 2 0 2 0 1
0 0 2 0 2 1 0 0 1 2 0 2 1 0 1 0 0 1 0 0 0 1 2 0 2 0 0 0 0 1 1 1 1 1 2 1 0 2 2 2 1 0 2 1 0 0 2 1 1 0 1 2 1 1 0 1 2 0 1 0 1 0 2 1 2 1 0 0 1 2 2 0 2 2 1 0 0 1 1 2 1 0 2 0 2 2 1 2 2 0 2 2 2 1 0 1 0 0 1 1 0 1 2 0 1 1 0 2 0 2 2 1 2 1 0 2 1 1 1 1 0 1 1 2 1 2 0 1 0 2 1 0 1 1 0 0 2 1 2 0 0 2 2 0 0 2 2 2 2 1 1 2 0 0 2 1 2 0 0 0 2 1 0 1 2 2 1 0 0 1 1 2 0 1
2 1 1 0 1 1 1 0 1 2 0 0 1 2 0 2 2 0 1 1 1 2 1 1 2 1 0 1 1 1 2 1 0 1 1 2 2 0 2 1 0 0 1 1 2 2 1 0 0 0 2 0 2 0 1 2 2 1 0 1 0 2 0 1 2 2 1 2 2 1 1 0 1 0 2 1 0 1 2 1 1 1 1 1 1 2 0 1 2 1 0 2 2 0 1 1 0 0 0 2 1 2 0 0 0 0 2 1 2 1 2 1 1 1 0 2 1 1 1 0 0 2 1 2 0 0 0 0 1 2 0 0 1 1 1 1 2 1 0 1 0 0 0 1 1 2 2 2 0 1 1 0 1 0 1 1 0 1 2 2 1 0 0 0 2 2 2 2 1 0 1 2 0 2
1 2 2 1 2 2 2 0 0 1 0 2 0 2 2 0 1 0 1 2 0 0 2 1 0 1 1 1 1 2 1 2 2 0 0 1 0 0 0 2 2 1 1 0 0 0 0 0 1 2 0 2 2 0 0 2 1 2 1 2 2 0 2 1 0 0 0 1 1 1 1 1 2 2 1 1 0 2 1 2 1 1 1 1 2 0 1 2 0 2 2 0 2 2 1 1 0 2 0 2 1 1 0 1 0 2 2 1 1 1 0 2 0 0 1 0 1 2 0 1 2 2 2 2 2 1 0 0 1 1 2 0 2 1 2 1 0 1 2 2 0 1 2 0 2 1 1 0 1 1 2 1 1 2 1 0 1 2 0 2 2 1 0 1 2 2 2 2 1 0 2 2 1 2
0 0 1 1 0 0 0 2 2 2 1 1 0 2 1 1 0 0 0 1 0 2 2 2 2 0 2 2 1 1 2 1 1 1 0 2 1 1 0 1 0 2 2 1 0 2 0 1 2 1 2 0 0 1 0 2 0 0 2 1 0 1 0 2 2 0 2 2 0 0 0 0 0 1 2 0 0 0 2 0 1 2 2 2 1 2 0 2 0 2 1 1 2 1 1 2 0 0 1 0 1 0 1 1 1 1 0 2 2 2 0 2 2 2 2 2 2 2 1 1 0 0 2 2 2 0 1 2 1 1 2 0 1 1 2 0 0 0 2 0 0 0 0 0 0 0 0 0 2 1 1 0 2 1 2 2 2 2 2 1 0 2 2 1 1 1 1 2 2 1 2 0 1 1
0 2 1 0 0 1 2 2 2 0 1 2 0 1 1 2 0 1 2 2 0 0 2 2 0 1 1 1 1 1 2 2 0 0 0 1 2 1 2 1 1 0 2 1 2 0 1 2 0 1 0 0 2 2 1 0 1 2 2 1 0 1 0 2 2 2 1 1 0 0 1 2 1 0 1 0 0 2 1 1 1 1 0 1 1 1 2 2 0 1 1 2 0 2 1 2 2 2 1 0 1 2 0 2 2 1 0 1 1 1 2 1 2 2 2 1 0 2 2 2 1 0 2 1 0 0 1 2 0 2 0 1 2 0 1 2 2 2 0 1 0 1 2 1 0 2 2 2 2 1 2 0 2 1 2 2 2 0 0 0 0 0 2 2 2 1 2 1 0 0 2 1 1 2
0 2 2 2 2 1 2 1 2 2 0 1 2 2 2 2 2 0 1 2 2 0 1 2 1 1 0 2 0 1 2 1 1 2 2 1 1 1 0 1 1 0 2 0 0 2 1 1 2 2 0 2 0 2 2 2 2 0 2 0 2 2 2 2 2 1 0 0 0 1 1 1 2 2 2 1 1 0 2 1 2 0 0 0 1 0 1 0 0 0 1 0 0 0 2 0 2 0 1 0 2 0 2 0 2 2 1 1 2 1 2 0 1 1 0 2 1 2 0 0 0 2 0 1 0 0 2 1 1 0 1 1 1 2 2 2 1 0 0 0 1 1 1 0 2 0 1 0 2 2 0 2 2 1 2 0 2 1 2 2 2 0 1 0 2 0 2 1 1 1 2 0 2 0
0 1 1 2 2 1 0 0 1 2 2 0 0 0 1 2 2 0 1 0 2 1 0 2 0 1 0 0 1 2 1 2 1 0 2 1 1 2 2 2 2 1 0 0 1 2 2 0 1 0 1 0 2 1 0 2 2 1 2 1 1 0 1 1 0 1 2 2 1 1 0 0 0 1 0 0 0 1 1 1 1 0 2 0 1 1 0 2 0 0 0 1 1 2 2 2 0 2 0 1 0 0 0 2 1 0 2 2 1 0 1 1 0 1 2 0 2 0 2 2 0 0 2 2 0 2 0 0 2 0 0 0 0 0 2 1 1 2 0 1 0 2 2 1 2 1 1 2 2 1 0 0 2 0 2 0 2 2 0 2 0 1 0 0 1 0 2 1 1 1 2 1 1 2
0 0 1 0 1 1 2 2 2 1 2 1 1 2 2 0 0 2 1 1 1 1 1 0 0 2 2 0 1 1 2 0 2 0 1 0 2 0 0 1 0 2 1 2 0 1 2 0 1 2 1 2 1 0 1 1 1 0 1 0 1 1 1 1 2 2 2 2 0 0 1 0 0 2 0 1 0 0 2 2 0 1 2 2 2 0 1 1 1 0 2 0 2 1 2 1 0 0 1 1 1 0 2 2 0 0 1 1 1 0 1 2 0 0 1 2 2 0 1 0 0 0 1 2 2 1 1 0 1 0 2 0 1 2 2 1 0 0 0 1 2 1 1 2 0 0 2 2 0 1 0 1 2 1 1 2 0 2 0 2 0 2 2 1 2 2 0 2 0 1 1 0 0 2
0 1 2 0 0 2 2 0 0 2 2 1 1 1 2 1 0 2 0 1 2 0 1 0 0 2 1 2 1 1 1 1 2 1 0 0 0 2 1 2 1 1 1 0 2 0 1 0 1 0 2 0 1 0 0 1 1 1 0 2 1 2 1 1 1 1 2 2 2 0 1 1 2 1 2 2 2 1 0 0 1 2 1 0 1 2 2 2 1 0 2 0 0 0 1 1 2 1 1 2 2 0 0 1 1 2 1 1 2 2 2 0 2 1 2 0 0 2 0 2 2 2 2 1 0 2 2 0 0 1 2 0 2 0 2 1 0 1 0 2 0 0 0 0 1 0 1 2 2 2 2 2 0 2 0 1 2 0 2 0 2 2 0 2 2 0 1 0 1 2 2 2 2 1
0 1 1 2 0 2 2 0 1 2 1 2 0 0 2 0 0 2 2 2 2 2 2 2 2 2 1 0 1 1 2 2 2 1 1 0 0 1 1 1 0 2 1 2 0 2 2 1 2 0 1 0 2 1 2 1 0 0 2 0 2 1 2 1 0 1 2 0 0 0 0 0 0 1 0 2 0 1 1 1 1 2 1 1 0 0 0 1 1 0 1 0 1 0 2 1 2 1 0 2 0 0 1 1 1 2 0 0 1 1 1 0 0 0 1 2 0 2 1 2 2 0 2 1 1 2 1 1 0 1 1 1 1 2 0 0 2 0 0 1 0 2 2 1 2 0 0 0 0 2 2 0 2 2 2 1 1 0 2 0 1 1 1 0 1 1 0 1 0 2 2 0 1 2
2 2 1 1 2 1 0 0 0 0 2 0 2 1 1 2 1 2 0 2 0 1 2 0 0 2 2 0 0 2 0 2 1 1 1 0 1 2 0 1 0 1 1 2 0 2 1 1 2 1 1 2 1 1 0 1 1 0 2 1 2 0 2 0 1 1 1 2 0 0 1 1 1 2 0 1 2 1 0 1 1 2 1 2 1 2 0 2 0 0 2 0 1 2 1 0 0 2 0 2 0 2 0 1 2 1 0 2 0 1 2 1 1 0 1 0 0 0 2 1 1 2 1 2 1 2 2 0 0 0 2 1 0 2 1 0 0 1 2 2 0 1 0 2 0 0 2 0 0 2 2 1 2 1 0 1 2 0 1 2 1 1 0 2 1 2 2 2 1 2 1 2 2 0
1 2 0 1 0 0 0 0 2 0 2 0 0 1 0 2 1 2 1 2 1 2 2 1 2 1 2 1 0 1 1 2 0 1 0 1 2 1 2 1 2 2 1 0 1 2 2 0 2 0 0 1 0 2 0 0 1 0 1 2 1 0 2 2 2 2 0 1 2 0 0 2 0 2 2 2 1 1 2 1 0 0 0 1 0 1 1 0 1 0 2 2 0 2 2 0 2 2 2 1 1 2 1 1 2 0 2 2 0 1 0 0 2 0 2 0 2 1 0 0 2 0 0 1 2 2 1 0 0 1 2 2 1 1 1 1 1 0 0 2 0 0 0 2 2 0 0 2 1 1 0 1 2 1 2 2 2 1 2 0 2 2 0 0 0 1 2 2 0 2 0 0 1 0
2 1 0 0 0 2 1 1 1 1 1 0 1 0 2 1 1 1 1 1 0 2 2 0 2 0 0 0 0 2 0 0 0 1 1 0 0 0 0 2 2 1 0 1 1 2 2 0 2 2 1 0 1 1 0 1 2 1 1 2 1 2 0 1 1 2 0 1 0 1 2 0 2 0 1 1 0 1 1 0 0 2 0 2 1 2 1 0 1 0 1 1 2 2 2 0 2 0 2 0 1 1 0 1 2 2 2 0 1 0 0 2 0 1 2 2 1 0 0 0 1 2 1 0 2 2 1 2 0 2 2 0 1 2 1 1 2 1 1 0 2 1 0 0 0 0 0 2 2 0 0 0 0 2 1 0 1 0 2 2 2 1 0 1 1 1 2 0 2 1 1 0 2 2
0 0 2 1 2 1 2 0 0 2 0 1 0 2 2 2 2 2 1 2 1 2 1 1 0 1 2 2 2 1 2 0 2 2 1 0 2 1 0 2 1 1 1 2 2 0 2 1 0 1 2 2 0 0 0 2 2 0 2 0 2 1 0 2 1 2 0 0 0 2 0 2 0 1 1 2 0 2 2 1 0 1 1 1 2 2 0 2 0 0 2 0 2 0 0 1 2 1 2 0 0 0 0 0 2 0 1 0 2 1 2 2 2 1 0 1 0 2 0 1 2 1 1 0 1 2 1 1 0 0 2 1 1 2 2 2 2 0 2 1 1 1 0 1 2 2 0 1 2 1 2 2 0 2 2 1 1 0 0 2 2 2 1 1 1 0 0 1 1 1 0 0 2 1
0 0 1 0 2 1 2 2 0 2 1 0 0 0 1 1 0 1 0 1 0 2 2 1 1 1 2 1 2 0 0 2 1 2 0 1 0 2 0 1 2 2 2 0 2 0 2 0 0 0 1 1 2 1 2 1 2 0 1 2 1 1 1 0 1 2 1 2 2 1 0 2 1 2 0 1 1 2 2 1 1 1 2 1 1 2 0 0 0 1 0 2 0 2 2 1 1 1 2 1 0 2 0 2 0 1 1 2 1 0 0 2 0 0 1 1 0 2 2 1 0 0 0 1 2 0 0 1 1 2 1 2 2 1 2 0 0 0 2 0 2 0 0 0 1 2 2 2 1 1 0 2 1 1 1 1 2 2 1 2 2 2 2 2 0 2 0 2 1 0 2 0 1 0
1 0 0 0 2 2 1 0 2 1 2 1 2 2 0 1 1 0 0 2 2 2 1 0 1 2 1 1 0 0 1 1 0 2 1 1 2 1 1 1 0 1 0 0 2 0 2 0 1 2 2 0 2 1 2 1 1 1 0 2 2 2 0 2 2 0 1 1 2 1 0 2 2 0 2 1 0 1 0 2 2 0 1 1 2 0 0 1 1 0 1 0 0 1 0 0 2 0 1 1 1 2 0 1 0 1 1 1 2 2 1 2 2 2 1 0 2 2 2 1 0 0 2 1 2 1 2 2 1 1 1 2 1 0 1 2 1 2 1 1 1 2 1 2 0 2 2 2 2 1 2 2 1 1 1 1 2 0 0 1 0 0 0 1 0 2 1 1 2 2 0 1 0 1
1 0 1 0 0 0 2 2 0 1 2 1 2 2 0 1 1 1 1 2 2 1 2 2 0 0 1 0 1 2 0 0 2 1 0 1 2 2 0 0 1 0 2 0 1 0 1 2 1 2 2 1 1 0 0 1 0 2 0 2 0 0 2 2 1 0 1 1 0 2 1 1 0 2 1 1 2 0 1 1 0 2 0 2 2 1 1 0 1 1 2 1 2 2 2 1 2 0 0 2 0 0 0 1 2 2 0 1 0 2 0 1 2 0 1 1 1 2 1 0 2 1 1 1 0 1 0 2 2 1 2 2 2 0 1 1 2 2 0 0 2 2 2 1 2 1 0 2 1 1 0 0 0 2 0 0 1 0 0 0 2 2 2 2 2 1 0 2 1 2 0 0 1 0
2 1 1 2 0 0 1 0 1 1 0 1 2 2 0 2 2 0 2 2 0 1 0 1 1 2 0 2 2 2 2 1 1 2 1 2 2 2 1 0 0 2 0 2 1 0 2 1 0 1 0 0 0 2 2 2 1 0 2 2 1 1 1 2 1 0 2 0 2 1 2 1 0 2 1 2 0 1 0 0 0 1 2 1 0 2 1 1 2 0 1 0 2 0 0 1 0 1 2 0 2 1 2 0 1 1 2 1 0 0 2 0 2 2 2 2 1 0 1 0 0 0 2 1 0 0 2 1 1 1 1 1 1 2 2 2 1 2 1 1 0 1 2 2 0 2 1 1 0 0 2 2 1 1 0 1 0 2 0 1 1 2 0 2 1 2 2 2 0 1 0 0 2 1
0 2 1 1 0 1 2 2 0 0 2 1 2 0 1 2 1 0 2 0 0 0 0 0 1 0 1 1 1 0 0 1 2 1 0 0 1 1 1 2 1 1 1 2 1 2 1 0 0 1 0 1 0 1 1 1 2 1 0 0 1 1 2 2 0 1 0 1 2 1 1 1 2 2 1 1 2 1 2 0 2 2 2 2 1 1 0 1 2 1 2 2 0 0 2 0 1 2 2 1 2 0 0 1 0 0 0 0 1 2 1 0 2 0 0 1 0 1 0 0 2 2 0 2 2 2 1 1 0 0 0 2 1 2 1 1 2 1 2 0 1 1 1 2 1 2 1 2 1 1 0 1 0 1 2 1 1 0 2 1 0 1 0 2 0 1 1 2 1 0 0 0 1 1
0 1 1 1 0 0 2 1 1 0 0 0 1 2 1 1 1 2 2 1 1 2 0 2 2 2 0 0 1 2 2 1 0 1 0 2 1 0 1 0 0 2 2 2 1 0 2 2 0 1 1 2 2 0 2 2 0 0 0 1 2 0 0 1 1 1 1 0 1 2 0 0 2 0 0 1 1 2 2 2 2 1 1 2 1 1 2 2 2 0 1 0 0 1 1 2 0 2 0 0 2 2 1 2 2 1 2 1 2 1 0 1 2 0 1 2 2 1 2 2 2 0 2 2 0 1 0 0 1 0 1 0 0 2 1 0 1 0 1 0 2 0 2 2 1 1 2 1 2 1 1 1 2 0 2 2 2 0 0 0 1 2 2 2 2 1 0 1 2 1 2 1 2 1
0 1 0 0 0 1 2 2 2 1 1 2 1 0 2 0 2 2 0 1 1 2 0 1 1 2 0 0 0 1 0 1 0 1 2 1 2 2 1 0 1 2 2 1 2 0 1 2 2 1 1 1 1 1 0 2 0 0 1 1 2 1 0 0 2 0 1 2 0 0 0 0 2 2 1 0 0 2 2 0 1 1 1 2 2 2 2 1 1 1 2 0 2 0 1 2 1 1 2 2 1 2 2 2 0 0 2 0 0 2 1 2 0 0 2 1 0 2 2 1 0 2 2 0 0 1 0 2 2 1 1 1 0 2 0 1 0 0 2 2 0 1 1 1 2 0 2 0 0 2 2 0 0 2 1 0 1 2 0 0 1 2 2 1 1 0 1 0 0 1 2 1 0 0
0 2 2 0 1 2 0 0 1 0 2 0 1 0 0 2 1 1 1 2 1 1 2 2 1 0 0 0 0 0 1 0 2 1 0 1 2 1 2 1 2 1 1 0 0 0 2 2 1 1 1 2 0 1 1 1 0 1 2 0 2 1 0 0 0 0 1 0 2 0 1 1 0 0 0 1 0 0 0 2 2 2 2 2 1 2 0 1 0 2 1 1 1 1 1 2 0 2 2 0 0 1 2 1 1 2 2 0 1 2 0 0 2 2 0 1 1 1 2 0 2 1 1 1 0 0 1 0 2 0 0 0 2 0 1 1 0 0 1 1 0 2 2 2 2 0 1 1 2 1 2 1 0 1 0 0 1 1 1 2 2 2 2 1 0 1 1 1 1 2 0 1 0 0
2 2 1 0 1 1 2 2 0 2 0 1 0 0 0 2 2 0 2 1 2 0 2 0 2 2 1 2 0 1 1 0 1 2 2 0 0 1 2 1 1 1 0 2 1 0 2 1 1 2 0 1 2 1 1 2 0 0 0 0 1 1 2 2 0 1 0 1 2 0 0 1 1 1 1 0 1 1 2 0 1 0 2 1 1 1 2 1 2 2 2 0 0 1 1 0 0 2 2 0 2 0 2 2 1 2 2 1 0 2 2 2 2 1 1 1 2 0 0 2 2 0 0 0 0 1 0 0 1 1 1 0 1 1 2 1 0 0 0 1 2 2 1 2 1 2 1 1 0 1 1 0 2 2 0 2 1 1 0 2 2 2 0 2 1 1 1 1 1 1 1 1 1 2
1 2 2 2 1 2 1 0 0 1 2 0 1 0 2 2 0 0 1 1 0 0 2 1 2 0 2 0 2 1 0 0 0 2 0 2 2 2 0 2 0 0 0 2 1 1 1 1 1 1 2 1 1 2 2 1 0 2 0 2 0 0 0 1 1 1 0 0 1 1 1 2 2 2 2 1 0 2 2 2 0 0 0 2 0 0 0 1 2 1 1 0 2 2 2 0 1 0 1 0 2 0 0 2 1 2 0 1 1 1 2 2 1 2 1 2 1 0 0 1 1 2 2 1 2 1 1 0 2 1 0 0 1 0 2 2 1 0 2 0 2 1 0 1 1 1 0 2 2 1 1 2 1 1 0 0 0 2 1 0 1 2 1 0 0 0 1 1 1 0 0 0 2 0
1 1 2 0 1 2 1 0 1 0 2 2 0 2 1 1 0 0 1 1 1 0 2 2 2 0 0 2 2 0 2 1 1 0 1 0 0 0 1 2 0 0 1 1 0 1 1 0 1 0 2 0 0 2 2 0 0 0 0 0 1 0 2 0 1 1 1 1 2 0 0 0 1 1 2 2 2 1 0 2 1 0 2 2 0 0 0 0 0 0 1 2 1 1 0 2 2 1 1 1 2 1 0 1 1 2 0 1 1 1 0 2 2 0 2 2 0 2 0 1 0 2 1 2 0 1 0 2 1 1 2 0 1 2 2 2 2 1 1 1 2 2 0 0 0 0 2 1 2 0 2 0 0 2 1 0 0 1 1 1 2 1 0 1 1 2 0 1 0 2 2 1 2 2
1 2 0 1 1 1 2 1 2 2 0 0 1 2 1 0 0 2 1 0 0 2 1 2 1 2 2 0 0 1 0 2 1 1 1 2 2 1 1 2 1 2 0 2 1 2 2 2 2 1 1 1 1 2 0 2 2 2 0 0 1 2 2 0 0 1 0 0 2 1 0 1 1 0 1 0 0 2 0 0 0 1 1 0 1 1 0 0 1 1 1 0 0 2 0 1 0 0 2 0 2 2 2 0 1 0 1 2 2 2 2 0 1 1 0 0 0 1 1 2 2 0 0 0 0 1 2 0 1 2 1 0 0 0 2 1 1 1 1 0 1 0 1 2 2 2 0 0 1 1 0 1 2 0 0 2 1 2 1 0 0 0 1 0 1 1 2 0 0 0 1 1 0 0
1 0 0 1 1 1 1 1 1 0 2 1 1 2 1 2 0 1 0 1 2 2 1 1 2 2 2 2 2 1 0 0 2 0 0 0 0 1 2 1 1 1 0 2 0 1 2 0 1 1 0 1 0 2 0 1 1 0 0 0 1 0 2 0 1 2 0 1 0 0 0 2 0 1 0 1 1 0 0 0 1 0 1 2 0 2 0 2 0 1 1 1 1 1 2 2 0 0 2 1 1 0 0 1 2 0 2 1 2 2 1 0 0 2 0 1 2 0 2 0 1 0 1 0 1 1 1 2 2 0 0 1 1 1 0 1 0 0 2 2 1 0 2 2 1 0 2 1 1 1 1 1 2 0 1 0 2 0 0 2 0 0 1 0 2 1 1 2 2 2 1 0 0 2
1 1 0 0 0 2 1 1 1 0 2 1 1 2 1 1 1 0 2 2 0 1 1 2 2 0 1 1 1 2 1 0 1 2 0 2 2 1 1 0 2 0 1 0 2 1 2 1 1 1 0 1 0 2 0 0 0 0 2 2 0 0 2 1 0 2 1 0 1 0 1 0 1 0 1 2 1 0 0 0 2 2 1 0 1 2 1 1 0 0 0 0 1 0 0 1 2 1 2 0 1 1 1 1 2 2 0 1 2 0 1 1 0 0 2 0 0 1 1 1 1 0 1 2 1 2 2 1 1 1 2 0 2 1 1 2 0 1 0 1 0 1 0 1 1 0 1 0 1 1 1 2 1 0 0 0 0 2 1 1 1 1 1 2 2 1 1 0 0 2 1 0 1 2
2 1 2 0 1 2 1 0 1 0 0 2 1 0 2 0 2 1 2 2 1 2 0 2 0 0 2 2 2 2 2 2 1 0 2 2 2 2 2 1 0 0 1 2 1 1 1 0 0 0 0 1 0 0 2 1 2 2 1 1 1 1 1 2 1 1 2 1 1 2 2 2 0 1 2 2 0 1 0 0 2 1 0 0 2 0 2 1 2 0 0 2 2 1 2 0 1 2 1 2 2 2 2 0 0 2 2 1 1 0 0 1 2 1 1 1 1 1 1 0 0 2 2 2 2 0 0 0 0 2 2 2 1 2 0 0 2 0 2 0 0 0 2 2 1 1 2 2 0 0 1 1 0 1 0 2 1 0 2 1 1 2 1 0 2 2 1 1 2 1 1 1 1 1
1 1 0 0 0 1 1 1 2 2 0 2 1 2 1 2 1 0 2 0 0 1 2 2 2 2 1 1 0 0 0 0 1 1 0 0 2 0 2 2 0 0 1 2 0 0 1 1 0 0 1 1 2 1 1 2 1 0 1 0 0 2 0 0 0 1 0 2 2 2 1 2 0 0 2 0 1 1 2 2 2 1 1 2 0 2 2 1 2 0 1 1 2 2 1 2 1 2 2 0 1 1 1 2 2 0 0 1 1 0 1 1 1 2 1 1 2 0 0 2 1 2 0 1 2 2 1 1 1 0 1 1 2 2 0 1 0 2 0 2 2 1 1 2 1 2 0 1 0 1 1 1 1 2 0 1 2 1 2 0 1 1 1 1 2 0 0 2 0 0 2 2 2 1
2 1 1 0 0 2 2 2 1 0 1 2 2 0 0 1 2 0 0 0 1 0 1 2 2 1 0 0 2 0 1 1 2 2 2 2 2 2 1 1 0 0 1 0 1 2 1 1 0 2 1 0 2 1 2 0 2 1 0 1 1 2 0 0 1 0 0 2 2 1 1 0 0 2 0 2 2 2 0 1 0 2 1 0 0 1 0 0 2 1 2 1 0 0 1 0 1 2 2 0 1 1 1 2 1 1 1 0 2 1 1 2 1 0 2 2 2 1 0 1 2 0 2 1 1 2 1 2 2 1 1 1 2 2 1 0 2 2 1 1 2 1 1 1 1 1 1 1 2 2 0 0 0 0 2 1 0 0 2 2 2 0 2 2 0 1 0 0 1 2 2 0 0 0
2 0 0 1 1 0 0 2 0 1 1 2 2 1 0 2 2 0 0 2 2 2 0 2 2 1 2 2 0 0 0 2 1 0 1 1 1 2 0 2 0 2 0 1 2 1 0 2 2 2 1 2 1 1 0 0 0 0 2 0 0 0 1 0 1 2 1 0 0 2 1 0 2 1 1 1 0 0 1 2 2 2 0 0 1 0 0 1 0 1 0 1 2 2 1 1 2 2 2 2 2 0 0 2 2 2 1 2 2 2 0 2 1 0 0 0 0 2 1 1 0 2 2 0 1 1 1 1 1 0 0 1 1 1 0 0 1 1 1 1 1 1 2 0 1 2 0 2 1 0 0 2 2 2 2 2 1 1 1 0 2 1 1 2 1 0 0 2 2 1 1 1 2 0
1 1 0 2 0 2 0 1 2 2 1 1 2 0 0 0 1 1 0 1 1 1 1 1 1 0 0 0 2 0 1 1 2 2 1 0 1 1 2 1 1 1 1 2 1 2 2 1 1 0 2 2 2 0 1 0 1 2 2 1 0 0 2 2 0 1 1 2 0 1 1 1 2 0 0 1 2 1 2 1 1 1 1 2 2 0 0 1 2 2 2 0 0 2 0 0 0 2 1 0 0 2 2 0 2 1 2 2 0 2 0 2 2 2 1 1 0 2 2 0 1 1 1 2 0 2 0 1 2 1 2 0 1 0 1 1 1 1 1 2 0 2 1 2 2 0 1 0 2 1 1 1 1 2 0 2 2 2 1 2 0 1 0 2 1 2 0 0 0 2 2 1 2 1
2 1 2 1 2 1 2 0 2 0 0 1 0 0 0 2 0 1 0 0 0 0 0 2 0 0 1 1 2 1 0 2 1 2 0 0 1 2 1 1 1 1 0 1 2 0 0 0 2 1 1 0 1 2 0 0 2 0 2 2 1 2 2 0 2 2 1 0 2 0 2 1 1 0 2 2 1 0 2 1 1 1 0 1 0 0 1 1 1 1 1 1 0 1 1 0 0 2 1 0 0 0 1 0 1 1 2 0 2 2 1 2 0 1 0 2 0 2 0 1 0 2 0 1 0 2 1 2 2 2 0 0 0 0 0 2 2 0 2 2 2 1 1 0 0 1 2 1 1 0 2 2 1 0 0 2 0 2 1 2 1 0 0 2 0 0 1 2 0 1 2 0 0 0
1 1 2 1 2 0 0 2 2 1 0 0 0 1 2 0 1 1 0 2 1 1 1 0 1 1 2 1 0 0 1 2 1 1 0 1 2 1 1 2 2 2 0 0 0 0 1 2 2 1 0 0 2 1 2 1 2 2 2 0 2 1 2 1 0 1 0 2 2 1 2 0 1 0 1 0 1 2 0 0 0 0 2 0 1 1 1 2 1 1 2 0 0 0 2 0 1 2 0 1 1 0 1 0 1 2 0 2 1 0 0 2 2 2 0 0 1 2 2 2 1 2 0 2 0 2 2 1 2 0 0 1 0 2 2 2 2 2 2 1 0 0 1 2 0 2 1 2 2 0 2 0 0 0 0 0 0 0 2 1 0 0 2 2 0 2 1 2 2 1 1 2 1 0
0 1 2 2 1 1 2 2 2 1 0 2 2 1 2 2 2 2 0 2 2 0 1 1 2 0 2 1 1 1 2 2 0 1 1 2 0 1 2 2 2 2 2 2 1 1 2 1 1 2 1 1 0 0 2 2 1 2 1 2 0 0 2 0 2 0 0 2 2 0 2 2 0 1 2 2 0 1 0 2 0 1 1 0 2 1 1 1 1 0 1 1 2 1 2 2 2 1 2 2 1 1 2 2 1 1 2 1 1 2 1 1 1 2 0 2 1 2 0 2 0 2 1 0 0 1 0 0 0 2 2 2 1 2 2 0 2 1 2 0 1 0 2 0 1 2 2 2 2 0 0 0 2 1 1 1 0 1 1 0 0 1 1 0 2 0 0 1 2 0 1 0 2 0
1 0 1 1 0 0 1 0 1 2 2 0 0 0 2 2 1 1 1 0 1 0 0 2 1 0 1 0 1 0 1 0 0 0 2 0 1 1 2 1 1 2 2 1 2 1 0 1 2 0 1 1 0 2 1 0 0 2 0 1 2 2 0 0 2 0 1 2 1 0 0 0 2 2 2 0 0 1 1 0 1 1 1 2 1 0 2 1 0 1 1 0 1 1 0 2 1 2 1 0 0 1 1 1 1 2 1 1 0 0 2 2 1 2 1 2 2 2 1 0 0 0 0 1 1 2 0 0 1 2 1 2 1 0 0 2 0 1 1 0 2 1 0 0 0 1 1 0 0 0 1 1 0 2 1 2 1 1 2 0 2 1 0 0 1 1 0 2 0 2 2 0 0 2
1 1 2 2 1 0 0 0 2 1 2 0 0 2 2 0 0 1 2 1 2 1 0 0 1 1 2 1 1 2 2 2 0 1 0 2 1 0 0 1 2 0 1 0 0 1 1 0 0 0 0 0 2 0 0 0 1 2 2 2 0 2 2 1 1 2 1 2 0 1 1 0 2 0 0 0 2 2 2 0 2 2 0 2 0 1 0 2 1 0 2 2 2 1 1 0 1 0 1 2 2 0 0 0 0 1 0 0 1 0 1 1 2 1 0 0 0 2 2 0 2 1 0 0 1 1 0 0 2 2 0 2 2 0 0 1 1 0 2 0 2 1 2 1 0 0 0 1 2 2 2 0 2 2 0 0 2 1 0 1 1 0 1 1 0 1 0 2 0 0 0 2 1 2
1 2 2 1 1 0 1 1 0 0 0 0 0 0 2 1 0 1 1 1 0 2 0 1 1 1 0 2 0 1 2 1 1 0 0 2 0 2 1 1 0 0 2 1 0 1 2 0 0 0 2 1 2 0 2 1 2 0 2 2 2 1 1 1 2 2 2 0 2 0 1 2 0 0 0 1 0 2 2 0 0 2 2 2 0 1 2 2 2 1 2 2 0 1 0 1 1 0 1 1 1 1 0 1 2 2 0 2 2 1 0 0 0 2 0 2 2 2 1 2 1 2 1 0 1 2 1 2 0 0 1 2 2 0 1 2 2 2 2 1 1 0 2 1 2 0 1 1 0 0 1 2 0 0 2 1 1 1 0 1 2 0 1 2 0 2 1 0 2 0 2 0 1 2
0 1 2 1 0 2 2 2 2 2 2 2 0 0 0 2 2 1 2 1 0 0 1 1 0 0 2 2 2 1 2 2 0 1 1 0 2 2 0 1 1 1 2 0 2 0 0 0 1 0 1 1 0 2 0 0 1 0 0 1 2 0 1 2 2 2 0 1 1 2 1 1 0 1 1 0 1 2 0 0 2 0 1 2 2 2 0 1 0 1 0 0 1 1 0 2 2 1 1 0 0 2 2 1 0 1 2 2 0 0 0 2 0 1 2 1 1 2 0 2 1 1 2 0 2 0 2 2 2 1 1 2 1 0 2 2 2 1 2 0 2 0 1 0 2 0 2 1 0 2 1 2 1 2 2 2 2 2 1 1 1 2 2 2 0 1 2 0 0 2 1 2 2 2
