3 176 19
837363722 113683853 224761817 788783853 496823354 1031763437 395227981 335735699 1149501008 297317186 286184307 217332615 704941883 561175706 868136658 259297705 671466432 289754797 717712930 1052051375 868351966 963197154 297206693 24808384 418289257 884123526 979777084 1059916420 43547294 1026357516 825333204 11735927 1083886497 457041910 509920064 399178672 713359296 320169466 538885588 343807876 1067939210 383181141 395523351 274623016 637366508 149089546 190389331 921234969 938581249 229702109 289354891 940920139 759751083 38189404 741633036 680850180 827165029 157744974 217760251 185953475 440583836 1075341765 961302768 159500460 331007426 821936703 729592370 969117156 169913914 586004565 1015012291 937563739 1092990469 412638004 1150119010 844842997 638939284 566851337 1143407123 944672528 592724945 689504894 317789850 1003424889 888410081 919331017 272609943 2629032 167156416 1122669770 976110049 871189947 764775297 330359200 756736993 987238756 42415529 918580593 265537915 1017361992 686919491 15568366 689954195 375486789 696755380 482004875 441815143 800796228 96237928 1122771701 1046867692 634642197 438565553 457006841 107763137 1044723772 425208709 637793879 800319981 84495739 175919517 299067304 1064943744 1004920294 799964629 1033972744 87087307 279375701 973325160 831655171 1118227095 457688163 492159276 74001221 697832259 969511967 1098844314 182976228 488917538 756902681 252711692 150654332 708817052 371129514 21819750 285033252 83546746 246640239 592975968 866900980 468707143 900118357 303347204 1145009942 443447088 646705452 254971860 637295510 975239616 91123608 238412957 22657807 975934498 4289088 1000081680 885255950 934297916 920654289 662159757 562949943 6040156 241241949 683361368 407617115 67530059 845271727
2 1 0 0 2 2 1 0 1 2 1 0 2 2 2 1 1 0 2 0 0 1 1 0 2 0 0 1 0 0 1 2 0 0 0 0 2 1 0 1 0 2 2 0 2 1 2 1 2 2 2 0 0 1 1 0 2 2 1 2 0 0 0 0 0 0 1 0 2 2 2 2 1 2 2 1 0 2 1 0 1 0 1 2 2 0 2 1 2 1 1 0 2 1 1 0 2 1 1 2 0 1 1 2 0 2 2 1 1 0 2 1 1 1 0 0 1 0 1 2 2 0 0 1 2 1 2 2 0 0 1 0 0 0 1 0 2 0 2 2 0 2 0 1 1 1 1 0 1 0 2 0 0 2 2 0 2 2 0 2 0 1 1 0 2 2 1 2 2 1 2 0 0 0 1 2
2 0 0 0 1 0 2 1 0 2 0 0 2 0 0 0 0 1 1 2 1 2 2 0 1 2 1 2 2 2 2 1 0 0 0 1 0 0 0 1 2 1 1 1 2 2 1 2 1 2 2 0 0 2 1 1 2 0 1 1 0 1 1 1 2 2 2 0 2 0 1 1 1 1 1 1 1 0 1 2 0 1 0 1 0 0 0 2 0 1 1 1 1 0 2 0 2 2 1 2 2 0 2 2 2 0 1 0 0 2 0 1 0 2 2 1 2 0 0 0 2 0 1 1 0 1 1 0 1 0 2 1 1 1 0 0 2 2 1 1 0 2 0 0 1 1 0 0 1 1 0 0 1 0 2 2 1 1 0 2 2 0 0 0 0 2 1 0 2 2 1 2 2 2 1 1
0 1 2 2 2 1 0 2 1 2 2 2 1 2 2 0 0 0 1 0 0 2 2 0 2 0 0 2 0 2 1 1 0 0 1 1 1 2 0 2 2 2 2 1 2 2 2 2 0 1 1 1 1 1 2 2 1 0 1 0 2 0 1 1 0 0 0 0 2 0 0 0 0 1 1 0 0 1 0 1 2 2 0 2 0 2 1 2 0 0 0 1 0 2 2 1 0 2 1 0 0 0 0 1 1 2 1 2 1 1 1 1 1 2 1 1 2 2 1 0 0 1 1 0 2 1 0 2 1 2 0 1 2 1 2 1 1 1 1 2 2 0 2 1 2 0 0 1 1 2 2 1 2 1 0 1 0 0 1 1 0 1 0 0 0 2 1 2 1 2 2 1 0 1 0 2
2 0 2 0 1 2 2 0 1 2 1 2 0 2 1 1 0 1 2 1 2 0 1 0 1 0 2 1 2 0 2 2 1 1 0 2 0 2 2 2 0 1 2 0 1 1 2 2 0 1 1 2 0 2 1 2 0 1 0 2 1 0 1 1 2 2 0 1 2 1 0 2 0 0 0 2 2 0 2 0 1 0 0 2 0 2 1 0 1 0 1 0 0 0 1 0 0 0 1 2 2 2 2 2 1 2 1 0 0 0 0 0 1 2 2 2 1 2 1 2 2 2 0 2 2 2 0 0 2 2 0 1 2 2 2 1 0 0 1 1 2 0 1 0 2 2 0 0 1 1 1 0 1 2 0 1 1 2 2 2 1 2 1 1 0 0 2 1 2 2 2 1 2 2 2 2
2 0 0 1 2 1 2 0 0 2 0 0 2 2 2 1 2 1 0 0 2 0 1 2 2 2 1 2 2 0 1 2 2 1 0 1 1 2 0 2 2 1 2 2 0 2 1 0 1 1 2 1 1 1 0 1 1 1 0 0 2 1 2 1 1 2 1 2 2 1 1 2 2 2 2 0 1 0 1 2 1 0 1 1 0 1 0 1 0 1 2 0 0 2 1 2 0 2 1 2 1 1 2 1 0 1 2 2 2 1 0 2 2 1 0 2 0 0 2 0 2 2 1 0 1 0 0 2 0 2 0 2 1 2 1 1 2 1 0 2 0 0 1 0 0 1 1 1 0 0 2 2 2 1 0 1 1 1 1 2 1 1 2 2 1 1 1 1 0 2 1 0 1 2 1 1
2 2 2 2 2 1 2 2 0 0 1 2 2 2 2 0 1 1 0 2 0 2 1 0 1 2 1 0 1 0 2 1 2 2 0 0 2 0 2 2 1 1 2 0 0 1 1 1 0 2 2 1 1 0 2 0 0 1 2 2 2 1 1 1 1 1 2 0 2 2 2 1 0 1 2 2 0 0 1 1 0 0 0 2 1 2 0 1 1 2 2 0 1 0 0 2 2 2 0 0 1 0 1 0 2 1 0 0 2 1 2 1 2 2 0 1 2 1 0 2 0 0 2 0 0 2 2 0 0 1 0 1 1 0 2 1 2 2 2 1 2 1 0 1 1 1 0 2 2 1 1 1 1 0 1 2 1 1 0 1 2 1 0 1 2 1 0 1 1 2 1 0 2 1 2 0
2 0 2 0 1 1 1 0 2 0 2 1 1 0 0 2 0 0 0 2 2 1 1 1 1 2 1 0 1 1 1 2 1 2 2 0 0 1 0 0 2 1 1 1 1 2 0 1 0 2 1 0 0 0 1 2 0 0 0 1 2 2 1 1 2 0 1 2 2 0 1 2 2 2 1 0 2 2 0 0 1 2 0 0 0 0 2 0 1 0 2 0 0 1 2 2 1 1 2 2 2 0 1 1 1 0 2 1 0 0 2 2 0 0 2 0 0 0 0 1 0 2 2 1 0 2 1 0 1 0 0 0 2 1 0 1 0 0 2 0 0 2 0 0 2 0 0 1 0 1 2 1 0 0 2 2 0 0 0 1 1 0 0 1 2 0 2 2 0 2 0 1 2 1 2 2
1 2 0 2 1 0 0 2 1 0 1 2 1 1 1 2 1 2 2 2 0 2 1 1 2 0 2 1 1 1 1 0 1 2 0 2 0 0 0 2 1 1 1 2 1 0 2 0 0 1 2 1 1 2 2 1 2 0 0 1 1 2 1 1 1 1 1 2 2 1 2 0 1 1 0 2 2 2 2 0 2 2 1 1 2 0 2 1 0 0 2 0 0 1 2 0 0 1 2 2 1 2 0 2 1 0 1 1 0 1 1 2 1 2 0 0 1 0 2 2 1 2 0 2 0 0 2 0 2 0 0 0 0 1 0 2 1 2 1 2 0 2 2 2 0 0 0 1 1 0 1 0 2 2 0 1 2 0 2 2 0 1 2 1 2 0 1 1 2 2 1 0 2 0 0 2
1 1 1 0 1 2 1 2 1 1 1 2 0 0 1 0 1 2 2 1 2 1 0 0 1 1 0 0 2 1 0 1 2 2 2 2 2 0 2 1 0 0 1 1 0 0 1 2 0 2 1 0 1 1 0 2 0 1 1 2 0 1 1 0 1 1 0 1 0 2 0 1 2 2 2 2 0 0 2 1 0 1 1 1 0 0 2 0 1 0 1 2 1 2 0 0 2 0 2 2 0 0 0 2 0 2 2 0 0 0 1 2 1 0 0 2 0 2 0 2 2 1 2 2 2 0 0 2 1 1 1 1 2 2 1 2 1 1 0 2 1 1 1 1 2 0 1 0 2 1 0 0 1 2 0 1 2 1 0 0 0 1 2 2 0 0 2 2 1 2 1 1 1 1 2 1
1 0 2 1 2 2 2 1 1 0 2 1 0 2 2 0 1 1 1 2 2 0 1 1 1 1 2 2 2 2 1 1 0 0 2 1 2 2 2 1 0 2 2 0 2 2 1 1 0 2 0 0 0 0 2 1 1 2 2 1 2 0 2 0 1 2 1 1 2 1 0 0 0 2 0 2 2 2 1 0 2 2 2 0 0 1 2 2 1 1 0 0 2 0 1 1 0 2 2 0 1 2 0 2 0 1 2 0 2 1 1 1 1 0 2 1 2 2 0 1 1 0 1 0 1 0 2 2 1 0 0 2 2 1 0 0 2 2 1 1 1 0 1 0 0 0 1 0 0 2 1 2 0 0 0 0 2 1 0 1 1 0 1 1 1 1 2 1 1 0 1 0 1 2 0 2
0 1 0 2 1 2 2 2 2 2 0 2 1 0 0 2 0 2 1 2 0 1 0 2 2 1 2 1 1 0 1 0 1 1 2 1 0 1 1 0 1 1 0 0 1 0 2 2 0 1 1 1 2 2 1 2 1 1 0 0 1 2 0 0 0 2 1 1 1 2 1 1 1 2 1 0 0 1 2 1 1 1 2 0 1 1 0 0 2 1 0 1 0 1 2 0 1 1 2 1 2 1 2 0 0 1 1 1 2 1 0 0 1 0 2 2 2 2 0 2 2 0 1 2 2 1 1 2 2 0 1 1 2 0 0 1 1 2 2 1 0 0 0 2 1 2 2 1 2 2 1 1 1 0 1 0 1 0 0 1 0 1 0 1 2 0 2 1 2 1 0 1 2 0 0 1
0 0 0 2 2 2 2 0 0 0 2 1 1 0 0 1 0 1 2 2 1 2 1 2 1 1 0 1 2 0 0 2 0 1 2 1 0 1 2 0 2 1 2 0 2 0 0 2 1 0 2 1 0 0 0 2 2 0 0 2 1 1 2 0 2 2 1 2 1 1 0 1 0 0 2 0 0 2 0 2 0 0 1 1 1 1 0 1 2 0 1 1 2 0 2 1 2 1 0 2 0 1 1 0 1 0 1 2 1 2 2 1 2 1 0 1 2 0 0 2 1 1 1 0 2 1 1 2 2 2 2 2 1 0 0 0 0 2 0 1 1 0 0 2 1 0 0 0 1 0 0 2 2 0 0 2 1 2 2 0 2 1 1 1 1 2 2 2 2 0 1 0 0 2 2 2
1 1 0 2 1 2 0 1 2 1 0 1 1 2 1 1 1 0 0 2 0 2 2 2 0 1 0 1 1 1 1 0 2 2 0 1 1 0 2 1 2 0 2 1 0 2 2 1 2 0 1 0 2 1 0 0 0 1 2 1 0 0 2 2 0 0 1 0 1 1 1 1 2 1 2 1 1 2 2 1 2 2 2 0 1 2 0 1 1 0 1 1 1 0 1 1 1 0 1 0 2 0 1 2 2 2 0 1 1 1 2 2 0 1 2 2 2 0 0 0 0 2 0 1 1 2 2 2 0 2 0 0 2 2 0 2 2 1 0 1 2 2 0 0 2 0 2 2 0 1 2 0 0 0 2 1 0 0 2 0 2 2 1 2 2 2 1 1 0 2 1 0 2 2 1 2
0 1 1 1 0 2 0 0 2 2 0 0 0 0 2 2 2 1 1 2 0 0 1 1 2 0 2 0 0 1 2 1 0 2 0 0 1 0 1 1 1 1 0 2 1 0 2 2 1 0 2 2 1 1 1 1 2 1 2 0 2 2 2 0 2 2 0 1 1 1 2 0 1 0 2 0 0 1 2 1 0 1 1 2 1 0 1 0 2 1 1 2 1 0 2 0 0 2 1 1 1 1 2 0 2 2 1 2 1 1 2 1 1 1 1 2 1 0 0 0 1 1 2 2 2 2 0 2 2 1 1 2 2 1 2 2 0 0 2 0 0 2 2 1 0 1 0 0 1 0 1 0 2 2 0 1 1 0 0 1 1 2 0 1 1 2 1 2 1 1 2 1 0 0 0 1
1 1 1 0 1 0 0 1 2 0 2 0 0 0 2 2 0 0 1 2 1 0 1 2 1 2 1 2 2 2 1 1 0 0 1 2 0 2 0 0 0 0 2 1 0 2 0 1 0 2 1 1 0 0 1 1 0 0 2 2 2 1 0 2 1 2 2 0 1 2 0 1 0 0 2 1 0 0 0 0 2 1 2 2 2 0 2 2 0 1 2 0 2 0 0 1 2 2 1 1 2 0 2 2 0 2 1 0 2 2 1 0 1 0 2 1 1 2 2 2 1 2 2 1 0 0 0 0 0 1 2 2 2 2 2 0 0 1 1 2 0 1 0 2 2 1 2 1 0 2 0 0 1 1 1 2 2 1 1 0 1 1 0 0 0 0 1 1 2 1 2 0 2 2 1 1
0 0 0 2 0 1 2 1 0 0 1 0 0 0 0 2 1 1 0 1 2 2 0 2 0 0 2 0 2 1 1 1 2 2 0 2 1 2 1 2 0 0 2 1 0 0 1 1 2 2 0 1 2 1 1 0 1 0 0 2 0 1 0 2 1 0 2 0 0 1 2 1 1 0 1 2 1 2 1 0 1 2 2 1 1 0 1 0 1 1 2 1 1 0 1 0 0 1 1 1 2 1 0 0 1 1 0 2 1 1 0 0 0 0 2 2 1 1 1 0 0 1 2 1 2 1 2 0 2 1 2 1 2 0 2 2 2 2 2 0 1 1 1 0 1 1 2 0 2 1 1 2 0 1 2 2 0 2 0 2 0 2 2 0 0 1 0 2 1 0 0 0 2 1 0 0
2 0 1 2 1 0 0 2 2 2 2 0 1 0 2 1 0 2 2 1 1 0 0 0 1 0 0 0 0 1 1 0 2 1 0 1 1 0 1 1 2 0 1 1 1 2 0 2 1 2 0 0 0 0 0 2 2 1 0 2 0 2 0 2 1 0 0 0 1 2 2 1 1 1 2 2 0 2 1 0 0 1 0 1 0 1 1 0 0 1 0 0 1 0 0 2 2 1 0 0 1 0 2 2 1 2 2 2 0 1 0 0 0 0 2 0 1 0 0 2 0 1 0 1 2 0 2 1 2 0 2 1 1 1 1 2 2 0 2 2 1 2 0 0 0 2 1 2 1 0 0 1 1 0 0 0 2 0 2 2 0 2 0 1 0 1 2 0 2 1 0 2 2 1 2 0
1 0 0 0 1 0 2 0 2 2 0 1 0 0 0 1 0 1 1 1 2 0 2 1 2 2 1 1 1 0 2 0 2 0 1 0 0 0 0 0 0 2 1 1 0 2 0 0 0 2 1 2 0 1 2 2 1 0 2 0 2 1 1 1 2 0 1 1 0 0 1 1 0 0 0 0 2 1 1 0 0 2 0 1 2 0 0 1 2 0 2 1 0 0 0 2 0 2 0 1 2 0 2 2 1 0 0 0 1 1 1 2 2 0 0 1 1 2 0 0 0 2 2 0 2 2 1 0 2 2 2 2 2 2 0 0 0 0 2 2 0 1 0 0 2 0 2 1 0 2 1 1 1 2 1 1 1 0 2 1 0 2 1 2 1 1 1 2 2 0 0 0 1 0 1 1
1 0 0 2 0 2 0 1 1 2 0 0 1 2 1 1 1 0 1 1 2 2 0 0 0 0 1 0 1 0 2 0 1 2 2 2 1 0 1 0 0 2 1 1 2 0 0 2 1 0 0 1 2 1 1 1 0 0 1 1 1 0 2 2 0 2 1 1 0 0 2 1 0 0 0 0 1 2 2 0 2 0 2 2 0 1 0 1 2 2 0 0 2 0 2 0 2 2 0 0 2 2 2 0 1 0 0 0 2 1 1 2 1 0 2 2 2 0 0 1 0 1 2 0 2 0 1 2 2 1 2 1 1 2 2 0 1 2 1 1 0 2 1 0 1 1 2 0 1 1 0 1 0 2 2 2 2 1 1 1 0 2 0 2 1 0 0 0 0 2 2 1 0 0 2 1
1 0 1 2 1 2 2 1 2 2 0 2 0 2 2 1 1 0 0 1 1 1 1 2 1 0 1 1 1 1 0 2 2 1 0 0 1 0 2 1 2 0 1 0 2 0 1 2 1 2 1 0 2 2 2 0 1 0 2 2 2 2 0 1 1 1 2 0 1 1 2 1 2 1 1 0 2 0 2 0 2 1 1 1 1 0 2 2 2 2 0 1 2 1 1 1 2 0 2 1 0 2 2 0 1 0 0 0 1 0 1 1 1 2 0 0 1 0 0 0 0 0 2 0 2 1 1 2 2 1 0 0 1 2 0 2 0 2 2 1 2 1 0 2 2 1 0 1 2 0 1 0 2 1 1 1 0 0 1 0 2 2 1 0 2 2 0 0 1 1 0 2 2 1 2 2
0 2 0 2 2 2 1 2 2 0 2 2 0 1 0 0 0 1 1 0 1 0 2 1 1 2 1 1 0 0 1 1 0 2 0 0 2 2 0 1 2 2 1 0 0 2 1 1 1 0 2 2 0 1 1 1 1 2 0 2 2 2 0 2 1 1 0 1 1 1 0 0 1 2 1 2 1 0 0 0 1 0 1 2 2 2 1 0 2 2 2 2 2 2 2 0 1 0 2 0 2 0 1 0 0 1 2 2 1 0 0 0 2 1 0 1 0 2 0 2 2 2 2 1 0 2 2 2 0 2 0 0 0 1 0 0 2 0 0 2 1 0 0 0 2 1 0 0 1 0 0 0 2 0 2 0 0 2 0 1 1 0 1 1 2 2 2 2 0 0 2 0 1 1 0 1
2 0 2 2 0 0 2 1 2 0 2 2 2 0 2 0 0 0 0 0 1 2 1 2 0 1 2 0 0 1 2 1 2 1 0 1 2 0 2 1 0 2 1 2 2 1 1 1 2 1 2 0 1 1 1 0 1 0 0 1 1 2 2 1 1 0 0 1 1 2 0 1 2 2 2 0 0 1 2 2 2 2 1 1 1 2 1 0 2 2 1 2 1 2 1 0 2 1 2 1 1 0 1 1 2 0 1 0 2 0 0 1 0 1 0 2 0 2 0 1 1 2 1 1 1 0 2 2 2 2 0 0 2 1 1 2 2 1 0 2 1 1 0 2 2 2 2 1 1 2 0 0 2 1 1 1 1 2 0 0 1 2 1 2 1 0 1 2 1 0 1 1 1 0 1 1
2 1 2 0 0 2 0 0 1 0 2 2 2 2 0 1 2 2 0 1 1 0 0 0 0 1 1 1 1 0 2 0 2 0 1 2 2 0 1 1 0 0 1 0 0 0 1 0 0 0 1 1 0 2 2 0 0 1 2 2 2 2 0 1 2 2 2 0 2 0 2 0 0 1 1 1 2 0 1 0 0 0 2 0 2 2 0 1 1 0 0 0 0 1 0 2 1 2 2 0 2 1 1 0 1 0 1 0 1 1 0 1 1 1 2 2 0 0 0 2 1 1 1 1 2 1 1 1 0 2 2 0 1 2 0 2 2 2 0 0 0 1 0 0 2 2 2 1 0 2 0 2 0 1 0 0 0 0 1 0 2 2 1 0 1 2 0 1 2 1 0 2 2 0 2 0
2 2 1 0 1 2 0 1 2 1 0 2 1 1 0 1 1 2 0 0 2 1 2 1 2 2 1 2 2 2 2 2 1 1 0 0 1 0 2 0 0 2 2 1 2 0 1 1 1 1 2 0 2 1 2 2 1 1 1 1 0 2 0 0 1 0 1 2 2 1 0 2 2 1 1 1 2 2 2 0 1 2 1 1 1 0 0 2 2 0 0 0 2 1 0 1 2 1 1 2 1 2 1 0 1 0 1 1 1 1 2 2 2 1 1 0 2 2 0 2 0 1 0 2 0 1 1 0 1 0 2 2 0 1 2 2 1 1 1 2 0 0 2 2 2 1 0 2 1 1 1 2 2 2 2 2 1 1 2 2 2 1 1 0 2 1 2 2 2 0 1 2 1 0 0 1
2 1 1 1 2 2 1 1 2 0 1 1 2 1 0 1 1 2 1 1 0 1 0 0 2 2 0 1 0 0 0 1 1 1 0 1 0 1 0 0 1 2 2 0 1 2 0 2 2 1 1 0 1 2 1 0 2 2 2 0 0 2 2 0 0 2 1 2 0 2 2 1 1 0 0 1 2 0 0 0 2 2 0 0 0 2 1 2 2 0 0 2 1 2 2 1 1 2 1 1 1 2 1 1 2 1 2 1 2 2 2 1 0 1 2 0 1 1 2 0 2 1 0 0 0 1 0 0 0 1 2 2 0 0 0 2 2 2 2 1 0 1 0 1 0 0 1 1 1 1 2 0 2 1 1 1 2 2 1 0 0 0 2 1 2 1 0 1 0 0 1 1 2 1 2 2
2 1 2 0 1 1 0 1 2 2 2 2 1 1 2 0 2 0 2 1 2 0 0 0 1 1 2 1 0 2 1 2 1 0 2 2 0 1 0 0 1 1 0 1 2 0 1 2 1 0 1 0 0 2 1 2 1 1 0 2 0 2 2 2 0 0 2 0 1 1 1 0 2 2 1 2 0 0 2 2 1 0 0 0 2 2 2 1 1 1 1 2 0 0 2 0 1 2 2 0 0 1 1 0 1 0 2 1 2 2 1 0 0 0 1 0 2 2 2 1 0 0 1 1 2 0 2 1 0 2 2 1 0 0 1 1 1 2 1 0 1 2 2 2 2 1 0 0 0 2 1 1 1 0 0 1 1 1 2 2 0 1 0 2 2 0 1 1 0 2 2 2 2 1 2 2
0 2 2 1 2 1 1 1 2 1 2 1 2 0 0 1 1 1 0 2 2 1 0 2 2 2 0 2 2 2 1 0 2 2 1 2 1 2 1 1 2 0 2 1 0 0 0 0 1 0 2 1 0 0 1 2 0 2 1 0 1 0 0 1 2 0 1 1 2 0 0 1 1 2 1 0 2 1 0 1 0 0 2 1 1 2 1 2 1 0 1 1 0 1 0 1 1 2 0 2 2 0 1 1 2 2 2 2 2 0 0 0 0 1 2 2 1 0 2 0 0 0 1 1 2 0 2 1 2 2 1 0 0 0 2 0 0 1 2 2 1 0 0 2 1 2 2 2 2 1 2 0 0 2 2 0 0 1 1 0 2 0 0 2 1 0 0 1 2 0 2 1 0 2 0 2
2 0 2 2 0 0 0 0 0 0 0 0 2 2 1 1 0 2 2 1 0 0 1 0 0 0 1 2 2 0 2 2 1 2 0 1 0 1 1 0 1 2 1 0 0 2 0 1 2 0 1 0 0 2 1 1 2 0 1 2 1 1 0 0 1 0 1 1 1 1 2 0 1 0 0 2 2 1 1 0 1 2 0 2 1 2 2 1 2 0 0 2 2 0 2 0 1 1 1 2 0 0 0 2 1 1 1 2 0 0 2 0 2 0 2 1 2 1 2 2 0 1 1 2 2 0 0 1 0 2 1 0 1 2 2 2 1 2 2 1 2 1 1 0 1 2 1 1 0 1 1 1 0 0 1 2 2 1 0 2 1 0 2 2 2 0 0 0 2 2 2 2 1 2 2 0
1 1 2 2 0 1 1 0 1 2 0 0 1 2 2 2 2 0 2 2 0 0 0 2 2 2 2 1 1 2 0 2 1 2 2 1 1 1 2 0 0 2 1 2 2 1 1 2 1 1 1 2 1 1 1 2 2 1 1 0 1 1 1 2 1 1 0 2 2 0 1 0 0 2 2 0 1 1 2 1 0 2 0 2 0 0 2 2 2 1 1 0 0 2 2 2 1 0 2 0 0 0 1 1 0 0 2 0 1 2 1 2 2 2 0 2 2 2 0 1 0 2 2 1 1 1 1 0 2 0 0 0 2 2 2 0 2 1 0 1 1 1 1 0 2 1 1 1 1 1 1 0 0 0 2 2 2 0 2 2 1 0 0 0 2 2 1 2 1 2 0 0 2 2 0 1
1 2 2 1 1 0 1 2 1 0 1 1 0 1 0 2 2 0 0 1 0 2 1 2 1 2 0 0 2 1 2 2 1 2 0 2 0 1 2 2 2 1 1 2 1 2 1 0 0 2 2 2 2 0 2 2 0 2 0 1 0 0 1 1 0 1 2 0 0 2 1 2 0 2 2 1 2 1 2 0 2 2 0 1 0 2 1 2 1 2 0 2 0 1 1 0 0 1 1 1 0 2 0 1 2 0 0 2 1 0 0 0 0 0 0 0 2 1 0 1 1 0 1 1 2 0 1 0 1 0 1 2 0 2 0 0 2 1 0 2 1 0 0 1 1 0 0 1 0 0 0 1 2 2 0 2 2 2 1 0 2 2 2 0 0 0 0 0 2 1 2 1 2 1 1 1
2 1 2 2 2 0 2 2 2 2 0 2 2 1 2 2 1 2 0 2 1 1 0 0 0 2 1 0 1 2 1 1 1 1 0 2 0 0 1 2 2 2 2 2 0 2 2 0 0 0 2 1 1 2 2 2 0 0 2 1 1 0 2 2 0 1 1 0 1 0 2 2 0 2 2 2 0 2 2 0 2 2 2 0 0 1 1 0 2 0 2 0 2 0 0 2 1 1 2 0 2 2 0 0 0 2 0 0 1 2 1 1 2 1 0 2 2 1 2 2 1 0 0 1 0 0 0 2 2 0 0 0 1 1 1 1 1 1 2 1 1 1 2 0 2 2 0 2 0 0 1 0 0 2 1 1 0 0 1 0 1 0 1 2 1 0 1 2 1 1 0 0 2 1 0 2
0 0 2 1 2 1 2 0 1 0 2 2 1 1 0 0 1 1 2 0 2 1 1 0 0 1 0 0 2 1 2 1 0 2 0 2 1 2 2 0 2 2 2 1 1 2 1 2 1 1 0 0 0 1 1 1 0 2 2 1 1 2 2 1 2 0 1 1 2 0 2 1 0 1 0 1 2 2 1 0 2 2 2 2 1 1 1 2 1 0 1 0 1 1 2 0 1 0 2 0 0 1 2 0 0 1 2 2 0 2 1 0 1 0 1 0 2 2 0 0 1 1 1 2 0 0 0 2 0 2 2 2 1 2 0 2 0 0 2 2 2 0 0 1 1 1 1 1 1 2 2 0 1 1 0 1 1 0 0 0 1 0 2 0 1 2 0 2 0 0 2 0 0 0 2 0
1 1 1 0 1 0 1 2 2 1 2 2 0 0 2 2 2 1 2 0 1 0 2 2 1 0 2 1 0 1 1 1 0 0 2 2 2 0 1 1 0 0 0 1 1 2 0 1 1 0 1 0 1 1 2 2 1 2 2 1 1 1 1 2 2 0 2 1 1 0 0 2 2 1 0 1 1 0 2 1 2 1 1 0 0 1 1 2 0 0 1 2 1 2 2 1 0 1 2 0 0 1 2 0 2 0 2 1 1 1 0 1 0 2 2 0 1 1 0 0 2 2 0 0 2 0 2 0 2 2 1 0 0 1 0 0 2 0 0 1 1 0 0 2 1 0 0 2 1 0 2 0 2 0 2 0 1 2 1 0 1 2 2 0 0 0 0 0 1 1 2 0 0 2 0 1
0 0 0 2 1 0 0 1 0 2 2 1 2 0 2 0 2 2 0 0 0 2 1 1 1 1 2 1 1 2 2 2 0 0 2 2 1 2 1 2 2 0 0 1 0 0 0 0 0 1 0 1 1 0 0 0 1 2 1 0 0 2 0 0 0 0 2 1 0 0 0 0 1 1 2 1 2 2 2 2 2 0 1 0 1 1 0 2 2 0 1 2 2 1 2 0 2 0 1 0 1 2 0 0 0 0 2 2 1 2 0 0 0 1 0 1 1 2 1 0 0 2 2 0 2 2 0 1 2 2 1 1 1 2 2 1 0 1 1 2 0 1 2 0 1 0 2 0 0 1 0 1 0 0 1 0 2 2 2 0 1 0 2 2 1 1 1 2 0 0 1 2 2 0 2 1
1 0 1 2 1 1 0 2 2 0 0 0 2 2 0 2 0 2 1 1 1 1 1 2 1 2 1 1 2 1 0 2 2 1 2 0 1 0 2 1 0 0 1 1 0 1 0 1 1 2 0 0 0 2 0 2 2 1 1 0 0 1 2 2 0 1 0 2 1 0 1 0 1 2 1 2 2 1 1 1 1 2 2 2 2 0 1 2 2 2 2 0 1 2 0 0 1 1 2 2 2 1 0 0 2 1 0 1 0 1 0 2 1 2 2 1 0 0 1 0 1 0 0 0 0 1 1 1 2 2 1 1 0 1 0 2 1 0 1 2 0 2 1 1 2 1 0 0 2 2 0 1 0 1 2 1 2 1 2 2 0 1 1 1 1 2 1 2 0 0 1 0 2 1 2 2
2 0 0 2 2 0 1 0 1 1 2 1 0 1 1 1 1 1 2 2 0 1 2 1 2 1 2 1 2 1 1 0 0 1 0 2 1 2 0 0 1 2 0 2 2 1 0 0 2 2 2 1 2 1 2 1 2 2 0 0 1 2 1 1 0 1 2 0 1 0 1 2 0 1 2 0 1 2 0 1 0 0 2 0 2 0 1 2 0 1 0 1 0 1 1 2 1 1 0 2 1 2 0 2 1 2 2 0 0 0 1 1 1 2 1 0 2 2 1 2 1 1 1 0 1 0 0 2 1 0 1 0 2 2 2 1 2 0 1 0 1 1 1 0 0 0 1 2 0 2 2 1 2 0 2 1 1 2 0 0 0 2 0 0 2 1 2 2 2 2 0 0 0 2 1 0
2 1 0 0 1 0 1 0 1 2 1 0 1 2 1 2 0 2 0 2 1 2 2 0 1 2 2 1 2 1 2 2 2 0 2 1 1 1 2 0 0 2 0 2 2 2 2 2 2 2 2 1 2 1 2 1 1 2 0 0 1 1 2 1 2 1 0 1 1 0 2 1 2 0 1 0 0 0 2 0 0 2 1 0 1 1 1 0 1 2 1 0 0 2 2 0 1 2 2 2 0 1 2 1 1 0 1 2 1 0 2 1 0 2 1 2 0 0 0 2 0 2 0 1 1 2 2 1 2 1 1 0 0 0 1 2 1 2 1 0 1 2 2 2 1 1 1 1 2 2 1 0 2 2 2 1 2 1 0 1 1 2 2 1 2 1 0 0 1 0 0 0 2 0 2 1
2 2 2 2 1 2 0 1 2 2 1 2 1 1 0 2 0 0 1 0 2 2 1 1 0 0 1 0 1 1 1 0 0 2 0 0 2 0 2 1 2 0 0 2 2 2 1 0 2 0 1 2 1 0 0 1 1 2 2 2 2 1 0 2 0 0 0 2 1 0 1 1 0 1 0 0 1 0 2 2 0 0 1 1 1 0 1 2 0 1 1 2 2 1 0 0 0 0 0 1 0 1 0 2 1 1 2 0 1 1 2 2 0 1 2 1 2 0 1 2 1 0 0 1 0 0 2 0 0 0 2 2 2 2 1 1 0 1 2 2 1 1 0 1 0 2 2 2 0 1 0 2 2 1 0 2 1 0 2 2 0 1 1 0 0 0 2 2 2 2 2 0 0 0 1 2
2 1 2 2 0 0 2 2 1 0 2 2 1 2 0 2 0 2 2 1 0 1 1 0 1 2 1 2 2 0 2 0 1 1 0 2 2 0 2 1 1 1 1 2 0 2 1 1 1 0 1 2 0 0 2 1 0 0 1 0 0 0 1 0 0 2 2 0 2 2 1 0 1 0 2 0 2 1 1 2 2 0 1 0 1 2 1 2 2 1 2 1 1 1 1 2 1 1 2 1 0 1 2 0 1 2 0 1 2 2 1 1 0 2 2 2 1 0 1 2 2 2 0 2 0 2 1 2 0 1 1 2 2 1 2 1 1 2 0 0 1 1 2 1 2 1 1 0 0 0 0 2 0 0 1 0 2 1 1 1 2 2 0 2 1 2 0 2 2 2 0 0 0 0 0 2
2 1 1 0 2 1 2 2 0 2 1 0 0 2 1 0 2 2 2 0 1 0 2 0 2 0 2 1 2 2 1 1 0 0 1 1 0 1 0 0 0 1 0 1 0 0 1 0 2 1 0 2 2 1 0 2 2 2 1 1 1 1 0 0 1 2 1 1 1 2 1 2 1 0 1 2 0 0 0 0 2 1 2 2 0 0 1 0 2 1 2 2 2 0 0 0 2 1 2 1 1 1 1 2 2 0 0 0 1 1 1 0 2 0 2 0 1 2 1 2 0 1 2 2 2 2 0 0 1 0 1 2 2 0 2 2 1 0 0 0 1 1 0 0 2 1 1 1 1 0 1 1 2 0 1 1 2 1 1 1 0 1 0 2 1 0 1 0 0 1 0 1 0 1 2 0
0 1 2 1 2 1 0 2 1 2 1 1 1 1 2 1 2 2 1 0 1 0 1 1 0 2 0 1 2 0 1 2 1 1 2 1 2 2 0 1 2 2 0 1 0 2 0 0 0 2 1 2 0 0 0 1 0 0 0 2 1 2 0 0 2 0 2 2 0 0 1 0 0 1 2 1 2 0 1 0 2 2 2 1 0 0 2 2 1 2 1 2 0 2 0 2 0 0 1 1 1 0 1 2 0 1 0 0 1 2 0 2 2 0 0 0 0 0 2 2 1 1 0 1 2 1 1 2 1 2 1 0 0 0 2 0 2 2 0 0 1 1 0 2 2 0 2 2 2 2 0 0 1 0 1 1 1 2 2 1 2 0 1 0 0 1 1 2 1 1 1 1 0 1 0 2
0 0 0 0 0 0 0 1 1 2 1 0 2 0 1 1 0 1 0 2 0 1 1 1 1 0 2 1 0 2 2 1 0 0 1 0 1 2 0 0 1 1 0 0 1 0 2 2 1 2 1 1 2 1 0 0 1 0 2 2 0 2 1 1 2 2 2 0 2 2 0 0 0 2 1 2 2 2 2 1 2 1 0 1 2 0 2 2 0 2 2 2 1 1 1 2 1 0 2 1 0 1 2 1 1 1 2 0 1 1 2 1 0 2 0 0 2 0 0 1 2 2 1 2 0 2 1 2 2 1 1 0 0 0 0 1 2 2 2 0 1 1 2 1 0 0 2 1 1 2 0 1 2 1 1 2 0 0 2 0 1 0 2 0 2 2 1 1 2 1 0 0 0 0 2 1
0 2 0 2 1 0 0 0 1 2 1 2 2 1 2 2 0 2 2 2 1 0 0 1 2 0 2 0 1 2 2 2 2 0 2 0 0 2 2 2 0 1 1 0 2 1 2 2 1 1 1 0 0 0 2 2 1 1 0 0 1 2 2 0 2 1 2 0 2 1 2 0 2 1 0 2 0 0 2 2 2 1 2 2 2 2 0 1 2 0 2 0 1 2 1 1 1 0 0 1 2 0 1 2 2 1 1 0 1 1 2 1 1 2 1 0 2 1 2 1 0 1 2 2 1 0 1 0 1 1 1 1 0 0 0 2 1 0 0 0 1 2 2 0 1 1 1 1 0 0 2 1 0 2 1 2 0 2 0 0 2 1 2 0 1 1 2 0 1 0 1 0 2 0 1 1
0 2 1 1 0 1 2 1 1 1 1 0 1 1 0 1 0 0 1 2 1 1 0 2 1 1 0 1 0 1 1 0 1 2 1 2 0 1 2 2 0 0 2 1 2 0 0 0 1 1 0 0 1 0 2 2 2 0 1 0 2 0 1 1 2 0 1 0 2 1 2 2 1 2 1 1 0 2 2 2 0 2 2 2 0 2 2 0 1 1 2 1 1 0 0 0 1 2 1 0 0 2 0 2 1 2 1 0 1 0 0 2 0 0 2 1 2 1 1 1 0 0 0 1 1 0 2 0 0 0 1 0 2 2 2 2 1 1 2 2 1 0 0 2 0 2 0 2 1 2 2 1 0 2 2 2 0 2 2 0 2 2 1 0 1 1 2 1 0 2 1 2 2 1 2 2
0 2 2 1 2 1 0 0 0 0 2 0 2 0 1 0 2 2 0 1 2 2 2 0 2 1 2 1 2 2 0 1 2 0 0 2 2 1 2 0 1 0 2 1 1 0 1 1 1 2 2 1 1 0 1 0 1 0 2 1 0 0 0 0 0 1 2 2 2 0 0 1 0 2 0 2 0 2 0 2 1 0 0 2 0 1 0 2 2 0 1 0 0 2 1 1 0 0 1 0 0 2 2 1 2 2 0 0 2 1 2 0 2 0 1 2 2 2 2 2 0 1 2 1 0 1 2 2 2 1 2 0 1 1 0 1 2 1 1 2 0 1 0 2 2 2 2 2 2 1 1 0 0 2 1 2 0 2 2 0 1 1 2 2 1 2 0 0 0 2 0 1 2 0 0 1
0 0 1 0 2 1 1 1 0 0 1 1 2 0 2 0 1 2 1 0 1 2 1 2 2 1 1 2 0 2 0 0 2 0 1 2 1 2 1 2 2 2 0 2 2 0 0 1 2 2 0 1 2 1 2 2 1 1 1 1 0 2 1 0 2 2 0 1 2 1 0 1 1 1 1 1 2 0 2 2 2 0 1 2 2 0 2 0 1 0 1 0 1 0 0 1 0 1 0 2 0 1 0 2 2 0 0 2 0 0 2 2 1 1 0 0 2 2 1 1 1 2 1 2 2 2 1 2 1 2 2 2 1 2 1 0 2 1 0 0 2 0 1 0 2 1 1 2 0 2 0 1 2 0 1 2 0 1 2 0 0 1 2 1 1 1 0 2 0 0 2 0 1 0 1 1
1 2 0 0 2 1 2 1 1 2 1 0 0 0 0 0 1 0 2 0 2 2 0 0 0 2 0 2 0 2 0 2 2 1 0 2 0 0 1 2 2 0 0 0 1 0 0 0 2 0 1 1 0 1 1 1 1 0 1 1 0 2 2 2 1 2 2 1 0 2 2 0 2 2 0 0 1 2 1 0 2 0 1 0 1 1 1 0 1 0 2 1 0 2 1 2 0 2 0 1 1 2 2 1 0 0 1 1 2 1 1 0 1 2 0 1 1 2 2 0 2 2 2 0 0 1 2 0 0 0 2 2 1 2 0 1 0 2 2 0 0 1 0 0 1 1 2 0 0 1 0 1 1 0 1 1 2 1 2 0 1 2 2 0 2 2 2 0 1 1 1 0 0 2 0 2
2 0 2 2 1 0 1 0 0 2 2 0 1 2 0 1 2 2 1 2 1 1 2 1 0 1 1 1 2 2 0 1 2 0 1 1 0 0 1 2 0 1 2 2 1 0 0 0 0 2 0 2 0 0 1 2 1 0 0 0 0 1 2 2 1 1 1 2 1 0 2 1 2 2 0 1 0 1 1 0 1 2 0 2 0 1 1 2 1 1 1 2 0 0 1 2 1 0 2 0 1 1 2 1 1 0 2 1 0 1 2 1 1 0 0 1 0 2 1 1 1 0 2 2 0 0 1 0 2 1 0 1 1 0 2 2 2 1 1 2 2 1 1 1 1 1 0 1 1 2 1 1 2 0 1 1 1 0 1 1 2 1 2 0 0 1 0 2 0 1 1 0 0 2 2 0
1 0 2 0 0 0 2 0 1 0 1 1 0 2 2 0 2 0 1 2 1 2 1 2 1 0 0 2 0 0 2 1 0 1 2 1 0 1 2 2 2 1 1 1 1 2 2 1 2 1 1 1 1 0 1 2 0 1 1 0 2 1 2 0 0 2 1 1 1 1 0 2 0 2 0 2 1 2 1 1 1 2 2 2 2 1 2 0 2 1 1 0 0 0 0 1 0 2 2 0 2 0 2 0 2 0 2 1 0 0 2 0 0 2 2 2 1 2 2 1 2 1 1 2 1 2 1 0 2 0 0 2 1 0 2 1 1 1 0 1 2 1 2 2 1 2 2 2 2 2 0 1 0 0 1 2 2 2 2 1 2 0 0 1 0 2 0 2 1 1 2 1 2 1 1 1
1 1 0 1 0 2 2 1 2 2 2 1 1 1 1 2 0 2 0 1 0 1 1 2 0 0 1 0 1 2 2 0 1 0 2 2 0 2 2 2 1 1 1 0 0 2 2 0 0 0 2 0 1 0 2 2 1 1 0 2 1 0 0 0 0 2 0 0 2 0 0 0 1 1 0 2 2 0 0 2 0 2 0 2 0 2 2 1 1 2 1 0 2 1 1 0 2 2 1 1 0 1 1 2 1 0 1 1 0 0 1 1 2 1 1 0 1 0 2 0 1 1 1 0 0 2 2 0 0 0 1 0 0 0 2 2 0 2 0 2 2 2 1 2 0 2 0 2 1 0 0 2 1 1 0 2 2 2 2 0 0 0 0 1 2 0 0 0 0 1 2 0 0 1 0 1
1 1 0 0 1 1 2 1 1 2 0 1 2 1 1 0 2 2 1 1 0 1 2 1 2 2 2 0 1 2 1 2 1 2 2 0 1 2 1 0 1 0 1 1 1 0 1 0 2 2 0 2 1 2 1 1 1 1 1 2 1 2 2 0 0 2 1 1 2 0 2 1 1 1 0 2 1 2 1 1 2 1 1 2 0 1 0 2 2 2 0 1 2 0 2 2 0 1 1 0 2 0 1 1 2 0 0 1 0 2 2 2 0 2 2 1 0 0 1 0 2 1 1 2 2 0 2 0 2 0 1 2 2 0 0 1 0 1 0 0 1 0 1 1 2 0 0 0 1 2 0 1 1 0 1 0 1 0 1 1 1 2 0 0 2 1 0 0 2 0 1 0 1 0 2 2
1 0 2 0 2 1 2 1 1 0 1 0 0 2 1 1 2 2 0 2 0 0 0 0 1 2 1 2 0 1 1 2 1 2 2 1 1 1 2 0 1 1 0 1 1 2 1 1 1 1 1 0 1 1 0 0 0 1 2 1 0 2 0 2 2 0 2 0 1 1 1 0 0 1 2 2 1 0 1 1 2 2 1 0 1 2 1 2 1 1 1 2 1 1 2 0 1 1 1 1 0 2 1 1 0 0 1 0 1 2 1 0 2 2 2 1 1 0 1 0 2 0 0 0 0 0 1 2 1 2 0 2 2 1 0 1 0 2 1 2 2 2 2 2 1 2 0 0 1 0 1 1 0 1 0 0 1 1 0 0 2 0 0 1 0 1 2 0 2 1 2 1 0 2 1 2
0 2 0 2 2 2 1 0 0 1 1 0 1 1 1 1 0 2 0 1 1 1 1 0 2 1 2 0 1 0 0 1 0 1 1 2 0 0 0 1 1 2 2 0 1 1 1 2 0 2 0 2 0 2 0 0 1 0 0 0 0 2 1 1 0 1 2 1 1 0 0 2 0 0 1 2 2 2 2 2 2 1 0 0 1 0 1 0 1 2 0 2 1 2 1 1 0 0 0 1 1 1 2 1 2 0 1 1 0 2 0 0 0 1 0 2 2 2 2 0 2 0 0 1 0 2 0 1 0 1 1 2 2 1 2 1 2 1 0 2 0 2 0 1 0 2 1 2 1 1 1 1 2 2 0 0 2 1 2 0 2 0 0 0 1 2 2 0 1 0 1 2 2 1 2 2
0 0 0 2 2 2 1 1 1 1 2 1 2 2 2 2 2 0 0 2 0 2 0 2 0 1 2 2 0 1 0 1 2 1 0 2 0 2 1 2 1 1 1 1 1 0 1 0 2 1 0 0 1 1 0 2 2 2 2 0 2 2 2 2 0 0 2 0 0 1 1 2 0 2 1 1 1 2 2 0 1 0 0 0 2 0 2 1 0 2 0 0 2 2 0 0 0 2 1 1 1 2 1 1 0 0 0 1 2 0 1 1 1 2 2 0 0 2 2 0 2 2 1 1 2 2 2 1 1 2 0 0 2 1 2 2 1 0 0 1 1 2 0 0 2 2 0 0 2 2 1 2 0 0 2 0 0 2 1 1 1 2 2 1 0 0 1 2 0 0 1 2 0 2 2 0
0 2 0 0 2 2 1 0 0 0 2 1 0 0 0 2 0 0 1 1 0 0 2 1 0 1 0 2 2 0 0 2 0 1 0 0 1 1 1 2 2 0 1 0 2 2 0 0 0 2 1 1 2 1 2 1 1 1 0 0 1 0 0 2 1 0 0 0 0 1 1 2 0 2 0 2 2 0 0 2 2 2 1 0 1 1 1 0 0 1 0 1 1 1 0 2 2 1 1 2 1 2 0 1 2 1 1 1 0 1 1 0 0 0 0 2 2 1 2 2 0 0 0 2 1 2 0 1 1 1 1 2 0 2 0 2 1 2 1 1 1 2 1 2 0 2 2 2 1 2 2 0 2 1 2 2 1 2 0 2 0 2 2 0 2 0 0 0 1 1 1 2 2 0 2 2
0 2 0 2 2 0 2 1 1 2 0 2 2 1 0 2 1 2 1 1 0 1 1 1 1 0 2 0 0 1 2 1 0 0 1 0 1 1 2 2 0 0 0 0 0 0 0 2 0 2 0 1 1 2 1 2 0 0 2 0 2 0 2 1 1 1 1 2 0 1 0 1 0 1 1 0 2 2 0 0 2 1 1 1 0 0 1 0 1 2 1 1 0 2 0 1 1 2 2 2 1 2 1 1 1 0 2 0 0 0 0 0 1 2 2 2 0 2 2 2 1 1 0 1 1 1 0 0 1 2 2 0 2 1 2 0 1 2 0 2 2 1 0 1 1 0 0 2 2 0 1 0 2 0 2 1 1 1 1 0 0 1 0 1 0 2 2 1 1 0 1 1 2 2 2 0
2 2 2 2 0 1 0 0 1 1 2 0 2 0 1 0 2 2 1 2 2 1 1 1 2 0 0 1 2 2 0 0 0 0 0 1 2 1 2 0 2 1 2 2 2 1 0 1 0 2 1 2 1 1 2 1 1 2 1 2 2 1 2 0 2 2 2 2 0 1 0 1 0 2 0 2 0 1 2 1 1 1 1 0 0 0 2 2 0 1 1 0 0 1 1 2 1 1 1 2 1 0 0 2 2 2 2 1 0 2 0 2 1 1 1 2 0 1 1 1 2 0 1 2 1 1 2 0 2 2 0 0 2 1 2 1 0 0 0 2 2 0 1 0 0 2 0 1 0 2 2 0 1 2 0 0 0 0 1 0 2 2 2 2 0 2 1 2 2 2 1 2 2 0 0 0
1 1 1 2 1 1 1 2 1 1 0 1 2 1 2 2 0 1 1 2 1 0 1 0 2 0 2 2 1 0 1 2 1 2 0 0 1 1 0 0 0 1 2 0 0 2 2 1 0 1 1 1 2 2 0 1 0 2 1 1 0 2 2 0 0 2 0 2 1 1 0 2 0 2 2 0 1 2 2 0 1 0 2 0 2 2 2 2 0 1 2 1 1 1 1 2 1 2 2 0 1 2 2 2 0 2 2 2 2 2 2 1 2 2 2 0 2 1 0 0 2 0 2 1 1 0 1 2 0 1 2 2 0 0 1 1 2 1 1 2 1 1 0 1 1 2 2 1 1 1 1 1 1 1 0 0 2 1 0 2 2 1 0 1 1 1 0 1 2 1 0 1 1 1 0 2
1 2 1 2 0 1 0 2 2 1 0 1 1 0 2 1 2 2 2 0 1 1 2 2 0 0 0 1 1 0 1 0 1 0 0 2 1 2 2 1 0 2 0 1 1 0 0 0 0 0 2 2 1 1 1 0 0 1 1 1 0 0 0 2 1 0 2 2 2 2 0 0 2 2 2 1 2 0 0 0 1 0 2 0 1 1 1 1 0 0 1 0 0 1 0 2 2 0 2 2 0 0 0 2 2 2 2 0 1 2 0 0 2 0 1 1 1 0 1 2 0 0 0 1 2 1 1 1 2 1 0 2 1 1 0 2 1 2 2 2 2 0 2 2 0 0 0 2 1 2 1 1 2 2 1 1 1 0 1 1 1 2 1 0 1 2 2 0 2 2 0 1 2 0 1 2
0 1 2 0 2 1 1 2 1 0 2 2 0 0 2 2 2 0 0 0 0 0 1 2 0 1 1 2 1 2 2 0 1 2 0 0 0 1 0 2 0 2 2 0 0 1 0 0 2 1 1 0 1 2 2 1 2 1 1 0 0 1 0 2 0 0 0 2 0 1 2 0 1 2 1 1 1 2 2 1 0 1 2 2 1 2 1 0 1 0 1 1 1 2 1 0 0 0 0 0 1 2 1 1 1 2 0 0 2 0 0 2 2 0 2 2 2 1 2 0 1 1 0 1 2 2 2 2 2 0 0 2 0 1 0 2 0 1 1 0 2 1 0 1 1 0 1 1 2 2 2 2 0 0 1 0 2 1 2 2 1 0 1 1 1 2 0 0 0 1 0 0 0 1 0 2
2 1 1 2 0 1 1 2 1 2 2 0 0 0 0 2 0 1 1 2 1 2 2 0 1 0 0 0 2 0 2 2 2 0 1 2 2 0 1 0 0 1 2 2 1 2 2 2 2 1 1 0 1 1 0 2 2 1 0 2 2 0 1 1 1 2 2 1 0 0 2 1 2 1 1 1 1 0 1 1 1 0 1 2 0 0 0 0 2 0 2 1 1 0 1 1 2 0 0 0 1 2 2 2 2 1 0 1 1 2 2 1 1 1 1 1 1 1 1 1 0 1 0 2 1 2 0 1 2 1 2 1 2 1 0 1 2 2 0 2 2 2 0 0 1 1 2 1 1 1 2 2 2 0 1 0 2 0 0 2 1 2 1 0 1 2 2 1 1 2 1 1 2 1 2 1
1 2 2 2 0 1 1 1 0 0 2 2 0 2 0 2 2 1 0 1 1 0 2 0 2 1 2 2 0 1 1 2 0 0 1 2 2 0 0 2 2 2 0 2 2 0 2 2 2 0 0 0 0 0 0 0 1 0 0 0 2 1 2 2 2 2 2 2 0 2 2 2 0 0 2 0 0 1 2 2 2 2 1 2 2 2 1 2 0 1 2 2 0 2 2 2 1 0 2 2 2 0 1 0 0 1 0 2 1 0 2 0 2 0 1 0 0 2 2 1 1 2 1 1 1 0 2 0 1 2 0 1 0 2 2 2 1 1 1 0 1 0 1 1 2 0 2 2 0 2 1 2 1 2 0 0 0 0 1 2 1 1 1 1 1 0 0 0 1 1 1 1 0 2 2 2
0 2 2 0 1 0 0 2 0 2 2 0 2 2 2 0 0 0 0 2 2 1 0 1 1 1 2 1 2 2 0 0 1 0 1 2 1 2 2 1 1 0 1 1 2 2 0 0 0 0 0 2 2 1 1 0 0 1 1 0 1 2 1 2 0 2 0 1 2 0 2 1 0 1 0 2 0 1 0 0 1 1 1 1 2 0 2 0 1 0 1 0 1 2 1 1 0 1 0 0 1 2 2 0 1 0 0 2 1 0 1 0 2 0 1 2 0 0 0 2 2 2 0 0 1 1 1 2 0 2 0 2 0 2 2 2 2 0 2 1 1 1 1 2 1 2 1 1 1 2 0 0 1 1 0 1 2 2 0 0 0 0 0 0 0 0 2 0 1 2 1 1 0 2 0 1
0 2 0 1 1 2 1 1 0 2 2 1 2 0 1 2 1 2 0 2 0 1 0 2 0 1 1 2 2 1 1 2 1 2 0 0 2 2 2 2 2 1 0 1 1 0 2 0 2 0 0 0 1 1 0 0 0 1 0 2 1 1 1 2 1 2 0 0 2 2 0 1 0 1 0 0 1 0 1 1 0 2 1 2 0 2 0 1 2 0 1 0 1 1 2 1 0 1 1 1 0 2 2 2 1 0 2 2 0 1 1 1 1 1 0 2 0 0 1 0 1 0 0 2 2 1 1 0 2 0 1 2 2 1 2 1 1 2 2 2 1 0 0 0 1 1 0 0 2 2 0 0 0 2 0 2 0 2 2 0 0 1 0 2 0 0 1 1 2 0 1 1 1 2 1 1
0 2 2 0 2 2 1 2 2 2 2 2 2 1 2 2 0 0 2 0 1 1 0 0 2 1 0 1 2 2 2 0 1 2 1 1 1 2 0 1 2 2 1 1 2 2 1 2 0 1 1 1 2 2 2 2 0 2 1 0 2 0 1 1 0 2 0 1 2 1 0 2 2 0 1 1 2 0 1 2 2 0 1 1 2 1 1 1 1 2 1 1 0 2 0 0 2 1 0 2 0 1 2 2 1 0 1 1 1 0 0 0 2 2 0 1 1 1 0 0 2 2 2 2 2 2 1 0 1 1 2 2 2 2 1 1 0 0 2 2 1 1 0 0 1 0 0 2 0 0 0 2 0 2 2 0 0 0 0 1 1 0 0 2 2 2 1 2 0 1 2 1 2 0 0 2
1 0 2 1 0 0 1 1 0 2 2 0 2 0 2 2 0 0 2 0 0 0 0 0 1 0 0 2 1 0 1 2 0 0 2 1 1 1 0 2 0 2 2 1 2 0 0 0 0 2 1 1 0 0 2 1 0 2 1 2 2 0 2 0 2 2 2 0 1 2 0 2 2 1 0 2 1 1 1 2 1 0 0 1 0 0 1 1 2 2 0 0 1 0 0 0 2 2 1 1 2 2 1 2 1 1 2 2 0 1 1 1 2 0 1 0 0 2 2 0 2 0 0 0 0 2 1 1 1 0 0 1 0 1 1 1 1 2 1 2 1 0 0 1 0 2 2 1 1 2 0 2 2 1 0 1 0 2 0 0 0 0 2 1 0 2 0 1 1 1 1 0 2 2 2 1
2 2 2 1 1 0 0 0 2 1 2 2 0 2 2 1 1 0 2 1 2 2 0 0 1 1 1 1 0 0 2 0 2 2 2 1 2 2 0 2 0 2 2 1 0 2 0 1 2 2 0 2 2 0 0 1 2 2 0 0 2 2 1 0 2 0 2 0 2 2 0 1 0 2 0 0 0 1 2 0 1 2 0 2 2 0 1 1 0 1 2 1 2 0 1 2 0 1 0 1 2 1 0 2 1 0 0 2 2 2 0 1 1 1 1 0 2 2 2 0 2 1 1 2 0 0 2 0 1 0 2 0 2 2 0 1 1 0 1 0 2 2 2 0 1 0 1 0 1 1 1 1 0 2 0 0 0 2 1 0 0 2 1 0 1 2 2 2 2 1 1 0 0 0 1 1
2 0 2 1 1 1 2 2 1 0 0 2 0 0 2 1 2 0 2 1 0 1 1 1 0 0 1 0 0 0 2 0 0 2 1 0 0 0 0 1 0 2 1 1 2 1 0 2 0 0 0 0 0 2 1 0 2 0 2 1 1 1 1 2 0 0 0 1 1 1 1 0 1 0 2 1 2 0 0 2 0 0 0 0 1 2 2 0 0 1 1 2 2 1 0 1 2 0 2 0 2 0 0 0 2 0 1 1 0 2 0 1 1 0 2 2 0 1 0 2 2 0 1 0 1 2 1 0 0 0 1 2 2 0 1 1 0 0 2 1 1 0 0 2 1 0 2 0 0 2 2 2 2 1 2 1 1 1 2 2 2 1 2 2 1 0 0 2 2 0 1 0 1 2 2 2
0 2 0 0 1 2 0 2 2 1 0 0 2 0 2 2 2 1 1 1 0 2 0 2 0 2 0 1 1 0 2 2 2 0 0 0 0 1 0 0 0 2 0 2 2 0 2 2 2 1 0 0 1 1 0 1 1 0 1 1 0 1 0 0 1 1 2 2 0 2 2 0 1 0 0 1 1 2 0 1 1 1 1 0 0 2 2 1 0 1 2 2 0 1 2 0 2 1 2 0 1 0 0 0 0 0 2 2 1 0 1 0 2 2 1 2 2 0 1 1 0 2 0 0 0 2 0 0 2 1 0 0 1 1 1 2 2 0 1 1 1 0 1 1 1 2 1 0 1 2 1 2 1 2 0 2 2 1 2 2 0 0 0 1 1 1 1 1 2 0 2 1 1 2 2 2
2 0 1 1 2 0 0 2 0 1 1 0 0 2 2 1 2 2 2 1 0 0 0 0 1 0 1 1 0 1 0 0 1 1 2 2 2 1 1 0 0 0 0 0 2 2 1 0 2 1 1 2 2 2 1 2 0 2 0 1 1 1 2 0 1 1 2 0 2 1 0 2 0 1 0 2 1 2 0 0 1 1 2 2 1 0 2 2 1 0 1 0 1 0 0 2 1 0 0 2 2 1 1 2 2 0 0 0 2 0 0 2 0 1 1 1 2 0 1 1 0 2 1 2 0 0 2 2 1 2 2 0 2 0 1 1 1 1 0 1 1 1 0 2 2 2 2 0 2 1 1 0 1 1 2 1 1 2 1 2 0 0 0 2 2 1 1 0 2 1 2 2 0 0 1 0
2 1 0 2 0 0 2 2 1 0 1 2 2 0 2 2 1 2 2 0 1 1 2 0 2 1 0 0 0 0 2 2 1 2 0 1 0 0 1 1 0 0 1 1 0 0 1 2 1 1 1 2 2 0 0 2 2 1 1 2 1 0 2 2 0 2 2 1 2 0 0 1 1 0 2 2 0 1 2 1 2 0 1 1 0 2 2 2 0 0 2 2 1 2 2 1 2 1 0 2 0 1 1 1 2 1 1 2 0 1 2 2 1 0 2 2 0 1 1 0 2 1 0 0 1 0 2 1 2 0 1 2 2 2 2 1 1 1 1 2 0 1 1 1 0 0 0 0 2 2 2 1 2 2 2 1 2 2 0 2 0 2 2 0 1 2 1 0 1 0 2 1 2 2 0 0
0 0 0 0 1 0 2 1 0 2 2 0 2 2 0 2 1 1 2 1 0 1 2 0 2 0 1 1 0 2 1 0 0 0 0 2 0 0 0 1 0 0 2 2 0 0 2 0 1 1 2 2 0 2 2 2 0 1 2 0 1 1 1 2 1 2 2 0 0 0 1 0 1 1 0 2 2 2 0 0 1 2 0 2 0 0 2 0 2 2 2 1 0 0 1 0 0 1 1 1 1 2 2 0 2 1 0 1 0 1 2 0 1 0 2 1 0 2 2 0 2 2 2 0 0 0 1 0 2 2 2 1 2 0 1 1 1 2 0 2 0 1 0 2 1 0 1 2 0 1 1 0 0 1 1 0 1 0 1 1 0 1 2 2 1 2 2 0 2 0 2 0 1 0 2 2
1 0 0 2 2 1 2 2 0 1 0 1 1 2 0 1 0 1 2 2 1 1 2 0 1 2 1 0 2 0 0 1 2 1 1 1 0 1 2 0 0 2 0 2 2 1 2 2 2 1 2 1 2 1 2 1 2 0 2 2 2 1 1 1 2 2 0 1 1 2 1 1 0 1 2 2 0 1 0 0 2 2 0 2 2 2 1 2 1 1 1 0 0 2 2 2 2 2 0 1 0 0 0 1 1 2 0 2 0 1 0 2 2 1 1 2 0 0 1 1 2 2 2 2 2 1 2 2 1 1 0 2 1 1 0 0 1 1 0 2 1 1 1 0 2 1 2 0 2 0 2 2 2 1 1 2 1 0 2 0 2 0 2 0 2 0 1 1 2 2 1 0 0 0 1 0
2 0 0 1 1 2 0 2 2 2 2 1 1 2 1 0 0 1 2 0 1 0 2 1 2 0 2 0 2 0 0 1 2 0 1 1 1 2 0 1 2 0 2 1 2 0 1 0 2 0 2 1 1 1 2 1 0 2 1 0 1 1 1 0 2 2 1 1 2 0 2 2 0 1 0 0 2 2 2 1 0 1 0 2 0 2 1 1 2 2 1 0 2 0 1 2 0 2 0 0 2 2 2 0 1 0 2 1 0 1 0 1 2 0 0 0 2 1 2 2 2 0 2 2 0 1 1 2 1 1 2 1 1 2 0 2 2 2 0 0 0 0 1 0 1 2 0 0 1 2 1 1 0 0 0 1 0 1 1 2 0 1 0 1 1 1 1 1 0 1 2 1 2 0 1 0
0 0 2 0 2 0 2 0 1 0 0 1 2 1 0 1 2 2 2 1 1 1 0 0 0 0 1 1 1 1 2 0 1 1 0 1 2 2 2 2 0 2 1 1 1 0 2 2 2 1 0 1 0 1 1 2 1 1 0 1 2 2 1 1 2 2 2 2 1 2 1 0 1 0 1 1 0 0 0 0 2 0 2 0 0 1 0 1 0 0 0 2 0 1 1 0 0 0 0 0 0 2 1 2 0 2 0 1 2 1 1 2 2 2 0 2 1 0 1 1 0 2 0 2 1 2 2 0 2 2 1 0 0 2 0 0 1 1 2 1 0 1 1 0 0 2 0 1 2 2 2 1 1 0 0 1 2 0 2 0 1 0 0 1 0 1 1 2 1 0 1 2 2 2 2 0
1 2 2 2 1 2 1 1 0 2 0 0 2 0 0 0 0 2 2 0 1 1 0 2 1 1 1 1 0 1 2 0 1 2 2 1 1 0 0 2 0 0 1 2 0 1 1 1 1 0 2 0 1 2 0 1 0 2 0 1 1 2 1 0 1 0 1 1 1 1 0 1 2 1 2 0 1 0 1 0 0 1 1 0 0 2 2 1 2 2 2 0 0 1 0 2 2 2 0 2 1 2 0 0 1 0 0 0 0 2 1 2 0 2 0 1 2 2 0 1 2 0 2 2 2 0 2 2 1 0 1 2 2 0 0 2 0 1 2 1 2 1 1 2 2 1 2 1 1 2 1 0 2 0 0 2 1 2 2 2 0 0 2 1 0 0 0 1 2 0 0 1 0 1 2 0
0 1 1 1 0 0 1 1 1 1 1 0 1 0 0 2 2 0 0 0 1 1 1 1 1 2 2 2 1 2 2 1 0 2 2 2 2 1 1 1 0 2 2 2 0 2 2 0 0 2 0 2 1 0 0 2 2 1 2 1 0 2 2 2 1 0 1 1 2 2 0 2 2 2 2 0 1 1 0 2 1 1 2 2 1 0 0 1 1 0 2 0 2 0 0 1 1 1 0 0 1 0 0 0 2 0 1 1 2 2 2 2 0 2 2 2 2 2 1 2 0 1 0 1 2 0 0 0 2 0 0 1 1 1 2 1 2 1 0 1 1 2 1 2 2 1 2 0 1 1 0 0 2 0 1 0 1 1 0 0 1 2 2 0 1 1 1 0 0 1 2 1 2 1 1 1
0 0 1 2 2 1 2 0 2 0 0 0 1 1 1 0 0 0 0 1 2 2 2 0 1 2 2 0 1 0 1 2 2 1 1 1 2 1 2 0 1 2 0 1 1 2 2 2 0 0 1 2 2 0 0 1 0 2 1 2 0 1 1 0 2 0 2 2 2 2 2 0 2 0 2 1 0 2 1 0 0 0 1 0 1 1 2 2 2 1 1 2 2 1 0 1 2 2 1 1 1 0 2 1 1 2 2 1 2 1 0 2 1 2 0 0 1 2 0 0 1 2 2 1 0 0 0 2 0 2 0 1 2 1 0 2 0 1 1 2 2 2 2 2 1 2 0 0 0 0 0 1 2 1 2 1 1 0 1 1 2 0 1 0 1 1 0 2 0 1 1 1 1 1 0 2
0 0 0 0 1 1 2 0 0 0 2 1 0 2 1 1 2 0 1 1 1 1 0 0 0 1 1 1 0 1 2 0 2 2 2 0 1 1 1 2 1 1 2 0 0 0 1 0 0 0 1 2 2 1 2 0 0 0 2 0 2 2 1 1 2 0 1 2 0 0 1 1 2 0 2 0 0 1 1 1 1 2 2 1 0 2 2 1 0 2 1 0 1 0 0 1 1 1 0 1 2 2 0 2 2 0 0 1 1 1 0 1 0 2 0 1 2 2 0 0 2 2 1 0 0 1 0 1 1 0 0 0 2 1 1 0 1 1 2 1 1 2 0 2 0 0 1 0 1 1 0 0 2 1 2 2 1 2 1 2 0 1 0 0 2 1 1 2 1 1 1 2 0 1 2 1
2 0 1 0 0 2 2 0 2 1 2 0 1 0 2 1 2 2 2 2 1 1 1 0 2 0 0 1 2 2 2 2 1 1 0 2 1 2 2 0 1 1 0 0 2 2 2 1 2 2 1 1 1 0 2 0 1 0 1 1 2 1 0 1 0 1 0 2 1 0 0 0 2 0 1 1 1 1 0 1 0 0 0 1 0 2 2 1 2 1 0 2 0 0 1 1 2 2 1 1 1 1 2 0 2 0 0 0 2 1 1 0 1 1 1 2 1 1 2 0 0 2 0 1 1 2 0 0 2 1 2 0 2 1 2 1 0 2 0 2 1 2 2 0 1 2 0 2 1 2 1 2 2 2 1 0 2 1 1 1 2 0 0 2 2 2 1 2 1 1 0 2 1 0 0 0
0 1 0 2 0 2 1 0 2 2 1 1 1 2 1 1 0 1 0 1 0 2 1 2 1 1 2 0 0 0 1 0 2 0 2 0 2 2 1 2 2 0 1 1 1 2 2 2 0 1 0 0 1 2 0 2 1 0 1 2 0 2 0 2 2 0 2 0 2 1 2 0 0 0 1 1 1 1 0 1 2 1 0 0 1 0 1 0 0 2 1 1 2 1 1 0 2 2 0 0 1 0 0 1 1 2 2 2 0 0 1 0 2 2 1 1 2 2 2 1 2 0 2 2 2 2 2 2 1 0 2 2 0 0 1 1 2 0 1 0 1 0 0 1 2 0 2 2 2 0 0 2 0 1 2 0 0 1 0 2 1 0 1 2 0 0 1 0 2 0 0 0 0 2 0 0
2 0 0 1 0 1 1 2 2 0 0 0 2 0 2 1 1 2 0 1 2 2 1 1 0 2 0 1 1 0 2 1 0 0 0 2 2 2 1 2 1 1 0 0 2 0 2 0 2 0 2 2 0 1 1 1 0 1 0 0 2 2 1 0 0 2 0 0 2 1 2 0 0 0 1 0 2 0 0 1 2 0 1 2 1 1 0 1 2 1 2 0 1 1 1 2 0 1 2 0 0 1 1 0 0 0 1 2 0 2 1 2 2 0 0 0 1 1 2 1 0 2 1 1 1 2 1 1 1 0 0 1 2 1 2 0 1 0 2 0 2 2 0 2 2 0 0 1 0 0 0 0 0 0 2 2 0 0 0 2 1 1 0 1 0 1 2 2 2 2 0 2 1 1 2 1
2 0 2 2 1 1 0 2 1 2 1 2 0 2 1 1 1 0 0 2 1 0 1 0 2 2 0 1 1 1 2 0 1 0 1 2 1 1 1 0 2 0 2 2 2 2 2 0 2 2 2 1 0 2 2 2 1 1 0 0 2 1 0 0 1 2 0 0 1 2 1 1 2 1 0 1 0 2 0 0 2 0 1 2 2 2 0 1 0 1 1 2 2 0 2 1 2 0 2 1 2 0 2 1 0 1 0 0 1 1 1 1 2 0 1 2 2 1 2 0 1 0 2 0 1 2 0 2 2 0 0 2 2 1 1 2 0 2 2 1 1 1 0 0 0 2 1 0 1 0 1 2 1 1 1 0 1 1 2 1 2 0 1 1 2 0 0 2 2 1 1 2 0 2 0 0
1 1 2 1 1 1 0 1 2 2 1 1 1 1 1 1 2 0 2 2 0 0 2 1 1 1 0 1 1 0 0 2 2 0 1 1 1 2 2 1 1 1 1 0 0 2 2 0 0 1 0 0 1 2 2 0 1 2 0 2 1 0 2 1 0 1 0 2 1 0 0 0 2 2 1 0 2 0 0 2 2 1 1 1 0 0 2 2 1 0 2 2 0 0 1 1 2 1 0 1 2 1 1 2 1 1 0 1 2 1 1 2 2 0 1 2 0 1 0 2 1 2 2 2 2 0 0 1 2 1 2 1 0 2 1 1 1 1 0 0 2 2 0 2 2 2 0 0 1 0 0 0 2 2 2 0 0 0 2 0 1 0 2 1 0 1 1 1 0 2 1 1 1 2 0 1
1 0 1 0 1 1 0 2 1 2 2 2 2 2 2 1 2 1 1 0 0 0 1 1 2 1 0 1 0 0 2 0 2 0 0 0 0 1 2 2 1 2 1 2 2 1 0 2 0 2 0 1 2 2 0 1 0 0 0 2 0 2 2 2 1 0 1 2 1 0 1 1 0 0 0 2 2 0 2 2 1 2 0 0 2 1 0 0 1 0 2 0 1 1 0 2 0 1 2 2 2 1 0 0 1 0 0 0 2 2 2 0 0 1 1 0 2 1 0 2 2 0 2 1 2 2 1 2 2 0 2 2 1 0 2 0 1 0 0 0 2 0 1 0 2 2 0 0 2 2 0 1 2 2 0 2 2 1 0 2 1 0 1 0 0 1 0 1 1 1 2 2 2 1 2 2
1 1 0 0 0 0 2 2 0 2 2 2 1 2 2 2 2 1 2 0 0 2 2 2 1 2 1 0 0 2 0 2 0 0 0 0 0 0 0 1 0 0 1 1 0 1 1 0 0 0 1 0 0 1 1 1 1 2 0 2 1 0 2 2 1 0 0 2 1 0 1 2 2 0 1 2 2 2 0 2 1 2 1 2 1 2 2 2 1 2 1 1 2 1 1 1 2 2 1 1 0 0 0 2 1 2 2 0 2 0 2 1 0 1 0 1 0 2 0 0 2 2 2 2 1 0 1 0 0 2 2 2 0 2 1 1 2 2 1 2 2 2 0 0 0 1 1 1 1 2 2 1 1 1 0 2 2 2 0 0 2 2 2 1 0 1 2 2 0 2 2 0 1 2 0 2
1 2 1 2 1 0 2 1 2 0 0 2 2 2 0 0 2 2 2 2 1 1 2 0 1 1 0 2 1 2 0 0 2 1 0 2 0 0 0 2 1 1 2 1 0 2 1 1 2 0 0 2 0 1 2 1 0 0 2 0 0 0 1 0 2 2 2 2 0 0 0 1 1 0 2 0 0 2 1 0 0 2 2 1 0 2 0 2 0 0 2 0 0 1 0 2 0 0 0 1 0 1 2 0 2 0 0 0 2 2 1 0 1 1 2 0 1 2 0 1 0 2 2 0 1 1 0 1 1 1 1 0 0 0 0 0 0 1 0 0 0 2 1 2 1 0 2 0 0 2 1 0 2 1 1 1 2 2 1 2 2 2 2 2 2 0 0 1 1 1 2 2 0 0 1 2
1 2 2 1 2 1 2 0 0 0 1 2 1 2 1 0 2 1 0 2 1 1 1 0 2 0 0 0 2 0 0 0 2 0 2 2 2 1 2 0 0 2 2 1 2 2 2 2 0 2 2 0 0 0 1 0 1 2 1 0 2 2 1 2 2 1 1 2 0 2 2 1 1 0 2 0 2 2 2 0 2 1 1 0 2 0 1 1 2 0 2 2 0 1 1 2 2 2 0 1 1 2 2 2 2 0 1 2 2 0 0 2 0 1 0 0 2 2 2 1 2 2 0 2 0 1 2 1 2 2 2 0 0 1 1 2 1 2 0 1 0 0 0 1 2 1 2 2 0 1 1 0 1 0 0 2 2 0 0 1 0 2 0 0 0 1 1 2 1 1 1 2 2 2 1 2
1 1 2 1 0 1 0 2 2 0 2 1 0 2 1 2 2 1 2 2 0 1 2 1 2 1 0 2 1 2 2 2 1 1 1 2 0 1 1 2 0 1 2 1 0 0 0 2 1 1 2 2 2 0 0 0 1 1 2 0 2 2 2 0 2 2 2 0 1 1 1 1 2 0 0 0 1 0 0 0 1 1 2 2 1 2 2 0 1 2 1 0 2 1 2 1 0 2 2 2 1 0 1 1 0 1 0 1 0 0 1 2 2 1 1 1 0 0 2 0 1 1 0 0 2 2 2 1 2 1 1 1 2 2 0 0 2 1 0 2 0 2 2 2 1 1 1 2 2 1 2 0 2 1 1 2 1 0 1 1 0 0 0 0 0 2 1 0 0 1 0 0 2 2 1 1
1 0 0 1 1 1 2 1 0 1 1 1 2 0 0 0 1 1 0 1 0 0 2 1 2 2 2 1 0 1 0 1 1 1 2 0 0 0 1 0 2 1 2 1 2 2 2 0 2 0 0 2 0 2 1 0 0 2 2 0 0 0 1 0 2 2 1 2 2 1 0 1 2 2 0 1 0 0 2 2 2 2 1 0 0 1 0 0 0 1 0 1 2 2 2 1 2 1 1 2 2 2 1 2 1 2 0 2 0 0 1 2 0 1 0 0 2 1 1 0 0 2 2 2 1 0 1 2 1 2 1 1 1 0 0 1 0 1 0 1 1 2 1 2 1 2 2 1 1 0 2 2 2 1 1 2 2 0 1 0 0 0 2 0 0 2 1 1 1 2 0 1 2 2 0 0
1 0 2 2 1 1 2 2 1 2 1 0 2 0 2 0 0 1 0 2 2 2 0 0 0 1 1 2 0 2 1 2 0 0 0 2 0 2 1 1 1 0 2 1 0 1 0 2 0 1 1 0 1 2 1 1 1 0 1 2 0 2 2 1 0 0 0 0 0 0 2 0 0 1 1 2 1 2 1 2 1 2 2 2 1 0 1 0 1 2 0 2 0 0 0 0 0 2 1 1 0 1 1 0 0 1 2 1 0 0 0 1 0 0 1 2 1 0 0 0 0 0 0 0 1 1 1 2 1 0 1 1 2 2 2 2 0 2 1 1 0 2 0 1 0 2 1 2 2 2 2 0 0 0 1 2 0 0 1 1 0 2 0 0 0 0 0 0 0 2 2 1 2 0 0 2
2 1 2 2 0 2 0 1 0 2 1 0 0 2 2 1 0 0 2 0 1 2 0 1 2 0 0 1 1 1 2 0 2 1 0 1 1 0 2 2 0 0 2 1 0 2 2 0 0 1 0 1 1 2 1 1 0 2 0 1 0 0 2 0 1 2 1 0 1 1 0 2 2 0 0 0 0 0 1 0 2 0 0 1 2 2 0 0 1 1 1 2 1 1 0 0 1 2 1 0 0 1 2 1 2 0 1 0 2 2 1 2 2 2 0 2 1 1 2 0 0 1 0 2 0 1 0 2 1 1 2 2 1 0 0 1 1 1 2 0 1 0 2 1 1 1 1 2 2 1 0 0 0 0 2 0 2 0 0 0 0 0 0 2 1 0 0 2 0 0 0 1 1 0 0 2
1 1 2 2 0 0 2 1 1 2 1 1 1 2 2 1 0 2 0 1 1 1 0 1 2 1 0 0 2 0 0 1 0 0 0 1 1 0 2 2 1 1 1 2 1 1 0 2 1 1 0 0 0 2 1 2 1 2 2 1 0 0 0 1 0 0 2 1 2 2 2 0 1 0 2 1 2 0 0 2 2 2 2 2 2 2 1 0 1 1 2 2 2 0 0 0 1 0 0 0 0 2 0 0 0 0 1 1 1 2 0 0 2 0 2 1 2 1 0 1 0 0 1 0 0 0 0 1 0 0 2 2 0 0 2 1 1 1 2 2 1 0 1 1 0 1 2 1 0 0 0 1 0 1 2 0 1 0 0 0 2 2 2 2 0 2 1 2 1 0 0 2 1 1 1 2
2 1 1 0 2 1 2 0 2 1 1 1 2 1 2 1 1 2 1 2 2 0 1 0 1 2 0 0 0 2 0 1 1 1 1 0 2 1 0 2 0 0 1 2 1 0 1 0 2 0 0 1 1 2 2 2 2 0 2 0 2 0 1 0 1 1 0 1 0 2 1 0 0 2 1 1 0 2 2 0 0 0 0 1 0 2 1 0 2 1 0 2 0 2 2 1 1 1 1 1 1 2 2 1 1 0 0 2 1 1 0 1 1 0 1 1 2 0 1 0 2 0 2 2 2 0 2 1 1 0 0 0 2 2 2 1 0 2 1 2 0 2 1 2 2 2 1 2 0 1 2 0 1 0 0 1 0 0 2 2 0 2 2 0 1 1 0 2 1 2 2 0 1 1 2 1
1 1 0 2 2 1 0 0 1 1 1 2 2 0 1 0 0 1 1 0 0 2 0 1 1 0 1 2 1 1 1 2 0 1 2 2 0 0 1 2 2 2 1 1 1 0 2 2 1 1 2 1 0 0 1 1 0 0 1 2 0 2 1 0 2 2 0 2 2 2 2 2 2 1 1 1 2 1 0 1 2 1 1 0 1 2 2 2 0 2 1 0 1 0 0 1 0 2 1 0 1 1 0 1 0 2 0 2 0 2 1 0 0 2 1 2 2 2 1 2 1 0 0 0 1 1 2 2 1 1 0 0 0 0 2 0 2 0 0 0 2 2 2 0 2 0 2 2 2 1 1 0 1 2 1 2 1 1 1 2 0 2 0 0 0 1 0 2 2 1 1 2 1 0 2 1
1 2 0 1 0 2 2 2 1 1 2 0 2 2 1 2 1 2 0 1 0 1 2 0 0 0 2 2 1 1 0 2 0 1 1 1 1 1 0 0 2 0 1 0 2 0 0 0 2 1 0 1 2 2 1 2 0 1 2 2 0 1 1 2 0 1 1 1 2 2 1 1 0 0 2 0 1 0 1 1 1 1 0 0 0 1 0 1 0 1 0 2 2 0 2 2 1 0 1 1 0 0 0 0 2 0 1 0 0 0 2 1 1 2 2 0 2 0 2 0 2 0 2 1 1 2 1 0 0 0 1 1 1 1 0 0 1 1 1 1 1 1 0 1 0 0 2 2 1 1 1 0 2 1 0 0 1 2 0 2 0 2 0 2 1 1 0 0 0 1 0 2 2 0 0 1
1 2 1 0 2 2 1 1 1 1 2 2 2 0 2 0 0 0 2 2 2 0 2 2 2 2 2 2 0 0 1 2 0 2 0 2 2 1 1 0 0 1 0 2 2 0 0 2 0 0 1 2 0 1 2 2 1 2 2 2 0 1 1 1 1 1 1 0 1 0 1 1 2 2 1 1 0 1 1 0 2 0 1 2 2 0 2 1 0 0 0 1 1 0 0 2 2 2 0 0 2 2 2 2 2 1 0 2 0 2 1 2 1 2 1 0 0 2 2 2 2 0 0 0 1 0 1 0 2 2 2 2 2 1 1 2 0 0 0 1 0 1 1 1 1 0 0 1 0 2 1 2 0 2 1 1 0 0 2 0 2 1 0 2 0 0 0 1 1 0 0 1 1 2 1 2
0 1 1 1 1 0 1 2 2 2 0 2 0 0 0 0 1 2 0 0 2 0 1 1 0 2 2 1 1 1 1 2 2 0 1 1 0 2 0 0 0 1 0 0 2 2 1 1 1 2 1 1 0 1 2 1 0 2 0 0 1 0 0 1 0 1 0 1 1 1 2 1 0 2 2 2 1 0 1 0 0 1 2 1 2 1 0 0 2 1 1 0 1 1 2 2 0 0 1 2 1 0 0 1 1 0 1 0 1 1 1 1 2 0 0 1 0 1 2 2 0 1 0 2 0 2 0 2 0 1 1 2 2 2 1 1 0 1 1 2 2 0 1 2 2 2 0 2 1 0 2 1 1 0 2 0 2 2 2 1 0 1 0 0 0 2 2 1 1 1 0 1 2 2 0 1
2 1 0 0 2 0 0 1 0 2 1 1 2 1 2 0 2 0 2 0 0 1 2 2 2 0 0 2 0 1 1 0 2 0 1 2 0 1 1 1 1 0 0 0 2 2 1 1 0 0 2 0 2 2 2 0 0 1 0 1 0 1 1 0 1 2 0 2 2 2 1 0 0 2 2 2 2 0 2 2 1 2 0 0 2 0 0 0 2 0 1 2 0 0 2 1 1 0 0 0 0 2 1 1 1 0 1 0 1 1 0 2 1 1 1 1 2 2 2 1 1 1 1 1 2 1 2 1 2 1 1 0 1 2 1 1 1 0 1 2 2 0 0 0 1 1 0 0 1 2 2 0 1 0 1 1 2 2 2 2 1 1 0 2 1 1 0 2 2 0 2 2 0 2 0 2
1 0 2 1 0 2 1 2 2 0 1 2 0 1 2 1 2 2 1 1 1 2 1 2 0 1 1 1 1 2 0 0 1 2 1 1 2 2 1 2 0 1 1 1 2 0 2 2 2 1 2 2 1 0 1 2 2 0 0 1 2 0 2 0 0 0 0 2 0 2 1 2 0 2 0 2 1 1 0 1 2 2 0 1 0 1 1 0 1 1 2 2 2 1 2 0 2 0 2 0 0 1 2 0 1 0 1 2 2 1 2 1 0 2 0 0 2 1 1 1 0 0 0 2 2 1 0 1 1 2 0 2 1 2 0 0 0 1 1 2 0 0 1 1 0 2 2 0 1 1 2 2 2 0 2 0 1 2 2 1 2 2 0 0 0 1 2 1 2 0 1 0 1 0 1 1
1 1 2 2 0 2 2 0 2 1 0 2 2 0 0 1 2 1 0 0 0 2 2 0 2 1 1 0 1 0 2 0 2 2 0 0 1 0 1 1 2 2 0 1 2 1 1 0 0 1 0 0 0 2 2 0 0 0 1 0 1 1 0 1 1 1 1 2 2 0 0 0 0 1 1 0 0 0 0 1 1 2 1 2 2 0 0 1 1 2 1 1 1 2 2 2 1 1 1 1 0 0 1 0 1 1 0 0 1 2 1 1 2 0 0 1 2 2 2 1 1 1 2 2 2 2 1 1 2 1 2 2 1 1 2 0 2 0 0 1 0 2 2 2 0 1 2 0 0 2 1 1 2 1 2 1 1 0 2 0 2 2 2 0 1 2 2 0 1 0 0 1 1 2 2 2
0 2 2 1 1 1 1 1 0 0 2 2 1 2 2 1 2 2 2 0 2 1 2 0 0 0 0 1 0 2 0 2 2 0 0 0 1 1 2 2 1 2 1 0 0 1 1 0 0 1 1 0 1 1 1 1 1 1 0 2 1 1 1 0 1 1 2 0 1 2 0 2 1 1 0 2 0 2 2 1 1 1 2 2 2 1 1 1 2 1 0 1 0 2 2 1 0 1 2 2 0 0 0 0 2 0 2 0 1 2 2 0 0 2 2 2 0 1 1 1 2 1 0 2 0 2 1 2 2 1 2 2 1 2 0 1 1 1 1 2 0 1 0 1 2 0 1 2 1 0 1 0 2 1 0 1 2 2 1 1 0 0 1 0 0 0 1 2 1 0 2 2 0 2 0 2
2 2 2 0 2 1 1 0 0 2 1 2 1 2 1 2 2 0 2 0 0 1 2 1 0 1 1 0 1 2 0 0 1 2 1 2 1 2 2 2 1 1 2 0 0 1 1 0 2 0 2 0 2 2 2 0 2 0 0 0 2 1 1 0 0 0 0 0 0 2 2 2 0 2 1 1 0 2 2 0 2 2 0 2 1 2 2 0 2 0 1 1 1 0 0 0 0 0 0 1 1 0 2 2 2 0 1 1 2 1 1 2 0 2 2 2 2 2 0 2 0 2 1 2 0 2 2 1 1 0 0 2 0 0 1 1 0 0 2 2 2 1 1 2 1 1 0 1 2 0 1 2 0 0 2 0 0 0 2 1 0 0 1 2 0 0 0 0 2 0 0 1 1 0 2 1
1 2 2 0 0 1 0 0 1 1 1 1 1 0 0 2 2 2 1 2 0 2 0 2 2 0 0 2 0 2 0 0 2 0 1 2 1 0 0 2 1 1 2 0 0 0 2 2 0 2 2 0 1 2 0 2 1 1 1 2 1 2 0 1 2 2 1 1 0 1 1 2 1 0 2 2 2 2 1 2 1 0 0 1 1 0 0 0 1 2 2 0 1 1 2 1 1 1 0 1 2 1 0 1 0 2 0 2 1 2 1 1 1 1 2 0 2 2 0 1 2 0 2 0 1 2 2 2 0 2 1 0 1 2 0 1 1 0 0 1 0 2 0 2 0 2 2 0 2 2 2 1 0 2 2 0 1 2 2 2 2 2 0 0 1 0 2 1 2 2 0 2 2 0 2 0
0 1 2 0 1 1 1 1 0 1 1 2 0 2 1 2 2 2 2 0 0 2 1 2 0 2 2 0 2 1 0 0 0 2 0 1 1 2 0 1 0 0 0 1 2 2 1 2 2 2 2 0 1 2 2 1 1 2 1 2 1 0 2 1 0 1 0 2 0 0 1 1 1 0 0 1 2 2 0 2 1 0 2 2 0 2 2 1 1 0 1 2 1 2 1 2 0 1 1 1 0 0 0 1 0 1 0 0 1 0 0 2 1 1 2 1 0 1 1 0 0 0 0 1 2 2 1 0 1 0 0 1 1 0 0 1 1 1 2 2 2 0 2 1 1 2 0 2 1 1 2 2 2 0 2 2 0 1 1 1 2 1 0 0 1 1 2 1 0 2 1 2 0 1 0 2
1 1 1 0 0 2 1 0 0 0 0 0 1 1 2 1 0 2 1 1 1 2 0 1 1 2 2 2 0 2 1 2 1 2 0 0 2 1 0 2 1 0 0 1 2 0 2 2 0 2 2 2 1 2 1 0 1 0 2 2 1 0 2 0 0 0 0 0 1 1 0 1 2 1 2 0 1 2 0 1 2 0 1 1 0 0 1 2 1 1 0 0 2 2 1 0 2 2 1 1 1 1 0 2 2 0 2 0 2 0 0 0 1 1 1 2 2 0 1 1 2 1 1 2 1 0 2 1 1 1 0 2 2 0 1 0 0 1 0 1 2 0 1 0 0 2 0 2 0 1 0 0 0 0 2 2 1 2 0 2 0 1 2 0 2 1 0 0 0 2 2 0 2 0 1 2
0 1 2 2 2 0 0 0 0 2 0 0 2 2 2 0 1 1 0 0 1 1 1 1 0 0 1 0 0 0 1 2 1 1 1 0 1 1 2 0 1 2 0 0 1 0 1 2 0 2 0 1 0 1 0 1 2 2 0 0 2 2 2 0 0 0 1 2 2 0 0 0 0 1 1 2 2 2 2 0 2 0 1 0 2 1 0 2 0 1 0 2 0 0 0 1 2 1 1 1 2 2 2 0 1 0 2 1 1 2 1 1 0 0 2 0 2 2 0 0 0 1 2 1 2 0 2 1 2 2 2 1 1 2 2 0 1 1 2 2 2 1 0 2 2 2 0 1 0 1 2 1 2 2 1 2 0 1 0 2 0 1 1 2 0 0 0 1 2 2 1 1 0 2 2 0
0 2 2 1 1 1 2 2 1 0 1 1 2 0 1 2 2 0 2 2 1 0 2 1 2 1 0 0 1 0 1 2 1 1 0 2 2 2 1 1 1 1 0 1 1 2 1 0 0 0 0 1 0 0 0 0 0 2 2 2 2 0 1 0 1 1 1 1 1 2 0 0 1 1 1 2 1 0 0 2 1 2 1 0 0 2 1 0 2 0 2 1 1 0 0 0 2 1 2 2 1 0 0 0 1 2 0 0 0 2 2 2 1 2 2 1 2 2 0 1 2 2 0 2 1 0 2 1 2 0 0 1 1 1 1 2 1 2 1 2 1 1 1 0 0 2 2 2 1 0 0 1 2 2 0 0 2 1 0 2 1 0 1 2 2 0 2 1 2 0 0 1 0 2 1 0
2 1 0 0 1 1 1 2 0 0 0 1 1 0 1 0 2 2 0 1 2 0 1 1 2 1 0 2 1 0 2 0 2 0 1 1 0 0 1 1 1 1 0 0 2 1 0 1 1 1 0 1 1 1 1 1 1 1 0 2 2 1 1 2 2 2 1 0 0 2 0 1 0 0 1 0 0 2 1 2 0 2 1 0 1 2 2 2 1 1 2 1 2 1 1 2 0 0 1 2 2 1 0 0 2 0 1 0 2 0 0 1 0 2 2 2 1 1 1 0 2 1 2 2 2 0 0 1 1 2 0 0 1 1 2 0 2 1 2 2 1 0 1 0 2 1 2 1 0 1 2 0 0 2 0 2 0 1 1 2 0 2 0 1 1 2 0 0 1 2 0 1 0 2 1 0
0 1 2 1 2 1 2 2 1 0 0 2 2 1 2 0 1 2 2 0 0 0 1 1 0 0 0 0 0 1 1 2 2 0 1 2 2 0 1 1 1 2 1 1 1 1 2 0 0 2 1 1 2 2 1 0 0 1 0 1 0 2 0 0 2 1 0 2 2 2 1 1 2 0 0 0 1 0 1 0 2 2 1 2 0 2 2 1 1 0 2 2 2 0 0 2 2 1 1 2 1 1 1 0 1 2 2 0 2 0 0 2 1 2 1 2 2 1 0 1 1 1 1 1 1 1 0 2 2 2 1 0 1 0 1 0 2 0 0 1 1 1 1 2 0 2 2 0 1 0 1 0 2 2 1 0 1 2 0 0 0 0 2 1 0 0 1 0 1 2 2 2 1 1 0 2
1 2 2 0 2 2 1 1 1 0 0 0 0 1 2 1 1 1 0 2 2 2 0 0 0 2 2 1 1 2 1 0 2 2 1 2 1 2 2 0 2 0 2 1 1 1 2 1 0 0 0 2 1 0 0 2 0 2 1 2 0 0 2 0 0 1 0 1 0 0 2 1 0 1 2 0 0 2 1 1 1 2 1 0 0 1 2 0 2 0 0 0 1 0 1 1 1 1 0 2 2 1 0 0 0 0 1 2 0 0 0 1 2 0 1 2 2 1 0 1 2 0 2 1 2 0 1 0 0 1 2 0 0 0 1 1 0 0 0 2 0 1 0 0 1 0 0 1 1 0 0 1 2 0 1 1 1 2 2 2 1 2 2 2 0 1 0 2 2 1 1 2 2 1 0 1
2 1 0 2 2 1 1 2 2 2 1 1 1 1 0 1 1 1 0 1 2 0 0 2 1 1 1 1 1 0 0 0 1 0 0 1 2 2 1 1 1 0 0 1 2 2 2 0 0 2 0 0 0 1 2 2 0 1 1 2 1 2 0 0 0 1 2 0 0 1 0 2 1 0 1 1 0 0 2 0 0 2 1 1 1 0 1 2 0 0 2 1 2 2 2 2 0 2 1 1 0 1 1 1 2 2 0 0 1 0 1 2 0 0 1 1 1 2 1 1 2 0 0 2 0 0 0 1 2 1 1 2 2 0 1 1 0 0 2 1 0 1 2 1 1 0 0 2 0 2 1 0 0 2 2 1 2 0 0 2 1 2 2 1 2 1 1 0 1 0 2 2 1 1 1 2
2 2 0 0 1 2 0 2 1 0 1 1 2 2 1 0 1 0 0 2 1 1 2 0 1 2 0 1 2 1 1 1 0 1 1 2 1 2 2 0 1 1 2 0 1 0 1 0 1 1 2 0 0 2 1 0 0 1 1 2 1 2 1 1 2 1 1 0 1 1 1 0 0 1 1 1 2 0 2 0 2 2 1 0 2 0 0 2 0 2 2 1 1 1 0 1 0 0 0 1 1 2 2 2 0 0 1 2 1 0 1 1 0 0 2 0 1 0 0 2 2 0 0 1 2 1 1 2 1 1 0 0 1 0 2 1 1 0 2 2 1 1 1 2 1 1 2 0 1 1 2 1 2 0 1 1 2 2 1 1 1 2 2 2 0 2 0 2 1 0 2 0 1 1 2 0
2 2 1 2 0 1 0 2 1 2 1 1 1 0 0 0 2 0 2 0 0 1 2 1 1 2 1 0 1 1 1 0 1 2 0 2 1 2 2 0 1 1 2 1 1 0 1 0 1 1 1 2 2 1 0 1 0 0 2 1 1 0 0 0 1 0 0 2 2 2 2 2 0 0 0 1 0 1 2 2 0 1 2 2 0 2 2 1 0 1 1 2 2 1 2 0 2 2 2 0 2 0 2 2 1 2 1 2 0 1 2 1 2 1 1 2 2 0 2 2 0 0 2 2 1 1 0 1 2 0 1 1 1 0 1 2 2 2 2 0 1 1 2 1 0 0 1 0 2 1 2 2 1 1 2 0 1 0 2 0 0 0 2 0 1 0 2 0 1 2 1 0 1 0 2 2
2 1 2 2 0 2 2 2 1 1 2 2 2 1 0 0 2 2 0 0 1 1 1 0 0 0 0 2 0 0 2 0 2 2 2 2 2 1 2 0 0 2 0 2 0 1 0 0 1 1 1 2 2 0 0 0 0 1 0 1 2 0 2 2 2 1 2 1 1 2 2 1 1 0 2 2 1 2 0 0 0 1 0 1 2 1 2 2 0 2 1 0 0 0 2 0 2 1 2 0 0 0 2 2 1 1 2 1 1 0 2 2 2 2 0 2 1 2 1 1 0 0 1 0 0 1 0 0 0 1 1 1 2 1 1 0 0 0 1 1 1 1 2 0 1 2 0 0 0 0 2 0 0 1 0 2 0 2 0 1 1 1 2 0 0 0 1 0 1 1 0 2 2 2 1 1
1 1 2 2 1 1 2 2 0 1 2 1 0 2 2 1 0 2 2 1 0 1 2 2 2 2 1 2 2 2 0 0 2 0 1 0 2 0 0 0 1 2 1 2 2 2 1 0 2 0 1 2 0 1 1 2 1 1 2 0 1 1 2 0 1 0 2 1 1 0 1 0 1 0 0 0 0 2 1 2 0 0 2 0 2 1 0 1 2 2 2 1 1 1 1 0 2 1 1 1 2 0 1 1 1 1 1 2 1 0 2 2 1 1 2 0 0 2 2 0 0 2 1 2 1 1 2 1 2 1 2 2 1 1 0 1 2 0 1 2 1 0 1 2 0 0 0 0 1 0 1 2 0 0 1 1 2 2 2 1 0 1 2 2 2 0 1 0 0 2 2 1 2 0 1 2
1 2 0 0 0 2 2 0 0 2 2 2 1 2 1 1 1 0 1 2 1 2 2 2 1 2 2 2 0 0 1 2 0 0 0 0 2 0 1 2 2 2 1 1 1 2 0 0 1 2 2 0 2 2 2 1 1 2 1 2 0 0 2 1 1 2 2 0 2 1 0 0 0 2 1 2 2 2 1 1 2 0 1 2 0 2 1 2 1 0 2 2 1 1 1 2 1 1 0 1 0 1 1 2 0 1 1 0 0 0 2 0 1 0 0 2 2 2 2 2 0 1 1 2 0 0 1 2 2 2 1 0 0 0 2 1 1 1 1 0 2 0 1 1 1 2 1 1 2 0 1 2 0 0 1 1 1 0 1 1 2 0 1 0 0 1 1 0 0 2 1 2 0 2 1 2
1 2 0 1 0 2 0 0 0 2 2 2 2 0 0 2 0 2 2 1 1 0 2 2 0 0 2 1 0 1 0 0 0 0 1 1 0 2 2 0 1 2 0 2 0 1 1 1 1 1 0 0 1 2 2 2 0 2 0 0 0 0 0 1 2 0 1 2 0 1 1 2 1 2 1 2 0 0 0 2 2 1 0 0 1 0 1 1 2 2 2 0 1 1 0 0 1 1 0 1 0 2 1 2 1 0 1 0 1 2 0 0 0 1 1 1 2 2 2 2 2 2 0 0 0 0 1 2 2 2 1 0 2 0 2 1 0 0 1 1 0 0 2 0 2 0 1 1 1 1 1 0 2 2 1 2 0 0 0 0 2 1 0 1 2 1 0 0 1 2 2 2 0 1 0 0
2 2 1 0 1 0 1 0 0 0 1 0 0 2 1 0 0 0 2 1 1 0 1 0 2 1 0 0 2 1 1 2 1 0 2 0 1 1 1 2 1 0 1 2 2 2 0 0 2 0 1 0 0 0 1 0 2 2 1 1 0 2 2 1 0 1 2 2 1 1 1 0 2 2 1 1 0 1 1 0 2 1 1 2 2 0 0 1 2 0 0 1 2 2 0 0 2 0 0 0 1 2 1 0 2 2 2 0 0 2 1 0 0 0 2 2 1 1 1 1 1 1 2 1 2 0 0 1 0 0 1 0 0 2 1 0 2 1 1 0 0 2 1 1 0 1 1 1 0 2 0 1 1 0 1 0 0 1 1 2 1 0 0 2 1 1 0 1 0 1 2 1 2 1 0 2
0 1 2 1 1 0 0 0 0 1 1 2 2 1 2 1 1 2 0 0 1 1 2 2 0 2 1 0 0 2 0 1 1 2 0 0 2 1 1 1 0 2 0 0 0 2 1 0 2 2 1 0 0 1 0 1 0 2 2 1 2 0 0 0 0 1 0 1 2 1 2 2 2 0 2 0 2 0 0 1 0 0 2 2 1 0 1 1 2 1 0 1 2 0 1 2 2 0 0 1 2 0 1 1 0 0 2 0 2 0 1 0 0 2 0 2 2 0 1 1 1 2 0 1 0 2 0 0 2 2 1 2 2 0 1 1 1 1 1 1 2 1 0 0 0 0 0 2 0 2 1 2 1 2 1 2 1 0 2 2 2 1 2 2 1 0 0 1 2 0 2 2 1 0 0 1
1 1 1 2 1 2 0 2 2 1 1 0 1 1 0 1 0 2 1 2 1 2 0 1 2 1 0 0 1 1 2 0 0 0 0 1 0 1 0 2 2 0 1 2 1 1 0 1 2 2 1 1 2 2 2 2 0 0 1 0 1 0 0 1 2 1 2 0 2 1 0 2 1 2 2 0 1 2 0 0 2 2 2 2 1 1 1 0 1 2 0 0 1 0 2 0 2 0 1 2 1 1 2 0 0 1 1 0 2 1 0 1 0 0 1 2 2 0 2 1 1 0 2 2 0 2 0 0 2 1 0 1 1 2 2 2 2 1 2 1 2 1 0 1 2 1 1 1 2 1 0 0 1 0 0 2 0 1 0 2 0 1 2 2 1 1 1 0 2 2 2 0 0 2 1 2
1 0 1 1 1 2 2 2 2 0 1 2 1 2 0 2 1 0 2 1 1 1 2 2 1 2 2 1 1 1 1 1 1 2 2 2 1 1 2 2 2 1 1 1 1 2 1 0 0 1 1 2 0 1 1 1 0 1 0 2 0 1 0 2 0 0 1 0 0 1 2 2 2 1 0 1 2 0 2 2 1 0 2 1 2 0 2 0 2 2 1 0 1 1 2 2 0 1 2 0 2 2 2 2 2 1 1 1 1 0 1 2 2 1 0 1 2 0 0 0 0 1 0 1 0 0 1 0 1 2 0 2 1 0 2 0 1 0 2 0 1 2 2 0 0 0 2 2 1 2 0 1 0 1 0 1 1 1 2 0 0 0 2 0 1 1 1 0 2 2 0 1 1 2 2 1
0 1 1 1 2 2 2 2 1 0 1 2 2 2 0 1 2 0 1 1 2 0 1 2 2 1 0 0 1 0 2 2 2 2 0 1 2 0 1 0 1 1 0 0 0 0 1 0 1 0 1 1 1 0 1 0 1 0 2 0 0 1 0 2 0 0 1 0 1 1 0 2 0 0 2 1 1 2 1 0 2 2 1 0 0 1 1 1 1 1 2 1 2 0 2 1 0 0 1 2 2 0 1 2 0 1 0 2 0 2 0 0 2 2 1 2 0 0 1 2 1 1 1 1 1 0 0 1 1 2 0 1 2 2 1 0 1 0 0 2 2 1 0 2 1 2 1 2 0 0 0 2 1 1 1 0 2 1 2 0 0 1 2 1 1 1 2 0 2 2 0 1 1 1 0 0
1 0 0 2 1 0 1 0 2 0 1 1 1 1 0 2 0 2 1 1 1 0 2 0 0 0 2 2 2 0 0 1 1 0 1 2 2 2 0 2 0 1 1 2 0 1 1 0 1 1 0 0 1 0 1 1 1 0 1 0 2 1 2 0 0 0 0 0 0 1 2 0 2 0 2 0 2 2 1 1 0 1 2 1 1 0 1 2 2 2 1 2 2 0 2 0 1 0 0 1 1 0 0 2 2 2 2 1 1 0 0 1 0 0 1 1 2 2 2 2 2 1 1 2 1 1 2 0 2 0 0 1 1 0 0 0 2 0 2 2 2 1 1 2 1 0 1 0 2 1 2 0 2 1 0 2 0 0 2 0 1 0 2 0 0 1 1 1 1 1 1 1 2 2 1 0
0 0 2 0 2 2 1 0 1 2 2 1 0 2 1 1 1 0 0 1 1 1 0 1 2 1 2 2 2 1 1 0 2 0 0 2 2 2 2 0 2 2 2 2 0 0 1 1 2 2 0 1 1 1 2 1 0 0 1 2 2 2 2 2 0 1 1 2 1 1 1 0 1 0 0 1 2 2 0 2 2 1 0 0 0 1 1 0 2 0 1 1 0 0 0 0 2 1 1 0 0 0 1 2 0 1 1 0 1 2 2 1 0 1 1 1 2 0 1 2 1 2 0 1 1 1 0 0 0 1 2 2 1 0 2 2 0 0 0 2 2 0 0 0 1 1 1 1 2 1 0 1 1 1 0 2 0 1 1 2 2 0 1 1 1 0 0 1 1 1 0 2 2 0 0 1
2 2 0 2 1 1 1 2 1 2 0 2 0 2 1 2 2 0 1 0 0 2 0 2 0 0 2 0 2 2 2 1 2 0 1 0 2 0 1 1 0 2 1 1 1 0 1 0 1 0 1 1 0 1 1 0 0 0 1 2 0 1 1 2 1 1 1 1 2 0 0 2 2 1 0 0 1 0 1 2 0 2 2 0 2 1 1 0 0 0 0 1 1 1 1 0 2 2 2 1 2 2 2 1 1 2 2 0 2 0 1 0 1 0 1 1 2 0 1 2 0 1 0 0 0 2 0 0 2 0 2 0 0 1 2 1 2 2 0 2 2 1 0 1 2 1 2 1 2 0 1 0 2 2 0 0 2 1 1 2 2 0 2 2 0 1 2 2 1 2 2 1 0 2 0 0
2 0 1 1 1 0 2 2 0 2 2 0 2 1 2 2 2 2 2 2 2 1 2 0 1 2 2 2 2 0 2 1 0 1 1 2 2 0 1 0 1 0 1 0 2 0 2 2 1 1 1 0 1 2 0 2 2 0 2 1 0 2 1 1 1 2 0 1 2 2 2 0 0 0 1 1 2 1 0 0 0 2 0 2 1 1 2 0 1 1 0 2 2 1 0 0 0 2 2 0 2 2 1 0 2 0 1 2 2 1 2 0 1 0 2 0 2 1 2 1 1 2 1 0 0 2 1 1 2 1 1 1 1 0 0 1 1 1 1 0 1 1 0 0 2 0 0 2 1 0 1 2 2 0 0 2 1 0 0 0 1 2 0 2 2 0 0 1 2 2 1 1 1 2 1 1
2 0 1 2 0 2 2 0 0 0 0 1 0 1 2 2 1 2 2 1 0 0 0 0 1 2 1 2 0 1 1 2 1 2 1 2 2 2 2 0 2 1 2 0 2 2 0 1 1 0 2 0 1 0 0 2 0 1 2 0 0 0 0 1 0 0 1 0 2 1 0 2 2 0 0 2 0 0 0 2 1 1 2 2 1 2 0 1 2 2 2 2 0 0 2 1 0 1 1 0 0 0 2 0 0 2 0 1 0 1 0 1 0 0 1 1 0 1 0 2 2 0 0 0 0 2 1 1 0 0 1 0 1 0 1 1 0 0 2 0 2 0 2 2 0 2 0 1 0 1 1 0 2 1 0 0 1 0 0 2 1 1 1 2 0 2 1 0 2 1 2 2 1 2 1 2
1 2 1 0 1 2 0 0 2 2 2 0 2 2 0 0 0 2 0 1 1 1 0 2 2 0 1 0 2 1 0 1 0 1 1 1 2 1 0 2 1 2 2 0 1 0 1 2 2 1 1 2 0 2 2 2 2 1 0 1 0 1 2 0 1 0 0 0 0 1 2 2 1 2 0 2 1 2 2 1 2 0 1 2 0 1 0 2 1 1 1 1 2 1 0 0 0 1 1 0 2 1 0 0 2 1 0 0 1 2 2 1 1 1 1 1 0 1 1 1 2 0 0 0 1 0 0 1 1 0 2 1 1 0 2 0 1 2 1 0 2 1 1 0 0 0 2 0 2 1 2 0 1 0 0 2 0 1 1 2 1 0 1 0 1 0 1 0 2 0 0 1 2 0 0 2
1 2 2 0 0 2 1 1 2 1 1 0 0 2 2 2 1 0 0 0 0 2 0 0 0 2 0 2 0 0 1 2 0 1 0 1 1 2 0 1 0 1 2 1 2 1 1 1 0 1 1 1 1 0 0 1 0 0 0 1 1 2 0 2 2 0 0 1 2 1 2 1 0 1 2 2 1 1 1 2 0 1 0 1 2 1 1 0 1 2 1 0 0 2 0 2 0 1 1 0 2 0 2 0 0 1 0 2 1 0 1 1 1 2 0 1 1 1 1 0 1 0 2 1 0 2 1 0 1 2 1 1 0 0 1 1 0 2 1 1 2 0 0 1 0 0 2 2 0 1 0 2 2 2 1 2 0 2 2 2 2 2 0 0 2 2 2 0 2 0 1 2 1 1 1 2
0 0 2 0 2 2 0 1 0 1 1 1 1 1 0 0 0 0 0 1 0 0 1 0 2 1 2 1 0 0 1 0 1 0 1 1 0 1 2 1 0 1 2 1 0 0 2 1 1 1 2 2 1 1 0 0 2 0 2 0 2 0 1 0 0 0 0 2 0 0 0 0 2 0 2 0 1 2 1 0 0 1 0 2 0 1 0 0 1 0 0 0 1 2 2 2 0 2 2 0 0 2 1 2 0 1 2 2 1 1 2 1 0 0 1 0 1 2 0 0 0 1 1 1 1 0 1 1 0 0 2 1 1 0 1 1 0 2 1 1 0 1 2 1 1 2 1 0 1 2 1 2 0 2 1 1 1 1 0 2 2 2 0 0 1 0 0 1 2 1 2 0 0 2 1 0
1 0 1 0 2 2 0 0 2 2 2 0 0 0 0 0 0 1 1 2 1 2 0 1 0 0 1 2 0 2 2 0 2 0 1 2 0 2 0 2 1 0 1 2 1 2 0 2 1 1 1 1 0 2 2 2 2 1 2 1 1 1 2 2 2 0 2 2 2 2 2 1 0 1 1 2 0 2 1 0 0 1 1 2 0 0 2 1 2 2 0 2 0 2 2 0 2 1 0 2 2 0 0 2 2 0 2 0 2 2 0 0 1 1 0 1 0 0 0 0 2 0 0 0 2 2 0 2 1 0 2 0 1 0 0 1 0 1 1 2 1 2 0 2 0 1 1 1 2 2 0 1 0 0 2 0 0 2 2 1 1 2 2 0 2 2 1 0 1 2 2 2 1 0 2 0
2 1 2 1 1 2 0 1 0 2 1 1 0 1 0 2 0 2 2 0 2 0 1 1 0 0 0 0 2 1 1 1 2 0 0 1 1 0 2 2 1 2 0 1 1 0 0 2 0 0 0 2 1 1 0 1 2 2 2 1 0 0 0 0 2 0 1 0 2 1 2 0 0 0 2 2 1 0 2 1 0 0 0 1 1 1 0 1 1 0 0 1 0 1 1 0 0 0 0 2 1 0 0 2 1 2 2 2 2 1 1 2 1 2 1 0 1 1 1 2 2 2 1 0 1 0 0 1 0 2 1 1 0 1 1 2 0 0 2 0 2 1 0 1 1 1 2 2 0 2 2 0 1 0 0 0 0 1 2 0 1 0 2 2 1 1 2 2 2 2 0 0 0 0 2 1
1 2 1 2 1 0 2 0 0 0 1 1 2 0 2 2 2 2 2 1 1 1 1 1 0 1 2 2 0 2 0 1 2 2 1 0 0 1 0 2 2 2 0 0 0 1 2 2 1 1 0 0 0 2 1 1 2 2 0 2 1 2 1 0 2 1 1 0 2 1 2 0 2 0 0 2 2 2 2 0 1 0 0 2 1 1 0 1 0 2 0 2 2 2 0 2 0 1 2 1 1 2 1 0 0 1 0 2 1 0 2 2 0 2 2 2 1 2 0 0 2 1 2 2 1 1 1 2 2 1 0 1 0 1 1 0 2 1 0 1 1 2 1 0 1 0 0 0 1 1 0 0 0 1 0 1 0 2 1 2 0 2 1 1 1 0 1 1 0 2 0 2 1 1 2 0
2 1 1 1 2 2 1 2 1 2 2 1 2 1 2 0 0 0 2 2 1 1 1 1 1 2 1 2 0 1 1 0 2 0 2 2 2 2 0 2 1 2 0 1 1 2 2 2 0 2 2 0 0 1 1 1 0 0 2 1 2 0 0 2 0 2 2 0 1 2 2 0 2 1 2 0 1 2 0 2 1 2 2 0 0 1 2 0 2 1 0 2 2 0 1 0 2 1 1 1 1 1 2 0 2 2 1 1 2 2 1 1 2 1 2 0 2 2 1 2 1 1 1 1 1 1 1 1 2 0 0 1 0 2 2 2 1 2 1 1 1 0 1 1 1 0 1 2 0 1 2 2 2 2 1 2 0 2 1 0 1 1 2 1 1 0 1 0 2 1 0 1 1 1 2 1
2 2 1 1 0 0 0 0 0 1 2 0 1 1 2 2 0 1 1 1 1 1 0 1 2 0 2 1 2 2 2 2 1 1 0 2 0 1 2 0 0 2 2 2 1 2 2 2 1 2 1 1 0 1 2 2 2 2 0 2 2 1 0 1 0 1 0 1 1 2 2 1 2 2 1 1 1 2 0 2 1 2 0 2 1 0 2 1 0 0 2 2 1 2 0 0 1 1 1 2 0 1 2 0 0 0 2 1 0 0 2 2 2 2 1 1 0 0 1 0 1 0 0 0 0 1 1 2 2 0 2 1 1 2 2 0 2 1 2 1 2 1 0 1 2 2 1 2 0 2 1 1 0 2 0 1 1 1 0 1 1 0 2 1 2 1 2 0 0 1 2 2 1 2 2 0
2 1 0 0 1 1 2 1 1 2 0 0 1 0 1 0 2 2 1 2 1 0 0 2 0 2 2 1 2 2 1 1 0 1 2 1 1 2 0 0 1 0 1 2 2 2 1 1 2 2 1 1 1 2 1 2 1 0 0 0 1 2 0 1 1 2 1 2 1 1 0 1 2 1 1 1 2 2 0 1 0 1 2 2 1 0 1 0 2 1 1 0 1 2 2 2 2 0 0 1 2 0 2 1 0 2 0 2 1 1 0 1 0 1 0 2 2 1 0 1 0 1 2 1 1 2 1 1 2 2 0 2 2 1 0 2 0 1 2 1 0 0 1 1 2 1 1 1 1 1 1 1 0 1 1 2 0 0 1 1 2 2 0 2 1 2 0 2 1 2 1 2 0 2 1 2
1 0 2 2 2 0 1 2 1 2 0 0 2 1 1 2 1 1 2 2 1 2 2 0 2 1 0 0 0 1 2 2 2 1 2 1 2 1 0 2 1 0 2 2 0 0 1 1 2 1 2 1 1 1 2 1 2 2 1 1 1 1 0 0 1 0 1 0 2 1 2 0 0 2 0 1 2 2 2 0 1 1 2 0 1 1 1 1 1 0 2 2 1 0 2 2 0 0 1 0 2 1 0 0 1 1 1 1 1 2 1 0 1 1 0 2 0 2 1 1 2 0 1 2 1 0 1 1 1 0 1 2 2 0 2 1 2 2 2 1 1 2 1 2 0 0 2 1 2 1 0 0 1 2 2 0 0 1 2 2 2 2 1 2 0 1 0 0 0 2 2 2 1 1 2 0
1 2 1 2 0 2 2 2 1 1 0 2 2 1 2 2 1 0 1 1 2 2 2 0 0 1 2 1 2 2 1 2 1 0 1 2 0 0 2 2 2 0 2 1 1 1 1 2 2 0 1 2 1 0 0 1 2 0 2 2 1 2 1 2 0 0 2 1 0 2 1 2 2 1 1 2 0 0 2 0 2 1 2 0 2 0 1 2 2 1 2 0 0 1 0 2 1 0 0 1 0 2 1 1 1 2 0 2 1 2 2 0 1 0 0 1 1 1 1 0 0 0 1 1 1 2 1 2 2 1 1 0 2 0 2 0 0 2 2 1 2 2 2 1 2 2 0 1 1 1 2 2 2 1 1 0 0 0 0 0 1 2 1 0 2 0 1 0 0 1 2 0 1 2 2 0
2 0 2 1 2 2 1 1 0 0 2 1 0 0 2 0 2 1 1 2 2 0 2 0 1 2 1 2 2 0 1 2 1 0 1 0 0 1 1 1 1 1 2 0 1 0 1 1 1 2 0 1 0 0 1 2 1 2 2 1 0 1 1 1 0 2 2 0 1 1 0 0 2 2 1 0 0 2 1 1 2 2 1 0 1 2 0 2 0 2 0 1 2 1 1 2 1 0 0 0 2 0 1 1 1 0 0 1 0 1 1 2 2 2 2 0 1 0 2 2 1 0 1 0 2 2 2 0 0 0 1 2 1 0 2 2 0 2 1 0 1 2 0 0 1 0 1 1 1 1 1 2 1 2 0 1 2 0 0 1 0 1 0 1 0 0 1 0 2 0 1 2 0 2 0 0
0 2 1 2 0 2 2 0 0 2 2 0 2 2 1 0 2 0 2 2 0 2 2 1 0 1 0 0 1 0 0 2 0 2 1 2 0 1 0 0 1 2 1 1 2 1 2 1 1 1 0 2 1 0 0 1 2 0 2 1 2 0 0 2 0 0 2 0 2 2 1 0 2 2 2 1 0 1 0 2 1 1 2 2 1 2 1 1 1 1 0 0 1 1 0 1 2 0 2 1 0 0 0 2 0 2 1 1 1 1 1 0 2 0 2 2 2 1 1 1 0 1 1 2 1 0 1 0 1 1 0 1 2 0 1 0 2 2 2 1 2 1 2 2 2 0 2 2 1 1 1 0 0 0 0 1 0 1 0 1 0 0 0 1 1 1 1 1 1 1 1 1 2 0 1 2
0 0 2 0 1 0 0 0 0 0 1 1 2 2 0 1 2 0 2 1 2 1 0 1 0 1 0 0 1 1 0 0 0 2 0 2 0 0 2 0 1 2 2 0 1 0 1 1 1 1 0 1 0 0 0 0 2 0 1 2 0 2 2 1 2 2 0 2 0 0 1 2 0 0 2 1 1 2 0 0 1 1 2 1 2 0 2 2 0 2 1 1 1 0 2 1 0 1 1 1 2 2 0 2 1 0 0 2 0 1 0 2 2 0 1 2 0 2 1 2 1 2 0 2 0 1 1 1 2 0 2 1 2 0 0 0 1 1 1 1 2 2 1 2 0 0 2 0 0 0 2 1 1 1 1 2 2 0 1 1 1 1 2 0 2 0 2 0 1 1 2 2 0 2 1 0
0 1 2 0 0 2 1 2 0 2 1 2 0 0 0 1 2 0 0 1 1 0 2 0 1 1 0 2 1 1 1 1 1 0 1 2 2 0 1 1 1 2 0 1 1 2 1 0 0 2 1 2 0 0 0 1 2 0 1 1 2 2 2 0 0 2 2 1 2 1 2 1 2 2 1 0 2 2 0 0 2 1 2 2 2 0 1 1 0 2 0 2 0 1 1 0 0 1 1 0 0 0 2 2 1 0 2 0 0 2 1 2 1 1 2 1 1 0 0 1 2 1 2 2 2 0 1 0 1 2 1 1 1 1 0 0 1 0 1 2 2 0 2 1 2 1 2 1 1 0 0 2 2 2 1 1 0 0 2 2 1 1 1 2 0 0 0 1 0 1 2 1 2 1 0 0
0 1 1 1 1 2 1 0 2 1 2 0 1 2 0 2 0 0 2 0 0 2 0 1 2 2 0 2 1 2 2 1 0 1 1 1 1 2 2 1 0 2 1 0 2 2 2 2 2 2 1 0 2 1 2 1 1 0 1 2 2 1 2 0 0 0 1 1 0 1 2 2 1 1 2 0 0 2 0 0 1 1 1 1 0 1 0 2 2 2 2 1 1 2 1 1 0 0 2 0 2 2 2 0 0 2 1 2 2 1 2 1 0 2 0 1 0 1 1 2 0 1 1 1 0 0 0 0 0 2 1 0 2 2 1 0 1 2 2 1 0 2 0 1 1 0 0 1 1 1 1 0 2 2 2 2 2 0 0 0 0 1 0 0 0 1 1 0 0 0 1 2 0 1 0 2
2 0 1 1 1 0 1 1 2 2 1 0 2 1 0 0 1 1 0 1 0 2 1 2 0 0 1 1 1 1 0 1 0 2 0 2 2 2 1 0 1 2 0 1 2 1 2 0 2 0 1 1 0 1 0 0 2 1 1 1 0 2 0 1 0 1 1 0 0 2 0 0 2 1 1 1 0 1 1 0 2 1 1 0 2 2 0 2 1 0 0 0 0 0 1 0 1 2 1 0 2 2 1 2 2 2 0 0 1 0 1 1 1 1 1 1 0 2 0 2 0 1 0 1 2 1 2 1 2 0 2 1 1 0 0 1 1 2 1 0 0 2 1 2 0 0 1 2 2 2 2 0 0 2 2 2 0 1 2 0 0 1 2 2 2 0 0 0 2 1 1 0 1 2 2 0
0 0 2 0 2 1 1 0 0 0 0 1 2 2 2 0 1 1 2 1 2 2 2 0 1 0 0 2 0 0 2 1 0 2 1 1 0 0 1 1 0 1 0 0 2 0 0 0 2 2 2 1 2 1 1 0 2 2 1 0 0 1 1 1 1 2 2 1 2 1 0 1 1 1 1 0 1 0 1 0 2 0 1 0 2 1 0 2 0 2 2 0 1 0 2 0 0 2 1 1 0 2 2 1 1 1 2 2 1 0 0 2 1 0 2 0 1 0 0 1 0 2 2 2 0 1 2 1 1 1 2 0 1 2 1 2 0 2 0 2 2 0 2 2 1 1 0 2 1 1 1 2 0 1 1 2 1 0 0 2 2 0 2 1 2 2 1 2 1 2 2 1 1 1 0 2
0 2 2 0 0 0 2 1 2 1 0 1 2 0 0 2 0 1 1 0 1 0 1 0 2 0 1 0 0 0 0 0 2 0 0 0 1 1 1 1 0 2 2 2 2 0 0 1 2 1 1 0 2 2 0 0 1 2 0 1 0 1 2 2 2 1 2 1 2 2 2 2 1 2 2 0 0 2 2 0 2 1 0 1 1 1 1 2 0 0 1 1 2 1 1 2 2 2 1 1 1 0 1 2 0 0 0 1 1 0 1 0 2 2 2 0 0 1 0 1 2 2 0 2 0 1 1 0 0 0 2 2 1 0 1 2 2 0 1 0 0 0 0 2 0 0 0 0 2 0 1 1 1 2 1 1 1 0 0 2 1 2 0 0 1 1 2 0 2 1 1 2 2 2 2 2
2 0 2 2 1 2 1 2 1 2 2 0 1 2 0 0 2 1 0 1 2 0 2 0 2 0 2 1 2 2 1 0 0 0 2 1 0 0 2 0 1 1 0 0 1 1 0 0 2 1 0 0 1 2 0 1 0 0 2 0 0 1 0 0 0 0 0 0 2 2 1 1 0 2 1 1 1 2 2 1 0 2 2 2 2 0 1 0 0 1 1 1 0 0 2 0 0 2 1 0 1 0 1 2 0 0 1 1 0 1 2 1 1 2 1 0 2 0 1 0 1 0 2 2 1 1 2 2 2 2 0 0 2 2 1 2 1 2 0 1 0 1 0 2 0 2 0 1 2 0 1 0 0 1 1 2 2 0 1 2 2 1 1 2 2 2 2 0 1 0 2 0 2 2 0 0
2 1 1 1 1 0 0 2 1 1 1 2 2 0 2 0 1 0 2 1 2 2 1 2 0 1 0 0 1 0 0 2 2 0 0 1 0 1 0 0 0 2 0 1 2 2 1 1 0 1 1 0 1 2 0 2 1 0 2 1 1 1 0 1 1 1 0 2 1 0 2 1 0 0 2 0 0 1 2 1 1 0 2 2 0 0 0 0 1 2 1 1 0 2 0 2 0 0 2 2 0 2 1 2 0 1 2 1 1 2 2 2 0 1 2 2 2 2 2 1 2 1 2 0 0 0 0 1 0 2 1 1 2 0 0 2 2 0 0 0 0 2 0 1 2 0 0 1 2 2 0 2 1 0 0 1 0 1 0 0 1 1 0 0 2 0 0 2 1 1 0 2 1 2 1 1
2 2 0 2 2 1 2 0 2 0 1 1 2 2 1 0 2 2 1 1 1 2 1 2 1 0 2 0 2 1 1 2 0 2 1 2 1 1 2 1 1 1 2 1 1 1 2 1 1 1 2 2 0 2 2 1 0 0 1 2 2 0 1 0 0 0 2 2 2 0 0 1 2 0 0 1 2 2 2 1 0 0 1 2 2 1 0 2 1 0 2 1 1 1 2 2 1 2 2 0 0 0 2 0 1 2 1 1 2 1 2 0 1 0 2 1 2 0 1 2 1 1 0 0 2 0 0 1 2 2 2 0 1 2 1 2 2 2 0 1 1 0 2 0 1 2 2 0 1 0 2 2 2 0 0 2 0 1 1 1 1 1 2 2 0 0 1 0 2 2 2 2 2 0 2 0
2 2 1 0 0 1 1 0 2 1 2 0 2 1 1 2 2 0 1 0 1 0 1 1 0 1 1 0 2 0 1 1 0 0 0 1 2 1 2 2 0 2 2 1 1 1 0 1 2 1 0 1 2 1 0 0 0 2 0 2 2 2 2 0 0 2 2 2 1 1 1 2 1 1 0 2 0 0 2 0 0 2 2 2 1 0 2 2 2 0 1 2 0 1 0 1 1 2 0 2 1 2 0 0 0 0 0 1 2 2 2 2 2 2 2 1 0 0 0 0 0 2 2 1 1 1 2 2 0 0 0 0 2 0 0 1 1 1 2 0 2 2 0 1 1 0 2 1 0 0 1 1 1 1 1 0 2 1 0 1 2 1 2 2 2 2 1 1 1 1 2 0 0 1 2 1
1 2 0 2 1 2 1 0 1 0 0 1 2 0 2 2 0 1 2 2 1 1 0 1 2 1 1 1 2 1 2 1 2 1 1 0 0 2 0 2 1 1 1 0 2 1 0 2 1 0 2 0 1 0 1 2 1 1 0 1 0 0 2 2 2 1 0 0 2 0 2 0 2 1 1 2 0 1 2 2 1 1 2 1 0 2 1 2 1 2 1 1 0 1 1 0 0 1 0 2 0 0 2 2 2 0 2 0 2 2 0 1 1 0 0 1 0 1 1 1 0 0 0 1 1 1 1 2 0 2 1 1 0 1 2 2 2 1 0 2 1 1 1 1 2 1 0 2 0 2 1 1 2 2 0 2 1 2 1 1 1 1 0 2 2 2 2 0 1 1 2 1 2 1 0 1
0 0 2 1 1 0 0 0 2 1 0 0 0 2 2 0 0 0 0 0 0 2 1 0 0 1 1 1 2 2 0 0 2 2 2 0 0 0 2 0 1 2 1 2 2 1 0 0 1 0 1 0 0 2 0 1 1 2 0 2 1 1 2 0 0 2 2 2 2 2 2 1 1 1 1 2 0 2 2 1 2 0 2 0 1 2 0 2 1 0 1 2 1 2 1 0 1 0 2 1 0 1 0 2 0 2 1 0 1 1 0 2 2 2 0 1 2 1 2 1 2 1 1 1 0 2 2 2 0 1 1 0 1 1 2 1 1 2 2 0 0 0 0 0 2 2 2 1 0 1 0 2 2 2 2 0 2 1 0 2 1 2 0 0 0 0 1 2 2 1 1 0 1 1 1 2
1 0 0 2 2 1 2 1 1 1 2 0 1 0 0 2 2 1 2 0 2 1 1 2 1 2 0 0 1 1 2 0 2 1 2 2 0 2 0 2 1 1 0 0 2 1 0 1 2 0 2 2 2 1 2 0 0 0 2 0 2 1 0 2 2 0 1 1 0 2 0 2 0 1 2 2 2 2 1 0 0 2 0 0 0 0 0 1 1 2 2 0 2 0 2 2 0 1 0 0 1 1 0 1 0 0 1 0 1 0 1 1 2 0 1 0 0 0 2 2 0 1 0 2 1 1 2 2 2 0 0 0 2 1 2 0 2 1 1 0 1 1 2 2 1 1 2 2 1 2 2 2 0 0 2 2 1 2 1 1 2 2 2 2 1 1 0 1 0 0 2 1 1 1 0 0
0 0 2 2 2 0 2 0 1 2 2 0 1 1 1 1 2 0 1 0 2 2 2 2 2 2 2 0 0 0 1 2 1 1 1 1 2 1 2 0 0 2 0 2 2 1 1 1 0 0 2 2 2 1 0 2 0 2 0 1 2 2 0 1 1 0 0 0 2 0 1 1 0 1 0 2 0 1 0 1 1 2 1 1 1 2 1 2 1 1 1 1 1 2 0 2 0 1 0 0 1 1 1 1 0 1 2 2 1 0 0 2 0 2 1 2 1 2 2 2 2 0 1 0 0 2 1 1 0 1 1 2 0 0 1 1 2 0 0 0 1 1 1 2 0 0 1 0 0 0 2 0 1 1 1 2 0 2 1 1 2 0 0 0 0 2 1 0 0 2 2 2 1 0 1 1
0 1 1 1 2 2 2 1 1 2 1 0 1 2 1 1 2 0 1 0 0 1 0 0 1 2 0 2 0 2 1 2 0 1 1 0 1 2 1 2 1 0 2 2 2 2 2 2 2 1 2 2 2 0 2 0 1 0 0 2 0 2 1 0 0 1 0 2 0 2 1 1 0 2 1 2 1 0 2 0 0 2 2 2 0 2 1 2 1 1 1 1 1 0 2 2 2 1 1 2 1 0 1 2 2 2 2 1 1 2 1 1 1 1 1 2 1 0 1 2 0 0 1 1 1 1 2 0 0 0 0 1 1 1 0 1 1 1 2 2 0 1 1 2 2 0 2 2 1 1 1 1 1 0 0 2 2 2 0 0 0 0 1 2 2 0 1 1 1 1 1 2 2 0 1 0
1 1 2 2 0 1 1 2 2 2 2 2 2 0 2 2 2 1 2 1 2 1 2 0 0 1 2 0 2 1 0 0 0 0 0 1 2 2 0 2 2 0 2 1 1 1 2 0 0 2 2 2 1 2 2 1 1 2 2 0 2 0 1 0 1 2 1 1 2 2 0 2 0 0 1 2 2 1 0 2 0 2 0 2 2 2 1 0 0 0 1 2 2 0 2 1 1 0 2 0 2 0 0 0 2 1 2 1 0 2 1 2 0 2 2 2 2 0 1 0 2 0 2 1 1 1 0 2 2 0 0 2 0 0 0 0 0 0 2 1 1 2 0 1 1 2 0 0 1 2 1 1 0 0 0 2 2 0 2 1 0 0 2 1 1 0 2 1 0 1 1 1 0 1 0 2
2 2 0 1 1 2 2 1 2 2 0 0 2 2 2 2 2 1 0 1 1 0 0 0 2 1 2 2 1 0 2 1 0 0 2 1 0 2 0 0 1 1 0 1 2 0 1 2 2 1 1 2 0 2 2 2 1 2 2 0 0 2 2 0 0 1 2 1 1 0 1 0 1 0 1 1 0 2 1 0 2 2 2 2 2 1 2 2 2 1 0 2 1 0 0 1 2 2 0 1 0 2 1 1 2 0 0 0 0 2 0 2 1 0 2 2 2 1 1 1 0 1 2 2 1 2 2 2 2 2 0 2 1 1 1 1 2 2 1 1 2 2 1 2 0 1 1 2 0 0 2 1 2 1 1 2 1 0 1 1 2 1 0 1 0 2 2 1 0 2 2 2 1 1 1 1
2 0 1 1 0 1 2 0 0 0 2 1 0 1 2 1 0 0 2 1 1 2 2 1 2 2 1 0 1 0 2 1 0 2 2 2 0 0 2 1 0 2 0 2 1 0 0 1 1 0 2 2 2 0 1 2 2 0 0 1 1 1 1 2 0 1 1 1 1 1 2 0 0 1 2 2 1 2 0 0 2 0 1 2 0 2 2 0 0 1 0 1 2 1 1 0 2 2 1 2 1 2 2 2 0 1 2 2 1 0 2 0 0 1 0 1 1 0 0 1 1 0 1 1 1 2 1 1 2 0 1 1 0 0 2 1 2 2 0 1 2 1 1 1 2 0 0 1 0 0 1 2 0 2 1 2 2 2 1 2 0 0 1 2 2 1 0 2 0 2 1 0 1 0 1 1
0 2 0 1 0 2 0 1 1 1 0 1 1 2 0 0 1 2 2 0 0 2 2 1 1 0 2 0 1 1 2 1 0 0 1 1 2 1 0 1 1 1 2 0 1 0 0 2 0 2 0 1 0 2 1 1 0 0 0 2 1 2 1 0 0 2 2 2 2 2 1 1 1 0 1 2 1 2 2 1 1 2 1 1 0 2 1 1 0 2 0 2 1 2 2 1 0 2 1 2 2 2 0 1 2 1 1 1 1 2 1 1 2 2 0 2 2 1 0 2 0 1 1 2 1 2 1 1 1 2 1 2 1 1 0 1 0 1 0 2 0 1 1 0 1 1 0 0 1 1 0 2 0 2 2 1 1 1 0 1 1 2 0 0 1 0 0 2 2 0 2 0 2 0 1 1
2 1 2 0 0 2 0 1 1 0 0 1 1 1 2 2 1 2 1 0 0 1 0 2 2 2 0 2 0 1 0 2 1 2 1 1 2 1 2 1 1 0 2 2 2 1 0 0 1 1 0 1 2 0 1 2 0 2 1 1 1 1 2 2 1 0 0 1 1 1 2 0 1 2 0 0 1 0 1 0 2 2 2 2 2 0 1 1 1 2 2 2 1 1 2 0 1 0 1 0 1 1 0 2 0 1 0 1 2 2 2 0 2 2 2 2 0 1 0 1 1 1 1 1 2 0 1 2 1 0 0 0 2 1 1 2 0 1 1 0 1 1 0 0 0 0 0 1 2 1 0 1 2 1 2 0 0 2 2 1 0 0 2 2 2 0 1 2 0 0 1 1 2 1 0 0
2 1 2 2 2 2 1 0 1 1 0 1 0 0 0 0 0 0 2 0 1 1 0 1 0 1 0 2 1 1 0 0 2 0 0 2 0 2 2 1 0 2 1 2 0 2 2 2 0 0 2 2 2 0 0 2 0 1 0 1 2 1 1 2 1 2 2 2 1 1 1 0 2 2 2 0 0 1 2 0 2 2 0 0 0 2 0 0 0 0 1 1 2 0 0 0 0 2 2 2 1 1 2 1 1 1 1 2 1 1 0 1 0 1 1 1 0 2 1 1 2 0 2 2 1 2 0 2 0 1 2 1 0 2 0 2 1 1 2 2 2 0 2 1 1 0 2 2 2 2 1 0 2 0 2 0 0 0 0 0 2 0 2 2 0 0 2 1 2 2 2 2 2 1 1 1
2 1 0 2 0 1 2 2 2 2 1 1 0 2 2 0 2 2 2 0 0 2 0 2 2 0 0 1 2 1 0 1 0 1 0 1 0 0 1 0 2 0 1 0 2 1 1 0 1 0 1 1 1 1 2 0 1 2 0 0 1 1 0 2 2 0 0 0 2 2 2 1 0 0 2 1 1 0 2 0 2 0 2 1 0 2 2 2 2 2 0 0 1 0 0 2 1 2 0 0 2 2 0 0 0 0 2 2 2 1 0 1 2 0 0 0 2 2 0 1 0 1 2 1 1 0 0 0 0 1 2 2 1 2 0 1 0 2 2 2 1 0 1 2 1 1 2 0 2 2 2 2 0 1 0 2 2 2 1 2 0 0 2 2 0 0 2 0 0 1 1 2 2 2 1 0
2 1 1 1 1 0 0 2 2 0 2 2 0 0 2 0 0 2 1 1 0 0 2 1 1 0 0 1 0 2 1 0 1 2 1 2 2 2 2 2 1 2 2 1 2 2 0 1 2 1 2 0 1 2 1 0 0 2 2 2 2 0 2 0 2 2 2 2 2 0 2 0 2 2 0 2 2 0 1 1 2 2 0 1 1 1 2 0 0 1 2 0 1 1 0 1 1 1 1 1 1 0 2 1 0 2 1 2 0 0 2 2 2 2 1 1 1 0 1 0 1 0 0 0 0 1 2 2 0 0 0 2 2 0 0 2 0 2 0 1 0 0 1 0 0 0 2 1 0 1 1 0 0 2 1 0 1 1 0 1 2 1 0 1 2 1 2 0 1 0 1 2 0 0 2 0
1 2 1 1 1 0 2 1 0 1 2 1 2 2 0 1 1 1 1 0 0 1 1 1 1 0 0 2 1 1 2 2 0 1 2 1 2 1 0 2 2 2 1 2 2 2 2 0 0 1 2 1 2 1 0 0 1 1 0 0 0 2 2 1 1 1 0 1 1 1 1 1 1 1 2 0 0 1 2 2 2 1 0 1 2 1 2 1 1 0 1 1 2 2 0 0 1 1 2 0 0 1 2 1 0 1 0 0 0 2 2 2 1 1 1 1 2 1 2 1 1 2 1 1 2 1 2 0 0 2 1 1 1 1 0 1 2 1 2 0 1 2 2 2 1 1 0 1 0 0 0 1 2 1 0 1 0 2 0 2 2 2 0 1 0 1 2 0 2 0 0 0 0 0 0 1
2 1 2 2 2 0 0 2 2 1 2 0 0 2 0 1 2 0 2 2 0 0 0 0 0 1 2 0 1 2 1 0 1 1 2 1 2 0 1 1 2 0 2 2 0 2 0 2 1 1 2 1 1 0 1 1 1 0 1 2 1 0 0 2 1 0 1 0 1 2 0 0 1 0 1 1 0 2 2 1 0 1 0 1 2 2 0 1 0 1 2 2 2 2 2 1 1 0 2 2 0 2 1 1 0 2 0 1 1 2 0 2 1 1 1 1 0 2 0 1 1 0 0 1 2 2 0 1 2 2 2 1 0 0 2 1 2 2 2 0 2 0 0 2 1 2 1 1 2 1 0 0 1 1 1 2 1 1 1 1 2 0 2 2 0 2 0 2 2 0 1 2 1 1 2 2
1 0 1 0 0 2 1 2 1 0 2 0 0 1 1 0 1 1 2 2 1 0 2 0 1 0 0 2 0 0 2 1 1 1 2 1 2 1 0 1 2 0 1 0 2 2 0 0 1 2 0 0 0 1 2 2 2 2 2 2 0 2 1 2 1 1 0 0 0 1 1 2 2 0 0 1 2 0 0 2 1 1 0 2 2 2 2 2 0 1 1 1 1 0 0 2 2 1 0 2 2 2 2 0 2 0 2 2 0 2 2 1 2 0 1 1 0 1 1 0 2 1 1 0 2 1 0 2 2 1 1 0 1 1 1 1 1 0 2 0 1 1 2 0 2 0 2 0 1 2 0 2 0 0 0 0 1 1 2 2 0 2 0 0 1 1 1 1 1 0 1 2 0 0 0 0
2 1 1 1 0 0 0 1 0 1 1 2 0 1 1 1 1 1 1 0 2 0 1 2 1 2 1 2 1 0 0 0 1 2 1 1 2 0 2 2 2 0 2 2 2 1 1 1 1 0 2 0 1 1 0 0 1 0 0 2 0 1 0 1 0 1 0 0 1 0 0 0 0 2 0 1 2 2 0 0 0 0 1 2 2 2 2 1 0 2 1 0 1 1 2 2 0 2 2 0 2 2 1 0 0 2 2 0 2 0 0 0 0 2 2 0 2 1 1 2 2 2 2 0 1 2 0 2 1 2 2 1 0 0 2 1 0 2 1 0 2 2 0 1 2 0 1 2 0 1 2 0 0 0 0 2 2 1 1 1 1 1 0 2 1 0 0 0 0 2 0 2 2 2 1 0
0 0 2 0 1 2 0 2 2 2 2 2 1 1 1 0 2 1 0 2 2 1 0 0 2 1 0 2 0 2 2 2 0 2 2 2 2 1 2 1 1 2 1 0 0 2 0 1 2 1 1 2 1 1 2 0 2 2 0 1 2 0 0 2 0 0 2 2 2 2 2 0 1 0 0 2 1 2 0 1 0 1 0 1 0 0 2 0 0 0 1 0 1 1 0 1 1 0 2 1 0 1 2 1 2 1 1 1 1 0 2 2 1 0 2 0 0 1 0 2 2 1 0 0 0 0 2 2 1 1 1 2 0 1 0 0 0 0 2 1 0 1 0 2 2 0 2 0 2 2 2 2 1 0 0 1 2 0 2 0 2 0 0 0 2 1 0 2 2 2 1 2 2 0 2 2
0 1 2 0 2 0 0 0 0 1 0 0 1 2 1 1 0 2 1 0 1 1 0 1 1 0 1 1 0 0 0 1 0 0 2 0 0 0 0 2 1 1 2 0 1 1 1 2 1 2 2 1 1 2 0 0 0 1 1 0 0 1 0 1 2 0 1 0 0 2 0 2 1 1 2 0 2 0 2 2 0 2 1 1 0 1 2 0 0 0 1 1 0 2 2 2 2 0 0 0 1 1 2 0 2 2 0 2 2 0 2 0 0 0 1 0 1 1 1 0 0 0 1 0 2 1 0 2 2 0 2 0 2 2 1 2 1 2 0 1 0 2 1 0 0 0 1 2 2 0 2 0 0 1 0 0 0 0 2 2 1 2 1 2 1 2 2 0 2 2 1 2 2 0 1 0
1 2 2 1 2 0 1 0 1 1 0 2 2 2 2 2 1 0 2 0 1 1 0 0 2 2 0 1 0 2 2 1 1 2 1 1 2 2 2 1 2 2 0 2 2 0 1 1 1 1 1 2 0 2 0 2 2 1 1 2 0 1 1 2 0 2 1 0 0 1 1 2 0 0 1 2 0 1 0 1 0 2 2 0 1 0 0 0 1 2 0 2 0 2 2 1 2 1 2 0 2 1 2 0 1 1 2 1 0 0 1 1 0 1 2 2 1 1 2 2 1 0 2 2 2 2 1 2 0 1 2 2 2 2 2 1 2 2 0 0 0 2 1 0 0 2 2 1 0 2 1 1 0 0 1 2 2 0 0 0 2 0 0 2 0 0 0 0 2 1 0 0 1 0 0 1
0 0 0 1 0 1 0 0 0 0 1 0 0 1 1 1 1 2 0 2 0 1 0 2 2 2 1 1 0 2 0 0 0 1 1 1 0 1 2 0 1 0 2 0 2 1 1 0 0 1 1 0 0 1 1 2 1 2 1 1 1 2 1 2 0 2 1 1 2 0 0 1 1 2 1 0 0 2 1 0 1 2 2 2 2 0 0 0 2 2 2 1 1 1 1 2 2 2 0 1 0 0 2 1 0 2 1 0 2 2 2 1 0 2 0 2 2 1 0 2 0 2 0 1 1 2 1 0 1 2 2 1 0 2 0 1 1 1 2 1 2 2 0 0 1 1 0 1 0 0 1 0 1 0 2 0 2 0 1 2 0 0 1 2 2 2 0 2 1 0 0 1 1 0 1 0
1 1 2 2 0 0 0 1 0 2 1 0 0 0 0 2 0 1 1 0 0 2 0 0 0 0 1 1 1 0 2 1 2 2 0 2 2 0 0 1 0 2 2 2 2 2 2 0 0 0 2 2 0 2 2 0 1 0 0 2 1 2 1 2 1 2 1 1 0 0 2 1 2 2 1 0 1 0 1 0 0 1 0 1 1 2 2 0 0 2 0 0 1 2 2 0 2 0 2 2 1 2 0 2 2 1 0 1 2 1 2 0 0 2 1 2 2 1 2 1 0 2 1 0 2 0 1 1 1 1 1 1 1 2 0 1 2 0 0 1 1 0 2 2 0 0 1 0 2 1 1 0 1 2 1 1 0 2 0 2 1 1 0 0 1 1 2 0 1 2 0 1 2 2 0 1
0 0 1 0 1 2 1 0 2 0 2 0 2 0 2 1 2 1 1 0 2 0 2 2 1 2 0 1 1 1 2 1 2 0 2 2 0 1 2 2 1 2 0 2 0 1 0 2 2 0 1 2 1 0 1 2 2 2 1 1 2 0 0 1 2 0 0 0 2 1 1 1 1 1 0 2 2 0 2 1 1 0 2 0 1 0 2 0 1 1 2 0 0 0 2 0 1 1 0 0 2 1 1 1 0 2 1 2 1 1 2 2 2 2 2 1 2 0 1 1 2 2 1 0 2 2 0 1 0 2 1 0 0 1 1 1 0 0 2 1 1 2 2 0 1 2 1 0 2 1 0 0 0 2 0 0 1 2 1 1 1 0 1 1 1 0 1 0 1 0 2 0 2 1 0 0
1 0 1 1 2 1 1 0 1 0 0 2 2 2 2 1 2 0 0 1 1 1 2 2 1 1 2 1 0 1 1 2 2 0 0 2 2 0 2 0 0 0 1 0 2 0 1 2 1 1 1 0 1 0 0 2 0 1 2 0 2 0 0 2 1 0 1 2 0 0 0 1 1 1 1 1 2 0 0 1 0 0 2 1 0 0 1 0 1 0 1 1 2 1 0 1 2 1 0 0 2 1 0 1 0 1 2 1 0 1 2 0 1 2 1 1 2 0 0 2 1 1 0 1 1 2 2 1 1 1 2 2 0 2 0 0 2 0 1 2 2 1 2 0 1 1 2 2 1 2 1 0 2 2 1 1 2 2 2 1 0 1 0 0 2 1 1 1 2 1 0 1 2 0 2 2
2 2 1 1 2 0 0 1 2 2 2 0 1 2 1 2 2 2 0 1 1 2 2 1 0 0 0 0 0 0 2 0 2 0 1 1 1 1 1 1 1 1 2 0 2 0 0 1 0 1 2 1 0 2 0 1 2 1 0 0 2 0 0 2 2 1 0 0 1 2 2 2 1 1 0 1 1 0 2 2 0 2 2 1 1 0 0 1 2 1 1 1 1 1 0 0 0 2 1 1 1 0 1 0 2 2 1 1 0 1 2 0 0 2 2 2 2 0 0 0 1 1 1 2 2 0 1 1 2 0 2 1 1 1 0 1 0 2 1 0 1 0 1 2 0 1 2 2 1 2 2 2 2 2 2 2 2 0 0 2 1 0 1 0 2 1 1 2 2 2 0 0 0 2 0 0
