3 177 19
324080809 1073797036 162588119 109216090 483402549 110847967 850023415 333417584 815113257 1010940196 100194402 381485946 309196283 1158394592 1059032236 731120706 1057707219 128990273 937174650 580496011 898610558 559076732 147051169 459754358 1133085659 766887309 301393540 1072173740 830816086 595379497 531769330 93856479 698107555 1001523456 687351021 119422796 983642655 1113961121 421212624 246875995 181583431 650834619 1106735452 1156070986 240824938 199680312 553111205 9018048 1067220135 25335388 1050632098 489227394 625429165 294991620 443987583 1145919109 313591161 236796080 694766868 456012243 165900102 1080006882 510605907 1026329851 729112949 796555863 246214619 343834232 223928818 945713967 637823541 330824797 527935755 409600948 811313556 66162331 506064422 790223724 386983180 127457952 987424921 939974011 784410701 320539878 817974416 186523240 285203326 947865810 566415229 444088046 452725157 1146898276 216674883 509563998 452692873 999794255 120474262 855727394 652656523 627407548 1080284122 278370502 125906594 897586067 486579471 436999453 506576569 297979908 898348500 989693460 751047870 196224973 748769214 483798834 790415164 1079090310 14987674 506869191 775450027 294058026 1055465272 560602756 312007029 925943663 504859003 1043315570 442570032 1138297176 326513635 681309435 927338394 543198514 756193247 1092800189 141586089 340073556 971360129 664176896 1047427548 429113168 1021894854 1036627144 436010835 445642828 921156041 112266646 1037165076 227564515 1027368590 930138459 235365247 524389335 180847684 553962756 160163021 336262505 1030160952 633388147 91538726 1028242290 58956813 1135058646 385588198 31840361 877715034 325302686 361117732 228309429 715723542 429534169 177084635 169309775 754097445 1041668824 246334384 1010763382 757438150
2 1 2 0 2 1 2 2 0 1 2 0 2 0 1 0 2 0 1 0 2 2 0 2 2 1 2 0 1 2 2 0 0 2 0 0 0 0 0 1 2 0 0 2 0 2 2 1 2 1 2 0 1 0 2 2 1 1 0 0 0 2 0 2 2 1 0 0 1 0 2 1 1 0 0 0 2 1 1 0 0 0 0 1 1 2 1 0 1 1 0 2 2 1 1 2 0 2 0 0 0 0 2 2 1 1 2 0 2 1 1 2 1 2 1 1 1 0 1 0 2 0 0 2 1 2 2 0 2 2 0 2 0 2 1 1 0 0 2 2 2 1 2 1 1 1 0 0 2 2 1 1 2 1 1 2 1 0 2 0 0 0 0 0 2 0 2 1 0 1 0 1 0 1 2 2 2
0 0 1 2 1 0 0 0 1 2 2 2 2 0 0 2 0 1 2 0 0 0 2 0 2 0 0 1 0 2 0 0 0 2 0 2 0 0 0 0 2 0 2 2 0 1 2 1 2 0 0 0 1 0 0 0 1 1 2 1 2 2 2 2 2 2 2 1 1 2 1 0 0 0 1 0 2 1 0 2 1 0 0 0 0 1 1 2 2 1 0 1 1 0 2 2 0 1 0 1 2 1 0 2 2 2 1 2 0 1 2 2 2 2 0 0 0 2 2 2 1 0 2 0 0 1 0 1 2 0 0 2 2 1 2 2 0 0 2 0 1 1 0 0 0 1 1 0 1 0 1 0 0 0 0 1 2 1 2 2 2 0 2 1 1 1 2 2 2 1 1 1 0 1 2 1 1
0 0 0 0 2 0 0 2 2 1 2 0 1 1 0 2 0 2 1 2 1 1 1 1 2 2 1 1 1 0 0 1 0 0 1 2 2 2 2 1 1 1 2 0 1 2 0 1 0 2 1 2 1 2 0 1 0 2 1 1 0 1 0 1 0 2 2 2 2 1 1 0 1 0 1 2 1 2 1 1 2 0 0 0 1 1 2 1 0 0 2 1 2 0 0 2 0 0 2 0 1 0 1 0 2 0 0 0 2 0 2 2 0 2 0 1 1 0 2 0 0 0 2 2 0 2 0 1 0 0 2 2 1 1 0 1 2 2 1 2 2 1 2 0 0 2 2 0 0 2 1 0 2 0 0 1 1 1 2 1 2 2 1 1 1 2 2 0 2 1 2 1 2 1 2 0 1
1 0 1 1 1 2 1 0 1 2 1 0 0 2 2 0 1 1 2 1 1 2 0 2 1 2 2 1 1 0 0 1 1 0 0 1 2 1 1 1 2 0 2 0 2 2 1 0 2 0 2 0 0 0 0 2 2 0 0 2 1 2 0 1 2 1 0 1 0 1 1 2 2 1 0 1 0 2 0 2 2 2 1 0 0 2 0 0 2 1 0 1 0 1 0 2 2 0 2 0 2 0 0 1 2 2 2 0 1 0 1 2 0 2 2 1 1 0 2 1 2 1 2 2 2 0 0 0 0 2 0 2 0 1 0 2 0 1 0 0 1 1 2 2 0 2 0 2 0 1 1 2 2 1 2 2 2 0 2 2 0 2 2 0 2 0 0 0 1 1 0 0 0 2 2 1 2
1 0 0 2 2 0 2 1 0 1 0 1 1 2 1 1 2 0 1 0 1 2 2 0 2 2 1 2 0 0 2 1 1 2 1 1 2 0 2 2 2 2 1 1 2 0 1 0 0 2 0 2 1 2 0 1 0 1 1 0 2 0 1 0 0 0 2 2 1 1 2 0 1 1 0 2 2 1 2 0 0 0 2 2 0 2 0 0 1 2 0 1 2 2 2 2 2 2 2 0 1 2 2 0 0 2 0 2 0 2 0 0 0 0 0 1 0 0 1 0 2 2 1 2 2 1 2 2 1 1 0 0 2 2 0 2 1 2 0 1 2 0 0 0 1 0 1 2 2 2 2 2 2 0 2 2 2 1 2 1 1 2 1 0 2 2 0 1 1 1 0 1 0 1 1 1 1
2 1 0 2 0 0 2 2 0 2 2 2 1 0 1 0 1 2 0 0 1 2 0 2 0 1 0 1 0 0 0 0 1 1 2 0 2 1 2 0 1 2 2 2 2 2 1 1 1 1 2 2 1 2 0 1 1 0 0 1 0 1 1 0 0 2 0 2 0 0 0 0 2 2 2 1 1 1 0 1 1 2 0 2 2 1 2 1 0 0 1 1 1 0 1 1 2 1 1 1 2 1 1 1 2 0 0 1 0 0 2 1 0 0 0 0 1 0 1 1 1 2 0 2 1 2 2 0 2 1 1 1 1 2 0 0 1 0 1 1 2 1 2 2 2 0 2 1 1 1 1 0 2 1 0 0 1 0 0 0 2 0 2 0 2 0 1 1 1 2 2 0 1 2 2 0 0
2 0 2 2 1 0 2 0 0 2 1 1 0 2 1 1 2 2 1 2 0 0 0 0 1 1 2 0 1 0 1 1 0 1 1 2 1 0 2 0 2 1 2 0 1 0 2 0 2 1 0 0 2 0 0 0 2 0 1 1 2 0 0 0 0 1 0 2 2 2 2 2 1 1 2 2 2 2 0 2 1 0 2 1 2 0 1 2 1 0 1 0 2 1 1 2 0 1 1 0 0 1 2 2 0 0 2 0 2 0 2 2 1 2 0 0 0 1 0 1 0 1 2 2 1 1 1 2 2 2 0 2 1 2 2 0 0 2 1 0 0 0 2 1 0 0 2 1 2 0 1 2 2 1 1 1 2 0 1 1 1 2 1 0 2 1 0 0 1 1 1 1 0 1 2 1 1
2 1 0 2 2 1 0 0 0 1 2 1 0 0 0 2 2 0 2 1 2 0 2 0 1 1 1 2 2 0 1 1 1 1 2 1 2 2 1 0 1 1 2 2 2 2 1 1 0 1 0 2 1 0 1 0 0 2 0 2 0 1 0 2 0 0 0 0 0 2 1 2 0 0 1 2 0 0 1 1 0 2 1 1 0 2 0 0 0 0 2 1 0 1 2 1 1 0 1 2 0 1 1 1 1 0 1 0 0 0 2 0 0 0 0 0 1 1 2 2 1 1 0 1 2 0 2 2 1 2 1 2 0 0 0 2 0 2 2 0 0 1 2 0 0 2 2 1 0 1 0 2 0 1 2 0 2 2 0 1 2 1 0 2 2 0 2 2 1 2 0 1 1 2 0 2 2
0 0 0 2 1 1 2 2 1 0 2 0 0 0 0 1 0 0 0 2 0 0 0 0 1 2 2 1 2 1 2 0 2 0 2 0 2 2 2 0 2 0 2 0 0 0 2 1 0 1 1 1 1 1 1 0 1 1 0 2 2 0 2 2 0 2 2 1 2 2 1 2 2 0 2 0 0 0 2 2 1 0 0 0 2 2 2 0 0 2 2 0 0 2 2 0 2 2 1 1 1 1 1 1 2 1 2 1 2 2 0 1 0 1 2 2 0 1 0 1 1 0 1 1 0 1 0 0 0 2 2 2 0 0 1 1 2 0 2 1 0 2 2 0 1 0 0 1 1 1 0 1 1 2 2 2 0 0 2 1 0 1 0 1 1 2 2 1 0 1 2 1 1 0 2 2 0
0 1 2 1 1 0 2 0 1 2 1 1 1 2 1 2 1 1 1 0 0 2 0 0 0 2 1 1 2 2 2 2 1 1 0 1 0 0 1 1 2 1 0 1 0 0 0 1 1 1 2 1 2 1 1 0 0 1 1 0 1 1 0 2 2 1 1 0 1 0 1 1 2 0 2 0 0 0 2 1 0 2 2 2 0 2 2 2 1 1 0 2 2 1 2 2 2 1 0 2 2 2 0 1 2 1 1 0 1 1 1 1 2 2 1 2 1 1 2 2 2 0 2 2 1 2 2 0 0 0 0 0 0 1 1 1 2 1 1 1 2 0 0 1 2 1 2 1 0 1 1 0 2 1 0 0 0 0 2 1 1 0 1 1 1 1 2 1 2 1 0 2 2 1 2 2 0
1 1 1 0 2 0 0 0 1 1 1 1 1 2 0 2 2 1 1 1 2 0 0 0 1 2 0 0 1 2 0 0 0 0 1 0 0 2 1 1 1 2 0 1 0 0 0 0 1 2 1 0 2 2 1 1 1 2 2 1 2 0 2 0 1 1 0 1 0 2 2 2 0 2 0 1 2 1 2 1 0 0 0 1 2 2 0 1 2 0 0 1 1 0 2 2 1 0 0 0 1 0 0 2 0 1 0 2 2 2 1 0 0 1 1 0 2 0 2 1 0 0 0 1 1 0 1 2 2 1 0 1 2 0 0 2 1 1 2 0 0 0 2 1 0 1 1 2 1 0 1 2 1 1 1 2 0 2 0 2 1 0 0 0 1 1 0 2 2 2 1 0 0 1 1 1 2
0 0 2 1 2 1 0 1 0 0 1 0 0 1 2 1 2 0 0 0 1 0 2 0 1 2 1 2 1 2 0 2 0 2 1 2 0 2 1 1 2 0 2 1 2 2 0 1 0 0 2 2 0 2 0 0 0 2 2 1 0 0 1 0 2 0 1 0 2 0 2 2 0 2 1 2 1 1 2 0 1 1 2 0 1 0 0 1 0 0 0 0 1 2 1 1 0 0 1 0 0 2 2 1 1 1 0 1 0 0 1 0 1 0 0 0 1 1 2 2 2 2 0 1 2 2 0 2 0 1 2 0 0 0 2 0 2 1 1 2 1 2 0 1 0 0 2 2 2 1 1 2 1 2 0 1 0 0 2 0 0 1 1 1 2 1 1 1 0 2 2 1 2 2 2 0 1
1 2 0 0 2 0 2 1 1 1 1 2 0 2 2 2 1 2 2 0 0 1 1 1 0 2 0 2 0 0 0 1 0 2 2 2 2 2 1 1 1 1 1 1 0 1 1 2 0 1 0 2 0 1 1 0 1 1 0 2 0 2 0 1 2 1 1 1 0 2 0 1 1 2 1 2 0 2 2 2 1 0 2 1 1 0 2 0 2 0 2 2 0 1 0 2 2 2 0 0 2 1 2 0 0 1 0 2 0 0 2 0 1 1 1 0 1 1 2 0 2 1 0 2 0 1 2 0 1 0 1 1 2 1 2 0 2 1 0 0 1 2 0 2 0 0 0 1 2 2 0 1 2 1 1 2 0 0 0 1 0 2 0 0 0 1 2 0 2 2 0 1 2 2 0 2 2
1 2 2 1 2 1 0 1 2 0 1 0 1 1 1 0 1 2 1 2 1 1 2 0 0 0 0 2 1 0 2 0 0 2 1 0 0 2 1 2 2 0 0 1 1 1 1 1 1 0 1 0 2 1 2 2 1 2 2 0 0 2 1 0 1 2 1 1 1 0 1 1 1 1 2 2 1 1 1 0 2 0 1 2 1 1 0 0 0 2 1 2 0 2 0 1 2 2 1 1 2 2 0 0 2 2 1 1 1 2 1 1 0 0 2 1 1 2 0 0 2 1 2 2 2 2 2 2 1 0 1 2 2 2 0 2 2 1 0 2 2 2 1 2 0 0 2 2 0 0 2 1 2 2 1 1 1 0 2 1 0 0 1 1 0 1 0 0 1 2 2 1 2 2 0 2 0
0 2 1 0 2 0 0 1 1 2 1 2 1 2 0 2 0 2 2 2 0 0 0 0 0 1 2 2 0 1 0 0 2 2 2 1 2 2 0 1 1 2 1 0 1 2 2 2 1 0 2 2 1 0 0 1 2 2 2 0 2 0 1 1 0 0 0 2 0 1 1 2 0 0 2 2 2 0 2 1 1 2 2 2 0 2 1 0 2 1 1 2 1 0 1 1 1 1 1 1 0 1 0 1 1 1 1 0 2 0 2 0 0 1 0 0 2 2 1 2 1 2 1 0 2 2 0 0 0 2 2 1 0 0 0 1 1 2 2 1 2 0 2 0 2 2 1 1 0 0 0 1 2 2 2 2 1 0 0 0 0 0 2 1 1 2 0 2 2 0 1 2 0 0 0 0 1
2 2 1 0 1 0 0 0 0 0 2 1 1 0 2 2 2 0 0 0 1 0 2 2 2 2 0 1 0 1 0 0 1 2 1 2 2 1 0 0 2 2 1 1 0 1 1 1 2 2 2 0 2 2 0 0 0 1 1 0 0 1 1 2 0 0 2 0 2 0 0 2 0 0 1 1 1 2 0 1 1 2 2 2 1 0 2 2 2 1 0 0 2 2 0 0 0 0 1 0 0 1 2 0 2 1 2 2 1 0 0 0 2 0 0 2 1 2 1 1 0 2 1 0 0 2 1 0 0 2 1 0 1 0 1 1 2 2 1 1 2 1 2 0 0 2 0 2 2 1 0 0 2 2 0 2 2 2 0 2 1 1 0 2 2 2 1 2 2 2 1 2 2 0 0 0 2
0 2 2 2 2 2 1 2 0 0 1 2 1 1 1 2 2 0 0 2 0 0 2 0 1 1 0 1 1 0 1 2 2 1 2 0 0 0 2 0 2 2 0 0 1 1 1 2 2 1 1 2 1 1 1 0 0 1 2 2 0 1 0 0 2 2 0 2 0 1 0 2 1 0 0 2 1 2 1 0 0 0 1 2 2 2 2 0 1 1 0 1 2 0 0 2 2 1 1 0 2 1 0 0 1 1 1 0 0 0 0 1 1 1 0 1 1 0 1 1 2 2 0 2 0 0 1 0 2 2 0 2 0 2 1 2 0 2 2 1 0 1 2 1 0 1 0 2 1 2 1 1 2 1 0 2 2 2 0 2 1 1 2 0 1 0 0 1 0 0 0 1 1 0 0 2 1
1 1 2 0 2 1 0 2 2 0 1 1 1 1 0 2 0 1 1 2 2 2 2 0 0 0 2 1 1 1 2 0 0 2 1 0 2 2 2 1 2 1 0 0 0 1 0 1 0 1 0 2 1 0 0 2 1 2 0 0 0 0 0 1 0 2 0 2 1 2 1 1 2 1 1 2 0 0 1 1 1 2 1 0 0 1 0 2 0 0 2 1 1 0 0 0 2 0 2 2 0 1 0 2 0 2 0 1 2 1 2 2 2 0 0 2 2 1 2 0 2 1 2 1 2 2 1 2 2 1 1 2 0 2 0 1 2 0 0 2 2 1 2 1 2 0 1 2 1 0 2 0 2 1 2 2 1 0 0 0 0 1 1 0 1 1 2 1 2 1 1 2 2 1 2 1 2
1 0 0 0 1 1 0 0 1 0 2 2 0 0 2 2 1 1 1 0 1 2 0 2 2 0 1 1 0 1 0 1 2 0 1 0 1 2 1 0 0 1 0 1 1 0 0 0 1 2 1 1 2 2 0 1 0 0 0 1 1 0 2 0 1 2 2 0 1 0 1 2 2 1 0 0 2 0 1 1 0 1 2 0 1 1 2 1 1 0 2 2 0 2 2 2 1 2 0 0 2 1 2 2 1 0 0 0 1 1 2 1 2 0 2 0 1 2 2 2 2 2 2 2 0 2 2 1 2 2 0 1 2 2 1 0 1 2 1 2 1 0 1 2 0 1 0 1 0 1 1 0 0 0 0 0 0 0 0 2 0 0 1 2 0 0 0 1 2 1 1 2 2 0 1 0 2
2 0 2 0 1 0 2 0 0 2 0 1 0 0 2 0 1 2 2 2 0 1 2 1 0 1 1 1 0 0 0 0 1 0 0 2 0 2 0 1 0 0 0 1 0 0 0 0 2 2 2 0 0 2 2 1 2 1 0 2 2 0 0 0 1 1 1 2 1 1 1 2 0 2 1 0 2 1 1 1 1 0 2 2 1 2 1 0 1 1 2 1 0 1 1 1 2 0 2 1 2 0 2 2 0 1 0 2 2 2 0 1 0 0 0 1 2 1 2 1 1 0 0 2 1 2 0 1 0 0 0 2 1 2 2 1 0 2 0 0 2 1 1 1 2 2 2 2 1 0 1 0 0 2 2 2 1 1 0 2 1 0 1 0 1 1 1 1 1 0 0 1 2 2 2 1 1
0 1 1 0 0 2 1 2 0 0 2 1 0 1 0 1 1 1 2 2 1 2 1 1 0 0 0 2 2 1 2 0 1 0 0 1 0 1 2 0 2 2 1 2 0 0 2 1 1 1 2 2 1 0 0 1 0 1 1 1 1 0 1 2 1 0 1 1 2 1 0 2 0 1 1 1 2 1 0 1 0 2 0 2 1 2 1 2 1 2 0 2 0 0 2 1 0 2 0 0 0 0 2 1 0 2 2 2 0 0 1 0 0 0 0 2 2 2 1 1 2 0 2 2 0 1 1 1 0 1 1 1 0 1 0 0 0 2 0 0 2 2 2 0 2 0 0 2 0 2 0 2 2 2 2 0 2 0 2 0 2 0 2 2 2 2 0 0 1 2 2 2 1 2 0 1 0
1 0 0 1 1 0 1 2 2 1 1 2 0 2 2 1 2 0 2 1 0 0 1 0 2 1 1 2 2 0 2 1 0 0 2 0 0 0 2 2 2 1 2 0 1 2 2 0 0 2 0 0 2 2 2 0 0 0 2 0 1 0 2 2 1 2 0 2 1 2 2 0 1 0 2 0 2 1 1 2 1 1 0 0 1 2 0 1 1 1 0 0 2 0 0 0 2 1 0 1 1 1 0 0 1 2 1 1 1 0 1 2 0 2 2 1 2 1 1 1 0 1 2 0 1 2 1 1 1 2 1 0 1 1 1 2 0 0 0 2 0 1 1 0 1 0 2 1 2 0 2 2 2 2 2 1 2 1 2 1 1 0 1 2 2 0 2 0 0 0 2 1 2 0 2 0 2
1 2 2 2 1 0 1 2 0 2 2 2 0 0 0 1 2 0 2 0 2 2 1 0 0 0 2 1 2 0 1 2 2 1 1 1 1 1 0 1 1 2 1 2 0 2 1 0 1 0 0 1 0 2 2 0 2 1 2 2 1 0 2 0 1 1 2 0 2 0 0 2 0 2 1 0 2 0 1 0 0 2 2 1 2 2 2 1 0 1 1 0 0 0 0 2 0 0 0 2 1 1 2 2 0 2 0 2 2 1 1 1 0 1 0 0 0 2 2 0 2 1 1 2 0 0 1 0 0 2 0 2 0 0 1 0 2 1 1 2 0 2 0 2 0 0 2 0 0 2 1 2 2 1 2 2 1 0 2 1 0 0 2 1 0 1 0 0 1 1 1 1 1 1 1 1 2
2 2 0 1 1 2 1 2 2 0 0 2 0 0 0 1 0 2 2 1 2 1 2 1 2 2 2 0 1 1 2 0 1 0 0 2 0 1 0 2 0 1 2 0 1 0 1 2 0 2 1 0 0 1 1 2 1 1 2 0 2 0 0 0 0 1 1 2 0 1 1 0 2 1 1 2 2 0 1 0 0 0 1 0 2 0 2 1 2 2 1 2 0 0 0 2 1 1 1 1 0 2 2 0 1 1 0 1 2 0 1 2 0 0 0 0 1 2 2 1 2 0 0 0 0 0 2 0 2 0 1 0 0 2 1 1 1 2 2 0 2 2 0 0 2 0 1 0 0 0 1 2 2 0 0 0 0 2 0 1 0 0 2 1 2 1 0 0 1 1 1 0 1 2 1 0 2
0 2 0 1 1 2 0 1 0 2 0 0 2 2 2 0 1 1 2 0 2 0 1 0 2 1 1 1 1 0 0 1 2 0 2 0 1 1 0 2 0 0 0 0 2 2 1 0 1 1 1 1 2 2 2 1 2 1 0 0 2 1 2 1 0 1 2 2 0 2 2 0 0 2 1 2 0 0 1 2 1 2 0 0 0 0 0 0 2 1 1 1 0 0 0 1 2 0 1 0 1 0 0 1 0 2 2 1 0 0 0 2 0 2 0 1 0 0 1 2 2 2 1 1 2 2 2 2 2 1 0 1 1 0 0 2 1 0 1 1 1 0 1 2 2 2 1 2 0 2 2 1 0 1 2 0 0 1 0 0 0 0 2 0 2 0 0 1 1 2 2 2 0 1 1 2 1
2 2 1 0 1 0 0 0 2 1 0 2 2 1 2 2 0 0 1 1 1 2 2 1 0 1 1 2 1 1 1 1 1 0 1 0 1 2 0 0 1 0 2 0 1 0 0 0 1 0 1 2 0 2 1 0 0 0 0 2 2 1 1 0 2 0 0 1 0 0 1 1 1 2 2 1 0 2 1 1 0 0 2 1 2 0 1 1 2 0 1 1 2 2 0 2 0 0 0 1 2 2 0 0 2 2 2 2 2 1 0 0 2 2 1 2 1 0 1 1 0 1 2 1 0 2 0 1 1 1 2 0 1 2 1 0 2 2 2 2 0 0 0 0 0 1 1 2 2 0 0 1 1 0 2 2 1 2 1 2 0 1 0 1 1 2 2 1 1 1 1 0 2 1 0 0 0
1 2 0 2 0 1 0 0 0 0 1 1 2 1 2 1 2 2 0 0 1 1 1 1 0 2 0 1 0 1 2 2 1 0 2 1 1 1 2 0 1 1 2 1 0 2 0 1 1 1 1 1 0 0 2 1 0 0 2 0 1 0 0 2 1 0 0 2 1 0 0 2 2 0 2 0 0 2 2 1 1 0 0 2 0 2 0 1 2 0 2 1 0 0 1 1 0 2 2 1 0 0 1 2 2 0 0 2 1 2 1 0 2 2 2 1 2 2 2 0 1 2 1 1 2 0 1 0 0 1 1 0 2 2 0 1 1 0 0 0 0 0 0 0 2 0 1 1 0 2 2 1 2 2 1 2 0 0 2 0 1 0 1 0 0 1 0 1 2 0 2 2 0 0 1 0 1
0 0 1 2 2 0 2 1 2 1 1 2 0 2 0 1 1 1 2 0 1 1 2 0 1 0 1 2 1 2 0 1 0 1 1 0 2 1 2 2 0 1 1 1 1 2 0 0 2 0 0 1 2 0 1 1 0 1 0 1 0 0 2 1 0 1 1 0 1 1 0 1 1 1 2 2 2 0 1 1 1 1 2 1 1 2 2 2 0 0 0 1 1 1 2 1 0 0 0 1 0 0 0 1 2 1 1 1 2 2 0 1 1 1 0 0 0 2 0 1 0 1 2 0 0 2 2 1 0 2 0 0 0 1 1 0 2 0 2 1 2 0 0 1 2 0 0 2 1 0 1 2 2 1 2 0 0 2 1 0 2 2 1 0 0 0 0 0 0 2 0 1 0 0 0 2 2
0 2 0 1 0 2 1 1 0 1 2 0 0 0 2 2 2 2 1 2 0 2 1 1 0 0 1 1 1 2 1 2 2 2 0 0 2 2 2 2 0 2 2 0 0 0 1 2 0 0 2 1 2 1 2 0 2 1 2 1 1 0 1 1 0 2 2 2 2 1 2 0 1 2 1 1 2 0 1 0 0 2 1 2 1 1 0 2 0 0 0 0 0 2 1 0 2 1 0 1 2 0 0 2 2 1 1 2 2 0 0 2 0 2 2 2 1 1 1 1 1 2 1 0 1 0 1 1 1 2 0 2 2 0 1 0 2 2 0 1 0 0 1 1 2 2 1 0 0 2 2 1 2 2 1 1 2 1 2 2 0 1 1 0 2 0 0 0 0 1 2 1 1 1 0 1 1
1 2 1 1 1 0 1 0 0 2 1 1 0 1 1 2 0 2 1 0 0 2 0 1 2 2 2 0 1 0 1 2 0 0 1 2 0 2 0 0 0 2 2 0 0 1 2 0 0 1 1 1 1 2 2 1 2 0 1 0 1 0 1 2 1 2 1 2 0 2 1 0 2 0 1 2 1 1 1 0 0 2 2 2 2 2 0 0 2 2 1 1 0 2 1 1 0 2 1 1 2 0 2 1 0 0 2 0 2 0 0 0 0 0 0 0 2 0 0 2 1 2 1 1 2 2 1 2 2 0 0 1 0 2 0 0 0 0 0 0 1 1 0 1 1 0 2 1 2 0 1 0 0 2 2 2 1 0 2 0 0 0 2 0 0 0 1 0 0 2 1 1 1 1 1 0 0
0 2 2 1 0 0 1 2 2 1 1 0 0 1 0 1 1 2 1 1 0 2 0 0 0 1 2 1 0 0 1 1 2 1 2 0 1 1 0 2 2 2 2 0 1 0 1 0 2 2 2 0 1 0 1 1 2 0 0 0 1 0 1 1 1 1 2 1 2 0 1 2 2 1 2 1 1 0 1 2 2 1 2 1 1 1 0 2 2 0 2 1 0 1 2 0 2 2 2 2 0 1 1 0 2 1 1 0 1 1 0 1 2 0 2 2 1 2 1 1 0 0 0 2 2 0 0 1 1 0 1 1 1 0 1 0 1 1 1 0 2 2 1 2 0 1 1 1 1 0 1 1 1 1 1 0 1 1 2 0 1 0 1 0 0 1 0 2 0 0 2 2 2 0 1 2 2
1 1 0 1 2 0 0 1 1 0 1 1 0 1 2 1 0 0 2 2 1 2 2 1 2 2 1 0 1 1 0 2 0 1 1 0 1 2 2 1 2 0 2 0 1 2 2 2 0 2 1 0 1 1 1 1 0 1 2 2 2 0 2 0 2 0 1 2 0 0 1 0 0 0 1 2 0 0 2 1 0 1 1 0 1 0 1 2 1 1 1 2 2 2 2 2 0 0 2 1 1 0 1 2 0 0 2 0 1 2 2 2 0 0 2 2 2 1 2 0 0 0 2 0 0 0 0 1 0 2 2 2 2 1 2 0 1 1 1 0 0 2 0 2 2 2 1 2 1 0 0 2 2 0 2 2 0 0 0 2 2 0 2 2 1 1 0 0 1 1 0 2 0 0 1 1 1
1 0 2 2 1 1 2 0 1 0 1 2 1 0 1 2 0 1 0 2 1 1 0 1 2 2 2 2 2 0 1 1 2 1 1 1 0 1 1 0 2 0 2 0 1 2 0 2 0 2 2 0 0 2 1 2 2 0 0 2 2 1 0 2 0 2 0 1 1 2 2 0 0 2 1 2 1 0 1 0 2 0 0 2 0 1 0 0 2 0 2 1 2 1 0 1 1 2 0 2 2 2 0 2 1 2 1 0 2 1 0 1 2 1 1 0 2 2 1 2 0 1 1 2 2 2 1 0 2 1 0 1 0 1 1 2 1 1 0 0 2 1 2 1 0 1 2 0 0 0 2 0 2 1 0 2 2 2 1 1 0 1 0 2 0 2 2 2 0 0 2 0 2 1 0 2 0
2 2 1 1 1 1 0 0 0 2 2 0 1 1 1 0 1 0 1 2 2 0 2 0 0 0 2 0 1 1 0 0 0 2 1 2 1 2 0 2 0 0 2 1 1 2 2 1 2 1 0 0 2 0 0 0 1 0 1 2 1 1 1 0 1 0 0 1 0 0 0 1 1 1 0 2 0 0 1 0 2 1 0 2 2 2 0 1 2 1 1 1 0 2 1 0 2 2 1 0 2 2 2 0 0 0 1 1 1 2 2 0 2 0 0 2 2 0 0 2 2 1 1 0 1 0 0 2 0 2 0 0 1 0 2 0 0 0 1 1 0 1 1 0 2 2 2 2 0 1 2 0 0 0 1 2 1 1 1 1 0 1 2 2 2 2 2 2 2 2 0 0 0 0 1 0 0
1 0 0 2 2 1 0 2 2 2 0 1 1 0 2 0 0 2 0 2 1 0 2 0 2 2 2 2 1 2 2 0 2 0 2 1 2 0 1 1 0 0 1 2 0 0 0 0 2 1 0 2 2 2 0 1 2 2 1 1 2 1 1 2 2 1 1 2 2 0 1 2 0 2 2 1 0 0 2 0 2 2 0 1 2 2 1 2 1 2 0 1 2 1 2 1 0 1 0 2 1 2 2 0 2 2 1 0 2 1 1 2 1 0 1 1 2 2 0 0 0 1 0 2 2 2 0 2 0 1 0 2 1 0 2 0 2 2 1 2 0 0 1 2 1 2 1 0 0 1 0 0 0 1 2 2 1 0 0 2 2 1 2 0 1 2 2 0 1 0 2 2 1 1 2 2 1
1 2 1 1 1 1 1 0 1 2 2 1 2 2 1 1 1 0 2 2 2 0 0 0 0 0 0 1 0 0 2 1 1 2 2 0 0 1 0 0 1 0 1 0 0 1 2 2 1 1 1 1 1 0 1 1 0 1 0 1 0 2 0 1 1 1 1 0 0 2 0 1 0 2 2 1 1 1 0 2 2 0 0 1 0 0 2 1 2 2 2 2 2 0 0 2 1 1 0 1 1 1 0 2 0 2 0 2 0 1 2 0 1 0 1 2 1 1 0 0 1 0 0 2 1 0 1 0 0 2 0 1 0 0 1 1 0 1 0 0 0 0 1 2 1 0 1 2 2 0 2 0 0 0 2 1 1 1 0 1 0 0 0 1 0 2 0 0 1 1 2 1 2 1 0 0 1
0 0 1 0 1 0 1 1 2 0 0 2 0 2 0 1 0 2 1 2 0 2 0 1 2 2 1 0 0 2 2 1 1 1 2 2 1 1 1 1 2 0 0 0 2 2 1 1 2 2 0 2 2 2 0 1 2 2 1 0 2 2 2 0 0 1 0 2 0 1 1 2 1 2 2 2 2 0 0 1 1 1 0 0 1 1 2 0 1 1 1 0 1 1 0 1 2 1 1 0 2 0 0 2 0 0 2 2 1 0 1 2 1 1 0 1 0 0 1 1 2 0 1 1 1 2 0 2 0 2 0 1 2 0 1 0 0 0 0 0 1 1 2 0 0 0 1 0 0 0 2 0 0 1 2 0 1 2 2 2 1 2 1 1 2 2 1 1 0 2 1 1 0 1 2 0 2
1 1 0 1 0 1 0 1 0 0 0 0 2 1 1 1 2 1 1 0 0 2 1 0 1 1 0 0 1 1 0 2 0 0 2 0 2 2 2 2 2 1 2 2 2 2 1 2 0 2 0 0 0 2 1 1 1 2 1 2 1 2 1 1 0 0 2 2 0 1 2 0 2 0 2 2 2 1 2 0 1 2 0 1 2 2 0 0 2 0 0 0 2 2 2 2 0 1 2 2 2 2 2 0 2 0 2 2 1 2 2 0 0 0 2 0 2 0 1 2 0 1 0 2 1 2 0 0 0 2 0 1 2 2 1 1 0 1 0 0 2 0 0 2 1 1 2 1 1 1 1 2 1 1 2 0 1 2 1 1 2 1 2 2 2 1 1 2 1 2 2 0 0 1 0 2 2
2 0 1 2 1 0 1 1 2 1 0 2 0 2 2 2 0 1 1 1 0 1 2 1 1 0 2 2 0 1 2 1 2 0 0 2 0 1 0 1 0 0 1 1 0 0 1 0 2 0 2 1 1 2 0 1 0 0 1 1 2 1 2 1 1 0 1 0 2 1 1 0 2 2 2 0 0 1 0 0 2 0 2 0 1 0 2 2 0 1 0 0 2 0 0 1 1 1 1 1 1 0 2 0 0 1 1 1 0 0 2 2 1 2 0 2 0 0 1 1 2 0 2 1 1 2 2 2 0 2 0 1 0 2 0 1 2 2 2 2 2 2 2 1 2 2 1 0 0 1 2 2 1 1 1 2 1 1 1 0 1 0 2 1 2 0 2 1 0 0 1 0 2 0 1 2 1
1 0 1 2 0 2 0 2 0 2 2 1 1 2 0 1 2 2 2 0 2 1 0 0 0 0 1 1 0 1 2 1 2 1 0 0 0 1 0 1 1 2 1 2 2 1 2 2 1 1 2 2 2 0 2 0 0 0 2 1 2 1 0 2 0 1 0 1 2 0 0 1 1 1 1 0 0 1 0 2 0 0 1 0 0 1 1 2 2 1 0 2 0 2 1 1 0 1 0 0 2 1 2 0 0 0 2 1 2 2 1 2 1 0 0 1 2 2 1 1 0 0 1 0 2 0 2 2 2 1 0 2 0 0 0 1 1 2 0 1 0 2 1 1 0 2 0 2 1 2 1 2 0 0 0 2 1 0 1 0 2 0 0 0 0 1 1 2 1 2 1 2 1 0 1 1 2
0 0 1 2 2 0 0 0 1 2 2 0 1 2 2 1 0 2 2 2 1 0 0 0 1 1 2 2 2 0 2 2 1 1 2 1 2 2 1 2 2 1 0 1 1 2 0 2 0 1 1 2 2 2 1 0 0 0 0 1 1 0 1 0 2 1 1 2 1 1 2 2 2 2 0 1 0 1 0 1 0 2 0 2 2 1 1 0 0 2 2 1 0 1 2 2 0 0 2 1 2 2 1 2 1 1 0 2 1 2 0 2 1 2 2 1 1 1 0 1 0 2 0 0 0 2 0 0 0 2 0 0 1 1 2 1 1 1 0 2 1 2 2 2 1 1 2 2 2 2 2 0 1 2 0 2 2 0 0 0 1 0 0 0 2 1 1 1 0 0 1 1 0 0 1 1 0
0 1 0 0 0 1 2 0 1 2 0 0 2 0 1 1 1 1 1 2 1 2 2 2 0 1 2 0 0 1 0 1 0 2 2 1 0 2 2 1 2 2 2 2 0 1 0 1 0 2 1 2 1 1 2 2 0 2 1 1 0 2 0 1 1 2 0 1 2 2 1 1 2 0 2 2 2 2 2 0 2 0 0 1 2 2 1 0 1 2 1 2 2 2 0 1 2 1 2 0 1 0 2 1 2 1 1 1 2 0 2 2 1 2 0 1 1 2 2 2 2 1 1 2 1 2 0 1 0 0 2 0 2 2 1 1 0 0 0 2 2 2 1 0 2 0 2 0 2 2 0 0 1 2 0 0 1 1 2 0 1 2 0 0 1 2 1 1 2 2 2 2 1 1 0 0 1
0 1 2 2 1 2 1 1 0 1 0 1 1 0 2 0 1 0 2 0 2 0 0 2 0 0 1 2 1 0 0 1 2 0 2 1 0 0 2 0 0 0 1 2 1 1 0 2 2 2 0 2 0 1 2 1 2 2 1 0 0 2 2 2 0 1 0 0 0 1 1 1 2 0 0 1 1 0 1 1 2 2 2 0 1 1 2 1 1 0 2 1 0 1 1 0 1 2 1 1 1 2 2 1 0 2 0 2 0 1 2 0 1 1 0 0 0 0 1 0 1 0 1 1 2 0 2 0 0 1 2 1 0 2 0 1 2 0 2 2 2 2 0 1 0 0 2 1 1 0 1 0 1 1 2 1 1 2 2 2 0 2 1 1 1 1 1 0 0 0 0 2 2 0 0 0 1
2 2 1 1 2 1 0 0 1 2 2 0 1 2 0 1 0 0 2 2 1 0 2 2 1 2 1 1 1 2 0 1 1 1 2 0 0 2 1 2 1 1 2 0 0 1 1 1 1 1 1 0 2 2 2 0 1 0 2 0 0 0 2 1 1 1 0 2 2 1 2 1 2 2 2 2 0 1 1 2 1 0 2 0 2 1 1 0 2 0 1 2 0 1 2 0 2 2 0 2 0 2 1 0 2 1 0 0 2 2 0 0 2 0 2 1 2 0 2 2 1 1 2 0 0 1 0 0 0 1 2 1 1 1 2 0 2 0 0 0 2 2 0 2 2 2 1 2 0 2 1 2 1 1 0 2 2 1 0 1 2 0 2 0 2 2 0 1 2 2 1 0 2 0 0 1 0
2 1 1 1 0 1 0 2 2 2 2 0 2 0 2 0 0 0 2 2 1 1 0 1 1 0 0 1 1 2 1 0 1 0 2 1 2 0 1 1 2 0 2 0 1 1 1 1 1 1 1 1 2 2 2 0 0 0 2 1 2 1 2 0 2 2 2 0 2 0 2 0 1 2 1 2 0 2 0 0 0 2 2 2 2 1 1 2 1 0 1 2 2 1 2 0 0 0 0 1 0 0 1 2 2 2 1 1 1 0 2 2 0 1 2 0 2 0 2 2 2 1 1 2 0 1 2 1 1 0 2 2 2 1 1 1 0 1 2 2 2 2 1 2 0 0 0 1 2 1 0 2 2 1 1 1 2 2 2 1 0 2 1 2 0 0 1 0 2 1 0 1 1 1 2 2 2
2 0 1 0 1 0 1 0 0 2 0 2 2 2 2 1 1 2 2 1 1 2 2 2 0 0 1 1 2 2 1 0 0 0 1 2 1 2 2 1 2 0 0 2 2 1 1 1 0 0 1 2 0 0 1 0 0 1 2 1 0 1 1 1 2 2 0 0 0 0 0 0 1 1 1 2 2 2 0 0 0 1 2 1 2 2 2 0 1 1 2 2 0 0 0 2 0 1 1 1 2 1 2 0 0 0 2 0 0 1 1 1 0 2 0 0 2 0 0 0 2 0 2 0 1 0 0 1 1 1 0 1 0 0 0 1 1 0 2 2 1 1 1 2 0 1 2 2 2 0 0 1 0 0 1 1 1 2 0 0 0 1 2 2 2 2 0 0 2 2 1 2 0 2 1 2 1
1 2 0 1 0 1 2 1 1 1 2 0 1 0 1 0 0 0 0 2 1 1 2 0 2 2 2 2 0 1 0 2 1 1 1 2 0 0 1 1 2 0 2 1 1 1 2 1 2 2 1 2 1 2 0 1 1 2 1 0 1 1 2 0 0 1 2 1 2 1 2 2 2 2 1 0 1 1 0 1 0 1 0 0 0 1 2 2 1 1 2 1 0 1 2 1 0 2 2 1 1 2 0 0 2 1 1 0 2 1 0 0 0 1 1 1 2 1 0 2 2 0 0 2 0 2 1 0 2 1 1 0 1 2 1 0 0 0 2 0 2 2 2 0 0 0 2 1 1 0 1 1 1 2 1 1 2 0 2 1 2 1 2 0 1 0 1 0 1 0 0 2 0 0 0 2 1
2 1 0 1 2 2 2 1 1 1 0 1 0 2 0 2 1 1 1 0 0 2 2 1 0 2 2 1 0 2 0 0 0 1 1 0 1 1 2 2 2 0 2 1 2 0 1 1 0 0 2 0 2 2 2 0 2 2 1 2 1 2 2 2 0 2 2 2 0 1 1 1 1 1 0 1 0 1 0 0 2 0 1 2 2 0 2 1 1 1 0 2 0 1 2 1 0 2 0 1 2 2 2 1 2 0 0 2 2 1 0 2 1 1 1 1 2 2 2 0 0 1 1 2 0 1 0 0 1 1 2 0 0 2 2 2 0 0 2 2 2 2 2 0 1 2 2 2 1 0 0 2 1 2 2 1 0 2 2 2 1 1 0 2 1 2 2 2 1 2 2 0 2 0 1 2 2
1 1 1 1 2 1 0 2 1 2 2 1 1 2 0 0 0 2 0 0 2 0 1 1 2 2 2 0 1 1 2 2 0 1 1 2 0 1 2 1 0 0 2 2 2 2 0 0 2 0 2 2 0 1 1 1 1 0 2 2 2 2 2 0 0 1 1 1 2 0 2 0 0 0 0 1 0 0 2 0 2 1 0 0 0 1 2 1 0 2 1 0 1 1 1 2 2 2 1 2 2 1 0 1 1 0 2 0 1 2 0 0 1 0 1 1 2 0 0 0 2 2 1 1 0 2 2 0 1 0 0 0 2 0 2 2 1 2 2 2 2 0 1 0 1 2 2 0 0 2 1 1 1 2 2 2 1 1 2 0 2 2 1 0 0 1 2 1 0 2 1 2 2 2 0 0 2
2 0 1 1 2 2 0 2 1 0 1 1 2 1 1 2 0 1 0 2 0 2 2 2 1 0 2 1 0 2 2 0 1 0 2 1 2 1 1 1 1 2 2 2 2 2 2 0 0 0 2 2 2 1 2 1 2 2 1 0 2 0 1 0 0 0 2 2 1 1 0 1 1 1 0 0 0 2 0 1 0 2 0 0 2 1 2 2 1 0 2 0 0 0 2 1 2 2 1 1 0 0 2 1 1 0 0 2 0 0 1 0 1 2 1 1 1 1 0 2 2 0 2 1 1 1 2 0 0 2 2 0 2 2 0 1 0 0 1 1 1 2 1 2 1 1 1 0 0 2 2 2 0 2 1 2 1 1 1 2 0 1 0 0 0 1 1 1 1 2 2 1 1 2 1 1 0
0 1 1 0 2 0 1 1 2 0 2 1 2 2 2 0 1 2 1 2 1 2 2 1 0 0 2 2 1 1 0 2 1 1 2 0 2 1 2 1 0 2 0 2 2 0 0 1 0 2 0 1 2 0 2 2 1 0 2 1 2 2 0 0 0 1 1 0 0 0 2 0 0 1 0 0 1 1 1 0 0 2 1 2 0 2 0 1 0 2 2 0 2 1 1 0 0 0 1 0 1 2 1 2 0 2 2 2 0 0 2 1 2 2 0 0 2 1 2 2 1 2 0 1 1 1 1 1 0 0 2 1 2 0 0 0 2 2 0 0 0 0 1 0 2 2 1 2 1 1 2 2 0 2 0 0 2 2 1 2 0 0 0 0 1 1 0 1 1 1 2 1 2 0 1 2 0
0 1 2 1 0 2 0 2 0 0 1 2 2 0 0 0 1 1 2 0 2 2 1 1 1 0 1 0 0 0 1 0 2 0 2 2 0 2 2 0 0 2 2 2 0 0 0 2 2 0 2 2 0 2 1 2 2 0 2 0 1 0 1 0 1 0 0 1 0 0 1 0 2 2 0 0 0 1 0 0 2 2 0 2 2 1 2 0 2 2 0 0 0 1 0 2 2 0 0 0 2 0 1 1 0 2 1 0 0 1 1 0 2 1 0 1 1 2 1 0 1 0 1 2 1 1 2 2 0 0 2 2 0 1 1 0 1 0 1 2 2 0 2 2 1 2 1 0 2 0 1 2 0 0 1 0 2 1 2 2 1 2 2 0 0 2 0 2 0 2 1 2 0 1 2 0 1
1 0 1 2 2 0 1 2 2 1 2 0 1 2 2 0 0 2 2 2 0 1 2 0 0 2 1 2 1 1 1 0 2 2 1 2 0 2 1 2 1 1 0 2 1 2 2 1 2 1 1 0 1 0 1 2 2 2 1 2 1 2 0 2 2 1 1 2 1 0 2 2 0 0 2 1 0 2 0 0 1 2 1 2 2 2 1 2 0 1 2 1 0 1 1 1 2 2 0 2 1 1 1 1 1 2 0 2 1 1 2 0 0 0 1 0 0 0 2 1 1 0 0 0 1 2 1 1 2 2 0 0 0 0 2 0 2 2 2 1 1 0 1 1 1 2 1 1 0 2 0 1 2 1 1 0 0 0 2 2 0 0 0 1 1 0 1 0 1 1 1 2 2 0 1 0 0
2 0 1 2 0 0 1 1 0 2 1 0 2 1 1 0 2 0 1 0 1 1 1 0 0 1 2 0 2 0 1 2 1 0 0 1 1 1 0 2 2 2 2 1 0 2 2 0 2 0 1 0 2 0 2 2 1 2 0 1 2 0 2 1 1 2 0 0 0 1 2 0 0 0 2 2 2 1 2 1 1 1 2 1 2 1 1 1 1 2 0 1 0 2 0 1 1 1 2 2 2 2 1 2 2 0 2 1 2 0 0 1 1 0 0 1 2 1 0 1 1 0 0 2 0 1 2 2 0 2 2 2 1 0 2 1 1 2 0 1 2 1 0 1 2 0 0 1 0 1 1 1 1 1 2 2 0 1 1 0 0 1 0 2 2 2 1 1 1 2 0 1 1 0 0 1 1
0 0 2 1 1 1 0 0 0 0 0 2 2 1 2 0 1 0 0 1 1 1 0 1 1 2 0 0 0 1 1 0 2 0 2 0 2 0 1 0 1 2 2 0 1 0 1 2 0 2 1 2 1 2 1 0 2 1 0 2 1 2 2 0 0 2 1 2 0 0 0 1 0 0 2 1 1 0 1 2 2 0 1 1 2 0 2 1 0 0 0 1 0 0 2 0 0 0 0 1 1 2 2 2 2 1 0 1 1 2 0 2 2 2 0 2 1 2 0 2 0 1 0 0 2 0 1 0 0 2 1 2 1 0 1 1 2 2 2 2 2 0 1 2 1 1 2 0 1 0 2 2 0 0 2 2 0 1 1 1 0 2 2 2 1 1 1 1 2 2 0 1 2 1 1 1 0
0 2 2 2 1 2 2 2 1 2 2 0 0 2 2 0 2 2 1 0 0 0 2 2 1 1 0 0 0 2 2 1 2 1 0 0 1 2 0 0 0 0 2 0 0 1 0 2 0 2 0 0 0 0 1 2 0 1 2 0 0 1 2 2 1 0 1 0 0 2 1 0 0 0 1 1 1 2 1 1 0 2 0 1 0 1 1 0 0 0 1 0 0 0 1 1 1 0 1 0 2 2 0 0 0 2 2 2 0 1 2 1 0 0 0 1 1 1 2 2 2 1 0 2 2 1 0 1 2 2 1 2 0 2 0 1 2 2 0 0 1 0 1 2 0 1 1 2 0 1 1 0 2 2 2 2 1 1 1 2 0 0 1 0 0 1 2 0 2 0 1 0 1 0 0 2 2
2 2 0 1 2 1 1 2 0 2 0 1 1 0 0 1 2 1 2 1 1 0 0 2 1 1 0 2 1 0 2 1 0 0 2 2 2 1 1 2 0 2 2 1 0 0 0 0 1 2 1 0 0 0 0 2 1 1 2 0 2 2 2 0 0 2 2 2 1 1 2 2 2 2 1 0 2 2 0 1 2 2 2 0 2 0 0 1 1 2 2 2 2 2 2 2 2 0 2 1 1 2 0 1 1 2 1 1 2 2 2 1 0 2 1 2 0 1 1 2 2 1 1 1 1 2 1 0 2 0 1 0 0 0 0 1 0 2 0 2 0 0 0 0 0 0 2 1 2 1 1 1 0 0 0 1 2 2 0 1 0 1 0 1 2 0 0 2 0 1 1 0 2 0 0 2 0
1 1 2 0 0 1 2 0 1 0 1 1 1 0 2 1 0 1 0 1 1 0 0 2 2 0 2 2 1 2 2 0 1 0 0 1 1 2 2 0 1 1 2 2 2 2 0 0 0 2 0 2 0 0 0 2 0 2 2 2 1 2 0 0 2 2 1 1 2 2 2 0 1 2 1 0 2 2 2 0 2 2 2 2 0 2 2 1 2 2 2 1 1 2 2 2 1 1 0 1 1 0 2 0 0 1 1 2 2 0 2 1 2 0 1 0 2 0 2 2 2 1 2 1 1 2 0 0 1 1 2 0 2 2 1 0 1 2 0 0 1 1 2 0 1 0 2 1 1 1 2 1 0 1 0 1 0 0 1 2 2 1 0 2 1 1 0 0 2 0 0 0 1 2 1 0 1
0 2 2 2 1 1 2 0 1 1 1 2 0 0 0 2 1 0 1 0 0 1 2 1 1 0 1 1 2 1 0 2 1 0 2 2 1 2 2 0 0 1 0 1 2 0 1 1 1 2 1 2 0 2 1 2 2 0 0 1 1 1 2 0 2 2 0 1 2 1 2 0 2 2 2 2 1 0 0 2 2 0 2 2 2 1 2 2 1 2 2 0 1 1 1 1 1 2 2 0 1 1 1 1 2 0 1 0 1 2 0 0 2 0 0 2 1 2 2 0 0 1 1 2 0 2 1 2 2 1 0 0 0 2 0 0 0 2 0 2 1 1 0 2 2 2 2 1 2 1 2 0 0 0 0 1 0 2 0 0 1 2 1 2 2 1 2 2 0 0 2 0 2 0 2 1 2
1 0 2 1 2 0 2 0 1 1 2 0 2 2 1 1 1 1 0 0 1 1 1 2 0 1 1 1 1 0 0 1 0 1 0 1 1 2 2 2 0 1 0 0 0 2 2 0 1 0 1 0 2 2 2 2 2 0 1 1 0 2 2 1 0 2 2 2 2 2 1 0 0 1 1 2 1 1 2 2 2 1 0 1 0 2 0 0 2 2 2 0 2 2 2 0 0 2 0 2 1 1 0 0 1 2 0 0 0 0 0 2 1 1 0 1 0 1 0 1 1 2 1 1 2 1 2 2 1 2 2 0 2 0 1 1 2 1 2 0 1 2 2 2 1 0 2 0 2 0 1 1 0 0 0 2 2 0 2 1 2 1 1 2 1 1 0 1 2 2 1 2 0 1 2 1 2
1 2 2 2 0 1 2 2 2 2 1 2 1 0 2 0 2 2 0 0 0 1 0 1 1 0 2 2 2 0 2 2 1 2 1 1 0 1 0 2 0 2 1 2 0 1 2 0 1 2 1 2 2 2 0 0 2 2 2 2 1 2 1 2 1 2 1 2 0 0 2 1 0 2 1 1 1 2 2 2 2 0 2 1 0 0 1 2 0 2 1 1 2 2 1 1 0 0 1 1 1 1 1 1 0 2 2 1 1 1 1 1 0 1 0 0 2 0 0 2 0 2 2 2 2 0 1 2 1 2 2 2 2 0 2 2 2 1 2 2 1 0 1 2 2 1 2 1 2 2 2 2 2 1 2 2 2 0 2 1 1 1 1 0 2 0 0 0 0 2 2 2 1 1 1 1 2
1 1 0 1 0 2 1 1 2 1 1 1 1 0 2 1 2 0 0 0 1 1 1 2 0 1 1 1 0 2 2 2 0 2 1 0 2 0 2 2 2 2 0 1 2 0 2 2 1 1 1 0 2 2 2 1 2 0 0 2 1 2 2 1 2 1 0 2 1 0 2 1 2 0 2 2 1 0 2 0 2 0 0 2 0 0 0 0 1 1 2 0 1 2 2 2 0 0 1 2 1 1 1 1 2 1 1 0 2 0 0 1 1 0 0 2 1 2 2 1 1 2 1 2 2 1 1 0 2 0 1 1 2 2 2 1 1 1 1 0 1 2 1 0 1 0 0 0 2 0 1 0 0 1 0 0 2 2 1 0 0 2 1 0 0 1 1 1 2 1 2 1 1 1 2 2 1
0 0 1 1 2 1 2 1 2 2 1 2 1 2 2 2 0 0 2 1 2 1 0 1 0 1 2 0 1 0 1 2 1 0 0 0 2 0 2 1 2 1 0 1 0 1 0 1 1 0 2 1 2 2 2 0 1 0 0 1 1 2 0 2 0 1 0 2 1 0 2 1 1 0 2 2 1 1 0 0 1 2 2 1 2 2 2 2 0 2 0 1 2 0 1 0 2 1 0 1 2 2 2 1 0 2 1 2 1 2 0 1 0 2 2 0 2 2 2 0 2 2 2 2 0 0 0 0 0 1 1 2 1 1 0 1 2 2 0 0 0 1 1 0 1 2 0 1 2 1 2 1 0 1 2 2 0 2 2 0 0 2 2 1 0 0 2 2 1 1 1 1 0 0 2 1 0
0 0 0 1 0 2 0 1 1 0 2 0 0 2 1 2 1 0 1 0 1 1 1 0 2 0 0 1 2 0 1 2 0 1 2 1 1 0 0 2 0 0 1 0 2 0 1 2 1 2 2 0 1 0 0 1 0 0 2 0 0 0 0 1 0 2 2 1 0 1 1 0 1 2 2 0 0 0 2 2 0 1 2 1 2 2 2 0 0 2 0 1 1 2 0 1 1 0 0 2 1 1 0 0 2 2 0 0 2 1 2 0 0 2 2 0 1 2 1 2 2 0 0 1 2 1 0 1 2 1 1 1 2 2 2 2 2 2 2 2 1 2 2 2 1 2 0 2 2 1 0 2 2 0 0 1 2 1 0 2 2 1 1 2 1 0 2 1 1 1 1 2 1 0 2 0 1
2 1 0 2 1 2 1 1 0 1 2 2 1 1 1 2 1 1 1 1 0 0 2 0 1 0 2 2 2 2 0 0 0 0 0 1 0 2 1 1 0 0 0 2 2 2 0 0 1 2 2 1 2 2 2 0 2 1 2 0 1 0 0 1 1 0 1 0 0 2 1 1 2 0 0 2 2 0 0 1 2 0 1 1 0 0 2 0 2 2 0 1 2 1 0 0 2 1 0 2 0 0 1 0 1 0 0 0 0 1 0 1 2 1 0 2 2 0 0 2 0 1 0 2 2 2 0 1 0 2 2 2 0 0 0 1 0 0 2 2 2 2 1 1 1 2 1 1 0 2 0 0 1 2 2 1 1 1 1 2 0 0 1 0 1 2 2 0 0 1 2 0 1 1 2 2 0
1 0 1 1 2 1 0 1 2 1 0 0 2 2 1 0 1 2 2 1 1 2 1 2 2 2 0 0 2 1 1 0 2 2 1 1 2 1 2 1 1 0 1 0 0 0 2 1 2 1 0 0 1 1 2 0 1 1 1 1 2 2 1 1 0 1 0 2 0 0 1 1 1 0 0 2 0 2 0 2 1 1 2 2 2 2 0 1 1 1 2 0 1 2 0 2 0 1 1 1 2 2 0 1 2 1 0 0 0 1 2 1 2 2 1 0 0 1 1 1 0 2 2 2 1 0 2 2 1 1 0 0 2 1 2 2 2 0 0 0 2 0 2 2 0 0 2 0 2 1 2 0 0 2 1 2 2 0 1 0 2 1 2 1 0 2 2 0 2 2 1 2 0 0 2 0 2
1 1 2 0 1 0 1 1 1 0 1 2 2 2 1 2 1 1 0 1 0 0 2 0 2 2 0 0 1 2 0 1 1 2 2 2 0 1 2 2 2 0 1 2 2 0 2 2 2 2 1 2 2 0 0 2 1 0 0 2 2 0 1 1 0 1 1 2 0 0 1 0 1 0 0 2 1 2 2 0 1 0 0 1 2 0 1 0 1 2 0 1 0 0 0 0 1 2 2 2 1 1 2 2 2 0 1 0 2 0 1 2 2 1 1 1 2 2 2 0 1 2 2 1 2 0 2 1 0 0 0 1 1 1 1 0 2 0 1 2 1 2 1 0 1 2 1 1 2 0 1 0 1 2 2 0 2 2 0 2 0 1 1 1 2 0 2 2 0 1 2 2 1 1 0 2 1
2 0 1 0 2 0 2 1 2 0 2 2 0 1 2 2 1 1 2 1 1 0 2 2 2 1 1 1 1 0 2 1 1 2 2 2 2 2 1 2 2 0 0 1 2 2 0 0 2 0 2 1 1 1 1 0 2 2 2 2 1 2 1 0 2 1 2 1 0 1 1 0 1 1 1 1 1 2 2 1 1 1 0 2 0 2 1 1 1 1 0 0 0 2 1 1 1 1 2 2 0 1 2 2 0 1 1 2 1 1 0 2 0 1 2 1 0 0 0 0 1 1 0 2 0 2 0 1 2 0 1 2 2 0 2 0 2 2 0 1 1 1 0 1 0 2 0 0 0 0 0 1 1 2 1 2 2 2 1 1 0 2 2 0 1 1 1 0 0 1 1 1 2 2 1 2 2
2 1 0 1 2 1 0 2 0 0 2 0 2 1 0 0 0 1 1 0 2 1 0 0 0 0 1 0 2 1 2 1 0 2 0 0 2 1 2 0 2 1 0 1 1 2 1 1 1 0 1 1 2 0 2 0 1 1 0 0 0 0 2 0 1 0 1 0 1 2 1 1 1 2 2 2 2 2 1 1 2 2 0 2 0 1 0 1 2 1 1 0 2 2 2 0 2 0 1 1 2 0 2 1 0 2 0 2 2 2 2 0 2 2 2 2 0 1 2 0 2 0 1 1 0 0 2 2 2 1 1 1 2 1 0 2 2 2 0 1 1 2 2 1 1 0 2 0 1 1 1 0 2 2 2 0 0 2 0 2 1 0 1 1 1 0 0 1 0 1 1 1 0 0 1 0 0
1 0 1 2 1 2 2 0 2 2 1 1 1 1 0 1 1 1 0 1 0 2 1 1 0 0 0 1 1 1 2 2 1 1 2 0 0 2 1 0 2 1 0 0 2 0 1 0 0 0 2 0 2 0 2 0 1 0 1 0 1 1 1 0 0 0 0 1 0 0 2 0 1 2 1 1 0 0 2 0 0 1 1 0 0 1 1 2 1 0 2 1 2 0 1 0 2 0 1 2 0 0 0 2 0 2 0 1 0 2 1 1 2 1 2 0 0 0 2 1 0 2 0 0 1 2 0 0 2 2 0 2 0 2 1 2 1 2 0 2 0 2 0 2 1 2 0 1 0 2 1 1 1 1 2 2 0 2 0 0 2 2 0 1 1 2 0 0 2 1 0 2 1 0 2 0 0
2 1 0 1 2 1 0 1 1 1 2 1 1 0 1 1 0 2 0 0 0 0 0 1 0 2 0 1 1 1 2 0 2 2 2 2 2 2 1 1 1 0 0 1 1 2 2 0 2 0 0 0 1 1 2 2 0 0 1 1 1 1 2 1 1 2 1 1 2 0 0 1 1 0 2 0 2 1 0 0 2 1 0 1 2 2 1 0 0 0 1 2 1 1 0 0 0 2 2 2 2 2 0 1 0 0 2 0 0 0 0 2 2 1 1 2 2 0 2 0 1 1 2 2 2 0 0 0 0 0 2 0 2 1 2 0 2 2 2 2 2 2 2 1 2 1 1 1 2 0 1 0 2 0 0 1 1 1 2 2 2 2 0 2 0 2 1 0 2 0 0 1 0 0 0 2 2
1 0 2 2 2 2 1 0 2 0 2 1 2 1 1 2 1 1 0 1 2 1 0 2 2 2 2 0 2 0 0 1 0 2 1 1 1 2 1 1 0 0 1 2 0 2 2 2 1 0 1 0 2 2 0 2 2 1 2 2 1 2 2 2 2 0 0 1 1 2 0 1 1 2 2 2 2 2 1 1 0 0 2 0 0 0 2 0 2 0 0 1 0 0 0 0 2 2 1 1 2 2 0 0 1 0 2 1 2 2 0 0 2 2 0 0 0 1 1 0 1 0 1 1 1 0 2 0 0 1 2 2 0 0 1 0 0 1 2 1 0 2 1 0 2 0 1 1 2 0 1 1 1 1 0 2 1 0 0 2 1 2 1 2 0 2 2 1 2 1 2 2 1 1 0 1 2
2 0 1 0 1 2 1 2 0 0 1 0 1 0 2 2 2 1 2 2 1 1 2 0 0 2 2 0 2 1 2 2 1 1 2 0 1 0 1 1 2 2 2 0 0 1 2 0 0 0 0 1 1 0 2 0 0 2 0 2 1 0 2 0 2 2 1 1 0 2 2 2 2 2 0 0 0 0 1 1 1 0 0 2 0 0 0 1 2 1 0 1 2 0 2 1 0 0 2 1 0 0 1 1 0 1 1 1 2 0 0 0 1 0 0 2 1 0 0 2 2 1 1 2 0 0 0 0 2 1 2 2 2 0 1 2 1 0 0 1 1 1 2 2 0 2 1 1 1 2 1 1 0 2 1 0 1 1 1 0 0 0 0 2 1 2 1 1 0 0 0 1 1 2 1 2 0
0 1 2 2 0 0 2 0 1 1 2 0 2 2 2 1 2 1 2 2 1 0 2 2 0 1 0 1 0 0 1 0 2 0 0 0 1 1 0 2 2 2 0 1 2 2 2 0 1 0 2 0 0 2 2 2 1 0 0 2 1 2 2 1 2 1 2 0 2 0 0 1 1 0 0 0 1 1 0 0 1 1 0 2 0 0 1 2 0 2 1 2 1 2 0 1 0 0 1 2 1 2 1 2 0 1 0 2 2 1 2 1 2 2 1 0 2 2 0 0 0 2 2 2 1 1 1 1 1 0 1 2 0 2 2 1 0 0 0 1 2 2 2 2 2 0 0 2 1 0 2 1 2 0 1 1 1 2 2 0 0 0 1 1 0 0 2 1 1 2 0 0 1 2 0 1 0
0 0 2 1 2 1 1 2 2 0 1 0 0 2 0 2 0 1 2 1 1 1 0 0 1 1 2 2 2 0 0 0 0 2 1 0 0 1 0 0 2 2 0 2 1 1 2 2 0 0 1 1 1 2 1 1 1 1 0 1 1 1 2 2 0 1 1 1 2 2 1 1 1 0 2 0 1 2 0 0 2 2 1 2 2 1 1 1 0 1 2 2 2 2 2 0 1 0 2 1 2 0 1 1 1 1 2 1 0 0 1 0 0 0 0 2 2 1 1 0 0 2 0 0 1 0 0 2 1 2 2 1 0 0 0 0 1 0 1 1 1 0 2 1 1 2 1 1 1 0 2 1 2 2 1 1 0 2 2 1 2 1 1 1 1 2 1 0 0 0 1 1 1 2 0 2 2
2 1 1 2 0 0 2 0 0 1 1 2 0 0 0 1 2 1 0 2 0 0 2 0 2 1 1 2 2 0 2 1 2 1 2 0 1 1 1 2 2 0 2 0 1 0 1 1 1 2 0 1 2 0 2 0 2 0 2 1 1 1 0 1 0 2 2 0 1 1 2 1 2 2 2 0 2 1 1 1 2 1 2 1 2 2 2 1 2 2 0 1 1 1 2 2 0 2 0 2 1 2 1 0 2 1 1 2 0 2 1 2 2 1 1 1 1 1 1 0 0 2 2 0 0 0 0 2 2 0 1 1 2 0 2 2 1 0 2 2 0 0 2 0 2 1 2 0 0 0 2 0 1 1 1 1 1 1 0 2 1 0 1 2 1 0 2 1 1 1 1 2 2 0 0 2 2
2 2 2 1 1 0 2 1 2 0 0 0 2 0 0 0 1 0 1 0 2 2 2 2 0 2 2 2 2 2 1 1 0 0 0 2 0 2 0 0 1 1 2 1 2 2 1 2 0 0 2 0 1 2 0 2 2 0 1 1 2 2 0 0 0 1 0 1 0 0 1 2 2 0 0 2 0 1 1 1 0 1 2 1 1 0 1 0 0 0 2 1 0 2 1 1 1 1 0 0 0 2 2 2 1 0 2 1 2 1 1 2 0 1 1 2 1 1 2 2 1 2 1 2 2 0 0 1 2 0 1 2 0 1 2 1 2 0 0 1 1 2 2 0 0 1 2 2 2 0 2 1 2 0 1 2 0 1 1 0 0 2 0 1 1 1 2 0 1 0 2 0 0 1 0 1 0
1 0 0 1 2 1 0 0 0 0 2 2 1 2 0 1 0 1 0 1 1 0 0 2 2 0 2 1 2 1 2 0 2 0 1 0 2 1 0 0 2 2 0 0 2 0 0 0 2 0 2 0 0 2 2 1 0 0 2 2 2 2 0 2 0 1 2 0 1 0 1 1 0 2 0 0 0 0 0 2 0 0 0 0 0 0 2 1 1 2 1 1 2 2 1 1 1 0 1 0 1 0 0 2 2 0 2 2 0 1 2 1 1 0 2 2 0 2 0 0 2 2 1 1 2 2 0 2 1 1 0 2 2 0 1 2 0 2 2 1 0 1 2 1 1 0 1 0 2 2 0 1 2 1 0 1 2 1 1 0 0 2 0 1 2 0 0 1 2 0 2 0 2 0 1 1 1
1 2 0 0 2 2 2 1 0 2 1 2 0 1 1 0 0 2 0 0 2 2 0 0 1 0 0 2 2 1 0 0 1 1 2 1 0 1 2 2 1 2 1 0 1 2 0 1 2 0 2 2 2 2 2 2 0 0 2 1 2 1 1 0 2 0 1 1 0 2 0 2 1 2 2 2 0 0 1 2 1 0 2 2 1 0 2 1 0 1 2 0 0 2 0 1 0 2 2 1 2 0 1 0 0 0 0 0 1 2 0 0 0 2 2 2 2 2 1 1 1 2 1 2 1 1 0 2 1 0 2 0 1 0 1 1 1 0 2 0 2 0 0 0 0 0 2 1 2 1 2 1 0 0 0 2 1 1 2 1 1 1 2 2 1 2 1 0 2 1 1 1 1 1 2 2 2
1 0 2 0 2 0 1 2 1 1 2 0 1 1 2 0 0 2 2 0 1 0 2 2 1 1 1 0 1 1 2 0 2 1 1 2 2 0 2 0 2 2 2 1 0 1 1 2 1 1 2 0 2 0 0 0 2 2 1 0 1 1 1 0 0 2 0 0 1 1 1 0 0 0 1 2 2 2 1 1 1 1 1 0 2 1 2 1 1 1 2 0 0 1 2 0 1 0 1 2 1 0 2 0 1 1 2 1 2 1 0 1 2 1 1 0 0 1 1 0 1 1 1 1 0 1 2 1 2 2 1 1 0 1 1 1 0 0 0 2 1 0 0 2 1 2 2 0 2 1 1 0 0 2 2 0 1 2 2 1 1 1 2 1 2 1 1 0 1 1 2 1 2 0 1 1 1
1 2 0 2 0 1 0 1 1 0 0 0 0 1 0 1 0 2 2 2 1 2 2 0 0 0 0 1 2 1 2 0 1 0 2 2 1 0 0 0 2 0 1 2 2 2 2 1 2 2 0 1 1 2 2 2 0 2 1 2 0 1 0 2 2 1 2 1 1 2 2 1 1 1 2 0 0 1 2 0 1 0 1 0 2 0 0 1 0 2 1 1 0 0 1 0 1 0 2 0 1 1 2 2 2 1 0 0 0 0 0 1 1 0 2 1 1 2 2 2 2 2 1 1 2 2 1 0 0 0 1 2 2 1 2 2 2 0 2 0 1 1 2 2 2 2 1 0 2 1 0 2 0 1 0 0 1 2 0 2 1 0 1 0 1 1 0 2 1 0 2 0 1 0 2 1 2
1 2 2 0 2 1 1 2 2 2 1 2 0 0 1 0 2 1 2 0 2 2 2 0 2 2 2 2 2 1 2 0 1 2 1 1 1 0 0 1 2 1 1 2 2 2 1 2 1 1 0 1 0 0 2 2 2 2 2 1 0 1 0 2 1 2 1 0 2 1 1 2 1 0 2 0 0 1 0 1 2 0 2 0 1 2 2 1 2 2 0 0 2 1 0 0 1 1 0 0 0 2 0 2 0 0 0 0 1 1 2 1 2 2 1 1 0 1 0 2 1 0 2 0 2 0 1 0 2 2 1 0 2 1 2 0 2 0 1 1 2 1 2 0 2 1 2 2 0 2 1 2 0 1 2 2 2 1 0 1 1 2 2 1 1 0 2 2 1 0 0 1 0 1 2 2 2
1 1 0 1 0 2 1 1 2 2 0 1 0 0 2 2 2 1 2 0 0 1 2 2 2 1 2 0 0 1 1 2 0 2 1 0 2 0 1 2 0 0 1 1 1 1 1 1 2 0 2 1 2 1 1 2 0 0 0 1 2 1 1 2 2 2 2 1 0 1 1 1 1 0 2 2 2 0 1 2 2 1 0 1 0 1 1 0 2 0 1 1 2 0 0 1 2 0 0 0 2 2 1 0 2 0 1 1 2 0 0 1 1 2 0 2 1 0 2 1 0 1 0 2 1 2 1 1 2 1 1 1 1 0 0 0 1 2 2 0 0 1 2 1 0 1 0 1 1 0 0 2 2 1 1 0 0 0 2 0 0 0 0 1 1 0 0 1 0 2 1 0 1 2 2 1 0
0 1 2 0 2 1 2 1 2 0 2 0 2 0 1 0 0 2 2 1 2 0 1 0 2 1 1 2 0 1 2 0 0 1 1 2 2 1 1 0 1 1 1 1 1 2 1 2 1 1 0 2 2 2 2 0 1 1 2 2 2 2 0 2 1 2 2 2 0 1 2 2 2 0 0 2 2 0 1 1 1 0 0 2 0 0 2 0 2 1 2 1 1 1 2 0 0 2 0 1 1 2 0 0 2 2 0 2 2 0 1 1 1 0 0 1 0 2 1 0 2 2 0 0 0 2 1 0 2 1 2 0 1 0 1 0 2 2 0 2 0 0 0 1 0 1 0 1 1 0 0 0 2 0 2 2 0 0 0 2 0 0 0 1 1 1 0 1 1 1 0 2 1 0 0 2 2
1 1 1 1 1 1 1 2 0 1 2 2 1 2 2 1 2 1 0 1 1 1 1 0 1 0 2 0 2 2 2 0 1 0 2 0 2 0 2 0 1 2 2 0 1 1 0 1 1 0 2 2 2 0 0 0 2 1 0 1 1 0 2 2 0 1 2 0 2 2 1 1 1 0 1 2 0 1 0 1 0 0 1 2 2 0 0 1 1 2 0 2 2 2 2 0 1 2 2 1 1 0 2 0 1 1 2 1 1 0 0 1 0 0 1 0 0 1 1 2 0 2 2 0 1 2 2 0 1 1 1 0 2 1 0 0 0 2 0 2 0 1 1 1 1 2 2 2 1 1 1 2 1 1 0 0 0 0 1 1 1 2 1 1 1 2 2 2 2 0 1 2 1 0 1 0 2
0 0 0 2 2 0 0 0 2 1 1 2 2 0 1 2 0 2 0 2 2 2 2 2 1 1 2 1 0 0 1 1 0 2 1 2 0 2 1 2 1 0 2 1 1 1 1 1 1 1 2 2 2 1 2 0 0 1 0 2 1 1 1 2 1 2 2 2 0 1 2 1 2 2 0 1 0 1 0 0 0 2 2 2 1 1 1 0 0 2 0 2 0 1 2 0 2 0 0 2 1 2 1 2 2 1 0 0 0 1 0 2 2 0 1 1 2 0 1 0 0 1 2 2 1 0 2 0 0 2 2 2 2 0 1 2 0 1 0 1 1 1 0 0 2 0 1 2 1 1 2 2 0 2 1 1 2 1 1 0 0 1 0 0 2 1 0 0 1 1 1 2 2 0 2 1 0
0 1 1 1 0 0 0 1 2 1 1 0 0 0 1 1 0 2 1 1 2 2 2 0 2 2 0 2 1 2 2 0 1 0 2 0 2 2 1 1 1 0 2 2 0 1 1 1 0 1 0 0 1 0 0 0 0 1 2 2 1 1 2 2 0 0 0 2 0 2 1 2 0 1 1 1 0 1 0 0 0 1 1 1 1 2 2 2 1 1 2 0 1 2 1 1 2 1 1 1 1 0 0 2 0 0 0 0 1 0 1 1 2 0 0 1 1 2 1 2 2 0 1 0 1 2 2 1 0 1 2 1 1 0 0 2 0 2 2 2 0 2 1 0 0 1 2 1 1 0 2 0 2 0 1 0 2 0 1 0 2 2 2 1 2 0 1 0 0 1 2 1 1 0 2 2 1
1 1 0 2 0 1 1 1 0 2 0 0 2 1 0 1 1 2 1 2 0 1 1 2 1 2 1 1 2 0 0 1 1 2 0 0 1 0 1 2 2 0 0 1 2 1 0 1 0 1 1 1 2 2 1 0 2 2 2 1 0 1 2 0 1 1 0 2 1 2 2 1 2 0 0 2 1 0 0 2 0 2 1 2 2 2 1 2 2 1 1 0 0 2 0 2 0 0 0 2 0 2 0 0 2 1 0 1 0 0 0 0 0 1 0 0 2 2 0 2 2 1 2 0 0 0 0 1 1 1 1 2 0 2 0 0 1 1 1 1 2 0 2 0 2 1 1 2 0 1 1 0 2 2 1 1 2 2 0 1 0 2 1 0 1 2 1 0 0 1 0 2 2 2 2 2 1
1 2 2 2 0 0 0 2 2 2 2 1 2 1 2 1 0 1 0 2 0 1 0 2 1 2 1 1 0 1 0 1 0 0 2 1 0 0 2 1 2 1 2 1 0 0 1 1 1 1 1 2 0 1 2 2 1 0 1 2 2 2 1 0 0 0 2 0 0 2 1 0 0 2 2 2 0 0 0 1 2 2 0 0 1 2 2 0 1 1 2 1 1 1 2 1 2 2 0 1 1 2 1 2 1 1 2 1 2 1 0 0 0 2 0 2 2 0 0 1 0 2 0 1 1 2 1 2 2 1 1 0 0 0 0 0 2 0 2 2 1 1 2 2 0 0 1 0 2 1 2 0 2 2 2 0 2 0 0 2 1 1 0 0 2 0 0 2 0 0 1 2 1 2 1 2 0
1 0 2 2 2 0 2 2 0 0 2 0 1 1 0 0 2 1 0 2 2 2 1 2 1 0 2 0 2 1 2 1 1 1 0 1 2 0 1 0 1 1 1 0 0 2 0 2 0 0 2 0 0 0 0 2 0 2 0 0 0 2 1 0 2 0 2 2 1 1 2 0 2 1 0 1 1 2 0 2 0 0 0 1 0 0 1 2 0 2 0 1 2 0 2 2 0 2 1 2 0 1 2 0 2 0 1 1 0 0 1 1 0 1 0 2 2 1 1 2 1 2 1 1 2 1 0 0 0 2 2 1 1 2 2 1 1 2 2 1 2 1 2 2 2 2 2 1 1 0 1 0 0 0 1 0 1 0 1 2 2 0 0 2 1 0 0 2 2 0 0 1 2 1 2 2 1
1 2 0 0 0 1 1 1 0 1 0 1 2 2 2 1 0 1 0 1 2 2 0 2 0 0 2 1 0 0 1 2 2 2 0 0 0 1 2 1 1 2 0 0 2 2 2 0 1 2 1 0 2 0 2 1 1 0 0 1 1 1 1 0 0 2 0 1 1 2 0 2 0 1 1 0 1 0 0 2 1 2 2 1 0 2 0 1 0 1 0 1 0 1 1 2 0 0 0 2 0 1 2 0 2 0 0 1 2 2 0 1 1 2 0 1 0 1 0 0 0 0 2 0 1 1 0 0 2 1 0 0 2 2 1 0 1 0 1 0 2 0 2 1 0 2 0 0 1 0 1 1 1 1 0 2 2 0 0 0 2 1 0 0 1 2 0 0 0 2 0 0 2 2 1 0 2
2 1 1 0 2 0 1 1 1 2 1 2 0 2 2 2 2 2 0 2 0 1 1 0 1 1 0 1 1 1 1 0 1 2 1 1 1 0 0 2 0 2 2 1 1 2 0 1 1 1 0 2 2 1 0 0 1 1 2 2 1 0 2 2 1 1 0 0 0 0 2 0 0 2 1 1 1 1 2 0 2 1 0 1 2 1 2 1 0 2 0 2 1 0 2 0 2 0 0 2 1 0 0 2 2 2 1 1 1 0 2 1 1 2 1 2 1 0 0 2 1 2 2 2 2 1 0 2 1 0 2 0 0 0 0 1 2 1 2 1 2 2 0 2 0 1 1 2 2 2 2 1 1 1 1 1 2 1 2 0 2 2 2 1 2 2 2 2 1 2 2 0 2 2 2 0 1
1 2 1 2 1 0 1 2 1 0 2 0 2 0 0 2 2 1 2 1 0 1 2 1 1 1 1 0 0 1 2 2 1 2 1 2 2 2 2 1 0 1 2 0 2 0 2 2 1 1 0 0 1 1 2 2 2 0 1 2 2 1 2 0 0 1 0 0 2 0 0 0 2 2 2 1 0 2 0 0 2 1 1 0 0 0 0 2 1 2 2 0 1 0 0 2 2 1 1 1 1 1 0 0 0 2 1 1 1 2 1 0 1 0 1 2 0 0 2 1 2 1 1 1 2 2 2 2 1 0 1 2 1 1 0 2 1 1 1 0 1 0 1 0 0 1 2 0 1 1 2 1 1 1 0 0 0 2 0 2 0 2 1 1 1 2 0 0 2 0 1 0 0 2 2 1 1
1 1 0 1 1 2 0 2 0 1 1 0 2 0 0 2 0 2 0 0 0 1 2 0 2 0 1 0 2 2 1 1 1 0 0 0 2 0 0 0 2 2 1 1 0 2 1 1 1 1 2 1 0 1 0 0 2 1 0 1 1 0 1 2 0 1 0 2 2 1 0 1 1 1 0 2 0 1 1 2 0 0 0 1 2 0 2 2 2 2 1 0 2 2 1 2 2 2 2 1 1 0 0 2 1 1 2 2 0 0 1 0 1 0 0 1 1 2 0 1 2 2 2 0 2 1 0 1 0 0 0 2 1 1 2 0 2 2 0 2 2 2 0 2 2 0 0 0 0 1 2 0 0 0 0 0 1 0 1 0 1 2 0 1 0 0 1 2 0 2 2 0 1 1 2 1 1
0 0 0 1 0 0 2 0 1 0 0 2 2 1 2 2 1 0 0 2 2 0 2 1 1 0 1 2 0 2 1 1 0 1 2 1 2 2 1 0 0 2 1 0 0 0 2 0 1 0 0 0 2 0 2 1 1 0 0 1 1 1 2 1 1 0 2 0 2 2 1 0 1 0 0 0 0 1 1 2 2 1 2 1 2 1 0 0 0 0 0 1 0 2 2 1 2 0 2 0 2 1 0 1 1 2 2 2 0 1 1 2 1 0 2 0 0 0 2 1 1 2 2 2 2 2 1 0 2 0 1 1 2 2 1 1 1 0 1 1 0 2 2 1 1 2 1 1 2 1 2 1 1 2 1 2 1 2 0 1 1 1 0 1 0 2 2 2 0 0 1 1 1 1 2 2 1
1 0 2 0 0 1 1 0 0 1 1 0 1 0 1 2 2 2 1 1 0 0 2 1 2 0 2 1 2 1 0 2 2 2 2 2 1 1 0 2 0 2 2 1 0 1 2 2 1 0 1 1 1 0 1 0 2 0 2 1 2 0 0 1 0 0 2 2 0 2 1 0 2 1 2 1 0 1 0 1 2 2 1 0 1 0 2 0 0 1 2 0 2 0 2 1 1 2 0 1 2 0 2 0 2 2 1 2 1 2 1 1 2 0 2 0 0 1 0 1 0 2 1 0 0 1 1 2 1 0 1 1 1 1 2 0 1 0 2 0 0 1 1 2 2 2 2 2 0 0 1 1 0 1 2 1 2 1 1 2 2 0 0 1 2 0 1 1 0 1 1 0 0 1 1 0 0
1 2 0 2 2 2 0 0 2 1 0 1 1 2 2 2 0 0 1 0 2 2 1 1 1 0 1 2 1 1 2 0 2 0 2 2 0 0 2 2 2 0 1 1 0 0 0 0 1 2 2 1 2 0 2 0 1 2 0 2 1 2 0 1 0 0 0 0 1 0 0 1 2 0 2 2 0 0 0 2 2 0 1 1 1 2 1 2 2 1 0 1 2 1 0 0 2 1 2 0 0 0 2 2 0 2 2 2 2 2 2 1 0 2 2 2 1 1 2 1 0 0 2 0 1 2 2 2 2 1 2 2 2 0 1 0 2 1 0 2 0 0 0 1 2 1 1 1 0 1 2 1 2 2 0 2 2 2 1 2 1 1 1 0 1 0 1 1 1 1 0 0 0 1 2 2 2
1 2 0 0 1 2 2 1 2 1 2 1 0 1 2 2 0 0 0 1 2 1 1 1 2 1 1 2 0 1 2 2 1 0 2 2 2 0 2 1 2 1 0 0 0 0 2 1 0 2 0 0 2 1 2 2 0 0 1 0 2 1 0 0 1 0 1 0 0 1 2 0 2 0 0 0 0 0 2 1 2 2 2 2 1 2 2 1 2 0 2 0 1 2 1 0 0 2 1 1 0 0 1 0 1 2 1 1 2 1 1 0 1 1 2 2 0 1 1 2 0 0 0 2 0 2 0 1 2 1 0 1 0 2 1 1 2 0 1 2 2 2 2 0 0 2 2 0 2 0 0 2 1 2 2 2 1 2 1 1 2 1 2 0 1 2 1 1 0 0 1 0 2 0 0 0 0
1 1 2 1 0 2 0 2 2 0 1 2 1 2 2 1 2 2 2 2 2 1 2 2 2 2 0 0 1 1 1 2 0 1 1 1 1 2 1 1 0 0 1 0 2 1 1 2 1 1 1 0 0 2 1 0 1 1 1 2 0 0 1 1 1 0 2 0 0 1 2 0 1 1 1 1 0 2 1 1 2 1 0 0 0 1 0 1 0 2 2 0 2 1 2 2 2 2 2 2 1 2 1 2 1 2 1 1 0 0 0 0 1 0 0 1 2 1 0 2 1 0 1 1 2 1 0 1 1 1 2 2 1 1 0 2 0 1 0 1 2 0 1 1 2 2 0 1 1 2 2 2 2 1 0 1 2 2 1 1 0 0 1 1 1 2 0 2 1 1 2 2 2 0 0 1 0
2 1 2 1 1 1 1 2 2 0 2 1 2 0 1 0 2 0 1 1 1 1 0 0 0 2 0 2 0 2 0 2 0 2 1 1 0 0 1 0 1 0 2 1 1 1 1 1 0 0 0 1 1 1 2 0 1 0 2 1 2 2 2 1 2 1 0 2 2 2 0 1 0 2 2 2 2 0 1 2 0 2 1 0 0 0 0 1 0 0 0 1 0 2 0 2 2 0 2 1 0 2 0 1 0 2 1 2 1 2 2 2 1 0 0 2 2 0 0 0 1 1 2 1 1 2 0 0 0 2 0 1 2 0 0 0 0 2 0 2 2 2 2 1 0 2 0 0 1 2 2 2 1 1 2 2 1 2 1 2 0 1 0 0 2 1 0 2 1 0 0 0 0 0 2 1 2
1 2 1 0 2 2 1 0 2 1 1 1 2 1 2 0 0 2 2 2 0 0 0 1 0 0 2 0 0 1 0 1 1 0 2 0 0 0 0 2 2 0 0 2 2 1 0 2 1 0 1 2 1 1 1 2 0 1 2 1 2 0 2 1 0 2 1 1 0 2 0 2 0 1 1 0 0 2 2 1 0 2 1 2 0 0 1 1 1 1 2 1 2 1 2 1 1 1 2 1 0 0 1 1 2 0 1 2 0 1 1 1 0 0 0 2 0 2 0 2 1 0 1 1 2 1 0 1 2 2 2 2 2 0 1 2 1 0 2 1 0 1 1 0 1 1 2 2 1 1 2 0 1 0 1 1 1 1 2 1 2 2 1 2 0 0 2 2 1 1 2 1 2 0 0 1 2
0 1 1 1 0 2 0 1 0 2 0 0 1 1 2 1 0 2 2 1 1 2 0 1 1 2 1 1 0 0 1 0 1 2 2 0 2 2 1 1 2 2 1 1 1 1 2 2 0 2 1 0 2 2 1 1 2 2 1 2 0 0 0 2 0 2 0 0 0 1 1 2 1 0 1 0 2 2 0 0 1 2 0 1 2 2 1 1 0 2 1 1 2 1 1 0 2 1 0 2 0 2 2 2 2 2 0 1 1 1 0 0 1 1 2 0 1 0 1 2 0 2 1 0 1 0 0 0 1 2 0 2 1 0 2 2 2 0 1 1 1 1 1 2 0 0 2 2 1 1 2 1 1 0 2 0 0 0 0 0 2 2 2 0 0 2 2 0 1 1 1 2 0 2 0 0 1
0 2 0 0 1 0 1 2 2 2 0 2 1 0 2 0 1 0 0 0 0 0 1 2 2 2 0 1 0 0 0 1 1 1 1 0 1 1 0 0 0 1 1 1 2 0 1 0 1 2 2 2 0 1 2 2 0 0 2 1 2 2 0 0 0 2 1 2 0 2 0 1 1 2 2 0 2 2 1 2 2 0 1 0 1 1 0 0 2 2 1 1 0 2 2 1 2 0 1 2 0 2 1 1 1 2 2 1 2 0 0 1 1 2 2 0 1 1 0 1 0 0 0 1 0 2 0 2 0 1 0 1 0 1 2 2 0 1 0 0 2 1 2 1 1 2 2 0 0 2 1 2 0 1 0 1 1 0 1 2 2 1 1 2 1 1 1 2 1 0 0 0 2 2 2 0 2
1 1 0 1 0 2 2 0 0 1 1 1 2 1 0 1 0 1 2 2 0 2 0 0 2 1 0 2 0 2 2 2 0 0 2 1 2 2 1 0 0 1 2 2 0 1 0 1 2 0 0 0 1 1 2 0 2 2 1 1 1 0 0 2 0 0 1 0 2 0 1 2 1 1 0 2 2 1 1 1 0 2 1 1 0 0 1 2 1 0 1 2 0 0 2 1 0 1 2 1 1 1 0 1 0 1 1 2 0 2 1 0 2 0 1 2 1 0 2 0 1 1 2 2 1 2 1 2 1 1 0 1 0 2 2 0 0 1 2 0 1 0 0 0 1 2 0 0 0 0 1 1 2 0 1 0 1 0 1 0 2 1 1 2 1 1 1 2 2 1 2 0 2 1 1 1 0
1 2 1 2 0 0 1 1 2 0 0 2 2 2 1 0 0 2 2 0 1 2 2 2 2 1 2 0 2 0 2 1 0 0 1 1 1 0 1 0 0 1 2 2 0 2 1 2 2 1 2 0 0 1 2 0 0 2 1 0 0 1 2 2 1 0 0 0 0 1 1 2 1 2 2 2 1 1 1 1 2 0 1 0 0 1 1 0 1 0 0 0 2 2 2 0 0 0 2 1 0 0 1 1 2 0 0 1 2 2 2 2 0 1 0 0 0 2 2 2 0 0 2 2 0 1 0 1 0 2 2 0 1 1 1 1 2 2 0 2 2 0 1 0 2 2 1 0 2 0 2 2 1 0 1 2 2 0 1 2 0 1 2 1 2 1 1 2 1 2 1 0 2 0 1 2 0
0 0 0 1 1 2 0 1 2 0 0 2 2 0 2 1 0 2 1 0 0 1 1 2 0 2 2 0 1 0 2 2 0 2 1 1 1 2 2 1 0 1 0 2 1 1 1 2 1 0 2 2 2 1 1 2 1 1 1 0 1 0 0 2 2 1 1 1 1 1 0 0 0 1 2 1 2 2 1 1 2 1 0 1 0 2 1 2 1 2 2 0 2 0 2 1 0 2 0 2 1 0 2 1 2 0 0 2 2 1 1 2 0 2 0 1 1 1 0 0 2 1 1 1 2 1 0 2 0 1 2 1 2 2 2 1 2 2 1 1 2 0 0 2 0 1 0 1 1 2 2 0 0 1 2 0 2 2 0 0 1 0 1 1 2 2 0 2 1 2 1 1 0 0 1 0 1
2 0 0 1 0 1 2 1 1 0 0 1 1 1 0 1 1 2 1 0 2 0 2 0 0 1 0 0 2 2 2 2 2 0 1 2 1 1 0 2 2 1 2 0 0 2 2 1 1 1 2 2 2 1 0 2 2 1 2 2 0 2 2 2 0 1 2 2 0 0 0 0 2 2 1 0 2 2 1 1 0 0 1 0 2 1 0 0 0 0 0 1 0 0 1 1 1 1 1 0 2 1 1 2 1 2 2 0 2 1 1 2 2 1 1 1 2 1 2 0 2 0 2 0 0 1 1 0 2 0 0 2 1 1 1 0 1 0 0 1 2 0 1 1 1 2 1 1 1 0 2 1 0 2 2 1 0 1 1 0 2 2 0 1 0 1 2 2 0 0 0 2 0 2 2 2 2
0 2 1 1 2 2 2 1 2 1 2 0 0 2 0 2 0 2 0 2 2 2 0 2 0 0 1 0 2 1 2 0 0 0 2 2 2 2 1 2 0 0 0 1 1 0 0 1 0 0 1 2 2 1 0 0 2 2 0 2 0 0 0 2 0 0 1 1 2 1 0 0 1 1 1 0 0 1 2 0 2 1 1 1 0 1 2 0 1 0 2 1 0 0 0 2 0 0 1 0 1 2 0 0 1 1 1 1 0 1 2 2 2 0 2 0 2 2 1 0 2 2 0 1 0 1 1 1 1 2 1 0 1 0 2 0 1 1 2 0 0 0 2 0 0 2 1 1 2 0 2 2 2 2 1 0 2 2 2 1 1 1 2 0 1 2 2 1 0 2 1 0 2 1 0 1 2
2 2 1 0 2 1 2 2 2 0 2 1 0 0 0 2 0 2 1 2 2 2 2 1 1 0 1 1 1 2 1 0 2 2 1 1 2 2 1 1 2 0 1 0 1 2 0 2 2 1 2 1 2 2 0 0 0 2 2 1 1 0 2 0 1 1 1 0 0 0 2 0 1 0 1 2 1 1 2 0 0 2 2 2 1 0 0 1 2 1 0 0 1 1 1 0 2 2 0 0 0 1 1 2 1 0 2 0 1 2 1 2 1 1 2 1 1 1 2 0 2 1 1 1 2 2 2 2 2 0 2 1 1 0 1 1 1 0 1 1 1 0 0 2 1 1 0 2 2 1 0 1 2 1 0 2 1 2 1 2 1 0 0 0 1 1 2 0 2 2 2 0 2 0 0 1 1
1 1 0 0 2 2 0 1 0 2 0 0 0 0 2 1 0 0 1 2 0 2 1 2 1 2 2 1 0 1 0 2 2 1 0 2 1 1 2 2 1 0 0 2 0 0 2 0 1 0 2 1 2 1 1 0 0 1 1 1 0 2 1 0 1 2 1 0 0 0 2 2 0 2 0 0 0 2 1 1 2 1 0 1 2 2 1 1 1 0 2 2 0 1 2 1 0 0 2 2 1 1 1 1 1 1 2 2 0 0 1 0 2 1 1 0 1 0 1 0 2 1 2 2 0 0 1 0 1 0 2 0 2 2 2 1 1 2 1 0 0 0 0 0 2 0 1 2 1 2 2 0 0 0 2 1 0 1 0 1 2 2 2 2 2 2 1 1 1 0 1 2 0 2 0 1 2
1 0 1 1 0 1 0 0 2 1 1 1 1 1 1 2 0 0 1 2 2 0 1 0 2 1 0 2 1 2 1 0 0 0 1 1 0 1 2 2 1 2 0 2 0 2 2 1 0 1 1 2 2 0 2 2 1 1 2 1 0 1 1 1 2 0 0 2 0 0 2 1 2 0 1 0 0 1 2 0 0 1 2 2 1 0 2 0 1 1 1 2 0 0 1 0 1 1 0 1 0 2 0 2 2 0 0 2 1 0 0 2 1 1 2 2 1 2 2 0 1 1 2 2 1 2 2 1 1 2 2 1 2 1 1 2 1 2 2 0 2 0 2 0 1 1 2 0 1 0 0 0 2 0 0 2 2 0 0 1 0 2 0 0 1 1 0 2 1 0 2 0 0 1 1 2 0
2 2 2 2 2 2 1 1 0 1 0 1 1 2 2 1 0 0 0 2 0 0 1 1 0 2 2 2 1 2 0 0 1 2 0 2 0 2 0 1 1 1 2 2 2 2 1 2 0 2 2 1 0 1 0 0 1 0 0 2 2 0 0 1 1 0 1 2 0 2 0 1 1 0 2 0 2 0 0 2 2 0 2 2 2 2 1 0 2 1 0 2 0 0 2 1 1 0 1 1 0 1 0 2 2 2 2 1 0 0 2 1 1 1 1 0 1 2 1 1 1 1 1 1 1 0 0 2 1 1 2 2 0 2 1 2 2 1 1 0 2 0 1 0 2 0 1 1 2 2 0 0 2 1 2 0 2 2 1 1 1 0 0 1 0 2 0 0 0 2 0 0 0 0 0 1 0
2 2 2 0 0 1 2 1 1 0 1 1 2 2 2 0 0 1 1 2 2 1 0 1 0 0 2 0 2 1 1 1 0 0 1 1 2 1 2 1 2 1 0 1 1 2 2 2 1 0 2 1 0 0 0 1 1 0 2 0 1 0 2 2 1 1 0 2 0 1 0 0 0 1 2 1 0 1 1 0 0 2 2 1 0 2 0 1 1 2 0 2 0 0 2 1 1 0 0 2 2 1 0 2 2 0 2 1 2 1 1 2 0 1 1 0 0 1 0 1 1 0 2 1 0 2 0 2 2 1 2 2 0 0 2 0 0 1 1 0 0 0 0 1 1 2 2 0 1 0 2 0 0 1 2 1 0 0 0 1 2 0 1 0 1 0 0 2 0 0 2 1 0 0 2 0 0
2 0 1 2 2 2 0 2 2 2 2 2 1 1 2 2 2 2 1 1 1 1 1 1 0 2 2 1 1 0 1 2 0 1 1 1 0 0 0 0 2 0 1 0 2 0 0 1 1 2 2 2 0 1 1 1 0 1 0 0 2 2 2 2 1 1 1 2 1 1 0 2 2 2 0 1 2 1 0 0 1 1 0 1 2 1 0 1 1 2 1 0 1 1 0 0 2 2 2 2 1 0 2 1 2 0 2 2 2 1 0 1 0 1 0 2 0 2 1 2 1 2 2 0 1 1 0 1 1 0 1 2 1 0 1 1 1 1 1 0 2 2 2 0 1 0 0 2 2 2 2 0 2 2 1 1 0 1 2 1 2 1 2 0 2 0 2 1 1 0 2 2 0 2 2 2 2
0 2 2 0 2 0 0 1 1 1 0 0 2 2 2 0 1 1 1 1 1 2 1 2 2 1 0 1 0 0 1 2 0 1 0 2 1 0 2 0 2 0 1 1 2 1 0 1 0 2 2 1 2 1 0 1 2 1 1 1 2 0 0 2 2 1 0 0 1 2 2 1 2 0 1 2 2 2 0 2 1 1 0 1 2 1 2 0 2 1 1 2 2 2 2 1 0 0 2 2 2 2 0 2 0 2 1 2 1 0 0 0 1 0 1 1 2 2 1 0 0 0 2 0 2 2 1 2 2 2 1 2 1 2 1 1 2 1 2 1 2 0 1 0 0 1 2 1 1 2 1 2 2 0 0 2 1 2 1 0 1 1 0 1 1 2 2 0 1 2 1 0 2 1 1 1 0
2 2 1 1 0 0 0 1 1 0 2 1 0 1 0 1 2 1 2 1 2 2 1 1 2 1 2 0 1 1 1 0 0 2 1 1 0 2 0 2 0 1 1 0 2 1 1 1 0 0 0 2 0 1 1 2 0 1 0 1 0 1 1 0 1 0 2 0 2 0 2 0 1 1 0 1 0 2 2 0 0 2 0 2 1 0 1 2 2 2 1 0 1 0 1 0 0 2 0 0 0 0 1 1 2 2 0 2 0 2 1 1 2 1 0 1 2 2 0 0 2 2 0 0 2 2 1 0 1 1 2 1 2 0 0 1 0 0 1 1 0 2 0 1 1 0 2 2 0 1 2 0 0 0 1 1 0 0 2 2 0 1 1 2 2 0 2 1 0 0 2 2 0 2 0 2 1
0 1 1 1 1 2 0 1 1 2 2 1 1 2 2 1 1 2 0 1 2 2 0 0 2 2 0 2 0 2 0 0 2 0 0 0 0 0 0 2 2 0 1 1 0 1 2 1 1 1 0 0 0 0 0 0 0 0 0 1 0 1 2 2 1 2 1 2 0 1 1 0 1 0 2 1 1 2 0 2 1 0 2 0 1 0 0 2 0 1 0 1 0 1 2 2 0 0 2 1 1 1 1 0 1 1 2 0 1 2 0 2 1 0 0 0 0 1 0 1 0 1 0 1 2 2 1 0 2 1 2 1 2 0 2 2 0 1 2 1 1 1 1 2 1 2 0 2 1 1 0 2 2 1 1 0 0 2 1 0 1 0 2 1 1 1 0 1 0 1 0 2 2 2 2 0 2
0 0 1 1 1 0 2 0 1 0 1 1 1 2 2 2 0 1 0 1 2 0 0 0 0 0 0 0 0 2 0 1 2 1 0 1 0 0 2 2 0 1 2 1 1 2 0 1 1 2 1 1 2 2 2 0 2 1 1 2 0 1 1 0 1 2 2 2 0 2 1 1 0 1 0 2 1 2 1 2 1 0 1 1 2 1 1 1 0 2 1 0 2 0 0 0 0 0 2 0 2 1 1 0 0 0 0 1 2 2 1 0 2 0 2 1 2 0 0 2 1 1 2 0 1 0 1 2 1 1 0 1 2 2 2 0 2 2 2 1 2 1 2 1 1 1 2 1 0 0 0 1 1 2 1 1 0 0 0 1 1 0 1 1 1 0 2 0 0 1 2 2 0 1 0 2 1
0 0 1 0 1 0 2 1 2 0 2 2 2 1 0 0 2 1 1 2 1 2 0 1 2 2 2 1 0 2 2 1 0 1 1 2 1 2 0 1 2 0 0 2 2 1 0 1 1 1 2 2 1 2 1 0 2 1 2 0 1 2 2 1 1 1 1 0 0 2 0 1 2 0 0 2 0 1 1 1 0 1 1 2 0 0 0 0 1 2 1 2 2 1 1 0 2 0 2 1 0 2 2 0 0 2 0 0 1 2 1 2 0 1 1 0 1 2 2 0 2 1 0 2 2 1 0 1 2 2 2 2 2 2 1 0 0 1 1 2 0 1 1 0 2 0 1 1 1 0 1 0 1 2 0 1 0 1 0 1 1 0 1 1 1 2 2 1 0 0 0 1 2 1 2 1 2
1 2 1 2 1 2 2 0 0 0 2 1 1 0 1 0 1 2 1 1 2 2 2 0 2 1 0 1 1 1 1 0 2 0 1 0 0 0 2 0 1 1 0 0 1 1 1 0 1 2 2 0 2 2 0 1 1 0 0 0 0 1 1 0 2 2 1 2 2 0 1 0 1 1 1 0 2 2 2 0 2 1 0 1 1 1 2 2 0 0 0 1 0 2 1 2 1 2 0 1 1 1 2 0 2 1 1 1 1 1 1 1 2 2 2 1 1 0 1 1 0 1 2 0 1 1 0 2 2 0 0 0 1 1 0 1 2 2 2 1 0 1 2 1 1 2 2 2 0 0 2 0 0 2 1 1 1 2 2 1 0 0 1 2 1 2 0 1 0 0 0 1 2 2 2 1 2
1 1 2 0 0 0 1 1 2 0 0 2 0 1 2 1 0 1 2 2 2 1 0 0 1 2 2 1 1 1 2 1 2 1 2 1 2 0 2 2 1 2 1 2 1 1 1 1 0 0 1 2 2 2 2 1 1 2 0 2 1 0 1 1 1 0 2 2 1 2 1 1 1 1 0 2 2 1 1 0 2 2 2 0 1 0 1 2 0 2 0 2 2 1 1 2 2 1 1 1 0 0 2 2 1 0 2 1 2 0 1 0 2 1 0 1 2 1 1 1 1 1 1 1 1 2 0 1 0 1 2 1 2 0 0 0 0 2 2 1 0 1 1 2 0 1 1 0 2 1 1 1 0 0 0 1 2 0 2 0 0 0 1 0 0 1 1 1 1 1 2 1 2 0 2 0 2
1 2 2 2 1 1 0 2 2 2 2 1 2 0 1 0 2 1 0 2 2 2 0 1 2 0 2 0 0 0 0 1 2 0 2 2 2 0 1 2 2 0 0 2 1 1 2 1 0 2 1 0 0 2 0 2 2 0 0 0 0 1 0 1 2 2 0 2 2 2 2 2 0 2 2 2 1 1 1 2 2 2 2 2 1 0 2 2 0 2 2 1 2 0 0 1 2 0 1 2 2 0 2 0 2 1 2 1 0 1 0 2 1 1 1 1 1 1 1 2 1 1 1 1 2 1 2 1 2 1 2 2 2 2 2 2 1 0 0 1 1 2 1 1 0 0 2 1 2 1 1 1 2 0 2 1 2 2 1 1 1 0 1 1 0 1 1 1 2 2 2 0 1 1 2 2 0
2 2 2 0 1 1 0 2 1 2 2 0 0 1 0 1 0 2 1 2 1 2 1 0 0 2 0 1 2 2 1 2 2 1 2 1 2 0 0 0 0 2 2 0 1 0 0 0 2 1 2 0 2 1 1 2 1 1 0 0 2 0 2 1 1 0 0 2 0 0 0 0 1 0 2 0 0 2 0 0 1 0 0 0 1 0 2 0 2 1 0 1 1 1 1 0 2 1 2 2 0 0 1 2 0 1 0 2 1 1 2 2 2 1 1 1 2 1 1 1 2 2 1 1 0 2 2 2 1 1 0 1 2 2 1 1 1 2 1 2 1 1 2 0 2 0 2 1 0 0 0 2 0 2 1 2 1 1 2 2 0 2 2 1 2 1 2 0 0 1 0 1 2 0 2 2 1
1 1 1 1 2 2 0 1 1 2 0 2 1 1 2 2 1 0 1 2 0 0 0 2 0 2 2 1 2 2 0 0 1 2 0 1 1 0 0 2 2 1 1 0 0 2 2 1 0 2 0 2 2 1 1 0 2 0 2 1 2 2 1 1 2 2 0 1 2 1 1 2 0 1 0 0 0 0 2 1 0 1 0 2 2 0 0 1 1 2 0 2 2 0 0 2 2 1 0 2 2 0 1 1 1 2 1 2 1 1 0 1 2 2 2 2 2 0 2 0 0 0 2 2 0 0 2 0 2 0 2 0 0 1 1 2 2 0 1 0 1 1 2 1 1 1 2 0 1 2 2 1 2 2 1 0 0 1 0 0 2 0 0 0 1 1 2 0 0 0 1 1 2 1 1 1 0
1 2 2 0 1 1 0 1 1 0 2 2 1 2 2 2 0 2 2 2 2 2 2 0 2 2 2 1 1 1 1 2 1 1 0 2 0 0 1 1 2 0 1 1 0 0 1 1 0 0 0 0 0 1 0 2 0 0 1 1 2 0 1 0 1 1 0 1 2 2 0 2 2 1 1 0 2 0 1 2 0 0 0 1 1 0 2 2 2 0 0 1 0 2 2 2 1 0 1 1 2 2 1 0 1 0 1 1 0 0 1 1 1 2 2 2 0 1 1 2 2 2 1 0 2 0 0 0 1 2 1 1 2 2 2 1 0 1 0 0 1 0 1 2 2 1 2 0 0 1 1 0 0 2 1 2 1 1 0 0 1 1 1 1 2 1 1 2 2 1 1 1 1 0 1 1 2
1 2 0 2 0 0 0 0 2 2 1 1 0 1 0 1 1 0 1 2 1 2 2 2 0 1 2 0 0 0 0 1 0 1 1 1 2 1 2 2 1 1 1 1 1 1 0 2 1 2 2 0 1 2 1 2 1 0 0 1 1 1 0 0 2 2 1 2 0 1 2 1 1 0 2 2 1 0 2 1 2 1 2 1 1 0 1 2 1 2 0 1 0 1 1 1 0 0 1 0 0 0 2 2 0 2 1 2 2 1 1 0 0 1 1 1 2 0 0 2 0 1 0 1 2 2 2 0 0 1 1 0 1 0 2 2 0 1 2 0 0 1 0 0 0 0 1 1 1 1 0 1 0 1 0 2 0 0 0 0 1 1 2 1 2 2 0 2 2 0 1 2 2 2 0 2 2
2 1 1 1 1 2 1 2 0 2 0 1 2 2 0 2 1 2 1 1 0 2 0 0 0 1 0 2 1 1 0 0 2 1 2 1 2 2 1 0 2 0 2 2 2 2 1 1 2 0 2 0 2 1 1 0 2 2 2 1 0 0 2 0 2 2 2 2 2 1 2 1 2 1 0 1 1 2 0 1 0 0 1 2 1 0 0 1 0 0 0 1 1 0 1 1 0 2 0 0 1 2 1 0 1 2 1 2 2 2 1 0 2 0 0 2 1 0 1 1 1 2 0 2 0 0 0 0 2 1 0 0 0 2 0 1 2 2 0 0 1 2 0 1 1 1 0 2 2 0 2 0 2 2 0 2 0 1 0 2 2 1 2 0 0 0 1 0 2 0 0 1 0 2 0 1 0
1 1 2 2 1 1 1 1 1 1 2 1 2 1 0 0 2 1 0 2 0 2 0 1 2 1 2 2 2 1 0 2 2 1 1 1 2 1 0 1 2 2 2 2 0 1 0 0 0 1 0 1 1 0 0 1 2 0 1 2 1 1 2 2 2 0 0 2 1 0 1 2 2 1 2 1 0 2 2 0 1 2 0 2 0 0 1 1 0 0 1 2 1 0 1 2 0 2 1 0 0 2 0 0 2 2 2 2 1 2 1 1 2 1 0 0 1 2 1 2 0 0 1 0 0 1 2 2 0 0 0 0 1 0 1 1 0 1 0 1 1 1 0 1 2 2 2 1 2 2 1 0 2 1 0 0 2 2 0 0 0 0 1 2 0 0 1 0 2 2 2 1 1 1 2 2 0
0 0 2 2 0 2 1 1 0 2 1 0 2 1 2 0 2 1 0 0 1 1 1 0 2 2 2 0 0 1 1 0 0 0 2 0 1 1 2 1 1 0 0 0 2 2 2 2 1 2 1 2 2 2 2 2 1 0 0 2 1 1 2 1 2 2 2 0 1 2 0 2 0 1 0 2 0 2 2 1 0 0 1 0 0 1 2 2 1 2 2 1 1 2 0 0 2 0 2 0 0 2 0 1 1 0 0 1 1 0 2 1 1 1 2 1 1 1 2 2 1 1 1 2 0 2 2 2 0 1 0 0 1 0 1 2 1 0 1 0 0 2 1 0 0 1 2 1 2 1 2 1 0 0 0 1 0 0 1 0 0 2 1 2 0 2 0 2 2 1 2 1 0 1 1 2 2
0 1 1 0 1 0 0 0 0 2 0 2 2 1 2 2 2 2 2 1 2 2 1 2 1 0 2 1 1 2 0 2 1 0 2 2 0 1 2 2 1 0 1 0 1 1 2 1 0 0 2 0 0 1 2 1 1 2 0 0 2 1 0 1 1 0 1 1 2 2 1 1 0 2 1 2 0 2 0 2 0 2 0 0 2 2 2 1 2 0 2 2 1 2 0 0 0 0 1 0 2 0 1 2 0 0 2 2 0 2 1 0 2 1 0 1 1 1 1 0 1 0 1 0 0 1 0 0 2 2 0 1 0 2 1 1 1 1 1 1 0 2 0 1 1 1 0 2 2 1 0 1 1 1 1 1 1 2 2 0 2 0 0 0 1 2 2 2 1 0 1 1 0 1 0 1 0
1 1 2 2 0 1 1 1 0 0 2 0 0 1 0 2 1 0 0 1 1 2 2 1 0 2 2 0 2 1 0 0 1 2 0 1 1 2 2 2 0 0 0 1 2 1 0 1 1 0 2 2 0 2 2 1 2 2 1 1 1 2 2 2 2 0 0 1 0 1 1 0 2 1 2 2 0 2 0 0 0 2 2 1 2 2 1 1 1 0 1 1 0 1 0 0 2 2 1 2 1 1 0 1 2 1 0 1 0 0 1 2 0 1 1 1 1 2 0 0 1 1 1 1 2 0 2 1 0 0 1 1 1 0 2 2 1 2 0 2 0 1 2 1 0 1 0 1 1 1 0 2 0 1 1 0 2 0 2 2 2 2 0 1 2 0 0 1 0 1 1 1 0 1 0 1 0
0 0 1 2 0 2 0 0 0 1 0 2 1 0 1 0 1 0 0 0 2 1 0 0 1 2 2 2 0 1 2 1 2 1 1 0 1 2 1 0 0 1 2 1 2 1 0 1 1 0 1 0 0 2 2 1 1 2 1 2 0 1 1 2 2 2 0 2 1 2 2 2 1 1 1 0 0 1 2 1 0 0 0 0 0 2 2 2 1 0 2 2 1 0 2 1 0 1 0 2 0 2 2 1 1 0 0 2 2 2 2 2 1 2 0 2 2 2 2 1 2 1 0 1 2 0 2 0 1 0 0 2 0 2 1 0 0 1 2 0 2 1 0 1 0 0 1 0 0 0 1 2 0 2 0 0 0 0 1 1 1 1 1 2 1 0 2 2 2 1 0 2 1 0 0 2 1
1 0 1 2 1 1 0 1 2 0 1 0 1 0 2 1 2 1 0 0 1 2 2 0 2 2 1 0 0 1 1 2 1 0 2 0 2 2 1 2 2 0 2 2 2 1 0 1 0 0 1 1 0 1 2 0 1 1 0 2 0 2 2 1 2 1 0 2 1 1 1 1 0 1 1 2 1 2 0 1 0 2 1 0 1 1 0 0 2 1 2 0 0 2 2 0 0 2 2 2 2 1 1 2 0 0 2 1 2 0 0 0 2 1 0 1 2 2 1 0 0 1 1 2 0 1 2 1 1 0 1 1 1 0 1 2 0 0 1 2 0 2 2 0 1 1 1 2 1 1 2 1 0 1 1 1 2 1 0 1 1 2 2 0 2 1 0 0 1 1 2 2 1 0 0 0 2
0 2 0 1 2 2 1 0 1 0 2 0 1 2 2 1 2 2 1 1 0 1 0 2 1 0 1 2 1 1 1 1 1 1 2 0 1 2 1 0 2 2 0 1 1 0 0 0 2 1 2 0 0 0 0 2 1 2 1 2 1 1 1 0 2 1 1 1 0 0 2 1 2 0 0 0 0 1 2 0 0 1 1 1 1 2 1 0 1 0 0 0 1 1 2 2 2 0 1 1 0 1 0 1 1 0 1 2 2 1 0 0 0 2 2 2 2 1 0 1 2 0 2 1 2 2 1 2 2 2 0 0 1 0 2 0 2 2 0 1 0 1 2 0 0 2 1 0 1 1 1 1 2 1 2 2 0 0 1 0 0 0 2 2 1 1 0 0 0 0 0 1 2 0 2 2 0
0 2 1 2 1 2 2 0 2 1 0 0 0 1 1 1 1 1 2 2 1 1 0 2 1 2 1 1 1 1 2 0 1 2 0 2 2 0 2 2 1 1 0 2 0 2 1 1 0 1 0 2 2 1 1 1 0 2 0 0 1 0 1 2 0 1 2 2 2 2 2 1 0 0 1 1 2 0 2 1 2 1 0 1 2 2 0 1 2 0 2 1 1 0 1 1 2 1 1 2 1 0 1 2 0 2 2 1 0 1 2 2 2 2 1 0 2 2 1 2 0 0 1 1 0 0 0 2 2 2 1 1 0 2 1 1 0 0 0 1 0 2 2 2 2 0 2 2 1 1 2 1 1 1 0 2 1 1 0 1 0 2 2 1 0 2 0 1 2 1 2 0 0 1 0 2 0
0 2 1 0 1 0 2 2 0 2 2 0 0 0 0 0 1 2 0 0 0 2 0 1 2 2 2 1 2 0 2 0 2 1 1 2 1 1 2 0 0 1 0 1 0 1 1 1 1 0 2 2 2 0 2 2 2 2 2 2 2 1 1 0 0 2 2 2 0 1 2 1 1 2 0 1 1 2 0 0 0 2 0 0 0 0 0 0 0 0 0 2 1 1 0 2 1 2 2 2 2 2 1 0 2 2 1 1 1 1 2 2 1 2 0 1 1 0 2 1 0 0 1 2 2 2 0 1 2 0 1 1 2 0 1 2 2 0 0 2 2 0 1 1 1 1 1 2 2 0 0 0 1 2 1 2 1 1 0 2 1 2 0 1 2 0 1 0 0 2 2 1 0 1 2 2 1
0 1 0 2 2 2 1 1 0 0 1 2 1 0 1 0 0 2 1 1 1 1 0 1 1 1 2 2 0 1 1 2 0 2 1 2 2 2 1 0 1 2 0 2 2 1 0 1 1 1 2 1 2 2 2 1 0 2 2 2 1 0 2 1 0 0 1 2 0 2 0 1 2 0 1 2 2 2 0 1 0 1 2 1 0 2 2 2 2 1 2 0 2 1 2 2 2 0 0 0 0 0 2 2 2 1 2 1 0 0 2 1 1 2 0 2 2 2 2 1 2 1 2 2 0 1 2 2 2 2 2 0 1 2 2 0 1 2 1 1 0 2 0 1 2 1 1 2 2 1 1 1 0 1 1 0 2 0 0 2 1 1 2 2 0 2 0 2 2 2 2 0 2 0 2 2 2
2 2 1 0 0 0 1 1 1 2 2 2 1 1 0 2 1 2 0 0 0 1 0 1 0 0 0 1 0 0 0 2 0 2 0 1 0 2 0 2 0 2 2 1 1 2 1 2 0 1 1 0 2 1 2 0 0 0 2 0 1 0 0 2 1 1 0 1 1 1 2 2 2 1 0 0 0 1 1 1 0 2 0 1 0 2 2 0 2 2 1 2 0 2 1 2 2 2 0 1 0 2 0 2 1 1 1 2 0 2 0 0 1 1 2 2 1 0 0 1 2 2 0 0 0 1 2 2 0 1 0 2 1 0 2 0 1 0 0 1 2 1 2 1 0 2 1 1 2 2 2 2 1 0 0 1 2 2 0 1 0 1 0 2 1 0 2 2 1 2 1 1 0 1 1 0 1
2 2 1 1 0 0 0 1 0 0 0 1 1 1 1 0 2 0 1 1 0 2 0 0 0 1 1 2 2 2 0 2 0 1 0 0 0 2 1 0 2 2 1 0 1 1 0 1 2 0 2 0 2 2 0 0 2 2 0 2 0 0 2 0 0 0 0 0 2 1 1 2 0 1 0 2 2 1 2 1 1 2 2 1 0 0 2 0 2 0 2 2 0 2 0 1 0 0 1 0 2 1 1 1 2 1 1 2 0 0 1 0 1 1 2 2 2 1 2 1 1 2 2 0 0 2 1 1 1 1 1 0 0 2 2 0 1 1 2 0 2 0 1 0 2 0 0 1 0 2 1 2 0 1 2 0 1 2 1 2 1 0 1 1 1 0 1 0 1 1 1 1 2 2 2 2 0
0 1 0 0 2 0 1 0 0 2 2 0 1 2 2 2 0 1 1 1 0 2 0 2 1 2 1 0 0 1 1 1 0 2 2 0 0 1 1 1 0 1 2 0 0 1 2 2 0 1 0 0 0 1 2 2 1 1 0 1 0 2 0 1 2 2 1 0 0 0 1 2 1 1 2 0 0 2 2 0 1 0 1 2 1 1 2 0 2 0 2 0 2 2 1 2 2 0 2 0 1 1 0 0 2 0 1 2 0 0 2 2 0 0 2 2 1 1 1 2 1 0 2 0 1 2 0 1 0 0 2 1 2 1 1 1 1 2 1 0 0 0 2 1 2 1 1 1 0 2 0 1 0 1 0 2 0 1 0 0 1 1 1 0 2 1 2 1 1 1 1 2 2 2 0 1 1
2 1 2 2 2 1 0 0 1 2 1 0 1 2 2 2 1 0 2 0 0 0 1 1 2 1 1 2 2 0 0 1 1 2 1 1 2 2 2 0 2 1 2 0 0 2 0 2 2 2 2 1 0 2 2 0 0 1 2 0 2 0 2 1 0 1 0 2 0 0 0 0 1 0 1 2 2 2 2 2 0 2 0 1 2 0 2 0 2 2 0 2 2 0 1 0 1 2 2 2 2 1 0 1 1 2 0 2 2 0 1 2 1 2 0 0 2 0 0 2 2 2 2 2 2 2 2 2 1 0 1 1 2 2 2 1 1 0 0 1 1 1 0 2 1 2 0 2 2 1 2 0 1 0 2 1 2 1 0 0 2 0 2 1 2 1 0 1 2 0 0 0 0 0 0 1 0
2 0 1 1 1 1 2 1 1 0 0 0 1 1 0 1 0 1 0 2 1 2 1 0 2 0 0 1 1 1 2 0 0 1 1 1 0 0 0 1 2 0 2 1 2 2 0 2 1 1 2 1 1 0 1 1 1 1 2 0 0 2 0 0 1 0 2 2 1 2 0 0 0 0 2 2 0 2 2 2 1 1 0 2 0 1 1 1 0 1 1 0 1 0 2 2 0 1 2 2 2 1 1 2 1 0 0 0 0 2 0 2 1 1 2 1 2 0 2 0 1 2 0 0 2 2 0 0 2 0 2 1 1 1 0 1 2 0 1 0 1 1 2 0 2 1 1 2 1 1 2 1 1 0 1 1 0 2 1 2 0 2 0 1 1 1 2 0 0 1 1 1 2 0 1 2 1
0 1 1 2 1 2 1 2 0 2 0 0 2 0 1 2 1 0 0 2 0 2 0 2 0 1 2 1 0 2 0 1 2 1 1 0 1 0 0 0 2 1 1 2 1 2 1 2 2 0 0 0 2 1 0 2 1 0 0 1 2 2 0 1 0 2 0 0 2 0 0 2 2 1 2 1 0 1 2 0 1 2 1 1 0 2 1 2 2 2 1 2 1 2 2 0 1 2 0 1 0 0 0 0 2 0 2 0 0 1 0 2 1 2 1 2 1 2 2 1 2 1 2 1 0 1 1 2 0 1 0 1 2 1 2 1 2 2 1 0 1 2 2 0 2 0 0 1 0 2 0 0 1 0 1 2 1 0 2 2 2 2 0 1 2 0 0 2 0 2 2 2 1 1 2 1 0
0 0 1 0 1 1 0 1 0 2 2 0 2 2 0 2 2 2 1 1 2 1 1 2 0 2 2 0 1 0 0 2 0 2 0 2 1 0 0 2 0 0 1 2 2 1 0 0 1 2 2 1 1 1 1 1 0 0 2 0 0 0 2 2 0 0 2 1 1 0 1 2 1 2 2 2 1 2 0 2 2 0 0 0 1 2 2 0 2 0 0 1 0 2 1 0 0 0 2 1 1 1 1 1 0 1 0 2 1 1 1 1 1 0 2 2 0 2 0 0 0 0 2 0 0 0 1 1 0 0 0 0 2 2 1 0 1 1 2 2 0 2 2 1 0 1 1 0 1 2 1 1 2 1 2 0 1 1 2 0 1 0 1 2 0 2 0 1 1 0 1 1 0 0 2 0 2
1 2 1 0 1 0 1 1 2 2 2 0 2 0 2 0 1 1 0 1 2 2 2 0 1 0 0 2 0 1 2 2 1 0 0 0 1 2 1 0 2 2 1 2 0 2 2 0 1 2 1 1 2 1 1 0 2 1 0 0 0 0 0 2 2 0 0 0 0 2 1 0 1 0 2 2 2 1 0 1 1 1 2 0 2 1 1 0 2 2 0 0 2 1 2 1 2 0 0 2 0 1 0 2 2 2 2 2 1 2 1 2 1 1 0 1 2 2 2 1 2 0 2 2 1 0 2 1 0 2 1 1 1 2 2 0 2 1 0 1 2 2 0 0 0 2 2 0 2 0 2 1 0 2 1 2 0 0 0 2 0 2 0 1 1 2 0 2 2 1 0 1 1 1 2 2 0
2 0 0 2 0 2 0 0 1 2 1 2 0 0 0 0 0 2 0 1 0 2 1 2 2 2 1 0 1 0 2 0 1 2 1 1 0 1 2 1 1 0 0 2 1 1 2 2 2 2 0 2 1 1 1 0 1 2 2 0 1 2 1 2 2 0 2 2 1 1 0 0 2 2 2 1 1 1 0 0 1 1 1 0 0 2 1 0 0 1 0 2 1 2 2 0 2 1 0 0 0 1 1 0 1 0 1 0 2 2 1 1 1 2 1 2 0 0 2 1 2 0 1 0 2 0 1 2 2 2 0 2 0 2 0 0 0 1 1 2 1 2 1 2 0 1 2 1 1 1 0 1 2 1 2 2 1 0 2 1 2 0 1 1 2 2 1 1 1 2 1 1 2 0 0 0 1
0 2 0 2 2 1 1 1 2 1 0 2 0 2 0 1 1 2 1 0 0 2 0 0 1 1 0 2 2 1 0 0 0 1 2 0 0 1 1 2 1 2 2 1 2 0 0 0 2 0 2 0 0 0 1 2 2 2 1 1 0 2 1 1 1 1 2 2 1 2 2 2 2 2 0 2 0 2 1 0 2 0 1 0 1 0 0 0 2 2 1 0 2 1 2 1 2 2 0 1 1 0 0 2 2 2 1 0 1 2 1 1 0 0 1 1 0 2 1 1 2 1 1 1 0 1 0 0 2 0 2 0 1 2 2 0 2 1 2 1 1 1 0 2 2 2 0 2 2 0 1 1 2 1 0 2 2 0 2 1 0 1 0 2 2 0 1 1 2 0 0 1 1 0 1 0 0
1 0 0 2 0 1 1 1 2 0 1 0 1 1 1 2 2 1 2 2 2 1 0 2 2 2 1 0 0 2 1 2 1 2 2 1 1 1 2 1 0 1 2 1 2 1 1 1 2 1 2 0 2 2 2 2 1 2 2 1 1 1 1 2 0 0 1 0 0 0 1 0 2 1 1 2 2 0 1 0 1 1 0 1 0 0 0 2 2 0 1 2 1 2 2 0 1 1 1 1 2 2 1 2 2 0 0 1 0 1 2 0 0 2 1 0 1 2 2 0 0 1 0 2 0 1 0 1 2 1 2 2 1 1 0 0 1 0 2 0 2 0 0 2 2 1 0 1 1 0 2 1 1 0 2 1 1 2 0 1 1 0 2 0 2 2 1 1 0 1 1 2 1 2 2 2 1
2 0 0 2 0 0 0 1 2 2 0 1 0 2 0 1 2 0 1 1 1 2 1 0 2 1 1 1 0 1 0 2 2 1 2 2 2 0 1 1 2 2 0 0 2 2 2 1 2 1 0 2 1 1 0 0 0 2 0 0 1 0 0 0 2 2 2 2 2 1 0 2 1 2 0 0 1 0 2 1 1 2 0 0 1 0 1 1 0 1 2 2 0 2 2 0 2 2 0 1 0 1 1 2 0 2 2 2 2 1 1 2 1 2 2 2 1 0 0 2 0 2 1 0 2 1 0 1 0 0 0 2 2 2 1 0 2 2 1 1 1 2 1 0 2 0 2 1 2 1 0 2 1 2 0 1 0 0 0 1 2 1 0 2 1 1 2 0 1 0 2 0 0 1 0 1 2
0 2 1 2 0 1 1 2 1 0 0 2 0 2 2 2 2 1 0 1 0 0 0 2 1 0 0 2 1 1 1 1 1 1 2 2 2 1 2 1 1 0 1 2 2 0 2 1 1 0 0 2 2 1 1 0 1 0 2 0 1 1 2 0 2 1 2 2 2 0 1 0 0 2 1 0 2 1 1 0 1 2 2 0 0 2 1 2 0 1 2 1 0 2 0 0 0 0 0 1 0 1 1 1 0 0 1 2 1 0 0 1 1 1 2 1 1 1 2 1 2 1 0 0 1 0 1 0 1 1 1 2 1 0 0 1 1 2 2 0 1 0 1 2 1 1 1 2 2 1 1 2 1 2 0 2 2 2 2 1 1 0 1 2 1 2 2 0 0 2 0 1 2 2 1 2 0
0 1 0 0 0 0 1 2 1 0 2 0 0 1 0 1 0 0 2 2 0 2 2 2 1 1 0 0 0 2 1 2 1 1 2 1 2 0 1 1 1 2 1 2 1 2 1 1 0 1 0 1 2 1 1 0 2 1 0 1 0 2 0 1 1 2 1 0 0 0 1 1 0 1 1 1 0 0 2 1 1 0 0 0 1 2 1 1 1 2 2 1 1 2 0 2 2 2 0 0 1 2 2 1 0 1 0 2 1 0 1 0 0 2 2 2 1 0 2 2 0 1 1 2 2 0 2 2 0 0 0 1 2 0 0 1 1 1 1 0 1 2 0 0 2 0 0 1 1 2 2 2 2 1 1 2 1 1 2 2 2 0 1 0 0 1 1 2 0 2 0 0 2 2 1 2 2
1 2 1 2 1 0 1 2 0 1 2 2 1 2 2 2 0 2 2 0 1 0 0 1 0 1 0 0 2 1 0 1 0 1 0 2 0 2 2 1 1 2 1 2 1 1 1 2 0 2 2 2 0 0 0 1 2 2 2 2 1 0 1 2 1 2 1 2 1 0 1 0 0 0 1 2 2 2 1 1 2 1 0 2 0 2 2 0 1 1 2 0 1 1 2 0 0 0 1 0 1 0 1 2 1 2 2 1 0 1 2 2 1 2 0 1 2 2 1 1 1 1 1 0 2 0 0 1 1 2 1 0 0 2 0 1 2 0 0 0 0 2 2 1 0 0 2 2 0 1 1 1 2 2 2 2 1 1 1 2 0 2 0 1 2 1 1 2 2 1 2 2 2 0 0 2 0
0 2 1 2 0 0 2 1 0 2 2 1 0 2 2 0 0 1 0 2 2 1 1 1 0 2 0 1 0 0 2 2 0 1 1 1 2 0 2 0 0 2 2 0 0 2 1 0 1 2 0 0 1 2 2 1 1 0 1 0 0 1 2 1 0 0 0 2 2 0 1 2 0 0 1 0 2 0 1 0 0 2 1 1 1 2 1 1 2 2 1 0 0 0 0 0 1 0 2 1 0 1 2 1 2 1 2 1 1 0 0 0 2 2 1 1 1 2 0 1 1 1 0 1 2 0 2 1 0 0 0 0 1 0 2 0 1 1 0 0 0 1 0 0 0 2 2 2 2 2 1 2 0 1 0 2 1 1 1 1 1 2 0 2 2 0 0 1 2 1 1 2 2 0 1 2 0
0 2 2 0 1 1 1 2 0 2 1 1 1 0 0 1 0 2 0 0 0 2 0 1 1 0 0 1 1 0 2 2 2 2 0 1 1 2 1 2 1 0 1 0 0 1 1 1 2 2 2 2 1 0 1 1 1 1 2 0 1 0 0 2 2 1 0 1 1 2 2 0 2 0 1 0 0 0 2 2 0 2 1 2 0 2 0 2 2 1 2 0 1 1 0 1 2 2 0 0 1 2 1 1 1 0 2 1 0 2 1 1 2 0 1 2 1 1 2 0 0 0 0 1 1 2 2 0 1 0 1 2 0 0 1 1 1 1 0 1 1 2 0 1 0 2 1 1 1 2 1 2 2 2 0 0 1 1 0 0 2 2 0 2 0 2 2 1 2 2 1 0 2 2 2 2 1
1 1 2 0 0 2 2 0 0 0 0 1 0 0 1 1 1 0 1 1 2 1 0 0 0 1 2 2 1 2 1 2 1 1 0 1 1 0 2 2 0 2 1 1 0 2 2 2 0 2 1 1 1 1 1 1 1 1 1 2 1 2 2 2 1 2 1 0 0 1 2 0 1 0 2 2 0 0 1 1 0 0 2 1 2 0 2 0 2 1 0 0 0 2 0 2 2 2 0 2 0 0 0 2 1 1 1 1 1 1 2 1 1 2 2 1 0 2 0 2 0 0 0 1 1 1 0 0 1 1 1 2 2 2 2 1 0 2 2 2 0 0 0 2 0 0 0 1 2 1 1 0 2 2 2 0 1 0 1 0 2 0 0 2 1 2 0 1 1 1 2 2 1 2 1 2 1
0 0 1 1 2 2 1 2 1 1 0 2 1 0 0 1 0 2 2 1 0 2 0 2 1 0 1 1 1 0 2 2 1 1 2 1 1 0 0 0 2 1 0 1 2 1 0 0 0 1 1 1 0 0 0 2 0 1 1 2 0 1 2 1 0 1 0 2 2 0 2 1 1 0 0 1 1 1 0 2 2 2 0 0 2 2 0 2 1 1 0 1 0 0 0 1 2 0 0 1 1 0 1 1 0 1 0 2 0 0 2 2 0 0 0 0 0 1 0 2 0 1 1 1 1 2 0 0 0 1 1 2 2 2 1 0 2 1 0 2 2 0 0 0 0 0 0 1 2 1 1 0 2 2 1 1 1 2 1 0 1 1 2 0 1 1 1 0 2 2 0 2 2 0 2 0 1
0 2 1 2 0 1 0 2 1 1 2 0 1 2 2 2 2 1 1 1 2 2 0 0 0 0 2 1 2 0 2 0 0 2 1 0 0 1 1 1 2 1 0 1 1 2 0 1 0 2 2 1 2 2 1 2 0 1 1 1 2 1 2 2 0 0 1 2 1 0 0 2 1 0 0 2 1 2 1 2 2 0 0 1 0 2 1 1 1 2 2 1 1 2 1 2 0 2 1 2 2 2 2 1 1 1 1 2 0 2 2 2 0 0 1 2 2 0 0 1 0 0 2 1 0 1 1 0 1 0 0 2 0 0 0 1 1 0 1 1 0 0 1 1 1 0 0 2 0 1 0 0 2 0 2 2 2 0 1 0 1 2 2 2 2 0 1 1 0 0 0 1 1 2 2 0 0
0 0 1 2 0 1 2 1 0 0 0 2 1 1 1 1 0 1 0 1 2 2 2 0 0 1 1 0 1 2 0 0 2 1 2 1 0 0 0 1 0 1 1 2 0 0 0 1 1 0 0 1 0 0 1 1 1 1 1 1 0 2 1 1 2 1 2 0 1 0 1 2 2 1 1 2 2 2 2 2 1 0 0 2 0 0 0 0 1 2 1 1 1 0 2 0 1 2 0 1 1 0 1 0 2 0 1 1 0 0 0 1 0 2 0 1 2 0 1 0 0 0 2 0 1 0 1 1 0 0 0 1 0 1 2 0 2 0 2 0 1 1 1 1 1 2 2 0 0 2 1 1 0 0 1 2 0 2 1 2 2 1 0 0 2 0 1 2 0 2 0 1 0 1 0 1 1
1 2 2 0 0 1 1 1 0 1 0 0 2 2 1 0 2 2 1 0 2 1 1 1 1 1 2 0 1 0 2 0 0 2 0 0 1 0 2 1 1 2 2 2 1 0 0 2 1 1 0 0 0 2 1 1 1 0 2 1 1 2 1 1 1 0 2 2 0 1 1 2 2 0 1 1 1 2 1 0 1 2 0 2 2 1 1 0 2 0 1 0 2 1 2 1 1 1 0 1 0 2 0 0 0 0 2 2 0 0 2 1 0 2 1 0 1 0 1 0 1 0 1 2 1 0 0 0 2 2 1 0 1 2 1 1 0 0 0 0 1 0 0 1 2 1 2 0 1 1 1 1 2 2 0 1 2 0 1 1 0 0 2 0 0 1 1 1 1 0 1 2 1 2 2 1 1
1 2 0 2 1 1 2 0 1 0 1 0 1 0 1 1 0 1 0 1 1 1 2 1 0 0 0 0 2 1 1 1 1 1 2 2 1 1 0 0 2 1 0 1 2 2 1 2 0 1 2 1 0 1 0 0 2 1 0 2 0 2 1 2 2 1 2 0 2 0 0 2 2 2 2 2 2 1 0 2 2 2 2 2 1 0 0 1 2 1 1 1 0 0 0 0 1 0 0 2 1 2 2 1 1 1 1 1 2 1 1 2 1 1 2 2 2 0 1 2 2 0 1 0 0 2 1 0 0 2 0 2 1 2 0 0 2 2 1 2 0 1 2 1 2 2 2 2 0 0 2 2 1 1 0 0 1 2 1 1 1 1 1 1 0 0 2 2 2 2 0 0 0 0 2 2 2
1 2 0 0 2 0 2 0 0 0 2 2 1 1 2 2 0 0 1 1 0 1 0 2 1 0 2 1 1 2 1 0 2 2 1 1 2 1 1 1 1 1 1 1 0 0 0 1 1 1 2 2 0 2 1 2 1 2 1 0 2 0 0 1 2 2 2 2 1 1 0 0 0 0 1 1 0 0 2 0 2 2 0 0 1 2 0 0 1 1 0 0 1 1 2 1 1 2 1 0 1 0 0 2 0 0 0 1 0 2 2 2 1 2 0 0 2 0 1 1 2 2 2 1 1 2 0 2 2 1 2 0 1 1 2 2 1 2 1 2 2 0 1 1 1 2 2 0 0 1 1 0 1 1 1 2 1 1 2 0 0 2 1 2 0 1 2 2 1 1 1 0 1 1 2 2 0
1 0 2 0 2 2 1 1 2 1 2 0 1 0 1 1 1 1 2 0 1 2 1 2 0 1 1 1 1 2 0 0 2 0 0 2 2 2 1 2 1 1 0 0 2 2 2 1 0 1 2 2 0 0 1 2 0 0 0 1 0 1 2 2 1 0 0 2 0 1 1 2 2 2 2 2 2 1 1 0 0 1 0 1 2 1 1 0 2 1 0 2 1 2 0 2 1 0 1 1 2 0 0 1 0 0 2 2 1 1 0 0 2 0 2 2 2 0 1 0 2 1 0 0 1 0 0 2 1 2 1 0 0 1 0 1 2 2 0 1 1 1 2 1 1 1 0 2 1 1 2 1 0 2 2 2 1 0 1 2 0 2 1 1 2 1 2 2 1 1 1 2 2 1 0 2 2
1 1 2 1 1 1 1 1 1 1 2 2 0 0 0 0 2 1 0 0 2 2 2 0 2 2 0 1 0 0 1 2 2 0 0 0 2 0 0 1 1 0 0 2 0 1 1 2 2 1 0 2 2 0 0 2 2 2 0 2 2 1 2 2 0 0 0 2 1 0 1 1 1 2 0 2 0 2 0 1 2 1 0 2 2 2 1 2 1 1 0 0 0 0 2 0 0 0 1 0 1 2 1 0 0 2 1 0 2 1 1 1 0 0 1 2 2 2 0 0 1 0 0 1 0 1 0 1 2 2 1 1 2 2 2 2 2 0 0 2 2 2 1 2 2 2 0 2 1 0 0 0 0 2 1 1 0 2 2 0 1 1 1 1 1 0 0 1 1 1 0 0 1 1 1 1 1
1 2 0 1 2 0 2 1 0 0 2 2 2 2 2 1 1 1 0 2 1 1 2 1 0 0 2 2 1 1 1 2 0 1 1 0 2 0 2 0 1 2 2 1 1 2 0 0 0 1 1 0 1 1 1 1 1 1 0 0 0 2 0 1 1 2 2 1 0 1 1 2 1 1 1 1 2 1 2 2 1 1 0 2 2 2 0 1 0 1 2 2 1 0 0 2 2 0 1 1 2 0 1 1 1 2 0 0 1 2 1 2 1 1 1 1 2 2 0 0 1 2 2 2 0 0 2 0 0 0 2 1 0 0 2 2 0 2 1 2 2 0 2 0 2 2 2 1 1 0 2 2 0 1 1 1 2 0 2 0 1 2 1 2 0 1 0 1 1 1 1 1 2 0 2 1 2
2 0 1 0 2 1 1 1 1 2 0 2 2 2 1 2 0 1 0 2 1 2 0 0 0 2 2 1 2 1 2 1 2 1 2 1 2 0 2 0 0 1 0 0 0 2 0 1 0 0 0 0 0 2 0 0 1 1 2 1 0 2 1 2 0 0 1 2 1 1 1 1 0 1 2 0 0 0 2 1 1 0 1 2 0 0 2 0 2 2 1 2 2 0 2 2 1 0 2 0 2 1 1 0 2 2 1 0 2 1 1 1 0 1 0 0 1 1 1 1 1 1 0 1 1 0 0 2 1 0 0 0 1 0 1 1 2 0 2 2 1 2 0 1 0 2 0 2 0 1 0 2 0 1 0 2 1 2 2 2 0 0 0 0 0 2 2 0 2 2 2 1 1 0 0 1 2
1 1 0 2 2 1 0 0 2 0 2 1 2 1 0 0 2 0 0 1 2 0 1 2 0 0 0 1 1 2 1 2 0 0 2 2 1 0 0 0 1 2 0 1 1 0 2 1 1 1 0 1 1 2 1 0 0 1 2 1 1 0 1 2 1 1 2 2 2 0 0 0 0 1 2 2 1 0 0 2 1 2 1 2 2 2 0 2 1 2 1 0 1 0 2 2 1 2 0 1 0 1 0 1 2 0 0 0 0 2 0 1 1 1 2 1 1 2 0 0 0 2 0 1 2 0 1 1 0 1 0 1 2 0 2 1 0 0 2 2 2 0 0 1 2 2 2 1 2 0 2 0 2 2 1 2 0 0 1 0 2 2 2 2 2 2 1 0 0 1 2 0 2 1 2 2 0
2 0 0 0 0 0 0 0 2 1 0 0 2 2 0 2 1 2 2 1 1 2 1 0 0 1 2 2 1 1 2 2 2 1 0 2 2 1 2 2 2 2 0 2 2 0 1 1 2 0 2 1 1 1 2 2 0 1 1 2 0 1 2 2 2 2 2 2 1 1 2 1 1 2 1 1 0 0 2 2 1 2 1 2 0 0 2 0 2 0 0 2 2 0 2 2 0 1 2 2 0 1 0 2 0 1 1 0 2 1 1 1 1 0 1 1 2 1 2 2 2 1 2 2 1 1 2 2 1 1 2 1 1 2 1 1 1 2 0 2 1 2 0 2 0 2 1 0 0 1 0 0 0 2 2 2 1 2 2 0 2 1 2 0 1 0 2 0 1 2 2 2 2 0 0 0 2
1 1 1 0 1 1 0 0 1 1 0 2 0 0 1 2 0 1 0 2 0 1 0 1 1 0 0 1 0 1 2 2 0 0 0 2 2 1 1 1 0 1 0 0 2 1 0 1 0 1 0 1 0 0 0 2 0 1 1 2 1 1 2 2 1 2 1 0 1 2 0 1 1 0 2 1 0 0 2 0 1 2 2 0 0 2 0 1 2 1 0 0 0 2 2 2 0 0 1 1 0 1 1 1 2 1 0 2 1 0 1 1 0 1 1 0 2 1 2 1 0 0 1 1 1 1 2 1 1 0 0 2 2 1 2 1 2 2 2 1 0 0 0 0 1 1 2 0 0 1 2 1 2 1 0 0 2 0 1 1 0 2 1 0 0 0 1 1 0 0 0 1 1 0 2 1 2
1 1 2 0 2 1 0 0 1 1 0 2 0 2 2 0 0 2 1 1 2 2 1 0 0 0 2 1 2 0 0 2 2 0 0 1 2 1 2 1 0 0 1 1 2 1 1 2 2 2 0 1 0 2 1 0 0 1 2 0 1 0 0 1 1 0 0 0 0 0 2 0 0 0 1 2 2 2 0 2 2 1 1 2 1 2 0 1 1 0 2 0 0 0 2 2 2 0 2 2 0 2 0 1 0 2 1 0 2 2 2 1 1 0 1 0 1 2 2 0 0 0 0 1 0 0 1 0 1 1 2 1 0 0 0 2 2 0 2 1 0 0 1 1 0 0 2 2 0 2 2 0 0 1 1 0 2 0 2 1 2 1 0 0 0 1 2 2 2 0 2 2 0 0 2 1 0
1 1 0 1 1 0 1 0 2 0 0 0 2 1 2 1 2 2 1 1 0 1 1 0 0 0 0 0 0 2 1 0 1 1 1 0 2 0 1 1 1 0 2 0 1 2 1 1 0 0 2 0 2 1 1 0 0 2 1 0 1 2 0 0 0 2 1 2 0 2 1 2 0 2 2 2 1 1 1 2 2 2 0 2 0 1 2 0 0 0 1 0 2 2 0 0 2 2 2 0 1 2 2 2 1 2 2 0 1 0 1 1 0 1 1 1 1 0 1 2 2 0 2 2 1 0 0 0 2 0 2 2 2 1 2 1 2 1 0 1 2 1 2 0 0 1 2 2 0 1 2 2 2 2 1 1 0 2 1 2 0 1 1 0 0 1 2 0 0 2 1 1 1 0 1 2 0
1 2 0 2 1 0 2 0 2 0 1 2 0 1 2 1 0 2 2 2 2 2 2 2 0 0 0 2 2 1 2 1 0 0 1 1 0 0 2 2 2 1 2 2 0 1 1 0 2 2 0 1 1 1 2 0 2 0 0 0 1 0 1 1 0 2 0 0 1 0 0 1 2 0 1 2 2 2 0 1 1 2 1 1 0 1 1 0 1 2 0 0 2 0 1 2 2 2 0 1 0 1 0 0 1 1 0 2 2 1 1 0 0 2 2 1 0 1 2 2 0 0 0 2 0 1 2 1 1 2 0 2 1 1 2 0 2 0 2 2 2 1 1 2 1 0 2 2 2 1 2 0 2 0 1 0 2 0 2 1 0 2 1 2 1 2 2 2 2 2 1 1 1 2 2 2 0
1 2 0 0 2 1 2 2 2 0 2 0 0 1 1 1 2 0 2 2 0 1 2 0 0 1 1 2 0 2 0 1 1 1 2 2 0 2 1 2 0 1 0 1 2 1 0 0 2 2 2 0 1 1 1 2 0 0 2 1 0 1 1 1 2 0 1 2 0 0 2 1 1 2 0 2 2 0 2 1 0 1 2 2 1 1 1 2 2 2 0 2 0 1 1 2 0 0 2 0 1 2 2 0 2 0 2 2 0 2 1 2 1 1 1 0 2 1 2 2 0 0 1 1 0 1 0 0 1 0 1 0 0 1 0 1 1 0 0 0 2 2 2 1 2 1 1 1 2 1 2 0 0 0 2 1 2 0 2 0 1 0 0 0 1 2 2 1 2 0 1 2 0 1 1 2 2
0 1 0 0 0 0 1 2 1 2 1 2 2 0 0 2 1 1 2 0 0 0 0 1 2 0 2 0 2 2 0 0 1 0 0 2 2 2 2 0 2 0 2 1 1 0 2 0 2 2 1 0 0 2 1 2 2 1 0 2 0 0 2 2 1 1 2 0 0 1 0 1 2 0 2 2 0 2 0 0 1 1 1 1 0 0 1 0 2 1 2 2 0 0 2 1 1 1 2 2 0 0 0 1 0 1 0 1 0 0 2 0 1 0 2 0 0 2 1 2 1 1 0 1 2 2 2 1 2 2 0 0 2 2 1 0 1 2 2 2 0 1 0 0 2 0 1 2 2 2 0 0 0 1 0 0 1 0 1 0 0 0 2 0 0 1 1 1 1 1 0 2 0 1 0 2 2
1 2 2 1 0 0 2 1 0 0 0 1 1 1 1 2 0 1 2 0 0 0 2 2 2 1 2 1 2 2 0 0 2 0 1 0 0 1 2 1 2 0 2 0 2 1 1 1 0 0 1 1 2 0 1 1 1 1 0 1 0 1 2 0 1 1 2 1 0 2 0 2 2 2 1 2 1 2 0 2 2 1 1 2 1 2 0 1 0 0 2 2 2 2 0 0 1 2 0 2 1 0 2 1 0 1 1 1 0 1 1 0 1 2 0 0 2 1 1 0 0 2 2 2 1 0 0 0 0 0 0 2 1 0 1 1 1 2 1 2 2 0 0 0 0 0 0 2 0 0 0 0 2 0 2 1 1 0 2 2 1 0 2 0 1 1 2 0 1 1 2 0 2 2 1 0 1
0 0 1 1 0 2 0 1 1 2 2 0 2 2 2 0 1 0 1 0 1 1 2 2 1 0 2 2 2 2 0 0 2 2 1 0 1 2 1 0 1 2 1 1 2 1 1 1 2 1 2 0 0 2 1 2 2 1 2 1 1 2 2 1 2 1 2 1 0 2 1 0 1 1 2 1 0 1 2 2 2 2 1 0 1 2 0 1 0 2 0 2 2 0 1 2 1 0 0 0 2 2 1 1 0 0 2 0 1 0 0 2 2 1 0 1 1 1 0 1 1 0 2 0 1 0 0 1 1 0 2 2 2 0 0 0 0 1 0 2 1 1 2 1 0 0 0 1 1 0 1 2 2 0 0 0 1 0 1 2 1 1 1 1 1 0 2 2 2 2 2 0 2 2 1 2 0
0 2 1 0 0 2 2 1 0 1 2 1 0 2 2 2 1 1 0 2 0 0 1 1 0 2 0 0 1 0 0 1 2 0 0 0 0 2 1 0 1 0 2 2 0 2 1 2 1 2 2 2 0 0 1 1 0 2 2 1 2 0 0 0 0 0 0 1 0 2 2 2 2 1 2 2 1 0 2 1 0 1 0 1 2 2 0 2 1 2 1 1 0 2 1 1 0 2 1 1 2 0 1 1 2 0 2 2 1 1 0 2 1 1 1 0 0 1 0 1 2 2 0 0 1 2 1 2 2 0 0 1 0 0 0 1 0 2 0 2 2 0 2 0 1 1 1 1 0 1 0 2 0 0 2 2 0 2 2 0 2 0 1 1 0 2 2 1 2 2 1 2 0 0 0 1 2
2 0 0 0 1 0 2 1 0 2 0 0 2 0 0 0 0 1 1 2 1 2 2 0 1 2 1 2 2 2 2 1 0 0 0 1 0 0 0 1 2 1 1 1 2 2 1 2 1 2 2 0 0 2 1 1 2 0 1 1 0 1 1 1 2 2 2 0 2 0 1 1 1 1 1 1 1 0 1 2 0 1 0 1 0 0 0 2 0 1 1 1 1 0 2 0 2 2 1 2 2 0 2 2 2 0 1 0 0 2 0 1 0 2 2 1 2 0 0 0 2 0 1 1 0 1 1 0 1 0 2 1 1 1 0 0 2 2 1 1 0 2 0 0 1 1 0 0 1 1 0 0 1 0 2 2 1 1 0 2 2 0 0 0 0 2 1 0 2 2 1 2 2 2 1 1 0
