3 178 19
1101351542 1106896634 782285236 1097388569 556941630 31836494 986617137 1133689319 395758523 1115390733 203279804 589454810 462174361 242537839 599615081 48614918 203545805 13223212 539028502 869651013 735985770 1023763524 522149800 954875130 694215481 196928353 225541319 883034266 670281972 529691172 837893739 441083985 781174947 293554130 272835975 966956351 790708613 348883632 554373562 830430238 945109667 1036901586 825397824 936553498 906468856 192260890 1145030173 32259208 1085186762 734412827 315670157 974166085 939605381 578426667 575546714 336709848 432183366 97851411 853657779 333653006 123496966 1012498580 574230668 355202622 465753931 592308013 433900460 241193254 100533557 705761203 491693105 87336153 94700680 1109456652 848115321 933737460 211756825 875440222 304704899 216219431 999230306 221508408 1103466312 73996690 639510379 626631319 11965554 724152863 500599707 370400132 119202308 836650917 770596807 379674412 490227016 722977432 609552968 910281297 725411487 750518530 197998327 753056863 778151183 186468370 809453103 632987757 255074735 290425959 830482933 1102334549 417058988 259669914 1060414617 57544009 880723169 198901975 301634369 479843817 917639552 8139712 980739340 284095760 228236454 677849133 1144415321 1089129160 508960531 889280874 179804701 796464506 327444189 1159251446 266985211 784647070 64879453 139656784 265565956 673853746 580988045 445535214 327028079 671267185 1006670404 192551057 78076729 35823915 53682470 969442537 105421474 151061574 1142466560 671566435 221721340 689153908 439307252 189104223 1074166279 1147886835 864658656 563446035 741478355 535891513 385239631 223865024 284830428 429672370 1152650842 333283674 1089591960 1126206569 995816042 240678528 294703773 1066264892 9698135 187827332 734494287 913376161
2 1 2 0 0 2 0 0 2 2 2 1 2 1 0 0 2 0 1 2 2 2 1 2 2 0 1 2 2 1 0 1 1 2 0 2 2 1 2 2 0 2 1 0 1 1 2 1 1 1 0 1 1 1 0 0 2 1 2 1 1 2 1 2 2 1 1 2 2 2 2 0 1 0 1 2 1 0 1 1 0 1 0 1 0 1 2 0 0 2 1 2 0 2 1 2 1 1 2 1 0 1 2 2 2 1 0 2 2 1 0 2 0 0 2 0 2 2 1 0 1 0 0 2 0 2 0 2 1 2 1 1 2 1 0 2 0 0 1 0 0 1 1 1 0 0 2 2 2 1 0 1 1 1 1 2 1 1 2 2 1 1 1 1 0 2 1 0 1 2 1 1 2 2 2 2 2 1
2 2 0 0 1 2 2 2 2 0 1 1 0 2 0 2 1 0 1 2 1 0 1 0 2 1 2 2 0 0 2 0 2 2 1 1 2 0 0 1 1 1 0 2 2 1 1 0 2 0 0 1 2 2 2 1 1 1 1 1 2 0 2 2 2 1 0 1 2 2 0 0 1 1 0 0 0 2 1 2 0 1 1 2 2 0 1 0 0 2 2 2 0 0 1 0 1 0 2 1 0 0 2 1 2 1 2 2 0 1 2 1 0 2 0 0 2 0 0 2 2 0 0 1 0 1 1 0 2 1 2 2 2 1 2 1 0 1 1 1 0 2 2 1 1 1 1 0 1 2 1 1 0 1 2 1 0 1 2 1 0 1 1 2 1 0 2 1 2 0 2 0 2 0 1 1 1 0
2 0 2 1 1 0 0 2 0 0 0 2 2 1 1 1 1 2 1 0 1 1 1 2 1 2 2 0 0 1 0 0 2 1 1 1 1 2 0 1 0 2 1 0 0 0 1 2 0 0 0 1 2 2 1 1 2 0 1 2 2 0 1 2 2 2 1 0 2 2 0 0 1 2 0 0 0 0 2 0 1 0 2 0 0 1 2 2 1 1 2 2 2 0 1 1 1 0 2 1 0 0 2 2 0 0 2 0 0 0 0 1 0 2 2 1 0 2 1 0 1 0 0 0 2 1 0 1 0 0 2 0 0 2 0 0 2 0 0 1 0 1 2 1 0 0 2 2 0 0 0 1 1 0 0 1 2 0 2 2 0 2 0 1 2 1 2 2 1 2 0 2 1 0 0 2 1 0
1 2 1 1 1 2 1 2 2 2 0 2 1 1 2 0 2 1 1 1 1 0 1 2 0 2 0 0 0 2 1 1 1 2 1 0 2 0 0 1 2 1 1 2 2 1 2 0 0 1 1 2 1 1 1 1 1 2 2 1 2 0 1 1 0 2 2 2 2 0 2 2 1 1 2 0 2 1 0 0 2 0 0 1 2 0 0 1 2 2 1 2 0 2 1 0 1 1 0 1 1 2 1 2 0 0 1 0 2 2 1 2 0 2 0 0 2 0 2 0 0 0 0 1 0 2 1 2 1 2 0 2 2 2 0 0 0 1 1 0 1 0 2 2 0 1 2 0 2 2 0 1 2 1 2 0 1 1 2 2 1 0 2 0 0 2 1 1 1 0 1 2 1 2 1 1 1 2
0 0 1 0 1 2 2 1 2 1 0 0 1 1 0 0 2 1 0 1 2 2 2 2 2 0 2 1 0 0 1 1 0 0 1 2 0 2 1 0 1 1 0 2 0 1 1 2 0 1 1 0 1 1 0 1 0 2 0 1 2 2 2 2 0 0 2 1 0 1 1 1 0 0 2 0 1 0 1 2 1 2 0 0 2 0 2 2 0 0 0 2 0 2 2 0 0 0 1 2 1 0 0 2 0 2 0 2 2 1 2 2 2 0 0 2 1 1 1 1 2 2 1 2 1 1 0 2 1 1 1 1 2 0 1 0 2 1 0 0 1 2 0 1 2 1 0 0 0 1 2 2 0 0 2 2 1 2 1 1 1 1 2 1 1 0 2 1 2 2 2 1 1 0 2 1 0 2
2 0 1 1 1 2 2 0 1 1 1 1 2 2 2 2 1 1 0 0 2 1 2 2 2 1 0 2 2 0 2 2 1 1 0 2 0 0 0 0 2 1 1 2 2 1 2 0 2 0 1 2 1 1 2 1 0 0 0 2 0 2 2 2 1 0 2 2 2 0 0 1 2 2 1 1 0 0 2 0 1 1 0 2 2 0 1 2 0 2 0 1 2 0 2 1 1 1 1 0 2 1 2 2 0 1 1 0 1 0 1 0 2 2 1 0 0 2 2 1 0 0 2 2 1 1 1 0 1 0 0 0 1 0 0 2 1 2 0 0 0 0 2 1 0 1 1 0 1 1 1 1 2 1 1 0 1 0 1 2 0 2 0 1 0 2 1 2 2 2 2 2 0 2 1 0 0 2
0 2 1 2 0 1 0 2 2 1 2 1 1 0 1 0 1 1 2 1 0 1 1 0 1 1 0 0 1 0 2 2 0 1 1 1 2 2 1 2 1 1 0 0 1 2 0 0 0 2 1 1 1 2 1 1 1 2 1 0 0 1 2 1 1 1 2 0 1 1 0 0 2 1 0 1 0 1 2 0 1 1 2 1 2 1 2 0 0 1 1 1 2 1 0 0 1 0 2 2 2 2 0 2 2 0 1 2 2 1 1 2 2 0 1 1 2 0 0 1 1 2 2 1 0 0 0 2 1 2 2 1 2 2 1 1 1 0 1 0 1 0 0 1 0 1 0 1 2 0 2 1 2 1 0 1 2 0 0 1 0 0 0 2 2 2 2 0 0 0 2 1 1 0 0 1 0 1
2 2 1 2 1 2 1 1 0 1 2 0 0 2 0 1 2 1 0 1 2 0 2 1 2 0 2 0 0 2 1 0 2 1 0 0 0 2 2 0 0 2 1 1 2 0 2 2 1 2 1 1 0 1 0 0 2 0 0 2 0 2 0 0 1 1 1 1 0 1 2 0 1 1 2 0 2 1 2 1 0 2 0 1 1 0 1 0 1 2 1 2 2 1 2 1 0 1 2 0 0 2 1 1 1 0 2 1 1 2 2 2 2 2 1 0 0 0 0 2 0 1 1 0 0 2 1 0 0 0 1 0 0 2 2 0 0 2 1 2 2 0 2 1 1 1 1 2 2 2 2 0 1 0 0 2 2 2 1 1 0 2 1 2 0 1 2 1 0 1 1 2 1 1 1 0 0 2
0 2 2 2 0 1 0 1 1 1 1 0 2 2 0 1 1 0 2 1 2 0 2 1 0 2 2 1 2 0 1 0 2 1 0 0 0 1 2 1 0 0 2 2 0 0 1 0 1 1 1 1 2 1 2 1 1 2 2 1 2 2 2 0 1 2 0 1 1 0 1 1 1 0 1 1 1 0 1 0 2 0 1 2 2 2 0 1 1 1 2 2 0 1 2 2 2 0 0 0 0 2 0 1 1 2 2 2 0 2 0 0 2 2 0 2 2 1 0 1 2 2 0 0 2 0 2 2 0 1 2 0 0 0 2 1 0 0 2 0 2 2 1 2 2 2 1 1 0 2 1 0 2 2 1 2 0 1 1 1 0 2 0 0 2 2 0 0 0 0 2 2 2 1 1 2 0 0
1 1 2 0 2 0 0 1 2 1 0 2 0 0 1 0 1 1 1 1 0 2 1 0 2 2 1 0 2 2 1 1 1 1 2 1 2 0 2 2 2 0 2 2 0 1 1 1 2 0 1 0 2 0 0 1 2 1 0 1 1 2 1 0 1 0 2 1 1 2 1 0 2 0 0 2 1 1 1 1 2 0 2 2 1 2 1 1 2 1 1 1 1 2 1 0 0 0 1 1 2 2 2 2 0 2 2 1 1 2 2 1 2 2 0 0 2 0 0 2 2 1 0 1 0 0 1 0 1 0 2 2 0 1 1 0 0 1 1 2 0 1 1 2 1 2 1 1 2 1 0 0 0 1 1 1 1 0 1 0 0 1 2 0 2 0 0 0 2 2 0 0 1 2 1 0 1 2
1 2 1 2 2 2 1 1 0 0 1 2 0 2 0 0 0 0 2 1 0 2 0 1 0 2 1 1 0 0 1 1 0 0 2 2 2 1 0 2 1 2 2 0 1 2 0 1 0 0 2 1 0 0 0 0 2 1 2 2 2 0 2 2 0 1 2 0 2 0 0 1 2 2 1 1 2 0 2 2 0 2 1 0 2 2 1 0 1 0 2 1 1 2 2 2 1 2 2 1 0 0 0 0 0 1 2 2 2 2 2 0 0 1 1 2 0 1 0 2 2 1 2 1 0 2 0 0 1 1 1 2 2 1 1 0 1 1 0 0 0 0 1 1 2 1 2 0 2 2 1 1 0 0 0 2 0 1 2 1 0 0 1 0 0 0 0 2 1 1 0 1 2 2 0 2 0 0
2 0 2 1 1 1 2 2 0 2 1 2 1 2 0 0 2 1 0 0 1 1 2 2 0 1 2 1 1 0 1 0 0 2 0 1 0 2 1 0 2 0 0 1 2 1 1 0 1 2 1 2 1 0 1 2 2 1 1 0 1 0 1 1 2 1 1 0 1 0 0 1 1 1 2 1 0 0 1 1 0 2 1 1 0 0 0 0 2 2 1 1 1 0 0 1 2 1 2 1 2 0 2 1 2 1 2 0 2 2 2 2 2 0 1 1 1 0 1 1 2 0 2 1 1 2 0 1 2 2 0 2 0 2 0 2 2 0 0 1 0 2 1 0 0 0 2 1 0 0 2 0 1 2 1 0 0 2 2 2 2 0 1 0 2 1 0 2 2 1 1 0 0 0 1 0 0 0
0 1 1 0 2 1 0 1 1 0 1 1 2 0 1 1 1 2 0 2 1 2 0 0 0 0 0 2 2 1 0 2 0 2 0 2 1 0 0 0 1 2 2 1 1 1 2 2 0 2 1 0 0 1 0 1 0 1 1 0 0 1 0 0 1 0 0 2 2 1 0 0 1 0 2 2 1 2 2 2 0 1 0 0 0 0 2 0 1 0 0 2 0 1 0 1 2 0 2 1 2 0 2 1 1 1 1 2 2 0 2 2 1 2 0 0 0 2 1 2 1 0 0 1 1 0 0 0 2 0 2 2 0 2 0 1 0 1 2 0 2 1 0 2 2 1 2 0 1 0 0 0 1 0 2 0 2 2 0 1 0 0 0 1 0 1 1 1 2 0 2 1 2 2 1 1 1 0
2 0 2 0 1 0 0 0 0 0 0 2 1 1 0 2 0 0 0 2 1 2 0 1 2 2 1 0 2 0 2 1 1 1 2 0 1 1 0 0 1 1 0 0 0 0 2 1 1 0 0 2 0 1 2 0 0 1 2 0 2 1 0 0 0 2 0 2 0 1 2 0 2 2 1 0 0 0 1 1 1 2 2 0 0 1 1 2 0 0 0 2 2 0 2 2 1 0 2 2 2 2 2 2 0 0 0 0 2 2 0 1 0 0 2 0 2 1 0 2 1 1 1 2 1 1 1 0 2 1 0 2 1 2 1 1 1 2 2 0 0 0 1 0 1 1 1 0 0 2 0 2 0 1 1 2 0 0 1 2 1 1 1 0 1 1 2 2 0 0 0 0 1 0 1 0 2 0
1 2 2 2 1 0 1 0 0 2 1 1 2 0 0 2 1 0 0 1 2 1 1 1 0 0 1 1 1 0 2 2 0 2 1 1 0 0 2 1 0 0 0 0 1 2 2 0 2 0 2 2 0 1 0 1 2 2 0 0 2 0 2 0 2 2 0 0 2 2 2 0 1 0 0 0 2 1 1 2 1 0 2 2 2 0 0 1 0 1 2 0 2 0 1 2 2 1 2 1 1 2 2 0 1 2 1 1 0 2 1 0 1 1 2 0 1 1 0 1 0 2 2 2 2 1 1 1 0 2 0 2 1 0 0 0 0 2 2 1 0 0 2 1 1 0 1 2 1 2 2 1 2 2 0 2 0 2 2 1 1 0 0 1 1 1 1 2 1 0 1 1 1 1 0 2 2 1
0 0 1 0 2 1 2 0 1 0 2 0 1 2 1 2 1 0 2 2 2 0 1 0 2 2 2 2 0 1 1 1 2 0 1 1 2 1 2 1 1 0 2 0 2 0 2 1 1 1 1 0 2 2 2 2 0 1 2 1 1 1 2 0 2 1 0 2 2 0 1 0 0 0 1 0 1 1 1 2 0 0 1 0 0 0 0 0 2 0 2 1 1 2 2 1 0 0 1 2 0 2 0 2 2 1 2 1 0 2 2 1 0 1 2 0 1 0 2 1 1 1 0 0 1 0 2 2 1 0 2 2 0 0 1 1 0 2 2 1 2 2 0 2 0 2 2 2 1 2 2 0 2 2 0 1 0 0 0 1 1 0 1 0 2 1 1 2 1 1 0 0 1 1 0 2 0 0
2 2 0 1 2 2 1 0 0 2 1 1 1 0 2 2 0 1 1 1 1 2 0 2 2 2 0 2 1 1 0 1 1 1 0 0 1 2 1 2 1 0 0 0 1 0 1 2 2 2 1 0 2 2 2 2 2 2 2 0 1 0 2 0 2 0 1 0 0 1 2 2 1 0 0 0 2 1 0 1 0 2 0 2 2 2 2 1 0 2 2 2 0 2 0 0 0 1 0 0 2 0 0 2 1 0 0 0 2 1 0 0 1 0 0 0 2 0 2 0 0 2 0 1 1 0 1 1 2 2 2 2 0 0 2 0 1 1 0 1 2 0 2 2 0 0 2 1 2 0 2 2 2 0 2 0 0 0 0 0 1 2 1 2 0 1 2 0 0 1 2 1 2 1 0 1 2 0
2 1 0 2 1 2 2 1 1 1 2 1 2 0 1 1 1 0 1 0 0 1 1 2 2 1 1 0 0 1 1 2 0 1 2 2 2 0 0 1 2 2 2 2 1 1 1 2 1 0 2 2 1 2 1 2 1 0 2 1 2 1 1 0 1 1 2 0 1 0 2 0 0 1 0 1 0 2 0 2 0 1 1 2 1 1 1 0 2 2 2 2 0 0 2 1 1 2 2 1 0 2 1 1 0 2 2 2 2 1 1 2 0 0 2 1 1 1 1 2 0 0 1 2 1 2 1 0 1 2 1 0 1 1 1 0 1 1 2 1 2 0 0 2 0 0 1 0 2 2 2 2 0 1 2 2 0 1 1 0 0 0 0 1 1 1 1 0 2 0 2 0 1 2 2 0 1 1
0 0 1 0 0 0 1 0 0 0 1 1 0 2 2 0 0 1 2 2 2 2 0 1 2 2 2 0 2 0 2 0 0 1 1 1 2 0 1 0 0 0 2 0 2 2 0 1 1 0 0 0 0 1 0 2 1 2 2 0 2 1 1 0 1 0 1 0 1 1 0 1 1 1 2 2 0 0 0 2 1 1 1 1 2 1 1 1 0 2 2 0 1 2 0 2 2 2 0 0 0 1 0 0 2 2 2 1 0 2 0 2 0 1 0 0 0 0 1 0 2 2 1 0 1 2 0 1 2 1 0 2 2 0 2 0 2 2 1 0 1 2 0 1 2 1 0 2 1 1 0 1 1 2 0 0 2 1 2 1 2 2 1 2 2 2 2 2 1 1 0 0 1 0 2 0 0 2
2 1 2 0 1 1 1 1 2 0 2 1 2 2 1 1 1 1 0 2 0 0 1 0 1 2 2 1 0 2 2 1 1 1 2 2 2 0 1 2 1 1 1 0 0 2 2 0 0 0 2 1 0 1 2 1 1 2 1 2 1 0 1 0 1 1 1 1 2 2 2 1 1 0 2 2 0 2 0 1 0 2 0 1 1 0 1 0 2 2 0 1 2 2 1 1 1 2 0 0 2 2 2 1 0 2 1 1 1 2 2 2 2 2 1 1 2 2 2 1 1 0 2 1 2 2 2 0 1 2 1 0 0 1 2 1 1 1 2 2 1 1 2 0 1 1 2 1 0 1 1 2 1 1 0 1 0 0 2 2 0 1 0 0 0 1 1 1 0 1 0 1 0 0 1 2 2 0
1 2 0 2 2 1 1 0 1 2 1 0 2 2 2 0 0 2 2 0 0 2 1 2 0 2 2 1 1 0 0 1 2 0 0 0 2 2 0 0 0 2 1 2 2 0 0 2 1 2 2 1 1 2 1 1 1 2 1 1 2 1 2 1 2 2 2 1 0 1 2 0 1 1 2 0 2 1 0 0 0 1 0 0 0 1 2 2 0 0 0 2 2 2 2 1 0 1 0 1 0 0 1 1 1 1 2 0 2 1 1 1 2 2 1 0 0 0 2 1 2 1 0 1 0 0 1 1 2 1 2 2 2 1 2 0 1 1 0 1 2 2 2 2 1 1 2 0 2 0 2 1 2 0 0 0 1 1 2 1 0 2 1 2 1 0 2 2 0 1 0 0 1 1 0 1 2 0
1 2 1 0 1 0 0 2 1 2 1 1 0 2 0 2 2 2 0 0 2 0 1 1 1 0 2 2 1 2 0 0 2 2 1 0 0 0 2 2 2 1 1 1 1 2 0 0 2 0 1 2 2 0 0 1 1 0 1 0 2 1 2 2 1 0 0 0 1 0 2 2 2 1 0 0 1 1 2 0 2 1 0 2 2 1 0 0 1 1 1 2 1 0 1 2 2 2 2 1 0 0 0 2 1 1 1 0 0 1 1 1 2 2 0 1 0 2 2 0 1 1 0 2 2 2 2 1 2 2 0 2 2 1 2 1 1 1 2 1 2 1 2 0 0 1 1 1 0 2 2 1 0 2 2 2 0 2 2 2 1 0 2 2 1 2 1 2 1 1 2 0 2 1 0 0 0 0
1 0 2 1 0 0 1 2 0 2 1 0 1 0 0 1 2 0 1 1 2 0 0 1 1 2 1 0 2 1 0 1 0 0 2 1 1 2 1 2 1 0 1 1 0 1 0 1 1 2 0 2 2 0 1 1 2 2 2 2 2 0 0 0 0 1 2 2 1 0 2 0 0 0 1 1 2 0 2 1 2 2 1 0 0 0 2 0 0 1 2 2 1 0 0 2 1 2 2 2 2 1 2 0 0 2 2 0 0 1 1 0 2 0 0 2 1 0 0 1 2 0 2 1 0 2 0 2 2 0 2 2 0 0 0 0 0 0 0 0 2 2 1 1 0 2 2 1 0 0 1 0 0 0 1 2 2 0 2 2 1 2 0 1 0 1 1 0 1 2 1 0 0 2 0 1 2 0
1 0 0 2 1 1 2 0 1 2 1 1 0 0 1 0 1 1 1 1 2 0 1 0 0 2 2 1 1 0 1 2 0 2 1 2 2 1 2 0 0 2 2 0 2 0 1 1 1 2 0 0 0 2 1 1 1 2 0 0 2 0 2 0 2 1 2 1 2 2 0 1 1 2 2 0 0 1 0 2 1 0 1 2 2 2 1 2 2 1 2 1 1 0 1 2 1 1 0 1 1 1 0 0 1 2 2 1 0 2 1 0 2 2 2 0 0 0 2 2 2 2 1 2 2 0 1 1 2 2 0 1 1 0 1 2 0 0 1 2 2 2 2 0 2 2 0 0 0 2 2 2 2 1 1 2 0 2 1 2 2 1 1 1 2 0 0 2 1 2 2 1 1 2 1 1 1 2
1 1 1 2 2 1 1 0 1 1 1 2 1 1 0 2 2 0 1 0 0 2 2 0 1 1 2 1 0 2 0 2 0 0 2 2 2 1 1 0 0 2 2 2 1 0 2 0 0 0 1 1 0 0 2 0 1 2 1 2 2 2 0 2 2 2 0 1 0 2 2 1 1 1 1 0 2 0 0 0 2 2 2 0 2 1 0 1 1 1 1 0 2 1 1 1 1 1 1 0 0 0 2 2 2 0 2 2 1 0 0 0 2 2 1 2 1 2 0 0 2 2 0 1 1 2 2 1 1 0 1 2 1 0 1 1 0 1 0 2 2 0 0 1 0 2 1 2 1 2 0 0 2 1 2 2 1 2 0 2 0 1 2 2 2 1 1 2 1 2 1 0 0 2 2 2 2 0
2 2 0 2 0 1 0 0 1 1 0 1 2 0 0 2 1 2 0 2 2 1 2 1 2 0 2 2 0 1 0 2 1 2 1 2 0 2 0 1 1 0 0 1 1 1 0 2 0 1 2 0 0 2 1 0 0 0 0 0 0 0 2 1 0 1 1 0 1 1 2 0 1 0 1 0 1 2 0 2 0 0 2 1 0 2 1 0 0 1 1 0 0 1 0 0 0 1 2 2 0 2 2 2 1 0 2 2 2 0 0 0 0 0 2 1 2 1 2 1 1 1 2 1 2 2 2 0 2 2 2 2 0 2 2 1 2 2 1 2 0 2 1 1 0 0 0 2 1 0 1 2 1 1 1 1 0 2 0 0 1 2 2 2 2 2 0 2 2 0 0 0 2 1 1 2 2 2
0 0 2 1 1 0 2 2 0 1 1 0 1 0 2 2 0 2 2 2 0 2 2 0 2 2 2 0 0 1 1 0 2 0 2 0 2 0 0 2 1 1 2 0 2 2 0 0 0 2 0 0 1 2 1 1 2 1 0 2 2 1 2 2 1 0 0 1 0 0 0 2 2 0 0 0 1 1 1 1 1 1 2 1 1 1 2 0 2 2 0 2 0 0 1 0 0 2 1 1 0 0 1 0 1 0 1 2 1 0 1 2 1 1 0 0 2 1 0 2 0 0 2 1 2 1 2 0 1 0 2 2 1 1 0 0 1 1 2 0 2 1 1 0 0 1 0 0 2 1 2 1 0 2 0 2 1 2 2 0 2 2 2 1 1 2 1 2 1 1 0 0 0 1 1 1 0 2
2 1 1 2 2 1 2 0 1 1 2 0 2 1 0 1 0 1 2 2 1 0 2 2 2 2 1 1 1 2 1 0 1 0 1 1 2 0 1 0 2 0 0 1 2 0 0 1 2 2 0 2 1 0 1 0 1 0 2 2 0 0 1 1 1 2 0 0 0 2 0 2 2 2 1 2 0 2 0 0 2 2 2 0 0 1 1 1 1 1 1 2 2 0 1 1 0 1 1 0 0 0 1 0 2 0 1 2 0 2 0 0 2 0 0 0 2 0 1 1 1 0 1 0 1 2 2 1 2 2 0 0 2 2 2 1 2 0 1 0 2 2 1 0 2 1 0 1 1 1 0 0 2 2 2 0 1 1 0 0 0 1 1 2 0 1 1 0 1 0 1 1 2 2 1 2 2 1
1 1 1 2 2 0 2 1 1 0 0 2 2 1 0 1 1 0 2 1 2 1 1 0 0 1 1 2 0 0 1 2 1 2 2 1 0 1 2 0 0 1 2 0 2 0 2 1 1 1 0 1 0 2 2 0 1 1 0 0 2 2 0 0 2 0 2 0 2 2 1 0 0 1 0 0 2 0 0 1 1 0 0 2 1 0 0 2 1 0 2 0 2 0 2 0 1 2 1 0 1 2 2 0 0 0 0 0 1 1 2 0 0 2 0 1 0 0 0 2 1 0 0 1 0 2 2 1 2 0 2 0 2 2 0 0 0 2 1 1 1 1 2 1 1 2 2 2 0 0 2 2 1 2 1 2 2 0 0 1 0 0 0 0 0 1 0 1 1 0 0 0 1 2 1 0 0 2
0 0 0 0 2 1 0 0 0 0 1 1 2 1 2 2 2 2 2 0 1 0 1 1 0 2 2 0 1 2 2 1 2 0 2 0 1 0 1 2 0 0 0 0 2 2 1 2 0 0 0 1 0 1 1 2 1 0 0 2 2 0 2 2 0 1 2 2 1 1 1 2 2 1 0 1 1 2 0 1 2 0 1 0 2 0 0 1 0 1 0 0 1 0 2 2 2 0 1 0 2 2 1 1 1 2 0 0 1 2 2 0 2 1 1 0 1 2 1 1 0 2 2 0 0 0 2 2 0 2 0 2 1 1 1 1 1 2 1 2 1 1 2 1 0 2 2 1 2 0 1 0 2 1 0 0 1 1 0 1 0 1 1 2 0 0 0 2 0 2 2 1 1 0 0 1 2 2
0 1 0 2 1 0 1 0 1 2 1 2 2 1 1 1 1 2 2 2 2 0 1 2 2 2 2 0 1 2 0 0 1 1 2 2 2 1 0 0 2 1 0 1 0 1 0 2 1 2 2 1 0 0 1 0 1 0 0 0 0 1 1 1 2 2 1 1 0 1 0 2 1 0 1 2 0 2 1 1 2 1 0 0 2 2 0 1 0 1 2 1 2 1 2 2 0 1 1 1 1 2 1 2 0 0 1 0 2 1 2 2 2 0 0 2 2 0 1 0 1 1 2 1 0 1 1 1 1 1 2 2 0 1 2 1 2 1 2 1 2 1 1 0 0 1 0 2 1 2 0 0 1 2 0 2 2 1 0 0 2 2 2 1 2 1 2 1 2 2 0 0 1 2 1 1 0 1
2 0 1 0 1 2 0 1 2 0 1 2 0 1 0 0 2 0 2 0 1 2 0 1 0 1 0 1 1 2 1 1 0 2 1 2 0 2 1 2 2 0 0 0 1 1 1 2 1 0 2 2 1 2 1 1 1 0 1 0 0 2 1 0 1 0 2 2 2 1 2 0 1 0 1 1 1 0 0 0 1 2 0 2 2 1 2 0 2 1 1 2 0 0 0 2 0 0 2 1 2 2 2 2 0 0 0 2 1 0 2 1 0 0 1 0 1 0 1 2 1 0 1 2 1 2 0 2 0 2 1 2 2 0 1 2 2 1 2 1 2 2 2 0 2 1 1 1 2 0 0 2 0 2 2 2 2 2 2 2 2 1 2 1 2 1 1 2 0 0 1 1 2 1 2 1 0 1
1 0 2 1 2 0 1 0 0 0 2 0 0 2 1 0 1 1 1 0 1 2 1 0 0 2 2 0 1 2 2 2 0 1 2 1 1 0 1 2 1 0 2 1 0 2 1 2 0 0 0 2 0 2 0 1 1 2 2 1 2 1 1 0 0 0 1 2 1 2 1 0 1 2 2 2 1 1 1 1 2 2 1 0 2 2 2 1 2 1 0 1 1 2 2 1 2 1 0 0 1 0 0 0 2 0 2 1 2 2 2 2 1 2 0 1 2 2 1 2 1 1 0 2 0 0 1 0 2 2 1 1 0 0 1 0 1 1 1 0 0 2 0 0 2 0 2 1 2 0 0 2 2 2 1 0 2 0 1 2 1 0 0 1 1 2 2 2 2 1 0 2 0 0 0 2 1 0
1 1 0 1 0 0 1 0 2 2 0 0 1 1 1 0 1 2 0 1 1 2 2 1 0 0 0 0 0 1 0 1 0 2 1 1 2 0 1 1 2 2 0 1 2 1 2 0 1 2 1 0 0 1 0 0 2 0 0 0 2 2 2 2 1 1 0 1 2 2 1 1 0 1 0 2 2 2 0 1 0 2 2 1 0 2 1 0 2 2 0 1 1 0 0 0 2 2 2 2 2 0 0 0 1 2 2 1 2 2 0 0 2 2 1 0 2 2 1 2 0 2 0 2 2 1 0 1 1 0 1 2 1 2 2 0 2 0 1 1 0 2 2 0 2 1 1 1 1 2 0 2 1 1 1 0 1 2 0 0 2 1 0 0 1 0 0 0 1 0 0 2 2 0 2 2 1 0
1 0 2 0 2 1 1 2 2 0 1 0 1 2 1 2 2 1 2 1 1 1 1 2 1 1 2 1 0 1 2 0 1 2 0 1 2 2 1 1 0 2 2 2 1 0 1 2 2 2 0 2 0 2 1 2 0 1 1 2 2 1 2 1 1 2 0 0 1 1 2 1 2 1 1 0 0 0 0 2 0 0 1 0 2 1 1 1 2 2 0 2 1 2 0 2 2 2 0 0 0 0 0 2 2 1 1 0 2 1 2 2 0 2 1 0 0 2 1 0 2 2 2 0 1 0 2 0 2 0 2 1 2 2 1 1 0 0 1 1 0 1 0 0 0 1 0 1 0 0 1 0 2 1 0 2 2 1 0 2 2 2 1 1 1 1 0 0 1 2 1 1 1 2 1 2 1 0
1 2 0 0 0 0 2 1 2 2 0 0 1 0 2 1 2 2 2 0 0 0 2 1 2 1 1 1 1 2 2 0 0 0 1 1 1 0 2 0 2 0 1 2 1 2 0 1 2 2 2 2 0 0 1 0 1 2 2 0 2 2 1 0 0 0 1 1 0 0 2 1 1 1 1 0 1 1 2 0 1 1 2 1 1 1 0 1 0 2 1 0 1 0 0 1 0 1 0 1 2 0 0 1 2 1 2 1 0 2 1 2 1 1 1 1 2 1 2 2 1 0 1 0 1 1 0 2 0 1 2 0 1 2 1 1 2 1 2 2 0 1 2 2 0 1 0 2 0 0 0 2 1 2 0 0 0 1 0 0 0 2 1 2 0 0 2 0 2 2 0 0 1 0 0 1 2 1
2 0 1 0 2 2 2 1 0 0 2 2 1 2 1 2 0 2 0 2 0 0 1 1 1 0 1 2 0 1 0 0 1 2 0 2 2 0 0 0 0 0 2 2 1 1 0 1 2 1 1 2 1 2 1 0 0 0 2 0 2 2 0 0 1 1 0 2 2 0 2 2 2 2 0 0 1 0 1 1 1 2 2 1 2 0 1 0 0 1 1 2 1 1 1 1 0 1 0 2 0 0 0 0 0 0 0 1 1 2 1 0 2 0 1 1 0 1 0 2 0 1 1 1 1 0 2 1 0 2 2 1 0 0 1 0 1 2 0 0 1 1 0 0 1 0 2 2 1 2 1 1 2 1 0 0 1 0 2 2 0 2 1 1 2 2 2 0 2 2 0 0 0 2 1 2 2 2
2 1 2 1 0 1 2 0 2 2 0 2 2 2 1 1 1 2 1 0 2 1 0 1 2 1 1 1 2 0 1 1 2 1 0 2 0 0 2 0 0 1 2 2 1 2 0 2 1 2 2 1 1 0 0 0 0 1 2 2 2 0 1 1 2 1 0 0 2 1 1 2 0 1 2 1 1 2 0 0 2 0 1 0 2 0 2 2 1 1 2 1 0 0 0 0 2 1 0 2 0 2 1 0 0 0 1 2 1 2 2 1 2 2 0 2 2 2 1 0 0 1 2 0 2 0 1 2 2 2 2 0 2 0 0 2 2 2 0 1 1 0 2 1 2 2 1 1 1 0 0 0 2 2 1 1 0 0 1 2 2 0 2 1 2 0 2 1 2 0 2 1 0 2 0 0 2 2
2 1 2 2 2 2 0 1 2 0 2 0 1 2 1 1 1 0 0 1 2 0 1 2 2 1 1 0 1 1 2 1 1 2 1 0 2 1 2 1 0 1 2 2 1 0 1 0 1 1 1 1 0 0 0 2 1 0 0 0 1 2 2 0 1 1 1 1 0 0 2 1 0 2 1 2 0 2 0 0 2 1 2 0 1 1 2 0 1 0 1 0 2 0 1 1 0 2 1 1 0 1 2 1 1 1 1 0 1 1 0 1 0 0 1 2 1 1 0 2 1 1 0 1 0 1 1 0 1 2 1 2 0 1 2 2 0 0 2 1 2 0 0 0 1 1 0 0 1 0 2 2 2 0 1 0 2 0 1 1 2 0 1 0 2 1 2 2 1 2 1 1 0 2 2 2 0 2
2 2 0 2 2 0 1 1 2 1 1 0 0 0 1 2 1 0 0 2 0 2 1 2 1 0 1 0 0 2 0 0 2 1 2 1 1 1 0 0 0 1 1 0 2 0 0 0 1 0 2 2 2 2 1 1 2 2 1 0 0 2 0 2 0 2 1 2 2 1 0 2 2 2 0 2 2 0 2 2 1 0 1 1 2 1 0 2 1 2 2 1 2 2 0 2 2 1 2 1 0 0 0 0 2 0 2 0 1 0 2 2 0 1 2 2 2 0 2 1 2 1 2 2 0 1 2 0 0 2 2 1 2 0 1 0 2 1 1 0 1 1 1 2 2 1 1 0 1 0 1 0 2 1 0 0 0 0 0 1 2 2 2 0 0 1 0 2 0 2 0 2 0 2 1 0 0 2
0 1 0 2 2 0 1 0 0 2 1 1 0 0 1 0 0 2 2 1 2 2 0 0 2 1 2 0 2 0 1 2 2 2 2 2 0 1 2 1 0 1 2 2 2 1 2 0 1 1 0 1 2 1 1 2 0 1 0 2 2 2 2 2 2 1 1 0 0 2 1 2 0 2 2 0 1 1 2 2 1 2 0 0 0 2 0 1 2 0 0 1 0 0 1 0 2 1 1 1 0 0 1 1 2 0 2 0 1 2 1 0 1 2 1 2 2 1 1 2 0 2 0 0 2 0 1 2 1 2 1 2 2 2 0 2 2 0 0 1 2 2 0 1 2 1 2 2 1 1 1 1 0 2 1 0 2 2 0 1 2 1 0 1 1 1 1 1 2 0 2 2 2 0 1 2 2 0
2 0 1 0 1 0 1 0 0 1 0 1 0 2 0 1 0 2 2 0 0 2 0 0 2 2 1 1 0 0 2 2 1 1 1 2 1 2 2 2 1 2 1 2 2 2 1 2 1 0 2 1 0 0 2 0 1 0 2 1 1 2 0 2 0 1 2 0 1 2 0 1 2 0 0 1 2 1 1 1 0 2 0 0 2 0 1 0 1 1 1 2 0 0 2 1 2 1 1 2 1 0 0 0 0 0 1 0 2 0 2 2 0 0 0 2 0 2 0 2 0 2 2 1 0 2 0 0 1 2 2 0 0 0 1 0 0 0 2 0 1 1 0 1 1 1 1 0 1 1 0 2 2 2 1 2 2 1 0 2 2 0 2 2 0 0 1 2 1 0 2 0 1 0 1 1 1 0
1 0 2 1 0 2 1 2 0 2 0 1 1 2 2 1 0 0 1 1 2 1 1 0 1 2 0 1 1 2 2 0 2 2 2 0 0 1 2 0 0 0 2 2 1 2 0 1 0 2 2 0 0 1 0 0 1 1 2 0 0 1 0 1 1 0 1 1 2 1 2 0 1 2 2 0 2 2 2 0 1 1 1 0 0 2 0 2 2 0 2 2 1 0 1 0 0 2 2 0 1 2 0 1 2 2 1 2 1 1 2 1 0 1 1 1 2 2 0 1 2 0 1 1 0 0 1 2 0 1 2 2 1 0 0 0 0 2 0 2 0 0 1 2 1 0 0 0 0 1 2 2 1 1 1 2 1 0 2 1 2 2 0 1 0 1 1 0 1 2 0 2 0 1 1 2 1 1
1 2 0 0 1 2 1 0 2 0 1 1 2 1 1 0 2 1 0 1 2 1 1 0 0 1 0 2 1 1 1 0 2 2 0 0 1 0 2 1 0 1 1 0 2 2 2 1 1 2 2 1 1 1 1 1 0 1 1 2 1 1 2 0 1 1 1 0 1 1 2 1 2 0 0 1 0 2 0 1 1 0 0 2 2 0 1 0 2 0 0 0 2 0 1 0 1 1 0 2 2 0 2 0 1 2 1 2 1 2 1 0 0 2 0 0 2 1 0 1 2 1 0 1 2 2 2 1 1 1 1 2 2 1 2 1 1 1 1 0 1 2 0 1 1 0 2 1 2 0 0 2 1 1 1 1 0 2 0 2 0 2 1 2 1 1 1 2 2 2 2 1 2 0 2 1 1 0
0 0 0 1 0 2 2 0 2 0 2 0 2 0 2 1 0 0 2 0 0 2 2 2 1 2 2 1 2 1 1 2 1 2 1 0 2 0 0 2 1 0 2 1 1 1 0 1 2 1 2 2 1 2 2 2 2 2 0 1 0 0 1 2 2 2 2 1 2 0 0 1 0 2 0 2 1 1 2 1 2 1 1 1 1 1 0 1 0 2 2 1 2 2 2 1 1 1 1 2 0 2 0 1 0 1 1 2 0 0 1 0 1 2 2 0 1 0 2 2 0 2 2 2 1 1 1 0 0 2 2 0 0 0 2 0 1 0 2 2 1 1 0 2 1 0 0 0 0 2 0 0 2 0 0 0 1 1 0 2 2 0 0 2 0 2 0 2 0 2 2 1 1 2 1 0 2 1
1 0 2 2 1 1 0 1 1 2 1 0 1 1 0 0 1 1 2 1 1 0 1 0 2 0 1 1 1 0 0 2 2 0 0 0 1 0 0 0 2 2 0 2 0 2 2 2 1 2 0 2 0 2 1 0 0 2 1 1 0 2 2 2 2 0 0 0 0 1 2 0 0 0 0 1 2 0 0 1 0 1 1 1 0 0 1 1 2 1 1 2 0 1 2 1 1 0 2 2 1 1 0 1 2 1 2 2 2 0 1 2 1 2 1 2 2 0 1 2 1 0 1 0 1 1 1 0 1 0 2 2 0 2 1 2 1 1 1 1 1 2 1 2 2 0 0 2 1 1 2 0 2 1 1 1 0 2 1 2 1 1 2 1 1 2 0 1 0 2 2 2 0 1 2 0 2 2
0 1 1 0 2 0 1 1 2 0 0 1 0 2 2 2 0 2 2 1 0 0 1 0 2 1 1 2 2 0 2 0 2 0 1 2 2 0 0 1 0 1 0 0 1 0 1 1 2 0 0 0 1 2 0 1 1 0 1 0 1 0 1 1 1 2 0 0 2 1 0 0 2 0 1 0 1 0 2 2 1 0 2 0 2 1 2 1 1 0 1 0 0 2 1 1 2 2 0 2 0 0 0 0 1 2 1 2 0 1 1 2 1 2 2 1 1 1 2 0 1 1 0 1 1 2 1 1 1 1 1 0 1 1 0 0 0 1 2 1 0 2 0 2 2 0 2 0 1 1 1 0 0 1 2 2 1 0 1 1 2 2 1 0 1 2 1 2 1 1 1 2 1 1 2 0 1 1
1 1 0 2 1 1 0 0 1 0 1 2 1 0 2 2 2 1 1 0 1 0 2 0 0 0 0 0 1 2 1 2 0 2 2 1 0 1 0 2 1 2 2 2 2 2 1 2 0 0 1 0 1 1 0 1 0 0 1 1 0 0 2 0 0 1 0 1 2 0 2 1 2 1 0 2 1 2 0 2 0 2 2 2 1 0 0 1 1 0 1 1 1 1 0 2 0 1 1 1 1 0 2 1 2 0 1 0 0 1 0 1 1 2 0 0 0 1 1 2 2 0 1 1 1 2 0 2 0 2 0 2 0 0 1 0 0 0 0 2 1 1 0 1 2 1 1 0 0 2 0 0 1 2 2 2 2 2 2 1 0 0 1 0 1 0 1 2 0 2 1 2 1 1 0 0 0 1
1 1 2 1 2 0 1 1 0 2 0 0 0 1 0 2 2 2 2 0 2 0 0 1 0 2 0 1 0 1 1 2 2 1 2 1 2 1 0 2 0 2 0 1 0 2 1 2 1 1 1 1 2 2 0 0 2 1 2 0 2 0 0 0 1 2 2 0 1 0 1 2 2 1 2 2 0 0 0 2 2 2 1 1 1 1 2 1 2 2 2 2 2 0 0 2 0 2 0 2 0 1 2 2 0 1 0 1 2 1 0 2 0 2 1 2 1 1 1 1 1 0 1 0 2 1 0 0 1 1 0 2 2 2 2 0 2 2 2 2 0 0 2 0 0 1 1 2 0 2 1 1 1 2 2 0 1 0 0 0 2 0 2 1 0 2 0 0 2 2 0 0 0 2 1 1 1 2
1 1 0 0 0 1 2 0 1 1 1 2 2 0 0 2 2 0 2 2 1 1 2 2 2 1 1 2 0 0 2 1 2 2 1 0 0 1 1 2 0 0 2 2 0 0 2 2 1 2 0 0 2 0 0 2 1 1 1 2 2 1 0 0 1 2 0 0 1 2 0 2 2 0 0 2 0 0 2 2 1 0 0 0 2 1 0 0 0 2 0 0 1 1 0 0 2 1 0 1 0 2 2 0 0 2 0 1 0 0 1 1 1 2 2 0 1 0 2 2 0 0 0 2 1 1 2 1 2 1 1 1 0 0 1 0 0 2 1 0 0 0 0 1 1 2 0 2 0 2 2 0 0 2 2 2 1 0 1 1 1 0 0 1 0 1 1 1 0 2 2 1 1 2 1 2 0 1
2 1 1 1 0 1 1 0 0 0 0 2 2 1 2 2 0 0 0 2 1 2 0 1 1 1 1 2 0 2 0 2 1 2 1 1 1 2 1 2 0 2 2 2 1 2 2 0 2 1 2 2 1 2 0 2 0 2 2 0 2 0 0 0 1 1 1 2 2 0 2 2 0 2 0 2 2 0 2 1 1 2 0 2 2 1 0 2 1 2 1 1 0 1 1 1 1 0 2 0 0 1 2 1 0 0 1 0 1 1 2 2 0 0 0 0 0 0 0 2 0 2 0 1 1 2 1 2 0 0 2 0 2 0 2 1 1 1 1 2 0 1 0 1 0 1 1 0 2 2 0 0 2 1 1 1 0 0 1 0 1 2 1 1 0 2 0 1 1 2 2 2 1 2 1 1 1 0
2 0 0 0 0 0 1 2 2 2 0 2 2 2 1 1 0 1 1 1 0 0 1 2 2 0 2 1 2 0 1 2 0 2 2 1 0 1 1 0 0 2 2 0 1 0 2 0 2 1 1 1 1 0 0 1 0 1 0 2 2 1 1 0 1 1 2 2 2 0 2 2 2 2 0 1 0 0 1 1 2 0 2 0 1 0 2 2 1 2 2 1 1 1 2 0 0 1 2 2 0 0 0 0 0 1 2 1 2 0 2 1 2 2 2 1 0 1 0 2 1 2 1 1 2 1 1 2 1 2 2 1 2 0 2 2 2 2 0 1 0 1 0 2 0 2 0 1 2 1 1 1 1 0 0 0 2 2 0 1 1 0 0 1 1 2 1 1 1 2 1 0 0 2 2 2 2 1
0 2 0 2 1 1 1 2 0 1 1 1 2 0 1 2 1 1 2 0 2 2 0 0 2 1 2 1 0 0 0 2 2 0 1 0 0 2 0 1 0 2 2 0 1 2 0 0 0 0 1 0 2 2 2 2 0 2 1 2 2 2 1 2 2 0 0 0 1 1 1 2 1 1 1 2 1 1 0 1 2 1 2 2 0 1 1 2 1 0 1 0 2 0 2 2 1 0 1 2 1 2 0 0 1 1 0 0 0 1 2 0 0 2 2 1 0 1 1 1 2 2 0 1 0 2 1 1 0 2 2 0 0 2 0 2 1 1 0 2 0 2 2 0 1 2 2 0 1 0 2 0 2 2 2 2 0 1 2 1 1 1 1 2 1 2 2 0 1 2 2 2 0 2 2 2 2 2
2 1 2 2 2 0 2 1 0 0 2 0 2 1 1 0 1 2 0 1 2 2 0 0 1 1 2 1 1 2 1 1 0 1 1 2 2 1 1 1 1 1 1 1 0 0 2 1 0 2 2 1 0 1 1 1 0 1 2 1 0 1 1 1 0 2 1 2 1 2 0 1 0 2 2 1 0 1 1 0 2 1 2 2 2 0 1 1 2 2 0 0 0 1 1 0 1 0 1 0 0 2 1 2 2 1 0 2 0 1 1 0 0 0 0 0 2 2 1 1 1 0 0 1 1 1 0 0 0 2 1 0 2 2 2 2 0 0 2 2 2 1 2 0 0 0 1 0 2 0 1 1 1 1 0 0 1 0 0 1 0 2 2 0 2 2 0 0 0 2 2 2 2 0 1 2 0 0
2 0 1 1 1 0 1 2 0 0 0 1 2 1 1 1 2 1 0 2 1 1 0 2 1 2 2 2 2 0 2 2 0 0 0 2 1 2 1 1 2 2 1 1 1 0 1 1 1 2 1 0 1 2 2 0 2 2 0 1 2 0 1 2 0 1 2 0 2 1 1 2 1 0 2 2 0 0 2 2 2 0 0 0 0 0 1 2 0 1 1 2 1 2 2 0 1 2 0 0 0 1 0 2 0 2 2 0 0 1 0 0 2 1 1 0 1 2 2 1 2 1 1 0 0 1 0 2 0 0 0 2 0 1 2 0 1 2 1 1 1 2 2 1 0 1 2 2 1 2 1 0 1 0 1 1 1 2 1 0 0 0 0 0 1 2 1 1 1 2 0 0 2 0 0 2 2 0
2 2 2 1 2 0 1 1 0 1 2 2 2 2 2 0 0 2 0 1 0 2 0 1 1 0 2 1 0 1 1 0 1 1 2 2 2 2 0 0 1 0 2 1 2 2 1 0 1 1 1 2 0 0 0 1 0 0 0 1 0 2 2 1 1 2 0 1 1 2 1 2 2 0 0 0 0 2 0 1 1 2 1 2 2 0 1 0 0 0 2 0 2 2 2 0 1 2 2 0 1 0 0 1 2 2 1 2 2 2 2 1 1 0 1 1 0 2 2 1 0 2 2 0 1 1 1 2 2 1 0 0 2 1 2 1 1 1 1 0 1 1 1 0 1 2 0 0 0 0 2 0 2 1 1 0 1 1 2 0 0 0 1 2 2 2 2 1 0 1 1 2 2 1 1 1 1 1
1 1 1 1 0 1 0 2 1 2 0 1 2 1 2 1 2 1 0 1 2 2 0 2 2 2 0 0 1 1 2 1 1 1 2 2 2 0 1 0 2 0 0 2 1 2 1 0 1 2 2 1 1 2 1 1 2 1 2 1 1 2 2 2 0 1 1 1 0 0 2 2 0 2 0 2 2 1 0 1 1 0 2 0 2 1 2 2 0 1 1 2 0 0 1 2 2 0 0 2 2 2 0 2 2 0 2 2 2 0 0 0 0 0 0 0 1 0 0 0 2 1 2 2 2 2 2 2 0 2 2 2 0 0 2 0 0 1 2 2 2 2 1 2 2 2 1 2 0 1 2 2 0 2 2 2 1 0 2 2 2 0 1 0 0 1 0 2 1 0 2 0 2 0 1 0 0 2
2 1 1 2 1 1 1 0 2 0 1 2 0 1 0 2 2 2 1 1 1 0 1 0 1 1 2 0 2 2 0 2 1 2 1 2 0 0 0 0 1 2 1 1 1 1 1 0 0 0 1 1 1 1 0 2 2 2 0 2 2 0 1 0 0 2 0 2 2 0 2 2 2 0 0 0 0 2 2 1 0 1 1 1 2 1 2 2 0 0 1 0 1 2 1 2 2 1 1 0 1 1 2 2 0 0 0 0 0 2 2 1 1 0 0 1 1 0 1 2 1 2 0 2 0 1 2 0 2 1 0 1 0 2 0 1 0 0 1 1 1 1 2 0 2 0 1 0 1 0 1 2 1 1 0 1 0 0 1 2 2 0 1 0 0 2 1 0 1 0 2 0 1 2 0 0 0 2
2 2 0 0 1 1 1 2 0 2 0 2 0 2 2 2 2 0 2 1 1 1 1 2 1 2 1 1 1 2 0 0 1 1 0 1 2 2 0 0 0 0 0 0 0 0 2 0 1 2 1 1 0 2 0 1 0 2 0 1 1 2 1 1 0 2 2 1 2 0 1 2 1 2 0 2 0 1 0 2 0 1 1 2 2 1 1 2 1 2 0 0 2 2 2 2 2 1 0 1 1 0 2 0 2 0 0 0 1 1 0 0 0 1 0 2 1 1 1 2 1 2 0 0 2 2 0 1 0 1 0 0 1 0 1 1 0 2 1 2 0 2 0 1 2 0 1 0 1 1 2 1 0 1 1 1 0 2 2 2 1 0 2 2 0 1 1 1 1 1 0 2 0 0 1 0 1 0
0 2 2 1 1 0 2 0 1 2 2 1 2 1 1 2 2 2 1 0 0 0 1 1 0 0 2 2 0 0 0 2 0 2 0 2 2 0 0 1 0 2 0 0 1 1 2 0 1 1 1 2 1 1 0 2 2 0 2 2 1 2 2 2 2 2 2 1 2 2 0 0 2 0 1 1 0 0 2 1 0 1 2 2 2 0 1 2 1 1 1 2 0 1 2 2 1 1 2 2 1 2 0 1 1 1 2 2 2 2 0 2 1 0 2 0 1 1 0 2 0 1 2 1 0 2 2 0 1 1 2 0 1 2 2 0 1 1 2 1 1 1 1 2 1 1 0 2 0 0 2 1 0 2 0 1 2 2 1 0 1 1 1 0 0 0 2 2 0 1 1 1 0 0 2 2 2 2
2 2 1 0 1 1 2 2 2 2 1 1 0 0 2 2 1 1 0 0 1 0 0 2 0 0 0 2 0 2 2 0 0 0 0 1 1 0 0 2 2 2 1 2 0 1 2 1 2 0 0 2 1 0 2 1 0 0 1 1 0 2 2 0 2 0 2 2 0 0 2 0 0 0 0 0 1 0 0 2 1 0 1 2 0 0 2 1 1 1 0 2 0 2 2 1 2 0 0 0 0 2 1 1 0 0 2 1 0 2 1 2 2 0 2 0 2 2 2 0 1 2 0 2 2 1 0 2 1 1 1 2 1 0 0 1 0 0 1 1 2 2 0 0 1 0 0 0 2 2 1 1 2 2 1 2 1 1 2 2 0 1 1 1 2 0 1 0 0 2 2 0 2 0 0 0 0 2
1 1 1 0 0 1 0 1 1 1 1 2 1 2 1 0 0 1 0 2 2 1 1 2 0 2 2 1 0 1 0 2 0 0 0 0 2 1 0 2 0 1 1 1 1 0 2 2 2 1 2 2 2 1 1 0 0 0 2 1 2 2 0 2 2 1 1 0 2 1 2 2 0 0 1 1 1 1 0 0 2 0 2 2 2 1 2 2 0 2 0 2 2 1 0 2 0 1 2 2 0 2 2 0 0 1 2 2 0 0 2 2 1 0 2 0 2 0 2 2 0 1 0 2 0 0 0 1 2 0 1 2 0 2 2 0 1 1 0 1 2 1 2 0 1 2 0 1 0 1 2 1 0 2 1 0 0 2 2 2 0 1 1 1 1 0 2 2 2 0 2 1 1 2 0 0 2 0
1 0 2 0 2 2 0 1 1 0 1 0 2 2 2 0 1 0 1 0 1 1 1 1 0 2 0 0 0 2 1 0 0 2 1 0 1 2 2 2 2 1 1 0 0 0 1 1 2 0 2 1 1 1 2 2 1 0 0 2 0 0 2 1 2 0 2 1 0 1 1 1 0 0 1 0 0 0 2 0 0 2 1 0 0 0 0 1 0 2 1 1 2 1 0 2 0 0 0 0 0 2 1 0 2 0 2 1 1 1 1 2 0 0 0 1 1 1 1 0 1 0 2 1 2 0 0 2 0 0 0 0 1 2 2 0 0 1 1 2 2 1 0 1 2 0 2 0 2 0 0 0 2 0 1 1 0 2 0 1 1 0 2 2 0 1 0 2 2 0 1 0 1 2 1 0 0 0
1 2 2 0 1 1 0 0 2 1 1 0 0 2 1 0 2 0 0 2 2 2 2 1 2 1 1 1 2 2 2 1 2 2 1 0 0 2 2 0 1 0 1 2 2 2 0 2 0 0 1 2 0 2 2 1 0 0 2 0 2 2 2 1 1 1 0 2 0 2 0 2 0 1 1 0 2 2 2 0 0 0 0 1 0 0 0 2 0 2 2 0 2 2 2 1 0 0 1 1 0 1 1 0 1 1 0 1 0 0 1 1 2 2 0 2 2 0 1 0 0 1 1 2 0 1 1 1 1 0 0 2 2 1 0 1 2 2 0 1 2 0 2 1 2 0 1 0 0 0 0 0 2 2 1 0 1 0 2 2 1 2 2 0 1 1 0 2 0 0 0 2 0 0 2 1 0 0
1 1 1 2 2 0 1 1 1 0 1 1 1 2 1 0 1 2 1 2 1 2 0 2 2 1 2 2 0 0 0 1 1 1 1 1 2 0 2 1 1 2 2 2 2 0 1 1 2 0 0 2 0 1 1 0 0 2 2 1 2 2 2 1 0 0 0 0 1 0 1 1 0 1 0 0 1 1 2 2 2 1 1 0 0 0 0 0 2 2 1 0 2 1 1 2 2 2 1 2 0 2 0 1 1 1 2 0 1 1 2 0 2 1 0 2 0 1 0 2 1 2 0 0 1 1 2 2 1 0 2 2 1 0 1 0 1 0 0 2 1 0 0 2 2 1 1 2 2 0 0 0 2 0 0 2 0 1 1 1 2 0 1 1 0 2 1 2 0 0 2 2 1 2 2 0 2 0
1 1 1 1 0 1 1 1 0 2 2 2 2 0 2 1 1 0 1 1 2 1 1 2 1 2 0 0 0 2 2 1 1 0 2 1 2 2 0 0 1 0 2 1 0 2 0 0 2 2 1 0 1 2 2 0 2 2 1 2 2 0 1 1 2 0 2 1 0 0 0 0 2 2 1 2 0 1 0 0 1 1 0 0 1 1 0 0 1 2 1 1 1 2 2 0 0 2 2 1 1 2 1 0 2 2 0 2 2 1 2 0 0 1 1 0 2 2 0 1 2 1 2 0 1 1 0 2 2 2 0 0 2 2 1 2 2 1 2 1 0 2 0 1 1 1 2 1 1 2 0 1 2 2 1 0 2 2 0 1 1 0 2 1 0 0 1 0 2 1 2 0 1 2 2 2 2 1
1 1 1 2 0 1 1 1 0 0 0 0 2 2 2 1 2 2 2 1 2 2 0 2 0 2 2 0 1 2 1 0 1 0 2 1 2 2 0 0 0 0 0 0 1 0 2 1 0 2 2 0 2 2 0 2 1 1 2 1 0 1 2 0 2 0 1 1 0 2 1 0 0 0 0 2 0 0 0 1 0 0 2 2 0 0 2 0 1 1 2 2 0 2 2 2 0 1 2 0 1 1 1 2 1 2 2 0 0 0 1 0 1 1 0 2 2 2 0 0 1 2 0 2 0 0 2 0 2 2 2 1 0 0 1 0 0 1 1 1 1 2 2 0 2 1 0 1 0 1 2 0 1 0 2 1 0 2 2 0 2 2 2 0 0 0 1 0 2 2 2 1 2 0 1 1 1 2
0 2 0 1 0 2 1 0 1 2 0 1 1 0 0 1 1 0 1 0 1 1 0 1 2 2 1 2 2 0 2 0 2 0 1 0 2 2 1 0 0 2 2 1 2 2 0 1 0 1 1 2 0 1 0 1 2 2 1 1 2 0 1 2 1 0 2 0 0 1 2 1 1 1 0 1 2 0 0 2 0 2 2 1 2 2 2 1 2 1 2 1 2 1 2 0 2 2 2 1 1 1 2 2 0 1 1 2 1 1 0 1 2 2 0 1 0 0 2 2 0 2 2 2 1 2 1 1 1 0 0 2 2 2 2 2 0 1 0 0 0 1 1 2 0 2 0 1 0 2 2 1 1 2 0 0 1 1 2 2 2 2 2 1 2 2 1 1 0 2 1 1 0 0 1 1 0 2
1 1 1 0 2 1 2 0 2 0 2 2 2 1 1 2 1 0 2 0 2 0 2 0 2 0 1 1 2 2 1 0 0 0 1 0 2 0 0 1 1 2 0 2 2 2 2 1 1 2 1 0 0 1 2 0 1 0 2 1 2 0 2 0 2 0 0 1 2 0 1 1 1 2 0 1 2 0 2 1 2 0 1 0 2 0 2 1 1 1 2 1 0 2 1 0 1 1 1 0 2 2 1 1 2 0 2 2 0 1 0 0 2 2 2 1 0 1 0 2 0 2 1 1 2 2 1 0 2 0 1 2 0 2 0 0 2 2 2 0 1 0 2 1 0 1 0 1 2 0 0 0 2 1 2 2 2 0 2 2 0 1 1 2 1 1 2 1 1 2 0 2 2 2 0 0 0 0
1 0 1 2 0 0 1 2 1 1 0 0 0 1 0 1 1 2 0 1 0 1 1 1 1 1 0 1 2 1 2 0 1 0 0 0 2 0 2 0 2 0 1 0 0 1 2 1 0 1 2 2 2 1 1 1 0 0 0 0 1 1 1 1 2 0 1 1 0 1 2 2 2 2 0 2 1 1 1 0 2 2 2 1 0 1 0 1 1 2 1 1 0 1 2 2 1 1 2 2 2 2 1 2 1 0 1 0 1 1 0 0 0 0 2 0 2 0 0 1 0 1 0 0 0 2 0 1 1 0 0 0 0 0 0 2 1 2 0 2 0 1 2 1 1 2 2 2 0 2 1 0 1 1 0 2 0 2 1 2 2 0 2 2 1 0 0 2 0 0 1 1 2 1 0 1 1 0
0 2 0 1 2 2 2 1 1 0 0 1 2 0 2 0 1 0 0 1 0 1 1 2 1 0 1 2 2 2 2 0 1 2 2 2 1 2 1 1 0 2 0 0 2 0 0 0 0 2 2 0 1 1 0 2 1 1 1 1 0 1 2 0 1 2 2 1 1 0 0 2 0 0 1 2 0 1 1 1 1 0 2 0 1 2 0 1 0 2 0 1 1 2 1 0 1 0 1 1 1 1 0 1 2 1 2 0 1 0 1 0 0 1 1 0 0 2 2 1 2 2 2 0 0 1 0 2 2 2 0 2 1 2 0 0 1 0 0 0 0 2 1 2 0 2 0 1 2 2 0 1 2 0 2 2 2 0 2 2 1 0 1 2 2 0 0 2 0 1 2 1 2 1 1 2 2 1
2 1 1 2 1 0 2 0 0 2 1 2 2 2 0 0 2 1 0 0 0 1 2 0 0 1 0 1 2 0 0 1 1 1 0 0 1 1 1 1 1 0 1 0 0 2 2 0 0 0 1 1 1 1 1 2 2 2 1 2 2 1 0 2 2 2 2 1 1 1 0 2 2 2 0 2 2 0 0 2 0 2 1 0 0 2 2 1 2 1 0 2 2 2 1 0 1 1 2 2 0 2 2 2 2 0 1 1 0 2 1 1 2 2 1 0 0 1 1 0 2 0 2 0 0 1 1 1 0 0 1 0 0 0 2 0 1 1 2 2 2 2 0 2 2 2 2 2 1 2 0 1 0 1 2 0 0 0 2 0 0 1 1 1 2 1 2 1 0 1 1 2 1 2 2 1 2 0
1 1 0 0 2 0 1 0 1 1 0 0 1 2 2 0 1 1 1 0 0 1 2 1 2 1 1 1 0 0 1 2 2 1 2 0 2 0 0 0 1 1 1 0 0 0 0 1 2 2 2 0 1 2 2 0 1 0 1 2 2 1 1 1 2 1 2 0 1 2 0 1 1 2 2 2 0 0 1 2 2 0 0 1 0 2 1 2 0 1 1 0 2 0 2 2 2 2 2 0 2 0 2 1 0 2 1 0 0 0 1 0 1 1 2 2 2 1 1 2 2 1 0 1 2 2 1 1 1 0 2 1 1 2 2 1 2 1 0 2 1 2 0 0 1 2 0 0 1 2 2 1 0 0 0 2 0 2 0 1 2 1 0 2 0 1 1 2 2 2 2 2 1 2 0 0 0 0
0 1 2 1 2 1 1 0 1 1 2 0 1 0 1 1 0 2 0 1 1 1 1 1 0 2 0 0 0 0 1 1 2 0 0 0 2 1 0 2 1 1 2 0 1 1 1 1 0 0 0 1 1 1 0 1 2 0 2 2 2 0 1 1 1 2 1 1 2 0 0 0 1 0 0 0 1 2 2 1 2 0 0 0 2 0 2 2 1 1 2 0 1 2 0 0 1 1 2 0 2 0 0 1 1 1 1 2 2 1 0 2 2 1 0 2 1 0 1 0 0 1 1 1 0 1 2 2 0 2 2 0 0 1 1 1 0 1 0 2 0 1 2 2 0 0 2 2 1 0 0 1 0 1 1 0 0 0 2 1 1 0 1 1 2 1 1 2 0 2 0 0 1 0 1 1 0 0
2 1 2 2 1 2 1 2 0 1 0 0 2 1 1 2 1 1 1 2 0 1 2 1 2 0 1 0 0 2 2 0 2 1 2 0 1 0 2 1 2 2 2 2 1 1 1 0 2 0 0 1 2 2 2 2 1 1 0 2 1 2 2 0 1 1 0 0 2 2 2 1 2 2 1 1 1 0 2 0 1 0 1 1 2 1 0 1 0 1 0 2 1 0 0 0 2 0 1 1 1 1 0 1 0 0 0 1 0 2 2 1 2 1 0 2 0 0 1 1 2 2 1 1 1 1 2 0 2 0 0 0 2 1 1 0 1 1 1 2 1 1 2 0 0 2 0 1 1 2 0 0 2 1 2 0 2 1 2 1 0 2 0 2 1 2 2 0 1 2 0 2 1 2 1 2 2 2
1 0 2 1 1 1 2 0 0 2 2 2 1 2 1 1 0 2 1 0 0 0 0 1 0 2 0 2 1 0 2 2 1 1 1 2 1 1 0 1 0 1 0 2 1 2 1 1 2 0 0 0 1 0 2 0 2 0 2 2 1 2 2 0 1 1 1 2 2 2 0 1 0 0 1 2 0 2 1 0 1 2 0 2 0 2 2 0 2 0 2 1 2 0 0 0 1 1 1 1 0 1 2 1 0 0 1 0 1 0 0 2 1 1 2 1 1 0 2 2 0 0 1 0 0 1 1 2 2 2 0 0 1 0 2 2 1 1 2 2 2 1 2 0 2 2 2 2 2 2 1 0 2 2 0 0 1 1 2 0 1 0 1 0 0 1 2 0 2 2 2 0 0 2 0 1 2 0
0 1 0 2 1 0 1 2 0 0 1 0 2 0 0 0 0 2 0 0 2 0 0 1 0 1 1 2 2 0 0 0 2 0 2 1 1 2 0 1 2 2 1 1 0 2 0 1 1 0 2 1 0 0 0 2 2 2 1 2 1 1 0 0 2 0 2 0 2 0 2 2 0 1 1 1 0 1 0 0 2 2 1 0 0 2 0 0 2 1 2 0 0 0 1 0 2 0 0 1 2 0 1 2 1 1 0 1 2 1 2 0 1 1 1 2 0 1 2 0 0 1 1 0 0 0 1 2 0 2 1 2 2 0 0 0 1 1 2 1 0 2 1 1 1 2 1 1 1 0 0 1 2 1 2 0 1 0 2 0 2 2 0 2 2 0 0 1 0 0 0 0 0 0 2 2 0 0
0 2 1 1 0 1 0 1 2 2 2 2 0 2 1 1 2 1 2 0 2 2 1 1 0 2 1 2 1 2 0 2 1 1 1 0 0 2 1 0 1 0 2 2 0 1 1 1 2 0 1 0 1 2 1 1 1 0 2 0 2 2 2 2 2 0 2 2 2 1 0 2 2 2 1 1 0 0 2 1 0 0 1 2 0 0 1 2 1 1 2 1 0 1 0 2 0 0 2 0 1 2 2 2 0 1 0 1 1 2 2 0 2 1 2 0 2 1 2 0 2 1 0 1 0 0 1 1 1 1 2 0 1 2 2 1 2 0 1 0 2 0 1 2 0 2 2 0 0 2 2 1 1 2 0 2 2 1 1 1 0 0 0 2 1 0 1 0 1 2 1 1 1 0 1 1 2 1
2 0 1 1 2 0 0 2 2 1 1 2 0 2 0 0 1 1 2 1 1 1 0 1 2 2 1 1 1 1 1 1 2 0 2 2 0 0 2 1 1 1 0 1 1 0 0 2 2 0 1 1 1 2 2 1 1 1 1 0 0 2 2 0 0 1 0 0 1 2 2 0 1 2 0 2 1 0 2 1 0 1 0 2 1 0 0 0 2 2 1 0 2 0 0 2 2 1 1 1 0 0 2 2 1 0 2 2 0 0 1 1 2 1 0 1 2 1 1 2 1 1 0 1 2 1 1 2 2 0 1 2 0 1 0 2 1 2 2 2 2 0 0 1 2 1 2 1 0 2 1 1 1 1 0 0 2 2 0 2 2 2 0 0 1 0 0 0 2 2 2 0 0 0 2 0 1 0
2 1 0 1 1 1 0 2 1 1 1 2 0 1 1 0 1 0 1 1 0 2 1 2 2 2 2 2 2 1 2 1 1 0 0 0 1 1 2 1 0 1 0 0 2 0 2 0 0 0 0 1 2 2 1 2 1 2 2 1 0 2 0 2 0 1 2 2 0 1 0 0 0 2 0 2 2 2 1 0 1 2 1 0 1 1 0 0 0 2 2 0 2 2 1 2 0 0 2 1 0 0 1 0 2 0 1 1 0 2 0 1 2 2 2 1 0 0 1 0 0 0 2 2 2 0 0 1 1 0 2 1 0 2 2 0 2 1 2 2 1 2 2 0 2 2 1 0 2 0 1 0 0 0 2 0 1 0 2 2 0 0 2 2 0 1 2 2 0 2 2 1 0 2 1 0 1 0
0 1 0 1 1 1 2 2 2 1 2 2 1 1 0 0 0 0 2 2 0 2 2 2 1 2 2 2 2 1 2 0 0 2 2 2 1 2 1 0 0 2 0 2 0 0 0 0 0 0 0 1 0 0 1 1 0 1 1 0 0 0 1 0 0 1 1 1 1 2 0 2 1 0 2 2 1 0 0 2 1 0 1 2 2 0 1 2 2 2 0 2 1 2 1 2 1 2 2 2 1 2 1 1 2 1 1 1 2 2 1 1 0 0 0 2 1 2 2 0 2 0 2 1 0 1 0 1 0 2 0 0 2 2 2 2 1 0 1 0 0 2 2 2 0 2 1 1 2 2 1 2 2 2 0 0 0 1 1 1 1 2 2 1 1 1 0 2 2 2 0 0 2 2 2 1 0 1
2 2 0 2 2 0 1 2 0 2 1 2 1 2 1 0 2 1 2 0 0 2 2 2 0 0 2 2 2 2 1 1 2 0 1 1 0 2 1 2 0 0 2 1 0 2 0 0 0 2 1 1 2 1 0 2 1 1 2 0 0 2 0 1 2 1 0 0 2 0 0 0 1 0 2 2 2 2 0 0 0 1 1 0 2 0 0 2 1 0 0 2 2 1 0 2 0 2 0 0 2 0 0 1 0 2 0 0 0 1 0 1 2 0 2 0 0 0 2 2 1 0 1 1 2 0 1 2 0 1 0 2 2 0 1 1 0 1 1 1 1 0 0 0 0 0 0 1 0 0 0 2 1 2 1 0 2 0 0 2 1 0 2 1 1 1 2 2 1 2 2 2 2 2 2 0 0 1
1 1 2 2 0 0 1 2 1 2 2 1 2 1 2 0 0 0 1 2 1 2 1 0 2 1 0 2 1 1 1 0 2 0 0 0 2 0 0 0 2 0 2 2 2 1 2 0 0 2 2 1 2 2 2 2 0 2 2 0 0 0 1 0 1 2 1 0 2 2 1 2 2 1 1 2 0 2 2 1 1 0 2 0 2 2 2 0 2 1 1 0 2 0 1 1 2 0 2 2 0 1 1 2 2 2 0 1 1 2 2 2 2 0 1 2 2 0 0 2 0 1 0 0 2 2 2 1 2 2 0 2 0 1 2 1 2 2 2 0 0 1 1 2 1 2 0 1 0 0 0 1 2 1 2 2 0 1 1 0 1 0 0 2 2 0 0 1 0 2 0 0 0 1 1 2 1 1
1 2 2 2 1 2 1 1 2 1 0 1 0 2 2 0 2 1 0 2 1 2 2 1 2 2 0 1 2 1 2 1 0 2 1 2 2 2 1 1 1 2 0 1 1 2 0 1 2 1 0 0 0 2 1 1 2 2 2 0 0 0 1 1 2 0 2 2 2 0 2 2 2 0 1 1 1 1 2 0 0 0 1 0 0 0 1 1 2 2 1 2 2 0 1 2 1 0 2 1 2 1 0 2 2 2 1 0 1 1 0 1 0 1 0 0 1 2 2 1 1 1 0 0 2 0 1 1 0 0 2 2 2 1 2 1 1 1 2 2 0 0 2 1 0 2 0 2 2 2 1 1 1 2 2 1 2 0 2 1 1 2 1 0 1 1 0 0 0 0 0 2 1 0 0 1 0 0
2 2 1 1 1 0 0 1 1 1 2 1 0 1 1 1 2 0 0 0 1 1 0 1 0 0 2 1 2 2 2 1 0 1 0 1 1 1 2 0 0 0 1 0 2 1 2 1 2 2 2 0 2 0 0 2 0 2 1 0 0 2 2 0 0 0 1 0 2 2 1 2 2 1 0 1 2 2 0 1 0 0 2 2 2 2 1 0 0 1 0 0 0 1 0 1 2 2 2 1 2 1 1 2 2 2 1 2 1 2 0 2 0 0 1 2 0 1 0 0 2 1 1 0 0 2 2 2 1 0 1 2 1 2 1 1 1 0 0 1 0 1 0 1 1 2 1 2 1 2 2 1 1 0 2 2 2 1 1 2 2 0 1 0 0 0 2 0 0 2 1 1 1 2 0 1 2 2
0 0 1 0 2 2 1 1 2 2 1 2 1 0 2 0 2 0 0 1 0 2 2 2 0 0 0 1 1 2 0 2 1 2 0 0 0 2 0 2 1 1 1 0 2 1 0 1 0 2 0 1 1 0 1 2 1 1 1 0 1 2 0 2 2 1 0 0 0 0 0 0 2 0 0 1 1 2 1 2 1 2 1 2 2 2 1 0 1 0 1 2 0 2 0 0 0 0 0 2 1 1 0 1 1 0 0 1 2 1 0 0 0 1 0 0 1 2 1 0 0 0 0 0 0 0 1 1 1 2 1 0 1 1 2 2 2 2 0 2 1 1 0 2 0 1 0 2 1 2 2 2 2 0 0 0 1 2 0 0 1 1 0 2 0 0 0 0 0 0 0 2 2 1 2 0 0 2
2 1 2 2 0 2 0 1 0 2 1 0 0 2 2 1 0 0 2 0 1 2 0 1 2 0 0 1 1 1 2 0 2 1 0 1 1 0 2 2 0 0 2 1 0 2 2 0 0 1 0 1 1 2 1 1 0 2 0 1 0 0 2 0 1 2 1 0 1 1 0 2 2 0 0 0 0 0 1 0 2 0 0 1 2 2 0 0 1 1 1 2 1 1 0 0 1 2 1 0 0 1 2 1 2 0 1 0 2 2 1 2 2 2 0 2 1 1 2 0 0 1 0 2 0 1 0 2 1 1 2 2 1 0 0 1 1 1 2 0 1 0 2 1 1 1 1 2 2 1 0 0 0 0 2 0 2 0 0 0 0 0 0 2 1 0 0 2 0 0 0 1 1 0 0 2 1 1
2 2 0 0 2 1 1 2 1 1 1 2 2 1 0 2 0 1 1 1 0 1 2 1 0 0 2 0 0 1 0 0 0 1 1 0 2 2 1 1 1 2 1 1 0 2 1 1 0 0 0 2 1 2 1 2 2 1 0 0 0 1 0 0 2 1 2 2 2 0 1 0 2 1 2 0 0 2 2 2 2 2 2 2 1 0 1 1 2 2 2 0 0 0 1 0 0 0 0 2 0 0 0 0 1 1 1 2 0 0 2 0 2 1 2 1 0 1 0 0 1 0 0 0 0 1 0 0 2 2 0 0 2 1 1 1 2 2 1 0 1 1 0 1 2 1 0 0 0 1 0 1 2 0 1 0 0 0 2 2 2 2 0 2 1 2 1 0 0 2 1 1 1 2 2 1 1 0
2 1 2 0 2 1 1 1 2 1 2 1 1 2 1 2 2 0 1 0 1 2 0 0 0 2 0 1 1 1 1 0 2 1 0 2 0 0 1 2 1 0 1 0 2 0 0 1 1 2 2 2 2 0 2 0 2 0 1 0 1 1 0 1 0 2 1 0 0 2 1 1 0 2 2 0 0 0 0 1 0 2 1 0 2 1 0 2 0 2 2 1 1 1 1 1 1 2 2 1 1 0 0 2 1 1 0 1 1 0 1 1 2 0 1 0 2 0 2 2 2 0 2 1 1 0 0 0 2 2 2 1 0 2 1 2 0 2 1 2 2 2 1 2 0 1 2 0 1 0 0 1 0 0 2 2 0 2 2 0 1 1 0 2 1 2 2 0 1 1 2 1 1 1 0 2 2 1
0 0 1 1 1 2 2 0 1 0 0 1 1 0 0 2 0 1 1 0 1 2 1 1 1 2 0 1 2 2 0 0 1 2 2 2 1 1 1 0 2 2 1 1 2 1 0 0 1 1 0 0 1 2 0 2 1 0 2 2 0 2 2 2 2 2 2 1 1 1 2 1 0 1 2 1 1 0 1 2 2 2 0 2 1 0 1 0 0 1 0 2 1 0 1 1 0 1 0 2 0 2 0 2 1 0 0 2 1 2 2 2 1 2 1 0 0 0 1 1 2 2 1 1 0 0 0 0 2 0 2 0 0 0 2 2 2 0 2 0 2 2 2 1 1 0 1 2 1 2 1 1 1 2 0 2 0 0 0 1 0 2 2 1 1 2 1 0 2 1 1 2 0 1 0 2 2 2
1 1 2 0 2 2 1 2 1 2 0 1 0 1 2 0 0 0 2 2 1 1 0 2 0 1 1 1 1 1 0 0 2 0 1 0 2 0 0 0 2 1 0 1 2 2 1 2 0 1 2 2 0 1 1 2 0 1 1 1 2 2 1 1 0 0 2 0 1 0 1 1 1 1 0 0 0 1 0 1 0 1 0 2 2 0 2 2 1 0 1 1 0 0 0 0 2 0 1 0 0 0 2 1 1 2 2 0 2 0 2 0 2 0 2 1 1 2 1 0 0 0 1 1 1 1 0 0 1 1 1 1 1 1 0 1 0 0 2 2 1 1 1 0 2 1 0 0 1 2 0 2 0 2 0 2 1 1 0 0 0 1 0 2 2 0 0 1 1 2 1 0 2 2 1 1 1 1
2 2 2 0 2 0 0 0 2 2 2 0 2 2 2 2 2 2 0 0 1 2 0 2 0 2 2 1 1 0 0 1 0 2 2 0 0 2 0 0 1 2 0 1 2 2 1 2 2 2 0 1 1 1 1 1 1 0 1 0 1 1 2 2 1 1 0 1 1 0 2 0 1 2 2 0 2 1 0 0 0 1 1 0 0 2 2 2 0 0 2 2 2 2 2 1 0 2 0 2 1 2 1 2 1 0 0 2 2 2 2 0 0 0 1 0 1 0 2 2 2 2 2 1 1 2 0 0 0 1 0 1 1 1 1 0 0 1 0 2 1 2 0 2 1 1 0 0 2 0 2 1 0 2 0 0 0 1 1 0 0 1 1 2 1 2 0 1 1 1 1 0 1 2 2 2 0 2
0 0 0 0 1 2 0 0 2 0 1 1 0 2 2 1 1 1 1 2 2 0 1 1 0 2 0 0 0 1 0 0 2 2 1 1 1 2 1 1 0 1 2 1 0 2 0 0 1 0 0 1 0 1 0 1 1 1 2 1 0 2 2 2 1 0 1 0 0 1 2 1 2 1 0 0 2 1 1 0 1 1 2 2 0 0 1 2 1 0 0 1 1 0 1 0 1 1 1 1 2 0 0 1 0 1 2 2 0 1 0 2 0 2 0 2 0 1 1 2 2 2 1 1 0 1 1 2 2 0 1 2 2 2 0 2 1 0 2 1 1 0 2 0 2 2 2 1 0 1 0 0 0 2 2 1 1 1 0 1 2 2 0 1 2 1 0 0 2 0 0 1 0 2 1 1 2 1
2 0 2 0 2 0 0 1 2 2 2 0 0 2 0 1 1 0 2 0 1 2 0 1 1 1 1 0 0 0 2 2 1 1 0 0 2 0 2 2 2 0 0 1 0 1 0 1 1 0 1 2 0 2 2 2 1 0 0 2 2 2 2 0 2 2 1 2 0 0 2 0 0 0 2 0 1 2 0 0 2 1 1 0 0 0 0 2 1 1 1 0 1 0 1 1 0 2 1 1 1 1 2 2 2 1 1 1 1 1 2 1 2 1 2 1 1 0 1 2 1 1 1 0 1 2 2 0 0 0 1 1 0 0 1 2 2 0 1 0 1 1 2 2 2 2 1 1 0 2 1 1 0 2 2 0 2 2 0 2 0 2 1 0 2 1 0 2 1 2 2 0 1 2 0 1 2 1
2 2 1 1 1 2 1 2 0 1 1 1 1 2 0 0 1 2 1 1 2 2 1 2 0 1 1 1 2 0 2 2 2 1 2 2 1 0 1 2 2 0 0 1 2 0 2 0 0 0 0 2 0 2 1 2 0 2 0 2 1 1 0 1 2 2 0 1 0 1 1 0 1 1 2 2 2 1 2 0 2 0 2 0 0 1 2 0 1 0 1 2 2 1 2 1 0 2 0 0 2 1 1 1 0 0 0 2 2 1 0 1 1 2 0 2 1 2 0 0 0 1 1 2 0 0 1 1 0 2 2 0 1 1 2 2 2 0 2 0 1 2 2 1 2 2 0 0 0 1 2 1 2 0 1 0 1 0 1 1 1 1 2 2 0 2 2 0 2 1 0 2 2 0 0 1 2 1
0 0 0 2 2 0 2 1 1 0 1 0 2 0 2 2 0 0 1 0 1 1 2 2 0 1 2 1 1 0 0 1 0 0 0 2 2 0 0 0 1 0 1 1 0 1 1 1 1 2 2 0 0 0 0 1 1 0 0 0 0 1 1 2 1 2 2 0 0 1 1 2 1 1 1 2 2 2 1 1 1 1 0 0 1 0 1 1 0 0 1 2 1 1 2 0 0 1 2 2 2 1 1 1 2 2 2 2 1 1 2 1 2 2 1 1 2 0 2 0 0 1 0 2 2 2 0 1 2 0 0 2 1 1 2 1 2 1 1 0 2 0 2 2 2 0 1 2 2 0 1 0 0 1 1 2 2 2 0 2 2 1 1 1 1 1 0 0 2 2 1 2 2 1 2 2 2 0
2 1 2 0 0 0 0 1 0 2 0 2 2 0 0 0 1 1 2 2 1 2 1 0 0 1 1 0 0 1 1 0 1 1 1 1 1 1 0 2 1 1 1 0 1 1 2 0 1 2 0 2 1 1 0 2 0 2 2 1 1 1 2 2 2 1 1 1 2 1 0 1 0 2 2 1 0 1 2 2 0 0 0 0 2 0 2 0 1 2 2 0 0 2 2 2 0 1 1 1 2 1 0 2 0 2 1 2 2 1 2 2 1 2 0 1 1 1 1 2 0 1 0 1 2 0 1 2 1 0 1 0 2 1 0 1 2 2 1 1 0 0 1 0 0 0 1 2 1 0 2 2 0 2 0 2 2 2 2 0 2 1 1 0 0 2 1 2 1 2 1 2 2 0 2 0 0 1
2 1 0 1 1 0 1 2 0 0 1 2 1 2 1 2 2 2 1 1 2 0 0 1 1 0 2 0 2 0 2 2 2 0 2 0 0 0 2 1 1 0 0 0 0 0 0 2 2 2 0 2 1 1 0 2 2 0 2 2 0 2 1 2 2 0 2 0 1 1 1 0 0 0 0 0 0 1 1 0 2 2 2 0 1 1 2 1 1 2 0 2 2 2 2 2 0 2 0 2 1 2 0 2 2 1 1 0 0 2 0 0 1 1 0 0 2 2 2 1 1 2 1 1 0 1 2 0 1 2 0 0 2 0 0 0 2 1 0 0 1 2 0 0 0 0 2 0 0 1 1 0 2 1 1 2 2 0 0 1 0 0 1 1 1 1 1 0 0 2 2 2 1 2 0 2 0 2
2 0 0 2 0 2 0 0 2 0 1 2 1 0 0 2 1 1 2 0 0 0 2 2 0 2 2 0 1 2 0 2 1 1 1 2 1 2 0 1 2 2 1 1 0 1 1 2 1 0 2 2 2 2 1 2 1 0 0 1 1 0 0 0 1 2 2 0 1 1 2 1 1 1 0 1 2 1 0 1 0 2 0 2 1 2 1 1 1 1 2 0 2 2 0 1 2 0 2 0 1 2 2 2 0 2 1 0 1 2 0 1 1 0 0 1 0 2 0 2 0 2 2 0 2 2 2 1 0 2 2 0 1 2 2 2 2 2 0 0 1 0 2 1 2 2 0 2 2 0 2 0 0 1 2 0 1 1 1 1 0 1 1 2 0 2 1 2 2 2 2 0 0 2 1 2 0 2
2 0 2 1 0 0 0 2 0 1 1 2 0 1 0 0 0 1 2 2 1 2 2 2 2 0 1 2 2 1 1 2 1 2 1 0 2 1 0 1 0 2 0 0 1 1 1 0 0 1 2 2 0 2 1 0 2 2 0 2 2 1 1 0 1 2 1 2 1 2 0 1 1 1 0 0 0 1 0 1 0 0 1 0 0 2 1 1 2 1 0 1 1 0 0 0 0 1 2 2 1 0 1 0 0 1 1 0 0 1 1 1 2 2 2 0 2 1 1 2 0 2 1 1 2 2 2 0 2 2 0 1 1 1 2 1 0 0 1 1 2 1 0 2 1 2 0 1 0 2 1 1 1 0 0 2 1 0 0 0 0 0 1 1 2 1 0 2 1 1 1 2 0 1 1 2 2 2
0 2 1 2 1 2 0 0 2 1 0 2 1 0 0 1 2 0 2 2 0 2 2 2 1 2 1 0 1 0 2 2 1 0 2 0 0 0 0 0 1 1 0 1 2 1 2 0 1 2 0 1 2 0 1 1 0 0 1 2 1 1 0 0 2 2 1 0 2 2 1 1 1 1 0 2 2 0 2 0 2 0 0 0 1 1 1 2 2 0 1 1 2 1 1 2 1 0 2 1 1 1 0 2 2 0 1 0 0 1 0 1 2 0 1 0 0 2 0 2 0 1 0 0 0 0 2 2 1 2 0 2 0 1 2 0 2 1 0 0 0 2 2 0 2 0 1 2 0 1 2 2 2 0 0 0 0 2 0 0 2 2 2 0 1 1 0 0 1 1 1 1 0 0 1 0 0 0
1 2 1 1 1 0 1 1 2 0 1 2 0 0 1 0 1 2 0 2 0 1 0 1 0 1 2 2 0 0 2 2 2 0 0 0 1 2 2 0 0 0 0 1 1 2 2 2 2 0 2 0 1 0 2 1 0 2 0 1 0 2 0 0 0 1 2 1 1 1 2 2 2 0 1 0 2 1 1 2 1 1 0 0 2 0 2 2 0 0 0 1 2 1 2 0 2 1 2 2 2 1 1 2 2 0 1 1 2 2 2 1 0 2 2 2 0 1 0 1 2 1 2 2 1 2 0 1 0 2 0 1 1 2 0 0 0 1 2 2 1 1 0 2 2 0 0 2 2 1 1 1 2 2 1 0 1 1 2 0 1 2 2 0 2 2 1 0 2 1 2 1 0 0 1 0 1 2
1 1 0 2 2 2 1 1 1 1 0 1 1 2 1 0 0 0 0 1 0 0 0 0 0 2 2 2 2 0 1 0 1 1 1 1 1 2 0 0 1 1 1 2 1 0 0 2 1 2 1 0 0 2 1 0 2 0 2 1 1 0 0 0 2 1 2 2 1 0 0 0 1 2 0 0 0 2 2 2 1 2 2 1 2 2 0 1 2 2 0 2 1 0 2 1 2 0 0 1 1 1 1 2 1 2 1 2 1 1 1 0 0 2 2 2 1 0 0 1 2 2 0 0 2 1 0 2 1 0 1 2 2 0 2 1 2 0 0 1 0 2 1 0 2 1 0 0 1 1 1 2 0 0 0 1 1 0 1 0 2 2 0 1 2 0 1 1 2 1 0 2 1 0 2 0 2 0
1 1 0 0 1 1 1 1 0 0 2 1 0 1 1 1 0 1 1 1 1 1 1 1 0 2 2 1 1 2 2 2 1 0 0 2 0 1 0 0 1 0 0 2 1 2 0 2 1 0 1 2 2 2 1 1 2 1 2 1 1 2 0 0 1 2 2 1 0 0 2 0 1 0 2 0 0 1 0 2 2 2 1 1 1 0 2 1 2 2 2 0 0 1 1 2 0 0 1 1 2 0 2 1 2 2 1 0 1 0 2 1 2 1 0 1 2 0 0 2 0 2 0 1 1 2 0 2 0 1 1 2 0 0 1 2 0 1 0 2 1 0 0 1 2 1 2 1 2 2 1 0 0 2 2 1 2 0 1 2 2 0 0 0 1 1 0 0 0 0 0 1 1 2 2 0 1 2
2 0 1 1 1 2 1 1 1 1 2 0 0 2 1 1 2 2 1 0 0 1 0 1 0 2 0 0 2 1 0 2 2 2 1 1 2 0 0 0 1 0 1 0 2 2 1 2 0 2 2 1 1 0 2 2 2 0 0 2 2 1 1 2 1 1 1 0 1 2 2 0 2 0 0 2 1 2 1 2 2 1 0 1 1 1 1 1 1 1 0 2 2 2 1 0 1 0 1 0 2 0 0 1 1 1 1 2 0 2 2 0 1 0 1 0 2 2 1 0 1 2 0 0 0 0 2 1 0 0 1 0 1 2 2 2 1 1 0 2 1 2 2 0 2 2 1 1 1 0 0 0 0 1 2 1 1 1 0 2 2 2 0 0 0 2 2 1 1 2 1 0 2 2 1 2 1 2
2 0 2 0 2 1 1 1 2 1 0 0 0 2 1 0 0 2 0 2 1 2 0 0 2 0 0 1 0 1 0 0 2 1 0 1 2 0 0 2 1 1 1 2 1 0 0 1 2 0 2 0 0 0 1 0 1 1 1 1 0 2 2 1 0 0 0 0 1 2 0 0 0 1 2 0 1 2 2 1 0 1 2 0 2 1 2 0 1 0 0 1 2 0 0 0 1 1 0 0 0 2 0 1 0 0 1 0 0 1 1 0 0 1 2 0 1 1 1 2 2 2 1 2 2 2 0 1 0 2 2 1 1 2 2 1 0 1 2 1 0 2 2 1 1 2 2 2 1 1 1 1 0 1 1 1 0 1 2 0 0 2 1 1 1 1 1 0 0 0 1 0 0 1 2 2 1 1
1 0 0 1 2 2 2 0 0 2 0 0 0 1 2 2 0 1 1 2 1 2 0 0 0 1 2 0 0 1 0 2 1 0 1 1 0 0 2 0 0 2 1 1 1 0 1 2 0 0 2 1 2 2 2 2 0 2 1 1 0 1 1 1 2 2 0 0 1 0 1 2 0 0 1 1 1 2 1 1 2 0 0 2 0 0 0 1 2 1 1 2 2 0 1 1 0 0 2 1 0 1 2 1 1 0 0 2 0 2 1 0 0 2 2 1 2 0 0 2 1 2 2 1 2 1 1 0 1 0 2 2 1 1 1 2 2 2 0 0 1 2 0 2 1 0 1 1 2 2 1 0 1 0 0 2 1 1 2 0 1 2 0 1 2 1 1 1 0 1 1 2 1 2 2 0 1 1
2 0 1 0 1 0 1 1 2 0 0 2 1 0 0 1 1 2 1 2 1 1 2 1 1 0 1 1 1 0 0 1 1 1 2 0 2 0 2 2 1 0 2 0 0 2 0 2 2 1 1 1 0 1 0 0 0 1 1 2 2 2 0 0 1 2 1 0 1 1 0 0 2 0 1 0 0 2 2 0 0 1 2 1 1 2 1 1 0 0 1 0 2 1 1 0 2 2 1 1 1 2 1 1 2 0 1 1 2 1 2 0 1 1 2 2 1 1 1 2 2 2 0 2 0 2 1 0 2 0 1 1 2 0 2 2 1 2 0 1 0 2 1 2 1 1 1 0 0 0 2 0 2 0 0 1 2 1 1 2 1 0 1 1 1 0 1 2 0 2 1 2 2 0 1 1 2 1
1 0 1 0 1 1 1 2 2 1 0 1 0 0 2 1 1 0 0 0 1 0 0 2 2 2 2 2 0 0 0 1 0 1 2 2 0 1 2 2 0 2 2 1 0 1 1 2 2 1 2 0 2 2 2 0 2 0 2 2 1 2 1 2 0 1 2 1 2 1 1 2 2 0 2 2 0 0 2 2 1 1 0 1 2 0 1 1 1 0 1 2 2 2 2 0 1 1 2 1 0 0 1 0 2 1 2 2 1 1 2 0 1 0 2 0 0 0 2 0 1 0 2 0 1 2 1 0 1 0 2 2 2 1 2 2 0 2 2 2 1 1 2 2 2 1 0 0 2 2 0 0 1 1 1 0 0 0 0 2 0 0 2 0 2 2 2 2 2 1 2 0 0 2 0 2 0 1
0 0 1 1 1 2 2 0 0 0 0 1 0 1 2 0 2 2 2 1 2 1 1 2 2 1 1 0 2 2 1 2 0 0 0 1 0 1 2 1 2 2 0 2 1 0 0 0 2 0 2 1 2 0 0 0 2 2 1 1 2 1 1 0 2 2 2 2 0 2 1 2 1 1 0 0 1 0 0 1 0 0 0 1 1 1 2 1 1 0 0 0 1 1 1 1 2 0 1 2 0 0 0 0 2 0 0 1 0 2 0 2 0 1 1 1 2 0 0 0 1 0 1 1 0 2 2 2 1 1 1 1 2 2 1 1 2 2 0 1 2 1 0 2 2 1 0 2 2 1 0 1 2 2 2 2 1 2 2 2 0 0 2 0 1 0 2 0 0 0 1 2 1 2 2 2 1 0
2 0 1 2 0 1 1 2 1 1 2 0 1 1 2 0 1 0 2 1 1 0 1 0 1 0 0 0 0 2 1 2 0 0 2 0 2 1 0 1 2 2 2 1 1 1 1 0 2 1 1 1 2 0 1 1 1 1 1 2 1 0 2 2 1 1 2 0 0 2 2 0 0 2 1 2 1 1 2 1 2 1 2 2 1 1 0 1 2 0 1 2 1 0 1 2 0 0 0 0 1 0 1 2 0 0 1 1 2 2 2 1 0 1 2 2 2 0 1 0 0 2 2 1 2 0 1 2 1 2 0 0 0 2 2 0 0 2 2 2 1 2 1 1 1 0 1 2 1 2 2 2 1 2 2 2 0 0 1 2 0 0 0 0 2 0 1 2 2 2 1 1 1 2 0 0 1 2
2 0 2 2 2 1 1 2 1 2 0 0 2 1 1 2 2 0 2 1 0 0 0 2 1 2 2 2 1 1 2 0 1 2 0 2 1 2 1 0 2 2 1 1 1 2 1 1 0 1 0 1 1 2 0 1 1 0 0 0 2 0 1 0 0 2 2 2 2 2 0 1 1 2 0 0 1 2 2 2 1 0 0 0 2 1 1 1 1 0 2 0 1 1 1 2 1 1 2 0 1 2 0 0 1 1 1 0 1 1 2 0 1 0 0 1 1 0 0 2 1 2 0 2 1 2 1 2 0 1 0 2 0 0 0 2 2 2 2 0 0 2 0 2 2 1 1 0 2 2 0 0 2 1 0 1 0 0 0 0 1 1 0 2 2 0 1 2 0 2 0 1 1 1 1 1 0 0
1 2 2 2 0 2 0 0 0 0 0 1 2 0 1 2 0 1 1 2 1 2 1 2 0 0 0 2 2 1 0 0 1 0 1 1 2 2 2 0 1 1 0 0 1 1 0 1 0 2 1 2 1 0 1 0 1 2 0 0 0 1 1 1 2 2 2 2 2 2 0 0 0 0 1 2 2 2 1 0 2 0 2 1 0 0 1 1 0 0 2 0 2 0 1 1 1 1 1 0 2 2 1 2 0 0 0 0 2 1 0 1 2 1 0 0 1 2 2 2 0 1 0 0 2 2 1 0 1 0 1 0 0 0 1 0 0 2 1 0 0 0 2 1 1 0 1 0 2 1 0 0 2 1 1 2 1 0 2 0 1 1 1 2 1 0 1 2 2 2 0 0 2 0 1 0 0 0
1 0 2 2 1 1 0 2 2 1 0 1 2 2 1 1 1 0 2 2 1 1 0 1 1 0 2 1 1 2 2 0 0 1 2 0 0 1 2 2 0 0 2 0 0 0 1 2 1 0 2 2 2 0 0 2 1 0 0 0 2 2 1 1 1 1 1 1 2 1 2 0 0 1 0 0 1 0 0 2 1 0 2 1 1 0 0 2 1 1 0 1 1 1 0 2 0 1 1 0 1 0 0 1 1 2 1 0 0 2 1 1 0 1 0 1 2 1 2 1 0 2 0 1 2 1 1 0 0 0 0 1 1 2 2 1 2 1 1 2 0 0 1 1 2 2 0 2 1 0 0 2 0 1 1 2 0 0 2 1 1 1 0 2 0 0 0 2 1 0 2 2 1 0 0 1 0 1
0 2 2 1 2 0 0 0 0 1 0 1 2 1 2 2 2 0 2 0 2 0 0 1 0 0 2 2 1 0 1 1 2 1 0 1 2 0 1 2 2 0 0 1 2 0 1 1 0 0 2 0 2 0 1 0 0 2 0 2 2 0 1 1 1 2 0 1 0 2 0 0 2 2 1 2 2 0 1 1 1 1 1 1 2 1 0 0 0 0 0 2 0 2 1 2 1 2 1 2 1 0 2 2 2 1 2 2 1 0 0 1 2 0 2 2 1 0 0 1 1 1 1 2 1 2 0 2 2 1 1 0 1 1 0 1 0 2 1 2 1 2 0 1 2 1 0 0 1 1 2 0 0 0 0 1 0 1 0 2 2 0 1 2 1 1 0 1 2 2 1 1 2 2 2 2 0 0
1 0 1 0 0 1 2 1 2 0 2 1 0 2 1 2 2 0 1 2 0 0 2 2 2 2 1 1 1 0 1 2 0 0 1 0 2 0 2 0 1 2 1 1 2 0 0 1 1 0 2 1 0 1 0 0 1 2 2 0 2 1 1 0 2 2 0 2 0 0 2 1 0 1 1 2 2 2 2 1 2 1 2 1 0 1 2 1 1 1 2 1 0 0 1 0 0 2 0 1 0 2 0 1 2 2 1 1 1 0 2 2 2 0 0 2 1 2 1 0 1 1 1 2 2 2 2 0 1 2 1 2 0 2 1 0 2 1 1 1 2 2 1 2 2 1 1 1 1 1 1 2 2 2 1 1 2 2 2 1 1 1 1 2 1 0 0 1 1 2 0 1 1 1 0 1 0 2
0 1 0 2 0 0 1 0 0 1 2 2 2 1 0 1 2 0 2 2 1 0 2 1 2 0 2 0 2 2 1 0 1 1 2 2 0 1 2 0 2 2 2 2 2 1 1 1 1 0 1 2 2 1 0 1 2 0 0 0 0 1 0 1 0 0 1 0 1 2 0 2 1 0 2 0 1 0 2 0 1 2 2 0 0 0 2 2 1 2 0 1 0 1 0 1 1 1 2 0 0 0 2 0 1 1 1 0 2 2 0 1 1 2 2 1 0 1 1 1 2 2 2 2 1 0 1 2 2 2 0 1 2 0 1 1 2 0 1 2 2 1 0 0 1 0 2 2 2 2 0 1 2 0 1 0 1 1 0 0 0 0 1 0 1 0 1 1 1 0 1 0 1 0 2 0 0 1
0 2 0 0 1 0 1 1 0 2 0 0 2 1 1 2 1 0 2 2 1 0 0 1 1 1 1 1 2 1 2 0 2 1 0 0 1 2 2 0 1 2 0 1 0 2 0 2 0 0 2 2 1 2 0 0 1 2 1 1 1 1 1 0 0 1 1 2 0 1 2 2 1 0 1 0 0 2 2 1 0 2 1 2 1 2 0 0 0 2 1 1 1 0 2 1 2 0 0 1 2 1 1 1 2 0 2 2 0 1 1 1 0 0 1 0 0 2 1 0 1 0 2 0 1 1 1 1 0 2 0 2 1 1 1 0 2 0 0 0 2 2 2 0 0 1 1 0 1 2 2 2 0 2 0 1 1 2 0 1 1 0 1 1 0 0 1 0 1 1 1 0 1 0 2 1 2 0
0 0 0 0 0 1 2 0 2 0 2 0 2 2 1 1 0 1 2 1 1 0 1 2 2 2 1 2 2 0 2 0 1 0 0 1 1 0 0 2 2 2 2 1 1 0 0 1 0 0 1 1 2 2 2 2 2 1 1 2 1 1 2 0 2 0 0 1 1 0 0 0 2 0 2 2 2 1 1 2 1 0 1 0 2 1 2 0 2 1 0 2 0 0 2 0 1 0 2 0 0 1 1 1 1 1 1 1 2 2 1 0 0 0 2 0 2 2 1 0 1 2 2 1 0 2 1 1 1 0 0 1 1 1 0 1 2 1 2 2 2 1 1 0 2 0 0 2 2 2 2 0 2 2 2 2 0 0 1 1 2 2 0 1 1 1 2 1 0 0 1 2 2 2 2 2 0 1
1 2 1 1 1 0 1 0 0 1 2 2 0 2 2 1 0 0 0 1 1 0 2 0 1 1 0 0 0 0 2 1 1 0 0 0 1 2 0 1 1 0 1 2 2 1 0 1 1 1 2 0 1 2 1 2 0 1 1 1 0 0 0 1 2 2 1 0 2 2 0 0 0 2 2 0 0 0 1 1 1 1 2 1 0 1 1 1 0 2 0 1 1 2 2 0 1 1 1 0 0 1 1 1 0 2 2 0 0 1 2 2 0 2 1 1 1 2 1 2 0 2 0 2 1 2 2 0 1 0 0 2 0 2 0 0 2 0 2 2 2 1 2 0 1 0 2 0 1 1 0 2 1 1 1 0 1 0 1 0 1 1 0 1 1 0 0 0 1 2 0 1 1 2 1 1 1 1
2 0 0 2 2 1 0 0 1 0 1 2 0 2 2 0 2 1 1 0 0 0 0 1 1 1 1 0 2 2 2 1 2 2 2 1 1 2 2 0 2 0 1 0 1 0 1 1 2 0 1 2 0 1 0 0 0 2 0 0 2 0 2 0 0 1 2 1 2 2 0 2 2 1 0 1 2 1 2 1 2 0 1 0 2 2 0 0 2 1 1 2 2 0 2 2 0 1 2 2 1 2 2 1 0 2 0 0 2 0 1 1 1 0 2 2 0 2 2 0 2 1 2 2 2 2 2 2 2 1 2 0 1 2 2 2 2 0 2 1 0 1 1 2 2 0 1 0 1 0 1 0 2 0 2 2 1 1 1 0 1 2 0 2 2 0 2 1 0 2 1 1 1 2 0 1 2 2
2 0 0 0 1 1 2 1 0 0 0 2 0 2 1 1 2 0 1 1 0 2 2 1 0 0 0 2 2 0 2 2 1 0 2 0 1 2 2 1 2 0 1 0 2 0 2 1 2 1 1 2 1 0 0 2 1 1 2 1 1 1 1 0 0 1 1 1 1 0 1 1 0 0 2 0 0 2 1 0 1 2 2 0 0 2 1 0 0 0 1 2 0 2 2 0 0 1 2 2 1 1 1 2 1 1 2 0 1 2 0 2 2 0 0 0 0 1 0 1 2 2 1 2 2 1 0 0 0 0 1 2 1 2 0 1 1 2 1 2 1 2 2 2 2 0 2 1 2 0 2 2 0 1 1 0 2 0 1 0 0 2 0 1 2 0 0 0 0 1 0 0 1 0 2 1 0 2
2 0 0 2 0 0 0 2 1 1 2 2 1 2 0 1 2 2 2 2 0 0 2 1 0 1 1 0 0 0 2 0 0 2 0 1 0 1 0 1 0 0 1 1 0 1 0 2 2 0 0 0 0 2 1 1 0 0 1 0 1 0 1 1 0 0 2 0 2 0 2 2 0 2 0 1 0 1 1 0 2 1 0 0 1 0 0 2 1 1 1 2 0 2 1 0 2 1 2 2 1 2 1 2 1 2 1 0 1 2 0 0 2 2 2 0 2 2 0 0 0 2 0 1 1 1 0 2 2 0 1 0 2 1 0 1 0 1 1 1 2 1 0 2 1 2 2 0 1 0 1 2 2 1 1 2 0 2 2 2 2 1 0 1 0 1 2 0 1 0 0 0 0 1 2 2 1 2
0 2 1 2 2 1 2 0 1 2 0 1 0 2 1 1 1 1 2 1 0 0 0 1 1 0 2 1 0 0 2 1 0 0 1 2 2 1 1 1 1 1 0 1 1 1 2 0 0 0 1 0 0 1 1 0 2 1 1 0 2 0 1 2 1 0 2 1 1 0 0 0 2 0 2 1 2 0 1 0 0 2 0 1 1 2 1 0 1 0 1 0 1 0 2 0 0 1 2 0 0 2 1 2 2 0 0 2 1 1 2 1 1 0 0 2 2 2 1 0 0 0 0 2 0 0 0 2 0 2 0 0 1 2 0 1 0 1 1 2 0 1 0 1 2 1 2 1 1 1 0 1 1 1 1 0 0 1 0 0 0 1 1 2 0 2 2 0 0 1 2 1 2 1 0 1 2 2
1 1 1 2 0 1 0 1 2 1 1 0 1 2 1 0 0 2 0 2 0 1 1 0 2 0 2 0 0 1 0 2 1 0 1 1 1 2 0 1 1 1 1 0 1 0 2 1 0 2 1 0 1 2 1 1 0 0 1 1 0 2 1 1 2 0 0 1 0 0 2 2 0 1 0 2 2 2 1 2 0 2 2 2 2 2 0 0 2 2 2 0 2 0 1 2 1 1 1 2 0 0 2 0 2 2 0 1 0 1 1 1 1 1 0 0 0 0 0 1 0 0 1 0 2 1 2 1 0 0 1 0 1 0 1 1 0 1 2 1 0 1 2 1 0 0 2 1 1 1 2 2 1 1 0 0 2 0 2 0 2 0 1 0 0 0 0 2 0 0 0 0 2 0 2 0 1 2
1 0 0 1 0 2 0 1 0 0 1 0 0 0 1 2 2 2 0 2 2 0 0 2 1 2 0 1 2 2 1 1 2 1 0 0 1 0 1 2 0 0 0 1 1 1 1 0 1 1 0 0 2 1 1 0 1 1 0 2 1 1 0 1 2 1 1 2 1 0 1 2 1 2 0 2 1 1 1 1 0 2 2 2 0 0 1 0 0 1 2 1 2 0 0 2 1 0 1 0 1 0 2 2 0 0 2 2 2 0 0 0 0 0 0 1 1 2 1 2 0 1 0 0 1 2 0 2 2 0 2 0 1 2 0 2 0 2 1 0 1 2 1 2 0 2 1 1 1 1 0 2 2 2 2 1 2 1 1 1 2 2 2 0 2 2 2 2 2 1 0 1 1 2 0 2 1 0
0 1 1 2 0 0 2 1 2 2 0 2 0 2 2 0 2 1 0 2 2 0 0 2 2 0 2 0 2 2 0 0 1 1 0 1 0 0 0 0 2 0 0 0 2 2 0 2 1 0 2 0 1 0 0 1 0 1 1 2 1 2 0 2 0 1 1 1 2 2 0 1 0 0 2 0 0 2 2 1 1 2 2 0 2 2 1 0 1 2 2 2 1 0 2 0 2 1 2 1 1 2 0 1 0 2 1 1 0 1 0 2 0 2 2 0 2 0 1 1 0 0 0 0 2 1 1 1 2 0 0 1 1 0 2 2 1 2 0 1 1 0 0 2 0 0 0 2 1 1 0 1 2 2 2 1 0 0 0 0 2 0 1 0 2 1 2 0 0 0 2 2 1 0 2 1 0 0
0 1 1 1 0 1 1 0 0 1 0 1 1 0 0 0 0 2 1 0 0 2 1 2 2 2 2 1 1 2 1 2 1 0 1 1 1 2 2 2 1 0 1 0 0 1 0 2 1 1 0 1 1 2 0 0 2 0 2 1 0 1 1 1 2 2 0 2 2 0 1 0 0 0 0 1 2 0 1 0 2 2 1 1 2 2 2 2 0 0 0 0 2 1 1 2 1 2 1 0 2 0 0 0 1 1 2 0 2 2 2 2 2 1 1 1 1 1 0 1 2 2 0 2 0 1 2 2 1 0 0 1 0 2 2 2 0 0 0 1 2 2 1 1 0 0 0 2 1 1 2 2 0 2 1 2 1 0 2 1 1 0 2 1 2 0 2 0 0 2 2 2 2 0 1 0 0 2
1 1 0 1 0 2 0 2 2 2 0 2 0 1 2 1 1 2 1 0 0 1 0 2 1 0 2 2 0 2 2 2 1 2 0 0 2 1 2 2 1 1 1 2 2 1 0 1 0 1 1 0 2 1 0 1 1 2 1 0 1 0 0 0 1 1 0 0 0 1 0 1 0 2 1 2 0 2 1 1 1 0 1 1 0 2 0 2 1 1 2 0 2 1 1 1 2 2 1 2 1 2 2 1 2 1 2 0 0 0 2 2 1 1 1 1 1 2 1 2 0 1 1 0 2 0 2 2 2 2 0 2 1 2 0 1 1 2 2 2 0 2 2 0 0 1 1 1 0 0 2 1 2 0 0 2 0 2 2 0 1 2 2 0 2 1 2 0 1 2 0 2 1 2 2 0 0 1
2 0 2 1 0 2 2 0 1 0 2 1 1 1 1 1 2 0 2 2 1 1 2 2 1 1 2 1 2 0 2 2 1 2 1 1 1 1 1 1 1 1 2 0 0 1 0 2 2 2 1 2 1 1 1 0 1 1 1 0 1 2 0 1 2 2 2 2 1 2 0 2 1 0 1 1 2 1 1 0 1 0 2 1 0 1 1 1 2 1 2 2 1 1 0 0 0 0 0 1 2 0 1 1 2 2 0 1 1 1 1 1 0 1 2 0 2 1 2 2 2 2 1 1 0 2 0 1 2 0 0 2 2 2 1 2 2 2 1 2 1 1 0 1 2 2 2 2 0 2 2 1 0 1 0 1 0 1 1 2 2 1 2 2 1 1 1 2 0 2 1 2 0 2 1 0 2 1
0 0 2 2 1 2 0 0 1 1 1 2 0 1 2 0 0 0 2 1 0 0 2 2 2 2 1 1 0 0 1 0 1 0 0 0 0 1 1 2 2 0 2 1 1 2 2 0 2 1 2 1 2 1 0 1 2 2 1 2 0 2 1 1 0 2 0 1 1 1 0 1 1 0 2 1 2 1 2 0 0 1 2 2 1 2 2 0 2 1 0 0 1 1 2 1 1 2 0 0 1 0 1 0 2 2 1 2 1 0 0 2 0 2 2 1 2 2 1 1 0 1 2 1 1 2 0 0 1 0 1 2 2 2 1 1 2 2 1 1 1 2 1 2 1 0 0 0 1 2 0 1 1 2 1 2 1 1 0 1 2 1 1 1 2 2 0 1 0 1 2 2 1 0 1 0 2 1
1 0 1 2 2 2 2 0 0 1 2 0 2 1 0 2 0 2 1 1 0 1 0 1 0 2 2 1 0 1 0 1 2 1 1 2 1 1 2 2 0 2 2 1 0 2 0 1 2 1 0 0 1 1 2 1 1 1 1 1 1 1 0 1 1 2 0 0 1 1 2 2 0 2 1 2 0 2 1 2 1 2 0 2 1 2 1 0 2 2 2 0 1 2 1 2 0 0 2 1 1 2 1 1 2 2 1 2 2 0 2 1 0 0 0 1 2 2 2 1 2 1 2 1 0 2 1 0 2 2 0 0 1 1 2 1 2 1 1 1 2 1 2 2 1 1 1 1 0 0 1 0 1 0 2 1 2 0 0 2 0 1 2 2 2 0 1 1 2 0 1 1 1 1 1 0 2 2
1 0 2 2 0 0 1 0 2 1 0 0 1 1 1 1 1 2 1 0 1 1 0 2 0 2 1 1 2 0 1 2 1 0 1 1 1 0 1 2 2 0 2 1 2 2 2 1 1 2 1 2 0 0 2 1 2 1 0 0 1 2 2 0 0 1 2 2 2 2 1 2 0 1 0 0 0 2 2 2 1 1 2 0 1 2 1 2 0 2 2 2 1 1 0 2 2 1 2 2 1 0 1 1 2 2 2 0 0 1 2 1 2 2 1 2 1 0 1 2 0 0 2 2 2 0 2 1 1 1 1 2 2 0 1 2 1 0 0 1 2 0 2 2 1 2 1 2 0 0 2 1 0 2 1 2 2 1 1 2 0 0 2 0 2 1 2 0 2 0 1 2 2 1 2 0 0 1
0 2 1 0 0 1 0 2 1 1 1 2 0 2 1 2 2 0 1 0 0 1 1 1 1 0 0 0 1 1 1 2 1 2 2 1 1 0 2 0 2 0 0 2 2 1 2 2 2 1 2 2 0 1 1 1 2 2 2 1 1 0 0 0 0 0 1 2 1 0 2 0 1 0 0 1 2 0 1 2 2 0 2 0 2 1 2 2 1 1 0 0 2 1 0 0 2 0 2 1 1 2 2 0 2 0 1 2 1 2 2 0 1 2 1 0 1 0 0 1 1 1 1 1 2 0 1 0 1 1 1 2 0 1 0 0 1 2 1 2 2 1 0 1 1 1 0 2 2 0 1 1 0 0 2 2 1 0 0 2 1 1 2 2 1 0 1 2 0 2 0 2 0 1 2 1 1 2
1 0 0 0 2 0 1 1 1 0 0 1 0 1 1 2 2 2 2 0 1 0 2 2 1 0 1 0 2 2 2 0 0 0 1 2 1 0 2 2 0 2 1 0 1 2 0 0 1 0 1 1 1 1 1 2 1 2 0 1 2 0 0 1 0 1 0 1 0 0 1 0 2 0 1 2 0 2 0 0 0 2 1 2 0 2 2 0 0 2 2 0 2 2 1 0 2 0 2 2 0 2 2 1 0 1 0 0 1 0 0 2 0 2 1 2 0 1 0 0 1 2 1 1 2 1 2 1 1 1 0 2 1 0 0 1 2 0 2 1 2 0 0 2 0 0 2 0 2 2 1 0 2 2 2 1 0 1 0 2 1 1 2 2 1 2 1 1 1 1 0 0 1 1 0 1 2 0
2 1 0 0 0 2 0 2 1 1 1 1 1 0 2 0 2 2 2 1 1 1 0 1 1 2 1 0 1 0 1 1 0 1 2 0 1 0 2 2 2 1 2 1 2 2 2 0 2 2 1 1 1 0 0 0 0 1 0 1 0 1 0 0 0 1 1 1 1 1 1 1 1 1 2 0 1 2 0 0 2 0 1 0 0 0 0 0 1 1 2 2 0 1 2 0 2 1 2 1 0 1 0 1 0 0 1 1 0 0 0 2 0 2 0 0 2 0 1 2 2 0 1 0 1 1 1 1 0 1 0 0 0 0 2 0 1 2 0 2 2 1 2 2 0 2 0 0 1 2 0 0 2 1 1 2 0 0 1 1 2 1 2 0 2 2 0 2 1 1 1 0 2 1 0 1 1 1
2 2 0 2 1 0 0 2 0 1 0 2 2 0 1 2 0 2 1 2 1 2 0 2 0 1 1 1 2 0 2 1 2 0 0 0 1 1 1 1 2 2 1 2 0 0 2 0 0 0 2 1 1 1 1 2 2 0 1 1 1 1 2 0 2 0 2 0 1 1 2 2 0 2 1 0 0 1 2 0 0 2 1 2 0 2 1 2 0 0 0 1 2 0 0 1 1 0 2 0 1 1 0 2 1 1 1 1 1 0 1 2 2 0 1 1 1 2 0 1 1 2 1 0 0 2 1 2 0 0 0 1 2 0 1 1 2 2 2 0 0 2 2 1 2 1 2 1 2 2 1 0 2 2 0 0 2 1 2 2 2 0 1 1 0 2 0 2 0 1 1 0 0 1 1 0 0 0
2 2 1 0 2 0 0 2 1 2 1 1 2 1 1 0 0 1 2 1 2 2 2 0 1 0 1 2 1 1 1 1 0 0 1 0 1 2 2 0 2 1 2 1 2 1 1 0 0 2 2 2 1 1 0 0 2 2 1 1 1 2 0 0 0 1 0 1 2 1 2 1 0 0 0 1 1 1 1 2 1 0 2 1 2 0 1 2 0 2 0 0 2 0 0 2 0 1 2 2 0 2 1 2 2 1 0 1 1 1 1 2 2 1 0 2 1 0 2 2 2 2 2 2 1 0 2 1 2 1 1 0 1 2 2 1 2 0 0 0 1 1 0 1 2 2 1 1 2 0 0 2 0 0 1 1 1 1 0 1 0 2 2 2 2 1 1 2 1 1 0 0 2 0 2 2 2 0
0 2 1 2 2 1 2 1 0 2 0 1 0 1 1 2 0 1 1 1 0 0 0 0 0 2 1 0 2 2 1 0 1 2 2 1 0 2 0 1 1 0 0 1 1 1 1 0 2 2 2 2 2 0 0 0 0 1 0 0 0 1 1 0 0 0 1 2 0 1 0 2 2 0 1 1 1 0 1 1 2 2 1 0 2 1 0 0 1 1 0 1 0 2 1 2 0 0 1 1 1 1 0 1 0 2 0 2 2 2 1 0 1 2 0 1 2 1 2 0 2 0 1 1 0 1 0 0 2 1 1 1 0 2 0 1 0 1 1 0 0 2 0 0 2 1 1 1 0 1 1 0 2 1 1 0 2 2 0 2 1 0 0 0 0 0 1 0 1 2 1 0 2 2 1 2 2 2
0 0 1 0 1 1 1 1 1 1 0 2 0 2 0 1 0 1 2 1 2 1 2 0 2 1 1 0 0 1 1 2 1 0 0 2 1 2 0 0 1 2 2 2 2 0 0 2 2 2 0 1 2 0 0 1 2 2 2 0 0 0 2 1 1 0 1 2 2 0 0 0 2 0 2 1 1 0 0 0 0 1 2 2 2 0 1 1 2 1 2 2 2 0 1 0 0 2 0 0 2 1 0 2 1 1 0 0 1 1 0 1 0 0 2 0 0 0 2 2 2 1 2 1 1 0 2 2 1 0 0 1 1 1 1 2 2 1 2 1 0 1 1 1 1 0 1 0 1 0 2 0 1 0 2 1 0 2 0 2 2 0 1 0 2 0 0 2 1 1 0 2 2 1 1 1 2 2
1 0 0 2 1 0 2 0 1 0 0 1 0 2 2 2 0 1 2 1 1 1 2 0 1 2 1 2 0 2 0 2 2 0 2 2 1 1 0 2 1 1 1 2 0 1 1 2 1 0 0 2 2 0 2 1 2 2 1 2 1 2 2 1 1 1 0 2 0 2 2 0 0 0 2 1 2 1 0 1 2 0 0 2 0 1 1 0 1 0 1 0 2 0 1 0 0 0 0 0 2 0 0 0 1 1 1 1 0 2 2 2 2 0 0 1 2 1 1 0 2 2 0 0 1 2 0 1 0 1 2 2 2 1 2 1 2 2 2 2 1 2 2 0 0 2 2 0 2 1 0 1 1 1 1 2 0 0 1 1 2 1 1 2 2 2 1 1 1 0 1 2 0 0 0 1 1 0
1 0 2 2 2 0 0 1 0 1 2 2 0 2 0 1 1 0 0 0 2 2 1 0 1 2 2 0 1 0 0 0 0 2 0 0 0 0 2 0 1 1 1 2 1 1 1 0 0 2 1 2 0 0 1 1 2 0 2 1 1 2 2 2 2 2 2 0 2 2 1 2 1 2 1 2 2 0 1 2 0 0 2 1 0 1 2 0 2 0 2 0 2 1 2 2 1 0 0 0 2 1 0 0 2 0 1 1 0 0 1 1 0 0 2 1 0 0 1 2 0 1 0 0 2 0 0 1 0 0 0 0 0 0 2 2 1 1 0 2 1 1 1 2 2 1 0 2 2 2 2 0 1 0 0 1 1 1 0 0 2 0 0 2 1 0 1 0 1 2 0 0 1 1 0 1 2 1
1 2 1 0 2 0 1 0 1 0 2 2 1 1 2 2 2 2 0 0 2 2 1 2 1 2 0 1 0 1 0 2 0 2 0 1 2 0 1 0 0 1 1 2 2 0 1 2 2 1 1 2 2 2 2 0 1 0 2 0 2 2 0 0 2 1 1 1 1 0 0 2 1 1 1 2 2 0 2 0 1 0 2 1 2 2 1 2 0 1 0 0 1 0 0 2 2 0 0 1 0 1 0 0 0 2 0 1 2 2 1 1 0 1 1 0 1 2 0 2 1 0 2 1 1 1 0 1 1 1 0 2 1 0 2 1 0 0 2 0 0 1 2 1 1 0 2 2 0 0 0 0 1 2 1 1 0 2 0 2 0 0 2 2 0 2 1 2 0 1 2 1 1 2 2 2 0 1
2 2 2 2 2 1 2 1 2 0 0 0 0 1 0 2 1 1 2 0 0 2 2 0 0 0 0 2 0 1 2 0 0 1 2 2 0 2 1 0 0 1 0 1 0 0 1 1 0 0 2 0 0 2 1 1 0 2 1 2 1 1 2 2 0 2 2 1 2 0 2 0 1 1 2 2 1 0 2 2 1 1 1 2 1 2 1 0 2 0 2 1 1 2 0 2 1 2 1 1 2 1 1 1 2 1 1 1 2 1 1 1 2 2 0 2 2 1 0 0 1 2 2 0 1 0 0 0 2 2 2 0 0 1 2 0 0 1 2 2 2 1 0 0 1 2 2 1 0 2 1 0 2 1 1 1 2 2 1 2 2 0 0 0 2 0 1 2 1 1 2 1 2 0 1 0 2 1
2 0 1 2 1 1 0 0 2 0 0 1 2 2 2 0 1 2 1 2 2 2 0 1 1 0 2 0 1 2 2 0 1 0 2 2 2 0 0 2 0 1 1 1 1 1 2 2 0 0 1 0 2 2 2 2 2 0 2 0 2 2 1 0 0 1 1 0 2 1 2 0 2 1 1 2 2 0 1 0 1 0 1 1 0 1 1 0 2 0 1 1 0 0 0 1 2 1 2 2 0 2 2 1 1 1 0 1 2 1 0 1 2 1 0 0 0 2 0 2 2 2 2 0 0 2 2 2 1 1 1 2 1 1 0 2 0 0 2 0 0 2 2 2 1 0 2 2 2 0 1 2 0 1 0 1 1 2 0 2 1 2 0 0 0 0 0 1 2 2 2 2 2 2 2 1 0 0
0 0 0 2 2 1 1 1 2 2 0 0 0 0 2 0 0 1 1 1 2 0 2 2 0 1 1 0 2 1 0 0 1 1 1 1 1 0 2 1 0 1 2 1 2 2 2 2 1 1 1 1 2 0 0 1 2 1 1 2 0 2 1 2 1 0 1 0 0 1 2 0 2 2 0 1 2 2 1 1 0 1 2 1 1 1 2 1 2 1 2 1 1 0 0 2 0 2 1 1 1 0 2 1 0 2 1 0 2 0 1 0 1 2 1 1 0 1 0 0 2 2 2 1 0 0 2 0 2 0 2 1 1 2 0 1 2 2 1 1 2 1 0 2 1 2 1 2 1 1 0 1 1 0 0 1 0 2 0 0 2 2 2 0 2 0 2 2 0 1 1 0 0 1 0 1 1 1
0 0 0 1 1 1 1 2 0 2 1 1 0 1 2 2 2 1 0 2 1 1 1 1 2 1 0 2 0 2 1 1 2 2 0 2 1 2 1 1 1 1 0 2 2 2 2 0 1 1 2 1 2 1 0 1 0 0 2 1 1 0 0 0 2 1 0 0 0 2 2 0 0 0 0 0 0 2 1 0 0 1 1 1 2 2 0 0 2 2 2 0 0 0 2 0 1 2 1 2 2 1 0 0 1 0 1 0 0 2 0 1 1 2 0 2 1 1 2 0 0 2 2 2 2 2 2 1 1 1 1 2 0 2 2 1 2 0 2 0 1 2 0 2 1 0 1 2 1 2 1 0 1 0 2 1 0 1 0 2 0 2 1 0 1 1 0 2 2 2 0 1 2 1 2 1 2 1
1 1 0 2 2 2 0 1 1 0 1 1 2 1 1 2 2 0 0 0 0 0 2 2 2 1 0 1 0 2 2 2 2 0 2 1 0 2 1 2 0 0 0 0 1 2 2 1 1 0 1 1 1 2 1 0 0 2 2 1 2 1 1 1 2 0 1 0 0 2 2 1 2 0 2 1 1 2 1 2 0 0 1 1 2 0 2 1 2 2 0 2 0 2 1 1 0 0 2 1 0 1 2 0 2 2 2 1 2 0 0 0 2 0 2 1 0 2 2 0 1 1 0 2 0 2 0 1 2 2 2 2 1 0 0 2 0 0 0 0 0 1 1 2 2 0 2 0 2 2 0 1 0 0 1 1 0 1 0 0 1 0 1 0 1 1 2 0 1 0 0 0 2 2 0 1 0 2
1 1 2 2 2 0 0 0 2 1 2 0 2 1 1 0 1 1 2 2 1 1 2 2 1 2 2 2 0 0 2 2 1 2 1 1 2 2 2 2 1 1 0 1 0 0 2 1 1 1 0 0 0 0 2 2 2 0 2 0 1 2 2 0 1 1 1 1 2 0 1 0 2 2 2 2 2 2 2 0 0 0 1 2 1 1 1 1 2 1 2 0 0 2 0 2 2 1 1 1 0 0 2 2 2 1 0 2 0 2 0 1 2 2 0 1 1 0 0 0 2 0 1 1 0 1 0 2 0 1 0 1 1 2 1 1 1 2 1 2 1 1 1 1 1 2 0 2 0 1 0 0 1 1 1 1 0 1 2 2 1 0 0 2 0 2 1 2 1 2 2 2 2 0 1 0 0 2
1 1 0 1 1 2 0 0 1 1 2 0 0 0 1 1 1 2 0 0 1 0 0 0 2 0 1 1 1 2 0 2 1 1 2 0 0 0 0 2 1 0 0 2 2 2 1 0 1 1 0 1 1 1 2 2 2 1 1 2 1 0 1 2 1 1 2 0 1 0 0 1 0 0 1 2 0 2 0 2 1 2 0 1 1 0 1 2 1 2 1 0 2 2 2 2 2 2 2 1 2 2 2 0 2 0 1 0 0 2 0 2 1 0 0 1 0 2 0 2 1 1 0 2 1 2 1 0 2 0 0 2 2 2 0 2 1 2 1 1 1 1 1 0 2 2 2 1 1 2 1 0 1 2 2 2 2 1 1 2 1 1 1 1 1 2 1 0 1 2 0 0 1 1 1 1 2 0
0 0 0 1 1 1 0 1 1 1 2 2 0 1 1 2 2 0 2 2 1 1 1 1 1 0 0 2 2 2 0 0 0 0 1 2 2 0 1 1 1 1 1 2 2 0 1 0 1 1 2 2 0 1 1 2 2 2 2 2 2 0 2 2 2 1 2 1 2 1 2 0 0 1 2 0 2 1 0 0 0 0 0 1 2 2 0 2 2 0 2 1 1 1 2 0 0 2 2 2 1 2 2 1 1 2 2 0 2 0 1 0 1 2 1 1 2 2 0 2 0 0 1 2 2 1 0 2 0 2 0 2 2 2 1 0 0 0 1 2 2 0 2 1 1 0 2 0 2 0 0 0 2 1 2 1 0 2 1 2 0 2 2 2 2 0 1 0 2 0 2 1 1 1 0 2 2 0
0 2 0 0 0 0 0 0 2 1 1 2 0 1 1 2 0 0 1 2 1 1 0 0 0 2 2 0 2 1 0 0 2 1 1 0 2 1 0 1 1 1 0 1 0 2 2 2 0 1 1 2 2 1 2 2 0 0 2 2 2 2 2 1 0 1 1 0 0 0 2 1 2 2 1 0 2 1 0 0 2 1 0 2 0 0 1 1 0 1 2 0 1 2 2 1 1 2 0 2 2 2 1 2 2 0 0 2 2 0 0 1 2 1 1 0 1 0 1 0 1 1 0 2 1 0 2 2 2 2 2 1 2 2 2 1 0 2 1 0 0 1 2 2 0 1 0 2 1 1 2 0 0 0 0 2 0 2 1 0 2 2 2 1 1 1 0 1 2 2 1 2 2 2 2 2 0 2
1 1 1 1 2 2 1 1 2 2 1 2 0 1 1 2 0 0 2 1 2 1 1 2 1 0 1 1 2 1 0 1 0 2 2 1 0 2 2 2 1 1 1 1 2 0 1 1 0 1 2 0 0 0 2 1 0 1 2 1 0 0 2 1 1 2 2 1 2 2 1 0 1 0 2 1 0 2 2 2 0 0 2 1 0 2 0 2 1 0 0 1 1 0 2 2 2 0 1 2 2 0 0 1 1 1 1 2 0 1 1 1 1 1 2 0 0 1 2 2 1 2 0 0 2 0 1 2 0 2 2 0 0 1 0 1 2 1 1 0 2 2 1 2 1 2 2 2 0 1 2 2 1 0 2 0 0 1 0 1 1 0 0 1 1 0 1 1 1 2 1 1 2 0 1 1 0 0
2 1 2 2 0 1 2 1 1 1 2 0 0 1 0 0 1 2 0 2 1 2 2 2 1 2 0 0 1 2 2 1 0 2 0 2 1 0 1 0 1 1 0 2 0 1 0 2 0 1 1 1 0 1 1 2 0 0 1 2 2 0 0 2 2 1 1 0 2 0 1 1 2 1 0 0 1 1 2 1 0 1 1 1 2 0 1 0 0 2 0 2 0 1 0 2 1 1 0 0 0 2 1 2 1 0 0 2 2 2 2 2 1 1 1 0 1 2 1 2 2 1 1 2 1 1 0 2 1 1 0 2 0 2 1 2 2 1 0 2 1 2 2 2 0 1 2 1 1 1 1 2 1 1 2 2 0 2 2 1 0 2 0 1 1 2 1 2 1 1 1 2 1 2 1 1 0 1
0 1 0 2 0 1 1 0 1 1 0 0 1 1 0 2 0 2 2 1 1 1 0 1 1 2 0 0 1 0 0 2 2 0 2 0 2 0 1 1 2 1 2 0 0 2 0 1 1 0 0 1 1 1 2 2 1 2 1 0 0 1 0 2 2 2 0 2 0 1 0 2 1 2 1 1 2 1 2 1 1 0 2 2 2 1 0 0 1 1 0 1 2 0 1 2 0 2 1 1 1 1 2 2 1 0 0 1 1 1 2 0 1 2 0 0 1 0 1 0 2 2 2 2 2 0 1 1 1 2 2 2 1 1 2 0 1 0 1 0 1 1 0 2 0 1 0 1 2 2 2 0 2 2 2 2 0 1 0 1 1 1 1 1 2 0 1 2 1 0 0 0 2 1 1 2 0 1
1 0 1 1 0 0 0 0 0 1 2 1 0 1 2 1 2 0 0 2 2 1 0 0 2 2 2 0 1 2 0 0 1 1 2 1 0 0 2 1 2 2 2 2 1 0 1 1 0 1 0 0 0 0 0 0 2 0 1 1 0 1 0 1 0 2 1 1 0 0 2 0 0 2 0 2 2 1 0 2 1 2 0 2 2 2 0 0 2 2 2 0 0 2 0 1 0 1 2 1 1 2 1 2 2 2 1 1 1 0 2 2 2 0 0 1 2 0 2 2 0 0 0 2 0 0 0 0 1 1 2 0 0 0 0 2 2 2 1 1 2 1 1 1 1 2 1 1 0 1 0 1 1 1 0 2 1 1 2 0 2 2 1 2 0 2 0 1 2 1 0 2 0 2 1 1 2 2
2 0 2 1 1 0 2 2 2 2 1 0 2 0 2 0 0 0 0 0 2 0 2 2 0 0 2 1 2 2 2 2 2 1 1 1 2 1 0 2 0 1 2 2 2 2 1 1 0 2 2 0 2 2 2 0 0 2 0 2 2 0 0 1 2 1 0 1 0 1 0 1 0 0 1 0 2 0 1 0 2 1 1 0 1 0 1 1 1 1 2 0 1 2 0 0 1 1 0 2 2 0 0 0 2 2 2 1 0 0 2 1 1 0 2 0 2 0 2 1 0 2 2 2 2 2 0 0 1 0 0 2 1 2 0 0 2 2 0 0 0 0 2 2 2 1 0 1 2 0 0 0 2 2 0 1 0 1 2 1 1 0 0 0 0 1 2 2 1 2 0 1 0 2 2 2 1 0
1 2 1 1 2 0 2 2 2 2 0 1 0 2 2 2 1 2 0 0 2 2 0 0 2 0 0 1 1 2 2 2 1 0 2 1 1 1 1 0 0 2 2 0 2 2 0 0 2 0 0 2 1 1 0 0 2 1 1 0 0 1 0 2 1 0 1 2 1 2 2 2 2 2 1 2 2 1 2 2 0 1 2 1 2 0 1 2 1 0 0 2 2 2 2 0 2 0 2 2 2 2 2 0 2 0 2 2 0 2 2 0 1 1 2 2 0 1 1 1 2 0 0 1 2 0 1 1 0 1 1 1 1 1 1 0 2 1 0 2 1 2 0 0 2 2 2 2 1 1 1 0 1 0 1 0 0 0 0 1 2 2 0 0 0 2 2 0 0 2 0 2 0 1 0 0 1 0
0 0 2 1 0 1 1 0 0 2 1 0 1 1 0 1 2 1 0 1 2 1 2 0 1 0 1 2 0 0 2 0 1 2 1 1 1 0 2 1 0 1 2 1 2 2 0 1 1 1 1 0 0 1 1 1 1 0 0 2 1 1 2 2 0 1 2 1 2 1 0 2 2 2 1 2 2 2 2 0 0 1 2 1 2 1 0 0 1 1 0 0 0 2 2 1 1 1 0 1 1 1 1 1 1 1 2 0 0 1 2 2 2 1 0 1 2 1 2 1 1 0 1 1 2 2 0 0 1 1 2 0 0 1 2 1 0 1 0 0 0 2 2 2 1 1 1 1 2 1 2 1 1 2 1 1 2 1 2 0 0 2 1 1 1 1 0 1 2 1 2 0 1 2 2 2 1 1
0 1 0 0 0 1 2 1 0 1 0 2 0 2 2 2 0 1 0 1 2 0 2 0 0 0 0 0 0 1 2 1 2 2 2 0 0 2 2 1 2 0 0 2 0 1 2 0 2 2 0 0 0 0 0 1 2 0 1 2 1 0 1 1 2 1 2 0 1 1 2 0 2 2 0 2 0 2 1 1 2 1 1 0 1 1 1 0 1 2 1 0 0 2 1 0 1 0 1 2 0 0 1 0 1 1 0 2 2 1 0 1 0 1 2 2 0 1 0 1 2 2 2 2 2 1 1 0 2 2 0 2 1 1 0 2 0 1 1 2 0 2 1 1 1 1 0 2 0 1 1 0 0 1 2 2 0 1 2 2 2 1 0 0 2 1 2 2 2 0 2 0 0 2 1 2 1 1
2 1 0 0 1 1 1 2 1 1 1 1 2 0 2 2 0 2 0 2 2 0 1 2 1 1 2 2 1 0 1 0 0 2 1 2 1 0 2 0 0 1 1 0 1 1 2 2 1 0 2 0 1 0 0 2 0 0 2 1 1 1 2 1 2 1 0 1 2 0 1 0 2 2 0 0 1 2 0 0 0 1 2 2 2 2 2 2 0 2 1 2 1 1 0 0 0 1 1 2 2 0 0 1 2 0 0 2 1 1 0 2 2 2 2 2 0 1 1 1 1 0 0 2 2 1 0 2 2 2 2 0 2 0 2 2 0 2 2 1 2 0 1 1 0 1 1 0 2 1 1 0 2 1 0 2 2 1 1 0 1 1 1 1 1 0 2 0 1 1 2 0 2 0 2 0 1 2
0 2 0 0 0 0 1 1 2 2 0 2 0 0 1 1 1 1 1 0 1 2 0 0 0 0 2 1 1 1 0 0 0 1 0 1 1 2 0 1 1 1 1 1 1 0 2 0 1 2 1 2 1 2 1 0 0 0 1 2 1 1 2 0 2 2 2 0 2 2 2 1 1 1 1 0 2 0 1 1 0 0 1 0 0 2 0 1 0 1 0 1 0 0 1 0 0 0 0 2 0 1 2 2 0 0 0 0 1 2 2 2 2 1 0 2 1 0 1 1 2 2 0 2 2 0 2 2 1 0 0 2 2 0 2 0 0 0 0 2 2 0 2 1 1 2 2 2 2 0 1 2 0 2 1 2 2 1 0 0 2 1 0 2 1 0 2 2 0 1 2 0 1 2 0 1 2 0
0 0 0 2 2 1 1 1 1 1 0 2 1 0 0 0 0 2 0 2 2 2 1 0 0 0 2 0 1 2 0 2 2 2 2 2 1 1 1 0 2 1 0 2 2 1 0 0 2 1 0 2 0 2 2 2 0 2 2 2 2 1 2 1 1 2 1 0 0 2 0 1 2 1 1 2 1 1 2 0 2 2 0 1 2 0 0 2 0 0 2 2 2 2 2 0 1 0 0 2 1 2 0 1 0 1 0 1 0 0 2 0 0 0 1 0 1 1 0 1 1 0 2 1 0 1 2 1 2 1 1 1 1 0 2 2 1 0 2 0 0 1 0 2 2 1 0 0 0 0 2 2 1 1 1 2 0 1 0 0 0 0 2 1 0 1 0 2 2 0 2 0 2 2 2 2 1 0
0 1 2 0 2 0 2 0 0 0 2 1 0 2 2 2 1 2 2 0 2 2 0 1 2 0 2 0 0 0 0 1 0 0 1 2 1 1 0 2 1 0 1 1 0 1 1 0 1 1 0 0 0 1 0 0 2 0 0 0 0 2 1 1 2 0 1 1 1 2 1 2 2 1 1 2 0 0 0 1 1 0 0 1 0 1 2 0 1 0 0 2 0 2 1 1 2 0 2 0 2 2 0 2 1 1 0 1 2 0 0 0 1 1 0 2 2 2 2 0 0 0 1 1 2 0 2 2 0 2 2 0 2 0 0 0 1 0 1 1 1 0 0 0 1 0 2 1 0 2 2 0 2 0 2 2 1 2 1 2 0 1 0 2 1 0 0 0 1 2 2 0 2 0 0 1 0 0
0 0 2 2 1 2 1 2 1 2 2 0 2 2 1 2 2 0 1 0 1 2 2 1 2 0 1 0 1 1 0 2 2 2 2 2 1 0 2 0 1 1 0 0 2 2 0 1 0 2 2 1 1 2 1 1 2 2 2 1 2 2 0 2 2 0 1 1 1 1 1 2 0 2 0 2 2 1 1 2 0 1 1 2 0 2 1 0 0 1 1 2 0 0 1 2 0 1 0 1 0 2 2 0 1 0 0 0 1 2 0 2 0 2 2 1 2 1 2 0 2 1 2 0 1 1 2 1 0 0 1 1 0 1 2 2 1 1 2 2 1 0 2 2 2 2 1 2 0 1 2 2 2 2 2 1 2 2 0 0 0 2 1 0 0 2 2 1 0 2 1 1 0 0 1 2 2 0
0 0 2 0 0 2 0 0 0 0 2 1 0 0 1 0 0 1 0 0 0 1 0 1 0 0 0 0 1 0 0 1 1 1 1 2 0 2 0 1 0 2 2 2 1 1 0 2 0 0 0 1 1 1 0 1 2 0 1 0 2 0 2 1 1 0 0 1 1 0 0 1 1 2 1 2 1 1 1 2 1 2 0 2 1 1 2 0 0 1 1 2 1 0 0 2 1 0 1 2 2 2 2 0 0 0 2 2 2 1 1 1 1 2 2 2 0 1 0 0 2 1 0 2 1 0 2 2 2 1 0 2 0 2 2 1 0 2 0 2 0 1 1 2 1 0 1 2 2 1 0 2 0 1 1 1 2 1 2 2 0 0 1 1 0 1 0 0 1 0 1 0 2 0 2 0 1 2
0 0 1 2 2 2 0 2 1 0 0 1 1 0 1 0 1 1 2 2 0 0 0 1 0 2 1 0 0 0 0 2 0 1 1 0 0 2 0 0 0 0 1 1 1 0 2 1 2 2 0 2 2 0 0 1 0 2 2 2 2 2 2 0 0 0 2 2 0 2 2 0 1 0 0 2 1 2 1 2 1 2 1 1 0 0 2 1 2 2 1 0 1 0 1 0 0 1 0 1 1 2 2 0 0 2 0 0 1 2 2 0 2 0 2 2 1 2 0 2 2 1 0 1 2 1 2 0 0 2 1 2 2 1 2 1 0 2 1 0 2 0 1 1 1 1 1 1 1 2 0 1 2 0 0 1 1 0 2 2 0 0 1 0 2 1 1 0 1 2 1 1 0 2 0 2 1 1
0 0 1 1 2 0 1 2 0 1 2 2 0 1 0 0 1 0 1 2 1 0 2 0 2 0 2 0 2 1 2 1 1 0 2 0 2 2 1 2 0 1 1 1 2 1 2 0 2 2 0 1 2 2 1 2 0 2 0 1 0 2 2 0 1 2 1 0 1 2 2 2 1 1 2 0 0 1 2 0 0 0 2 1 1 1 1 1 0 2 2 0 2 1 1 0 2 0 1 0 2 0 1 1 2 0 0 0 2 0 1 1 0 0 2 1 1 1 0 2 1 2 1 1 2 2 2 2 2 1 2 0 1 1 2 2 1 0 2 2 0 1 0 2 1 0 0 1 1 1 0 0 2 1 1 2 2 0 1 2 1 0 2 1 0 0 0 2 0 0 1 2 1 1 1 0 1 1
1 0 1 0 1 0 2 0 2 1 0 0 1 0 1 1 2 1 1 0 1 0 0 2 2 2 2 1 2 0 0 1 1 1 2 2 1 1 2 1 0 1 1 2 2 0 0 2 2 0 2 0 0 0 1 0 2 0 1 2 1 1 1 0 1 0 0 2 0 1 2 0 2 0 0 2 1 0 1 2 0 0 0 1 1 1 1 1 2 0 0 1 0 0 2 1 0 0 1 0 1 0 1 1 2 1 0 1 2 1 0 0 2 1 0 1 0 1 2 1 0 1 2 0 1 2 1 1 2 0 0 2 1 1 0 1 1 2 2 1 1 1 2 2 0 2 0 0 2 0 1 2 2 1 2 0 1 1 2 2 1 2 1 0 2 2 1 1 2 2 2 1 0 1 0 0 2 1
1 1 2 1 0 1 2 0 2 2 2 2 1 1 2 0 0 1 2 2 2 0 1 2 1 2 2 2 0 1 1 2 2 1 0 0 0 0 0 0 2 0 2 0 1 1 1 1 1 1 1 1 2 0 2 0 0 1 0 1 2 1 0 2 0 1 2 1 0 0 2 0 0 2 2 1 0 0 1 2 2 2 1 1 0 1 1 0 2 2 0 2 2 1 1 0 0 1 2 1 1 1 1 1 0 0 0 2 1 1 1 0 1 0 2 2 1 1 0 1 2 0 0 2 2 2 2 0 0 0 1 1 1 2 2 0 1 1 2 0 2 1 1 1 0 1 0 2 1 0 1 0 1 2 0 1 2 2 1 2 2 2 2 2 2 2 2 0 0 2 1 0 1 0 2 1 1 2
2 2 0 0 0 2 0 0 0 2 1 1 0 1 1 0 0 1 2 0 2 1 0 1 1 2 2 1 1 0 0 0 1 0 1 1 0 2 2 1 2 1 0 0 2 2 0 0 0 1 1 1 2 2 0 1 1 0 2 0 0 0 1 1 0 0 1 1 0 1 1 0 2 1 0 1 1 2 1 0 0 1 1 0 0 2 2 2 2 1 2 0 1 1 0 2 2 1 2 2 2 0 0 1 2 2 0 0 2 0 0 0 1 2 0 1 2 2 0 1 1 0 0 2 2 0 2 2 1 1 2 1 2 0 0 2 0 0 0 2 0 1 2 1 2 2 0 1 2 0 1 0 1 1 0 1 1 2 0 0 2 0 2 2 0 2 2 1 0 0 0 1 2 0 0 1 0 1
1 2 2 2 0 1 0 0 2 2 1 0 0 0 1 2 0 2 2 2 1 2 2 1 0 0 2 2 1 0 0 2 0 2 1 0 1 2 1 1 2 2 2 2 0 0 1 0 2 0 1 1 0 1 1 1 1 1 0 0 1 1 0 1 1 0 0 0 0 1 1 0 1 0 2 2 1 1 0 2 2 1 0 0 0 2 2 2 0 0 0 2 2 1 0 1 1 1 1 1 0 0 2 1 2 2 1 1 1 2 0 0 1 2 1 2 1 1 2 2 1 2 2 1 1 0 2 0 2 1 0 2 2 2 1 2 1 0 0 2 0 2 0 2 1 2 2 0 0 1 0 2 2 2 1 0 0 1 1 2 0 1 1 0 0 0 0 2 2 0 2 2 2 0 2 1 2 2
0 2 1 1 2 0 1 1 1 2 2 0 2 0 1 1 0 2 0 0 1 2 2 2 2 2 2 2 1 2 2 2 2 0 0 2 2 2 1 1 2 1 1 1 1 2 1 0 1 1 1 1 1 1 1 0 1 0 0 2 0 0 2 1 2 2 1 1 0 0 0 2 2 1 2 1 1 0 1 0 2 1 2 0 2 0 1 0 2 0 0 0 1 0 1 0 0 1 2 1 1 2 0 0 1 0 2 2 0 2 1 0 0 0 1 0 2 1 1 1 1 2 1 0 0 1 1 1 2 1 2 0 2 0 1 0 1 0 1 2 2 2 1 0 0 2 1 2 1 0 0 0 0 0 1 1 1 2 2 0 1 2 1 0 1 2 2 0 0 1 0 1 1 1 1 1 2 0
2 0 1 2 1 2 0 2 0 1 2 1 1 0 1 2 2 0 2 2 0 0 0 1 2 1 0 0 0 2 2 2 0 0 0 2 0 0 1 2 2 1 1 1 2 2 2 1 0 1 0 1 2 1 2 1 2 0 0 1 0 2 0 0 2 0 0 1 1 1 0 1 0 1 0 0 1 2 2 1 1 0 0 0 2 0 0 0 1 0 1 2 2 1 0 2 0 1 0 2 2 0 1 1 2 1 1 1 1 0 2 2 1 0 0 1 2 0 2 0 1 0 2 0 2 0 0 2 1 1 2 1 0 0 2 2 2 0 0 0 2 1 0 0 2 1 2 1 0 1 2 1 2 2 2 2 2 0 2 1 2 2 0 2 0 0 2 2 2 2 0 1 1 1 2 1 0 2
2 1 1 2 2 1 2 2 1 1 0 0 0 0 0 1 2 1 1 2 1 0 0 0 2 1 1 2 2 2 2 0 0 0 2 1 1 1 1 2 1 2 1 2 0 1 0 0 0 2 0 2 0 1 0 2 2 1 1 0 2 0 1 0 2 0 1 1 0 0 2 1 0 0 1 1 2 1 1 0 0 2 0 1 0 0 1 1 2 0 2 1 2 0 2 2 0 1 0 1 2 2 2 2 2 0 1 2 2 0 0 1 0 0 2 2 1 1 0 0 0 0 0 2 0 0 1 1 2 2 0 2 2 0 2 2 2 1 2 1 2 2 2 2 0 0 2 2 1 0 1 1 0 1 1 0 2 0 2 1 0 0 0 2 0 1 2 2 2 2 2 2 1 2 1 0 2 2
2 2 2 0 0 0 2 0 1 2 0 0 1 0 1 2 0 2 0 0 2 0 0 1 2 2 2 2 2 1 1 0 1 1 1 2 1 2 2 0 1 0 1 0 2 0 0 2 0 1 0 2 0 0 2 0 0 1 2 0 0 1 0 2 0 2 1 2 2 1 2 0 2 2 1 1 2 2 1 0 1 2 2 1 0 1 2 1 0 2 1 1 2 0 0 2 0 2 1 2 0 2 2 2 1 1 2 1 1 1 1 0 0 1 2 1 1 2 2 1 0 1 2 2 1 2 2 1 1 0 1 2 0 0 0 2 0 2 0 1 0 2 2 0 2 0 0 0 0 2 1 0 1 2 0 0 1 2 2 1 1 0 0 1 2 1 1 2 0 2 1 1 2 2 0 1 2 0
2 2 2 0 1 2 2 1 2 2 1 2 1 2 2 2 1 1 1 2 1 2 0 0 2 2 2 2 1 2 0 0 2 0 1 0 2 2 0 2 2 1 1 0 1 1 2 0 1 1 1 2 2 1 2 1 1 2 0 2 2 1 0 2 1 1 0 1 1 0 1 0 2 0 1 0 1 2 2 2 0 0 0 2 1 2 0 2 0 1 2 2 2 2 2 1 1 0 0 0 0 1 1 0 2 0 1 0 2 1 1 2 1 1 0 2 1 0 1 2 0 0 2 0 0 2 2 2 2 2 0 1 1 1 2 0 1 1 2 0 0 1 1 1 0 1 1 2 2 0 2 0 2 2 1 0 1 0 2 2 1 2 0 2 1 2 1 0 1 1 2 1 0 0 0 0 2 2
0 2 0 2 0 0 1 1 1 1 2 1 0 0 1 0 1 0 0 0 0 1 1 0 0 2 0 1 0 0 1 0 0 1 1 1 0 2 0 1 1 2 2 1 0 1 2 2 2 0 2 0 0 1 0 1 0 2 2 0 0 1 1 0 0 2 2 0 0 2 2 1 0 2 1 1 1 1 0 1 2 2 2 2 0 0 0 1 0 0 2 1 1 0 2 1 1 2 0 2 2 2 0 2 2 2 0 1 2 0 0 2 0 2 1 1 0 2 2 1 0 2 2 2 0 1 1 2 1 1 1 1 1 2 0 1 0 1 0 2 2 0 1 0 0 0 1 1 0 2 2 1 1 1 0 2 0 1 1 2 0 0 1 2 0 1 0 1 0 1 0 0 2 2 1 0 0 2
