5 181 13
656602018 632631829 47495460 807912386 107872769 1071143190 1190382465 72576717 61489677 669131821 213774555 218777347 563316594 914862230 865708913 784717297 516167739 319837941 273200707 495992622 1126248317 535288508 140934074 707281622 155770661 1010713982 1133119781 401045904 375500650 871163774 836387794 159532434 1005262925 989009963 1093275096 551293470 980305107 234216158 901619821 528641053 944288909 344180097 149272841 970143458 752809087 719740308 1112955060 190373383 12179665 966621099 444038582 930624682 793301407 853670127 1161197288 261096802 211733195 157068036 962539990 1218619487 402911257 147085198 25442702 65259434 778266062 348582589 15636745 128439177 131952502 323942351 744484946 678520844 738051985 252376360 24578320 890167906 810996267 927993893 821450947 1195537574 95111216 1099711333 868640378 185397946 591622676 209696396 691255193 365828059 975340543 117354944 652793977 379013140 1057112697 771131487 367018885 1144225892 613998965 826809906 921570049 328099785 686715443 636201750 909088317 604132449 1099517265 686734522 386891888 875681298 783671659 520968027 1100597112 173291732 249293750 587780607 676476496 624076429 145550007 895500932 1119985387 654988080 1031754948 812123765 687137286 23733944 1208114270 24643396 587587318 619483168 880284409 842005268 1091840296 966818315 1208228218 1060611248 128620109 435179067 233895643 281628714 81205890 741097807 166793337 1090378033 127095501 435371706 721067519 711368369 139570321 1109849447 791164318 143269782 375694577 278079497 1191337619 1065905877 102911278 1138786137 1042791976 1018433654 659624287 848049966 1216013060 196300357 1170893912 827799230 984515644 734925647 594746313 1034432942 256268065 1147654891 688098635 1111785236 260377934 555524063 1057800552 358269789 444969155 1098697537 205377487 396661871 287678285
2 1 1 1 2 1 3 0 2 4 2 2 3 2 4 2 1 0 3 3 0 0 2 4 2 3 3 2 3 2 2 0 0 0 3 3 2 1 0 4 0 4 3 0 1 2 4 2 4 3 2 4 0 0 0 2 0 4 4 3 3 3 0 3 3 4 3 0 2 0 1 3 4 4 0 1 3 0 0 3 0 3 4 0 0 0 2 2 1 3 2 4 1 2 4 1 3 3 2 1 3 3 1 0 0 1 1 3 3 3 3 3 1 3 3 3 0 2 0 1 2 2 2 0 2 1 2 0 1 4 3 2 4 4 2 1 3 0 2 1 3 0 2 2 0 2 0 0 2 3 3 4 2 0 0 4 2 4 2 0 0 0 2 4 2 4 3 0 4 0 3 0 2 2 2 3 0 4 3 2 2
4 3 2 4 0 1 3 4 0 4 4 1 3 1 3 0 1 0 4 1 0 4 3 3 3 3 3 3 2 2 2 3 0 4 2 1 3 3 2 3 4 4 4 2 2 4 2 3 4 4 1 0 0 4 0 4 3 3 4 2 0 1 0 2 3 4 0 1 2 3 4 1 4 1 1 1 0 3 4 2 4 0 4 0 1 4 1 1 4 0 3 1 3 0 3 1 0 4 2 4 4 4 3 3 0 4 1 2 4 0 4 4 2 0 1 0 1 2 2 0 4 2 1 2 3 2 4 0 1 3 1 2 2 4 2 4 0 3 2 2 0 3 3 2 1 4 2 2 3 4 3 2 2 1 4 2 3 0 2 1 1 0 3 0 0 0 0 2 0 4 4 0 4 2 2 0 3 2 0 1 3
0 3 2 1 0 4 2 2 3 3 3 4 4 4 4 1 1 3 2 2 3 2 1 0 2 4 4 4 4 2 4 4 1 2 2 3 1 4 0 0 3 4 1 4 0 2 2 3 0 4 0 3 4 1 1 1 2 2 2 1 4 3 0 2 0 3 0 2 4 1 4 4 2 0 3 4 4 1 2 4 2 2 0 1 0 1 4 3 0 3 1 1 2 4 1 2 4 1 1 3 4 2 3 3 4 3 2 3 1 4 3 4 3 3 2 4 1 4 4 1 4 0 4 1 4 0 1 3 4 4 2 0 2 2 4 1 0 3 0 2 3 0 3 3 3 0 2 1 1 3 4 1 4 3 2 0 1 0 4 0 2 3 0 4 0 1 2 2 0 4 4 0 4 4 3 4 0 3 0 3 3
1 4 2 0 2 3 1 4 4 3 1 2 0 2 4 2 2 1 4 1 3 1 3 2 1 4 4 4 2 3 0 3 2 2 0 1 2 3 3 3 1 4 2 2 4 1 1 1 3 0 4 1 3 4 0 4 4 2 1 3 0 1 1 4 0 4 1 3 2 4 3 4 0 1 3 1 2 4 4 2 1 4 0 4 0 1 3 4 3 4 4 0 0 3 4 1 2 2 1 4 3 1 3 1 2 1 2 0 2 2 4 3 3 0 4 3 3 0 0 1 4 1 3 2 4 4 0 1 2 3 1 0 4 1 3 2 0 3 4 2 2 3 3 0 0 4 0 3 4 2 1 1 4 4 3 3 4 0 2 3 3 3 0 4 1 4 1 1 2 2 1 4 3 1 1 3 0 1 2 0 1
0 1 0 0 1 0 1 1 2 4 1 0 4 0 4 0 4 0 2 3 3 3 1 4 4 2 0 3 1 2 4 1 0 1 3 1 1 4 4 4 0 2 1 0 2 0 0 3 3 0 2 1 3 3 1 0 2 3 0 3 0 4 0 0 0 3 3 3 0 4 2 0 1 4 0 0 4 3 1 4 0 3 1 0 3 4 0 1 2 0 4 2 1 1 4 3 2 4 2 2 3 1 2 1 0 0 3 2 3 4 1 0 4 4 0 0 3 3 3 0 3 4 4 2 1 0 2 3 4 1 0 4 3 4 2 3 4 1 2 4 2 1 4 4 0 0 4 1 3 2 3 3 1 0 2 2 0 2 2 2 3 4 1 1 4 4 2 3 2 1 3 4 2 4 3 0 4 4 1 4 1
4 0 0 4 4 2 2 1 2 4 0 1 2 3 0 3 0 4 0 4 4 2 1 3 2 1 0 2 2 1 0 4 3 0 0 3 0 2 4 2 1 4 3 4 3 1 2 0 2 0 4 1 2 3 1 1 4 3 3 4 2 4 0 0 4 0 3 4 3 3 3 1 4 2 2 4 0 2 0 2 2 1 3 1 4 1 4 1 2 3 2 4 4 4 4 0 4 0 2 4 3 0 1 4 4 0 4 4 2 1 1 1 4 1 4 4 0 4 2 2 4 1 3 3 0 2 0 1 4 2 1 2 3 4 2 4 1 3 4 4 4 2 2 3 1 4 4 3 0 3 0 4 4 3 4 1 2 4 3 2 4 1 1 2 0 0 3 1 3 4 2 4 4 2 3 0 3 4 3 3 3
0 4 4 0 0 1 4 4 1 3 3 2 0 2 4 2 3 0 3 2 0 2 1 4 2 1 2 4 1 0 2 3 1 3 3 1 1 3 2 2 3 1 1 0 0 0 3 3 3 3 1 3 2 4 2 0 3 4 1 4 1 3 0 2 3 3 0 0 3 2 4 2 0 1 2 1 1 2 1 4 0 4 4 3 4 3 0 2 4 1 3 0 1 3 4 1 4 1 3 2 4 3 1 4 4 1 0 2 0 4 4 3 3 0 3 2 4 0 1 3 3 0 1 1 3 2 2 4 4 1 4 0 4 0 4 0 3 2 4 4 1 0 4 1 1 2 1 2 2 2 2 0 2 0 1 3 0 0 4 1 1 3 1 2 4 0 2 4 4 4 0 2 4 4 4 2 1 0 4 0 2
2 2 2 2 0 2 2 1 1 3 2 0 1 2 1 2 1 0 3 0 1 1 2 2 0 4 1 2 4 1 1 3 4 3 2 1 2 0 2 4 0 2 1 2 4 2 1 0 4 1 3 2 2 0 0 4 4 1 1 0 4 3 3 0 3 1 2 3 3 4 4 0 3 0 4 2 4 2 0 0 4 3 3 1 0 0 3 1 1 4 2 2 4 2 3 0 0 0 3 0 1 4 1 0 4 2 4 0 0 4 0 1 4 3 2 1 0 2 3 1 4 2 1 0 1 4 0 2 1 0 2 4 4 0 1 0 0 1 0 0 2 1 1 4 1 0 0 2 3 0 0 2 2 1 2 4 2 0 3 0 2 2 0 2 3 1 4 3 4 0 0 4 3 3 3 1 3 0 3 3 1
1 2 0 4 2 4 2 4 4 4 1 2 4 0 0 3 0 0 4 2 2 3 2 0 1 3 0 4 4 1 0 0 3 0 4 2 2 3 1 1 3 3 0 4 0 0 4 2 2 4 4 1 2 1 1 4 2 4 3 1 0 0 1 3 2 2 1 1 3 4 3 3 4 3 2 0 1 2 2 0 3 4 2 0 2 0 1 4 4 1 0 4 1 3 0 1 3 3 2 1 2 2 4 2 3 3 4 1 2 3 1 0 2 0 1 0 1 4 1 2 1 2 4 4 2 4 0 0 4 0 1 3 2 2 0 0 3 1 1 0 0 0 3 2 0 1 4 3 0 1 3 3 0 2 3 2 3 0 0 4 0 1 2 3 1 0 0 4 1 2 1 1 2 1 4 4 2 0 0 0 1
3 3 3 2 3 3 0 4 3 4 1 1 3 4 2 3 2 3 0 4 0 1 3 1 2 2 1 3 4 1 1 2 1 2 4 0 0 1 1 3 2 4 4 1 1 4 4 3 2 4 2 4 3 2 3 0 1 4 3 1 2 2 3 3 4 0 0 4 1 3 4 4 3 3 2 4 4 1 2 2 1 1 1 1 0 4 1 1 0 2 2 2 4 3 3 0 3 0 1 1 4 0 2 2 0 4 3 0 1 2 4 4 0 0 0 0 2 3 1 2 0 4 2 1 4 0 1 2 0 2 0 1 4 3 0 2 2 3 2 0 2 1 1 2 3 1 2 2 0 4 2 2 0 4 4 4 1 2 3 1 2 3 0 1 3 0 3 3 1 2 3 3 0 0 1 1 3 0 3 0 4
0 0 1 4 4 0 0 1 0 4 3 1 1 2 4 1 2 4 2 2 3 3 2 0 1 3 0 1 4 3 3 4 3 4 1 4 2 3 2 2 4 3 0 0 2 2 2 4 1 1 1 1 1 1 3 2 4 1 1 3 1 4 0 1 3 1 0 0 4 4 0 4 4 2 1 1 4 3 3 3 2 4 4 0 0 0 0 2 1 1 2 2 0 4 3 0 0 0 3 2 4 0 1 4 2 4 2 4 0 0 2 2 2 3 4 2 3 4 1 4 0 1 3 2 0 1 0 3 3 3 0 0 0 3 4 2 2 3 3 2 4 0 1 1 4 1 0 4 2 4 4 0 0 4 2 2 3 4 0 1 4 0 1 4 0 2 4 3 1 2 0 2 3 4 3 4 0 0 3 4 4
4 4 1 4 4 4 2 3 1 0 3 4 4 4 4 1 3 2 4 1 0 3 4 4 1 3 1 4 3 0 3 3 2 2 2 1 3 1 1 4 3 1 3 2 1 3 4 4 2 0 0 4 4 4 0 2 4 3 1 3 1 2 1 3 1 0 1 4 3 2 3 1 4 4 4 0 4 0 4 3 0 2 3 1 1 3 4 3 4 2 3 0 1 1 0 2 1 1 1 1 3 2 2 4 3 3 4 2 3 1 0 1 3 0 2 1 1 3 1 0 1 4 2 4 0 2 2 3 3 0 4 3 4 4 3 2 2 4 4 3 0 2 4 0 2 3 2 0 2 3 0 0 0 4 4 2 1 3 1 4 4 2 3 0 3 1 3 1 0 4 4 3 1 0 3 1 3 2 1 2 3
4 2 0 3 4 2 0 4 3 1 3 3 4 4 1 2 4 4 0 3 0 3 0 0 3 3 4 3 1 1 3 2 1 3 3 2 2 0 1 1 1 2 1 3 3 2 0 2 2 0 0 2 0 2 0 1 2 1 4 4 4 4 1 0 2 1 4 1 1 1 2 3 3 0 1 1 3 1 0 2 4 2 1 4 0 3 0 2 4 1 3 4 0 2 1 4 3 1 1 0 2 0 3 2 1 1 0 1 4 0 0 3 2 3 0 4 2 2 4 1 4 2 0 1 1 4 1 0 0 4 2 4 4 2 1 2 3 1 0 4 3 2 3 0 1 0 2 0 2 1 1 1 0 4 3 2 3 1 4 0 0 3 4 1 0 0 1 0 3 3 4 1 1 2 3 2 4 0 2 2 3
0 3 4 1 3 3 1 1 4 1 3 2 2 0 2 2 3 2 2 1 3 3 2 3 4 1 2 4 0 4 3 3 0 4 4 0 4 3 2 3 4 0 0 2 2 4 1 0 3 1 4 1 4 1 4 3 0 2 0 2 3 0 0 3 4 0 4 3 0 1 3 4 3 0 3 1 4 2 3 4 3 2 0 4 1 2 0 1 1 0 3 4 2 4 0 3 1 1 3 1 2 1 2 2 1 3 3 2 0 2 1 0 4 1 4 0 0 4 3 1 1 2 3 0 3 3 3 1 4 1 4 3 2 1 0 0 1 1 2 1 3 3 3 4 2 3 2 2 4 0 4 3 4 2 3 2 2 4 3 1 0 2 1 0 1 1 0 2 4 3 1 2 3 4 4 0 4 1 3 4 1
4 4 1 3 2 0 0 3 1 3 4 0 1 1 1 4 1 1 4 1 2 1 0 3 2 2 3 3 0 2 2 1 3 0 4 2 0 1 1 3 1 2 4 2 3 2 4 1 3 3 3 2 4 0 3 2 4 1 2 0 0 4 3 3 4 0 0 2 3 1 0 0 3 1 4 3 4 3 0 4 1 0 4 3 2 2 2 1 0 1 3 2 1 2 0 2 2 2 1 0 1 2 2 1 0 4 0 1 4 2 1 3 2 2 3 1 1 2 2 3 3 1 0 4 0 2 4 4 4 0 1 2 4 1 1 0 2 1 1 1 0 4 1 2 1 4 0 4 1 2 2 0 0 2 1 2 1 0 1 3 3 0 0 2 1 1 4 3 4 1 1 4 2 3 3 1 2 3 0 1 3
0 1 3 4 4 3 1 0 1 4 3 1 4 2 4 3 2 4 2 0 1 4 2 1 2 3 0 1 4 1 1 1 4 1 0 4 4 1 1 1 0 4 4 2 3 4 0 0 0 4 0 3 3 3 4 1 3 2 4 4 3 2 0 3 3 1 4 3 2 0 1 0 1 0 4 4 1 4 2 2 0 2 0 4 2 2 2 3 4 3 2 4 0 3 4 0 1 3 3 0 3 1 0 4 2 4 1 0 0 3 2 1 2 0 2 2 2 1 0 3 4 4 2 1 4 2 1 0 0 2 1 1 3 3 2 2 0 3 3 2 3 0 0 1 0 2 0 4 3 2 2 4 1 2 0 1 4 4 3 1 1 1 2 4 2 0 2 2 3 0 4 4 2 0 2 0 4 2 1 3 4
4 4 2 1 0 0 2 4 4 3 2 2 1 3 4 3 0 3 3 2 3 2 2 0 4 2 1 1 3 1 2 4 1 2 2 3 2 4 2 3 0 1 1 3 4 2 1 2 1 4 4 1 2 3 3 1 0 4 0 1 1 4 2 4 1 0 2 1 1 1 1 3 2 4 1 1 2 2 0 0 2 0 1 1 0 4 4 1 0 1 4 3 1 1 2 4 3 4 2 0 2 1 3 1 0 2 0 4 4 0 4 3 0 2 1 1 1 1 4 2 2 0 0 0 1 0 0 2 1 4 4 4 0 2 0 3 1 0 4 1 1 4 1 3 1 3 1 0 4 2 4 3 2 1 4 1 1 1 3 3 0 2 4 3 1 4 1 3 0 0 1 3 1 2 1 0 0 0 2 1 2
1 0 2 4 1 3 1 2 3 1 4 2 0 4 0 4 2 3 1 0 1 1 1 1 0 3 3 0 0 0 2 3 2 1 3 0 4 1 2 4 4 3 1 4 3 2 0 0 2 4 0 4 2 4 2 2 2 0 2 0 0 2 0 4 3 0 4 0 3 3 4 2 2 3 3 2 2 1 4 4 2 0 0 4 1 2 2 0 3 4 0 0 3 3 2 4 3 1 1 2 2 0 1 4 0 0 3 2 3 2 4 0 4 4 4 0 4 3 1 4 0 3 4 3 1 1 4 0 0 0 4 2 3 2 3 3 4 3 3 2 0 2 2 0 3 4 0 4 2 3 3 2 2 3 3 3 1 2 0 3 3 1 2 1 4 2 4 3 0 4 3 3 1 2 3 2 1 0 1 1 1
0 0 3 0 3 3 3 1 1 4 4 2 3 2 3 1 3 4 3 3 2 1 1 4 1 0 3 4 2 1 0 4 1 0 1 0 3 4 3 1 0 4 1 4 1 4 0 4 0 3 4 2 2 3 4 3 3 4 2 0 0 2 4 1 2 0 3 3 2 1 4 2 0 0 1 3 2 3 3 2 4 4 2 1 2 3 4 1 2 4 3 4 3 0 0 1 2 1 1 4 2 2 4 3 3 2 3 2 1 1 4 0 3 3 3 0 1 4 3 0 3 2 4 2 2 2 0 4 3 3 1 0 0 0 0 0 2 4 2 0 2 2 2 2 2 0 3 4 2 3 4 0 2 4 4 4 3 1 1 1 4 4 3 0 4 4 0 3 0 3 1 4 2 3 2 1 1 2 0 3 2
2 0 0 3 0 1 1 1 2 2 3 3 0 3 2 1 0 3 3 0 1 0 4 4 2 1 2 1 1 2 3 3 0 3 1 0 2 4 3 1 1 1 0 4 1 2 2 2 2 1 4 3 1 4 0 0 0 4 3 1 2 1 2 2 2 0 4 4 0 4 0 3 3 0 2 1 0 0 0 4 3 0 0 1 4 0 1 4 4 1 2 3 2 4 2 1 2 3 2 2 0 0 0 0 2 0 1 4 2 2 4 0 2 4 3 1 1 1 0 2 2 2 3 1 4 2 3 1 1 2 0 3 4 2 3 2 2 4 1 1 1 2 3 0 3 1 1 4 2 3 2 4 3 2 1 4 4 1 0 2 0 2 0 0 4 3 2 4 0 0 2 3 0 1 4 3 2 2 0 2 1
4 1 1 1 4 0 0 2 2 3 3 4 0 0 3 4 2 4 1 4 2 4 1 3 0 0 2 3 0 4 4 1 3 0 2 4 2 2 2 4 2 2 3 3 2 3 4 1 3 0 2 2 1 4 2 2 1 1 0 3 1 1 4 1 3 1 0 0 0 4 4 3 1 2 1 0 0 0 1 0 0 1 4 3 0 3 0 1 0 2 4 3 3 0 4 1 1 1 1 1 1 0 4 4 2 2 2 0 2 3 2 4 4 4 3 1 2 0 4 2 3 0 0 1 0 1 3 1 3 1 0 1 2 1 2 1 4 4 3 3 0 3 3 1 2 3 3 4 3 2 2 1 0 4 0 0 3 0 4 3 1 4 4 3 0 3 2 1 0 0 0 0 3 0 3 2 3 1 2 3 1
1 2 1 2 2 3 0 2 2 3 3 1 4 4 4 0 3 2 0 0 2 2 1 2 0 3 2 4 2 1 2 3 3 0 3 0 3 3 4 1 4 4 4 0 0 3 0 3 3 0 1 0 2 2 0 3 2 2 4 0 0 1 0 3 1 3 0 4 4 1 2 3 1 2 3 3 2 1 4 0 1 0 3 1 4 3 1 1 2 0 3 0 3 4 3 4 4 1 0 3 4 0 3 2 2 2 1 1 0 2 4 3 2 2 4 3 2 2 1 1 4 0 1 2 1 2 3 0 0 1 1 4 1 4 2 0 3 0 3 3 2 2 2 1 1 3 1 0 3 2 2 2 4 0 2 2 4 2 3 4 0 4 1 1 0 0 3 4 0 2 2 4 1 1 0 3 0 1 0 3 0
2 2 2 0 1 4 4 1 2 1 1 3 2 0 4 4 3 3 1 2 2 0 1 4 2 1 1 0 1 1 0 4 3 2 1 2 2 0 3 1 3 4 2 2 1 1 1 2 1 2 1 0 4 2 4 1 3 2 1 0 3 4 1 4 1 2 1 0 4 1 4 0 2 1 2 4 4 1 3 2 3 4 2 0 2 4 1 0 1 3 2 2 2 0 1 0 2 4 3 4 2 2 4 4 0 3 0 4 4 3 3 0 3 0 0 2 1 1 4 3 1 2 2 0 2 3 3 2 4 1 3 1 0 4 2 0 2 3 1 4 3 4 1 3 1 1 0 3 4 2 3 3 1 0 3 3 0 3 2 1 1 2 2 1 1 1 3 1 1 1 2 0 0 3 0 4 1 3 2 0 0
2 0 1 2 4 1 4 4 1 0 1 3 4 2 2 0 3 0 2 4 2 2 2 2 4 1 3 2 0 0 2 2 1 3 4 2 0 0 1 1 0 2 1 4 2 3 4 0 0 1 1 4 0 3 1 0 1 1 4 1 4 2 3 2 0 4 4 2 4 2 0 4 0 2 0 4 2 0 4 3 3 2 4 1 1 3 3 2 4 2 1 0 4 4 2 2 1 1 1 0 4 2 2 1 1 4 0 3 4 1 3 0 3 3 3 4 1 1 4 2 0 0 3 2 1 0 1 2 4 2 0 0 4 4 1 0 3 3 1 0 4 4 0 2 4 0 4 0 1 0 3 3 2 3 0 3 0 1 3 1 1 0 1 2 4 4 3 2 4 1 2 3 0 4 3 0 4 4 2 2 4
2 1 1 0 3 1 3 0 1 4 3 1 3 0 0 2 0 3 4 1 2 2 2 2 2 4 1 1 3 4 2 1 2 0 3 0 4 1 2 0 3 0 4 1 1 4 0 1 4 4 3 2 4 2 1 3 3 2 0 1 3 4 2 0 0 3 1 4 4 3 1 4 4 0 0 0 2 3 3 1 2 1 0 3 0 1 2 3 1 4 2 4 3 4 0 0 4 1 1 4 1 3 3 0 0 1 2 2 4 3 1 3 4 3 4 2 0 1 2 1 0 4 2 0 1 2 1 0 0 2 1 2 2 2 2 0 3 2 2 4 0 0 4 1 4 3 3 1 1 3 4 3 2 1 1 3 4 2 1 4 1 2 1 1 4 1 1 4 0 0 0 2 1 0 3 2 0 4 3 4 4
4 2 1 0 3 2 4 2 3 1 1 0 4 2 2 2 3 1 4 0 4 1 1 4 2 0 1 3 0 0 2 4 0 0 0 0 2 1 3 0 4 1 3 4 3 0 3 3 3 3 3 4 1 2 0 3 2 2 3 0 4 0 4 4 1 4 2 0 3 2 1 2 3 1 3 1 3 2 1 3 2 4 3 0 3 3 4 3 2 4 3 2 2 2 3 0 4 0 0 2 2 3 1 2 4 0 3 4 4 1 3 3 3 1 3 1 4 4 1 2 4 4 1 1 4 4 1 0 2 3 4 1 2 0 4 1 2 4 1 1 1 1 4 4 2 3 2 3 2 4 2 3 0 0 1 1 2 2 3 4 1 2 2 0 3 1 3 0 3 1 4 4 2 3 0 1 3 2 2 3 3
1 1 1 2 0 4 4 2 3 0 0 0 2 2 3 1 1 1 4 2 0 3 2 0 0 3 1 2 0 4 3 2 2 4 1 2 3 0 2 3 0 4 4 4 2 4 0 3 0 4 2 2 4 4 3 4 3 1 4 0 0 2 4 4 3 0 4 3 0 1 2 2 2 3 2 4 2 4 4 3 4 2 2 3 1 2 0 1 3 4 2 0 3 3 0 3 4 1 1 1 4 0 4 1 3 3 3 1 2 2 1 3 1 0 4 3 3 4 1 1 0 0 4 3 4 1 1 3 2 4 4 3 0 0 4 0 3 4 1 3 2 4 3 3 0 2 3 0 3 2 3 3 2 2 1 3 3 2 1 2 2 3 0 4 3 2 4 4 1 3 4 0 4 2 1 1 2 4 1 0 3
0 4 3 4 0 1 0 0 3 2 4 3 0 3 3 2 4 4 0 4 3 1 4 3 2 0 0 3 2 2 2 4 1 0 3 4 3 3 1 3 3 0 1 0 0 0 4 1 4 4 1 0 2 0 0 4 0 0 0 4 2 2 3 1 4 4 0 2 4 3 3 4 3 4 4 0 1 3 1 3 0 2 3 2 2 3 2 0 0 4 1 4 1 0 2 2 1 4 1 0 2 4 2 0 1 1 0 2 2 4 2 2 1 0 1 1 0 0 3 2 4 4 4 2 1 1 4 2 1 3 0 3 4 4 4 0 0 1 0 4 2 2 3 4 0 0 2 2 0 0 0 2 1 4 4 3 0 1 2 1 4 4 0 0 3 1 1 4 4 3 0 4 0 4 0 0 1 2 3 3 4
0 0 0 1 0 0 1 3 3 0 2 2 2 4 3 0 2 4 1 0 4 0 1 0 0 3 1 2 3 0 3 0 2 1 1 2 1 3 2 1 0 1 1 2 1 4 2 3 3 0 4 2 1 2 0 1 2 1 1 1 3 1 3 1 2 0 0 1 0 3 2 0 4 0 4 0 4 3 1 4 3 0 4 4 4 4 3 1 0 4 4 1 0 3 4 0 3 4 1 0 4 0 0 4 1 1 1 2 4 2 2 2 4 1 4 3 0 2 0 2 3 4 0 0 4 4 0 4 4 3 4 0 4 1 4 2 2 3 4 3 2 3 1 2 4 2 2 1 1 2 1 4 4 1 1 3 1 4 3 2 2 4 2 3 1 4 2 3 4 4 4 1 2 0 0 4 4 3 2 0 0
3 1 1 2 4 0 0 3 0 4 3 4 3 3 0 2 1 1 1 0 0 0 4 2 0 3 1 3 3 3 1 3 1 2 2 0 2 2 1 2 3 4 4 2 4 4 1 0 2 0 2 2 0 4 1 0 4 4 1 2 2 2 1 0 4 3 1 4 3 4 3 1 3 2 3 2 2 2 0 1 2 4 4 2 3 2 4 3 2 0 2 1 4 3 2 4 4 0 3 2 4 1 0 4 1 1 3 3 3 0 1 0 0 2 4 0 0 3 0 2 1 3 0 2 1 2 1 2 4 1 1 0 0 2 1 1 3 0 1 3 2 2 3 4 0 2 0 2 2 0 1 0 3 1 3 2 1 1 1 0 0 3 3 0 2 4 1 0 1 4 0 4 1 3 3 3 2 0 0 1 1
1 4 1 0 2 0 1 0 2 3 0 0 1 0 2 1 3 4 4 2 4 3 1 4 4 1 3 4 2 1 2 0 0 4 2 4 1 3 0 3 4 2 0 0 0 4 3 0 0 3 3 1 3 1 2 2 2 0 4 1 4 1 4 4 2 1 1 4 2 3 4 1 0 2 3 0 1 2 1 2 2 1 0 0 4 3 0 1 0 4 0 4 0 1 1 0 2 2 4 1 0 3 2 0 2 1 3 4 0 1 3 2 4 3 4 3 3 1 1 4 0 1 0 3 2 1 3 2 0 4 0 0 4 3 3 2 1 3 1 3 4 1 0 3 1 1 1 0 3 4 1 3 1 1 3 0 0 1 4 0 2 0 3 2 0 1 4 3 1 2 1 0 3 1 0 4 4 3 4 2 2
0 3 0 4 3 1 4 0 2 1 2 2 4 1 4 2 0 2 3 2 3 3 0 1 0 2 1 3 1 0 3 4 3 3 3 2 1 4 4 4 0 3 3 2 0 3 4 2 0 3 0 1 3 2 2 4 4 3 4 3 1 2 2 4 1 2 3 2 1 4 3 3 3 2 0 0 0 0 2 2 0 4 3 3 4 3 2 3 1 2 1 4 4 0 4 2 2 4 2 0 4 0 1 4 2 1 1 4 3 0 4 3 2 4 2 1 2 1 4 1 3 3 0 0 3 1 2 3 1 4 3 2 2 1 3 1 3 1 1 3 1 2 4 0 1 3 1 4 4 3 0 3 1 0 0 1 2 2 4 0 4 0 4 3 1 4 4 1 0 2 2 3 4 1 4 1 4 0 2 3 3
2 3 1 4 3 0 3 3 4 0 4 1 4 2 0 3 3 1 3 1 0 4 0 1 3 3 2 0 2 3 1 1 1 4 1 2 4 1 2 4 2 1 2 1 0 2 2 3 1 0 1 1 1 4 0 4 4 2 2 2 2 3 3 4 2 1 3 2 3 0 3 0 3 0 3 0 0 0 0 3 3 2 4 4 1 1 1 0 1 3 2 3 3 3 4 2 4 4 4 2 4 4 4 4 2 3 1 2 0 2 2 3 4 3 0 2 0 1 2 3 1 2 1 1 0 3 3 4 2 3 4 4 4 3 3 1 3 0 0 4 4 2 4 3 1 1 0 3 4 4 1 0 1 4 1 3 2 2 0 2 2 4 1 1 4 1 0 3 3 0 4 2 0 0 2 3 2 2 1 1 4
4 4 2 3 2 1 3 4 1 2 1 2 3 3 3 1 3 3 0 0 2 2 2 3 0 2 2 4 3 3 0 4 2 3 0 0 1 3 4 4 0 1 1 0 1 1 1 1 0 1 3 2 1 1 2 3 3 4 4 4 0 0 0 4 0 0 4 1 0 1 0 2 4 3 2 0 4 1 3 1 4 1 4 0 4 3 0 3 0 0 4 0 2 1 4 2 2 1 0 2 2 2 2 3 0 1 0 1 2 3 3 4 4 4 1 4 4 2 4 4 4 0 4 1 1 1 3 3 4 3 3 3 0 0 1 2 3 1 0 3 4 0 2 3 1 3 4 1 2 3 0 1 3 2 2 0 0 2 0 4 2 3 2 4 0 0 3 1 1 4 4 0 1 1 0 3 1 0 1 4 0
3 0 4 0 0 1 2 2 1 1 2 2 0 1 4 0 0 2 3 1 1 0 4 4 1 4 1 3 0 0 0 4 2 4 1 2 2 1 2 1 2 1 0 0 2 4 2 4 2 1 2 0 1 2 0 4 3 1 4 4 3 0 0 0 1 3 0 4 4 4 0 4 0 2 4 4 1 3 1 0 4 3 1 3 2 3 2 1 4 4 2 4 4 2 1 2 2 3 1 2 2 3 1 4 0 2 1 4 0 4 1 2 2 4 0 2 2 4 0 3 0 2 2 1 1 1 4 3 4 2 2 4 1 0 0 3 4 1 4 2 0 1 4 0 0 1 4 0 2 4 3 0 3 3 1 4 1 0 4 0 3 4 1 1 4 2 4 1 0 1 3 1 2 4 3 4 2 4 1 1 3
0 1 1 0 3 2 3 3 1 3 3 2 2 4 2 4 4 3 4 2 3 2 4 2 2 0 1 1 2 2 4 4 4 2 1 4 4 4 2 3 4 3 0 1 2 4 0 3 4 2 0 2 4 4 1 2 2 2 0 4 2 0 3 3 4 4 2 4 0 1 4 4 4 1 1 2 1 3 0 0 0 3 0 2 4 3 4 1 3 4 0 0 1 0 3 1 1 2 2 1 3 3 1 3 4 4 2 2 2 4 0 3 2 0 0 2 0 1 0 3 2 3 3 1 3 3 2 2 0 1 3 4 1 1 4 0 0 3 0 3 2 0 3 2 2 3 1 2 4 1 1 3 1 1 4 2 0 3 4 0 1 4 1 2 1 2 0 3 0 0 3 3 2 1 2 4 4 0 3 0 1
4 4 0 3 0 2 3 4 1 0 0 2 4 3 0 1 0 4 2 2 2 2 4 1 4 3 2 4 3 3 2 3 4 4 3 1 1 3 0 4 3 3 2 2 1 2 1 3 3 3 0 3 0 4 4 1 4 1 2 2 1 1 2 2 1 0 4 4 0 4 4 4 2 3 3 0 0 4 0 1 2 0 4 4 1 0 2 2 1 1 2 0 3 4 2 1 2 3 0 2 0 4 3 2 2 2 0 0 3 2 1 3 3 2 4 1 2 2 4 0 3 1 0 3 2 0 4 1 3 2 4 3 1 4 3 1 3 3 3 2 2 1 2 0 0 1 4 2 3 3 2 4 1 0 2 3 0 4 0 3 1 1 2 4 0 0 2 4 0 2 3 2 3 0 0 3 1 1 2 2 4
2 3 0 2 2 0 2 1 0 2 4 1 1 1 4 1 3 0 3 1 3 3 1 0 0 0 3 1 4 0 2 1 0 2 3 3 4 2 1 0 0 3 3 1 4 2 0 4 2 0 2 2 3 4 2 3 1 1 1 0 3 3 2 4 2 2 4 2 0 0 2 2 3 2 0 4 0 0 4 4 1 1 2 1 2 1 2 3 2 3 1 1 2 0 2 4 2 1 1 4 1 0 1 2 3 2 3 0 4 2 1 2 1 3 4 3 2 1 4 4 1 2 2 3 2 1 0 4 2 3 1 1 1 2 0 4 1 3 1 1 3 2 3 4 3 4 4 0 2 0 1 4 2 1 4 1 2 4 1 0 0 2 3 1 1 3 2 3 1 3 1 1 2 1 0 0 3 2 0 0 4
4 4 2 0 4 3 2 0 1 4 0 0 2 1 4 0 3 2 4 3 0 0 1 3 3 1 1 2 4 2 1 3 3 0 0 2 1 2 3 4 2 0 0 1 2 4 2 2 3 3 1 0 0 4 3 0 0 0 2 1 4 1 1 2 3 1 0 4 4 0 1 3 2 3 4 4 4 3 4 2 3 2 4 4 1 2 1 3 4 1 2 3 2 3 1 0 0 3 2 1 3 3 1 0 1 0 2 0 1 3 4 4 0 0 3 3 2 2 1 4 3 3 2 0 4 3 2 1 3 1 4 1 4 0 4 2 0 3 4 1 3 0 3 3 0 1 3 0 0 4 4 3 0 3 3 1 4 3 2 2 4 1 1 1 3 2 3 3 0 0 2 3 0 0 3 3 3 1 3 4 2
4 2 4 2 3 2 1 1 4 4 0 2 2 1 0 4 2 1 1 2 0 4 4 2 4 2 0 0 2 1 4 1 1 1 4 1 3 2 2 3 3 4 2 0 3 0 4 2 1 0 1 3 1 0 0 0 0 2 2 2 1 4 1 2 0 2 0 3 4 2 3 3 3 3 0 3 3 0 0 1 2 1 4 4 4 1 1 4 0 1 3 1 2 4 0 2 1 0 2 3 4 3 1 3 1 1 3 1 3 4 4 3 2 0 4 3 1 2 2 1 3 3 0 0 2 0 4 1 1 4 4 0 2 2 0 0 0 1 1 1 0 0 4 4 0 3 3 3 0 2 1 1 0 1 3 0 2 3 3 0 2 2 2 1 1 0 1 3 1 2 4 3 4 3 4 1 3 2 1 1 2
2 4 2 4 2 4 3 2 2 0 1 1 2 2 4 2 3 3 0 2 2 3 1 3 0 4 3 2 0 1 4 3 0 4 4 3 0 4 2 0 4 4 1 1 1 3 1 2 1 3 1 0 4 0 0 4 4 4 3 0 0 3 0 1 4 1 1 4 0 3 4 4 2 3 2 1 3 0 0 4 1 1 1 0 1 2 4 1 1 2 3 3 2 0 1 3 1 2 0 1 3 1 2 0 4 1 3 2 4 3 3 0 2 0 0 3 4 1 1 0 0 4 0 0 1 2 3 2 1 3 0 4 0 4 0 1 1 0 1 2 1 1 2 3 1 4 3 2 0 0 2 0 1 0 0 3 2 1 2 3 4 3 3 1 4 0 0 2 2 1 4 3 2 1 3 1 0 2 3 2 2
3 0 0 3 2 3 2 3 3 2 0 3 2 1 2 2 1 0 0 4 4 0 4 3 4 0 3 1 0 1 0 0 1 0 0 3 1 4 4 4 2 4 2 4 2 1 4 1 1 4 0 3 1 4 1 2 1 1 0 4 2 0 1 0 3 2 1 1 1 0 0 3 1 4 0 3 0 4 4 4 0 2 2 1 1 3 1 0 4 1 1 4 4 2 1 2 4 2 0 3 4 0 3 0 1 3 1 1 2 0 0 2 4 4 1 3 4 2 3 1 0 1 2 4 3 3 3 0 3 3 3 2 0 1 0 1 2 3 0 4 0 0 4 0 2 2 3 1 4 3 2 1 4 4 1 2 0 4 2 3 0 0 2 0 4 4 2 1 2 2 2 3 4 1 3 1 3 3 0 4 1
4 1 0 1 4 2 1 0 0 1 0 2 0 1 3 0 0 4 4 4 2 2 3 0 2 2 4 0 4 0 1 3 3 1 1 4 1 4 0 3 0 2 0 1 0 4 3 0 0 2 4 2 2 0 3 1 4 4 2 0 1 0 0 2 4 2 1 0 1 1 3 2 4 3 0 4 4 0 2 0 2 3 4 1 0 4 3 1 0 0 1 2 0 2 4 1 1 2 1 2 4 4 1 0 0 3 1 1 3 0 1 1 4 3 2 4 2 0 3 0 2 4 2 0 3 3 1 4 0 0 4 1 4 2 3 1 1 2 3 4 2 1 2 1 4 2 3 4 4 1 4 4 2 3 4 3 1 2 2 3 2 3 2 4 1 2 0 2 4 3 3 2 0 1 0 1 0 3 0 4 1
1 3 4 4 4 4 2 4 1 3 1 2 2 0 3 4 3 0 4 1 0 1 3 1 1 0 3 2 2 3 3 4 3 4 0 0 3 0 4 2 3 2 4 0 0 4 1 3 1 0 4 1 3 0 0 2 0 3 4 4 3 4 0 2 1 1 4 1 3 3 0 1 0 1 3 0 0 4 3 1 2 0 0 2 2 0 4 2 3 0 3 4 0 4 1 3 2 0 4 0 0 0 3 0 1 3 3 2 4 3 0 1 0 0 4 2 0 0 1 1 1 0 0 1 4 3 4 1 0 0 3 0 0 1 2 4 4 2 3 3 1 3 2 1 1 1 1 3 1 2 4 4 2 1 0 3 1 1 1 3 4 4 0 4 2 3 0 1 2 3 2 0 2 4 2 3 2 0 1 3 2
3 0 2 1 2 0 3 4 4 3 3 3 4 4 1 4 0 4 1 3 1 2 2 0 1 2 2 1 1 3 3 1 3 2 2 0 3 2 1 2 1 1 2 2 3 0 1 0 0 4 0 3 1 3 1 4 2 3 0 3 3 1 1 3 3 1 1 3 3 4 2 1 3 0 0 1 0 1 3 2 1 3 1 4 3 2 4 1 2 1 1 3 4 3 1 3 1 4 3 4 4 1 3 4 1 3 2 3 2 0 1 0 0 4 4 4 3 3 2 2 2 3 0 1 3 4 1 4 3 0 1 4 1 1 0 4 1 2 4 0 4 2 0 0 1 0 4 1 0 1 4 2 1 4 1 2 0 2 3 1 4 1 2 2 4 3 1 1 2 3 1 2 0 2 2 2 4 3 3 1 4
4 1 2 4 2 1 4 4 0 2 4 3 0 1 3 3 0 1 0 3 4 2 3 3 1 2 2 4 3 4 0 2 0 3 3 4 4 0 3 1 2 4 0 2 3 0 0 0 1 3 3 0 2 3 4 4 3 3 3 3 4 4 0 4 4 1 3 0 1 4 4 3 0 1 1 3 1 3 0 4 3 0 4 1 4 0 2 4 1 2 2 0 3 4 2 2 0 2 0 1 1 4 0 4 0 3 4 3 3 0 2 2 0 3 0 1 4 4 0 0 1 4 2 2 4 4 1 4 2 1 1 0 2 3 4 2 3 1 0 1 1 4 0 1 3 2 0 4 1 0 1 0 0 3 4 4 3 0 0 2 4 1 4 1 1 1 4 4 2 1 3 3 1 3 1 1 3 1 0 4 4
1 1 4 4 0 0 4 3 2 1 2 1 1 3 2 4 4 2 1 3 2 1 1 0 2 2 3 1 2 0 0 3 3 1 2 1 3 4 4 0 0 3 1 3 1 4 2 3 3 0 1 0 1 2 2 1 1 3 2 3 0 2 1 3 3 0 1 1 1 0 3 2 0 0 2 2 1 2 2 1 4 3 3 1 2 0 4 3 0 1 3 0 3 1 1 3 3 2 1 0 0 4 4 0 4 3 4 2 2 1 3 2 1 1 0 0 4 4 0 4 0 3 2 0 1 3 3 0 0 4 0 0 0 1 3 0 4 2 2 2 1 3 4 2 4 4 0 0 3 0 2 0 1 4 0 2 2 3 2 4 4 4 2 4 0 0 1 0 4 1 2 0 4 3 0 0 2 0 1 2 2
0 2 3 4 4 1 3 2 0 4 3 0 1 4 2 3 1 2 3 2 1 3 3 4 0 3 3 0 1 2 0 3 1 3 4 0 1 2 4 4 4 2 1 0 2 3 4 0 3 4 4 4 4 2 1 0 2 1 2 1 4 2 1 0 1 1 3 4 3 2 3 2 0 4 0 4 0 1 1 3 0 0 4 4 4 2 1 3 4 4 1 0 1 3 2 4 4 0 1 4 0 4 4 0 1 1 1 1 2 2 1 4 4 0 0 3 0 2 3 1 3 0 1 1 0 0 1 4 3 2 0 3 3 4 0 4 0 1 2 4 0 3 3 4 1 1 4 1 0 4 2 3 4 0 4 1 2 0 0 0 4 1 0 3 2 0 4 3 3 2 2 3 2 3 4 0 4 0 1 4 0
0 4 1 0 3 3 0 1 3 2 2 1 3 0 4 0 2 4 4 1 3 4 0 1 1 1 2 1 2 3 1 3 2 0 0 3 3 2 1 1 0 3 0 3 1 1 0 3 0 4 1 3 1 1 2 4 2 1 0 0 0 4 0 4 4 2 4 2 0 0 0 2 4 2 2 0 3 2 0 3 4 1 4 0 2 1 1 0 2 1 2 4 2 2 1 3 1 0 0 3 1 3 0 0 0 2 0 4 2 0 4 1 1 3 3 0 4 4 0 4 2 2 3 0 1 4 3 3 0 1 3 3 1 4 3 1 3 0 2 0 2 4 3 0 2 1 0 4 0 1 3 3 0 3 3 2 0 3 2 2 1 0 0 2 1 0 1 2 0 0 4 4 4 3 4 2 4 4 3 0 2
1 0 3 1 0 2 3 0 4 0 2 4 2 4 3 2 2 0 4 3 4 3 2 2 2 1 2 4 4 4 1 2 1 1 4 1 3 2 1 2 0 0 4 2 0 2 2 4 4 1 2 3 0 2 3 4 3 2 3 0 1 2 2 4 3 3 2 4 3 0 3 3 1 4 2 3 1 4 2 2 1 2 1 3 4 4 2 2 1 3 4 4 0 2 0 0 2 2 1 0 2 0 0 0 4 3 3 3 4 3 0 2 0 3 0 1 4 0 0 2 3 0 1 0 2 3 2 1 0 4 2 0 1 4 0 2 2 1 2 4 1 0 1 1 3 2 2 0 2 2 2 2 4 1 2 3 4 4 0 0 0 4 0 1 3 2 4 3 3 1 2 4 1 3 2 2 0 1 2 4 1
4 1 0 2 0 4 2 0 1 4 0 0 4 4 3 3 3 1 4 1 3 3 0 4 3 2 1 4 1 1 2 2 4 3 0 0 4 4 2 0 3 4 2 2 3 0 2 3 4 1 2 2 2 2 3 0 1 0 1 4 3 4 1 2 4 3 4 0 2 3 0 0 3 2 4 3 4 2 4 3 0 1 3 2 3 1 2 1 1 1 0 1 0 3 4 1 2 0 1 1 4 3 4 2 2 3 2 1 2 1 2 3 2 0 0 2 3 0 0 2 1 0 3 3 1 2 1 3 3 2 1 4 0 0 1 4 4 3 0 3 0 2 3 4 4 1 2 3 1 2 2 4 0 0 4 1 0 0 1 0 4 4 4 4 0 2 0 1 0 0 4 2 0 0 4 1 1 3 1 4 2
3 0 2 4 4 0 1 1 3 1 0 3 0 1 3 2 1 1 4 3 2 4 0 2 3 2 3 1 3 2 3 4 2 3 0 3 3 1 4 4 2 4 2 4 2 0 3 3 3 2 2 0 3 2 3 1 1 1 4 2 1 0 1 0 0 3 4 0 4 0 4 3 2 1 2 4 3 0 0 1 4 4 4 3 3 2 1 0 0 3 2 3 3 0 4 0 3 0 0 4 0 0 2 2 3 4 2 4 4 2 2 3 1 1 3 1 3 0 1 1 3 0 4 3 2 3 3 0 3 0 1 1 2 3 3 1 2 2 2 3 4 4 4 2 1 2 4 1 4 2 2 2 3 2 2 2 2 0 0 3 3 1 4 0 0 2 3 2 0 0 3 1 0 4 1 1 1 2 2 3 4
2 0 4 1 0 2 3 0 2 3 0 0 2 1 0 2 4 0 4 0 3 2 2 2 0 3 0 2 2 3 4 1 1 0 2 1 2 1 3 1 1 4 2 1 0 4 0 1 4 1 1 2 3 3 1 4 3 4 3 3 2 2 4 3 3 2 1 2 0 0 1 3 4 0 4 1 4 4 2 4 0 1 3 1 1 2 2 2 1 0 0 3 0 1 4 0 0 0 4 2 0 0 1 1 2 0 2 2 2 2 3 4 3 3 0 1 0 2 3 3 0 0 2 0 2 3 2 2 0 1 2 3 4 3 4 1 0 4 0 2 1 0 2 1 4 2 2 1 2 3 0 2 3 4 4 2 2 1 0 4 2 2 2 3 2 2 0 2 3 2 0 1 3 4 2 4 3 1 2 0 1
2 4 0 3 3 2 0 1 4 2 1 3 4 4 0 3 1 0 1 4 0 2 4 1 1 0 4 0 2 2 1 0 3 3 3 2 1 1 0 0 3 1 1 4 3 1 3 4 1 4 0 3 4 4 1 2 1 3 2 4 0 1 1 0 4 1 2 0 4 0 3 4 1 4 4 4 2 2 1 1 3 1 1 4 3 3 2 4 3 4 0 0 0 1 0 2 0 0 2 4 0 2 1 3 3 0 0 1 4 1 4 4 2 0 4 2 0 1 4 0 2 4 0 0 3 1 2 3 1 1 4 3 4 2 1 2 4 1 0 3 2 4 0 2 2 4 4 4 2 0 0 1 0 2 1 3 3 0 3 1 4 4 4 0 2 1 2 1 4 0 2 2 1 2 1 0 3 2 2 2 3
2 3 3 4 2 3 0 4 3 1 3 2 1 3 1 4 3 3 3 0 2 2 1 1 3 4 4 3 1 3 1 0 3 1 4 0 4 1 2 4 3 2 3 1 1 0 0 1 0 3 1 2 3 4 0 1 3 4 4 4 4 2 4 2 3 1 0 4 2 2 3 2 1 2 3 2 4 3 0 1 4 1 0 2 1 0 0 1 1 2 3 0 4 2 2 0 0 4 4 3 3 0 2 0 2 1 4 3 1 0 4 2 1 4 1 4 4 4 3 0 1 1 2 2 0 1 4 1 1 4 1 1 4 3 1 3 1 1 3 3 3 2 2 4 3 4 1 4 3 4 4 1 2 1 0 2 2 0 3 0 1 1 2 2 2 3 0 3 1 3 3 4 2 1 1 2 0 4 1 0 0
0 3 2 3 3 1 2 0 2 0 1 3 2 3 0 2 0 4 1 0 4 2 2 0 3 1 2 4 2 2 4 4 2 3 2 1 0 2 3 2 2 0 0 1 0 3 3 1 4 1 3 3 4 3 4 4 4 3 4 2 1 3 1 3 2 1 1 4 3 2 1 2 2 3 3 4 1 3 2 2 0 1 1 1 4 2 0 3 0 4 2 3 0 4 4 2 0 2 1 0 4 4 2 3 2 2 3 1 0 2 3 2 3 4 3 4 3 4 0 1 0 2 4 0 3 3 4 0 3 2 0 2 1 4 3 1 3 1 2 4 0 2 3 4 2 2 0 2 3 0 3 0 0 3 1 0 3 2 1 3 2 3 1 0 0 4 1 3 2 0 4 2 3 3 3 2 2 4 4 2 1
3 2 3 3 0 4 3 0 0 2 2 0 0 2 0 1 4 4 3 4 3 2 2 3 3 1 0 4 1 4 0 1 2 1 1 4 0 1 4 2 0 1 2 0 4 3 1 0 4 1 1 4 1 1 3 4 2 0 3 3 2 0 1 1 1 2 0 1 1 2 3 1 3 3 4 4 3 2 4 2 4 1 3 2 2 3 1 4 1 4 0 3 1 3 4 3 3 1 1 4 3 0 0 2 0 4 3 3 4 3 2 3 1 0 0 0 4 3 1 2 4 3 0 0 2 4 0 0 0 2 4 1 4 1 3 4 3 3 2 2 1 1 2 4 1 4 1 2 4 3 4 3 3 1 0 0 2 1 0 0 3 1 1 2 0 1 1 0 4 0 4 3 1 1 4 4 2 1 4 1 1
0 4 4 2 4 0 1 2 2 1 0 1 4 4 1 0 0 1 0 2 0 0 0 3 4 2 0 0 1 1 1 1 2 1 0 3 3 2 1 0 0 1 1 0 1 4 0 3 0 2 3 2 2 3 2 2 0 4 2 3 0 1 0 4 2 2 3 0 4 4 2 0 2 4 0 0 3 2 4 1 0 4 0 2 4 0 4 2 4 4 0 0 0 2 1 2 0 4 4 1 3 1 1 3 2 3 3 3 1 4 4 1 3 1 0 3 1 2 0 1 1 2 3 1 0 4 0 0 1 1 1 1 2 0 4 2 0 3 0 1 2 1 4 3 4 0 1 1 4 3 4 0 0 4 1 2 0 3 4 1 4 1 3 3 3 2 0 3 0 0 2 0 3 1 3 3 3 1 1 2 4
0 4 1 1 2 4 1 0 3 3 1 1 1 0 1 3 0 0 1 3 4 3 3 0 3 1 1 4 2 0 0 4 0 1 0 2 2 2 0 3 0 1 4 3 1 1 3 4 3 1 4 4 4 2 4 4 4 2 3 3 3 3 0 0 2 2 2 4 4 2 2 1 4 4 1 2 2 0 1 0 3 0 1 3 3 0 2 4 0 3 4 0 1 1 0 0 4 4 0 0 4 2 4 0 1 0 2 0 2 1 2 1 1 3 4 1 1 3 2 1 3 4 1 2 0 3 2 1 2 2 2 3 2 1 3 0 3 3 1 1 4 3 2 2 2 3 1 3 3 0 1 2 4 2 4 2 2 1 3 1 1 2 0 0 0 0 0 4 0 3 0 4 2 2 4 1 0 2 1 3 2
2 2 2 1 1 1 3 0 1 1 3 4 1 3 4 4 3 3 4 2 0 1 1 2 0 2 4 2 3 3 1 0 2 3 3 4 1 1 1 3 2 4 2 1 2 3 2 2 4 1 1 4 2 2 4 4 1 3 3 4 3 0 1 1 0 4 2 2 2 0 2 2 4 1 3 3 4 0 2 0 3 4 0 3 1 4 2 3 4 3 4 3 3 3 1 0 2 3 4 2 3 1 4 4 4 4 4 4 1 1 1 4 0 1 4 4 2 4 4 2 2 0 2 2 3 3 4 3 3 4 2 3 2 1 2 2 2 1 3 3 4 4 4 2 3 4 1 0 0 2 4 2 4 3 1 3 3 0 3 1 4 0 4 4 3 3 1 0 1 4 0 1 3 4 3 1 0 1 4 0 0
0 4 4 4 0 4 2 1 4 1 2 4 2 1 4 1 4 4 4 0 1 0 4 3 0 2 3 1 3 1 3 4 2 3 0 3 4 2 1 4 0 0 0 3 4 0 1 0 1 0 1 3 3 2 3 3 1 3 2 0 4 0 1 2 0 1 2 0 0 0 1 1 2 1 1 1 3 2 2 2 4 3 2 2 2 0 1 3 3 0 3 0 2 4 4 3 2 1 0 3 3 1 1 0 4 2 4 3 4 3 0 0 3 2 3 0 4 1 3 2 1 4 2 0 3 1 3 3 4 3 1 4 1 2 0 1 1 1 1 0 4 1 0 2 0 0 4 4 1 2 3 4 1 3 0 2 1 0 2 1 1 3 0 4 2 2 0 3 3 1 0 4 4 2 3 1 3 2 2 1 2
1 3 0 1 0 4 2 0 1 0 3 4 1 3 3 0 0 1 1 2 3 2 3 1 1 0 1 3 2 4 2 0 2 3 1 4 2 4 0 4 4 0 0 2 0 4 3 1 2 1 3 3 3 1 4 1 3 2 2 1 1 4 1 1 2 3 0 2 4 2 1 3 3 3 1 3 4 1 4 2 4 4 0 2 3 1 4 1 3 1 4 1 2 1 2 0 1 3 2 0 0 0 3 3 3 1 4 3 4 0 2 3 0 4 1 0 0 2 1 0 0 1 1 2 4 4 4 0 2 3 0 4 3 0 0 4 2 4 4 1 4 3 2 1 2 0 1 4 2 3 4 4 1 2 3 0 3 3 0 2 3 2 2 2 4 2 3 3 1 4 2 2 2 4 4 4 4 0 3 3 0
4 2 1 3 2 3 2 2 0 4 1 2 1 0 4 0 3 2 3 2 4 1 1 3 2 0 2 4 0 2 0 1 1 3 4 4 2 3 1 4 3 2 4 1 2 3 4 2 0 2 1 0 0 2 0 2 4 0 2 1 2 4 2 4 2 4 0 1 2 3 1 2 1 0 1 0 3 0 0 3 2 1 0 3 4 1 2 3 1 4 2 0 3 4 4 3 0 1 4 3 0 0 2 3 2 3 3 0 3 3 1 3 2 1 3 1 4 0 1 2 0 3 3 0 0 4 3 0 1 0 0 1 2 3 1 0 3 1 2 4 2 3 2 4 2 0 2 1 0 0 1 2 1 4 0 1 3 0 3 4 0 4 2 3 4 3 0 4 2 2 3 4 1 0 3 0 2 0 3 0 0
4 2 3 3 4 4 2 0 0 3 2 1 3 0 2 1 2 1 3 0 0 4 1 2 2 3 0 4 1 0 2 1 4 0 1 4 2 3 1 2 4 3 3 2 1 0 0 3 3 1 3 3 0 1 1 3 4 3 4 3 3 1 1 4 2 2 0 1 3 1 3 2 2 3 4 3 0 4 3 3 2 4 4 3 2 2 3 4 0 2 2 0 4 3 4 3 0 2 4 3 3 4 2 0 4 1 0 4 3 4 4 2 0 3 0 2 0 3 1 2 3 3 2 4 3 4 4 1 1 3 4 1 4 4 4 3 2 1 2 2 0 1 0 2 2 0 0 4 1 1 2 4 2 1 0 0 2 4 1 0 2 3 4 3 2 3 1 1 4 0 4 2 3 4 4 2 4 1 2 2 0
4 3 2 2 3 4 0 2 3 2 1 3 1 4 2 4 2 3 1 4 2 3 3 1 4 2 3 1 4 2 1 0 1 0 3 4 4 0 2 4 2 0 2 4 0 4 0 4 3 1 4 2 1 4 4 1 1 4 4 1 1 0 1 2 0 1 4 1 1 3 1 1 3 3 2 0 0 4 0 0 3 4 2 4 0 1 2 1 0 1 4 4 3 3 1 0 1 0 2 3 3 0 1 4 0 0 4 0 4 4 0 2 0 3 2 0 1 1 4 4 3 0 3 1 3 1 2 0 4 1 0 4 1 3 3 3 3 3 4 2 4 1 2 0 1 1 2 0 2 3 4 2 4 4 1 2 0 0 4 4 1 1 4 4 4 4 2 4 2 3 4 2 0 1 4 3 2 1 3 1 0
2 4 1 3 0 0 4 0 0 0 3 3 1 4 3 1 1 2 0 2 1 4 2 4 3 2 3 2 1 0 4 0 4 0 4 1 0 0 3 0 0 3 1 4 2 4 2 0 3 2 2 2 2 1 3 0 4 2 4 0 2 3 2 3 3 1 4 4 1 4 1 4 2 2 3 1 3 2 1 4 4 4 1 1 2 4 4 1 1 0 3 0 4 1 3 2 4 4 3 3 0 0 2 2 4 2 0 3 4 2 2 0 3 0 2 0 4 3 4 3 3 2 0 4 0 4 2 0 0 0 3 1 2 2 0 2 4 1 0 0 0 4 0 3 4 4 0 0 4 4 0 0 2 1 4 4 0 1 4 2 4 4 3 3 1 4 0 2 2 2 2 2 1 0 0 0 4 0 3 4 0
3 1 4 4 0 3 1 4 0 4 0 4 2 3 1 3 4 0 0 1 3 2 0 0 4 2 4 2 0 0 4 4 1 3 3 2 3 2 3 3 1 3 0 0 1 3 1 2 3 1 1 3 1 1 3 2 3 0 4 1 0 3 0 4 3 0 3 2 4 1 2 0 1 2 3 2 0 4 0 1 2 3 4 0 4 0 3 4 0 4 0 2 0 2 1 0 0 4 4 4 2 2 2 3 1 0 3 4 1 0 0 3 3 1 1 4 1 1 3 3 0 1 1 2 0 2 3 2 4 2 2 3 1 1 4 0 1 2 4 4 2 1 2 2 4 0 1 1 1 1 4 4 4 2 1 0 0 1 2 1 1 1 1 4 2 0 4 0 2 0 4 1 3 4 3 3 1 1 4 3 3
0 2 2 3 0 4 0 4 4 3 0 2 4 1 2 0 1 2 2 1 4 1 0 0 1 3 1 3 4 1 3 1 0 2 4 1 2 1 2 3 4 4 0 4 0 2 4 1 2 3 0 3 4 2 0 3 2 3 1 3 0 4 4 0 3 1 3 2 2 0 0 4 4 3 3 0 2 4 1 1 2 3 1 4 0 1 2 4 0 3 2 0 4 2 2 4 0 1 2 4 1 2 3 1 2 3 3 0 2 1 1 0 0 3 1 2 1 3 2 1 3 4 3 4 3 1 3 3 2 0 0 0 0 3 3 2 2 1 2 4 3 1 1 0 1 2 2 2 2 4 1 0 1 4 4 1 2 0 2 1 0 2 2 0 0 0 0 4 4 4 1 2 0 4 2 1 2 1 1 4 1
2 2 4 3 3 0 1 3 2 4 4 4 1 1 2 4 1 3 0 1 4 4 3 4 1 2 3 4 3 4 2 2 1 1 0 0 4 3 0 1 3 4 3 1 3 0 0 1 0 2 4 0 1 3 1 4 0 4 4 0 0 1 2 2 3 2 4 2 1 4 0 1 1 3 2 1 0 0 2 1 2 2 3 4 2 4 3 2 0 2 4 0 1 1 4 1 0 0 0 3 2 0 4 3 1 2 1 3 2 3 1 4 2 1 0 4 0 4 3 2 3 2 3 4 0 2 0 1 3 0 4 2 3 1 0 4 3 3 4 2 1 1 3 4 2 4 0 0 0 4 2 0 1 0 0 2 0 2 0 0 3 1 2 1 2 4 2 2 2 1 4 0 4 0 1 4 1 2 4 1 1
3 1 4 1 3 3 1 1 3 3 1 0 0 2 4 1 1 2 3 4 3 0 4 3 2 3 4 4 4 2 0 4 1 1 0 4 0 3 2 0 1 3 2 3 0 2 1 3 1 1 3 4 2 2 0 4 2 4 0 3 4 2 4 0 3 0 1 3 0 4 4 4 2 1 4 0 0 1 3 1 2 1 1 4 0 1 0 4 2 0 4 1 2 4 3 3 4 0 1 1 4 2 0 1 1 0 1 1 3 0 3 0 3 1 2 4 4 4 0 3 2 0 2 4 4 2 2 0 2 1 1 3 3 4 0 1 1 3 3 4 0 3 1 4 1 3 0 2 0 0 2 2 2 4 3 1 2 3 3 1 1 2 0 4 1 2 3 4 0 1 3 1 1 4 2 2 0 2 1 0 4
3 4 2 0 2 0 2 2 4 0 3 3 0 0 4 2 3 3 0 1 3 3 2 4 0 1 4 4 2 1 3 2 2 2 2 0 0 1 4 1 2 3 4 4 3 0 4 3 0 4 4 3 2 1 2 4 4 4 3 1 0 3 0 3 3 3 0 3 4 4 4 3 4 0 3 4 0 4 2 0 3 1 3 2 4 0 1 3 1 1 1 2 4 2 2 4 0 2 2 1 3 3 0 3 3 3 4 3 2 2 3 2 3 3 1 0 1 4 3 2 0 2 1 1 4 3 1 1 2 0 4 1 4 4 1 2 4 0 3 3 4 3 2 0 2 3 0 0 2 0 2 4 2 4 3 3 4 4 1 2 4 1 0 0 2 3 0 2 0 3 0 0 3 3 0 2 3 2 2 3 2
0 2 2 1 0 2 0 1 1 4 3 2 4 3 4 2 3 3 0 3 1 0 4 4 2 1 4 4 4 2 1 1 2 0 2 4 3 4 1 4 4 4 3 3 4 4 3 0 3 3 0 4 0 4 0 2 1 4 1 0 4 4 1 1 0 0 0 0 4 3 1 0 4 4 1 4 3 4 4 3 4 4 2 1 4 4 3 2 1 1 2 0 0 0 3 2 0 0 4 1 4 0 2 0 1 3 4 2 4 0 0 0 0 0 1 1 4 1 0 2 2 2 2 4 4 2 4 4 3 3 2 4 4 4 4 2 4 1 4 0 1 0 0 3 2 3 1 3 4 1 1 3 0 3 3 4 3 2 0 1 2 0 2 3 4 3 1 1 1 0 1 3 2 4 3 4 2 2 3 4 3
1 2 1 1 0 0 4 4 3 2 4 3 4 2 4 0 3 0 1 1 4 1 3 0 0 0 2 2 0 1 2 1 4 3 2 1 1 2 3 4 4 2 2 1 4 3 1 0 1 4 1 0 1 1 0 1 3 4 0 3 3 2 1 4 3 4 0 4 3 0 3 4 2 2 0 4 2 3 4 3 3 2 0 1 0 2 4 4 2 4 2 2 3 4 1 1 0 1 0 3 2 0 2 1 4 0 0 2 0 4 0 0 3 1 1 4 3 0 3 2 4 2 4 0 1 0 1 3 4 2 1 3 4 1 4 4 1 2 1 1 3 1 2 2 4 0 1 0 1 4 2 2 1 4 2 0 1 4 3 0 3 2 0 2 3 2 1 4 4 4 2 2 1 1 1 2 2 2 2 0 3
2 4 2 1 2 2 2 3 2 0 3 4 2 0 4 4 4 3 0 3 3 0 1 1 1 4 3 1 1 0 4 3 0 1 1 4 0 4 2 3 1 0 4 3 2 4 0 1 4 0 0 4 0 3 1 4 2 1 0 1 2 4 4 4 3 3 3 3 4 0 3 0 2 0 3 4 4 0 3 0 1 3 0 3 1 1 4 1 4 4 2 1 1 3 2 1 1 0 4 0 2 0 0 4 0 1 1 1 3 4 1 4 4 3 0 2 1 4 3 1 1 0 4 4 1 2 0 2 2 1 0 0 1 2 1 3 3 2 1 4 1 3 3 0 3 0 0 0 2 3 1 3 1 0 2 4 2 2 1 0 0 1 2 4 4 3 2 4 1 4 3 4 4 4 0 2 1 2 4 3 0
0 1 3 3 0 2 0 4 1 2 0 4 4 4 0 3 3 2 4 4 2 3 0 1 0 0 0 2 4 3 0 0 2 0 0 2 0 0 4 1 3 1 0 2 2 1 2 0 3 3 2 2 2 2 4 4 2 1 4 2 4 1 4 1 1 4 1 3 1 2 4 4 3 0 4 0 3 3 2 3 2 4 0 1 4 1 0 1 2 1 0 4 4 1 0 3 2 3 1 4 0 1 0 0 3 1 2 3 0 0 1 2 1 3 3 0 2 0 4 4 4 1 3 3 3 1 1 2 1 3 1 2 1 4 4 4 0 2 4 2 4 2 4 2 0 4 3 2 2 4 4 1 0 4 4 0 2 3 3 4 3 1 3 4 2 2 0 0 1 4 2 0 1 4 3 3 3 3 3 2 2
2 3 4 3 3 2 3 3 2 4 1 3 2 0 3 1 0 3 3 1 0 0 2 1 3 0 2 3 3 4 2 2 3 2 3 3 1 1 1 3 2 2 3 1 4 1 2 1 1 2 2 4 0 4 0 3 1 2 2 0 2 1 2 2 3 2 0 1 3 3 1 2 2 0 3 3 3 3 4 0 2 1 4 2 2 1 3 3 4 0 3 3 1 3 2 2 0 4 0 1 2 2 3 1 4 4 4 4 2 0 4 4 3 0 2 0 2 0 3 3 2 4 3 0 4 0 4 1 4 0 4 3 4 3 1 3 2 0 2 1 2 4 0 0 1 4 0 0 4 0 0 3 1 3 4 0 0 0 2 1 0 1 1 1 1 2 4 0 4 4 1 1 0 4 1 1 3 1 2 0 4
2 3 0 3 2 1 0 3 0 2 0 3 3 4 2 3 0 4 2 4 3 4 4 2 0 3 2 4 2 2 3 1 1 0 1 0 3 2 0 0 1 3 4 1 2 3 4 2 4 2 4 2 3 0 1 0 3 4 1 0 3 1 4 1 2 0 2 0 2 4 1 3 2 2 0 4 2 1 4 1 3 3 4 3 3 2 4 4 3 0 1 2 2 0 0 1 1 2 1 0 4 4 1 1 1 3 3 3 4 4 0 0 2 1 3 0 3 4 4 2 2 3 1 1 3 1 2 1 1 3 2 0 3 0 3 1 3 3 0 4 2 2 4 4 3 0 2 3 1 3 2 3 1 3 1 2 0 3 3 3 4 2 3 2 2 3 0 2 2 0 4 1 4 0 1 4 2 0 3 4 0
0 4 2 4 1 4 1 4 4 4 3 2 4 2 1 4 3 1 1 0 0 0 0 0 1 4 3 3 2 4 3 0 3 2 1 1 1 2 1 3 3 1 0 4 4 3 3 4 4 2 4 1 2 4 4 0 1 4 0 0 3 3 0 3 1 3 0 4 0 3 2 0 4 2 1 0 3 2 4 4 4 1 1 3 2 2 0 3 1 0 1 1 3 3 4 1 2 1 1 4 4 3 0 1 3 3 3 1 0 0 2 1 1 3 4 3 0 1 4 3 1 0 4 2 0 1 3 2 2 1 2 4 0 4 2 0 2 0 3 3 2 0 4 3 1 1 4 3 4 3 2 3 0 1 0 0 2 0 0 2 2 2 3 4 1 2 4 3 4 2 3 2 4 0 0 0 1 4 4 2 4
1 0 1 4 0 4 4 3 4 1 0 1 1 4 4 3 0 4 2 4 3 4 3 3 2 4 1 3 3 3 0 1 4 3 0 1 2 4 4 3 2 1 1 3 2 0 3 2 0 3 1 3 4 0 3 1 4 4 2 4 4 2 0 3 2 2 2 0 2 1 0 4 3 2 0 0 4 0 0 1 3 1 1 3 3 4 1 4 0 0 3 0 4 0 3 2 3 0 2 2 4 4 1 4 1 3 4 3 4 1 4 4 3 1 4 1 0 3 1 1 3 1 1 3 4 1 0 2 4 4 4 0 3 2 4 2 3 0 0 2 2 4 3 0 0 3 3 3 1 1 4 4 0 2 4 4 3 1 1 4 0 2 4 1 1 3 0 4 1 0 3 3 1 2 0 4 0 3 2 3 2
1 4 2 3 1 3 3 2 1 0 3 3 4 1 4 0 1 4 1 3 2 4 4 1 1 3 1 4 0 1 3 3 3 2 3 4 0 4 1 1 4 1 4 0 2 1 2 0 0 3 3 4 4 0 1 0 0 4 2 3 3 0 1 1 3 2 0 0 1 3 2 2 0 3 2 4 4 0 0 1 0 0 1 2 0 4 2 3 3 1 1 1 2 2 4 2 1 1 4 2 0 1 4 2 0 4 1 4 1 3 3 1 4 4 3 1 0 3 1 3 4 2 2 3 2 3 2 3 0 2 1 0 0 2 2 0 3 0 2 4 1 0 3 2 1 3 3 1 3 2 1 0 4 3 3 1 2 3 0 4 2 3 1 2 2 0 0 1 0 2 2 1 4 0 3 0 1 4 3 4 1
4 4 2 0 0 4 4 3 1 3 2 4 4 1 3 4 1 4 1 0 2 3 4 4 3 1 0 4 4 2 2 1 1 0 1 1 4 0 1 2 3 0 3 2 2 1 3 3 3 4 1 0 4 2 1 0 1 4 4 0 1 2 1 2 4 4 1 0 4 4 2 2 0 0 1 2 3 4 2 1 1 3 3 2 1 0 2 4 4 4 1 2 3 3 4 2 4 2 2 4 2 1 1 2 1 0 4 4 1 3 1 2 2 1 0 0 1 2 4 2 3 0 4 1 0 1 3 0 3 2 1 2 3 2 4 1 4 0 1 1 4 4 0 1 0 0 3 4 0 4 3 3 4 0 2 2 1 0 4 1 0 0 4 3 4 0 0 4 1 3 2 0 4 2 3 1 0 3 2 2 2
1 0 3 1 4 2 4 0 1 2 0 3 3 0 3 4 2 4 0 0 1 2 1 0 2 3 0 0 2 2 2 3 0 2 1 4 0 2 1 1 0 3 0 0 1 0 4 3 4 1 1 2 3 2 2 2 2 0 2 0 2 1 0 4 4 4 1 4 3 2 2 3 3 2 1 4 4 0 2 3 2 3 0 2 3 0 0 0 0 4 2 4 1 0 1 0 4 2 1 2 1 3 3 4 3 4 3 2 1 3 1 0 3 3 0 1 0 0 4 2 1 1 2 2 3 0 4 4 2 0 2 3 4 2 0 4 3 0 1 1 0 4 2 4 0 2 0 0 4 1 0 0 0 4 0 3 4 4 3 3 2 2 1 3 1 3 2 4 1 0 2 1 0 4 0 2 3 3 4 2 4
4 0 4 3 2 0 2 3 3 0 0 2 4 0 3 4 4 4 0 0 1 2 2 1 4 4 1 2 3 1 4 0 1 0 3 0 0 3 3 0 0 1 2 4 1 2 1 1 1 1 3 0 0 0 3 0 4 4 2 4 0 3 4 3 4 3 3 4 3 4 2 3 0 1 0 3 4 1 1 2 4 4 2 0 1 0 2 0 0 1 2 0 0 1 4 4 1 4 0 1 3 2 0 3 4 0 4 3 3 0 0 4 2 3 1 3 3 3 1 0 0 3 1 0 1 2 4 0 1 1 1 0 4 3 0 3 0 1 3 3 4 3 3 1 3 4 1 4 0 2 4 0 2 2 2 1 4 3 1 3 4 4 3 3 3 0 3 3 2 1 4 3 2 4 4 2 0 0 1 0 0
3 0 4 0 4 0 2 2 3 0 2 3 0 2 1 2 1 1 1 4 0 4 3 4 0 1 0 3 4 2 3 2 0 4 0 4 0 4 2 3 1 1 3 3 0 1 0 1 3 4 3 3 3 1 0 1 2 2 4 4 4 4 3 1 3 3 1 0 4 0 4 0 3 4 0 3 1 1 2 4 2 0 4 2 3 1 3 1 3 2 0 0 1 3 3 2 4 4 2 0 1 3 3 1 3 3 0 4 1 4 0 3 1 4 1 4 1 4 2 1 4 2 3 2 3 2 4 4 3 4 1 0 2 4 3 2 3 0 1 1 4 1 0 0 3 3 2 4 4 4 2 0 4 1 3 4 3 4 3 1 3 4 3 3 1 2 0 4 2 4 2 4 0 4 4 0 4 1 4 4 3
2 4 2 3 4 1 3 4 1 1 4 0 0 2 1 4 0 2 1 4 2 0 1 1 2 2 1 0 3 2 3 0 3 2 0 3 3 0 2 1 2 3 4 2 1 2 1 3 2 4 2 4 2 3 2 4 2 3 1 1 2 0 1 1 4 4 4 0 4 3 1 3 1 0 0 4 3 3 2 0 0 1 4 2 0 1 3 2 2 4 0 1 4 4 2 1 3 3 1 4 1 2 3 0 3 0 4 1 1 4 3 1 0 2 3 2 0 1 2 4 2 2 1 2 1 3 3 1 2 1 1 0 3 1 2 1 1 4 4 2 3 2 0 0 1 0 3 2 3 2 3 1 4 4 0 3 0 0 4 4 1 2 1 4 3 4 3 2 3 2 1 3 0 2 3 3 2 3 0 1 0
4 4 2 0 4 2 2 4 1 1 0 1 3 4 1 4 2 3 2 2 0 0 4 4 3 2 1 4 3 4 4 4 3 3 1 4 0 4 3 4 2 3 0 0 0 1 1 4 0 3 1 2 3 0 1 4 3 4 3 3 1 4 4 4 3 0 4 3 1 4 2 4 3 4 1 0 1 3 4 3 3 1 0 2 3 3 3 3 2 1 1 3 2 2 0 0 3 1 1 1 0 3 2 0 0 1 0 1 4 2 1 2 0 3 1 3 3 1 2 0 4 0 1 2 3 1 2 3 4 3 4 4 4 4 2 4 0 4 2 4 1 0 3 1 0 2 2 3 0 4 3 0 1 1 2 4 4 1 2 3 2 4 0 1 3 2 2 3 1 1 4 0 3 4 1 3 3 0 1 4 1
1 4 3 3 3 2 2 4 2 3 1 3 0 2 3 2 1 1 0 4 2 2 2 1 1 0 2 1 1 1 3 0 2 1 0 0 0 2 4 4 2 1 2 2 0 2 1 4 3 4 3 2 1 1 1 2 3 3 1 2 1 4 2 3 2 2 3 4 1 4 4 1 0 3 3 3 1 2 4 1 1 2 4 2 0 0 2 1 0 3 3 1 4 2 4 1 4 4 2 2 3 3 3 1 2 4 1 0 1 0 3 2 4 4 1 0 1 3 1 1 3 1 4 2 3 0 0 4 4 3 1 0 1 2 3 0 1 4 2 2 4 3 4 0 2 0 2 4 1 0 2 1 1 2 1 4 4 1 0 4 1 2 1 0 4 4 2 0 3 0 4 4 3 3 4 0 0 2 1 3 2
1 0 1 0 3 2 4 4 3 0 3 0 1 0 1 0 2 3 0 2 2 4 2 2 1 0 4 3 1 3 2 4 0 3 4 3 1 4 4 1 4 4 1 1 4 4 3 2 2 4 1 1 0 4 3 1 4 2 1 2 2 4 2 4 4 3 2 2 2 4 3 4 3 1 2 3 0 0 2 4 1 3 2 2 2 0 3 3 0 0 1 4 1 0 4 0 3 1 0 1 2 3 2 1 2 4 1 4 4 0 4 1 3 1 3 1 4 3 1 1 3 2 0 4 2 4 2 3 3 2 1 0 2 3 3 1 2 1 1 3 1 2 4 0 0 4 3 4 3 4 2 3 4 3 0 1 2 4 1 2 3 2 3 0 0 1 4 2 3 0 1 4 2 2 1 4 4 4 1 2 1
3 2 0 1 2 3 1 3 0 3 1 2 3 4 3 0 3 2 0 3 0 1 2 3 3 3 2 4 4 1 0 3 0 0 1 3 4 2 1 4 3 0 1 1 4 1 3 2 1 0 2 1 2 1 4 2 4 3 3 4 1 4 4 2 1 0 2 0 0 0 1 0 0 0 3 1 1 4 3 2 4 2 1 3 3 2 2 0 1 1 1 4 0 0 1 1 2 0 4 4 1 0 1 3 0 0 0 4 4 0 3 0 3 4 4 3 2 1 0 0 2 1 1 4 3 3 3 1 0 2 2 3 4 4 2 2 1 2 1 0 4 1 0 2 3 1 3 2 3 3 4 2 0 0 4 3 0 2 1 1 4 1 4 0 0 1 2 1 0 0 3 0 2 0 4 2 2 2 4 2 3
3 4 3 3 3 3 4 2 2 2 3 3 1 4 0 0 3 3 2 4 3 4 3 3 1 0 2 3 4 4 3 4 1 3 2 1 2 3 4 1 0 4 1 4 3 1 4 2 1 3 3 1 3 1 4 4 1 4 4 2 3 3 1 4 1 0 3 0 1 2 1 3 3 4 2 2 2 3 1 3 2 4 4 2 0 1 1 3 0 0 0 0 0 3 2 4 0 0 4 1 4 3 0 2 2 4 1 0 0 2 0 4 3 2 1 3 0 2 1 2 4 3 2 0 3 1 1 4 1 0 0 2 0 2 2 3 4 3 0 4 3 0 3 1 4 4 2 4 3 0 1 4 1 1 1 4 2 2 3 1 3 4 0 0 3 2 3 2 3 0 3 3 3 1 4 2 2 3 4 2 4
0 2 2 3 3 1 1 1 0 4 1 1 4 1 1 4 2 4 2 2 2 0 2 1 1 0 0 2 4 3 3 1 0 0 0 0 1 3 1 3 4 4 4 3 1 1 2 3 2 1 2 1 1 0 4 0 2 0 2 3 0 0 4 0 0 1 2 3 1 4 2 0 3 3 1 1 1 3 1 3 0 4 2 3 1 1 0 3 1 2 3 1 4 4 3 1 1 1 0 4 2 4 2 2 4 3 4 1 1 0 1 3 1 3 4 4 2 4 4 3 4 2 2 3 2 2 2 0 3 4 4 2 3 1 0 4 4 1 0 3 3 4 3 2 4 4 1 1 4 1 2 0 3 4 3 2 3 2 2 2 1 2 1 4 0 3 1 2 1 1 0 0 2 0 4 4 0 0 0 1 3
4 1 4 0 1 1 4 4 4 3 0 3 4 2 0 0 3 2 1 1 4 1 4 0 0 0 2 3 0 3 1 2 1 0 2 2 4 1 3 0 4 4 3 1 1 3 1 1 3 2 2 2 1 3 4 3 3 1 3 1 1 0 3 4 2 0 2 3 4 0 3 3 1 3 1 4 2 2 0 2 2 0 4 3 3 1 3 4 4 2 2 1 4 0 2 3 2 4 2 1 2 0 2 0 4 3 0 3 3 0 0 0 2 1 0 1 2 3 2 2 2 4 0 1 1 2 0 3 4 2 0 3 4 2 3 3 2 3 3 0 1 3 0 3 2 2 1 4 1 0 3 3 4 0 2 0 3 2 4 4 1 1 4 0 0 2 4 2 3 2 3 4 3 0 4 0 3 3 1 1 3
2 1 0 2 3 0 2 0 1 1 1 4 0 2 4 0 3 2 3 0 2 4 0 2 0 2 2 3 4 3 2 1 0 4 3 3 4 3 1 3 4 2 2 2 1 4 4 4 1 2 2 3 3 4 2 3 2 0 4 1 3 3 4 0 2 4 4 3 2 0 3 4 4 1 1 1 2 0 2 3 4 1 3 4 1 2 2 3 4 3 1 3 1 2 0 3 1 4 2 4 1 0 3 1 3 1 4 0 3 3 0 4 0 0 3 1 3 2 1 2 1 2 2 2 4 3 3 2 4 2 1 1 2 1 4 3 4 0 0 4 3 1 0 3 1 3 1 1 3 2 1 1 4 0 3 0 0 3 3 0 0 1 3 3 0 4 3 4 4 3 1 2 4 1 3 3 2 4 1 0 2
2 1 3 0 1 4 0 2 4 0 2 0 0 2 0 1 0 2 0 4 3 0 0 1 0 0 3 4 4 0 3 3 3 2 3 2 3 4 4 4 1 1 4 4 1 2 0 1 1 1 2 1 3 0 2 3 2 3 4 1 0 3 0 4 2 3 3 2 4 2 1 1 0 2 0 1 4 2 0 2 3 4 3 3 4 3 1 4 1 3 0 1 1 2 2 3 3 0 0 2 4 3 0 0 0 2 3 0 0 0 2 0 0 3 1 1 1 2 2 4 2 3 2 3 2 2 3 0 2 0 0 2 3 2 4 4 2 4 1 4 2 0 1 2 3 2 0 1 2 3 2 4 3 0 3 2 2 3 3 1 4 0 0 2 4 1 3 1 1 4 0 3 0 2 2 0 4 4 2 3 4
4 3 2 1 3 2 0 1 0 2 0 2 2 0 1 4 0 0 2 0 2 2 2 1 1 2 3 0 4 1 2 1 4 4 4 2 1 0 1 3 2 1 2 1 3 1 0 4 3 4 1 0 3 3 2 4 0 0 2 2 1 4 0 3 0 4 2 4 4 3 4 1 2 2 3 0 0 0 1 3 2 4 3 0 2 2 0 0 2 2 2 1 1 2 1 1 1 3 2 1 2 2 4 4 4 4 1 4 0 0 4 4 4 2 4 4 2 1 4 1 0 3 2 3 0 0 2 3 4 4 1 3 1 1 4 2 0 0 3 2 2 2 3 2 2 3 3 4 1 2 0 2 0 0 2 2 0 4 2 1 4 4 4 2 0 3 0 2 1 3 0 3 1 0 2 3 3 0 4 2 4
4 1 1 1 3 0 2 3 3 3 4 2 0 1 4 0 3 1 1 2 3 2 3 4 4 3 4 2 2 1 3 3 2 0 0 1 2 4 1 0 4 0 4 4 3 3 2 2 0 3 1 0 0 4 4 2 4 1 1 3 2 4 3 2 1 0 0 4 4 1 1 1 3 1 2 3 1 4 2 1 3 3 4 0 4 0 4 3 1 0 3 1 0 2 3 1 4 0 2 4 1 4 0 1 2 2 4 3 4 2 2 2 0 1 4 0 1 4 0 0 4 1 1 1 3 1 3 2 1 0 3 4 1 0 2 3 0 3 2 4 0 4 3 3 2 2 0 3 3 2 0 3 3 1 4 3 4 4 3 2 2 3 3 0 4 0 4 4 4 3 0 1 4 3 1 1 2 1 1 1 1
2 1 4 0 2 0 0 4 3 4 1 1 3 3 0 0 2 1 4 2 3 1 1 1 4 2 4 3 1 2 4 3 3 0 3 2 0 0 1 3 2 4 2 2 3 4 2 2 1 2 0 4 0 3 3 4 3 4 2 4 1 3 2 1 4 2 3 4 0 2 0 4 1 2 1 1 1 3 4 4 0 1 1 2 4 4 4 4 3 3 3 1 2 2 2 3 2 2 4 4 1 4 3 3 3 4 1 2 4 2 1 2 3 2 4 0 3 3 1 3 4 0 1 3 4 0 1 1 3 0 2 4 2 0 4 2 1 3 4 1 0 1 3 1 0 4 3 1 0 4 1 4 4 3 4 1 3 0 4 3 2 2 0 4 4 4 2 1 4 3 4 0 4 4 1 2 0 4 3 0 0
4 1 2 4 0 3 3 2 2 1 0 4 1 1 1 3 0 4 2 4 3 2 0 4 0 2 4 1 2 2 2 4 0 4 3 3 4 1 0 3 0 2 0 1 4 1 1 1 0 4 0 0 3 1 4 1 0 0 2 3 4 1 2 0 2 0 0 1 4 0 2 4 3 2 2 4 3 4 0 3 0 1 3 3 4 4 4 4 1 4 2 1 2 1 3 0 2 3 3 3 0 0 2 0 2 1 4 2 0 2 0 2 0 0 1 4 1 2 3 0 3 3 3 1 4 1 3 3 1 3 3 3 1 0 4 0 4 0 3 1 2 0 4 2 3 2 3 1 1 4 1 0 2 4 3 3 2 3 4 3 3 2 4 4 0 3 0 1 0 0 2 3 2 1 2 0 3 1 4 0 2
0 2 1 2 0 1 4 0 0 0 3 0 4 3 2 4 0 3 4 0 2 4 4 4 2 0 2 0 4 4 2 1 1 3 3 1 4 3 1 2 0 2 4 4 0 3 3 2 3 4 4 0 4 3 4 1 0 4 1 1 3 0 3 0 3 3 3 4 1 2 1 3 4 2 2 4 0 2 3 3 2 2 4 1 0 0 4 1 4 2 2 3 2 2 0 2 1 3 3 4 0 2 3 4 4 2 0 2 2 3 0 1 0 1 4 3 2 3 1 3 2 3 1 1 3 1 3 4 0 3 0 2 0 3 2 2 3 2 4 0 3 4 3 3 3 2 1 0 0 2 0 2 3 2 3 3 0 3 2 2 1 4 0 4 0 4 1 3 1 0 0 4 1 3 0 1 0 3 3 2 3
4 4 3 1 4 1 3 4 0 1 0 4 3 1 4 2 4 4 0 1 4 2 3 4 2 4 4 2 0 1 0 4 2 3 2 1 1 0 0 1 3 3 3 3 1 2 0 1 4 3 2 3 0 2 3 2 4 4 4 4 1 2 3 0 0 0 2 2 2 4 0 1 4 3 4 1 3 2 4 2 0 1 2 0 4 2 4 0 2 3 4 0 2 2 0 3 4 4 2 1 1 4 2 0 0 4 3 3 1 2 2 1 1 1 1 2 4 0 2 3 0 1 3 3 0 0 3 4 0 2 0 1 3 0 3 3 4 4 3 0 3 0 3 4 4 4 1 3 1 3 3 3 1 1 3 1 3 1 2 3 0 3 1 4 0 2 4 4 1 3 1 4 0 1 1 4 0 2 4 3 3
2 1 1 3 2 0 4 0 2 4 1 2 1 2 2 0 1 3 3 1 1 4 2 2 0 1 4 0 1 4 0 0 3 1 4 0 1 0 0 4 4 3 3 0 0 1 2 4 1 0 2 3 0 4 2 2 3 2 2 1 1 4 1 4 1 2 4 4 2 2 0 2 0 4 4 3 2 2 4 3 4 1 1 1 1 4 4 1 3 3 2 1 3 3 1 1 3 2 0 0 1 1 2 2 2 4 2 4 3 1 2 2 4 1 4 0 2 0 3 0 0 2 3 3 1 1 4 1 4 2 1 2 0 1 4 2 0 3 3 3 4 0 2 1 3 3 1 0 3 2 2 4 4 1 4 2 2 1 3 3 3 2 1 0 0 2 2 0 3 0 0 4 2 4 0 1 3 4 3 3 1
1 4 0 4 4 0 1 2 3 2 0 0 0 2 0 2 1 2 0 3 4 0 0 1 0 3 4 4 2 4 2 0 4 3 4 0 3 2 2 3 4 4 1 4 1 3 4 2 1 4 0 2 1 2 3 4 3 4 3 0 4 3 0 0 1 4 0 1 3 2 1 3 3 2 2 4 1 1 3 4 3 0 1 1 4 2 0 2 3 1 2 2 4 4 2 2 0 4 3 4 1 4 4 4 4 1 0 0 0 3 4 0 0 2 1 0 1 2 2 0 0 2 4 4 3 4 1 1 3 1 0 0 2 4 1 1 2 4 3 4 4 4 4 0 4 1 2 0 0 1 2 0 3 4 1 4 3 2 0 1 0 2 3 4 3 2 3 0 1 1 0 0 3 1 0 2 2 4 4 4 1
4 1 1 3 2 0 1 1 2 2 1 4 3 3 2 0 1 0 1 4 0 1 4 1 4 1 1 3 3 2 1 2 4 3 0 1 3 1 3 1 0 1 2 0 4 0 0 2 0 3 4 2 2 3 0 1 2 3 1 0 1 3 2 2 3 4 3 1 2 3 4 2 0 2 3 1 4 0 1 1 4 0 0 1 3 2 4 2 1 2 2 4 2 1 1 0 0 1 4 2 0 3 2 2 2 2 3 3 4 4 1 3 1 1 1 2 4 0 4 2 0 4 1 2 0 4 0 3 0 4 2 2 4 1 4 4 0 0 2 0 4 1 0 3 2 2 0 3 4 4 0 4 3 3 4 1 4 4 4 2 3 1 4 4 0 1 3 0 1 3 0 2 1 1 0 3 3 0 4 2 2
1 4 0 0 3 1 1 4 2 3 4 4 0 3 4 1 4 1 4 4 2 3 0 3 4 0 3 1 4 2 3 1 1 4 3 1 2 4 0 0 0 4 1 0 0 2 3 4 3 4 3 0 2 3 0 1 3 3 0 0 3 3 1 1 4 1 3 2 0 0 4 2 0 0 4 0 4 2 1 2 1 4 0 1 4 0 4 4 1 4 4 1 3 2 2 4 3 0 1 1 3 0 3 3 2 3 0 1 2 1 1 1 2 1 2 1 3 1 2 1 1 4 2 1 1 0 0 0 2 4 1 0 1 1 0 4 4 0 2 2 3 3 3 0 4 0 3 0 3 1 1 1 0 4 2 3 1 0 3 3 1 1 1 2 0 1 3 4 4 1 3 2 1 1 0 3 3 3 3 4 1
4 0 3 3 0 2 1 0 0 0 3 4 3 0 4 1 4 0 0 2 4 0 3 2 2 1 3 2 1 2 4 1 2 2 1 2 4 3 4 2 0 2 3 3 0 2 4 1 4 2 3 3 4 3 3 1 2 1 3 3 3 4 4 2 2 3 2 3 1 3 0 1 3 3 1 3 2 2 4 2 1 4 2 2 2 0 0 1 1 1 0 1 0 1 4 4 4 1 3 0 4 0 3 2 1 1 2 3 4 1 2 2 2 0 0 2 2 0 3 1 1 3 2 2 0 1 1 4 4 1 2 4 2 0 3 3 2 1 3 3 4 3 0 4 0 0 1 2 3 4 3 4 0 1 3 2 4 2 3 4 3 0 0 2 3 3 2 2 1 1 0 3 4 2 2 4 0 3 3 3 4
2 2 4 0 1 1 1 3 0 0 3 2 0 1 0 1 3 4 4 1 1 2 2 4 4 3 1 2 2 4 2 1 1 3 3 4 2 4 4 2 0 3 1 2 1 4 3 1 3 0 3 0 2 2 1 2 1 4 1 3 3 0 1 1 1 4 3 3 0 2 0 0 2 3 0 3 2 0 2 1 0 0 3 3 2 1 2 0 0 0 0 0 1 1 1 2 2 1 2 3 4 2 0 3 2 2 4 0 3 1 3 3 3 3 3 2 1 2 3 1 3 3 3 4 2 1 3 4 3 0 4 2 4 2 2 1 4 1 3 2 2 1 3 0 1 3 3 2 1 3 0 4 1 3 0 3 0 0 0 3 2 4 2 3 3 4 4 3 3 0 2 2 3 0 0 0 1 0 2 2 3
3 3 4 1 0 0 3 0 0 3 2 1 0 0 0 2 1 0 2 3 2 4 2 0 4 2 1 4 4 0 2 2 3 4 1 3 4 4 0 1 0 4 4 0 4 1 4 2 1 1 3 4 3 0 1 2 2 2 2 3 2 1 3 2 0 1 0 1 2 2 4 2 1 1 0 2 2 4 4 1 3 4 2 3 4 3 0 3 0 4 4 4 3 2 1 3 0 3 2 2 0 3 0 1 4 0 3 4 1 4 0 1 4 2 4 0 2 2 4 2 1 0 3 4 4 4 0 4 2 4 1 2 2 3 0 4 0 3 3 2 4 3 0 0 2 0 1 4 2 2 3 0 2 1 2 1 2 2 0 4 1 3 3 0 4 0 4 4 0 2 3 4 2 4 0 1 1 1 2 0 3
0 0 2 3 2 3 0 1 0 1 4 0 4 0 4 1 1 4 1 1 2 1 3 3 3 2 4 4 4 4 4 2 0 3 2 4 1 3 1 3 4 2 3 1 2 3 2 4 4 4 2 3 2 2 2 0 4 3 1 1 3 0 3 0 3 0 1 1 0 2 1 2 0 4 3 4 4 2 0 3 3 2 4 0 0 1 0 1 1 1 2 4 3 2 1 3 3 3 4 0 2 0 2 4 2 2 4 1 0 1 2 3 4 3 1 1 1 1 2 2 0 2 2 3 4 3 2 4 3 3 0 1 1 4 0 0 2 4 3 4 3 2 4 4 0 0 0 1 4 4 4 4 1 3 4 3 3 3 2 2 2 4 3 0 4 3 0 3 0 3 2 3 1 1 4 3 2 4 0 1 0
1 2 4 4 1 4 2 0 1 1 4 3 4 1 2 0 1 0 2 1 4 2 4 0 1 3 4 2 3 2 4 4 4 3 0 3 2 4 0 1 1 4 4 2 0 3 4 3 0 1 4 4 0 1 4 1 4 4 3 2 3 0 3 0 3 0 3 3 4 3 1 2 4 2 2 1 0 1 1 0 0 2 1 0 3 0 4 2 1 4 1 0 4 4 0 0 4 0 0 1 0 1 3 4 3 2 2 0 4 3 2 1 2 3 3 1 0 2 3 2 4 2 4 3 1 1 0 3 3 0 1 3 3 1 4 3 4 1 3 0 1 2 1 3 0 1 1 1 1 0 0 0 2 1 0 0 4 1 0 2 1 1 0 2 0 1 0 4 2 4 1 0 1 2 0 4 0 2 0 1 4
2 1 3 3 2 0 2 0 1 4 3 4 1 0 4 2 1 0 1 2 1 3 0 0 3 4 3 0 1 4 1 0 3 4 3 2 0 2 2 3 3 0 4 4 3 1 3 4 3 1 3 0 4 3 2 3 3 0 0 1 2 4 2 0 3 2 2 0 0 4 0 3 1 0 0 1 1 0 0 4 2 3 1 1 4 1 1 4 3 4 0 0 0 4 0 0 2 4 1 4 3 3 4 2 3 4 3 1 2 1 3 4 1 1 2 0 2 1 4 3 2 2 3 2 1 1 2 0 0 0 4 1 4 4 3 4 0 3 3 2 1 1 3 3 4 3 0 4 1 0 2 3 4 2 2 2 3 1 0 4 2 4 0 3 0 0 2 3 0 2 0 2 3 1 0 0 1 2 4 2 4
3 2 3 0 1 3 4 2 3 0 1 4 2 4 0 4 4 3 4 1 0 3 2 3 0 2 4 3 3 3 2 1 0 1 1 1 1 2 1 4 2 2 3 1 2 0 0 3 3 0 4 1 3 1 4 4 0 4 2 3 2 1 4 0 2 3 3 0 0 4 4 0 4 3 1 3 3 2 1 4 4 0 0 4 2 4 0 4 0 4 3 0 1 4 0 0 2 3 1 0 0 0 2 4 0 0 4 1 4 0 2 3 0 2 0 4 3 0 4 1 0 4 1 1 3 1 3 1 1 4 3 3 2 0 2 4 0 3 0 0 3 2 0 4 1 0 0 2 1 1 3 3 0 4 1 4 2 4 2 3 1 0 2 3 2 1 2 2 0 0 4 3 4 0 4 3 2 2 0 0 3
0 3 1 4 4 0 3 1 4 1 4 4 0 2 3 4 1 2 4 3 2 4 3 4 1 3 1 3 3 2 3 0 0 4 4 2 1 2 0 2 0 4 1 3 3 1 2 1 4 1 2 1 2 2 0 3 0 3 3 0 0 4 0 3 0 4 2 4 3 4 1 0 3 0 3 3 1 0 1 0 3 3 3 1 0 0 1 0 4 2 2 1 1 2 4 1 1 3 2 1 2 4 4 2 4 2 2 0 0 4 3 3 4 1 1 2 2 0 4 1 2 2 4 0 4 1 3 3 4 1 4 4 0 0 1 4 0 4 1 0 0 4 0 1 1 4 3 0 4 3 3 3 0 2 3 4 3 3 2 3 4 4 4 1 4 0 0 4 1 4 1 3 3 2 0 1 1 3 1 2 1
1 0 1 4 0 1 2 3 0 2 0 4 1 1 1 4 4 0 0 3 2 1 3 1 1 2 4 4 0 1 3 2 3 4 1 3 2 0 3 0 0 3 4 3 2 0 2 1 3 0 4 2 1 4 3 2 1 2 3 2 0 1 4 3 1 2 3 0 2 1 0 2 2 2 1 1 4 0 2 2 0 3 1 1 2 4 0 1 3 4 0 3 0 4 3 3 1 1 4 0 0 1 0 4 3 3 0 0 3 2 4 4 2 1 2 1 2 0 2 3 4 2 1 1 3 0 0 1 3 1 4 0 2 4 4 3 2 4 3 0 3 2 1 2 0 1 4 3 1 3 1 0 1 4 3 1 1 3 0 0 4 4 0 4 3 2 4 2 1 4 4 2 3 1 4 4 4 3 2 0 4
0 2 0 4 0 3 3 1 3 0 2 2 0 1 2 4 2 4 3 1 4 0 0 2 1 1 1 2 0 1 1 0 0 3 1 2 1 4 3 0 4 1 4 2 4 2 1 2 1 4 0 0 1 0 2 0 3 0 2 3 3 3 3 3 3 2 3 4 3 1 1 3 4 3 2 1 0 0 3 3 2 3 1 3 1 0 3 1 1 2 0 4 2 0 0 0 2 3 2 1 1 0 1 3 3 0 4 0 0 4 1 2 4 2 3 2 4 3 4 0 1 4 2 3 4 4 4 4 4 3 2 2 3 3 0 4 0 1 4 0 0 2 0 0 4 3 2 4 3 1 1 4 2 0 0 2 4 4 3 0 4 0 3 2 0 0 3 0 2 0 2 2 2 2 4 2 2 2 3 1 0
1 2 3 4 2 2 0 3 0 1 2 0 1 2 0 1 0 2 0 0 4 0 3 2 4 2 1 3 2 4 4 0 2 4 4 4 1 0 0 3 1 2 0 2 1 2 0 2 4 1 4 3 3 4 2 2 1 1 3 0 0 4 1 4 3 0 4 1 0 1 1 3 3 1 2 0 3 3 4 4 1 3 4 4 0 2 3 1 0 1 4 0 0 0 0 0 0 1 3 3 2 4 1 2 2 4 4 2 4 3 1 0 4 1 1 4 0 4 2 0 3 1 0 0 1 2 3 4 0 1 2 4 3 3 2 0 4 1 3 3 2 1 0 1 2 1 2 2 3 4 4 3 1 0 3 4 4 3 3 2 2 0 1 0 1 3 2 0 2 2 1 4 4 1 2 3 3 4 3 3 0
2 1 3 4 1 3 4 0 3 1 2 1 4 4 2 0 3 4 2 1 0 3 2 4 2 2 4 1 0 2 3 3 0 2 2 3 2 3 3 0 1 2 3 1 3 2 1 2 2 0 3 4 3 2 0 0 4 4 3 0 3 3 0 0 0 4 4 4 3 4 2 1 2 0 4 0 3 2 4 2 2 2 3 2 1 4 4 1 0 4 3 4 3 0 4 0 4 0 0 4 0 2 1 4 2 2 1 2 0 1 4 2 0 3 2 2 4 1 0 4 1 0 3 4 0 0 1 4 0 1 1 0 0 2 1 0 1 3 2 1 4 4 1 4 2 3 3 1 4 3 0 2 3 1 3 3 3 0 0 3 3 1 1 1 0 2 1 1 2 3 0 1 2 1 3 1 4 1 4 0 2
2 3 0 0 3 1 3 3 3 3 4 1 4 0 1 4 1 4 1 1 4 3 1 0 3 4 1 4 4 2 1 3 2 4 3 0 2 1 1 2 4 0 3 1 0 4 0 1 0 1 4 0 1 0 2 4 2 4 1 1 3 4 4 0 0 4 2 4 0 3 1 1 3 4 2 3 0 4 1 1 1 3 3 4 0 0 1 2 1 4 3 4 0 4 4 1 3 2 0 0 2 4 2 1 3 1 1 4 1 0 2 2 3 0 3 3 0 1 1 2 0 1 3 1 3 0 2 1 2 4 2 1 3 1 2 4 2 4 0 3 1 2 2 4 2 1 4 4 2 0 3 0 4 2 1 2 2 0 3 1 1 2 2 2 0 0 1 3 1 1 1 2 3 1 3 2 2 2 1 1 0
0 1 4 4 4 1 1 1 1 2 3 1 1 0 1 3 1 4 4 2 3 3 2 4 3 4 3 1 2 1 3 4 0 2 3 4 0 4 1 3 3 1 4 0 1 1 3 4 2 0 1 2 0 0 1 4 1 1 2 3 3 0 3 3 4 1 4 4 3 0 2 1 1 4 1 4 0 2 3 4 2 1 2 2 1 0 3 2 2 2 3 0 2 1 0 3 4 4 2 2 2 2 4 0 1 2 0 3 4 0 4 3 2 1 3 0 2 1 0 1 1 3 3 3 1 3 4 0 4 3 3 1 0 4 4 3 3 1 3 0 1 3 3 3 1 1 1 0 0 1 1 1 1 4 1 2 4 2 2 4 1 2 2 1 3 1 2 2 2 2 2 4 0 2 4 2 1 0 4 3 3
1 1 4 2 2 1 2 0 1 1 3 3 3 1 2 0 3 1 4 1 0 3 3 4 0 2 0 0 2 3 1 3 1 0 0 4 2 4 1 3 0 1 3 1 2 2 3 1 3 2 4 0 1 4 0 1 2 2 3 4 3 4 4 4 2 1 0 4 1 3 4 3 4 2 4 2 2 2 3 2 0 4 3 3 3 0 1 0 2 1 1 0 3 2 0 0 4 0 1 2 4 0 0 3 4 2 0 3 4 0 1 1 1 4 1 0 1 2 2 3 1 4 1 4 3 3 1 2 3 2 1 4 4 2 0 0 4 2 4 0 0 0 2 1 1 0 1 2 0 1 2 1 2 3 2 0 3 3 3 2 0 1 3 1 3 0 1 4 3 2 0 3 4 4 1 0 4 0 4 4 1
4 0 3 4 4 3 3 2 3 2 4 0 0 2 0 3 4 0 1 3 0 1 3 4 4 0 0 4 0 0 0 1 2 3 0 4 4 0 1 4 2 3 4 0 0 0 3 1 2 1 0 2 4 3 3 3 0 0 3 0 2 3 3 0 4 4 4 0 1 2 4 4 0 1 4 3 3 4 4 0 2 1 4 1 1 4 4 2 4 4 4 2 0 3 4 1 4 0 1 0 2 2 1 0 3 0 0 1 1 1 3 3 3 2 1 1 1 3 3 3 2 3 0 2 3 4 0 4 1 1 4 3 1 1 0 4 3 0 3 2 2 1 0 2 1 4 3 2 2 4 0 4 4 2 4 2 3 1 1 4 0 2 0 1 3 2 2 4 3 0 1 2 4 3 1 0 2 1 4 4 0
2 1 4 4 2 3 3 3 4 4 3 2 4 1 2 2 4 1 2 4 4 1 0 3 4 0 2 0 0 4 1 2 2 2 3 4 1 1 4 2 3 0 4 4 1 4 3 0 2 0 2 2 3 2 2 4 3 4 0 0 0 3 4 2 2 2 3 3 1 3 1 4 3 2 3 4 1 2 2 4 4 4 3 0 1 0 4 1 1 1 1 2 1 0 4 4 0 3 2 1 3 3 0 3 3 0 4 4 4 1 0 4 0 0 1 4 2 0 0 4 4 4 3 0 4 4 4 4 2 2 2 2 2 4 0 0 0 0 2 4 1 4 0 4 0 1 3 2 2 0 3 1 4 1 3 1 1 3 2 0 0 0 0 4 4 0 2 1 0 4 1 4 0 1 3 2 3 3 2 2 0
0 0 0 4 3 3 2 1 0 4 3 2 4 0 2 0 2 3 2 3 1 1 0 0 1 3 3 1 0 2 2 2 4 2 1 2 0 0 1 2 0 1 0 1 3 4 1 0 4 1 0 1 2 1 1 1 4 1 2 1 0 4 3 4 3 2 1 0 4 4 0 4 3 0 1 1 1 4 4 0 0 4 3 0 0 4 1 1 2 0 2 2 2 3 1 0 2 0 3 1 1 0 1 4 0 4 3 3 0 2 3 3 1 2 3 4 3 1 0 3 1 0 2 3 3 1 1 0 1 1 1 4 1 4 1 3 0 4 1 1 1 1 1 4 0 4 3 1 0 1 4 3 1 1 2 4 2 0 1 0 1 4 2 4 4 3 2 1 2 0 2 0 1 0 1 2 4 0 3 1 1
4 0 4 0 4 3 0 1 1 2 4 0 4 3 4 2 2 1 1 2 0 3 0 1 0 2 2 2 2 4 0 1 1 4 4 2 4 1 3 0 3 4 0 0 2 2 2 1 0 1 3 2 1 3 3 3 3 3 2 0 4 2 4 2 3 3 4 2 4 4 2 4 3 0 4 2 2 4 3 2 2 1 4 3 1 0 2 1 0 4 2 4 4 3 1 2 3 2 2 2 3 4 3 1 1 3 3 0 4 3 2 1 4 4 4 2 1 3 4 3 0 3 2 1 1 0 0 4 4 2 3 2 2 3 0 0 1 0 1 2 3 0 3 4 1 0 3 2 0 2 2 0 2 4 3 0 1 4 4 2 1 4 1 0 3 1 1 1 3 2 4 3 4 2 2 1 4 1 0 0 0
3 2 0 4 1 0 1 0 0 0 3 1 2 4 4 0 2 1 4 4 2 2 0 1 2 1 1 0 2 1 2 0 3 2 1 1 3 2 1 0 0 0 1 2 1 3 4 3 4 3 4 3 3 4 4 2 1 0 2 0 1 1 2 2 4 3 3 4 3 2 4 3 4 0 2 0 3 1 0 4 2 4 4 0 3 4 2 1 4 1 1 3 2 0 2 3 4 0 2 4 4 1 4 0 4 1 0 4 4 0 1 1 1 0 3 0 4 0 3 4 3 2 4 3 2 1 1 3 3 4 4 0 0 3 0 4 4 3 1 1 0 2 2 2 2 1 4 2 3 2 3 4 4 2 2 4 0 3 2 0 2 2 0 0 2 3 1 4 1 2 0 1 4 2 0 2 0 4 4 1 4
4 0 3 3 2 2 3 2 2 0 0 1 1 0 3 4 3 2 2 1 4 0 0 2 1 4 4 0 0 0 4 4 2 0 2 4 4 2 2 3 3 4 4 1 1 0 2 4 4 4 0 4 4 3 3 0 2 2 3 3 0 4 2 2 1 2 4 1 1 3 4 4 2 1 2 0 3 4 4 2 0 2 1 0 0 4 2 2 4 2 2 1 4 2 0 0 4 4 1 0 4 3 2 3 1 4 3 4 1 0 1 1 2 0 3 2 4 3 1 0 0 1 1 4 3 2 0 2 3 3 4 3 3 1 1 1 3 2 0 4 2 4 2 4 4 1 3 0 4 1 1 4 2 4 1 0 3 3 4 2 3 4 2 2 2 0 3 0 2 1 1 1 0 4 2 4 0 0 1 1 4
4 2 3 4 3 1 2 3 0 1 2 1 0 1 1 3 1 1 2 2 0 4 4 4 1 0 1 4 2 2 0 1 4 3 2 0 4 2 3 2 0 2 0 1 3 1 4 0 0 1 4 0 2 4 1 4 1 4 0 3 1 0 2 2 3 4 4 0 1 0 4 2 2 4 0 1 3 1 3 3 4 2 0 2 3 3 1 0 2 1 0 0 3 2 4 3 2 4 3 0 4 4 4 3 1 4 4 4 0 2 4 0 2 1 2 0 4 0 2 1 3 3 1 1 2 0 4 1 1 0 2 2 1 1 1 2 3 0 3 0 0 2 0 4 0 4 1 4 1 4 2 4 4 3 2 1 1 4 3 2 1 2 0 2 0 1 0 3 3 3 4 0 3 1 4 0 1 1 0 2 0
2 4 1 3 3 2 4 2 0 3 3 2 3 1 3 1 3 3 0 3 2 0 3 4 2 4 2 3 1 4 0 3 0 1 3 4 3 2 1 1 1 2 0 1 0 0 3 3 4 0 3 3 2 2 2 4 1 1 4 2 3 4 2 3 2 1 2 1 0 1 4 3 0 4 2 0 0 0 0 1 2 3 4 4 0 4 4 3 0 3 2 3 0 2 4 2 0 3 0 0 1 4 1 1 1 3 3 3 0 3 4 2 4 0 1 1 4 2 0 2 3 4 0 3 1 4 2 1 0 3 4 1 4 2 3 2 0 1 0 0 2 1 4 1 2 2 2 1 0 4 3 0 4 1 0 2 2 2 1 2 2 0 4 4 2 4 1 4 0 2 1 4 3 0 0 0 2 0 4 4 1
4 4 0 0 4 3 3 4 4 2 1 1 1 0 0 2 4 1 0 1 2 4 1 4 2 4 3 4 0 3 0 4 4 1 0 4 1 0 3 2 4 1 0 3 4 0 0 3 3 0 1 0 2 4 1 4 3 4 3 3 4 0 0 4 1 0 0 4 2 0 3 3 1 3 1 2 0 2 0 3 4 3 0 1 3 1 2 3 3 0 4 2 1 4 3 4 1 3 1 0 3 1 3 0 0 0 4 2 4 2 3 3 0 3 2 0 2 4 1 0 2 0 4 0 4 3 1 0 1 2 0 2 4 0 2 1 0 3 0 4 0 3 0 1 4 2 3 3 1 4 0 3 4 4 3 0 4 0 2 3 4 4 0 0 0 4 1 0 2 4 2 3 2 2 1 3 4 4 1 2 1
1 3 0 3 1 3 2 3 0 2 3 0 2 3 2 1 2 2 4 1 1 4 0 3 0 4 4 1 2 4 2 1 2 0 4 3 3 3 4 0 1 2 0 0 2 2 2 1 2 1 2 3 0 0 4 2 1 0 3 3 4 3 1 1 3 2 2 1 3 1 1 1 0 4 1 2 3 3 4 2 1 3 3 3 3 2 0 1 2 1 2 4 4 3 2 2 1 4 0 4 2 3 0 2 4 1 2 0 2 3 2 3 1 0 4 2 4 4 0 4 2 2 3 3 1 0 0 4 2 2 3 4 3 0 4 2 3 1 4 0 1 2 1 4 4 0 1 1 1 4 0 4 1 0 2 2 2 0 1 4 4 1 1 2 3 0 2 2 3 1 4 4 0 0 3 2 0 2 3 4 1
0 0 4 0 4 2 4 4 0 1 1 4 2 0 2 4 4 4 2 1 1 3 3 1 3 2 4 0 0 3 3 2 3 3 4 2 2 4 4 4 0 0 3 2 2 3 3 2 4 2 0 0 0 3 2 3 1 1 1 3 1 1 1 4 1 2 3 3 1 2 3 1 4 3 0 4 1 3 1 1 0 1 1 2 1 3 3 4 1 4 0 2 2 3 3 4 0 2 2 2 1 2 0 3 1 3 2 4 1 0 0 4 3 2 3 4 2 1 1 1 2 1 0 0 4 4 4 4 3 3 3 1 1 4 1 4 2 0 3 0 0 4 1 0 3 0 2 2 1 3 0 4 1 1 1 0 2 0 1 2 3 0 3 1 1 2 2 0 2 1 2 0 2 4 2 2 1 4 1 2 2
2 3 0 3 4 0 0 1 4 2 2 1 2 3 4 1 3 4 4 4 1 1 3 2 3 2 3 3 3 3 2 2 1 3 0 3 0 2 4 4 1 1 2 1 2 1 2 0 0 3 1 4 4 1 1 0 0 2 0 3 0 2 3 3 2 0 1 0 3 3 4 1 1 4 4 3 0 2 0 3 2 3 2 4 4 0 4 4 4 4 0 4 3 0 0 3 0 3 3 0 1 2 2 0 3 3 0 4 2 1 2 0 4 1 4 1 1 3 2 3 4 4 2 4 4 4 2 0 3 0 0 1 3 4 1 3 3 2 2 2 0 4 2 1 2 3 4 1 3 2 4 2 3 3 2 3 3 4 0 1 0 0 4 0 2 1 3 2 0 3 4 0 4 4 3 2 2 3 3 1 2
4 3 0 2 2 3 0 4 3 3 4 1 3 1 3 1 1 2 3 4 1 0 4 0 3 1 0 3 1 1 0 0 1 1 2 4 1 0 3 2 0 4 3 0 2 3 1 3 0 1 3 3 1 4 1 2 2 1 0 3 4 1 0 0 4 4 1 0 4 1 2 0 2 2 0 4 0 4 3 2 0 3 3 4 4 1 1 1 4 1 4 3 4 4 0 3 3 2 1 0 0 3 2 3 1 4 2 3 0 2 3 3 2 3 2 1 4 0 2 3 1 3 3 3 4 3 1 0 2 2 2 3 3 4 1 1 3 0 1 1 3 4 4 2 2 3 1 3 3 0 1 1 4 4 4 0 3 3 2 0 2 4 0 2 3 1 3 4 2 0 0 2 1 1 4 1 4 2 4 2 3
3 0 4 4 0 4 4 0 2 2 2 3 2 0 2 4 0 3 3 2 0 0 1 3 1 2 2 4 3 1 2 3 1 3 3 3 2 2 3 1 4 3 0 2 0 4 3 0 4 1 3 4 3 4 2 4 3 1 0 3 2 4 2 0 2 2 4 2 4 4 0 1 2 0 0 2 4 3 0 0 1 3 4 4 4 3 0 4 4 1 2 3 2 1 4 2 3 0 4 3 4 4 1 4 2 1 1 3 4 3 4 2 3 3 1 2 4 1 3 3 4 1 4 4 2 3 1 1 0 2 1 4 1 2 0 3 3 4 2 4 2 3 1 1 3 4 0 2 2 4 3 4 0 2 3 4 2 4 2 2 1 3 3 4 0 4 0 0 3 4 1 2 2 4 3 0 3 4 3 1 3
3 2 0 0 0 1 4 1 4 3 4 2 1 0 0 2 0 2 2 4 4 0 3 3 0 1 4 4 4 2 4 4 4 1 4 1 3 3 2 4 3 3 1 4 3 3 4 1 1 3 2 2 3 1 0 4 2 1 0 3 3 2 2 4 0 3 0 0 3 4 4 1 4 3 2 3 1 1 4 2 0 1 4 0 4 2 1 3 0 4 1 4 3 0 0 3 3 3 1 1 2 0 4 2 3 2 2 0 0 3 4 0 4 1 3 1 0 4 4 0 0 3 1 3 3 2 4 4 0 0 2 4 2 2 3 1 4 0 3 1 0 4 4 0 0 2 3 0 3 2 1 4 0 2 2 4 1 1 0 3 3 2 3 1 4 3 4 0 1 2 2 1 3 1 3 4 0 1 1 3 1
4 2 1 4 2 2 0 0 2 1 4 0 4 2 1 4 1 2 0 3 1 2 3 4 0 4 4 4 1 4 0 2 4 1 1 1 1 4 3 0 0 4 2 1 1 4 0 2 3 1 2 1 0 1 0 0 0 1 4 3 0 1 1 4 0 4 2 1 3 1 3 0 0 1 1 2 0 2 4 0 0 2 1 0 0 3 2 0 4 4 4 1 0 2 1 0 1 0 3 0 1 2 0 4 3 4 1 0 1 2 0 3 1 3 3 1 3 0 4 4 4 0 0 0 2 3 2 3 4 1 0 2 3 3 1 3 2 4 3 0 2 0 3 0 3 3 4 3 3 0 2 0 0 2 2 2 1 4 2 2 0 0 4 0 3 1 3 2 2 3 4 1 3 4 2 3 2 3 1 2 3
3 4 3 1 1 2 4 3 1 3 0 1 2 1 1 0 1 3 3 0 4 4 3 3 3 2 2 1 0 2 4 4 1 4 2 0 1 3 3 0 1 3 1 3 1 3 1 3 3 1 0 0 0 3 0 1 2 3 4 3 2 1 4 3 0 1 0 4 4 3 4 2 4 2 2 0 2 3 0 1 4 0 3 2 1 3 0 3 3 4 3 0 0 2 1 1 0 1 2 1 0 1 3 1 3 1 1 1 1 2 4 3 4 2 0 0 2 0 4 1 1 2 1 2 2 2 0 2 1 2 4 1 3 4 2 3 0 0 1 4 4 0 2 4 4 4 4 4 1 0 0 2 0 3 4 2 3 4 1 4 1 2 2 1 2 1 2 4 1 3 3 3 1 0 2 0 1 1 1 2 4
1 0 4 2 4 1 0 1 4 4 4 2 3 3 4 4 0 3 2 3 4 0 4 1 2 2 3 1 3 0 0 2 0 4 4 2 2 1 0 3 2 4 0 0 2 4 1 4 0 3 3 4 4 4 2 3 3 0 4 4 3 1 3 0 0 4 2 4 0 4 3 4 4 0 4 3 2 2 3 2 0 3 3 4 4 2 3 0 3 4 4 1 1 2 3 3 1 3 0 3 2 0 2 3 0 3 2 2 0 2 1 0 2 4 2 3 4 2 3 2 3 4 0 4 3 3 0 4 1 0 4 4 0 1 4 0 1 3 0 1 0 1 4 4 3 3 3 2 0 3 4 3 3 1 0 1 1 0 3 3 0 2 4 2 1 3 4 4 2 4 1 4 1 2 1 4 0 1 1 2 4
2 2 4 3 4 3 1 4 3 4 1 2 0 0 3 1 0 0 0 4 3 1 0 0 2 4 2 0 2 1 0 4 0 1 4 0 1 3 1 4 2 0 2 0 0 2 3 0 2 3 0 0 4 2 2 4 4 4 4 1 0 1 3 1 3 4 3 4 2 4 1 2 4 3 4 0 2 2 2 0 0 4 0 1 2 0 0 1 4 0 4 2 1 4 0 1 1 3 3 3 4 4 2 4 4 1 1 1 3 0 1 0 0 4 2 4 4 4 0 0 4 1 4 3 3 4 1 4 4 4 2 1 0 2 2 4 0 3 3 4 0 1 1 0 2 0 4 3 0 1 4 1 0 0 4 3 2 1 2 1 2 1 2 0 3 4 1 4 4 4 0 0 1 3 2 0 4 2 4 4 0
0 2 0 0 4 3 2 2 0 1 4 2 0 4 2 2 1 3 3 2 3 0 0 4 3 1 3 2 0 4 2 2 1 0 4 0 3 4 2 1 0 4 0 2 0 4 4 1 3 0 1 3 0 1 2 3 2 0 0 4 1 0 3 3 0 3 0 0 2 0 1 4 4 3 3 4 3 0 3 1 0 4 4 0 0 4 4 0 1 1 1 3 3 0 3 0 3 3 1 2 3 4 3 4 3 1 4 3 1 4 4 3 3 0 4 0 4 0 2 3 3 4 1 2 4 4 2 4 4 0 3 0 0 1 4 0 4 0 3 3 4 4 1 4 4 0 2 1 0 4 1 1 0 2 3 4 3 2 0 2 3 3 2 0 1 4 0 1 4 0 4 1 4 2 2 0 3 4 3 0 1
4 1 1 1 1 3 4 1 3 4 4 4 1 1 2 2 3 0 2 3 1 0 2 4 2 2 4 4 1 4 2 0 3 3 4 1 3 0 2 4 4 3 0 3 4 2 0 2 3 4 0 1 4 4 0 4 4 4 0 0 1 2 2 1 2 3 2 1 4 0 0 0 3 0 3 0 4 1 4 4 0 2 1 2 1 3 1 0 0 1 2 1 3 2 4 2 0 1 3 1 1 3 2 2 0 2 4 0 3 3 4 4 2 0 1 4 1 4 1 1 2 4 4 2 3 3 4 0 4 3 2 3 3 1 2 4 3 1 4 4 1 0 0 4 1 1 0 4 2 3 0 4 2 4 1 2 4 0 3 0 0 0 3 4 3 2 3 3 3 4 2 2 4 2 3 2 0 0 1 2 3
3 3 3 4 4 0 3 2 3 4 2 0 4 3 3 2 3 2 2 2 4 1 4 4 4 3 4 1 0 4 0 0 2 3 0 4 3 0 3 2 4 0 4 1 4 3 3 2 2 2 2 3 4 3 2 0 1 4 2 3 3 2 4 2 2 4 1 0 4 4 4 1 2 4 4 3 4 2 2 1 1 1 1 2 4 4 3 1 3 2 4 3 1 3 0 3 4 4 0 1 0 0 4 2 1 3 2 2 2 0 0 3 1 1 3 1 0 1 4 0 0 3 0 1 4 1 1 0 2 1 3 2 3 2 0 4 2 4 3 4 4 3 0 3 0 0 1 2 1 0 0 3 3 0 4 4 3 2 2 0 3 0 3 2 0 0 3 2 4 2 4 4 0 1 4 2 1 0 2 4 0
2 2 0 4 3 2 3 0 4 3 3 1 1 2 1 1 1 4 3 3 0 4 0 1 3 3 4 3 0 3 0 4 2 2 3 0 4 1 2 3 2 2 0 3 0 3 2 1 4 2 1 4 1 1 2 4 1 1 4 3 1 1 2 3 3 3 0 3 4 4 3 1 2 0 2 4 1 1 2 0 3 3 2 1 1 4 0 3 3 1 1 4 4 1 0 2 4 0 2 0 0 3 4 4 0 1 3 1 4 2 4 4 2 1 0 3 2 2 3 0 3 0 2 4 1 2 1 0 2 1 2 4 1 1 0 1 4 3 0 3 2 4 2 4 0 2 0 2 4 3 0 4 3 2 3 1 1 2 3 3 3 1 0 1 2 0 2 2 1 2 2 3 3 0 0 0 4 0 0 1 3
0 2 4 4 1 2 0 0 1 0 0 4 2 1 3 3 0 0 1 3 0 1 3 2 1 4 1 1 4 4 2 1 2 3 0 0 0 2 2 3 2 2 2 0 0 1 0 0 3 1 0 0 2 4 2 1 0 1 4 1 0 1 2 4 4 4 1 2 1 3 0 0 2 0 2 2 3 4 3 3 2 0 4 2 4 1 3 1 2 2 2 0 4 4 4 0 0 3 2 1 1 0 4 4 0 3 1 3 0 1 1 2 2 2 4 3 4 2 0 3 2 2 0 3 4 0 3 4 0 3 3 1 0 4 2 0 2 1 0 2 2 3 2 1 3 1 2 2 1 4 2 3 1 3 1 2 0 1 2 0 1 0 3 1 4 1 3 3 2 0 3 1 1 2 0 4 3 2 3 1 1
0 1 4 3 4 2 0 3 4 0 4 1 4 1 2 0 1 0 4 2 0 2 0 2 2 4 3 1 4 1 2 4 3 4 0 4 1 0 2 2 3 2 0 2 0 2 4 3 4 0 2 0 2 2 4 0 3 4 1 2 1 1 4 1 0 4 0 3 1 3 2 4 2 2 3 4 4 4 2 3 4 0 0 2 4 2 4 3 1 2 2 2 0 1 0 2 2 1 0 4 1 2 0 0 1 4 4 0 0 1 1 0 3 1 4 3 0 0 1 2 4 0 1 0 2 2 2 4 0 0 0 3 4 1 3 1 2 2 3 2 0 4 4 1 3 0 4 3 0 2 2 2 2 1 2 1 3 1 1 0 3 3 3 0 4 3 3 3 2 1 3 2 1 4 3 1 0 4 1 2 1
4 4 1 0 3 2 0 0 0 2 0 4 0 0 3 0 3 4 2 0 2 4 3 3 0 4 3 4 0 3 3 1 2 4 1 1 3 3 3 4 0 3 3 2 4 3 2 4 2 4 4 1 1 4 0 1 3 0 2 1 3 0 4 3 1 1 4 2 1 4 1 2 2 4 4 3 4 4 3 4 3 4 0 4 4 2 2 4 0 0 2 3 2 2 3 1 0 4 3 1 3 1 0 3 2 2 3 1 1 3 0 4 0 3 1 1 2 3 2 2 0 0 3 0 4 1 1 1 1 1 2 1 2 0 1 4 2 0 2 0 3 3 1 0 3 2 1 0 3 4 3 0 4 1 0 0 4 3 1 2 1 0 4 0 0 0 1 4 0 4 4 1 4 1 1 2 3 0 2 3 4
2 4 0 0 1 0 0 2 3 2 3 3 3 4 1 4 0 0 1 1 0 4 0 3 3 2 3 3 2 2 4 1 3 4 2 4 1 2 1 4 1 2 4 2 1 0 1 3 3 4 0 0 1 0 3 4 0 1 4 4 3 3 0 3 4 2 0 2 1 1 1 0 0 2 2 1 0 0 2 3 1 2 3 2 4 1 3 1 2 2 0 3 2 3 1 3 2 1 0 1 0 3 1 0 1 0 4 1 2 3 1 3 0 4 1 1 2 4 3 1 4 0 4 3 3 3 4 1 4 4 2 1 3 0 4 1 2 0 4 4 3 0 2 0 1 0 1 3 2 4 4 1 0 1 1 0 4 0 1 0 0 0 4 0 2 3 3 4 0 2 0 3 4 0 3 0 0 1 3 2 1
4 0 3 0 2 0 1 4 2 2 1 4 3 1 4 3 1 0 3 3 1 1 2 1 1 4 3 2 2 1 0 4 3 0 4 0 1 3 2 0 2 3 4 0 2 0 3 3 1 1 4 2 4 1 0 2 3 3 4 0 4 2 1 3 2 3 0 0 1 2 0 3 3 2 0 0 2 3 3 3 1 2 2 2 1 2 4 4 1 0 1 2 2 3 2 2 1 0 2 4 4 0 2 2 2 4 2 1 4 3 0 2 0 4 4 3 4 0 2 2 0 1 4 0 1 4 4 2 1 3 3 0 3 2 0 2 1 4 4 0 2 1 2 0 0 3 3 4 3 3 1 3 1 3 0 2 4 4 1 0 3 4 0 3 1 0 1 4 0 0 4 4 1 3 4 3 1 0 0 4 0
3 4 1 1 2 3 0 1 1 2 1 0 3 0 3 0 3 2 2 3 3 2 1 3 1 4 4 3 4 0 3 3 1 4 1 3 4 4 2 0 1 3 2 1 0 2 2 3 4 4 3 4 3 4 2 2 1 3 0 0 0 1 0 4 0 4 2 2 0 1 4 1 0 4 3 2 1 2 1 3 3 1 4 2 1 2 4 2 2 1 4 0 2 2 4 0 3 3 4 3 0 3 4 2 2 4 1 1 3 4 4 2 1 3 1 2 2 2 1 2 3 2 4 3 4 3 3 2 3 2 0 0 2 2 4 2 3 1 3 2 0 4 4 3 4 2 2 2 4 3 1 4 1 0 2 2 0 2 0 0 4 2 1 4 1 2 1 0 3 4 2 1 3 3 1 2 0 4 1 4 2
4 3 0 4 3 3 1 0 3 2 2 2 0 1 4 2 2 4 3 3 1 1 3 1 2 2 1 1 1 2 1 0 0 1 2 3 4 0 1 4 2 3 2 4 1 3 2 3 2 2 3 0 3 1 3 2 0 4 1 1 1 2 4 3 3 3 4 0 3 0 4 1 3 3 2 1 3 4 1 0 3 4 2 3 2 0 1 2 1 2 1 2 4 2 1 4 0 0 4 3 2 1 1 2 1 4 3 0 0 4 2 4 0 0 2 2 2 0 1 4 2 4 3 3 1 1 3 1 3 4 0 0 0 1 4 2 2 2 4 3 3 1 4 3 3 1 0 1 4 4 2 1 3 2 0 2 4 0 3 2 4 0 0 2 2 4 1 4 2 0 4 0 1 3 1 0 2 1 3 1 2
0 2 3 2 4 0 3 4 0 1 1 1 3 3 3 2 4 4 1 4 1 4 0 4 0 2 3 3 0 4 1 2 4 1 2 0 1 0 0 1 3 1 2 3 4 2 1 3 4 4 4 0 3 1 1 0 4 0 4 1 4 2 4 0 3 1 1 1 3 3 4 4 4 4 2 0 3 0 0 2 0 1 4 0 2 1 1 1 3 0 3 4 4 4 0 4 2 3 2 2 1 1 1 2 0 1 2 1 1 4 3 1 0 0 2 2 1 3 1 4 0 1 3 1 0 0 0 4 3 2 1 4 0 3 1 3 4 0 4 0 1 2 4 3 4 1 3 0 1 4 1 3 2 2 4 4 2 1 3 3 3 4 2 3 2 1 1 3 3 2 1 2 2 0 0 1 3 3 2 1 4
0 4 1 4 0 0 2 1 3 0 1 3 4 1 2 2 0 1 3 2 2 0 4 4 0 1 2 4 0 3 0 2 4 2 2 4 4 4 2 0 1 0 0 2 1 2 2 1 0 0 1 4 0 0 3 0 3 2 1 3 2 2 3 1 1 0 2 2 1 1 2 4 1 4 1 0 4 0 1 1 0 4 1 0 0 1 3 0 1 1 4 3 0 4 2 3 4 1 3 0 3 2 4 1 2 2 1 1 3 0 2 0 4 0 3 4 4 3 2 0 4 3 0 2 2 2 0 1 4 3 1 4 1 2 0 0 1 2 3 1 2 2 2 1 3 0 3 4 0 0 1 4 3 1 3 0 1 1 1 0 1 4 1 2 3 1 4 4 3 2 3 0 0 0 2 0 2 2 4 2 2
2 3 2 3 4 2 1 0 0 3 1 1 4 1 4 1 0 0 4 3 3 2 0 0 1 0 4 3 1 3 2 3 4 4 3 3 1 0 3 3 3 1 4 3 2 0 4 0 0 0 0 1 4 0 3 0 0 3 0 3 3 2 1 2 1 4 0 4 4 0 2 3 2 3 3 4 3 4 4 4 1 1 2 1 1 2 1 3 0 4 1 1 1 4 3 0 4 4 1 0 4 4 3 3 4 3 3 3 2 4 4 4 1 1 2 4 3 0 0 1 4 1 2 3 3 0 3 2 1 1 2 3 0 3 1 0 3 1 0 1 3 4 2 1 0 1 0 0 1 0 1 3 4 0 1 2 3 1 1 1 2 0 1 0 3 3 2 2 1 2 0 4 1 4 2 3 0 3 3 3 0
2 1 1 2 2 0 2 3 1 4 1 2 0 3 2 0 0 1 4 2 1 0 3 2 3 3 2 3 1 3 3 3 4 0 3 2 2 2 2 4 3 0 3 1 3 0 3 3 2 2 2 0 0 2 0 3 0 2 1 2 0 1 2 2 3 2 4 1 2 3 0 0 4 0 3 4 0 2 0 4 1 2 2 1 0 2 1 2 1 2 1 4 1 4 1 4 3 2 2 2 0 2 3 1 4 1 3 0 0 3 1 2 2 0 3 4 2 2 2 1 4 0 0 2 4 3 2 0 2 4 2 4 4 2 1 3 1 1 0 1 1 4 0 0 1 1 0 1 3 4 2 4 4 4 2 1 4 1 3 1 2 2 0 3 0 3 4 3 4 1 4 0 2 2 1 4 3 3 0 1 4
2 2 3 3 4 1 2 2 4 3 0 2 3 0 4 2 4 2 1 1 1 4 3 3 2 2 3 2 4 4 1 1 2 1 1 3 3 3 1 2 1 3 1 2 3 0 4 0 2 2 1 1 3 1 1 2 1 0 4 0 1 2 4 0 4 2 1 4 1 2 1 4 2 0 1 2 0 2 2 0 0 0 1 0 2 2 3 0 4 4 2 1 2 3 3 1 1 4 0 4 3 3 0 0 0 2 3 1 1 0 1 3 1 4 4 0 1 4 2 3 3 4 4 0 0 2 3 1 4 0 2 2 1 2 0 1 1 3 4 3 0 2 1 3 1 2 0 0 1 2 3 0 4 4 2 4 3 1 0 2 1 2 0 4 4 0 1 1 0 0 1 2 3 4 1 1 2 1 1 3 1
4 0 0 3 3 4 2 1 1 1 4 0 1 4 1 3 0 4 0 2 0 3 2 0 1 4 4 4 0 4 0 2 0 0 0 0 1 4 1 2 1 0 2 4 1 4 0 1 3 0 1 1 3 3 1 1 4 0 1 0 4 1 2 1 4 4 3 0 4 4 0 2 2 4 1 3 3 1 2 4 2 0 2 2 0 3 4 0 0 0 0 1 3 4 0 2 3 3 0 4 3 2 1 2 1 0 2 2 1 1 3 0 1 0 3 2 0 4 2 0 1 4 3 1 3 3 4 3 2 1 0 2 3 1 4 1 1 3 3 0 0 1 0 1 1 0 0 1 1 2 3 2 3 2 4 3 0 0 2 4 3 2 1 3 0 2 4 4 1 3 4 1 1 1 4 3 4 2 1 0 1
0 3 0 4 4 3 1 1 2 1 4 1 2 2 4 2 1 3 3 1 4 1 3 2 2 3 1 4 4 2 1 1 2 3 2 1 3 4 2 1 0 3 2 4 0 1 1 3 1 1 2 2 4 2 0 2 0 1 3 1 3 1 0 2 4 2 3 3 1 2 1 3 0 3 3 2 2 1 3 0 3 0 3 2 2 3 1 4 1 0 0 2 3 0 4 3 0 3 3 1 2 4 0 3 4 0 2 3 1 0 1 4 2 4 4 4 4 0 3 0 2 1 2 1 3 4 4 3 2 4 2 1 0 4 1 4 4 4 0 2 4 1 4 4 2 3 3 1 0 4 3 3 2 3 4 0 2 0 1 1 1 0 2 1 4 4 2 0 0 2 4 4 0 3 0 2 3 4 0 4 0
4 2 2 4 3 4 1 3 2 4 1 2 3 2 3 2 4 0 4 4 0 1 1 0 1 1 4 2 1 3 2 2 2 1 1 0 3 4 0 0 0 1 0 4 0 3 3 4 1 3 0 1 4 2 3 0 0 2 3 1 2 2 1 1 4 4 3 4 1 3 1 1 1 1 2 1 2 1 3 3 1 0 1 0 4 4 2 4 4 2 3 3 0 4 0 1 3 3 2 4 4 3 3 0 0 0 4 4 3 4 2 4 1 0 1 1 1 1 2 0 3 0 4 0 1 1 3 0 4 0 1 3 4 1 1 4 2 2 0 2 1 2 4 2 4 0 0 0 3 0 3 4 0 4 4 2 0 3 4 4 3 2 0 4 4 1 0 3 3 0 0 1 2 4 0 3 2 1 4 0 1
2 4 3 3 1 2 3 4 3 2 4 1 2 4 2 0 4 0 3 0 2 4 4 2 0 3 4 3 4 1 1 3 3 1 1 4 4 4 0 4 3 4 0 3 0 4 3 2 4 4 4 2 0 0 1 0 0 0 0 4 3 1 4 1 3 0 0 4 1 0 3 0 2 1 0 4 0 0 3 2 4 4 4 0 0 0 2 2 2 3 4 0 1 3 4 1 4 4 2 2 2 1 4 1 2 4 0 4 2 1 1 3 0 0 3 2 2 3 0 1 3 4 4 1 2 3 3 3 4 0 3 1 3 2 2 2 2 0 2 1 1 3 4 3 1 0 1 0 3 3 2 3 2 3 4 1 1 4 2 0 0 0 2 0 2 1 3 1 3 0 2 4 0 4 0 3 4 1 4 4 4
3 2 3 1 1 1 2 1 3 4 3 0 3 3 3 2 1 1 0 3 1 2 4 0 2 2 1 0 3 0 4 1 2 4 4 0 0 3 3 4 3 1 4 3 2 4 0 0 3 1 1 1 3 2 1 0 1 2 2 0 2 1 3 1 2 3 1 2 3 0 3 3 3 0 2 2 1 2 3 4 3 4 0 3 1 3 0 2 2 2 4 1 0 0 2 2 3 1 2 3 1 0 2 1 2 4 4 4 1 4 0 2 0 1 2 3 1 3 0 4 2 2 2 3 2 2 2 2 3 4 0 1 2 2 2 4 3 3 3 2 2 4 1 2 2 3 0 0 3 3 1 1 0 4 1 4 1 3 1 1 0 3 2 2 3 4 3 1 0 2 3 2 3 1 0 2 0 2 4 3 2
1 1 4 2 2 3 0 3 1 1 3 0 3 0 0 4 0 1 4 2 2 4 2 3 1 1 0 3 1 4 1 4 2 2 3 0 1 3 3 4 1 3 4 1 0 4 2 0 3 2 0 0 3 2 0 4 1 1 4 4 2 2 3 4 0 1 1 3 1 4 2 2 2 2 0 4 3 2 0 3 1 0 0 4 4 1 3 0 4 0 4 1 2 4 2 4 2 4 2 3 3 0 2 3 4 2 4 4 2 4 3 3 4 3 3 1 1 3 1 0 3 3 3 3 2 1 2 2 0 0 2 0 0 2 0 4 1 0 3 3 4 3 2 1 2 0 2 0 0 0 1 4 3 4 4 3 0 1 2 2 1 4 3 3 1 3 4 3 0 0 1 0 3 0 3 2 0 0 3 3 2
4 4 3 0 3 1 3 4 3 0 3 4 0 1 3 1 3 1 1 3 4 3 1 0 1 1 2 3 4 0 1 0 1 4 0 4 2 0 1 2 3 4 1 3 2 4 4 0 2 1 0 4 4 4 1 3 0 3 1 4 1 4 4 2 0 1 4 2 4 0 4 2 1 3 0 0 4 2 1 4 0 1 3 1 2 4 1 2 4 3 1 2 4 2 2 0 1 1 2 0 3 4 2 4 4 4 1 0 3 2 4 0 1 4 2 3 0 3 3 2 3 4 1 3 4 3 3 2 1 2 2 4 3 1 0 2 2 2 0 1 1 4 1 4 1 0 0 3 1 3 0 1 4 2 1 3 2 1 0 4 4 4 0 4 0 3 2 0 2 2 1 0 3 4 2 1 2 2 0 0 0
2 1 1 1 0 2 1 1 4 0 2 4 2 2 1 2 4 1 1 3 4 2 3 1 4 0 3 3 2 3 0 4 1 1 3 1 0 4 0 0 1 2 1 3 4 2 3 0 1 4 3 2 3 2 3 4 4 1 2 1 1 4 0 0 1 0 3 3 4 3 3 0 1 4 1 2 4 1 3 2 2 1 4 1 0 3 2 1 1 0 2 0 1 0 0 4 0 0 3 2 4 1 2 2 3 0 4 2 1 2 4 4 1 0 2 3 3 4 0 2 1 4 2 3 4 4 2 2 4 2 4 0 4 3 4 2 4 1 1 2 3 2 3 1 2 2 2 3 2 4 2 0 3 4 0 0 0 0 2 1 2 1 4 1 1 3 0 0 4 3 0 0 0 0 3 0 3 2 0 2 1
2 4 2 3 0 2 0 0 1 1 2 2 0 1 0 1 3 1 2 2 3 2 4 0 3 1 0 0 3 2 2 2 4 1 0 4 3 0 1 4 4 0 3 1 3 3 2 2 1 0 1 1 4 0 2 2 4 2 3 2 2 2 2 1 3 2 2 3 0 0 4 1 0 2 2 4 2 0 1 1 2 4 2 1 1 1 4 0 1 4 0 0 1 2 3 1 1 0 4 3 0 3 4 2 2 2 1 1 4 4 2 1 3 2 4 0 0 3 0 1 4 2 3 0 1 1 3 3 3 2 3 3 2 3 3 4 0 4 1 1 4 0 2 4 2 1 4 3 2 2 1 1 4 0 4 3 3 2 3 2 2 1 2 4 4 0 1 1 2 4 2 3 4 1 2 2 0 2 2 2 4
0 0 0 2 4 0 1 4 3 0 1 0 2 2 1 0 3 3 2 2 2 0 2 4 2 1 4 1 0 3 2 0 3 0 0 3 0 1 2 4 1 0 4 0 2 2 2 3 0 4 2 0 1 4 1 1 2 0 2 2 0 0 0 3 0 0 3 0 3 2 1 1 2 2 3 2 0 1 2 2 2 4 2 4 1 0 0 3 0 4 3 2 1 0 1 3 2 4 4 0 2 2 3 1 0 1 3 2 2 0 4 0 2 4 1 3 4 3 1 2 2 1 4 4 1 2 2 3 2 3 0 1 3 3 2 3 0 3 2 4 0 3 1 2 2 2 0 4 2 4 3 0 0 4 1 4 2 0 4 4 1 0 2 4 0 4 4 0 4 1 2 0 4 3 4 4 3 0 3 2 1
3 2 1 2 0 0 4 1 2 0 2 2 2 3 2 4 2 0 3 3 4 0 2 4 0 3 4 2 1 2 3 1 4 4 4 2 2 3 0 4 1 4 3 0 2 2 4 4 2 3 4 3 3 3 3 0 2 2 2 0 4 0 2 1 2 1 3 4 1 0 0 4 4 0 0 1 2 4 2 2 4 1 0 0 1 0 0 3 3 3 4 2 0 3 0 2 1 0 3 2 0 0 4 4 0 4 2 0 3 4 2 0 2 4 0 4 0 0 4 0 0 3 4 3 3 0 0 4 2 4 4 3 1 3 4 2 2 2 2 2 3 1 2 1 2 2 2 4 0 1 4 2 0 4 0 0 1 1 0 3 2 4 3 3 2 3 2 1 2 1 3 0 4 3 3 4 2 0 3 2 2
0 0 4 4 2 4 2 3 4 2 2 0 1 3 4 1 2 2 3 1 3 3 0 1 4 1 3 4 0 3 1 0 0 0 1 2 0 0 3 1 2 2 4 0 2 0 1 0 3 4 3 1 0 3 2 4 0 2 0 2 0 2 2 2 4 0 0 1 0 0 0 2 2 4 3 2 4 1 2 2 3 0 0 0 0 2 1 2 2 1 1 4 3 3 2 0 0 4 1 0 1 1 0 0 2 0 2 2 1 1 1 4 3 2 4 4 1 0 3 3 4 0 3 4 0 2 4 1 3 1 3 4 4 3 4 2 3 4 4 2 0 2 3 4 4 3 0 1 0 3 1 1 0 4 1 1 3 0 4 1 3 2 0 3 3 2 2 3 1 1 0 1 0 4 2 0 4 2 3 1 1
4 3 3 1 1 4 4 1 3 3 2 3 0 2 1 2 4 4 0 2 2 4 2 1 1 2 2 4 0 3 2 2 3 0 3 4 2 2 1 2 0 0 0 1 2 3 0 3 3 1 0 2 2 2 3 3 2 2 4 4 0 3 1 4 1 4 3 3 4 1 0 1 3 3 4 2 1 2 0 1 3 0 3 2 0 3 0 2 0 2 3 3 0 0 4 1 1 4 1 2 3 4 4 1 4 0 1 2 2 1 4 2 4 4 4 4 0 0 3 2 4 1 2 4 3 1 3 2 1 1 4 1 2 0 4 1 1 0 4 3 2 0 3 3 1 2 4 1 4 4 1 3 2 3 0 1 0 0 3 3 1 4 4 1 0 0 2 3 1 3 3 0 3 1 3 0 4 4 3 3 3
4 4 0 0 4 3 0 4 3 0 2 3 1 3 0 1 3 3 4 1 1 4 0 3 4 2 2 0 2 2 3 4 1 4 4 0 2 1 1 1 3 4 1 4 4 1 2 2 1 2 1 2 3 3 0 0 0 4 0 4 4 4 0 0 0 4 3 4 2 4 2 0 0 3 4 2 1 4 4 2 1 0 0 1 3 2 1 0 4 2 2 3 3 2 0 3 4 3 4 1 0 2 4 0 2 0 4 4 4 4 1 2 1 3 4 2 3 0 4 2 4 3 2 2 1 2 2 0 3 2 3 3 4 2 0 1 3 0 2 2 1 4 0 4 4 1 3 2 1 3 1 1 1 0 0 4 0 3 1 3 2 0 3 1 4 3 4 2 3 2 2 1 3 4 1 2 0 4 2 3 4
0 1 3 1 2 2 3 2 4 1 4 1 4 2 0 4 3 0 0 0 2 1 0 3 2 0 0 4 4 3 3 4 0 3 2 4 1 0 3 2 3 4 3 2 1 0 4 4 0 4 2 4 0 4 2 0 4 2 4 3 1 4 0 3 3 4 4 1 0 2 3 3 1 3 3 4 3 2 0 4 1 4 3 3 4 3 3 0 2 4 1 0 1 1 3 4 0 4 0 2 1 0 3 4 3 3 3 1 0 4 2 3 3 3 3 4 3 2 0 0 3 1 1 4 4 4 0 1 1 0 1 2 2 4 4 0 2 2 4 4 3 3 4 4 3 2 0 1 1 0 2 0 3 3 1 4 4 2 3 0 4 4 0 2 3 4 4 2 3 0 1 4 4 0 0 4 4 0 1 3 3
3 0 3 3 1 3 4 0 3 0 0 2 2 2 0 3 3 4 1 4 0 2 0 2 2 4 3 3 2 1 3 2 1 1 0 0 1 2 0 4 2 0 1 1 4 3 4 0 2 2 4 4 0 1 1 4 2 2 2 0 3 0 2 2 4 0 2 0 2 4 0 1 2 3 2 3 2 3 3 4 0 2 1 0 0 2 0 3 4 4 3 0 2 0 2 3 2 1 3 4 2 0 0 4 4 4 3 1 2 1 2 3 1 0 0 1 3 2 1 4 4 4 1 1 2 3 4 4 1 4 1 4 0 1 0 1 1 3 4 3 2 3 3 0 4 4 3 4 3 0 3 2 1 0 0 3 0 1 0 4 3 1 3 3 4 0 1 0 4 0 1 3 3 4 3 2 0 1 1 1 3
2 3 0 4 1 0 1 2 0 0 0 3 0 0 3 1 1 3 2 1 1 2 2 3 0 1 0 3 3 1 4 2 2 4 3 3 4 4 0 2 0 3 0 2 3 3 3 2 4 2 0 2 4 2 2 4 4 3 0 4 4 4 1 1 0 1 1 1 0 4 0 2 2 1 0 2 1 3 4 2 1 2 2 2 4 4 4 3 2 4 4 4 0 2 2 0 3 4 3 4 3 4 1 2 2 1 4 0 2 1 3 0 3 2 2 4 1 1 0 4 2 4 0 4 2 2 1 2 3 0 1 3 1 0 0 3 3 0 3 2 3 3 2 3 0 2 2 2 0 2 3 0 2 3 4 1 2 1 3 1 3 2 4 4 2 2 2 2 4 0 0 2 1 4 0 1 3 2 3 4 0
3 1 4 3 0 0 1 3 3 4 1 2 0 2 4 4 4 4 3 2 4 0 3 0 2 1 4 2 2 0 4 0 1 3 4 3 0 2 2 0 3 0 3 0 3 4 0 4 3 3 1 4 1 1 0 0 3 1 2 0 3 1 2 4 1 3 2 1 2 1 4 2 4 2 3 2 1 0 1 2 0 0 1 3 3 3 4 3 1 3 0 4 2 3 3 3 3 3 2 1 1 1 3 0 0 3 2 3 3 1 0 1 3 2 4 1 2 0 0 4 4 0 3 3 0 4 1 4 4 0 0 0 3 0 1 3 4 0 2 4 3 4 2 1 3 4 3 1 4 0 2 0 2 0 3 3 1 2 2 0 2 4 1 3 1 4 1 2 1 0 2 0 0 1 3 3 0 3 1 2 3
3 2 1 1 3 1 2 0 0 3 4 4 1 2 2 2 4 0 3 1 2 0 3 0 4 4 1 2 0 3 3 1 2 1 2 0 2 1 0 2 1 0 3 2 4 0 1 0 0 2 2 4 2 2 0 3 1 1 3 4 1 1 0 3 2 4 4 1 0 1 3 4 3 3 3 3 3 0 3 4 2 2 3 1 0 0 0 3 3 0 2 4 1 4 3 0 3 4 3 1 0 3 0 1 1 3 1 4 0 4 3 2 4 4 1 1 1 1 4 0 1 2 4 4 1 4 1 2 0 4 3 3 2 0 4 3 0 0 4 1 1 3 0 2 4 1 3 0 4 3 2 2 2 4 3 0 0 4 4 1 0 4 1 4 4 2 4 2 4 4 3 0 4 0 0 0 2 3 2 3 3
0 1 2 1 4 0 1 1 4 4 1 4 0 3 0 2 2 2 1 1 2 4 2 3 4 2 2 4 0 0 0 2 3 2 3 3 4 4 1 4 1 2 3 1 2 0 1 0 3 4 3 0 0 3 0 1 0 2 1 2 0 3 4 3 2 4 3 2 4 4 1 0 4 1 3 1 1 1 3 4 1 4 2 1 2 4 0 4 2 3 2 4 1 3 4 3 0 3 0 1 2 1 1 3 4 1 0 1 3 0 2 1 4 4 4 3 4 4 3 3 2 2 4 3 2 3 4 2 1 4 3 1 3 1 1 2 0 3 3 0 4 3 1 0 2 0 1 3 0 1 3 4 3 2 3 2 3 2 2 1 3 2 4 1 1 1 1 1 4 1 1 0 4 2 1 2 4 2 2 4 3
3 4 3 0 4 2 0 3 4 2 1 4 1 0 0 2 1 1 4 2 2 4 4 1 0 3 0 4 0 2 4 3 3 2 1 2 2 3 2 3 0 3 2 4 0 2 3 3 3 2 3 2 2 2 0 4 0 1 1 2 0 0 3 3 0 4 2 2 4 4 2 0 4 0 4 0 2 4 3 3 2 3 0 1 0 3 2 0 4 0 0 1 1 3 4 3 4 1 2 3 2 4 3 1 4 4 1 4 1 2 2 3 0 4 1 3 2 0 0 3 1 0 1 4 3 0 4 2 3 1 1 0 2 1 4 4 3 2 3 4 4 2 4 2 3 0 0 1 0 0 1 3 3 3 2 1 0 1 4 1 4 2 1 2 3 0 1 3 3 1 2 4 3 1 3 1 3 0 4 1 3
3 4 1 3 4 2 0 0 3 1 2 0 0 4 1 0 2 1 0 0 4 2 3 2 0 1 1 1 3 2 4 1 3 0 1 2 4 1 0 3 0 2 0 0 3 3 0 2 2 3 2 1 0 0 0 2 3 1 3 1 0 4 4 4 1 2 1 1 1 3 1 1 0 3 1 3 4 3 0 1 3 2 4 3 4 4 3 0 1 1 3 3 3 0 2 4 2 1 0 0 4 3 1 2 2 4 2 3 3 3 4 1 2 3 2 4 2 0 1 0 3 4 1 1 1 3 1 1 1 3 1 3 4 0 0 3 4 2 1 4 2 0 3 2 0 0 1 4 2 4 2 2 3 3 4 0 3 2 3 2 2 4 0 1 4 2 4 1 1 0 0 4 2 3 3 4 0 1 1 4 0
3 2 0 1 3 2 1 0 0 3 4 0 3 3 1 2 2 2 4 0 3 0 4 3 3 1 4 4 2 3 4 0 2 1 3 0 4 4 2 4 0 2 1 0 0 3 3 4 2 4 1 0 4 1 1 2 2 0 3 4 0 4 1 3 0 1 0 4 0 3 1 2 2 2 3 4 0 1 0 3 0 2 0 1 0 1 0 4 3 3 3 4 4 1 4 4 2 4 1 4 4 2 2 3 4 0 2 2 3 3 2 0 2 4 1 2 1 1 1 1 1 1 2 0 4 1 1 1 3 4 2 4 3 4 3 0 1 2 2 4 2 1 4 4 0 0 3 1 3 4 0 4 2 2 1 1 4 0 4 4 4 2 0 3 1 3 3 0 3 2 4 2 3 4 2 0 1 2 4 2 4
4 1 1 1 0 0 2 0 4 1 1 3 2 4 2 2 4 2 2 3 1 0 3 2 4 4 1 1 3 3 2 2 4 1 3 1 1 1 1 2 4 3 1 3 4 3 3 4 0 0 4 3 2 3 1 1 2 2 0 0 0 4 2 1 0 2 0 3 0 1 1 0 1 4 3 1 4 1 2 1 4 1 4 1 4 2 0 3 4 2 0 1 1 2 0 4 2 0 2 2 3 0 4 0 1 3 3 0 1 0 1 2 3 1 1 0 3 3 3 0 0 4 3 3 3 0 2 2 2 2 2 1 4 1 3 1 4 1 1 3 3 0 2 1 1 3 3 1 1 4 3 3 0 2 2 0 4 1 3 2 0 0 3 0 3 1 1 3 4 4 3 2 4 0 0 2 4 4 4 2 0
4 1 0 3 0 2 3 3 2 0 4 4 0 4 3 3 2 3 2 1 1 4 1 3 1 3 4 2 4 2 2 4 0 4 2 0 2 2 0 1 4 4 1 4 0 4 4 2 2 1 4 0 2 2 3 4 0 0 1 2 2 1 1 2 2 0 4 1 0 4 3 4 1 4 1 1 0 0 1 4 4 0 1 1 4 1 2 1 1 1 3 0 2 1 4 4 2 3 1 4 0 1 3 3 2 1 4 2 2 0 3 1 2 4 4 3 2 2 0 4 3 3 4 2 0 1 1 4 1 4 3 1 2 3 1 4 0 1 3 4 3 1 2 3 2 1 1 2 0 1 3 3 2 4 0 2 0 4 3 2 0 1 0 3 1 2 4 1 0 3 2 0 1 4 0 1 3 2 3 3 0
1 4 4 0 1 3 3 2 1 0 3 2 2 3 4 4 2 2 4 0 0 2 4 1 2 0 1 1 0 0 4 3 1 3 0 2 2 3 0 3 0 0 3 3 3 4 2 2 1 4 3 3 3 4 2 0 4 3 2 1 0 3 4 3 1 4 1 0 3 3 1 3 0 4 3 3 0 1 0 3 2 0 4 0 4 1 2 0 1 4 1 4 4 0 2 3 2 0 3 0 3 1 0 3 2 4 3 2 2 1 1 1 3 2 1 0 3 3 0 1 0 4 0 4 1 3 2 3 3 3 0 4 1 1 4 4 2 3 1 1 1 4 2 4 1 3 4 1 3 2 3 0 1 0 0 2 0 4 1 4 4 3 0 1 4 4 0 3 2 3 4 0 0 1 0 3 1 1 2 2 3
2 2 1 2 2 1 3 4 4 4 3 2 4 1 4 3 3 2 3 2 4 3 4 0 0 4 4 2 1 1 2 3 3 4 1 3 2 1 2 1 0 2 3 4 1 4 4 4 2 2 3 1 3 4 3 3 4 4 2 0 0 0 4 1 1 2 4 0 3 3 1 0 2 1 4 3 1 0 0 0 3 3 3 3 3 1 1 2 1 1 4 3 1 3 4 4 2 0 4 0 3 2 0 1 0 1 1 1 2 1 1 2 2 1 0 0 3 3 4 1 4 3 1 2 4 1 3 1 1 4 4 2 3 1 0 4 0 1 0 4 0 4 1 2 0 3 2 0 1 3 3 3 1 0 2 2 3 1 1 1 2 0 3 1 3 3 0 3 2 2 2 2 3 0 4 1 0 3 1 2 1
