5 182 13
389582967 941538857 159679494 224311617 1001977885 857774606 611145234 156279031 826965920 885734081 206876960 900807107 405639701 114374570 25362296 130730491 381595338 661440123 44193792 137560934 569014553 455042880 999934700 354922903 422169219 369803721 199055478 1012268800 148969859 634965219 1021045920 1196146155 228660931 261168579 175607253 654412062 482874618 4340977 772734255 1217726077 1128158777 376699512 608875055 1010447205 794550579 607284975 1143399779 120159372 1056504232 47045105 487710168 1008590182 119324294 1185001091 148606369 374044317 1097996096 611792421 898623871 1055692408 140224073 494340809 540400373 343786402 1216769461 72368762 1052671991 695797216 525918464 231106182 100784701 16409237 262621119 828608891 1138618830 799523300 435830493 546572267 889207069 201653834 438898551 819626194 545719010 736554332 88805621 868482405 266781549 544507280 1211136684 1068818614 791629252 940694561 659161101 599415205 258356017 237195221 769034336 712481018 881507623 153948070 652233231 110115936 808341863 578804191 602963582 153335504 376714624 719890744 226033315 859587675 1042233925 288145401 332365735 1017013907 356129551 855574016 732667716 804435091 728098043 442762244 155965904 1169288158 1120785011 11982308 926645508 1142831439 1027512800 1058455331 619283797 1136530127 972196566 703348585 815254573 42084757 813976867 906429694 223101064 867347167 866507004 1152218194 608863930 325346075 853604368 557600720 663111890 1046155283 64926572 678418276 760055642 1146981815 188465044 151635926 955984225 374136412 190618464 284833083 1032756855 1036117290 1123135699 163833884 1203747821 847669388 1009048253 949250583 593397882 182980019 972331630 1116235465 1077539961 239792655 6124553 669678379 1212874601 1177144326 258657035 638168699 806200644 363229729 1008225800 544087459 747062164 1043724783
4 2 2 2 3 1 1 3 2 4 3 3 0 4 4 1 2 2 0 3 2 3 2 1 0 4 1 4 2 0 1 1 4 0 3 0 1 1 0 0 3 3 0 3 0 1 1 4 3 3 2 1 2 1 2 4 2 1 3 4 3 1 0 0 3 1 0 1 2 0 1 2 0 3 1 2 4 2 1 4 3 0 0 0 3 0 4 1 3 4 2 1 0 3 1 0 1 3 1 3 0 2 1 3 2 4 0 1 3 4 0 1 1 3 3 2 0 2 3 0 3 0 3 0 0 2 0 1 0 1 2 3 0 0 1 2 1 1 0 4 2 3 3 1 3 1 3 3 1 1 0 4 3 3 2 1 0 2 4 1 1 3 4 1 3 2 1 1 0 3 1 3 1 1 4 4 2 4 4 0 2 4
2 2 3 4 3 3 3 3 1 4 1 2 3 2 4 1 3 0 4 1 0 3 2 1 2 2 0 4 4 4 0 1 1 3 2 0 4 1 0 2 2 3 2 2 2 1 3 3 3 3 4 0 3 4 3 0 3 0 1 4 4 2 3 1 2 0 3 1 3 3 1 1 3 3 3 1 1 4 4 2 4 0 4 2 1 3 4 4 3 1 1 0 3 4 1 2 4 4 1 3 4 2 1 2 0 1 3 3 0 4 2 4 0 2 1 1 0 3 3 0 4 4 0 4 3 3 1 4 2 2 4 1 4 0 1 1 4 4 2 1 1 4 3 3 1 1 4 3 4 4 1 3 0 1 2 0 0 1 0 4 3 4 3 0 2 4 3 1 0 0 4 1 2 2 4 3 4 1 4 3 2 0
4 3 3 1 3 3 4 0 0 0 0 3 0 4 4 0 2 4 3 1 1 0 4 2 0 0 0 4 3 3 1 2 1 0 1 1 0 2 2 0 2 4 0 2 3 4 0 0 4 3 3 2 3 4 4 0 4 0 2 0 0 3 4 1 3 0 4 4 0 1 1 2 2 2 2 0 1 2 2 2 2 1 4 0 0 1 2 2 3 4 2 3 3 1 1 3 4 0 4 4 4 1 1 3 3 0 4 1 4 3 4 1 1 0 3 4 1 1 1 1 0 3 1 0 1 2 1 0 0 0 4 1 1 3 4 1 0 0 3 0 4 4 1 2 4 0 1 3 1 4 4 3 4 3 1 1 0 2 3 2 2 0 3 1 3 0 2 0 0 2 0 1 3 4 1 3 4 4 3 2 4 4
2 0 2 3 1 0 2 0 2 0 2 3 1 2 0 0 2 0 0 3 4 3 4 0 3 3 4 1 2 0 1 4 1 3 0 4 3 2 1 3 4 3 3 2 0 3 3 3 0 3 3 4 3 2 1 2 2 3 3 4 3 4 0 1 0 2 1 0 0 4 0 1 3 3 4 0 3 2 3 4 2 3 0 2 2 4 4 4 2 0 0 2 1 3 4 1 0 2 4 2 1 1 4 4 2 3 0 0 2 0 1 1 4 4 3 1 3 0 3 2 0 0 4 1 3 0 0 4 2 4 3 4 0 2 0 2 0 2 0 4 3 1 0 4 2 1 2 0 1 2 4 1 3 4 4 1 4 4 2 4 3 1 3 1 3 3 0 1 1 0 0 1 4 3 2 1 1 4 4 2 2 0
0 0 4 4 3 1 4 1 0 4 2 0 0 0 3 1 3 1 3 4 4 2 4 1 1 0 3 2 4 0 2 4 2 2 0 0 0 4 1 2 1 0 2 1 1 2 4 1 1 3 2 0 2 1 4 3 3 2 0 2 2 0 3 1 2 4 1 4 0 0 1 3 0 0 0 3 2 1 0 3 4 2 1 4 1 0 2 4 2 0 4 1 0 2 2 4 3 0 0 1 2 1 4 0 3 1 3 0 3 0 4 4 0 2 3 1 2 3 2 4 3 1 0 0 1 4 1 1 1 1 2 1 4 2 1 2 3 1 2 3 2 3 3 4 0 1 0 4 1 4 3 1 3 0 1 4 1 2 2 0 0 0 1 4 4 2 3 4 3 3 3 2 3 3 1 1 1 3 0 3 3 1
4 3 3 3 4 0 2 1 0 3 1 1 4 2 0 0 2 3 3 2 3 1 0 4 4 3 0 0 1 3 3 3 3 1 1 2 1 0 3 3 3 2 4 0 4 1 0 3 0 0 0 0 3 2 4 3 1 4 0 4 4 3 2 4 4 0 1 1 1 0 4 1 2 1 1 3 2 3 2 4 3 2 4 2 2 1 0 3 2 0 2 4 3 2 3 4 2 0 0 0 2 2 2 1 0 0 4 4 4 3 1 2 1 2 1 3 3 1 3 3 3 2 4 3 4 2 3 4 4 0 4 3 2 1 1 4 4 1 1 3 4 2 0 2 4 2 2 0 0 0 0 4 0 4 4 4 3 2 3 0 3 0 0 2 3 2 2 2 0 0 0 4 2 3 4 3 2 1 0 4 4 2
0 4 1 0 0 2 2 1 4 2 1 4 0 1 1 4 4 1 4 1 3 3 4 4 1 3 2 4 3 1 1 0 2 0 0 0 2 0 1 1 2 4 2 2 0 4 1 1 2 2 3 0 0 4 4 4 0 4 3 3 0 4 0 0 1 1 0 3 1 3 1 0 4 4 3 4 0 1 3 2 4 1 0 4 2 1 3 2 0 3 2 3 0 3 0 1 1 0 2 2 0 3 4 4 4 2 0 4 1 3 4 2 1 4 3 4 0 2 1 3 2 4 1 2 4 1 1 0 3 3 4 0 1 3 4 3 3 1 2 4 2 1 1 3 2 4 2 0 3 1 3 3 2 1 0 1 2 1 3 2 1 2 2 3 0 3 3 3 1 2 4 3 4 2 2 3 4 1 3 4 4 3
2 1 4 0 4 3 1 2 0 3 1 4 3 2 4 3 2 1 0 4 1 1 1 3 0 2 2 3 2 1 4 4 3 3 4 4 2 3 4 4 3 0 1 3 2 2 1 2 3 1 3 0 3 4 0 3 2 2 3 1 1 2 0 1 3 0 0 0 3 4 1 1 0 4 4 4 2 2 3 2 3 1 4 3 3 0 1 0 4 2 1 0 1 3 3 4 3 4 1 3 0 0 1 0 4 2 2 1 4 0 4 0 2 3 3 0 0 2 2 2 4 0 4 2 0 3 2 4 2 0 4 4 0 3 2 0 0 4 3 2 1 2 2 0 3 2 2 0 4 4 2 0 1 2 3 2 0 2 3 4 4 4 0 2 2 2 2 0 3 2 2 0 2 1 0 2 3 3 2 0 4 0
0 3 4 0 2 1 4 0 2 1 1 2 3 4 0 2 4 3 4 3 0 1 4 3 3 4 1 3 1 2 0 2 2 4 4 4 2 1 1 4 4 3 1 2 2 3 4 3 4 0 3 1 4 4 4 4 3 2 2 0 0 2 4 4 3 0 4 0 3 0 4 2 3 3 1 2 3 0 2 4 3 0 1 2 4 0 3 0 3 1 2 0 0 3 4 1 3 3 1 4 1 3 1 1 3 3 1 3 0 3 3 0 4 4 4 0 1 3 0 1 1 2 1 3 0 3 4 1 3 1 0 4 1 3 3 4 3 4 2 1 2 2 3 3 3 3 4 0 1 1 1 2 1 0 0 3 3 2 4 1 3 1 3 4 2 1 0 2 0 4 3 4 2 2 3 0 2 4 0 3 0 4
2 1 1 4 0 4 1 1 2 1 0 2 2 2 0 2 4 0 2 0 2 4 4 0 1 1 4 2 4 1 3 3 0 4 2 2 0 1 0 4 2 0 4 2 2 4 4 4 2 3 4 4 4 3 4 1 1 0 0 0 3 0 0 0 4 4 2 1 0 3 2 0 3 1 2 3 1 3 4 3 4 3 4 3 3 0 4 4 2 1 1 0 1 3 1 2 2 0 0 0 0 3 0 1 4 4 4 2 4 3 2 3 3 1 2 3 1 3 4 3 0 0 1 3 3 4 1 2 4 1 2 0 1 4 1 1 3 2 0 0 2 3 3 0 1 2 0 3 1 4 3 3 1 4 3 1 3 4 3 0 3 1 0 4 0 3 2 1 0 0 1 2 0 4 4 1 4 1 1 2 0 0
0 1 1 3 2 2 0 2 2 0 3 4 1 4 2 4 2 4 4 3 1 4 4 2 2 3 3 4 0 0 1 2 3 4 3 2 1 0 4 3 0 3 4 3 4 1 2 3 0 3 1 3 4 2 2 4 3 2 3 3 2 1 3 2 0 1 4 2 3 1 2 0 1 2 3 0 0 3 3 1 3 1 1 3 3 4 2 3 1 2 2 1 3 2 3 3 0 0 2 3 1 0 0 2 4 3 4 4 1 2 2 0 0 4 0 0 3 4 4 4 1 3 0 4 0 1 4 0 1 2 0 2 4 0 4 0 0 3 4 2 2 2 4 4 1 4 4 4 0 0 0 1 3 3 2 0 4 3 2 2 2 2 4 1 4 0 1 0 3 3 4 2 0 0 1 3 1 0 4 1 3 4
2 1 4 1 4 3 4 1 0 2 1 1 0 0 1 4 2 1 2 3 3 4 3 4 2 1 2 1 2 0 2 1 1 2 2 2 2 4 4 0 1 0 1 3 2 0 2 2 1 1 2 0 0 1 4 2 2 1 3 2 3 3 3 2 0 3 4 2 2 3 2 0 0 1 3 0 1 3 2 2 4 4 4 0 2 4 4 2 2 0 4 1 3 2 0 3 2 4 2 4 0 2 4 0 3 0 0 1 3 4 3 4 1 3 4 0 4 4 2 3 4 3 1 4 3 1 2 0 1 4 0 1 3 1 3 1 1 1 2 1 2 3 1 3 3 2 1 4 3 3 2 2 4 4 1 2 2 0 2 3 2 4 1 0 1 2 4 4 3 3 1 0 3 4 1 1 1 2 2 0 2 0
4 1 1 3 3 0 0 3 1 2 2 2 0 3 4 4 0 4 4 3 2 3 2 3 4 0 2 2 2 4 4 4 1 2 2 1 2 4 4 3 4 2 3 4 2 4 0 2 4 4 0 3 2 4 1 4 0 3 3 4 4 4 3 2 1 2 4 0 2 0 1 1 4 4 2 2 0 2 1 1 3 2 4 1 3 2 2 0 0 0 0 2 4 0 4 2 3 0 4 2 1 0 0 0 1 2 4 4 4 1 0 2 0 2 0 3 4 2 1 2 4 1 4 3 1 3 2 1 4 4 3 0 4 3 2 3 0 2 2 1 0 4 1 2 1 3 0 1 1 3 3 2 4 2 3 3 2 0 4 1 4 3 3 1 3 3 1 4 2 3 2 2 2 0 4 1 4 1 4 2 0 2
4 1 1 2 4 0 0 4 4 1 2 4 2 2 2 3 1 4 3 1 1 3 3 2 1 2 4 0 1 1 4 3 2 2 2 2 2 2 3 1 1 2 1 0 4 0 1 3 0 4 4 3 4 2 1 0 2 2 0 0 3 1 3 2 3 1 1 1 0 4 4 1 1 2 4 1 3 0 4 3 1 0 1 1 4 4 3 3 1 1 4 1 2 2 1 1 0 2 4 3 2 3 1 3 1 0 1 4 0 2 4 4 2 2 0 2 2 0 2 0 1 1 4 4 1 0 2 1 2 1 1 1 4 3 2 2 0 3 1 1 1 2 2 0 0 4 4 4 4 2 1 1 3 2 2 4 2 4 3 2 0 1 3 1 4 2 4 0 1 2 3 4 0 0 4 2 4 4 3 0 1 4
3 1 4 0 1 1 1 1 0 1 2 1 0 4 3 4 1 4 1 1 3 3 1 0 0 2 4 0 2 0 2 3 1 1 3 4 2 0 2 0 3 2 1 3 3 4 4 4 1 1 0 1 1 3 1 4 2 0 4 1 2 1 4 1 2 3 2 2 0 0 2 0 4 3 1 2 4 0 3 2 3 3 4 0 3 0 4 0 3 3 1 2 2 3 3 4 3 1 1 3 3 0 0 2 0 1 1 0 2 4 4 0 4 3 2 2 1 1 4 1 2 2 3 4 0 2 0 3 0 2 3 3 4 4 2 0 0 0 2 4 4 1 2 0 2 4 4 3 3 3 4 0 2 2 1 3 1 1 1 1 0 2 4 2 1 3 2 1 3 4 3 4 2 0 4 4 4 0 4 4 3 3
1 3 3 2 1 4 1 4 1 3 1 2 0 4 3 4 1 3 0 1 3 3 1 4 4 2 0 4 2 0 2 3 3 2 3 1 2 1 1 0 1 4 4 4 4 4 3 2 3 1 3 1 4 1 2 3 3 2 2 0 0 2 1 3 4 1 0 3 4 3 0 0 4 0 4 3 4 0 2 4 1 0 0 2 1 0 2 2 2 2 4 4 4 0 3 0 3 0 4 2 0 4 0 4 1 1 0 3 3 2 2 4 0 3 3 1 3 1 3 2 3 3 2 2 0 2 4 1 4 3 3 1 0 0 0 1 2 2 4 0 0 4 2 2 2 0 0 2 3 1 1 1 4 0 0 1 2 0 2 3 0 3 4 0 0 2 4 4 4 0 0 1 4 4 3 3 1 4 2 0 0 1
3 1 1 4 4 1 1 4 4 1 4 1 4 4 3 0 4 4 2 1 1 2 2 1 2 3 0 0 0 2 3 4 0 4 3 0 2 1 4 4 2 3 0 3 4 0 3 0 4 1 1 2 0 3 4 4 4 1 1 4 4 4 3 4 4 3 1 1 4 0 0 4 0 2 2 0 2 3 0 2 1 4 4 3 4 0 2 3 2 4 3 3 3 3 2 4 2 4 3 1 1 0 2 4 3 0 1 0 0 3 4 1 2 1 4 2 3 1 0 0 2 0 0 1 4 0 2 3 1 0 4 2 1 2 1 4 4 4 1 4 3 3 0 0 1 1 4 4 4 2 2 2 4 2 0 3 2 2 1 3 3 3 3 1 2 1 2 3 1 0 2 4 3 4 1 1 2 3 1 1 0 0
0 4 2 0 0 2 0 3 2 0 1 0 1 0 4 0 3 0 0 2 1 4 1 4 0 0 2 3 2 2 3 2 4 3 0 1 0 2 4 4 4 3 0 0 3 4 2 4 1 2 1 4 3 0 3 1 0 1 4 4 0 0 4 4 3 1 2 0 3 2 1 2 0 1 4 0 2 1 1 0 3 3 4 4 0 3 0 0 4 4 2 4 1 1 1 4 2 3 1 0 2 3 4 4 1 3 2 1 1 3 3 1 3 3 0 3 3 0 1 2 2 3 3 3 4 1 0 3 2 3 3 4 3 4 4 0 2 3 3 0 1 1 1 0 1 4 0 4 4 3 1 1 3 2 2 4 3 2 2 0 0 2 2 1 1 3 3 0 1 1 0 4 4 2 1 1 3 2 0 2 2 4
1 1 3 0 0 1 2 3 4 4 0 3 0 4 1 3 4 2 1 0 1 1 4 3 4 2 2 4 1 4 0 4 2 3 4 3 2 1 3 3 3 0 1 0 4 2 1 1 1 2 3 4 0 2 4 4 1 3 1 4 0 3 4 2 4 3 2 1 2 0 1 2 3 2 2 4 1 0 0 4 0 3 3 0 2 0 2 3 3 0 3 0 0 4 3 4 2 0 2 4 3 3 1 1 0 1 0 1 1 1 2 1 1 1 4 4 3 3 4 3 3 4 4 3 3 2 0 1 4 2 2 4 1 1 0 3 2 3 2 0 1 4 2 2 2 3 1 0 1 3 4 4 2 0 4 1 4 4 4 0 2 1 0 0 4 0 3 1 0 0 4 1 0 1 4 2 1 2 0 2 0 1
3 3 1 4 1 0 4 0 0 3 3 0 0 3 3 3 1 3 4 0 0 1 3 1 0 4 3 0 1 1 1 1 4 4 1 2 1 2 2 2 0 2 4 0 0 4 0 4 0 1 4 2 2 3 3 0 4 3 0 3 4 4 4 0 3 0 4 0 4 3 4 1 1 0 1 3 0 4 2 2 0 4 4 0 2 4 0 3 4 2 1 1 1 3 3 2 0 3 2 0 1 3 1 4 3 0 3 0 4 2 2 1 1 3 1 0 4 3 4 4 1 0 0 4 3 3 1 4 3 0 4 0 0 2 4 4 2 4 1 1 2 1 3 3 4 1 4 4 2 3 0 0 0 2 4 1 0 3 0 1 0 1 1 1 3 2 2 3 2 3 4 1 4 4 4 1 3 0 0 0 0 2
2 1 4 3 2 1 1 4 2 4 2 0 2 2 0 4 0 2 2 2 0 4 3 1 0 3 2 2 3 2 4 2 0 3 1 4 4 4 0 4 3 4 4 0 2 4 1 4 3 1 3 3 0 4 0 0 2 4 2 3 3 3 0 4 1 1 0 2 1 1 1 1 0 1 4 4 2 0 1 1 1 1 1 3 0 3 0 0 2 2 3 1 2 0 2 0 2 2 3 0 3 1 3 1 2 2 2 2 3 3 3 1 2 1 0 2 0 0 4 2 0 2 0 4 3 2 0 2 0 3 4 0 4 2 1 4 0 4 1 0 4 1 3 1 4 0 1 4 3 0 4 0 0 4 4 0 4 4 4 4 2 3 4 4 2 3 0 4 4 1 1 0 4 0 2 3 0 0 0 0 2 4
0 4 0 0 4 4 4 0 0 4 3 2 0 3 0 0 2 4 3 4 4 2 4 3 2 1 0 2 2 0 3 4 4 4 4 1 0 1 1 1 2 2 3 2 0 0 4 2 1 2 3 2 1 2 3 3 1 0 3 0 0 3 4 2 2 4 3 0 2 1 3 4 3 1 3 0 3 2 0 4 4 3 3 0 3 1 0 4 2 0 1 4 4 0 1 3 1 1 3 0 3 1 4 3 4 2 1 4 1 1 0 0 4 4 2 4 2 0 0 4 0 1 1 4 4 2 0 2 4 3 3 4 2 4 4 3 4 0 3 0 1 3 1 3 4 0 4 2 0 0 3 1 3 4 2 2 4 2 0 3 3 0 4 2 4 3 0 3 4 0 4 2 1 2 2 0 4 2 2 0 2 3
3 2 2 2 0 1 2 2 1 2 4 0 4 3 1 1 4 2 4 0 4 0 4 2 0 3 1 0 0 0 3 0 2 0 3 4 4 2 1 2 4 0 3 0 1 1 3 0 3 2 2 2 4 1 1 0 4 2 0 2 4 0 2 2 0 0 1 1 4 0 4 3 2 4 0 3 0 1 0 3 3 2 2 3 3 4 0 0 3 2 2 0 2 1 2 4 4 0 1 3 2 0 4 0 1 4 3 1 2 1 1 1 3 3 1 4 4 3 4 0 0 3 0 2 4 4 1 0 1 4 4 4 1 3 4 2 4 4 0 2 0 1 0 1 2 3 0 3 1 1 3 1 1 0 0 2 4 3 3 3 0 2 2 1 2 3 1 3 2 3 2 0 0 4 1 4 2 3 2 0 1 1
3 2 3 0 4 0 4 4 3 1 3 2 2 2 0 0 1 4 4 0 1 1 0 4 0 4 2 4 0 3 2 3 2 1 4 4 1 0 3 4 1 4 1 0 1 3 1 4 2 2 0 4 0 0 3 2 4 3 1 1 3 4 2 1 0 3 0 1 3 0 2 1 4 0 1 1 3 4 0 2 3 2 3 3 2 4 0 4 2 2 2 2 1 4 3 3 2 3 1 2 4 3 3 3 0 0 1 0 1 2 2 0 1 3 0 4 2 1 0 1 0 2 3 3 4 2 1 1 2 4 4 3 4 4 4 4 4 0 4 3 4 3 0 1 1 0 2 3 1 2 4 1 1 0 1 2 2 2 1 1 1 2 0 0 1 4 1 3 4 0 1 1 1 1 2 2 1 4 3 0 3 4
3 1 4 0 4 3 4 0 0 1 2 0 3 0 1 2 3 2 4 4 3 0 2 0 3 1 1 3 1 1 2 4 3 2 1 4 2 1 1 2 4 0 4 4 0 2 1 4 0 1 0 3 1 0 1 1 1 2 4 4 4 2 0 4 1 2 3 3 3 1 3 4 1 4 3 1 2 0 2 2 1 0 2 4 0 3 1 1 1 0 2 2 4 2 1 2 4 1 3 4 2 1 3 0 2 2 3 4 2 1 3 0 1 1 4 3 4 0 1 2 3 3 1 4 0 4 2 2 0 0 3 4 3 2 1 0 1 0 2 0 1 0 0 4 3 1 2 0 4 0 4 2 3 1 3 0 0 2 2 3 4 1 4 2 0 1 0 3 1 2 0 4 4 2 3 0 3 2 0 2 2 4
1 2 0 0 2 3 2 2 3 2 0 2 1 2 0 1 0 1 0 0 0 2 2 0 2 2 4 4 0 3 3 1 2 1 3 0 1 3 4 4 0 4 3 3 1 4 2 3 0 4 0 3 3 2 0 0 4 2 1 1 0 2 0 3 3 3 0 4 1 4 0 3 0 3 4 3 2 1 1 0 0 1 3 4 0 0 1 1 2 0 3 3 2 0 3 0 3 0 1 2 4 3 2 1 1 1 4 1 4 0 1 2 3 1 3 3 1 1 4 4 1 4 4 3 4 2 0 0 2 3 4 3 1 3 4 3 2 3 4 1 0 2 3 3 3 3 1 4 0 2 3 1 4 4 0 3 3 2 0 2 1 4 0 2 0 1 2 2 1 3 3 1 0 4 1 3 2 2 0 4 2 0
1 1 0 3 1 3 0 2 1 1 3 3 4 0 2 3 2 3 2 3 2 4 4 3 0 3 3 0 3 0 0 4 3 0 2 4 4 2 3 2 4 4 0 0 4 2 0 4 3 2 2 0 4 1 0 4 4 3 4 2 0 4 3 0 2 0 2 3 0 0 0 1 1 2 1 3 2 1 2 2 1 4 2 2 2 4 1 3 3 2 3 0 3 1 1 0 4 3 3 4 0 0 0 2 0 3 0 4 1 4 1 4 3 0 1 2 4 4 0 4 1 0 0 0 2 3 2 3 1 3 4 1 3 1 0 0 4 2 1 2 1 2 4 1 4 2 0 4 2 3 0 0 3 0 0 2 3 3 0 1 1 4 0 1 0 2 4 1 0 0 1 3 0 0 0 4 4 2 0 1 0 1
2 4 1 4 1 2 4 2 0 0 3 0 4 1 0 0 2 0 0 0 0 0 2 2 2 2 0 2 3 0 3 2 4 2 2 1 4 1 0 1 4 0 4 0 1 4 0 1 4 2 1 4 0 4 2 2 3 4 1 1 4 0 1 4 2 0 2 3 3 4 4 4 4 3 4 3 2 1 4 3 4 2 0 1 3 4 0 1 3 1 0 2 1 3 3 0 3 2 0 1 1 2 1 3 2 2 3 2 4 4 0 0 1 2 1 2 3 3 0 1 4 2 1 3 0 4 3 0 4 4 2 2 3 0 0 0 2 3 2 3 4 3 3 3 2 1 0 1 4 2 4 4 0 0 4 0 2 2 1 1 3 0 3 1 0 1 2 4 1 1 3 1 1 3 4 4 0 1 0 1 3 4
2 3 2 1 1 4 1 4 2 4 1 2 3 3 3 2 2 2 3 0 3 0 1 4 1 1 0 3 4 0 4 2 1 1 0 4 2 1 3 1 3 1 4 1 4 4 0 1 1 3 4 1 0 0 0 1 3 2 4 2 3 4 1 4 2 4 0 2 0 3 3 0 1 2 1 0 4 3 3 0 4 2 2 4 4 4 3 4 2 4 4 2 0 0 3 3 4 3 0 2 3 0 2 4 3 1 4 2 1 4 4 0 2 1 0 3 1 0 3 0 4 2 2 0 4 0 0 1 3 2 0 1 2 2 0 0 0 1 4 2 0 1 4 4 4 1 0 0 1 3 2 1 2 4 3 1 4 3 4 4 0 4 2 2 4 2 0 1 0 1 0 3 2 0 2 2 1 4 4 3 2 4
1 4 3 1 3 0 4 2 1 1 4 4 0 3 3 0 4 4 4 0 4 3 0 3 2 3 3 4 3 0 3 1 2 3 2 2 0 1 1 2 4 0 3 0 3 1 2 0 2 1 2 1 2 4 0 4 2 0 0 1 0 3 2 4 4 2 3 4 3 0 3 0 0 1 0 1 0 2 3 2 1 0 1 3 4 3 4 3 3 0 1 0 0 1 2 4 3 0 1 3 0 1 3 3 3 0 1 0 3 1 2 1 1 0 1 2 3 2 0 3 2 2 4 0 3 3 1 3 3 2 1 1 4 0 1 4 0 4 1 0 0 0 3 1 1 1 0 1 4 0 0 3 4 1 3 4 4 2 2 4 4 4 0 0 1 3 1 3 2 2 1 2 3 4 0 1 3 0 2 2 1 4
2 2 2 3 2 3 0 1 3 1 2 0 4 0 1 2 4 3 0 2 3 0 3 3 3 1 4 0 0 2 2 3 4 1 1 3 0 3 0 0 4 4 2 3 0 3 1 4 4 3 1 2 0 1 0 3 3 1 0 3 3 4 1 0 1 4 0 3 2 2 3 4 2 2 4 2 3 2 3 2 0 1 1 2 2 3 0 0 0 1 1 0 2 4 2 3 4 3 1 3 0 1 2 2 1 2 1 4 4 4 3 2 0 4 4 3 2 2 0 4 0 1 0 2 1 4 1 2 2 4 0 0 3 0 2 4 2 4 0 3 3 3 2 1 4 2 1 3 1 1 0 1 0 2 3 3 1 1 0 4 3 2 4 1 2 3 2 1 4 2 0 3 2 2 1 3 1 2 1 4 0 1
0 2 3 1 0 2 2 2 3 2 0 2 3 4 2 0 1 2 4 3 2 3 2 3 1 4 2 3 3 2 1 1 0 2 2 2 4 1 0 2 4 2 1 4 1 0 0 2 2 1 0 4 0 3 4 1 4 1 1 4 1 0 2 3 4 4 0 0 1 2 4 2 1 2 1 3 2 3 2 0 0 0 1 2 0 1 0 1 2 2 0 3 4 3 3 3 4 4 0 2 3 4 4 0 1 1 0 3 1 2 0 1 4 2 0 4 3 1 0 2 0 3 3 4 3 1 4 2 2 4 0 1 0 1 3 3 4 3 3 1 2 4 4 2 3 0 1 3 1 2 0 1 0 0 2 0 2 1 2 1 2 4 2 4 1 0 2 2 0 0 3 3 1 3 0 4 3 1 4 4 0 0
2 2 0 4 2 4 2 2 1 1 1 0 0 4 3 4 2 3 1 2 1 3 0 3 4 0 0 4 1 2 1 3 2 3 4 4 3 1 1 1 2 0 1 4 1 1 3 3 0 0 3 3 0 0 4 1 1 1 2 2 3 0 3 0 4 2 2 4 4 0 0 3 0 3 3 2 2 1 2 2 3 2 2 0 3 1 2 4 2 1 1 3 2 1 0 1 4 2 2 3 3 4 1 3 4 4 2 1 3 2 0 3 4 3 4 2 1 3 1 1 1 0 1 3 1 1 1 2 4 0 0 2 4 4 2 4 0 2 0 3 4 1 4 0 1 3 3 4 3 1 0 4 3 1 0 2 3 3 4 4 4 2 3 3 1 0 2 1 2 0 2 3 1 3 1 4 3 4 3 1 2 1
2 3 4 4 2 4 3 1 3 2 0 1 2 1 4 0 0 3 0 4 2 3 2 3 2 0 4 2 3 3 3 2 1 3 2 3 2 0 2 3 4 4 4 1 1 3 3 3 2 0 4 1 0 3 1 4 0 2 2 3 0 2 2 4 0 4 4 0 1 3 3 0 3 4 4 1 0 2 4 4 0 0 2 0 3 3 0 3 0 2 3 2 4 0 1 2 2 1 4 0 4 4 3 4 3 2 0 0 1 1 4 1 1 1 4 4 1 4 4 1 3 4 1 4 2 2 1 4 0 2 4 2 1 2 1 2 1 4 2 0 0 4 1 2 2 2 3 4 1 0 2 4 4 3 1 1 3 4 2 0 2 4 4 3 3 3 2 0 2 0 2 2 1 3 4 3 1 0 2 4 0 0
1 4 0 2 3 3 1 2 4 0 1 0 1 0 3 3 2 0 0 4 3 1 4 4 2 2 4 4 4 1 1 0 3 2 4 1 2 2 3 1 3 2 2 4 4 2 2 1 3 0 2 1 3 3 2 0 1 2 0 2 3 1 2 3 0 1 4 3 0 0 1 3 2 0 4 1 3 4 4 1 4 3 4 2 1 1 3 4 0 0 1 1 3 0 4 4 3 1 2 4 1 0 4 0 1 4 3 4 3 4 2 2 2 1 1 0 4 1 2 0 1 3 1 0 1 2 4 4 3 3 3 1 3 3 1 1 2 1 0 2 0 2 1 4 0 2 2 0 4 4 0 0 2 3 2 3 0 3 0 4 3 3 0 2 3 4 0 2 0 1 4 3 0 0 4 3 0 1 3 4 0 0
1 0 0 4 0 0 4 0 1 3 1 4 2 1 0 2 4 2 3 0 2 1 3 2 4 3 3 4 4 1 1 0 1 1 1 3 3 3 1 2 1 2 3 3 3 3 0 4 2 1 0 0 2 0 2 3 3 2 4 2 3 0 4 1 3 3 2 1 1 3 0 4 2 3 2 0 3 2 2 3 3 4 3 2 4 2 2 2 1 1 1 2 3 2 3 1 2 2 0 3 0 0 4 2 1 1 0 1 1 2 4 1 3 2 4 2 1 3 1 3 2 2 0 0 1 0 4 4 3 4 4 3 1 4 3 2 0 0 1 3 4 0 0 2 3 1 4 1 4 2 4 1 1 4 4 2 0 3 1 0 4 3 0 0 2 3 0 4 3 1 3 4 1 3 1 1 4 2 3 0 4 4
2 0 4 3 0 1 1 1 1 2 4 1 2 3 0 4 3 0 2 3 2 1 3 3 4 2 3 4 4 4 4 3 0 0 1 0 1 4 3 2 1 0 3 1 3 0 0 3 3 0 1 0 1 4 0 0 3 3 2 3 3 1 3 0 1 0 2 2 4 2 1 3 2 4 4 3 2 1 1 2 1 0 2 4 1 4 0 0 3 2 0 3 0 3 0 1 0 2 0 2 1 1 0 4 2 4 4 1 2 2 3 4 2 2 3 1 4 0 1 4 4 3 2 1 3 4 2 4 3 4 1 4 2 1 0 0 2 4 3 4 2 4 0 1 3 4 2 2 1 0 1 3 0 0 4 4 4 4 0 2 3 3 2 1 1 2 3 3 4 3 4 3 2 0 1 1 1 4 3 2 1 0
0 2 0 2 3 2 1 0 4 4 3 1 2 4 1 0 4 2 4 3 0 3 0 1 4 1 2 3 1 4 0 3 3 2 0 3 4 1 3 4 1 3 2 3 4 0 1 3 2 2 3 2 0 4 1 0 2 3 0 3 4 2 2 2 1 2 2 1 1 0 2 2 0 1 2 4 2 0 4 1 2 3 1 0 4 2 0 1 0 2 0 0 4 2 4 0 1 2 3 2 4 2 1 2 4 4 1 3 1 1 4 4 1 2 4 0 4 1 1 2 0 1 4 1 0 0 1 2 2 2 1 4 4 3 1 0 4 4 0 0 2 2 1 3 4 2 3 4 0 0 3 0 3 2 1 4 2 0 3 2 4 4 3 0 4 1 1 3 0 3 1 3 0 4 3 0 4 2 1 1 4 4
2 2 1 0 1 0 2 4 2 3 1 0 4 0 3 2 1 4 0 4 4 1 3 2 1 4 1 2 1 0 3 0 3 4 2 4 4 0 1 4 0 2 1 4 2 0 1 3 4 4 2 0 0 3 4 3 2 1 2 0 1 0 0 1 1 0 1 0 0 2 4 0 4 3 2 3 3 0 2 4 4 1 4 4 4 3 4 4 1 1 1 0 3 4 1 4 4 2 2 4 1 3 1 2 1 0 1 4 1 0 3 0 1 2 2 3 3 3 4 1 2 0 1 0 4 3 0 3 2 2 4 4 0 3 1 4 0 4 3 1 4 2 4 3 1 3 1 1 3 2 3 0 2 4 1 4 2 3 4 2 2 1 1 2 1 4 1 1 1 2 0 0 4 4 3 2 4 1 4 2 3 2
3 3 3 1 4 3 4 0 0 1 1 3 0 2 4 4 1 0 1 1 1 2 0 1 4 1 0 0 3 0 4 3 0 3 4 4 1 0 2 3 1 3 1 4 3 0 3 4 1 1 0 4 0 2 2 1 0 2 2 0 0 1 4 0 1 0 2 4 1 4 2 4 2 3 3 2 1 3 3 4 1 3 0 1 2 2 3 2 2 2 3 4 3 4 4 0 4 1 4 2 0 4 4 0 4 4 4 0 3 3 1 1 3 1 3 3 1 3 0 0 0 0 4 0 1 3 2 3 2 4 2 4 3 1 4 2 1 1 0 1 4 1 2 2 0 2 2 1 2 0 1 2 0 2 0 4 0 2 2 2 3 1 4 1 3 0 1 4 1 3 0 0 4 4 0 1 2 2 2 1 2 0
1 0 2 1 1 0 0 0 4 4 1 3 2 4 4 0 0 2 3 0 0 3 2 2 4 4 1 4 0 4 1 1 1 1 4 4 3 0 4 2 1 2 3 3 2 4 4 2 1 2 0 3 2 2 0 4 3 2 0 0 3 3 4 4 4 3 0 4 0 4 4 3 1 2 4 0 3 0 0 1 4 2 0 2 4 0 3 4 2 0 4 0 3 0 1 0 1 1 4 1 2 3 2 1 2 1 3 2 1 3 4 0 0 4 4 1 1 2 0 1 4 2 1 3 2 0 0 0 1 1 4 1 2 1 4 1 2 2 4 3 1 0 0 3 1 0 0 2 4 0 3 4 4 2 4 4 2 4 4 0 2 3 1 4 1 0 1 3 0 2 3 1 2 4 4 3 4 1 0 3 4 1
2 3 3 3 2 2 2 4 2 0 4 1 1 1 3 4 4 3 1 0 1 3 4 1 3 0 2 1 3 1 2 3 2 2 1 1 4 1 2 1 3 2 4 4 3 3 1 4 3 2 4 0 3 0 3 3 0 2 4 1 4 3 1 3 0 2 4 1 0 2 0 3 1 4 0 4 4 1 0 3 0 2 3 0 2 3 4 0 0 3 1 1 2 2 4 4 1 1 1 2 0 3 2 1 2 2 2 2 0 2 2 3 1 2 3 1 0 2 1 0 3 4 2 2 3 1 1 4 4 4 3 4 2 1 2 2 0 4 1 3 4 3 1 0 2 4 1 2 4 4 2 2 3 1 4 3 0 2 3 4 4 3 1 3 4 3 0 2 3 1 0 4 1 1 4 3 2 3 0 3 4 0
0 0 3 1 3 3 1 3 0 2 2 1 0 3 4 1 0 4 2 0 3 1 3 0 4 3 0 2 1 4 4 4 4 2 2 3 3 0 1 3 2 0 1 3 4 2 1 4 2 3 2 2 1 2 2 1 0 2 3 4 2 4 0 3 1 4 1 4 0 0 4 4 0 0 2 1 3 3 1 0 4 3 4 0 0 2 3 3 4 3 4 3 2 4 2 1 3 0 0 3 2 2 0 0 2 2 1 0 3 2 2 4 2 2 1 0 1 2 0 2 0 4 1 0 3 0 1 1 0 3 2 0 0 4 0 3 3 1 0 1 1 0 2 0 4 1 0 0 3 0 2 0 4 0 0 4 0 3 3 3 2 2 3 2 1 0 2 4 3 0 3 1 2 0 2 1 3 4 3 3 0 0
4 1 3 1 1 0 0 1 3 4 3 3 3 4 0 1 3 4 3 3 2 0 1 4 1 4 4 1 3 1 3 4 2 1 2 0 2 2 1 2 3 1 3 2 0 3 3 1 4 3 4 2 3 0 3 1 2 2 2 2 3 0 1 3 4 3 0 1 3 4 0 1 0 0 3 3 1 3 4 0 1 0 4 1 3 0 2 2 2 4 4 3 2 2 3 1 2 3 4 2 2 1 1 3 2 1 1 3 0 2 3 3 4 0 0 4 0 4 1 4 1 2 4 3 4 2 1 4 1 0 1 3 1 4 3 0 1 1 3 1 0 2 1 0 4 3 4 1 3 3 0 4 0 0 4 2 4 0 1 0 2 4 1 0 4 1 1 0 3 1 3 3 3 1 0 4 0 2 2 0 0 3
4 2 0 0 4 1 2 2 2 1 4 0 3 0 1 1 2 1 3 2 2 3 3 2 3 0 1 0 0 1 0 1 1 2 1 0 4 3 0 3 4 1 0 0 1 3 1 3 2 4 0 4 3 0 3 1 1 0 3 3 3 1 0 4 0 1 2 1 2 4 1 3 0 1 3 1 0 0 1 2 1 3 3 4 3 3 2 1 3 3 0 4 4 2 3 4 0 2 3 2 1 4 3 1 1 3 4 3 0 0 2 2 3 2 1 4 0 1 2 4 4 2 0 0 1 0 1 2 3 4 4 4 4 4 3 2 3 4 0 3 0 4 2 0 1 4 1 1 2 4 2 1 3 2 1 0 3 2 4 3 4 3 4 3 0 2 0 0 4 2 3 4 3 3 1 4 4 0 2 1 1 0
2 1 4 0 1 4 4 2 2 3 3 4 3 3 1 0 3 2 2 3 1 0 1 0 1 0 2 4 1 3 1 0 4 0 2 3 2 2 0 1 2 3 0 1 3 4 1 1 1 1 0 0 3 3 0 0 4 4 1 2 2 2 3 3 4 2 3 1 4 4 0 2 4 0 0 3 4 3 1 1 4 3 1 0 2 3 2 3 2 3 2 1 2 2 1 3 0 0 2 4 1 2 3 0 2 0 0 2 4 2 0 0 2 1 0 4 1 4 4 0 4 2 1 3 4 2 2 4 2 1 1 0 3 1 1 2 2 3 1 1 2 1 3 0 4 1 4 2 0 1 2 2 3 3 0 2 3 4 4 2 0 0 3 3 1 1 1 3 1 4 1 4 1 2 4 2 3 0 0 0 1 2
2 1 3 0 1 3 4 0 0 0 0 0 0 3 1 3 4 3 3 2 4 1 4 3 3 4 0 0 2 2 3 1 0 3 1 1 1 3 1 1 0 3 4 0 4 0 1 3 0 4 2 4 2 2 4 0 3 0 3 0 4 1 4 4 1 2 3 2 0 4 0 0 0 4 3 4 2 4 4 2 0 1 4 2 3 0 4 4 2 2 1 3 0 0 0 1 3 3 0 0 4 1 3 4 0 3 3 2 4 2 2 4 4 3 3 4 0 4 0 3 4 2 1 4 4 1 3 4 4 3 2 1 4 0 0 2 3 1 1 2 0 3 3 1 3 3 1 4 2 3 2 1 2 0 3 4 4 1 3 0 1 0 1 1 2 2 0 2 3 1 1 0 0 4 2 0 4 0 4 4 3 3
2 1 1 0 0 0 3 0 0 0 3 2 3 2 1 3 0 1 4 1 1 1 3 3 2 4 3 3 3 2 2 1 0 3 3 2 0 4 4 0 4 2 4 4 0 0 4 2 1 3 0 0 2 0 3 4 0 2 4 0 1 1 3 3 1 2 0 1 1 4 4 2 4 3 3 1 4 2 3 2 0 0 2 4 3 3 0 3 2 0 0 3 3 4 1 0 3 3 3 1 2 2 3 3 1 1 4 2 3 4 1 0 0 1 0 3 4 2 3 1 2 0 1 1 4 2 3 4 0 1 0 4 4 3 3 2 1 4 4 1 4 0 4 1 1 4 1 2 3 4 3 1 1 4 4 1 3 2 0 0 3 1 2 2 1 0 4 0 1 0 1 0 3 0 1 4 1 2 4 0 3 2
3 0 4 2 3 4 4 0 0 2 3 2 2 0 4 3 0 0 4 3 3 2 4 4 3 0 4 2 2 4 2 0 4 3 2 2 2 1 3 2 1 3 1 3 3 2 1 0 0 2 4 3 4 0 4 0 2 0 4 0 0 1 2 4 4 0 4 4 3 4 3 4 2 0 4 3 4 1 3 4 0 4 4 0 4 4 0 2 4 4 4 4 3 1 1 4 3 2 3 2 1 4 3 0 4 0 3 0 3 4 2 3 3 1 3 0 2 0 4 4 2 3 0 2 1 1 1 0 3 2 4 1 1 4 2 2 4 2 2 2 1 4 1 2 3 1 2 0 4 1 4 1 1 0 3 4 3 1 1 4 0 2 0 1 2 4 0 3 2 0 1 0 4 4 2 4 0 4 0 4 2 1
2 0 3 2 0 2 4 1 1 4 4 3 3 3 0 3 1 2 3 4 2 0 3 0 1 4 1 3 0 4 0 3 4 3 0 1 2 1 0 0 3 1 4 1 4 1 1 2 3 2 2 2 2 2 4 3 3 1 2 4 2 4 4 3 4 4 2 4 3 2 4 1 0 0 4 4 1 2 3 1 4 2 1 3 0 0 4 3 3 3 4 2 2 3 1 3 0 0 2 3 2 4 1 2 4 2 3 3 4 3 4 4 1 0 4 3 3 3 1 1 1 1 4 0 1 2 1 1 4 3 1 3 2 4 0 4 1 0 2 1 0 1 2 1 4 1 4 2 0 3 3 3 1 4 4 2 3 0 1 2 0 2 0 0 2 2 4 3 4 1 1 0 4 3 3 3 2 3 0 2 3 1
0 4 0 1 3 1 3 4 3 4 4 1 1 3 3 0 3 3 1 0 0 0 0 3 1 2 3 1 4 1 4 2 0 0 0 1 3 1 0 1 2 4 4 3 2 3 3 1 3 1 3 3 1 3 3 4 1 2 1 2 3 0 1 1 2 4 2 0 0 4 4 2 1 3 0 3 3 0 1 3 1 1 1 4 0 2 4 3 4 2 2 4 4 4 2 2 3 1 4 0 1 0 4 4 1 4 2 4 1 1 3 2 2 1 1 4 3 2 2 4 4 0 4 1 1 3 3 1 0 4 1 3 2 0 2 3 1 1 4 2 2 4 1 2 3 4 1 3 2 1 3 3 3 4 4 4 2 4 2 2 1 0 2 3 0 4 3 3 1 4 2 0 1 3 2 4 4 1 2 3 2 2
4 2 1 3 1 4 0 3 3 3 3 1 3 0 2 3 0 3 2 2 4 3 2 3 4 1 1 4 0 0 1 1 2 0 4 3 1 1 3 4 1 3 2 4 0 0 4 0 0 2 4 1 2 3 2 4 2 3 3 4 4 4 0 1 1 4 2 2 3 2 4 1 3 1 1 3 3 2 1 1 4 0 2 4 1 1 3 3 0 3 2 4 4 2 2 1 3 1 3 3 4 2 0 2 1 3 2 1 0 3 2 0 1 2 1 2 3 1 0 0 4 4 1 3 1 4 4 4 2 3 3 1 2 3 0 3 1 3 2 3 3 4 3 1 3 1 3 2 2 0 2 3 1 1 2 2 0 1 4 2 1 2 1 1 2 3 4 0 3 1 3 2 3 4 3 3 2 4 2 2 1 2
0 3 3 2 2 3 1 1 2 4 0 0 0 4 4 2 4 2 0 0 1 0 1 0 4 3 1 1 0 2 3 3 2 1 0 0 1 3 1 1 0 2 1 0 1 0 4 3 0 0 0 1 2 3 3 1 1 4 3 4 4 3 4 3 0 1 3 3 0 2 4 0 1 1 2 4 3 4 2 0 4 4 2 1 2 2 0 1 2 0 2 3 3 1 1 0 2 2 1 4 4 0 4 2 3 4 1 4 3 1 4 4 0 3 2 0 1 2 1 0 4 3 3 3 1 1 0 3 0 1 3 1 4 4 3 2 0 0 3 3 3 3 4 0 1 2 0 4 1 1 4 1 1 2 1 2 1 3 3 1 2 1 3 1 2 3 0 3 3 4 3 1 4 3 2 2 2 4 2 0 3 1
3 4 1 1 4 4 0 2 0 2 0 0 0 2 4 0 0 4 1 1 3 2 4 2 0 3 1 4 3 4 0 2 1 3 3 0 2 0 4 0 4 4 2 4 3 1 2 4 3 0 2 1 3 3 3 3 1 1 2 1 3 4 0 4 3 1 1 2 3 0 4 3 4 2 2 2 3 1 3 3 2 2 4 0 0 4 3 3 1 2 0 4 1 2 0 1 3 1 1 2 1 0 2 2 2 1 1 3 3 2 1 0 4 1 2 0 2 2 3 3 4 0 4 2 3 4 1 3 2 2 2 3 2 4 2 0 1 1 0 1 3 1 1 2 4 3 4 2 0 0 2 1 2 4 0 2 0 1 1 3 3 0 3 1 2 1 3 3 2 3 1 2 4 2 1 4 2 3 3 4 3 0
2 2 4 2 0 0 4 3 0 2 0 3 0 2 1 3 2 0 1 3 2 3 2 4 4 1 4 2 0 2 4 4 4 4 2 1 1 1 4 1 0 0 1 1 4 3 1 2 3 0 0 3 3 0 4 4 1 3 1 4 2 0 3 3 1 0 0 4 3 1 0 1 3 2 4 0 2 0 2 2 0 4 0 0 4 1 1 3 4 4 2 3 2 0 2 3 3 4 3 3 2 0 4 3 4 3 3 1 1 0 4 3 1 1 1 3 0 2 1 4 2 3 0 4 0 2 4 3 3 4 2 0 2 3 3 1 4 3 0 0 0 1 3 2 4 1 2 4 4 3 1 3 3 1 4 3 0 3 4 3 0 3 0 4 1 1 0 0 4 2 2 0 0 1 4 0 4 1 4 3 4 0
3 4 3 2 2 3 3 1 3 0 1 4 4 3 2 1 0 1 4 3 3 4 1 2 1 0 3 3 1 4 0 4 3 4 2 3 4 0 1 3 2 3 4 1 1 1 2 3 4 1 1 3 3 4 2 4 0 1 2 1 2 3 2 1 4 4 1 3 1 2 3 3 0 2 1 3 0 4 2 0 2 3 0 0 0 4 2 0 2 1 3 0 1 0 3 2 2 4 1 0 1 4 1 4 4 2 2 1 3 4 3 1 0 3 3 0 3 0 2 0 4 0 2 2 2 0 0 1 1 1 4 0 2 2 4 3 1 1 0 0 3 3 3 3 4 1 0 2 4 2 4 3 4 4 2 3 1 2 0 3 0 1 3 3 3 4 3 1 0 3 3 0 2 1 3 1 3 0 0 2 2 1
2 1 0 4 2 4 4 2 2 4 0 2 4 0 3 3 1 0 1 0 1 0 1 4 3 1 2 0 3 4 2 2 3 4 4 0 0 3 4 4 2 4 1 4 4 1 2 2 2 0 2 3 3 1 4 1 2 1 2 3 3 1 2 1 2 1 1 3 1 2 2 1 1 1 0 2 4 4 1 1 4 1 1 4 2 1 1 1 4 0 1 2 3 4 3 2 2 1 2 4 3 2 0 1 0 2 0 4 1 2 1 2 3 2 2 2 0 0 0 0 0 2 2 0 3 3 2 0 1 0 1 0 4 3 3 4 2 1 3 3 3 1 3 3 1 0 2 3 0 2 3 2 1 3 2 1 3 1 4 4 3 0 1 2 1 0 3 3 1 2 4 1 0 2 1 3 2 0 2 4 4 2
1 1 2 0 4 0 3 3 0 4 4 3 3 2 3 2 0 1 1 4 4 1 1 2 0 0 2 4 4 4 1 2 2 4 4 1 1 0 0 3 4 1 2 2 3 2 4 0 1 0 2 2 4 3 0 1 1 4 0 2 0 3 2 2 4 1 4 1 1 1 1 0 2 3 0 0 1 4 2 4 2 4 1 1 0 3 4 1 3 4 0 3 4 2 3 4 4 2 2 2 3 0 0 2 4 0 4 2 1 1 1 3 1 2 1 3 1 0 4 1 1 1 1 1 4 4 2 0 3 1 2 3 1 4 0 2 4 4 4 1 3 2 1 1 2 3 4 0 3 0 1 2 1 2 0 0 4 4 0 2 0 0 1 3 4 3 3 1 3 2 2 3 2 3 4 4 3 3 4 4 3 2
1 4 1 1 2 0 0 2 0 2 4 3 2 4 1 0 0 1 0 4 4 2 4 3 3 3 3 2 4 1 4 2 3 2 3 0 3 0 4 0 4 4 3 3 0 4 4 2 3 1 1 2 3 2 3 3 2 1 0 1 0 1 3 3 0 3 3 3 0 4 3 1 3 1 0 0 3 1 2 1 2 0 0 0 3 0 0 0 4 2 4 4 0 4 4 0 3 4 4 0 3 4 2 2 3 2 2 3 3 2 1 0 2 1 2 2 2 2 0 1 4 4 2 4 3 1 4 3 0 0 4 3 2 1 2 2 0 2 0 0 4 1 0 3 4 4 1 1 3 1 4 4 2 3 3 2 1 4 1 1 2 2 2 1 3 1 3 0 0 3 0 4 4 2 3 3 3 1 2 1 2 3
0 1 4 0 3 0 1 4 4 0 1 3 1 1 4 4 3 0 4 3 1 3 2 1 4 0 2 3 1 1 3 3 2 2 3 1 3 2 2 4 2 1 2 4 4 3 0 3 3 0 3 2 0 1 3 1 3 3 4 0 1 0 0 4 2 1 2 2 3 1 1 0 4 0 1 4 4 2 2 4 4 2 1 4 0 2 3 4 2 2 1 3 2 1 4 2 2 3 4 2 0 3 3 4 3 1 0 4 0 4 4 4 2 2 1 2 4 4 3 1 3 4 2 3 3 1 0 2 0 1 0 2 1 0 3 2 1 4 1 2 3 0 3 2 0 1 2 4 2 0 3 1 2 0 4 2 3 1 4 3 4 4 2 3 4 1 0 3 0 3 0 0 4 0 3 4 2 2 0 4 2 0
2 1 0 3 3 4 4 3 4 1 2 2 4 4 3 1 2 0 4 4 0 0 4 0 1 3 2 2 0 2 2 4 3 0 3 2 1 4 2 2 0 1 1 1 0 1 2 4 1 2 3 4 2 0 1 4 0 1 3 2 3 2 2 3 4 0 2 0 4 4 0 2 3 1 3 3 3 1 0 1 0 0 2 2 0 4 1 3 0 4 0 0 4 4 3 3 4 3 1 1 4 1 3 2 4 3 3 4 1 3 1 1 3 3 4 1 4 2 1 1 4 3 1 3 3 2 1 4 2 2 2 1 0 2 4 0 1 2 4 2 2 2 4 0 1 0 3 2 2 4 4 1 0 2 1 3 1 0 4 3 2 2 0 0 4 1 0 0 3 1 0 0 4 4 2 2 4 1 4 3 2 0
2 2 0 3 2 1 3 2 2 3 4 2 3 3 0 0 1 3 3 1 0 2 2 2 1 1 0 3 1 0 0 3 4 0 2 4 2 2 1 4 2 2 3 0 2 3 2 3 3 1 4 0 0 3 2 4 4 0 2 1 2 2 1 3 3 3 2 2 3 3 3 0 2 1 3 0 1 0 3 1 3 0 1 1 3 0 0 0 2 2 3 4 1 4 3 1 0 2 3 0 3 1 0 0 4 0 0 2 3 1 3 1 3 4 2 3 0 4 3 2 3 3 4 0 0 4 1 0 1 0 2 4 3 2 0 0 3 2 2 1 0 1 4 3 0 4 2 2 3 2 2 2 3 1 4 3 0 0 0 1 2 2 3 3 1 0 3 4 2 0 2 0 1 4 3 4 3 2 3 3 0 0
2 0 1 1 3 1 4 3 0 1 0 0 1 1 0 4 3 4 0 2 4 3 3 0 2 1 2 3 2 4 3 4 4 0 3 4 3 4 2 0 2 4 0 4 3 2 3 3 4 3 2 0 2 1 0 1 4 0 4 1 1 0 3 1 0 3 0 0 2 0 3 4 1 0 3 1 3 4 4 4 2 2 4 1 0 0 0 4 0 1 3 1 1 1 4 3 4 2 1 3 4 4 4 0 1 3 2 4 2 3 0 1 2 0 0 2 0 2 4 2 3 2 0 2 3 0 2 4 4 3 4 3 4 3 0 1 3 4 2 2 0 3 4 2 3 1 2 0 3 1 2 3 3 4 0 3 1 0 4 0 3 3 0 3 1 3 1 2 2 3 4 4 3 0 2 1 1 1 3 1 4 2
0 2 2 2 2 3 2 1 4 3 1 1 3 4 4 4 1 4 4 1 3 3 1 2 1 0 3 2 1 2 4 3 1 1 1 3 0 0 1 1 3 2 2 1 2 4 2 0 3 2 1 1 2 0 4 0 0 4 4 1 2 4 0 0 2 3 4 2 3 2 0 4 0 0 2 4 4 0 4 4 4 3 2 3 3 3 0 0 3 0 3 2 4 0 2 1 3 3 1 4 1 3 0 3 3 2 4 4 2 0 0 3 3 3 1 3 1 2 3 1 4 4 3 3 4 3 1 0 3 2 1 1 1 1 4 1 3 3 3 3 4 3 1 4 1 0 0 0 4 0 1 3 4 2 3 4 2 4 1 0 4 2 2 2 3 1 3 3 2 1 1 3 2 0 4 3 2 4 3 1 2 2
1 1 4 4 2 1 0 3 1 4 0 0 1 0 4 2 4 3 0 0 1 2 2 2 1 4 4 1 2 1 3 3 2 2 4 2 0 0 0 4 1 3 4 3 3 0 2 2 3 2 0 4 2 2 4 3 4 3 1 1 4 0 2 1 4 3 0 2 3 3 1 2 1 2 0 1 3 4 1 1 1 1 3 3 0 2 3 1 0 2 0 4 4 2 2 3 0 3 2 1 1 3 3 4 3 0 0 1 1 1 2 2 4 2 3 2 4 3 3 4 0 3 0 4 0 3 0 3 3 2 1 4 3 1 3 1 3 0 4 4 2 3 3 3 1 1 0 0 2 4 2 4 4 2 1 2 0 1 0 0 0 3 4 0 4 4 3 2 0 2 3 4 1 1 4 2 0 0 4 2 1 1
3 0 4 4 2 1 2 4 2 3 2 3 0 3 0 4 2 2 1 0 3 4 2 2 3 2 4 3 1 0 4 1 3 0 1 0 4 3 2 3 3 1 3 4 0 3 0 2 0 3 0 0 3 2 3 1 1 2 1 4 3 3 0 3 0 3 0 1 4 2 4 2 4 0 3 1 0 0 3 3 4 0 3 4 4 1 2 2 4 4 3 4 4 1 4 4 4 4 1 3 2 2 3 1 2 1 4 0 2 2 3 3 0 1 4 4 0 1 2 4 2 0 0 1 1 4 1 3 3 4 1 2 1 4 0 1 3 4 1 2 4 4 2 4 0 1 3 0 2 2 1 0 0 3 3 3 4 4 1 0 3 0 2 2 4 3 3 4 2 4 1 3 3 3 2 0 1 3 3 4 0 1
1 2 2 4 1 1 1 2 1 1 2 1 3 4 4 1 3 3 2 2 2 2 2 1 3 4 4 3 0 2 1 1 4 3 2 0 0 3 0 3 2 4 4 0 3 0 4 4 1 1 3 0 4 2 3 4 3 3 4 3 2 0 1 1 4 1 4 1 4 1 1 1 0 3 4 1 3 3 0 1 1 0 3 2 2 2 3 3 2 2 1 4 0 0 2 4 1 1 2 2 2 3 1 0 1 0 1 2 0 3 0 1 3 4 1 2 3 4 0 0 2 4 4 2 4 3 3 2 0 2 4 4 0 0 1 4 0 2 1 2 2 3 1 2 4 2 0 2 1 2 2 0 3 3 4 2 4 4 4 1 1 1 2 2 1 4 3 4 1 1 1 1 4 4 3 4 1 3 1 0 3 1
0 1 1 2 1 0 1 2 1 3 3 4 2 2 0 2 1 3 3 4 4 2 4 3 3 2 3 2 2 1 0 0 0 1 4 1 4 0 0 2 0 4 3 4 3 3 1 4 2 1 0 1 4 1 1 4 1 0 1 0 1 1 2 1 0 1 4 1 4 0 0 4 1 4 1 4 4 2 0 3 1 2 2 0 4 3 1 2 3 0 2 2 1 0 3 3 1 0 1 0 0 2 2 3 3 3 2 2 2 2 1 3 1 3 0 0 1 4 4 2 4 2 4 2 2 4 1 0 4 4 1 1 1 0 4 4 3 3 4 2 2 2 3 4 0 3 1 3 2 1 0 1 3 1 1 2 1 2 4 2 3 0 1 0 2 2 1 2 1 2 0 3 4 0 4 4 0 1 0 3 4 2
1 4 4 2 3 2 1 2 1 0 0 2 2 2 0 0 0 3 3 2 1 2 2 3 4 4 1 1 2 0 3 1 1 4 0 4 1 4 1 3 1 3 2 0 1 2 0 3 0 3 2 4 3 1 4 2 0 0 3 0 2 3 1 3 3 3 4 1 4 2 1 0 1 4 0 2 3 1 2 1 1 4 2 4 0 1 3 0 1 3 0 0 2 3 3 0 4 4 1 3 1 0 1 2 4 3 4 4 1 1 0 3 2 2 4 2 3 3 0 1 1 2 1 3 3 1 0 2 0 4 2 2 4 0 1 0 4 1 4 0 4 2 0 2 4 0 1 0 0 1 1 3 1 0 4 4 3 4 3 4 0 2 3 4 3 4 1 2 2 1 4 4 0 0 3 4 0 4 4 2 3 3
0 4 0 4 0 3 1 3 4 3 0 4 0 3 1 1 2 0 4 2 4 4 2 2 1 4 4 0 1 2 0 3 3 2 0 3 1 3 1 2 1 3 2 1 2 3 3 1 3 4 3 0 4 2 2 0 1 3 2 4 0 0 0 0 2 0 3 0 3 1 3 1 0 0 3 4 0 3 2 0 2 1 0 3 3 0 3 2 3 3 3 1 3 3 3 2 3 2 3 3 0 3 0 2 0 0 3 0 3 1 2 2 4 0 1 4 2 1 1 2 4 0 3 4 0 4 4 4 3 2 2 3 0 4 3 0 4 1 2 2 4 1 2 3 1 3 3 3 4 1 1 1 3 1 2 4 0 1 0 3 0 4 4 2 4 2 4 0 0 3 0 0 0 2 0 1 0 0 2 1 2 3
4 2 1 2 3 2 0 3 2 3 3 1 2 4 0 2 4 1 0 4 3 2 1 3 4 3 1 1 2 3 1 1 2 2 0 1 1 3 1 1 3 1 2 0 0 0 2 2 3 0 1 3 2 0 1 3 0 2 1 2 2 4 1 2 2 3 0 0 1 1 1 4 3 1 0 0 1 4 2 1 1 1 4 1 1 2 4 3 2 3 3 4 2 4 3 1 2 3 2 1 2 3 0 0 4 2 2 2 2 0 0 3 1 4 4 4 2 1 2 4 1 2 0 3 1 1 0 1 4 4 2 3 2 2 0 4 0 3 3 4 3 4 4 1 0 1 0 4 4 4 0 0 2 1 3 0 4 0 1 0 4 3 4 4 3 4 3 0 2 3 4 2 4 3 3 0 1 0 4 0 2 0
0 1 3 1 1 2 1 0 2 1 3 1 0 3 3 0 3 0 3 2 3 3 3 3 0 1 4 4 2 3 4 4 4 4 0 2 1 2 2 1 0 3 4 2 1 2 2 0 3 2 4 3 2 4 3 2 1 4 2 0 2 3 4 3 3 0 1 1 4 0 4 1 3 4 3 2 1 0 4 1 4 3 1 2 0 0 4 1 4 3 3 4 2 2 2 2 4 0 0 0 1 0 1 1 1 4 3 4 1 2 1 1 3 4 0 3 4 1 1 1 0 4 2 4 1 1 3 3 2 3 3 0 0 0 1 1 4 0 1 3 2 4 1 0 3 1 0 0 2 1 3 4 0 2 3 4 3 1 2 0 0 2 0 2 2 4 1 4 4 2 4 3 3 0 1 1 3 1 3 0 0 3
0 2 0 0 1 4 2 0 1 4 3 4 1 2 3 2 3 4 1 2 2 4 2 0 3 0 2 3 3 2 2 0 4 4 0 3 0 2 0 2 3 0 3 2 3 3 1 1 4 3 4 1 4 3 2 4 1 1 3 4 0 2 1 1 1 1 1 2 1 2 1 4 2 1 3 2 4 0 4 3 3 0 1 4 0 0 4 1 3 2 0 3 4 3 2 2 0 3 4 3 0 2 4 0 3 3 2 4 3 3 4 3 3 1 2 4 3 1 2 2 3 0 2 4 3 1 2 3 0 3 3 2 1 3 2 1 1 2 1 1 0 0 4 1 3 1 2 4 3 4 3 3 4 2 0 3 4 2 3 1 2 2 3 0 2 3 2 3 0 0 4 2 2 0 3 3 1 0 2 1 2 2
0 1 4 0 1 0 4 0 1 3 4 0 4 1 0 3 1 0 3 2 4 2 2 3 0 0 0 4 2 4 1 2 1 3 4 4 3 3 4 0 1 0 2 2 3 2 0 4 4 0 3 3 0 2 3 0 3 1 2 0 0 0 4 3 0 3 3 4 3 4 1 1 2 3 4 0 2 1 2 1 4 2 1 4 0 0 1 3 1 0 3 3 1 2 2 1 2 2 2 0 1 3 1 3 3 2 1 0 4 3 3 0 0 0 1 0 0 2 0 3 0 0 1 1 4 0 4 1 2 2 1 4 2 0 4 3 2 0 0 3 0 4 0 3 4 1 0 1 1 1 4 1 3 2 4 3 3 3 4 0 2 3 1 2 0 3 0 4 3 0 3 1 1 3 4 0 2 1 3 3 2 4
4 3 2 0 1 2 3 2 4 3 2 1 2 2 4 2 2 4 4 2 2 1 2 3 3 4 0 2 4 4 3 3 2 2 0 3 4 4 3 4 4 0 2 1 3 3 0 2 4 1 4 4 4 1 2 3 3 2 2 2 4 0 3 1 3 3 2 4 4 0 0 3 2 4 1 0 4 3 4 4 0 3 0 4 2 2 4 2 2 1 4 1 4 2 4 4 1 1 3 2 3 1 3 1 0 1 3 0 0 3 1 2 3 1 3 2 0 0 4 4 3 4 0 2 3 0 3 1 3 4 4 2 0 2 3 2 3 1 2 0 4 0 2 0 3 3 2 1 3 2 0 1 1 3 1 4 3 4 3 3 3 2 0 0 1 3 3 4 0 2 2 1 0 1 1 3 4 4 1 4 1 2
1 4 0 4 0 0 0 3 3 4 2 4 1 3 4 4 3 1 2 0 3 2 1 1 2 3 2 4 2 0 3 0 4 0 4 2 2 0 2 0 1 0 1 2 3 3 4 3 4 3 0 4 0 4 3 4 2 0 0 4 1 0 2 2 0 3 4 2 3 2 0 1 4 3 1 2 1 0 1 3 3 1 4 0 0 2 1 4 3 2 1 4 4 3 1 0 1 3 4 2 2 1 0 1 2 1 3 0 3 1 3 1 0 0 3 0 2 0 2 2 4 3 1 3 1 0 0 4 3 2 1 0 0 2 3 2 0 1 3 4 3 3 2 0 3 1 2 1 3 4 3 2 2 2 2 0 4 0 0 4 2 3 4 2 2 4 2 3 0 0 4 0 3 1 0 2 4 3 0 2 4 0
1 2 2 1 4 1 1 1 0 0 0 1 4 4 0 1 4 3 1 3 0 2 2 3 1 1 3 1 1 2 1 2 1 1 0 1 4 1 4 2 3 4 0 3 1 3 4 0 1 3 1 3 0 3 1 1 4 4 4 2 2 2 2 0 3 2 3 0 1 3 2 4 4 2 2 0 2 4 3 3 2 4 4 4 2 0 2 3 0 1 1 4 0 3 1 4 0 0 1 1 3 3 3 2 2 0 0 0 4 3 0 3 2 4 2 1 0 4 4 2 2 0 3 3 0 4 4 1 1 0 4 4 0 4 4 2 0 4 4 1 4 0 0 1 1 2 2 3 4 3 0 3 4 0 3 4 2 4 2 3 1 4 3 1 3 4 1 0 0 2 2 4 2 2 2 1 1 1 4 2 4 2
1 0 2 1 2 4 1 4 3 2 0 3 4 1 4 2 1 4 4 3 3 4 2 0 0 1 1 4 3 2 3 1 3 1 3 0 2 4 1 2 3 2 2 4 3 1 1 1 0 3 0 3 2 4 0 4 0 3 0 4 1 4 2 1 2 0 1 4 1 4 2 2 3 1 1 1 3 0 0 3 3 2 4 2 1 4 1 2 0 1 3 1 0 0 4 2 3 2 4 1 1 3 3 0 4 0 3 2 0 3 3 0 0 2 2 4 3 3 1 3 1 1 1 4 3 2 3 1 4 2 3 3 2 3 3 2 3 3 1 0 4 1 2 1 0 4 0 4 4 3 4 1 4 3 2 3 0 0 1 2 0 1 0 2 0 3 1 0 3 0 3 2 1 0 4 2 0 4 3 4 3 4
2 4 4 1 4 0 2 1 2 4 4 2 1 4 2 0 2 2 0 0 0 3 0 1 2 0 2 0 2 0 2 1 2 1 3 1 3 2 4 2 1 4 4 4 0 3 4 2 1 1 2 3 0 3 4 2 0 1 0 4 4 4 1 3 0 1 4 1 3 1 3 1 2 0 2 2 3 4 2 1 0 4 1 2 4 0 2 2 4 4 1 3 3 4 1 0 2 2 1 2 0 0 3 2 0 1 0 0 0 2 4 2 3 0 2 0 1 4 2 2 3 0 0 3 0 3 3 4 2 0 2 3 0 0 0 2 3 2 4 0 1 3 0 0 4 2 2 2 3 4 1 3 4 3 1 1 1 4 1 0 4 0 0 1 2 3 0 3 0 0 3 4 3 0 1 4 4 3 3 2 2 4
0 3 2 1 2 0 3 0 3 2 0 3 1 2 1 1 0 4 1 1 0 2 1 1 3 3 4 2 0 1 3 3 1 3 1 3 0 4 0 3 4 0 2 0 0 0 3 2 1 0 3 1 4 2 2 2 0 1 1 2 4 2 0 3 0 4 3 0 3 4 4 4 1 3 4 1 0 0 4 2 0 2 0 1 1 0 3 3 3 2 1 3 4 3 3 4 2 1 1 3 0 2 2 2 0 4 0 3 4 4 2 1 4 2 2 0 2 2 1 1 4 2 1 0 0 4 1 0 2 3 3 3 0 2 2 3 3 2 3 2 2 0 0 3 4 4 0 2 2 1 0 3 3 3 1 1 4 2 3 1 0 3 1 3 0 3 3 1 3 1 0 0 1 1 0 0 2 0 4 1 2 1
0 2 1 1 0 0 0 3 4 1 3 0 1 4 1 4 2 4 2 2 1 3 3 1 0 3 3 0 4 0 3 1 0 0 4 2 0 0 3 4 3 1 2 4 2 3 0 4 2 2 2 0 2 2 1 2 0 4 4 0 2 3 1 4 3 1 1 0 1 4 2 1 1 4 0 3 4 2 3 3 1 2 3 3 4 1 0 0 0 2 2 4 2 0 3 0 1 0 2 4 1 1 2 2 2 2 3 1 1 3 4 2 0 4 0 4 0 3 1 3 2 0 2 4 1 1 4 4 3 3 1 4 0 3 2 2 3 2 1 4 0 0 4 0 2 4 1 2 4 0 0 1 0 3 0 3 1 1 3 1 0 1 0 2 4 4 4 4 1 0 4 1 3 3 1 0 4 0 4 1 0 0
2 2 0 3 1 3 1 1 4 3 4 4 0 3 1 2 0 2 2 1 1 2 1 4 4 0 4 4 3 1 1 1 4 3 1 2 3 2 0 2 1 4 3 3 4 4 0 4 4 0 0 2 2 1 1 4 4 1 0 2 4 1 0 3 1 1 0 4 1 0 3 4 4 1 4 1 3 0 0 4 0 3 1 4 4 4 0 0 2 0 0 2 3 0 0 4 4 3 0 2 0 3 3 2 2 2 3 2 2 0 3 4 3 1 1 0 0 1 0 3 4 2 0 2 0 2 4 4 2 4 3 3 0 1 2 4 0 2 1 0 2 4 1 1 0 2 1 2 1 3 0 0 1 2 4 1 2 3 2 4 0 2 4 2 3 3 1 0 0 4 0 3 0 2 1 2 1 2 4 4 2 2
1 3 4 1 1 3 4 0 0 1 2 1 3 2 0 4 3 0 0 0 0 0 4 1 2 3 3 2 2 3 4 4 3 0 0 0 1 1 0 1 3 0 2 3 2 4 3 0 0 3 1 2 1 2 4 3 0 4 2 3 2 3 4 1 1 4 3 2 2 0 3 2 0 2 1 3 2 4 0 4 4 3 1 0 1 2 1 1 2 3 1 1 2 0 2 3 1 0 2 4 1 2 1 3 4 2 1 3 3 2 4 0 2 3 2 3 0 3 2 4 4 3 1 1 4 0 1 0 3 3 1 4 0 3 2 1 2 1 2 1 0 3 1 2 1 0 1 4 4 3 0 3 3 3 1 2 4 4 0 2 2 1 3 4 1 2 2 4 3 4 2 3 0 0 3 1 0 4 2 4 4 3
4 2 1 2 2 2 1 4 4 0 2 2 1 4 0 4 0 0 0 2 1 0 2 4 4 4 0 3 4 1 1 0 0 0 0 4 2 1 3 4 2 1 1 0 2 3 4 2 1 2 1 2 4 0 3 3 4 0 2 0 1 0 3 3 2 3 3 0 4 1 1 3 4 2 4 1 3 0 0 1 4 3 0 4 3 3 4 0 3 1 0 1 4 3 4 1 1 2 3 3 1 4 3 0 4 2 4 4 0 1 0 4 0 0 0 0 3 0 0 3 3 1 1 2 1 0 4 0 0 4 3 3 4 1 3 3 1 4 2 3 1 2 4 1 4 0 1 2 0 4 2 3 0 3 3 3 0 4 3 2 3 3 0 2 2 1 2 0 0 4 3 3 3 4 4 2 4 3 1 1 2 3
2 4 3 0 4 1 4 3 0 4 1 1 2 0 4 4 0 1 1 3 0 1 3 1 4 4 1 2 3 0 3 0 4 3 2 1 4 3 4 0 2 2 3 1 3 4 1 0 0 4 4 0 0 4 4 1 0 0 4 3 1 4 0 2 2 4 3 4 2 4 4 2 4 4 3 2 3 1 4 0 0 3 3 3 4 2 4 2 2 0 0 0 4 3 3 2 2 3 3 0 3 2 4 2 3 4 1 3 1 0 3 3 1 3 3 2 0 0 4 3 0 2 3 2 0 3 1 2 2 4 4 2 3 3 4 3 3 2 1 1 4 1 1 0 0 0 0 2 0 4 0 2 1 1 4 1 1 2 1 0 1 0 2 4 4 3 4 4 0 0 2 2 4 0 4 1 2 4 3 2 1 1
2 2 4 3 1 0 1 2 3 4 2 0 1 3 4 0 4 1 3 3 0 2 4 0 0 1 4 0 1 0 1 3 0 2 3 3 0 4 2 3 4 1 3 0 0 4 0 1 3 3 2 3 2 1 3 2 4 0 0 2 0 3 0 2 1 4 0 1 0 4 4 4 1 4 1 3 1 4 4 4 2 3 4 2 4 0 1 1 0 1 3 2 0 1 0 3 2 2 4 2 2 0 4 3 1 2 1 2 1 2 3 1 1 3 3 2 3 4 0 0 3 1 2 3 2 2 1 1 2 2 0 1 4 4 4 0 4 2 0 0 1 3 1 4 3 1 4 3 1 4 3 1 0 1 4 4 0 2 0 4 1 1 0 0 2 1 0 1 3 0 4 2 1 2 1 1 4 2 0 2 4 0
3 4 3 4 1 1 3 3 0 4 4 1 4 4 4 1 2 3 4 3 2 0 1 0 3 2 3 3 4 2 1 4 3 4 3 1 2 1 0 3 0 4 1 1 0 0 2 3 0 1 3 2 3 4 0 2 1 3 2 2 2 3 1 2 0 1 4 2 4 4 2 1 0 3 2 1 4 0 1 4 3 4 4 2 1 4 4 4 4 3 2 1 2 0 0 4 4 4 1 3 3 4 2 1 4 4 4 3 1 0 0 2 1 1 4 4 2 0 4 1 3 3 4 2 3 4 1 2 4 0 3 4 4 0 0 3 1 4 4 0 1 1 2 0 2 1 4 1 3 3 2 1 1 3 1 2 2 2 1 3 2 4 0 3 1 0 4 0 2 3 0 0 1 2 0 3 0 2 4 3 2 3
1 4 1 2 3 0 2 4 1 4 1 1 0 4 1 4 4 0 2 4 1 0 3 3 3 3 0 4 3 3 4 2 4 2 1 2 4 3 3 0 0 1 1 2 1 0 1 2 0 0 4 3 0 2 2 0 3 2 1 1 0 0 0 4 4 2 3 3 2 4 4 4 0 2 1 3 2 2 1 0 2 0 3 4 4 0 4 2 0 0 1 2 2 1 4 1 0 4 2 3 3 1 2 4 3 1 2 3 3 0 3 3 2 1 2 2 4 4 1 1 1 2 3 4 1 4 2 1 4 4 1 2 2 1 1 3 2 1 1 2 3 4 2 1 2 2 0 3 1 1 1 2 1 2 3 2 1 1 0 0 2 2 3 0 0 1 3 2 4 1 1 0 2 4 3 1 1 3 2 2 1 3
1 2 0 0 1 4 1 4 4 0 3 4 0 3 3 0 2 4 3 3 4 0 2 2 4 0 2 1 4 4 1 1 3 2 1 2 1 4 1 2 4 1 2 2 4 2 4 1 1 3 1 3 0 1 2 4 1 0 2 1 1 4 4 4 3 2 3 4 3 1 3 4 2 2 3 1 4 3 4 3 3 1 3 0 2 0 2 0 2 4 3 3 0 2 0 3 1 3 4 4 2 3 1 4 2 4 3 2 2 2 2 2 0 0 3 4 2 2 0 0 3 0 3 4 0 3 2 1 4 4 3 1 4 4 2 1 3 0 0 3 0 4 2 0 4 2 2 4 4 4 4 3 4 2 4 4 3 1 3 4 2 1 2 1 2 4 0 2 2 0 2 2 0 0 4 1 2 1 0 4 0 1
4 2 1 3 1 1 1 4 0 4 2 4 2 4 3 2 2 0 0 4 4 2 1 4 0 4 2 3 0 0 4 4 2 0 4 3 3 0 0 0 1 2 4 4 4 3 3 1 0 3 2 2 2 4 3 3 0 0 1 0 2 0 1 4 3 2 0 3 2 2 4 1 1 3 2 0 1 0 3 4 1 1 1 0 0 4 3 2 1 4 2 4 2 0 0 2 4 2 0 3 4 4 4 1 3 1 3 1 4 2 2 2 3 3 2 0 4 3 2 3 4 1 4 3 3 4 0 2 4 3 0 3 4 2 1 2 0 0 1 4 4 3 3 2 4 3 4 0 1 1 3 2 4 2 1 2 4 1 4 3 1 1 3 1 3 0 3 4 2 1 0 3 2 1 0 3 4 1 3 2 2 4
4 3 3 0 0 2 4 1 2 0 4 1 1 3 3 2 4 2 0 1 0 2 2 2 0 3 3 1 0 2 0 2 0 0 4 2 3 3 3 2 1 2 0 4 2 3 3 3 2 4 0 2 3 4 1 4 3 1 2 0 3 4 2 0 4 2 2 4 2 0 2 0 0 2 0 2 3 3 1 0 2 3 0 1 2 1 2 0 3 4 1 3 0 0 4 4 4 1 4 4 4 1 4 4 0 4 1 3 0 4 4 2 2 4 0 0 2 4 2 2 0 0 1 0 3 0 0 2 3 1 3 2 2 3 1 2 4 0 1 4 1 2 4 4 3 4 1 0 1 0 3 1 1 4 2 4 1 4 3 4 0 2 2 4 0 0 3 1 2 1 1 4 3 0 0 1 1 3 4 4 3 4
1 1 3 0 0 1 4 1 2 1 3 1 0 0 2 0 3 4 2 4 0 2 1 0 1 0 3 0 4 4 4 2 0 4 2 3 2 3 1 4 4 4 1 1 1 0 2 1 1 1 1 2 3 4 2 1 1 3 1 3 2 2 0 4 3 3 4 0 1 0 0 3 1 3 1 4 3 0 1 4 1 4 1 2 3 1 3 2 1 2 0 0 1 0 4 0 0 1 2 4 1 2 2 3 2 3 2 2 4 0 2 2 4 0 1 0 3 0 2 4 4 2 4 0 4 1 2 0 2 0 4 0 4 1 0 2 1 3 4 2 3 3 2 0 1 3 0 4 0 2 1 4 1 2 2 0 0 4 0 4 1 4 0 1 2 0 0 1 0 1 0 1 2 2 1 3 1 1 4 1 0 0
3 1 0 0 1 0 1 4 0 0 3 0 3 3 2 3 1 3 1 1 4 0 4 0 0 2 3 0 0 3 2 3 4 2 0 2 3 2 1 3 4 2 0 2 2 2 0 3 0 3 4 1 4 0 3 4 4 1 1 0 1 4 3 0 3 4 0 1 3 1 1 2 3 3 4 0 1 1 0 3 1 2 0 0 2 3 2 2 2 3 2 3 4 2 1 3 3 1 1 1 4 0 0 0 3 1 2 4 4 3 0 1 0 2 3 4 0 0 3 4 1 0 3 2 0 1 0 3 4 4 2 3 4 2 3 2 4 1 4 0 1 4 1 1 1 0 2 3 2 1 3 0 3 3 3 3 4 0 4 3 4 1 3 3 3 4 1 4 2 2 0 3 1 3 1 4 0 3 4 0 1 4
0 0 2 0 0 3 1 4 3 0 0 4 4 1 3 2 2 0 4 4 3 2 3 1 3 0 1 2 0 3 2 1 3 1 1 0 0 4 0 0 0 0 4 1 3 2 0 1 4 1 2 4 3 0 0 1 1 2 0 3 2 2 4 0 4 3 0 1 4 2 3 1 0 3 2 3 2 4 1 2 0 4 1 0 1 4 3 4 3 4 3 0 3 4 2 4 4 4 0 4 2 1 0 2 4 0 2 3 1 4 2 2 0 4 2 3 0 1 3 3 0 3 3 0 2 0 0 4 4 2 0 1 3 2 0 4 4 3 3 1 4 0 3 4 1 0 4 1 3 2 4 0 0 2 1 0 4 1 1 4 0 1 2 4 0 3 3 0 1 3 1 2 1 1 3 2 3 2 1 2 2 0
4 2 0 0 4 4 3 2 0 4 0 3 3 1 3 3 1 1 2 4 3 3 0 1 2 0 0 3 2 2 1 2 2 3 4 1 2 3 1 0 2 1 0 2 2 3 0 0 4 4 1 2 4 3 0 2 4 0 2 3 3 3 0 0 1 2 3 1 0 4 3 4 3 3 1 2 1 1 0 0 3 1 4 2 2 4 1 1 4 4 4 4 4 2 1 3 4 0 1 1 1 4 0 1 2 1 4 0 4 4 0 2 2 4 2 4 0 3 2 1 2 2 1 4 1 4 2 2 1 3 3 3 2 0 1 1 1 0 1 2 1 3 2 1 2 4 0 4 2 3 0 2 2 3 1 0 3 3 2 4 1 2 4 0 2 1 3 0 3 4 2 2 2 4 3 1 0 0 0 3 3 0
0 2 1 1 2 4 4 1 0 2 3 0 4 2 3 2 4 1 3 2 3 0 3 1 1 4 4 3 4 2 0 4 2 1 2 1 2 3 0 3 0 3 3 1 3 1 0 2 4 3 1 3 3 2 1 1 3 0 1 2 0 1 3 4 3 0 0 0 3 0 3 0 1 3 1 1 4 1 3 4 1 0 4 1 4 2 2 2 0 3 4 0 1 2 4 1 4 1 4 2 4 4 2 2 3 0 3 4 3 1 0 4 3 1 0 2 4 4 4 4 4 0 1 0 4 2 4 3 3 3 0 4 2 4 1 2 4 4 4 2 1 1 1 1 3 3 4 4 2 0 3 1 1 1 4 0 3 3 4 3 1 1 3 0 1 4 0 0 1 1 3 4 2 1 0 2 0 4 1 4 0 1
1 1 2 2 3 2 0 4 1 3 1 1 0 2 0 2 4 3 3 4 2 3 3 3 0 0 2 2 4 4 0 2 2 3 4 3 0 4 2 3 4 3 4 0 2 2 2 2 0 3 3 3 1 1 1 1 1 0 0 1 2 1 0 4 4 0 2 1 1 2 2 1 0 1 1 0 3 0 4 1 0 2 4 1 4 2 3 2 2 0 0 1 1 1 1 2 1 0 1 2 2 3 3 0 4 1 0 0 4 1 1 4 3 2 3 4 4 3 2 3 3 4 0 0 0 3 4 1 3 0 1 3 3 1 0 0 3 0 0 4 3 3 0 1 0 3 3 4 1 2 4 0 1 4 2 2 2 1 0 3 4 1 1 2 3 1 4 3 3 1 4 1 1 4 4 1 3 4 2 1 1 2
3 3 1 0 2 1 4 2 4 3 1 0 2 4 3 4 4 3 0 3 4 2 2 0 0 2 0 0 1 1 2 4 1 0 2 0 1 1 3 0 1 4 2 0 0 2 4 4 0 2 2 1 1 1 2 3 1 4 3 2 2 0 1 1 3 3 1 4 1 1 2 2 0 1 0 2 4 1 1 1 3 0 3 1 2 2 0 3 1 3 2 0 1 3 1 4 4 0 3 0 1 2 0 4 4 0 1 0 1 3 1 2 0 1 3 4 3 0 4 1 1 1 2 2 0 0 1 4 0 1 1 2 1 1 1 0 1 4 2 3 4 3 2 0 2 2 4 0 3 4 2 4 2 1 3 2 3 4 3 4 2 0 3 3 3 1 0 0 0 2 0 0 3 2 0 0 1 1 2 1 2 4
2 0 2 0 4 1 1 3 2 4 0 0 4 3 1 0 0 1 4 2 1 2 4 3 4 3 2 2 4 4 3 2 1 3 4 1 4 1 1 1 0 3 3 4 1 4 1 4 2 1 1 1 0 3 4 0 1 3 4 2 0 4 1 1 2 1 2 3 2 3 1 4 1 4 0 0 3 2 4 3 3 2 4 0 0 0 2 3 4 1 1 4 1 2 0 3 0 3 4 2 3 0 3 0 0 4 2 0 1 1 3 1 0 2 3 1 3 1 1 4 2 4 3 0 4 0 1 4 0 0 2 4 0 0 1 2 1 3 3 4 1 3 0 1 3 1 4 3 2 1 4 4 0 2 0 4 4 1 4 0 3 3 1 3 0 2 3 4 0 3 3 1 1 1 4 1 2 4 4 4 0 0
0 0 4 2 2 4 3 3 1 3 3 2 2 3 1 0 4 3 3 3 1 1 4 0 0 1 4 1 2 4 2 2 2 1 0 1 0 0 4 3 4 2 2 3 2 3 0 2 1 0 0 2 3 1 0 3 4 4 0 1 1 2 3 3 3 0 4 1 1 0 4 2 2 2 2 1 2 2 3 1 2 0 3 0 1 0 1 0 0 1 3 1 3 4 1 3 4 2 1 2 4 1 1 1 0 3 4 4 0 3 0 4 0 4 2 4 1 3 1 1 4 0 4 4 4 2 4 0 1 1 0 0 4 3 3 1 2 3 0 4 3 1 1 3 2 3 2 3 3 4 2 4 4 3 3 0 1 4 2 4 0 4 0 1 3 0 2 2 3 3 1 1 1 4 2 3 2 4 1 2 0 0
1 1 4 1 3 0 1 1 4 3 0 1 0 0 2 2 2 2 2 1 1 3 0 3 1 0 4 0 2 0 0 4 3 4 0 2 1 1 3 3 0 0 1 2 1 0 4 0 3 4 1 4 2 2 4 1 2 0 3 4 2 3 3 1 0 1 3 3 4 3 1 1 3 3 3 1 0 3 2 3 2 3 4 1 0 0 4 2 1 2 4 3 3 4 1 3 0 4 1 0 2 0 1 3 0 0 4 0 0 3 1 4 2 0 2 4 1 2 4 4 4 3 4 2 2 1 2 0 0 1 2 0 1 3 3 3 0 4 3 2 3 4 3 0 2 1 4 0 0 3 4 4 3 0 4 3 1 1 3 4 2 0 4 0 0 2 3 3 1 4 2 1 0 1 1 2 2 3 4 2 3 3
3 2 4 4 2 2 1 0 1 0 2 0 3 2 4 3 2 3 4 0 4 0 3 3 4 2 1 4 1 1 4 4 3 3 4 0 3 2 2 4 4 4 2 4 4 3 3 3 1 2 3 3 4 3 1 4 0 4 3 1 0 2 1 1 3 2 3 1 1 1 2 0 2 4 2 3 3 0 2 1 4 2 4 4 1 2 3 1 1 1 3 4 0 1 0 3 0 3 1 3 1 1 0 1 0 2 4 0 2 3 4 2 1 0 3 4 0 1 2 3 4 0 2 1 3 2 0 0 3 3 3 1 4 4 2 2 1 4 4 1 2 0 0 0 1 3 4 3 1 2 1 0 4 4 1 0 3 3 0 3 4 1 0 0 2 4 2 0 3 4 1 1 4 3 1 2 1 1 2 2 0 4
4 4 0 3 4 3 3 2 2 2 3 4 3 2 3 2 2 2 3 4 0 0 4 1 4 1 4 2 0 1 1 2 1 3 0 2 1 0 1 0 3 1 1 3 3 0 2 1 4 1 2 4 1 1 2 0 4 4 4 2 0 2 4 3 0 1 3 2 1 4 4 1 1 1 4 4 3 2 0 4 0 2 3 1 1 2 3 0 3 3 2 4 2 3 4 3 1 2 2 3 4 1 1 0 4 3 1 2 2 2 1 2 1 1 0 4 1 3 0 4 3 4 0 1 3 2 1 4 1 3 4 0 4 1 0 1 4 2 0 3 1 4 0 4 0 0 4 3 0 4 0 1 0 0 4 0 2 0 0 1 3 1 1 4 4 4 0 0 1 3 3 4 2 3 3 4 0 2 3 1 3 3
4 1 0 3 1 0 0 1 1 3 0 2 4 4 1 2 0 4 0 0 0 2 4 4 1 4 3 1 2 4 1 1 0 2 1 1 2 1 0 0 1 2 4 1 1 1 3 3 2 3 4 3 2 0 4 3 1 2 2 4 3 3 2 3 0 1 2 4 2 2 1 1 4 1 2 2 2 2 3 1 2 2 4 4 4 0 4 0 3 1 4 3 0 4 2 2 0 1 4 4 0 0 0 1 1 4 0 0 3 3 4 0 2 3 1 1 4 1 2 4 4 3 4 1 2 1 4 4 4 0 4 4 0 1 0 4 3 1 1 3 1 0 4 4 1 2 0 2 0 2 3 0 1 2 1 0 1 0 0 0 0 1 2 3 2 4 4 2 2 0 1 4 3 2 3 4 4 0 1 0 0 1
0 3 3 3 3 4 4 0 2 1 1 4 1 1 3 0 3 1 3 4 2 1 3 2 2 3 2 3 0 2 1 2 0 4 0 1 1 1 1 3 0 3 4 3 4 4 1 2 2 4 4 4 2 2 1 4 2 1 4 4 3 0 1 1 1 4 2 2 0 3 2 2 1 3 1 2 3 4 2 0 3 1 2 2 0 3 1 0 4 2 4 0 2 3 1 3 2 0 3 4 3 2 4 2 1 2 4 4 1 1 1 1 4 3 3 2 4 1 2 0 3 3 0 0 3 3 0 2 3 0 4 4 3 3 1 4 2 2 0 3 1 1 4 2 0 4 4 4 0 3 1 3 4 2 0 2 2 2 2 1 3 1 0 3 1 3 4 3 0 4 1 1 0 2 4 2 3 0 3 3 1 0
3 0 4 0 4 1 2 1 2 2 2 4 2 3 2 1 3 0 0 1 3 3 0 4 0 3 0 4 3 1 1 1 3 0 1 2 1 1 4 1 0 3 0 3 4 0 4 2 0 2 4 3 0 4 3 2 0 0 3 3 3 4 0 1 4 3 3 1 1 4 2 2 3 4 2 4 1 3 1 1 0 2 2 2 4 2 2 4 2 0 4 0 0 4 1 1 0 1 2 3 3 1 0 3 3 4 2 4 3 0 3 0 3 0 3 4 2 0 0 4 2 4 1 2 1 4 4 1 2 3 1 0 2 2 0 0 3 2 1 1 0 4 4 3 1 2 4 3 4 4 4 3 3 2 1 4 1 2 2 1 2 4 3 4 3 4 1 1 3 0 0 3 4 4 3 3 3 2 1 4 1 3
2 2 2 0 1 1 4 1 2 2 0 0 3 0 1 0 1 0 2 3 3 3 4 2 1 2 1 0 3 3 3 1 2 2 3 3 3 3 1 0 2 1 3 0 3 4 2 2 4 4 0 0 3 0 2 4 4 3 4 3 3 4 1 0 2 1 1 2 4 2 3 1 1 3 4 1 2 1 3 4 1 4 4 4 1 3 0 2 3 0 0 4 1 3 4 0 0 2 3 1 2 3 0 0 1 4 1 0 2 0 4 3 1 0 4 4 3 0 1 2 2 4 3 0 2 2 1 4 2 4 3 1 2 0 3 0 1 4 0 3 1 2 4 4 2 3 3 3 0 2 2 4 1 0 0 3 4 1 0 3 2 3 4 1 0 2 1 1 4 3 4 2 2 3 4 2 4 2 0 1 4 4
1 2 4 3 1 0 1 3 4 3 3 3 4 3 3 2 4 4 2 0 1 2 1 0 4 0 0 1 3 1 0 1 4 1 4 2 1 0 0 0 3 0 1 4 0 4 3 1 3 3 1 1 0 2 4 4 4 4 0 0 2 2 1 1 3 1 3 4 1 0 0 2 2 3 3 2 2 2 3 2 0 0 0 2 4 4 1 1 0 3 1 3 0 2 4 0 0 0 4 4 2 1 1 0 4 4 2 3 3 3 2 0 0 3 2 1 2 0 2 3 0 0 1 2 0 2 2 0 2 2 4 2 0 2 2 2 4 1 0 4 1 3 0 1 1 4 3 0 2 2 0 2 3 1 0 3 4 2 0 3 1 2 0 4 1 4 1 0 3 1 0 4 1 2 1 2 3 4 0 0 1 0
3 1 4 0 1 0 2 2 3 1 1 1 0 2 0 1 3 3 4 0 0 1 2 1 0 0 2 0 3 3 3 1 0 2 3 3 2 2 0 2 3 1 0 0 4 3 1 4 3 3 4 3 4 3 4 1 0 1 2 3 2 2 1 4 4 4 2 3 2 3 2 2 1 3 3 2 1 1 3 4 4 4 3 0 2 4 2 0 3 1 3 0 3 0 4 4 1 3 4 3 1 1 3 0 4 1 4 2 4 3 4 4 2 4 1 2 3 3 2 1 1 2 3 4 4 2 0 1 1 4 1 4 1 4 1 2 0 1 0 0 1 4 1 0 0 2 4 3 3 1 2 4 4 0 1 0 0 1 1 3 3 3 2 4 2 1 3 3 4 0 0 0 1 1 2 1 0 2 0 3 0 4
0 1 4 1 2 4 4 3 2 2 1 2 3 1 0 2 4 4 2 1 1 1 4 3 2 4 2 2 0 3 1 0 4 3 3 1 4 2 0 2 2 3 1 0 4 1 4 0 2 4 1 3 0 0 3 2 2 1 2 4 4 0 4 0 3 4 2 3 1 4 2 3 2 0 1 4 3 0 4 0 4 3 0 4 0 0 4 2 3 1 1 2 1 2 0 2 1 2 2 0 1 1 3 0 3 1 4 1 2 4 3 1 2 0 3 2 0 2 2 4 3 0 3 1 0 0 3 3 2 2 3 0 3 4 1 1 0 2 4 2 3 2 1 0 4 4 0 2 1 4 1 1 1 1 2 1 2 3 0 1 0 0 2 1 4 0 2 0 4 2 4 3 1 0 3 1 1 0 3 2 1 1
0 3 4 3 1 3 1 1 0 3 2 4 4 3 1 4 0 0 3 0 3 4 2 4 2 1 1 2 0 0 0 1 3 2 4 1 0 2 3 2 0 2 3 2 2 1 1 3 2 4 0 2 0 4 3 0 0 2 2 1 2 0 2 0 2 3 3 4 2 3 4 4 0 4 1 0 1 2 3 0 3 0 4 1 4 3 1 2 0 0 0 2 0 2 4 4 2 2 1 4 1 0 3 3 4 2 3 2 1 3 2 0 0 2 1 2 2 4 4 4 4 4 1 2 3 2 1 0 4 2 1 2 4 1 3 1 3 1 3 0 2 3 0 2 2 3 4 1 2 0 0 1 1 3 3 4 0 2 1 1 1 2 4 3 4 4 4 2 0 4 4 4 4 4 4 1 4 0 2 1 1 4
0 2 2 0 4 2 4 0 1 1 0 2 4 1 1 0 3 3 4 3 3 4 4 2 2 1 4 2 4 2 1 4 0 4 2 1 3 1 3 4 4 3 1 3 4 4 0 0 3 0 0 1 1 1 0 3 2 1 2 2 4 4 3 1 0 0 2 3 4 0 0 3 4 3 4 0 3 4 0 1 1 2 4 4 4 1 0 1 2 2 0 1 3 4 2 3 1 4 4 2 2 1 1 1 4 2 3 2 3 1 0 2 3 4 1 2 0 3 1 0 1 3 1 1 2 4 0 1 0 1 3 2 2 1 0 3 0 4 1 4 0 3 3 0 0 4 3 0 0 1 0 1 4 4 4 4 3 4 0 3 2 0 1 1 4 1 0 4 2 1 0 2 1 3 3 1 0 3 4 0 1 1
3 2 0 2 1 3 4 3 4 1 1 2 3 0 3 3 4 3 1 2 0 4 0 0 1 0 0 0 2 1 1 0 4 4 3 2 2 4 1 3 2 4 0 0 4 1 0 0 4 3 2 1 3 3 4 1 0 4 1 3 3 4 0 2 3 0 1 3 4 4 1 2 3 4 4 2 0 2 0 1 2 2 2 0 2 1 3 0 3 4 0 1 1 0 0 4 1 1 4 2 1 3 4 1 2 1 1 4 3 1 0 0 0 4 3 0 3 1 0 3 3 0 4 1 0 1 2 3 2 2 1 0 0 0 4 2 3 0 3 1 3 0 4 3 4 4 3 4 0 0 2 0 0 3 3 3 4 1 1 4 3 2 4 0 0 3 2 3 0 2 2 3 2 1 4 3 0 4 3 2 0 2
0 0 1 3 0 2 4 2 1 4 1 3 4 3 3 3 4 4 0 1 4 2 4 3 1 4 3 1 3 3 0 3 0 1 4 1 1 3 0 2 0 1 0 4 2 4 3 1 0 3 2 4 3 1 3 1 2 1 2 2 1 4 3 1 3 2 4 4 2 4 1 2 3 4 2 0 3 2 1 0 2 0 4 0 3 2 1 2 0 0 4 1 2 2 0 0 1 4 4 4 4 2 1 4 1 0 4 1 2 2 1 0 4 1 2 4 0 1 1 1 3 2 4 0 2 1 0 3 1 1 2 2 4 1 1 0 3 2 2 3 1 0 0 0 3 2 4 4 0 0 2 1 4 3 1 1 0 4 0 3 0 4 0 4 2 3 2 1 0 1 4 1 1 4 3 0 3 2 1 1 4 3
2 3 3 0 0 3 4 2 1 2 1 3 3 4 1 0 2 3 3 1 1 0 2 4 2 2 3 3 3 2 3 2 3 3 3 0 2 4 2 0 1 0 4 0 1 2 2 3 3 1 1 4 3 0 1 2 3 4 2 3 4 2 1 2 0 1 2 2 0 1 0 2 3 1 4 0 3 1 0 3 4 4 3 4 4 1 1 4 0 3 0 4 0 3 1 1 4 0 0 4 3 0 1 2 1 2 4 2 1 4 0 0 0 0 2 2 1 3 3 2 4 3 3 1 1 2 2 2 2 0 2 3 2 0 0 4 3 4 3 1 0 3 1 3 4 0 0 2 4 3 1 0 4 0 1 0 2 1 0 1 3 2 4 0 4 4 1 4 0 4 0 3 0 2 1 1 4 1 3 0 1 0
0 0 0 4 3 4 0 3 0 0 2 2 0 1 3 2 1 4 3 1 2 3 0 0 4 0 3 0 2 4 0 3 0 2 2 0 3 4 3 0 4 2 2 1 0 1 0 1 2 4 0 1 4 2 1 4 4 4 1 2 0 3 2 0 2 1 2 0 0 2 0 1 4 0 4 0 1 0 3 0 1 3 1 0 3 2 1 2 3 2 4 3 0 1 1 2 2 3 4 4 1 0 2 0 0 4 2 3 4 1 3 2 1 4 2 4 3 4 2 3 1 3 1 4 2 4 3 1 3 3 3 1 0 0 3 0 1 1 0 2 2 3 4 3 4 2 0 4 1 2 2 4 0 0 3 4 0 2 1 3 2 4 4 2 1 2 2 3 0 4 0 2 4 0 3 3 4 0 2 0 2 1
1 4 1 2 4 1 1 0 4 3 4 0 0 0 0 4 0 0 3 1 0 2 3 0 2 2 0 1 4 2 2 0 3 3 4 4 2 0 4 3 3 0 4 3 3 1 2 3 1 2 1 1 1 4 1 3 3 1 4 4 0 3 0 4 4 4 0 1 0 0 4 0 2 0 4 2 3 3 1 0 3 4 3 4 1 2 3 4 0 4 4 1 3 1 2 2 2 2 0 4 4 1 0 2 4 1 1 2 1 2 2 4 4 3 4 0 0 4 1 0 3 2 3 3 3 0 2 3 0 2 2 4 4 4 3 3 2 0 2 4 4 0 0 3 0 4 0 0 0 2 0 1 4 1 1 0 1 4 3 1 3 2 3 4 4 3 4 3 0 2 2 0 4 0 0 4 4 1 1 2 0 3
3 1 4 4 1 1 0 1 4 4 1 4 3 2 3 3 0 3 2 0 0 1 0 1 2 1 4 3 3 1 1 3 2 1 0 1 2 0 4 3 1 0 0 2 2 3 2 3 3 4 3 4 2 0 2 4 1 3 2 0 4 3 0 3 4 0 4 3 3 4 4 1 1 4 3 4 4 0 4 2 1 4 3 3 4 0 2 2 3 4 4 4 0 0 3 4 2 4 0 0 0 4 2 2 0 0 3 4 3 4 1 4 0 2 0 1 2 4 3 3 4 3 4 1 3 4 2 0 4 2 3 4 3 0 1 3 2 1 4 2 0 3 4 0 0 4 1 4 3 0 4 4 3 4 2 3 3 0 0 2 4 3 4 3 0 0 3 0 4 0 2 4 3 3 0 3 4 1 2 0 3 2
4 3 3 2 1 1 4 2 1 3 2 0 3 3 2 2 3 1 2 2 1 2 1 3 0 0 1 4 0 0 3 2 3 1 1 0 0 0 4 1 0 1 3 4 1 0 3 4 4 2 4 2 4 0 0 1 2 1 2 3 1 1 2 2 4 0 4 4 2 3 0 2 1 3 1 3 1 4 4 0 1 3 2 2 0 4 3 3 0 1 3 4 4 2 1 3 2 2 3 4 0 0 3 3 1 0 3 2 1 0 4 0 3 3 4 1 2 3 4 4 1 2 0 0 1 3 3 3 0 3 4 2 4 2 3 0 4 1 4 1 1 3 3 2 3 2 3 0 2 4 1 3 3 4 0 4 2 1 2 0 4 1 2 0 0 2 2 0 4 1 3 2 1 1 1 4 0 4 1 3 0 3
1 3 4 4 2 1 0 1 3 1 4 3 2 0 0 4 0 4 3 3 4 4 1 0 4 1 2 0 4 2 0 3 1 4 2 0 3 4 2 1 0 1 4 4 1 0 4 3 1 4 3 2 3 1 3 2 3 2 0 4 1 0 4 4 2 3 0 0 2 2 3 0 0 3 4 4 0 0 2 3 4 3 1 3 4 4 2 2 3 2 4 4 0 3 1 4 4 1 1 3 0 4 3 2 4 3 1 4 0 1 3 0 4 4 0 3 0 4 3 0 4 4 1 1 2 2 0 3 3 1 2 0 0 0 3 2 0 1 1 1 2 1 3 1 2 0 2 2 4 0 4 3 4 1 4 3 3 1 2 4 2 4 1 0 1 4 2 2 1 0 0 0 2 0 2 4 0 4 4 1 1 3
0 2 1 1 0 0 3 4 1 2 0 2 4 4 4 1 3 2 4 3 2 1 3 1 2 0 2 3 1 0 4 3 2 0 0 0 2 0 1 0 2 4 0 4 3 4 0 1 3 1 4 2 4 4 4 2 1 3 2 2 4 1 3 3 4 3 0 3 0 2 4 4 1 4 3 1 0 1 2 3 2 3 0 2 4 1 1 0 2 3 4 3 2 2 1 3 2 4 1 2 1 2 4 4 1 2 2 1 3 4 1 3 4 4 0 3 2 1 0 4 1 1 2 3 1 1 1 3 0 0 3 3 2 2 4 4 1 1 2 2 2 1 0 1 0 0 1 2 3 3 4 4 4 3 3 0 4 1 1 1 1 1 4 4 3 0 0 1 1 4 3 0 0 3 3 2 0 4 2 3 4 1
3 4 4 3 1 1 1 4 2 3 0 4 4 0 4 1 2 1 0 0 3 3 1 2 0 1 1 2 0 3 0 0 4 2 0 0 3 1 0 2 1 2 1 0 3 1 3 2 4 4 2 2 2 0 4 2 2 3 2 4 1 4 1 0 1 1 2 1 2 4 4 4 2 0 1 2 3 0 4 2 1 3 2 3 4 1 2 3 1 1 4 4 1 0 4 2 1 4 4 0 0 0 4 2 0 1 1 1 3 0 3 4 1 2 4 0 4 1 0 2 0 4 2 1 1 3 0 2 2 1 2 3 1 4 2 4 2 1 0 0 1 0 1 2 3 0 4 4 3 1 1 3 0 0 4 1 4 2 0 3 3 0 3 0 1 1 4 3 2 1 3 0 1 1 0 1 1 1 0 4 3 4
3 0 4 4 4 3 1 1 2 0 1 0 2 2 3 1 2 2 2 2 0 0 3 0 2 4 3 2 4 1 3 4 2 3 0 3 1 2 4 0 4 3 3 1 0 3 4 0 1 3 2 1 3 1 3 0 0 1 0 1 0 3 2 4 3 3 2 0 0 1 2 1 4 2 4 2 1 0 2 2 3 1 0 3 2 0 1 0 1 1 1 1 1 4 0 0 4 4 2 1 1 1 2 2 4 3 1 0 3 0 4 1 2 1 4 4 1 2 4 2 0 3 1 2 4 3 4 3 3 3 4 1 4 3 0 0 1 2 2 1 2 1 2 1 2 3 3 3 1 4 3 1 2 1 0 3 4 1 3 4 4 4 0 1 2 1 1 0 0 4 1 4 2 0 1 0 1 4 0 2 3 0
0 3 1 3 3 3 4 2 2 4 1 0 0 1 3 1 3 3 2 0 2 0 2 0 2 3 1 2 2 2 0 3 2 3 1 0 1 2 4 1 1 3 3 3 4 1 0 4 4 4 1 3 4 4 1 1 2 2 1 0 1 3 0 3 1 3 1 0 0 0 1 2 3 4 2 4 0 4 4 1 4 0 1 3 4 2 2 4 2 0 1 0 3 1 4 4 1 0 4 1 0 2 0 1 3 3 0 0 2 4 1 1 0 0 2 1 4 4 2 3 1 3 4 4 4 3 3 0 0 0 4 2 2 4 3 1 4 4 1 2 0 0 0 2 2 4 4 1 3 3 0 1 2 1 0 3 1 4 1 1 4 0 0 3 1 4 4 1 0 3 0 0 0 0 3 2 0 4 0 0 2 2
2 1 3 2 0 4 3 1 2 4 1 3 3 2 4 4 0 4 2 0 1 4 3 4 1 0 0 2 2 0 1 4 1 0 4 1 1 4 2 1 4 0 1 2 3 0 1 0 1 1 1 2 0 1 4 4 1 1 3 3 1 4 0 0 1 1 1 0 0 1 1 1 1 4 0 1 4 4 2 2 0 0 4 2 3 0 3 4 2 1 4 3 3 4 0 4 2 4 4 0 0 2 1 3 1 2 2 2 1 1 4 3 1 1 2 4 1 1 0 3 4 4 4 2 1 4 2 0 3 3 0 0 3 2 4 1 1 3 4 4 4 0 4 0 1 1 1 3 4 3 3 4 4 2 1 2 4 0 3 4 1 3 0 4 2 1 0 0 4 4 4 3 2 0 0 3 4 3 3 3 3 4
4 2 3 3 0 2 3 3 4 4 3 1 3 1 2 1 1 3 0 3 3 4 0 0 3 4 3 3 0 3 4 4 0 3 2 0 2 3 0 1 2 4 2 3 2 1 4 0 4 1 0 4 1 1 4 1 0 4 1 0 2 1 0 3 4 4 0 1 2 3 0 0 2 2 0 1 1 4 1 0 0 2 2 3 3 1 4 3 1 1 1 0 4 3 0 3 2 1 1 0 1 3 2 3 1 2 1 4 3 2 4 0 1 1 4 1 0 3 0 3 1 3 3 0 1 4 0 3 2 4 0 3 2 2 3 0 1 4 4 4 3 1 2 2 4 1 3 4 1 0 4 0 3 3 2 4 4 0 0 1 4 0 1 3 0 1 1 1 2 0 3 2 3 0 4 0 3 3 1 4 3 1
4 4 4 4 3 0 4 3 1 3 4 4 3 1 2 4 2 4 2 2 1 0 4 3 2 2 1 4 4 1 0 0 0 1 4 1 1 3 1 4 3 2 3 2 3 0 1 1 1 0 0 2 3 0 0 0 4 3 4 3 2 1 1 4 2 0 0 3 1 2 4 4 4 2 3 3 4 2 1 2 2 3 2 0 0 2 3 0 3 2 0 0 1 1 4 3 4 2 4 0 1 3 1 0 3 0 0 4 2 3 2 4 2 4 2 4 3 0 4 3 4 0 3 0 3 0 1 2 4 2 4 0 0 1 2 0 1 0 0 3 3 2 4 2 3 3 2 1 3 3 0 0 0 0 2 4 2 3 3 1 2 3 3 3 4 1 3 0 1 0 0 4 4 1 4 2 0 1 1 0 1 1
0 2 3 0 1 3 0 1 4 3 4 0 3 0 1 1 2 2 4 2 3 3 1 4 1 1 2 2 3 4 0 1 1 0 1 4 3 1 0 0 4 0 0 2 0 3 1 3 0 0 2 0 3 3 0 1 1 4 0 0 3 2 1 4 3 2 0 3 0 1 0 2 3 0 4 0 3 2 0 0 4 0 3 0 0 0 3 2 4 4 4 3 1 0 4 1 4 2 2 1 3 2 3 3 0 0 3 0 2 1 1 4 1 1 4 1 1 2 0 0 3 4 0 2 1 2 3 0 4 2 2 4 2 2 4 2 2 2 2 2 0 0 1 1 3 0 0 4 4 0 2 3 0 4 0 1 3 0 4 4 0 3 3 2 0 2 4 3 2 3 0 2 1 3 1 4 0 1 4 4 1 3
4 3 2 1 2 3 2 1 2 2 1 3 4 1 2 0 1 4 3 3 4 4 1 0 4 1 3 0 3 1 3 2 0 2 4 2 0 3 0 3 2 1 3 3 2 0 3 1 0 3 4 1 0 1 3 1 4 1 1 2 4 1 2 4 0 3 3 1 1 3 1 0 4 1 3 4 1 1 0 3 1 1 4 1 2 4 2 4 2 0 1 2 1 0 1 4 3 2 2 1 0 0 1 2 1 4 3 2 2 0 1 4 1 2 2 4 2 2 0 4 2 3 3 1 4 2 0 2 4 2 1 1 2 2 3 3 2 1 2 1 1 3 0 3 1 0 4 0 2 4 1 1 2 0 2 3 2 2 3 3 1 4 4 0 1 3 0 0 1 3 2 0 1 4 0 4 4 1 1 3 0 3
0 4 0 2 0 2 2 3 2 0 2 1 1 0 4 1 1 3 4 0 3 3 4 0 2 1 1 4 4 3 4 1 4 4 1 4 3 0 2 0 0 1 1 3 2 3 0 0 1 1 0 1 4 4 1 4 2 2 3 4 0 4 0 4 3 1 1 1 1 3 1 4 0 4 2 4 2 2 4 0 1 4 1 0 0 4 4 3 1 4 2 3 0 4 0 3 1 1 1 4 4 4 0 1 4 3 0 3 2 1 4 3 0 2 1 1 2 2 1 3 4 3 4 4 2 4 0 0 0 1 2 1 3 4 0 2 4 2 2 2 4 1 2 1 4 0 4 1 0 2 1 4 0 0 0 0 1 0 2 3 4 1 2 2 3 2 1 2 1 3 1 2 0 4 1 1 1 0 4 1 3 0
2 0 3 3 2 4 0 2 0 4 0 2 1 3 1 2 1 4 3 2 2 0 3 3 1 0 0 0 3 0 2 1 3 0 4 2 2 1 4 4 1 0 1 4 3 4 2 1 3 2 4 2 2 2 2 3 4 3 0 3 0 2 1 3 0 2 3 4 3 2 3 4 4 1 4 0 0 3 1 0 0 2 0 4 2 2 2 1 2 4 1 3 3 2 3 3 1 1 4 0 1 2 1 0 0 2 0 2 0 2 0 2 1 0 1 3 2 0 0 0 4 3 0 3 3 0 3 4 4 3 4 2 2 3 2 0 0 0 2 3 4 2 0 0 2 4 4 2 4 4 4 1 4 1 1 2 3 4 2 2 4 3 4 4 1 4 4 2 4 1 0 3 1 2 0 0 3 4 4 3 0 3
1 0 4 2 2 0 3 4 2 3 0 4 2 1 0 1 0 4 4 2 4 2 0 4 3 3 1 4 3 1 3 4 1 4 3 1 4 2 2 4 0 2 0 4 1 0 0 1 4 1 4 0 4 1 1 4 1 2 3 0 4 3 1 2 3 2 0 4 4 3 0 1 2 0 0 3 0 2 0 1 3 1 1 4 4 3 3 0 2 4 2 1 2 1 1 2 3 1 4 2 1 4 3 4 0 0 2 0 2 4 4 0 2 0 2 1 0 0 4 3 1 1 1 4 2 2 3 0 1 2 4 4 2 2 3 4 2 3 1 1 4 0 2 2 3 1 0 3 1 4 1 0 1 3 4 3 2 2 1 0 2 0 0 1 0 3 0 4 3 3 1 3 1 0 0 4 1 0 2 4 2 4
4 3 4 0 3 3 0 1 4 2 2 4 0 4 4 2 3 3 0 1 1 1 1 3 2 4 0 0 1 2 1 0 2 0 3 3 3 3 4 4 2 3 3 2 2 0 4 3 3 1 4 1 0 3 1 2 4 3 2 0 3 0 3 0 2 1 3 3 4 3 2 3 1 3 0 1 3 1 4 3 4 0 4 4 3 2 4 3 0 3 3 0 4 1 1 1 4 1 1 3 1 4 1 0 2 3 1 2 1 0 0 1 0 1 2 1 3 1 1 0 0 1 1 1 0 4 4 4 0 1 0 2 2 3 2 1 2 0 3 0 2 3 3 4 1 1 0 1 4 1 3 1 0 4 2 0 0 4 4 3 0 4 2 2 0 1 3 2 1 3 4 3 3 3 2 4 4 0 0 3 3 3
2 3 0 4 3 0 3 0 0 0 1 2 4 1 3 4 0 1 2 0 4 0 3 4 4 4 1 4 4 4 0 1 3 0 3 3 0 3 0 3 4 2 0 3 3 1 0 4 2 2 1 4 3 1 0 4 2 1 1 3 0 1 0 0 1 0 1 3 3 1 1 4 3 2 0 4 3 0 0 2 2 1 1 2 4 1 2 1 4 3 4 0 1 1 2 2 3 0 0 4 2 4 0 2 1 0 1 1 2 3 0 0 1 4 4 0 0 3 3 2 3 0 2 4 3 1 1 2 2 4 3 1 3 3 3 1 4 2 4 1 0 4 3 2 0 0 4 1 3 0 3 4 0 2 0 3 0 2 2 4 3 0 0 3 1 4 1 0 3 0 3 0 1 4 2 2 1 4 0 1 4 0
0 1 4 1 1 4 0 4 1 0 1 1 3 2 2 4 4 0 1 0 1 2 1 0 1 2 1 3 3 2 3 1 3 4 4 0 1 4 1 2 1 4 3 4 4 3 0 0 0 1 0 1 0 3 4 4 2 2 2 1 0 3 4 3 2 3 0 3 4 1 0 0 1 1 1 0 4 1 2 1 2 3 3 4 3 4 3 1 3 1 4 3 1 0 4 3 3 4 4 4 1 1 4 4 4 2 1 0 3 3 2 2 3 2 1 4 3 0 0 1 3 1 0 1 1 4 4 4 3 0 0 1 2 1 2 3 3 0 4 1 4 1 3 4 3 1 3 1 1 0 2 1 1 4 2 2 3 4 3 4 4 3 2 3 4 0 4 2 2 3 0 1 4 3 3 4 0 3 2 3 4 1
2 0 1 1 0 1 0 3 2 2 2 0 2 3 2 1 1 4 1 1 3 2 2 3 1 4 1 0 4 2 2 1 0 0 3 0 3 0 0 1 4 2 3 2 3 2 0 1 3 2 4 1 4 1 1 3 2 3 3 2 2 2 3 2 2 3 2 3 4 3 4 3 2 4 2 0 1 3 3 4 2 3 3 1 1 4 1 4 4 0 1 4 4 1 1 2 0 1 2 4 4 1 4 3 2 2 1 3 2 4 4 4 4 4 2 1 4 4 0 0 1 3 4 0 4 3 4 4 4 1 0 0 4 0 3 1 4 1 4 1 3 1 2 2 0 4 3 1 0 0 2 1 3 3 2 3 1 1 4 2 0 0 2 4 0 3 1 4 4 2 2 4 3 4 2 4 0 2 0 1 0 4
2 3 3 1 3 1 0 3 4 0 3 3 1 0 1 2 1 3 0 3 2 3 4 1 2 4 4 0 2 4 4 2 4 2 3 0 1 0 3 2 2 3 0 4 3 2 3 1 2 3 1 4 4 0 1 1 1 2 1 1 3 1 3 4 0 3 4 3 4 2 0 3 2 1 2 0 0 1 1 2 1 4 1 0 4 4 4 3 3 0 4 1 3 4 1 1 2 2 4 3 0 0 2 2 3 1 0 3 4 3 2 3 3 0 3 4 0 2 4 0 0 3 2 0 4 0 1 2 2 3 0 4 0 4 4 3 3 1 3 2 1 2 0 1 2 1 1 4 3 2 0 0 3 4 1 2 1 4 4 0 2 2 2 4 1 1 4 4 4 2 4 0 1 1 2 4 2 0 0 3 2 2
3 0 3 4 3 4 1 4 0 0 1 2 0 0 0 4 1 1 4 0 1 0 2 0 1 1 0 4 4 0 1 3 2 2 4 0 1 0 2 3 1 3 2 3 3 4 2 2 0 1 2 4 4 1 4 2 3 2 1 2 2 0 2 4 2 2 2 3 4 4 4 2 4 3 0 0 3 0 2 3 3 1 2 2 3 4 0 3 1 3 0 0 3 3 4 2 2 3 1 1 4 2 1 4 0 1 4 3 1 3 4 0 4 3 4 4 4 1 2 0 0 3 0 0 3 2 3 2 2 1 0 2 3 1 3 0 3 4 1 1 2 2 1 1 0 3 1 0 4 0 2 4 3 0 2 3 4 0 2 1 1 3 0 1 4 3 3 4 2 4 1 4 1 4 3 4 2 1 4 2 1 3
3 2 3 2 2 2 2 0 1 0 0 1 3 4 0 2 1 2 1 2 4 0 3 4 4 1 2 0 0 0 3 0 2 2 3 2 1 2 2 2 3 4 4 3 3 4 0 1 3 4 3 4 4 4 0 3 2 2 3 4 3 3 4 2 0 4 4 2 4 3 1 4 2 0 2 3 1 3 1 2 4 0 3 3 1 1 3 3 0 3 2 3 1 3 3 4 3 4 3 2 0 4 1 4 2 0 4 3 3 1 2 2 3 3 2 4 4 2 2 4 0 4 0 2 4 3 1 2 4 4 1 4 0 4 4 2 0 3 3 0 4 0 0 2 3 2 3 2 0 0 4 0 1 4 4 1 2 2 0 1 3 2 3 4 1 2 3 3 2 1 4 4 2 4 3 2 3 2 2 3 2 1
1 1 0 2 2 4 0 2 2 0 1 0 4 0 4 3 3 4 1 4 0 0 3 3 3 2 0 2 2 0 0 0 1 0 0 0 1 2 4 0 2 1 1 4 3 2 2 1 3 0 1 3 1 1 2 1 0 4 3 0 4 3 0 2 0 2 2 1 4 2 1 2 0 4 1 3 4 0 1 4 0 4 3 1 1 2 2 3 1 2 3 3 0 1 2 0 3 2 3 0 1 2 2 1 3 0 1 2 0 2 2 0 4 2 4 0 4 3 0 2 1 1 2 3 2 0 1 2 2 4 2 3 3 1 1 2 1 2 1 1 1 0 4 0 4 0 2 0 3 3 3 1 1 2 0 3 2 1 2 1 2 2 1 1 3 4 0 0 3 3 3 0 4 4 2 3 4 0 4 0 0 4
1 1 3 3 1 3 1 0 4 4 4 3 2 3 4 2 0 3 2 0 0 1 0 2 2 1 4 3 3 1 4 2 4 2 0 2 0 2 3 2 3 2 2 0 2 1 4 4 4 1 0 4 0 2 4 4 3 3 2 2 0 3 4 4 0 1 2 3 3 2 0 3 1 2 3 4 0 4 0 0 1 0 1 3 2 0 2 3 4 1 0 1 4 1 0 1 4 4 4 3 3 1 1 0 0 2 1 1 1 1 1 4 4 2 2 3 3 1 1 4 2 3 0 1 1 2 3 1 2 4 4 0 1 2 2 1 1 0 2 0 4 0 4 3 0 4 1 0 0 3 4 3 3 4 1 0 3 4 1 0 4 2 3 2 4 2 3 3 3 3 3 4 3 4 2 3 0 0 3 1 3 4
1 4 0 2 4 4 4 0 1 0 2 1 2 3 1 2 1 1 0 1 0 1 3 2 1 3 2 2 1 3 1 2 2 4 2 1 0 3 3 1 3 0 0 2 0 1 1 4 2 4 2 2 0 0 1 3 4 0 0 2 0 4 0 2 0 4 0 0 2 0 1 2 2 1 4 3 4 2 2 3 1 4 2 3 2 3 2 3 1 4 0 1 0 2 1 0 1 1 0 0 4 4 2 1 2 3 4 2 1 3 0 4 0 3 3 2 3 2 0 4 3 2 1 4 0 4 1 3 2 2 4 1 3 3 3 0 2 4 4 0 3 2 4 3 0 4 2 0 3 2 2 2 4 0 3 1 4 4 0 1 3 4 3 1 4 3 4 1 2 3 3 2 0 0 0 2 1 4 3 0 1 2
4 3 2 4 4 1 0 1 2 1 2 2 2 2 0 3 0 0 2 4 2 4 4 0 2 2 4 2 2 3 4 3 1 1 2 2 4 0 1 3 1 3 3 3 2 0 4 3 0 1 4 0 2 0 0 4 2 1 3 2 4 2 0 2 0 0 2 1 0 3 2 1 3 0 1 1 0 0 4 3 3 3 3 1 0 3 2 2 1 1 4 1 0 0 3 3 2 0 1 2 0 3 3 4 3 4 2 4 2 1 2 0 1 2 3 1 2 1 0 3 4 0 4 1 2 0 4 4 2 3 1 3 1 1 4 0 2 1 1 4 4 0 2 2 2 2 0 4 3 0 2 4 0 2 1 4 4 2 3 1 0 1 1 4 2 0 4 2 1 2 3 2 2 2 4 4 0 4 0 0 0 2
0 2 1 3 2 0 2 0 4 3 2 0 4 1 1 0 0 4 2 4 2 4 1 1 0 1 1 2 2 3 1 4 0 3 2 2 0 4 3 1 4 2 2 3 0 0 3 1 1 2 0 3 1 3 2 3 2 0 2 4 3 4 3 0 2 2 3 4 3 3 1 3 2 0 3 2 2 2 0 3 1 2 2 3 1 1 3 3 1 1 4 1 2 4 1 1 1 4 0 4 2 3 4 1 0 3 4 2 2 4 1 3 2 0 3 0 1 4 3 2 2 4 0 4 3 1 0 1 1 2 2 0 1 2 2 3 2 3 1 4 2 4 4 1 4 3 1 0 4 1 4 1 0 4 0 0 2 2 1 3 4 4 1 2 1 0 1 0 3 4 4 2 3 0 1 2 0 2 4 4 1 0
2 3 1 4 4 3 1 0 4 1 1 0 0 4 2 1 4 0 2 3 4 0 4 0 4 1 0 3 1 1 0 3 4 1 3 0 0 1 1 4 4 4 1 0 4 3 3 3 0 1 4 4 1 0 2 1 1 2 1 2 0 4 3 1 0 3 2 2 1 0 3 1 4 1 1 3 4 1 4 1 2 3 3 1 3 0 4 4 2 0 4 4 1 2 0 2 2 2 1 3 4 0 1 1 1 2 4 3 1 3 4 3 3 2 4 1 4 3 1 1 1 2 0 2 1 3 1 3 2 0 3 2 0 0 3 3 4 4 3 0 0 0 4 3 2 0 0 4 1 3 0 4 0 3 3 1 3 2 1 0 2 4 4 4 1 2 2 1 4 3 1 4 3 2 2 2 0 4 1 3 4 4
2 1 4 0 4 2 2 0 2 1 2 2 0 3 1 0 4 0 3 3 1 1 2 1 0 2 2 2 0 2 1 4 3 2 0 0 4 4 0 3 1 4 2 1 0 4 3 4 1 1 4 0 4 2 1 0 1 3 4 4 2 2 3 3 4 0 3 3 0 0 3 3 2 1 1 2 2 0 1 0 3 3 0 3 2 1 0 3 2 4 2 1 3 1 4 2 1 4 2 3 0 2 1 2 3 3 4 2 0 2 3 3 0 0 3 2 4 3 3 1 4 2 2 2 0 4 1 4 3 0 2 0 3 1 2 3 1 3 1 1 3 4 4 0 4 3 0 0 3 3 1 0 0 1 4 1 2 1 0 0 3 4 1 1 0 0 0 3 1 3 4 4 4 1 4 0 1 4 1 4 4 2
4 2 0 4 0 2 2 2 0 0 1 3 4 4 3 1 2 1 4 4 0 3 0 2 3 1 3 4 2 3 4 4 2 4 0 2 4 2 4 4 4 2 2 0 3 2 1 1 4 0 0 1 0 2 3 4 3 4 3 2 4 4 1 1 1 1 3 0 0 4 1 0 1 0 0 0 2 4 3 3 4 0 0 0 2 0 1 2 4 1 4 3 1 3 1 2 4 4 4 0 0 2 2 2 2 4 4 4 3 4 0 0 4 0 2 3 2 3 0 2 1 1 2 2 1 4 1 1 0 2 3 1 4 2 0 1 1 4 3 0 3 3 2 4 0 4 2 2 4 4 1 2 2 4 0 4 3 3 2 0 3 0 1 2 2 1 1 0 2 4 2 0 4 4 4 4 0 1 3 1 2 0
4 0 4 1 4 4 1 1 4 4 3 3 4 2 4 0 4 2 1 2 4 2 3 1 1 1 4 4 2 2 1 3 2 2 1 3 1 3 1 3 4 1 3 3 3 4 0 4 1 1 1 3 3 2 4 1 3 3 3 2 0 4 3 4 2 4 2 0 4 3 0 4 1 3 2 4 3 0 1 1 1 4 4 2 1 0 0 1 4 3 4 1 0 4 3 4 3 0 4 3 1 2 2 2 2 1 4 0 1 0 4 0 1 0 4 3 1 4 4 2 0 0 0 0 4 3 1 0 1 2 3 4 4 2 1 2 0 2 4 2 4 3 4 1 4 3 1 0 2 2 4 4 3 4 4 4 0 0 4 1 3 4 0 4 3 3 1 4 3 3 3 2 1 2 0 0 2 1 2 1 4 3
1 4 3 2 3 3 0 0 1 3 1 1 4 0 1 3 4 4 1 4 4 2 3 4 0 0 3 4 1 2 3 2 3 3 0 3 1 0 3 2 0 2 0 1 2 1 4 3 1 0 2 0 3 2 1 0 2 4 4 3 3 2 3 1 0 0 2 3 2 0 2 4 4 4 0 1 1 0 1 4 2 0 1 2 2 2 2 4 4 2 0 2 1 0 1 4 2 3 4 4 0 2 0 0 1 0 3 4 2 2 0 2 2 1 4 2 1 2 3 2 1 3 4 4 0 2 3 2 2 3 1 0 2 3 0 0 4 0 0 3 2 2 0 2 4 2 1 2 4 4 4 2 3 0 1 0 3 0 3 2 0 1 2 2 0 4 4 1 2 1 4 1 4 2 3 3 4 4 2 0 4 1
2 4 1 3 1 1 0 4 4 0 1 3 4 3 3 4 4 0 0 0 1 4 2 2 4 3 3 1 3 4 4 0 0 3 1 2 4 1 1 0 4 4 4 3 2 4 4 1 1 2 2 4 3 1 1 0 2 0 3 0 1 3 3 2 1 4 4 2 2 2 0 1 2 1 2 1 0 3 0 3 0 4 2 4 2 4 4 4 1 4 0 4 2 0 1 0 1 2 0 3 0 0 2 4 1 4 0 3 4 2 1 0 1 3 1 4 4 2 0 2 1 0 2 1 2 3 1 3 1 1 2 3 1 1 2 4 2 4 2 1 2 3 3 0 4 4 1 3 3 2 1 0 4 0 1 2 3 4 0 1 3 4 4 1 2 3 1 4 3 0 1 2 1 4 2 0 1 1 0 4 0 3
1 4 3 4 3 2 4 1 0 4 2 0 0 0 3 3 4 3 4 2 0 2 4 0 2 2 3 2 1 3 3 3 4 1 4 3 0 3 1 1 4 3 1 0 0 1 0 2 2 1 4 2 3 0 4 2 2 2 2 1 0 0 1 0 1 0 0 2 1 1 3 0 1 1 2 2 4 3 4 1 1 0 1 0 3 0 2 2 3 4 3 0 4 4 0 3 2 2 0 3 3 0 3 2 1 3 1 2 3 0 4 4 2 2 4 0 2 4 0 2 0 3 3 2 0 3 0 2 3 2 0 3 2 0 0 0 0 1 4 3 3 0 3 3 2 4 0 0 0 0 2 1 4 0 0 1 1 0 3 1 4 0 4 3 2 0 0 3 3 4 1 4 0 1 2 2 1 2 4 1 3 4
4 4 1 4 0 4 1 0 0 2 0 0 0 2 2 2 2 2 2 4 1 4 2 3 3 3 3 3 2 1 2 3 2 0 0 4 0 1 4 0 1 1 2 1 3 4 4 3 2 3 4 0 2 1 1 0 0 4 0 4 2 4 2 4 0 4 3 0 3 4 2 4 0 0 2 0 4 3 3 3 1 2 4 0 4 0 3 1 1 3 0 3 0 4 4 2 4 4 4 2 3 1 3 3 1 0 3 3 4 2 3 2 1 4 3 0 1 3 3 2 3 3 2 3 0 1 0 1 0 4 0 3 3 3 1 1 0 2 4 4 1 0 2 2 4 2 3 3 0 1 0 3 2 3 4 4 1 1 2 2 1 2 2 1 2 4 2 2 3 4 4 4 4 3 1 0 0 1 3 2 0 1
2 4 4 1 3 2 3 0 4 1 4 2 2 3 3 1 2 1 0 1 2 1 4 3 2 4 2 2 3 2 3 1 1 4 2 1 2 2 3 1 3 4 0 2 2 0 1 4 1 1 3 0 3 2 4 2 4 3 4 2 0 3 3 3 2 3 4 4 0 2 3 1 1 3 0 0 4 1 1 2 0 4 3 0 2 4 2 3 2 1 0 4 1 1 2 4 1 1 0 3 0 3 1 3 4 4 3 0 2 4 4 2 1 2 4 3 3 1 3 2 0 0 1 3 3 3 4 4 4 0 3 1 0 1 4 1 0 2 1 3 4 1 2 0 0 2 0 4 0 3 3 0 3 0 1 2 3 0 3 0 0 3 1 3 0 1 4 0 0 3 0 4 4 3 1 1 2 1 2 2 1 1
0 2 1 1 4 1 1 4 1 4 3 3 2 0 1 3 0 1 1 3 3 2 3 4 4 0 1 3 4 2 4 4 4 0 2 0 4 4 2 0 0 0 0 2 0 1 2 2 0 4 2 3 1 0 4 2 0 0 1 2 0 2 1 1 0 4 4 4 0 1 4 2 1 2 4 3 3 1 0 0 2 3 0 1 0 0 3 3 2 1 0 2 4 3 4 4 4 3 3 4 4 4 1 2 1 2 0 2 1 2 2 3 2 0 1 0 0 0 3 2 3 3 2 2 1 3 3 1 3 3 2 4 3 1 1 1 0 3 3 1 2 3 2 2 3 3 2 0 0 0 4 1 0 1 3 1 4 4 4 2 2 4 1 2 0 4 4 0 4 4 4 2 4 3 4 2 3 3 4 4 3 4
0 3 2 0 1 4 1 3 3 1 2 2 3 2 3 4 4 3 1 0 0 0 3 1 0 2 4 4 3 4 0 0 4 0 2 0 4 4 0 4 0 2 1 0 1 0 2 3 3 3 3 0 3 2 3 0 1 4 0 1 3 2 1 2 4 0 4 3 4 0 0 1 4 1 4 3 3 3 1 3 1 4 0 1 3 3 2 4 2 4 0 2 3 3 4 3 4 4 3 0 1 3 4 2 2 0 0 0 3 1 1 1 1 1 2 1 2 1 1 1 2 3 4 1 4 3 4 0 4 4 2 2 3 3 0 0 3 2 2 1 4 3 4 2 2 2 3 1 0 1 2 3 2 1 4 3 2 0 3 3 4 0 3 2 4 3 4 4 0 4 3 1 4 2 3 1 1 4 2 2 0 2
0 4 0 1 2 2 1 0 3 2 3 1 2 4 4 1 3 1 2 1 0 2 1 3 3 2 4 3 4 2 0 1 1 2 2 4 0 0 1 3 0 4 1 2 0 2 0 1 3 3 2 0 0 3 1 0 3 0 0 2 2 2 4 4 0 3 0 0 1 1 0 1 3 1 3 0 3 0 1 3 3 1 4 0 4 0 1 4 2 1 2 0 4 3 1 1 1 1 1 2 4 3 0 2 1 3 3 1 1 1 1 1 2 2 2 4 4 0 3 2 3 0 2 4 3 0 0 2 1 3 1 0 3 2 0 1 2 0 2 3 1 1 0 4 3 4 3 3 1 1 0 4 4 4 1 4 4 1 1 2 2 3 4 0 2 4 2 4 4 1 0 3 2 0 4 3 1 2 1 2 0 3
3 1 4 4 1 0 3 4 2 2 4 1 2 1 1 1 3 2 0 3 2 2 0 1 0 1 0 3 0 1 3 3 4 2 0 0 2 0 2 4 2 1 3 1 0 1 0 3 0 0 1 3 4 1 4 2 4 0 0 4 3 4 4 4 3 4 2 1 4 4 2 3 2 0 0 2 1 2 2 4 2 3 2 3 1 3 0 0 0 3 1 0 2 1 0 2 0 2 3 2 1 1 2 3 3 2 3 2 1 0 1 3 1 0 2 4 3 4 0 4 2 3 4 1 4 4 4 2 3 2 4 4 0 1 0 1 1 3 3 4 0 1 3 1 1 2 3 4 3 0 0 1 3 2 2 3 1 1 0 2 1 1 1 3 4 3 4 2 3 4 2 4 0 2 2 3 1 0 3 4 0 0
0 1 2 0 4 1 3 1 3 4 4 1 0 3 0 4 3 3 4 0 4 1 4 4 0 0 1 0 1 4 0 4 0 3 4 1 1 4 2 4 4 3 0 1 1 2 0 1 3 1 3 4 0 2 3 2 4 2 2 3 1 4 2 1 4 3 4 0 2 1 4 3 1 2 4 4 4 0 1 2 3 4 2 3 4 2 0 0 4 4 3 0 4 2 3 3 0 2 4 3 0 0 1 1 2 3 1 4 3 4 1 3 0 0 4 4 3 1 2 2 1 2 0 2 0 0 2 2 3 3 0 0 4 4 4 3 2 2 2 2 1 1 2 3 1 1 3 1 3 2 1 1 4 1 3 1 1 2 4 1 1 4 4 0 0 0 0 4 2 0 1 0 1 1 3 4 2 3 1 2 0 2
3 2 0 3 3 3 1 2 0 4 4 1 1 4 1 1 1 0 1 4 2 2 0 0 4 3 1 0 2 3 2 3 0 4 3 1 2 1 3 4 0 4 0 1 1 3 3 2 0 1 1 2 1 4 0 0 2 1 0 1 1 4 4 2 3 3 0 0 4 0 0 0 0 2 3 3 1 1 0 3 3 3 1 4 2 1 1 1 4 1 3 0 2 4 4 0 4 4 2 1 2 2 3 2 2 1 0 3 3 2 1 3 0 4 4 0 2 0 1 1 3 1 4 0 1 3 2 0 0 4 3 2 4 1 1 1 3 3 1 3 2 4 1 4 4 2 4 1 4 3 0 4 4 4 1 2 4 3 0 1 4 3 0 3 0 3 1 3 1 2 1 0 4 4 0 0 3 4 3 2 2 3
3 4 4 4 1 4 2 1 2 3 0 3 4 0 1 0 0 0 0 3 0 4 4 0 1 2 2 4 1 1 3 4 0 2 3 4 3 2 0 1 0 2 1 1 4 2 2 4 2 4 4 0 0 3 0 1 2 4 0 3 1 0 2 3 0 2 2 3 1 0 1 4 2 4 0 2 4 4 3 3 3 0 3 0 3 1 1 1 0 4 1 3 4 1 2 4 3 1 0 2 1 3 1 1 0 1 0 4 3 0 2 1 0 1 4 4 2 0 2 4 1 3 3 1 4 2 2 0 0 4 2 4 0 0 2 0 1 2 4 1 2 1 0 3 4 4 4 3 1 3 3 3 1 3 1 3 2 0 3 4 0 2 3 2 2 0 2 0 4 3 2 2 4 2 2 1 3 3 4 4 3 4
4 4 2 2 4 1 3 4 1 0 1 4 2 0 2 1 1 1 4 0 0 0 4 4 1 2 2 3 3 0 2 0 2 2 2 3 3 2 3 1 2 1 3 1 4 0 4 2 3 3 2 4 1 3 3 2 2 3 2 0 0 2 0 4 4 0 3 4 2 3 1 0 1 4 3 0 1 3 2 4 3 4 3 4 4 4 4 1 4 1 2 4 3 4 1 4 4 4 1 2 4 2 4 0 3 4 1 4 2 0 3 1 2 4 0 1 0 1 3 4 3 2 0 3 1 1 0 3 2 1 2 1 0 1 2 3 2 0 4 0 0 4 3 2 3 0 4 0 2 4 4 2 1 2 2 4 3 2 2 1 0 1 4 0 4 3 3 2 3 4 2 1 4 2 0 2 2 1 3 1 0 4
3 3 1 3 3 2 0 2 3 3 4 4 3 0 3 4 2 3 3 1 1 2 3 2 2 3 3 2 4 1 1 0 4 0 3 4 2 0 2 2 3 3 1 4 3 4 3 3 0 3 4 1 1 0 3 0 3 4 2 4 2 0 4 1 0 2 3 4 0 0 1 3 0 0 2 3 1 2 1 1 1 3 0 4 3 0 4 3 1 1 2 3 3 2 2 1 1 0 0 1 2 4 2 2 4 1 2 2 4 1 4 2 4 1 1 4 1 0 2 3 3 4 1 1 3 3 2 0 0 3 3 2 4 2 1 3 1 4 2 0 0 1 2 1 2 0 0 1 0 4 4 3 3 0 4 4 1 2 1 1 2 1 1 3 4 2 3 0 1 0 2 3 4 1 1 1 1 1 2 1 2 3
1 3 1 0 2 2 4 3 0 3 4 1 1 0 4 4 2 2 2 4 3 1 2 4 4 3 1 2 1 0 2 2 3 3 0 0 0 1 0 3 2 2 4 0 4 0 0 2 0 4 3 3 0 1 2 4 1 0 3 0 1 1 4 4 4 1 2 2 3 2 0 2 4 1 2 4 4 4 3 4 3 1 2 3 4 4 3 3 0 1 3 3 4 4 2 4 1 4 3 1 4 0 3 0 1 0 1 0 0 4 4 0 3 3 4 2 3 4 2 0 2 2 3 2 2 2 3 0 4 3 1 3 3 1 3 4 1 0 2 3 1 3 1 4 2 0 4 2 1 1 2 3 1 2 2 3 4 0 0 3 3 1 3 1 2 4 3 0 4 2 1 0 0 2 2 4 4 1 1 2 4 0
0 0 2 3 0 4 0 0 4 4 3 3 2 2 2 2 3 3 4 1 0 2 0 2 1 1 0 0 3 2 0 0 2 0 3 3 1 1 0 0 2 4 0 1 1 2 4 1 2 0 4 0 2 4 4 1 0 0 3 0 2 3 1 1 0 1 1 1 2 2 4 1 3 4 3 4 4 2 1 1 4 0 1 2 2 1 0 4 3 3 0 2 3 3 3 1 1 0 2 1 4 3 2 2 3 0 3 2 4 1 0 4 2 4 3 1 2 0 0 0 0 2 4 0 2 2 1 4 4 1 0 0 4 4 2 2 2 1 1 1 2 2 2 1 1 2 4 0 2 0 2 2 4 1 3 4 0 1 3 0 2 0 0 4 1 0 3 3 3 0 2 0 2 1 4 0 4 3 2 3 0 4
1 2 0 1 1 0 4 1 2 4 3 0 3 4 0 1 0 3 1 4 0 0 0 1 2 4 0 4 3 2 0 1 4 0 4 2 3 0 3 0 4 3 0 2 0 2 1 0 2 4 4 3 0 1 4 4 1 1 1 1 4 1 4 0 4 0 0 2 0 3 4 0 4 0 4 4 4 0 1 2 0 2 2 2 3 1 3 1 0 4 2 1 1 3 1 2 3 1 4 4 2 3 1 3 0 0 2 0 3 0 4 0 2 1 2 0 4 0 4 4 2 3 0 0 2 4 2 2 2 3 1 1 1 4 4 4 0 3 1 3 3 0 0 0 3 2 3 2 4 2 2 3 0 4 3 4 0 2 2 0 0 0 3 4 0 3 3 0 3 1 0 4 3 0 1 1 4 4 3 0 3 2
4 1 2 4 0 4 2 4 4 2 0 3 1 0 3 1 2 3 2 4 2 0 1 4 1 0 0 2 2 4 4 1 2 1 1 2 1 3 2 2 2 4 0 4 4 0 2 3 4 0 2 1 2 3 0 4 3 1 1 2 2 0 4 4 4 2 3 2 2 2 1 4 1 4 0 2 4 3 0 3 0 2 2 2 2 4 3 0 2 1 3 1 4 4 0 3 3 1 2 0 3 3 1 2 2 2 4 4 2 2 4 2 1 1 1 4 3 0 1 0 1 1 2 0 0 4 0 0 0 4 0 1 0 2 3 4 1 4 3 0 1 3 2 3 1 0 2 4 0 0 2 4 2 1 1 2 0 2 0 3 3 0 4 3 4 2 3 2 1 1 2 0 1 1 3 3 2 2 4 4 2 3
3 4 4 0 4 0 4 4 3 2 1 4 3 3 1 1 0 4 4 0 4 1 3 4 1 0 1 2 2 1 1 0 2 0 2 3 2 3 4 2 3 3 1 1 1 2 4 3 4 0 3 3 3 2 3 4 4 1 4 1 4 2 4 4 2 3 2 2 4 4 4 2 2 3 0 0 2 1 3 1 1 4 0 0 3 0 1 4 1 0 3 3 2 4 2 2 2 1 1 3 0 0 2 4 0 2 4 3 3 0 4 0 4 1 0 4 1 1 3 0 4 1 3 3 0 2 0 0 3 1 3 4 4 3 3 1 0 0 4 1 0 1 3 4 2 0 3 1 1 3 3 2 0 3 1 2 0 3 4 3 2 0 4 1 3 3 4 0 3 4 1 3 2 4 4 1 4 4 2 3 2 0
2 4 3 3 4 0 4 0 4 1 0 3 4 0 3 3 1 3 4 2 1 1 4 2 3 0 3 0 0 3 3 3 4 3 3 3 4 2 4 0 3 1 0 2 2 4 1 3 2 0 2 1 4 1 0 2 4 4 4 4 2 4 2 1 0 1 2 1 3 3 1 4 4 1 1 3 2 4 1 0 2 1 3 1 4 3 0 3 4 4 3 3 1 2 2 1 0 4 2 1 4 0 0 0 3 3 4 1 0 2 3 2 0 3 0 0 1 0 3 3 1 3 1 2 3 3 0 3 4 2 1 0 2 1 1 1 2 2 4 2 1 2 4 2 0 1 4 3 3 2 1 4 3 0 4 3 0 4 1 0 4 0 2 1 1 0 4 0 2 3 2 1 2 3 0 4 4 4 3 2 3 1
4 1 3 0 4 4 4 3 1 3 0 3 2 1 4 3 4 3 4 1 4 1 0 4 1 1 0 1 1 4 4 2 2 3 2 4 2 3 4 0 4 4 3 1 2 4 1 1 3 0 3 4 2 0 1 0 3 1 3 1 0 2 3 3 0 2 2 4 3 1 1 2 0 0 0 4 1 1 1 4 2 1 1 1 1 2 1 1 0 4 3 3 3 3 3 1 3 2 2 1 3 4 3 0 4 3 4 2 1 2 2 3 3 0 1 1 4 2 3 4 3 3 2 4 1 2 0 4 4 2 0 2 1 0 4 2 0 1 0 2 0 4 2 4 4 4 0 0 3 0 4 2 3 4 1 2 1 3 3 1 0 1 0 4 1 2 3 2 0 3 1 0 4 3 1 0 2 2 0 1 4 2
0 3 1 3 2 4 1 2 2 3 3 0 2 2 2 1 1 4 1 2 4 1 0 3 1 0 0 4 1 1 1 3 1 4 1 3 0 2 1 3 0 1 3 0 0 2 3 1 1 4 0 2 2 3 2 1 3 4 0 1 1 1 4 2 0 0 3 0 4 1 0 1 2 0 1 3 2 4 1 0 1 2 0 3 2 2 4 0 4 4 1 0 2 0 2 4 2 0 2 1 1 4 2 1 0 1 1 4 2 2 2 3 1 2 4 3 1 3 3 0 0 1 2 4 3 0 4 2 2 3 3 1 2 3 2 2 1 0 2 3 2 4 4 1 3 3 4 1 3 0 4 0 1 1 0 2 3 1 4 3 4 0 4 3 0 3 3 1 3 2 1 2 3 0 3 1 0 3 4 4 0 0
4 3 2 1 0 2 4 2 0 3 2 1 4 2 4 2 3 4 4 1 4 2 2 2 0 2 2 1 3 2 2 0 1 1 1 3 3 1 0 1 1 2 2 2 1 4 4 1 3 0 3 4 2 0 2 4 4 1 1 0 4 3 0 2 1 3 0 4 1 1 0 3 0 0 0 2 4 2 0 4 2 3 4 2 0 3 1 2 4 4 2 3 4 2 2 0 0 3 2 2 1 4 2 3 4 4 2 0 3 3 0 1 1 1 0 2 4 1 1 3 3 3 4 2 0 1 3 2 1 2 1 4 1 3 3 3 0 0 3 3 3 3 1 2 4 1 1 3 0 2 4 3 0 3 2 2 1 2 4 0 4 1 4 1 1 4 4 1 2 2 2 2 3 3 4 4 2 2 3 2 1 4
2 1 2 4 3 0 2 0 0 1 3 2 4 4 1 0 3 0 0 0 3 3 0 4 4 2 2 4 4 3 3 1 2 2 1 2 3 0 4 0 1 2 2 1 4 1 3 2 1 3 4 4 3 4 1 3 2 0 2 3 0 1 2 4 3 0 2 3 0 1 4 3 1 1 1 0 2 0 2 1 3 3 2 4 2 3 2 1 3 1 0 1 2 4 0 3 4 2 1 1 1 0 4 4 4 1 4 1 3 3 2 3 1 0 2 0 0 4 2 1 1 4 2 0 3 2 3 4 2 2 0 3 2 1 4 3 4 3 0 2 3 4 1 1 1 3 1 4 0 3 0 3 4 2 3 2 4 4 1 1 1 3 1 0 0 0 4 1 0 1 4 0 2 0 1 1 0 0 0 0 0 0
3 0 4 4 4 3 0 1 2 1 1 0 3 3 3 4 0 3 2 4 1 2 1 4 3 1 4 0 4 2 0 4 2 1 0 1 1 0 4 3 3 3 4 4 1 4 3 3 2 1 2 0 3 0 0 3 4 4 3 0 3 0 4 0 1 0 4 2 0 0 3 1 3 4 0 2 3 3 0 2 1 0 3 1 0 3 1 1 4 4 1 3 1 1 0 2 3 4 2 0 2 0 1 0 1 1 4 4 2 0 1 0 0 4 2 2 4 3 4 4 0 0 4 1 3 4 1 3 1 3 4 0 0 0 2 1 4 2 0 1 2 3 1 4 0 0 1 4 1 2 0 1 0 1 4 0 3 0 4 1 0 3 1 2 0 3 3 1 2 0 2 4 1 1 0 1 3 4 2 4 1 0
2 3 1 4 4 4 1 0 0 4 0 3 1 0 4 2 4 1 4 3 3 0 1 3 3 0 2 1 1 1 1 1 4 2 0 0 4 3 0 1 2 2 2 1 0 1 3 4 4 2 2 2 0 4 1 3 4 0 4 2 3 2 3 3 2 0 0 3 4 3 4 3 0 1 4 0 4 4 4 4 2 4 1 4 3 4 2 4 2 4 1 0 1 2 0 0 2 3 3 3 1 3 2 3 1 3 4 3 3 0 2 2 1 0 1 4 2 3 0 4 4 4 1 3 1 2 3 0 0 2 4 3 2 3 1 0 3 2 3 1 0 2 3 1 3 1 3 2 2 3 1 1 2 2 4 0 1 3 1 3 2 2 1 1 2 0 1 0 2 0 2 4 4 2 1 4 4 1 1 1 4 4
2 4 4 4 4 0 4 2 1 1 1 2 2 3 4 0 4 4 2 3 3 2 2 1 1 1 2 0 4 2 4 4 3 3 3 4 1 2 4 2 0 0 1 4 1 1 1 2 0 4 0 0 1 4 2 4 1 4 4 0 3 4 4 1 4 4 3 0 3 2 4 0 4 1 4 0 4 1 2 1 2 4 1 3 4 3 4 2 3 1 4 3 0 4 2 1 0 0 2 4 2 1 4 1 4 1 4 3 4 1 4 1 3 1 1 2 1 2 4 1 3 3 0 0 4 2 2 2 4 1 1 3 4 2 1 4 3 0 4 4 2 1 0 0 4 3 4 0 1 0 4 4 3 4 0 0 3 4 2 4 0 0 2 4 2 3 0 3 4 0 4 3 3 0 3 2 0 4 2 1 4 1
3 4 2 0 1 2 4 3 3 4 0 0 0 0 4 1 3 0 3 2 3 1 4 3 3 2 2 2 0 3 1 3 2 0 3 4 0 4 4 3 0 0 4 1 0 0 4 0 0 2 4 0 0 1 3 0 3 2 4 3 0 0 4 4 3 4 0 3 4 0 3 4 2 2 2 2 4 1 4 1 0 3 1 0 1 1 2 4 0 2 0 2 4 4 2 2 0 2 0 4 4 1 1 1 3 3 0 0 2 4 1 2 0 0 0 1 1 2 1 4 1 3 1 1 4 0 3 4 0 1 4 4 2 2 3 2 0 3 2 4 3 1 2 0 1 4 1 4 1 4 3 3 2 2 1 1 2 4 1 4 0 2 4 4 4 4 2 1 2 1 3 2 2 0 2 0 1 1 0 2 0 0
2 0 4 3 1 2 0 4 1 2 3 2 2 4 1 4 1 1 2 4 0 0 1 0 0 2 1 2 1 3 0 1 3 4 1 2 3 3 1 0 1 0 4 3 4 3 4 2 1 1 3 1 1 1 1 4 0 4 3 2 3 3 0 1 0 3 3 3 2 2 0 3 4 2 1 0 0 2 0 3 3 0 4 2 2 3 3 2 2 1 1 2 2 3 4 2 2 4 2 1 1 3 4 2 0 2 3 2 4 0 0 4 0 1 1 2 4 4 2 4 3 0 1 2 4 2 1 3 2 3 4 0 1 0 3 1 2 3 3 3 3 0 2 3 2 1 3 1 2 0 2 2 2 4 4 3 1 0 3 0 1 4 1 2 4 1 1 3 4 1 3 4 2 3 4 4 4 2 2 3 4 0
1 2 1 2 2 4 0 1 0 1 0 3 3 2 4 1 2 0 3 1 4 0 4 3 4 0 3 3 3 2 3 4 1 1 2 1 1 2 2 3 3 4 1 3 3 0 0 1 2 3 2 1 0 3 1 1 3 1 4 1 4 0 1 2 1 0 3 4 2 2 2 2 4 0 2 2 0 2 3 4 2 2 2 4 0 4 0 3 2 0 0 1 2 3 1 0 3 1 2 2 1 4 1 0 2 3 2 4 3 3 4 0 2 1 2 3 2 2 1 0 4 3 3 1 1 4 4 4 3 1 1 4 2 2 1 4 3 0 4 1 3 0 3 1 1 0 1 1 3 2 1 4 1 4 3 4 1 2 4 1 0 2 0 4 2 1 4 0 3 0 3 2 2 1 0 3 4 3 4 2 0 2
3 3 2 1 0 0 0 4 1 0 3 3 0 2 1 1 4 4 3 2 3 0 1 0 0 0 3 0 4 1 2 2 4 1 4 1 3 1 0 4 2 1 4 4 3 0 0 0 2 3 2 0 3 0 1 3 0 1 0 4 2 0 4 4 3 0 0 2 1 3 3 0 4 3 4 4 0 4 1 4 4 4 0 2 4 3 3 2 4 0 3 4 0 2 3 1 4 3 3 3 3 3 3 2 3 3 4 1 2 0 0 2 1 0 1 3 0 1 2 2 2 0 1 4 0 1 0 1 4 0 4 3 1 3 2 4 1 3 0 0 1 1 4 4 3 3 4 4 4 1 3 3 4 1 0 1 2 2 2 3 3 2 3 1 2 3 0 3 1 1 0 4 4 0 4 2 3 0 3 4 4 1
3 3 4 3 4 1 0 3 0 0 0 3 1 2 1 4 2 0 2 3 4 1 0 0 3 0 3 4 4 2 2 4 0 2 4 1 3 2 4 0 4 2 4 1 4 2 2 4 4 4 4 1 0 4 3 0 1 1 4 0 3 4 2 0 1 1 1 1 3 3 2 3 0 3 1 1 0 3 0 2 2 4 3 2 0 1 4 1 3 4 4 3 3 1 4 1 2 2 2 3 0 4 3 2 2 4 4 0 4 1 2 1 1 2 0 3 3 4 2 3 0 1 2 0 4 3 1 3 0 4 1 3 0 1 0 0 0 4 0 4 1 4 2 4 3 4 4 1 4 1 2 1 4 4 2 3 4 3 2 4 4 0 2 0 2 0 0 4 4 2 1 2 3 3 3 1 0 3 4 4 4 1
0 4 2 4 4 1 3 3 3 4 4 2 4 3 2 1 4 4 0 0 1 3 1 2 1 1 0 1 2 1 4 4 2 2 4 2 0 4 0 3 3 1 1 0 1 3 3 3 2 4 3 1 2 1 0 1 4 0 4 1 1 3 3 1 2 2 3 3 3 0 1 3 4 2 0 2 3 4 0 2 3 1 0 2 2 0 3 4 0 2 0 4 3 0 0 0 2 0 0 2 2 2 1 3 1 3 1 4 2 3 2 2 4 2 0 4 0 0 3 0 0 0 1 0 1 3 0 0 0 3 3 3 0 1 3 3 4 4 3 4 0 2 1 4 1 3 3 1 1 3 4 3 4 0 3 0 1 0 0 1 3 0 1 3 1 0 2 3 1 2 2 1 1 0 3 2 1 3 4 2 2 0
0 1 2 3 3 3 0 3 0 4 4 3 4 2 0 3 0 2 0 4 0 1 0 0 1 1 4 0 0 1 2 0 4 4 0 2 3 0 2 0 4 3 0 1 1 1 4 3 0 0 3 0 3 0 1 4 3 2 1 3 0 3 0 4 3 0 3 3 2 2 0 4 1 0 0 4 1 4 2 1 1 2 4 0 2 0 4 0 4 3 0 4 1 0 0 1 2 0 1 2 2 1 1 3 2 3 4 0 4 2 2 1 4 1 1 4 3 2 1 2 2 2 3 4 4 3 2 4 3 4 1 0 2 4 1 4 2 2 0 1 4 4 4 1 0 2 0 0 0 1 4 4 0 2 0 0 2 3 4 0 4 2 2 1 1 0 3 3 3 0 1 2 4 1 0 1 3 2 3 0 1 2
