5 183 13
210699060 689876349 530968218 675892996 464468648 491685454 477269925 1074403507 930152756 810580000 560716353 197693624 1191918120 763014089 1175011604 504092852 1046353090 1094373634 1081610115 1080829743 736573464 700664517 1028560485 796615036 986195184 293677568 738343497 814753147 282734488 1090365240 823038974 623466247 615416650 322400131 404815061 698359174 711689986 742941950 781484861 21122494 1162022033 771504606 1052224310 414010704 783105495 369873983 114614718 375080274 710660415 1215693630 689560764 874816855 993846484 940874451 225345065 889011696 292721537 225614373 816688726 634238784 504386511 692525143 90008634 863856974 58028670 1164582541 962902974 1056292073 673074266 679845767 259596467 939304332 305666948 381951464 1075610900 1108100276 46831694 564612821 666857605 193050111 976075560 1160427223 56907774 324408005 764622897 755593285 509894057 415674206 394856891 764801736 547412621 778874999 389037152 808916523 250720960 672544238 261713512 772767592 1042249887 929761289 880553782 357137178 326242596 1092090641 167326751 280207194 649540204 604980737 1123024792 727366894 6113395 329290665 246545130 767518423 78542155 882406066 732787122 538339460 630165000 409511144 489993023 997877941 265751508 261157407 697705034 1168568553 42249062 500839536 1177270774 382427539 1113705724 216329503 985084711 130189246 62061646 217376302 643845871 562171302 1113422402 287598304 927924958 926231100 41682481 456178388 478837651 735305505 976136233 432058636 915475481 828130869 1100036911 1158461393 742251541 51416642 248450370 903928996 1040343666 331287972 785532362 478782428 336908982 384259135 1120829708 840434165 487505561 13220109 142665 871817623 1167335623 85142495 162759852 1034157180 828744709 1202834157 631323553 780528271 82850744 1149388307 52024324 1164840167 18291742 886749002 33557330
2 1 1 1 2 1 3 0 2 4 2 2 3 2 4 2 1 0 3 3 0 0 2 4 2 3 3 2 3 2 2 0 0 0 3 3 2 1 0 4 0 4 3 0 1 2 4 2 4 3 2 4 0 0 0 2 0 4 4 3 3 3 0 3 3 4 3 0 2 0 1 3 4 4 0 1 3 0 0 3 0 3 4 0 0 0 2 2 1 3 2 4 1 2 4 1 3 3 2 1 3 3 1 0 0 1 1 3 3 3 3 3 1 3 3 3 0 2 0 1 2 2 2 0 2 1 2 0 1 4 3 2 4 4 2 1 3 0 2 1 3 0 2 2 0 2 0 0 2 3 3 4 2 0 0 4 2 4 2 0 0 0 2 4 2 4 3 0 4 0 3 0 2 2 2 3 0 4 3 2 2 4 3
2 4 0 1 3 4 0 4 4 1 3 1 3 0 1 0 4 1 0 4 3 3 3 3 3 3 2 2 2 3 0 4 2 1 3 3 2 3 4 4 4 2 2 4 2 3 4 4 1 0 0 4 0 4 3 3 4 2 0 1 0 2 3 4 0 1 2 3 4 1 4 1 1 1 0 3 4 2 4 0 4 0 1 4 1 1 4 0 3 1 3 0 3 1 0 4 2 4 4 4 3 3 0 4 1 2 4 0 4 4 2 0 1 0 1 2 2 0 4 2 1 2 3 2 4 0 1 3 1 2 2 4 2 4 0 3 2 2 0 3 3 2 1 4 2 2 3 4 3 2 2 1 4 2 3 0 2 1 1 0 3 0 0 0 0 2 0 4 4 0 4 2 2 0 3 2 0 1 3 0 3 2 1
0 4 2 2 3 3 3 4 4 4 4 1 1 3 2 2 3 2 1 0 2 4 4 4 4 2 4 4 1 2 2 3 1 4 0 0 3 4 1 4 0 2 2 3 0 4 0 3 4 1 1 1 2 2 2 1 4 3 0 2 0 3 0 2 4 1 4 4 2 0 3 4 4 1 2 4 2 2 0 1 0 1 4 3 0 3 1 1 2 4 1 2 4 1 1 3 4 2 3 3 4 3 2 3 1 4 3 4 3 3 2 4 1 4 4 1 4 0 4 1 4 0 1 3 4 4 2 0 2 2 4 1 0 3 0 2 3 0 3 3 3 0 2 1 1 3 4 1 4 3 2 0 1 0 4 0 2 3 0 4 0 1 2 2 0 4 4 0 4 4 3 4 0 3 0 3 3 1 4 2 0 2 3
1 4 4 3 1 2 0 2 4 2 2 1 4 1 3 1 3 2 1 4 4 4 2 3 0 3 2 2 0 1 2 3 3 3 1 4 2 2 4 1 1 1 3 0 4 1 3 4 0 4 4 2 1 3 0 1 1 4 0 4 1 3 2 4 3 4 0 1 3 1 2 4 4 2 1 4 0 4 0 1 3 4 3 4 4 0 0 3 4 1 2 2 1 4 3 1 3 1 2 1 2 0 2 2 4 3 3 0 4 3 3 0 0 1 4 1 3 2 4 4 0 1 2 3 1 0 4 1 3 2 0 3 4 2 2 3 3 0 0 4 0 3 4 2 1 1 4 4 3 3 4 0 2 3 3 3 0 4 1 4 1 1 2 2 1 4 3 1 1 3 0 1 2 0 1 0 1 0 0 1 0 1 1
2 4 1 0 4 0 4 0 4 0 2 3 3 3 1 4 4 2 0 3 1 2 4 1 0 1 3 1 1 4 4 4 0 2 1 0 2 0 0 3 3 0 2 1 3 3 1 0 2 3 0 3 0 4 0 0 0 3 3 3 0 4 2 0 1 4 0 0 4 3 1 4 0 3 1 0 3 4 0 1 2 0 4 2 1 1 4 3 2 4 2 2 3 1 2 1 0 0 3 2 3 4 1 0 4 4 0 0 3 3 3 0 3 4 4 2 1 0 2 3 4 1 0 4 3 4 2 3 4 1 2 4 2 1 4 4 0 0 4 1 3 2 3 3 1 0 2 2 0 2 2 2 3 4 1 1 4 4 2 3 2 1 3 4 2 4 3 0 4 4 1 4 1 4 0 0 4 4 2 2 1 2 4
0 1 2 3 0 3 0 4 0 4 4 2 1 3 2 1 0 2 2 1 0 4 3 0 0 3 0 2 4 2 1 4 3 4 3 1 2 0 2 0 4 1 2 3 1 1 4 3 3 4 2 4 0 0 4 0 3 4 3 3 3 1 4 2 2 4 0 2 0 2 2 1 3 1 4 1 4 1 2 3 2 4 4 4 4 0 4 0 2 4 3 0 1 4 4 0 4 4 2 1 1 1 4 1 4 4 0 4 2 2 4 1 3 3 0 2 0 1 4 2 1 2 3 4 2 4 1 3 4 4 4 2 2 3 1 4 4 3 0 3 0 4 4 3 4 1 2 4 3 2 4 1 1 2 0 0 3 1 3 4 2 4 4 2 3 0 3 4 3 3 3 0 4 4 0 0 1 4 4 1 3 3 2
0 2 4 2 3 0 3 2 0 2 1 4 2 1 2 4 1 0 2 3 1 3 3 1 1 3 2 2 3 1 1 0 0 0 3 3 3 3 1 3 2 4 2 0 3 4 1 4 1 3 0 2 3 3 0 0 3 2 4 2 0 1 2 1 1 2 1 4 0 4 4 3 4 3 0 2 4 1 3 0 1 3 4 1 4 1 3 2 4 3 1 4 4 1 0 2 0 4 4 3 3 0 3 2 4 0 1 3 3 0 1 1 3 2 2 4 4 1 4 0 4 0 4 0 3 2 4 4 1 0 4 1 1 2 1 2 2 2 2 0 2 0 1 3 0 0 4 1 1 3 1 2 4 0 2 4 4 4 0 2 4 4 4 2 1 0 4 0 2 2 2 2 2 0 2 2 1 1 3 2 0 1 2
1 2 1 0 3 0 1 1 2 2 0 4 1 2 4 1 1 3 4 3 2 1 2 0 2 4 0 2 1 2 4 2 1 0 4 1 3 2 2 0 0 4 4 1 1 0 4 3 3 0 3 1 2 3 3 4 4 0 3 0 4 2 4 2 0 0 4 3 3 1 0 0 3 1 1 4 2 2 4 2 3 0 0 0 3 0 1 4 1 0 4 2 4 0 0 4 0 1 4 3 2 1 0 2 3 1 4 2 1 0 1 4 0 2 1 0 2 4 4 0 1 0 0 1 0 0 2 1 1 4 1 0 0 2 3 0 0 2 2 1 2 4 2 0 3 0 2 2 0 2 3 1 4 3 4 0 0 4 3 3 3 1 3 0 3 3 1 1 2 0 4 2 4 2 4 4 4 1 2 4 0 0 3
0 0 4 2 2 3 2 0 1 3 0 4 4 1 0 0 3 0 4 2 2 3 1 1 3 3 0 4 0 0 4 2 2 4 4 1 2 1 1 4 2 4 3 1 0 0 1 3 2 2 1 1 3 4 3 3 4 3 2 0 1 2 2 0 3 4 2 0 2 0 1 4 4 1 0 4 1 3 0 1 3 3 2 1 2 2 4 2 3 3 4 1 2 3 1 0 2 0 1 0 1 4 1 2 1 2 4 4 2 4 0 0 4 0 1 3 2 2 0 0 3 1 1 0 0 0 3 2 0 1 4 3 0 1 3 3 0 2 3 2 3 0 0 4 0 1 2 3 1 0 0 4 1 2 1 1 2 1 4 4 2 0 0 0 1 3 3 3 2 3 3 0 4 3 4 1 1 3 4 2 3 2 3
0 4 0 1 3 1 2 2 1 3 4 1 1 2 1 2 4 0 0 1 1 3 2 4 4 1 1 4 4 3 2 4 2 4 3 2 3 0 1 4 3 1 2 2 3 3 4 0 0 4 1 3 4 4 3 3 2 4 4 1 2 2 1 1 1 1 0 4 1 1 0 2 2 2 4 3 3 0 3 0 1 1 4 0 2 2 0 4 3 0 1 2 4 4 0 0 0 0 2 3 1 2 0 4 2 1 4 0 1 2 0 2 0 1 4 3 0 2 2 3 2 0 2 1 1 2 3 1 2 2 0 4 2 2 0 4 4 4 1 2 3 1 2 3 0 1 3 0 3 3 1 2 3 3 0 0 1 1 3 0 3 0 4 0 0 1 4 4 0 0 1 0 4 3 1 1 2 4 1 2 4 2 2
3 3 2 0 1 3 0 1 4 3 3 4 3 4 1 4 2 3 2 2 4 3 0 0 2 2 2 4 1 1 1 1 1 1 3 2 4 1 1 3 1 4 0 1 3 1 0 0 4 4 0 4 4 2 1 1 4 3 3 3 2 4 4 0 0 0 0 2 1 1 2 2 0 4 3 0 0 0 3 2 4 0 1 4 2 4 2 4 0 0 2 2 2 3 4 2 3 4 1 4 0 1 3 2 0 1 0 3 3 3 0 0 0 3 4 2 2 3 3 2 4 0 1 1 4 1 0 4 2 4 4 0 0 4 2 2 3 4 0 1 4 0 1 4 0 2 4 3 1 2 0 2 3 4 3 4 0 0 3 4 4 4 4 1 4 4 4 2 3 1 0 3 4 4 4 4 1 3 2 4 1 0 3
4 4 1 3 1 4 3 0 3 3 2 2 2 1 3 1 1 4 3 1 3 2 1 3 4 4 2 0 0 4 4 4 0 2 4 3 1 3 1 2 1 3 1 0 1 4 3 2 3 1 4 4 4 0 4 0 4 3 0 2 3 1 1 3 4 3 4 2 3 0 1 1 0 2 1 1 1 1 3 2 2 4 3 3 4 2 3 1 0 1 3 0 2 1 1 3 1 0 1 4 2 4 0 2 2 3 3 0 4 3 4 4 3 2 2 4 4 3 0 2 4 0 2 3 2 0 2 3 0 0 0 4 4 2 1 3 1 4 4 2 3 0 3 1 3 1 0 4 4 3 1 0 3 1 3 2 1 2 3 4 2 0 3 4 2 0 4 3 1 3 3 4 4 1 2 4 4 0 3 0 3 0 0
3 3 4 3 1 1 3 2 1 3 3 2 2 0 1 1 1 2 1 3 3 2 0 2 2 0 0 2 0 2 0 1 2 1 4 4 4 4 1 0 2 1 4 1 1 1 2 3 3 0 1 1 3 1 0 2 4 2 1 4 0 3 0 2 4 1 3 4 0 2 1 4 3 1 1 0 2 0 3 2 1 1 0 1 4 0 0 3 2 3 0 4 2 2 4 1 4 2 0 1 1 4 1 0 0 4 2 4 4 2 1 2 3 1 0 4 3 2 3 0 1 0 2 0 2 1 1 1 0 4 3 2 3 1 4 0 0 3 4 1 0 0 1 0 3 3 4 1 1 2 3 2 4 0 2 2 3 0 3 4 1 3 3 1 1 4 1 3 2 2 0 2 2 3 2 2 1 3 3 2 3 4 1
2 4 0 4 3 3 0 4 4 0 4 3 2 3 4 0 0 2 2 4 1 0 3 1 4 1 4 1 4 3 0 2 0 2 3 0 0 3 4 0 4 3 0 1 3 4 3 0 3 1 4 2 3 4 3 2 0 4 1 2 0 1 1 0 3 4 2 4 0 3 1 1 3 1 2 1 2 2 1 3 3 2 0 2 1 0 4 1 4 0 0 4 3 1 1 2 3 0 3 3 3 1 4 1 4 3 2 1 0 0 1 1 2 1 3 3 3 4 2 3 2 2 4 0 4 3 4 2 3 2 2 4 3 1 0 2 1 0 1 1 0 2 4 3 1 2 3 4 4 0 4 1 3 4 1 4 4 1 3 2 0 0 3 1 3 4 0 1 1 1 4 1 1 4 1 2 1 0 3 2 2 3 3
0 2 2 1 3 0 4 2 0 1 1 3 1 2 4 2 3 2 4 1 3 3 3 2 4 0 3 2 4 1 2 0 0 4 3 3 4 0 0 2 3 1 0 0 3 1 4 3 4 3 0 4 1 0 4 3 2 2 2 1 0 1 3 2 1 2 0 2 2 2 1 0 1 2 2 1 0 4 0 1 4 2 1 3 2 2 3 1 1 2 2 3 3 1 0 4 0 2 4 4 4 0 1 2 4 1 1 0 2 1 1 1 0 4 1 2 1 4 0 4 1 2 2 0 0 2 1 2 1 0 1 3 3 0 0 2 1 1 4 3 4 1 1 4 2 3 3 1 2 3 0 1 3 0 1 3 4 4 3 1 0 1 4 3 1 4 2 4 3 2 4 2 0 1 4 2 1 2 3 0 1 4 1
1 1 4 1 0 4 4 1 1 1 0 4 4 2 3 4 0 0 0 4 0 3 3 3 4 1 3 2 4 4 3 2 0 3 3 1 4 3 2 0 1 0 1 0 4 4 1 4 2 2 0 2 0 4 2 2 2 3 4 3 2 4 0 3 4 0 1 3 3 0 3 1 0 4 2 4 1 0 0 3 2 1 2 0 2 2 2 1 0 3 4 4 2 1 4 2 1 0 0 2 1 1 3 3 2 2 0 3 3 2 3 0 0 1 0 2 0 4 3 2 2 4 1 2 0 1 4 4 3 1 1 1 2 4 2 0 2 2 3 0 4 4 2 0 2 0 4 2 1 3 4 4 4 2 1 0 0 2 4 4 3 2 2 1 3 4 3 0 3 3 2 3 2 2 0 4 2 1 1 3 1 2 4
1 2 2 3 2 4 2 3 0 1 1 3 4 2 1 2 1 4 4 1 2 3 3 1 0 4 0 1 1 4 2 4 1 0 2 1 1 1 1 3 2 4 1 1 2 2 0 0 2 0 1 1 0 4 4 1 0 1 4 3 1 1 2 4 3 4 2 0 2 1 3 1 0 2 0 4 4 0 4 3 0 2 1 1 1 1 4 2 2 0 0 0 1 0 0 2 1 4 4 4 0 2 0 3 1 0 4 1 1 4 1 3 1 3 1 0 4 2 4 3 2 1 4 1 1 1 3 3 0 2 4 3 1 4 1 3 0 0 1 3 1 2 1 0 0 0 2 1 2 1 0 2 4 1 3 1 2 3 1 4 2 0 4 0 4 2 3 1 0 1 1 1 1 0 3 3 0 0 0 2 3 2 1
3 0 4 1 2 4 4 3 1 4 3 2 0 0 2 4 0 4 2 4 2 2 2 0 2 0 0 2 0 4 3 0 4 0 3 3 4 2 2 3 3 2 2 1 4 4 2 0 0 4 1 2 2 0 3 4 0 0 3 3 2 4 3 1 1 2 2 0 1 4 0 0 3 2 3 2 4 0 4 4 4 0 4 3 1 4 0 3 4 3 1 1 4 0 0 0 4 2 3 2 3 3 4 3 3 2 0 2 2 0 3 4 0 4 2 3 3 2 2 3 3 3 1 2 0 3 3 1 2 1 4 2 4 3 0 4 3 3 1 2 3 2 1 0 1 1 1 0 0 3 0 3 3 3 1 1 4 4 2 3 2 3 1 3 4 3 3 2 1 1 4 1 0 3 4 2 1 0 4 1 0 1 0
3 4 3 1 0 4 1 4 1 4 0 4 0 3 4 2 2 3 4 3 3 4 2 0 0 2 4 1 2 0 3 3 2 1 4 2 0 0 1 3 2 3 3 2 4 4 2 1 2 3 4 1 2 4 3 4 3 0 0 1 2 1 1 4 2 2 4 3 3 2 3 2 1 1 4 0 3 3 3 0 1 4 3 0 3 2 4 2 2 2 0 4 3 3 1 0 0 0 0 0 2 4 2 0 2 2 2 2 2 0 3 4 2 3 4 0 2 4 4 4 3 1 1 1 4 4 3 0 4 4 0 3 0 3 1 4 2 3 2 1 1 2 0 3 2 2 0 0 3 0 1 1 1 2 2 3 3 0 3 2 1 0 3 3 0 1 0 4 4 2 1 2 1 1 2 3 3 0 3 1 0 2 4
3 1 1 1 0 4 1 2 2 2 2 1 4 3 1 4 0 0 0 4 3 1 2 1 2 2 2 0 4 4 0 4 0 3 3 0 2 1 0 0 0 4 3 0 0 1 4 0 1 4 4 1 2 3 2 4 2 1 2 3 2 2 0 0 0 0 2 0 1 4 2 2 4 0 2 4 3 1 1 1 0 2 2 2 3 1 4 2 3 1 1 2 0 3 4 2 3 2 2 4 1 1 1 2 3 0 3 1 1 4 2 3 2 4 3 2 1 4 4 1 0 2 0 2 0 0 4 3 2 4 0 0 2 3 0 1 4 3 2 2 0 2 1 4 1 1 1 4 0 0 2 2 3 3 4 0 0 3 4 2 4 1 4 2 4 1 3 0 0 2 3 0 4 4 1 3 0 2 4 2 2 2 4
2 2 3 3 2 3 4 1 3 0 2 2 1 4 2 2 1 1 0 3 1 1 4 1 3 1 0 0 0 4 4 3 1 2 1 0 0 0 1 0 0 1 4 3 0 3 0 1 0 2 4 3 3 0 4 1 1 1 1 1 1 0 4 4 2 2 2 0 2 3 2 4 4 4 3 1 2 0 4 2 3 0 0 1 0 1 3 1 3 1 0 1 2 1 2 1 4 4 3 3 0 3 3 1 2 3 3 4 3 2 2 1 0 4 0 0 3 0 4 3 1 4 4 3 0 3 2 1 0 0 0 0 3 0 3 2 3 1 2 3 1 1 2 1 2 2 3 0 2 2 3 3 1 4 4 4 0 3 2 0 0 2 2 1 2 0 3 2 4 2 1 2 3 3 0 3 0 3 3 4 1 4 4
4 0 0 3 0 3 3 0 1 0 2 2 0 3 2 2 4 0 0 1 0 3 1 3 0 4 4 1 2 3 1 2 3 3 2 1 4 0 1 0 3 1 4 3 1 1 2 0 3 0 3 4 3 4 4 1 0 3 4 0 3 2 2 2 1 1 0 2 4 3 2 2 4 3 2 2 1 1 4 0 1 2 1 2 3 0 0 1 1 4 1 4 2 0 3 0 3 3 2 2 2 1 1 3 1 0 3 2 2 2 4 0 2 2 4 2 3 4 0 4 1 1 0 0 3 4 0 2 2 4 1 1 0 3 0 1 0 3 0 2 2 2 0 1 4 4 1 2 1 1 3 2 0 4 4 3 3 1 2 2 0 1 4 2 1 1 0 1 1 0 4 3 2 1 2 2 0 3 1 3 4 2 2
1 1 1 2 1 2 1 0 4 2 4 1 3 2 1 0 3 4 1 4 1 2 1 0 4 1 4 0 2 1 2 4 4 1 3 2 3 4 2 0 2 4 1 0 1 3 2 2 2 0 1 0 2 4 3 4 2 2 4 4 0 3 0 4 4 3 3 0 3 0 0 2 1 1 4 3 1 2 2 0 2 3 3 2 4 1 3 1 0 4 2 0 2 3 1 4 3 4 1 3 1 1 0 3 4 2 3 3 1 0 3 3 0 3 2 1 1 2 2 1 1 1 3 1 1 1 2 0 0 3 0 4 1 3 2 0 0 2 0 1 2 4 1 4 4 1 0 1 3 4 2 2 0 3 0 2 4 2 2 2 2 4 1 3 2 0 0 2 2 1 3 4 2 0 0 1 1 0 2 1 4 2 3
4 0 0 1 1 4 0 3 1 0 1 1 4 1 4 2 3 2 0 4 4 2 4 2 0 4 0 2 0 4 2 0 4 3 3 2 4 1 1 3 3 2 4 2 1 0 4 4 2 2 1 1 1 0 4 2 2 1 1 4 0 3 4 1 3 0 3 3 3 4 1 1 4 2 0 0 3 2 1 0 1 2 4 2 0 0 4 4 1 0 3 3 1 0 4 4 0 2 4 0 4 0 1 0 3 3 2 3 0 3 0 1 3 1 1 0 1 2 4 4 3 2 4 1 2 3 0 4 3 0 4 4 2 2 4 2 1 1 0 3 1 3 0 1 4 3 1 3 0 0 2 0 3 4 1 2 2 2 2 2 4 1 1 3 4 2 1 2 0 3 0 4 1 2 0 3 0 4 1 1 4 0 1
4 4 3 2 4 2 1 3 3 2 0 1 3 4 2 0 0 3 1 4 4 3 1 4 4 0 0 0 2 3 3 1 2 1 0 3 0 1 2 3 1 4 2 4 3 4 0 0 4 1 1 4 1 3 3 0 0 1 2 2 4 3 1 3 4 3 4 2 0 1 2 1 0 4 2 0 1 2 1 0 0 2 1 2 2 2 2 0 3 2 2 4 0 0 4 1 4 3 3 1 1 3 4 3 2 1 1 3 4 2 1 4 1 2 1 1 4 1 1 4 0 0 0 2 1 0 3 2 0 4 3 4 4 4 2 1 0 3 2 4 2 3 1 1 0 4 2 2 2 3 1 4 0 4 1 1 4 2 0 1 3 0 0 2 4 0 0 0 0 2 1 3 0 4 1 3 4 3 0 3 3 3 3
3 4 1 2 0 3 2 2 3 0 4 0 4 4 1 4 2 0 3 2 1 2 3 1 3 1 3 2 1 3 2 4 3 0 3 3 4 3 2 4 3 2 2 2 3 0 4 0 0 2 2 3 1 2 4 0 3 4 4 1 3 3 3 1 3 1 4 4 1 2 4 4 1 1 4 4 1 0 2 3 4 1 2 0 4 1 2 4 1 1 1 1 4 4 2 3 2 3 2 4 2 3 0 0 1 1 2 2 3 4 1 2 2 0 3 1 3 0 3 1 4 4 2 3 0 1 3 2 2 3 3 1 1 1 2 0 4 4 2 3 0 0 0 2 2 3 1 1 1 4 2 0 3 2 0 0 3 1 2 0 4 3 2 2 4 1 2 3 0 2 3 0 4 4 4 2 4 0 3 0 4 2 2
4 4 3 4 3 1 4 0 0 2 4 4 3 0 4 3 0 1 2 2 2 3 2 4 2 4 4 3 4 2 2 3 1 2 0 1 3 4 2 0 3 3 0 3 4 1 1 1 4 0 4 1 3 3 3 1 2 2 1 3 1 0 4 3 3 4 1 1 0 0 4 3 4 1 1 3 2 4 4 3 0 0 4 0 3 4 1 3 2 4 3 3 0 2 3 0 3 2 3 3 2 2 1 3 3 2 1 2 2 3 0 4 3 2 4 4 1 3 4 0 4 2 1 1 2 4 1 0 3 0 4 3 4 0 1 0 0 3 2 4 3 0 3 3 2 4 4 0 4 3 1 4 3 2 0 0 3 2 2 2 4 1 0 3 4 3 3 1 3 3 0 1 0 0 0 4 1 4 4 1 0 2 0
0 4 0 0 0 4 2 2 3 1 4 4 0 2 4 3 3 4 3 4 4 0 1 3 1 3 0 2 3 2 2 3 2 0 0 4 1 4 1 0 2 2 1 4 1 0 2 4 2 0 1 1 0 2 2 4 2 2 1 0 1 1 0 0 3 2 4 4 4 2 1 1 4 2 1 3 0 3 4 4 4 0 0 1 0 4 2 2 3 4 0 0 2 2 0 0 0 2 1 4 4 3 0 1 2 1 4 4 0 0 3 1 1 4 4 3 0 4 0 4 0 0 1 2 3 3 4 0 0 0 1 0 0 1 3 3 0 2 2 2 4 3 0 2 4 1 0 4 0 1 0 0 3 1 2 3 0 3 0 2 1 1 2 1 3 2 1 0 1 1 2 1 4 2 3 3 0 4 2 1 2 0 1
2 1 1 1 3 1 3 1 2 0 0 1 0 3 2 0 4 0 4 0 4 3 1 4 3 0 4 4 4 4 3 1 0 4 4 1 0 3 4 0 3 4 1 0 4 0 0 4 1 1 1 2 4 2 2 2 4 1 4 3 0 2 0 2 3 4 0 0 4 4 0 4 4 3 4 0 4 1 4 2 2 3 4 3 2 3 1 2 4 2 2 1 1 2 1 4 4 1 1 3 1 4 3 2 2 4 2 3 1 4 2 3 4 4 4 1 2 0 0 4 4 3 2 0 0 3 1 1 2 4 0 0 3 0 4 3 4 3 3 0 2 1 1 1 0 0 0 4 2 0 3 1 3 3 3 1 3 1 2 2 0 2 2 1 2 3 4 4 2 4 4 1 0 2 0 2 2 0 4 1 0 4 4
1 2 2 2 1 0 4 3 1 4 3 4 3 1 3 2 3 2 2 2 0 1 2 4 4 2 3 2 4 3 2 0 2 1 4 3 2 4 4 0 3 2 4 1 0 4 1 1 3 3 3 0 1 0 0 2 4 0 0 3 0 2 1 3 0 2 1 2 1 2 4 1 1 0 0 2 1 1 3 0 1 3 2 2 3 4 0 2 0 2 2 0 1 0 3 1 3 2 1 1 1 0 0 3 3 0 2 4 1 0 1 4 0 4 1 3 3 3 2 0 0 1 1 1 4 1 0 2 0 1 0 2 3 0 0 1 0 2 1 3 4 4 2 4 3 1 4 4 1 3 4 2 1 2 0 0 4 2 4 1 3 0 3 4 2 0 0 0 4 3 0 0 3 3 1 3 1 2 2 2 0 4 1
4 1 4 4 2 1 1 4 2 3 4 1 0 2 3 0 1 2 1 2 2 1 0 0 4 3 0 1 0 4 0 4 0 1 1 0 2 2 4 1 0 3 2 0 2 1 3 4 0 1 3 2 4 3 4 3 3 1 1 4 0 1 0 3 2 1 3 2 0 4 0 0 4 3 3 2 1 3 1 3 4 1 0 3 1 1 1 0 3 4 1 3 1 1 3 0 0 1 4 0 2 0 3 2 0 1 4 3 1 2 1 0 3 1 0 4 4 3 4 2 2 0 3 0 4 3 1 4 0 2 1 2 2 4 1 4 2 0 2 3 2 3 3 0 1 0 2 1 3 1 0 3 4 3 3 3 2 1 4 4 4 0 3 3 2 0 3 4 2 0 3 0 1 3 2 2 4 4 3 4 3 1 2
2 4 1 2 3 2 1 4 3 3 3 2 0 0 0 0 2 2 0 4 3 3 4 3 2 3 1 2 1 4 4 0 4 2 2 4 2 0 4 0 1 4 2 1 1 4 3 0 4 3 2 4 2 1 2 1 4 1 3 3 0 0 3 1 2 3 1 4 3 2 2 1 3 1 3 1 1 3 1 2 4 0 1 3 1 4 4 3 0 3 1 0 0 1 2 2 4 0 4 0 4 3 1 4 4 1 0 2 2 3 4 1 4 1 4 0 2 3 3 2 3 1 4 3 0 3 3 4 0 4 1 4 2 0 3 3 1 3 1 0 4 0 1 3 3 2 0 2 3 1 1 1 4 1 2 4 1 2 4 2 1 2 1 0 2 2 3 1 0 1 1 1 4 0 4 4 2 2 2 2 3 3 4
2 1 3 2 3 0 3 0 3 0 3 0 0 0 0 3 3 2 4 4 1 1 1 0 1 3 2 3 3 3 4 2 4 4 4 2 4 4 4 4 2 3 1 2 0 2 2 3 4 3 0 2 0 1 2 3 1 2 1 1 0 3 3 4 2 3 4 4 4 3 3 1 3 0 0 4 4 2 4 3 1 1 0 3 4 4 1 0 1 4 1 3 2 2 0 2 2 4 1 1 4 1 0 3 3 0 4 2 0 0 2 3 2 2 1 1 4 4 4 2 3 2 1 3 4 1 2 1 2 3 3 3 1 3 3 0 0 2 2 2 3 0 2 2 4 3 3 0 4 2 3 0 0 1 3 4 4 0 1 1 0 1 1 1 1 0 1 3 2 1 1 2 3 3 4 4 4 0 0 0 4 0 0
4 1 0 1 0 2 4 3 2 0 4 1 3 1 4 1 4 0 4 3 0 3 0 0 4 0 2 1 4 2 2 1 0 2 2 2 2 3 0 1 0 1 2 3 3 4 4 4 1 4 4 2 4 4 4 0 4 1 1 1 3 3 4 3 3 3 0 0 1 2 3 1 0 3 4 0 2 3 1 3 4 1 2 3 0 1 3 2 2 0 0 2 0 4 2 3 2 4 0 0 3 1 1 4 4 0 1 1 0 3 1 0 1 4 0 3 0 4 0 0 1 2 2 1 1 2 2 0 1 4 0 0 2 3 1 1 0 4 4 1 4 1 3 0 0 0 4 2 4 1 2 2 1 2 1 2 1 0 0 2 4 2 4 2 1 2 0 1 2 0 4 3 1 4 4 3 0 0 0 1 3 0 4
4 4 0 4 0 2 4 4 1 3 1 0 4 3 1 3 2 3 2 1 4 4 2 4 4 2 1 2 2 3 1 2 2 3 1 4 0 2 1 4 0 4 1 2 2 4 0 2 2 4 0 3 0 2 2 1 1 1 4 3 4 2 2 4 1 0 0 3 4 1 4 2 0 1 4 0 0 1 4 0 2 4 3 0 3 3 1 4 1 0 4 0 3 4 1 1 4 2 4 1 0 1 3 1 2 4 3 4 2 4 1 1 3 0 1 1 0 3 2 3 3 1 3 3 2 2 4 2 4 4 3 4 2 3 2 4 2 2 0 1 1 2 2 4 4 4 2 1 4 4 4 2 3 4 3 0 1 2 4 0 3 4 2 0 2 4 4 1 2 2 2 0 4 2 0 3 3 4 4 2 4 0 1
4 4 4 1 1 2 1 3 0 0 0 3 0 2 4 3 4 1 3 4 0 0 1 0 3 1 1 2 2 1 3 3 1 3 4 4 2 2 2 4 0 3 2 0 0 2 0 1 0 3 2 3 3 1 3 3 2 2 0 1 3 4 1 1 4 0 0 3 0 3 2 0 3 2 2 3 1 2 4 1 1 3 1 1 4 2 0 3 4 0 1 4 1 2 1 2 0 3 0 0 3 3 2 1 2 4 4 0 3 0 1 4 4 0 3 0 2 3 4 1 0 0 2 4 3 0 1 0 4 2 2 2 2 4 1 4 3 2 4 3 3 2 3 4 4 3 1 1 3 0 4 3 3 2 2 1 2 1 3 3 3 0 3 0 4 4 1 4 1 2 2 1 1 2 2 1 0 4 4 0 4 4 4
2 3 3 0 0 4 0 1 2 0 4 4 1 0 2 2 1 1 2 0 3 4 2 1 2 3 0 2 0 4 3 2 2 2 0 0 3 2 1 3 3 2 4 1 2 2 4 0 3 1 0 3 2 0 4 1 3 2 4 3 1 4 3 1 3 3 3 2 2 1 2 0 0 1 4 2 3 3 2 4 1 0 2 3 0 4 0 3 1 1 2 4 0 0 2 4 0 2 3 2 3 0 0 3 1 1 2 2 4 2 3 0 2 2 0 2 1 0 2 4 1 1 1 4 1 3 0 3 1 3 3 1 0 0 0 3 1 4 0 2 1 0 2 3 3 4 2 1 0 0 3 3 1 4 2 0 4 2 0 2 2 3 4 2 3 1 1 1 0 3 3 2 4 2 2 4 2 0 0 2 2 3 2
0 4 0 0 4 4 1 1 2 1 2 1 2 3 2 3 1 1 2 0 2 4 2 1 1 4 1 0 1 2 3 2 3 0 4 2 1 2 1 3 4 3 2 1 4 4 1 2 2 3 2 1 0 4 2 3 1 1 1 2 0 4 1 3 1 1 3 2 3 4 3 4 4 0 2 0 1 4 2 1 4 1 2 4 1 0 0 2 3 1 1 3 2 3 1 3 1 1 2 1 0 0 3 2 0 0 4 4 4 2 0 4 3 2 0 1 4 0 0 2 1 4 0 3 2 4 3 0 0 1 3 3 1 1 2 4 2 1 3 3 0 0 2 1 2 3 4 2 0 0 1 2 4 2 2 3 3 1 0 0 4 3 0 0 0 2 1 4 1 1 2 3 1 0 4 4 0 1 3 2 3 4 4
4 3 4 2 3 2 4 4 1 2 1 3 4 1 2 3 2 3 1 0 0 3 2 1 3 3 1 0 1 0 2 0 1 3 4 4 0 0 3 3 2 2 1 4 3 3 2 0 4 3 2 1 3 1 4 1 4 0 4 2 0 3 4 1 3 0 3 3 0 1 3 0 0 4 4 3 0 3 3 1 4 3 2 2 4 1 1 1 3 2 3 3 0 0 2 3 0 0 3 3 3 1 3 4 2 4 2 4 2 3 2 1 1 4 4 0 2 2 1 0 4 2 1 1 2 0 4 4 2 4 2 0 0 2 1 4 1 1 1 4 1 3 2 2 3 3 4 2 0 3 0 4 2 1 0 1 3 1 0 0 0 0 2 2 2 1 4 1 2 0 2 0 3 4 2 3 3 3 3 0 3 3 0
0 1 2 1 4 4 4 1 1 4 0 1 3 1 2 4 0 2 1 0 2 3 4 3 1 3 1 1 3 1 3 4 4 3 2 0 4 3 1 2 2 1 3 3 0 0 2 0 4 1 1 4 4 0 2 2 0 0 0 1 1 1 0 0 4 4 0 3 3 3 0 2 1 1 0 1 3 0 2 3 3 0 2 2 2 1 1 0 1 3 1 2 4 3 4 3 4 1 3 2 1 1 2 2 4 2 4 2 4 3 2 2 0 1 1 2 2 4 2 3 3 0 2 2 3 1 3 0 4 3 2 0 1 4 3 0 4 4 3 0 4 2 0 4 4 1 1 1 3 1 2 1 3 1 0 4 0 0 4 4 4 3 0 0 3 0 1 4 1 1 4 0 3 4 4 2 3 2 1 3 0 0 4
1 1 1 0 1 2 4 1 1 2 3 3 2 0 1 3 1 2 0 1 3 1 2 0 4 1 3 2 4 3 3 0 2 0 0 3 4 1 1 0 0 4 0 0 1 2 3 2 1 3 0 4 0 4 0 1 1 0 1 2 1 1 2 3 1 4 3 2 0 0 2 0 1 0 0 3 2 1 2 3 4 3 3 1 4 0 0 2 2 1 4 3 2 1 3 1 0 2 3 2 2 3 0 0 3 2 3 2 3 3 2 0 3 2 1 2 2 1 0 0 4 4 0 4 3 4 0 3 1 0 1 0 0 1 0 0 3 1 4 4 4 2 4 2 4 2 1 4 1 1 4 0 3 1 4 1 2 1 1 0 4 2 0 1 0 3 2 1 1 1 0 0 3 1 4 0 3 0 4 4 4 0 2
2 1 1 3 1 0 4 1 1 4 4 2 1 2 4 2 0 3 4 0 3 0 1 3 1 1 2 0 0 2 4 4 1 3 4 2 3 1 0 1 2 4 3 3 3 0 3 3 3 2 0 1 0 1 2 3 0 4 0 0 4 0 2 2 3 1 4 3 2 1 4 4 1 2 0 4 2 3 0 0 2 0 4 4 2 1 2 2 2 3 4 1 3 1 3 3 0 4 1 4 1 0 1 4 2 1 0 0 1 0 2 0 1 3 0 0 4 4 4 2 2 3 0 2 2 4 0 4 0 1 3 3 1 1 4 1 4 0 3 0 2 0 1 0 4 3 0 0 2 4 2 2 0 3 1 4 4 2 0 1 0 0 2 4 2 1 0 1 1 3 2 4 3 0 4 4 0 2 0 2 3 4 1
0 4 3 1 0 0 1 2 0 2 4 1 1 2 1 2 4 4 1 0 0 3 1 1 3 0 1 1 4 3 2 4 2 0 3 0 2 4 2 0 3 3 1 4 0 0 4 1 4 2 3 1 1 2 3 4 2 1 2 1 4 2 3 4 4 1 4 4 2 3 4 3 1 2 2 3 2 3 2 4 1 2 0 2 4 3 3 2 0 1 0 1 0 3 0 4 1 1 3 4 4 4 4 2 4 1 3 1 2 2 0 3 4 3 0 4 1 0 1 3 1 1 0 3 2 2 3 3 4 3 4 0 0 3 0 4 2 3 2 4 0 0 4 1 3 1 0 4 1 3 0 0 2 0 3 4 4 3 4 0 2 1 1 4 1 3 3 0 1 0 1 3 0 0 4 3 1 2 0 0 2 2 0
4 2 3 0 3 4 0 4 1 3 2 0 4 0 0 0 3 0 1 3 3 2 4 3 0 1 0 0 4 2 0 0 1 1 1 0 0 1 4 3 4 1 0 0 3 0 0 1 2 4 4 2 3 3 1 3 2 1 1 1 1 3 1 2 4 4 2 1 0 3 1 1 1 3 4 4 0 4 2 3 0 1 2 3 2 0 2 4 2 3 2 0 1 3 2 3 0 2 1 2 0 3 4 4 3 3 3 4 4 1 4 0 4 1 3 1 2 2 0 1 2 2 1 1 3 3 1 3 2 2 0 3 2 1 2 1 1 2 2 3 0 1 0 0 4 0 3 1 3 1 4 2 3 0 3 3 1 1 3 3 1 1 3 3 4 2 1 3 0 0 1 0 1 3 2 1 3 1 4 3 2 4 1
2 1 1 3 4 3 1 3 1 4 3 4 4 1 3 4 1 3 2 3 2 0 1 0 0 4 4 4 3 3 2 2 2 3 0 1 3 4 1 4 3 0 1 4 1 1 0 4 1 2 4 0 4 2 0 0 1 0 4 1 0 1 4 2 1 4 1 2 0 2 3 1 4 1 2 2 4 3 1 1 2 3 1 2 0 2 2 2 4 3 3 1 4 4 1 2 4 2 1 4 4 0 2 4 3 0 1 3 3 0 1 0 3 4 2 3 3 1 2 2 4 3 4 0 2 0 3 3 4 4 0 3 1 2 4 0 2 3 0 0 0 1 3 3 0 2 3 4 4 3 3 3 3 4 4 0 4 4 1 3 0 1 4 4 3 0 1 1 3 1 3 0 4 3 0 4 1 4 0 2 4 1 2
2 0 3 4 2 2 0 2 0 1 1 4 0 4 0 3 4 3 3 0 2 2 0 3 0 1 4 4 0 0 1 4 2 2 4 4 1 4 2 1 1 0 2 3 4 2 3 1 0 1 1 4 0 1 3 2 0 4 1 0 1 0 0 3 4 4 3 0 0 2 4 1 4 1 1 1 4 4 2 1 3 3 1 3 1 1 3 1 0 4 4 1 1 4 4 0 0 4 3 2 1 2 1 1 3 2 4 4 2 1 3 2 1 1 0 2 2 3 1 2 0 0 3 3 1 2 1 3 4 4 0 0 3 1 3 1 4 2 3 3 0 1 0 1 2 2 1 1 3 2 3 0 2 1 3 3 0 1 1 1 0 3 2 0 0 2 2 1 2 2 1 4 3 3 1 2 0 4 3 0 1 3 0
3 1 1 3 3 2 1 0 0 4 4 0 4 3 4 2 2 1 3 2 1 1 0 0 4 4 0 4 0 3 2 0 1 3 3 0 0 4 0 0 0 1 3 0 4 2 2 2 1 3 4 2 4 4 0 0 3 0 2 0 1 4 0 2 2 3 2 4 4 4 2 4 0 0 1 0 4 1 2 0 4 3 0 0 2 0 1 2 2 0 2 3 4 4 1 3 2 0 4 3 0 1 4 2 3 1 2 3 2 1 3 3 4 0 3 3 0 1 2 0 3 1 3 4 0 1 2 4 4 4 2 1 0 2 3 4 0 3 4 4 4 4 2 1 0 2 1 2 1 4 2 1 0 1 1 3 4 3 2 3 2 0 4 0 4 0 1 1 3 0 0 4 4 4 2 1 3 4 4 1 0 1 3
2 4 4 0 1 4 0 4 4 0 1 1 1 1 2 2 1 4 4 0 0 3 0 2 3 1 3 0 1 1 0 0 1 4 3 2 0 3 3 4 0 4 0 1 2 4 0 3 3 4 1 1 4 1 0 4 2 3 4 0 4 1 2 0 0 0 4 1 0 3 2 0 4 3 3 2 2 3 2 3 4 0 4 0 1 4 0 0 4 1 0 3 3 0 1 3 2 2 1 3 0 4 0 2 4 4 1 3 4 0 1 1 1 2 1 2 3 1 3 2 0 0 3 3 2 1 1 0 3 0 3 1 1 0 3 0 4 1 3 1 1 2 4 2 1 0 0 0 4 0 4 4 2 4 2 0 0 0 2 4 2 2 0 3 2 0 3 4 1 4 0 2 1 1 0 2 1 2 4 2 2 1 3
1 0 0 3 1 3 0 0 0 2 0 4 2 0 4 1 1 3 3 0 4 4 0 4 2 2 3 0 1 4 3 3 0 1 3 3 1 4 3 1 3 0 2 0 2 4 3 0 2 1 0 4 0 1 3 3 0 3 3 2 0 3 2 2 1 0 0 2 1 0 1 2 0 0 4 4 4 3 4 2 4 4 3 0 2 1 0 3 1 0 2 3 0 4 0 2 4 2 4 3 2 2 0 4 3 4 3 2 2 2 1 2 4 4 4 1 2 1 1 4 1 3 2 1 2 0 0 4 2 0 2 2 4 4 1 2 3 0 2 3 4 3 2 3 0 1 2 2 4 3 3 2 4 3 0 3 3 1 4 2 3 1 4 2 2 1 2 1 3 4 4 2 2 1 3 4 4 0 2 0 0 2 2
1 0 2 0 0 0 4 3 3 3 4 3 0 2 0 3 0 1 4 0 0 2 3 0 1 0 2 3 2 1 0 4 2 0 1 4 0 2 2 1 2 4 1 0 1 1 3 2 2 0 2 2 2 2 4 1 2 3 4 4 0 0 0 4 0 1 3 2 4 3 3 1 2 4 1 3 2 2 0 1 2 4 1 4 1 0 2 0 4 2 0 1 4 0 0 4 4 3 3 3 1 4 1 3 3 0 4 3 2 1 4 1 1 2 2 4 3 0 0 4 4 2 0 3 4 2 2 3 0 2 3 4 1 2 2 2 2 3 0 1 0 1 4 3 4 1 2 4 3 4 0 2 3 0 0 3 2 4 3 4 2 4 3 0 1 3 2 3 1 2 1 1 1 0 1 0 3 4 1 2 0 1 1
4 3 4 2 2 3 2 1 2 1 2 3 2 0 0 2 3 0 0 2 1 0 3 3 1 2 1 3 3 2 1 4 0 0 1 4 4 3 0 3 0 2 3 4 4 1 2 3 1 2 2 4 0 0 4 1 0 0 1 0 4 4 4 4 0 2 0 1 0 0 4 2 0 0 4 1 1 3 1 4 2 3 0 2 4 4 0 1 1 3 1 0 3 0 1 3 2 1 1 4 3 2 4 0 2 3 2 3 1 3 2 3 4 2 3 0 3 3 1 4 4 2 4 2 4 2 0 3 3 3 2 2 0 3 2 3 1 1 1 4 2 1 0 1 0 0 3 4 0 4 0 4 3 2 1 2 4 3 0 0 1 4 4 4 3 3 2 1 0 0 3 2 3 3 0 4 0 3 0 0 4 0 0
2 2 3 4 2 4 4 2 2 3 1 1 3 1 3 0 1 1 3 0 4 3 2 3 3 0 3 0 1 1 2 3 3 1 2 2 2 3 4 4 4 2 1 2 4 1 4 2 2 2 3 2 2 2 2 0 0 3 3 1 4 0 0 2 3 2 0 0 3 1 0 4 1 1 1 2 2 3 4 2 0 4 1 0 2 3 0 2 3 0 0 2 1 0 2 4 0 4 0 3 2 2 2 0 3 0 2 2 3 4 1 1 0 2 1 2 1 3 1 1 4 2 1 0 4 0 1 4 1 1 2 3 3 1 4 3 4 3 3 2 2 4 3 3 2 1 2 0 0 1 3 4 0 4 1 4 4 2 4 0 1 3 1 1 2 2 2 1 0 0 3 0 1 4 0 0 0 4 2 0 0 1 1
2 0 2 2 2 2 3 4 3 3 0 1 0 2 3 3 0 0 2 0 2 3 2 2 0 1 2 3 4 3 4 1 0 4 0 2 1 0 2 1 4 2 2 1 2 3 0 2 3 4 4 2 2 1 0 4 2 2 2 3 2 2 0 2 3 2 0 1 3 4 2 4 3 1 2 0 1 2 4 0 3 3 2 0 1 4 2 1 3 4 4 0 3 1 0 1 4 0 2 4 1 1 0 4 0 2 2 1 0 3 3 3 2 1 1 0 0 3 1 1 4 3 1 3 4 1 4 0 3 4 4 1 2 1 3 2 4 0 1 1 0 4 1 2 0 4 0 3 4 1 4 4 4 2 2 1 1 3 1 1 4 3 3 2 4 3 4 0 0 0 1 0 2 0 0 2 4 0 2 1 3 3 0
0 1 4 1 4 4 2 0 4 2 0 1 4 0 2 4 0 0 3 1 2 3 1 1 4 3 4 2 1 2 4 1 0 3 2 4 0 2 2 4 4 4 2 0 0 1 0 2 1 3 3 0 3 1 4 4 4 0 2 1 2 1 4 0 2 2 1 2 1 0 3 2 2 2 3 2 3 3 4 2 3 0 4 3 1 3 2 1 3 1 4 3 3 3 0 2 2 1 1 3 4 4 3 1 3 1 0 3 1 4 0 4 1 2 4 3 2 3 1 1 0 0 1 0 3 1 2 3 4 0 1 3 4 4 4 4 2 4 2 3 1 0 4 2 2 3 2 1 2 3 2 4 3 0 1 4 1 0 2 1 0 0 1 1 2 3 0 4 2 2 0 0 4 4 3 3 0 2 0 2 1 4 3
1 0 4 2 1 4 1 4 4 4 3 0 1 1 2 2 0 1 4 1 1 4 1 1 4 3 1 3 1 1 3 3 3 2 2 4 3 4 1 4 3 4 4 1 2 1 0 2 2 0 3 0 1 1 2 2 2 3 0 3 1 3 3 4 2 1 1 2 0 4 1 0 0 0 3 2 3 3 1 2 0 2 0 1 3 2 3 0 2 0 4 1 0 4 2 2 0 3 1 2 4 2 2 4 4 2 3 2 1 0 2 3 2 2 0 0 1 0 3 3 1 4 1 3 3 4 3 4 4 4 3 4 2 1 3 1 3 2 1 1 4 3 2 1 2 2 3 3 4 1 3 2 2 0 1 1 1 4 2 0 3 0 4 2 3 0 4 4 2 0 2 1 0 4 4 2 3 2 2 3 1 0 2
3 2 3 4 3 4 3 4 0 1 0 2 4 0 3 3 4 0 3 2 0 2 1 4 3 1 3 1 2 4 0 2 3 4 2 2 0 2 3 0 3 0 0 3 1 0 3 2 1 3 2 3 1 0 0 4 1 3 2 0 4 2 3 3 3 2 2 4 4 2 1 3 2 3 3 0 4 3 0 0 2 2 0 0 2 0 1 4 4 3 4 3 2 2 3 3 1 0 4 1 4 0 1 2 1 1 4 0 1 4 2 0 1 2 0 4 3 1 0 4 1 1 4 1 1 3 4 2 0 3 3 2 0 1 1 1 2 0 1 1 2 3 1 3 3 4 4 3 2 4 2 4 1 3 2 2 3 1 4 1 4 0 3 1 3 4 3 3 1 1 4 3 0 0 2 0 4 3 3 4 3 2 3
1 0 0 0 4 3 1 2 4 3 0 0 2 4 0 0 0 2 4 1 4 1 3 4 3 3 2 2 1 1 2 4 1 4 1 2 4 3 4 3 3 1 0 0 2 1 0 0 3 1 1 2 0 1 1 0 4 0 4 3 1 1 4 4 2 1 4 1 1 0 4 4 2 4 0 1 2 2 1 0 1 4 4 1 0 0 1 0 2 0 0 0 3 4 2 0 0 1 1 1 1 2 1 0 3 3 2 1 0 0 1 1 0 1 4 0 3 0 2 3 2 2 3 2 2 0 4 2 3 0 1 0 4 2 2 3 0 4 4 2 0 2 4 0 0 3 2 4 1 0 4 0 2 4 0 4 2 4 4 0 0 0 2 1 2 0 4 4 1 3 1 1 3 2 3 3 3 1 4 4 1 3 1
0 3 1 2 0 1 1 2 3 1 0 4 0 0 1 1 1 1 2 0 4 2 0 3 0 1 2 1 4 3 4 0 1 1 4 3 4 0 0 4 1 2 0 3 4 1 4 1 3 3 3 2 0 3 0 0 2 0 3 1 3 3 3 1 1 2 4 0 4 1 1 2 4 1 0 3 3 1 1 1 0 1 3 0 0 1 3 4 3 3 0 3 1 1 4 2 0 0 4 0 1 0 2 2 2 0 3 0 1 4 3 1 1 3 4 3 1 4 4 4 2 4 4 4 2 3 3 3 3 0 0 2 2 2 4 4 2 2 1 4 4 1 2 2 0 1 0 3 0 1 3 3 0 2 4 0 3 4 0 1 1 0 0 4 4 0 0 4 2 4 0 1 0 2 0 2 1 2 1 1 3 4 1
1 3 2 1 3 4 1 2 0 3 2 1 2 2 2 3 2 1 3 0 3 3 1 1 4 3 2 2 2 3 1 3 3 0 1 2 4 2 4 2 2 1 3 1 1 2 0 0 0 0 0 4 0 3 0 4 2 2 4 1 0 2 1 3 2 2 2 2 1 1 1 3 0 1 1 3 4 1 3 4 4 3 3 4 2 0 1 1 2 0 2 4 2 3 3 1 0 2 3 3 4 1 1 1 3 2 4 2 1 2 3 2 2 4 1 1 4 2 2 4 4 1 3 3 4 3 0 1 1 0 4 2 2 2 0 2 2 4 1 3 3 4 0 2 0 3 4 0 3 1 4 2 3 4 3 4 3 3 3 1 0 2 3 4 2 3 1 4 4 4 4 4 4 1 1 1 4 0 1 4 4 2 4
4 2 2 0 2 2 3 3 4 3 3 4 2 3 2 1 2 2 2 1 3 3 4 4 4 2 3 4 1 0 0 2 4 2 4 3 1 3 3 0 3 1 4 0 4 4 3 3 1 0 1 4 0 1 3 4 3 1 0 1 4 0 0 0 4 4 4 0 4 2 1 4 1 2 4 2 1 4 1 4 4 4 0 1 0 4 3 0 2 3 1 3 1 3 4 2 3 0 3 4 2 1 4 0 0 0 3 4 0 1 0 1 0 1 3 3 2 3 3 1 3 2 0 4 0 1 2 0 1 2 0 0 0 1 1 2 1 1 1 3 2 2 2 4 3 2 2 2 0 1 3 3 0 3 0 2 4 4 3 2 1 0 3 3 1 1 0 4 2 4 3 4 3 0 0 3 2 3 0 4 1 3 2
1 4 2 0 3 1 3 3 4 3 1 4 1 2 0 1 1 1 1 0 4 1 0 2 0 0 4 4 1 2 3 4 1 3 0 2 1 0 2 1 1 3 0 4 2 2 0 3 3 1 0 4 4 2 3 1 3 2 2 1 2 1 3 0 1 0 4 2 0 1 0 3 4 1 3 3 0 0 1 1 2 3 2 3 1 1 0 1 3 2 4 2 0 2 3 1 4 2 4 0 4 4 0 0 2 0 4 3 1 2 1 3 3 3 1 4 1 3 2 2 1 1 4 1 1 2 3 0 2 4 2 1 3 3 3 1 3 4 1 4 2 4 4 0 2 3 1 4 1 3 1 4 1 2 1 2 0 1 3 2 0 0 0 3 3 3 1 4 3 4 0 2 3 0 4 1 0 0 2 1 0 0 1
1 2 4 4 4 0 2 3 0 4 3 0 0 4 2 4 4 1 4 3 2 1 2 0 1 4 2 3 4 4 1 2 3 0 3 3 0 2 3 2 2 2 4 2 3 3 1 4 2 2 2 4 4 4 4 0 3 3 0 4 2 1 3 2 3 2 2 0 4 1 2 1 0 4 0 3 2 3 2 4 1 1 3 2 0 2 4 0 2 0 1 1 3 4 4 2 3 1 4 3 2 4 1 2 3 4 2 0 2 1 0 0 2 0 2 4 0 2 1 2 4 2 4 2 4 0 1 2 3 1 2 1 0 1 0 3 0 0 3 2 1 0 3 4 1 2 3 1 4 2 0 3 4 4 3 0 1 4 3 0 0 2 3 2 3 3 0 3 3 1 3 2 1 3 1 4 0 1 2 0 3 3 0
0 4 3 0 1 0 0 1 2 3 1 0 3 1 2 4 2 3 2 4 2 0 2 1 0 0 1 2 1 4 0 1 3 0 3 4 0 4 2 3 4 3 0 4 2 2 3 4 1 0 3 0 2 0 3 0 0 4 2 3 3 4 4 2 0 0 3 2 1 3 0 2 1 2 1 3 0 0 4 1 2 2 3 0 4 1 0 2 1 4 0 1 4 2 3 1 2 4 3 3 2 1 0 0 3 3 1 3 3 0 1 1 3 4 3 4 3 3 1 1 4 2 2 0 1 3 1 3 2 2 3 4 3 0 4 3 3 2 4 4 3 2 2 3 4 0 2 2 0 4 3 4 3 0 2 4 3 3 4 2 0 4 1 0 4 3 4 4 2 0 3 0 2 0 3 1 2 3 3 2 4 3 4
4 1 1 3 4 1 4 4 4 3 2 1 2 2 0 1 0 2 2 0 0 4 1 1 2 4 2 1 0 0 2 4 1 0 2 3 4 3 2 3 1 1 4 0 4 2 3 4 4 2 4 1 2 2 0 4 3 2 2 3 4 0 2 3 2 1 3 1 4 2 4 2 3 1 4 2 3 3 1 4 2 3 1 4 2 1 0 1 0 3 4 4 0 2 4 2 0 2 4 0 4 0 4 3 1 4 2 1 4 4 1 1 4 4 1 1 0 1 2 0 1 4 1 1 3 1 1 3 3 2 0 0 4 0 0 3 4 2 4 0 1 2 1 0 1 4 4 3 3 1 0 1 0 2 3 3 0 1 4 0 0 4 0 4 4 0 2 0 3 2 0 1 1 4 4 3 0 3 1 3 1 2 0
4 1 0 4 1 3 3 3 3 3 4 2 4 1 2 0 1 1 2 0 2 3 4 2 4 4 1 2 0 0 4 4 1 1 4 4 4 4 2 4 2 3 4 2 0 1 4 3 2 1 3 1 0 2 4 1 3 0 0 4 0 0 0 3 3 1 4 3 1 1 2 0 2 1 4 2 4 3 2 3 2 1 0 4 0 4 0 4 1 0 0 3 0 0 3 1 4 2 4 2 0 3 2 2 2 2 1 3 0 4 2 4 0 2 3 2 3 3 1 4 4 1 4 1 4 2 2 3 1 3 2 1 4 4 4 1 1 2 4 4 1 1 0 3 0 4 1 3 2 4 4 3 3 0 0 2 2 4 2 0 3 4 2 2 0 3 0 2 0 4 3 4 3 3 2 0 4 0 4 2 0 0 0
3 1 2 2 0 2 4 1 0 0 0 4 0 3 4 4 0 0 4 4 0 0 2 1 4 4 0 1 4 2 4 4 3 3 1 4 0 2 2 2 2 2 1 0 0 0 4 0 3 4 0 3 1 4 4 0 3 1 4 0 4 0 4 2 3 1 3 4 0 0 1 3 2 0 0 4 2 4 2 0 0 4 4 1 3 3 2 3 2 3 3 1 3 0 0 1 3 1 2 3 1 1 3 1 1 3 2 3 0 4 1 0 3 0 4 3 0 3 2 4 1 2 0 1 2 3 2 0 4 0 1 2 3 4 0 4 0 3 4 0 4 0 2 0 2 1 0 0 4 4 4 2 2 2 3 1 0 3 4 1 0 0 3 3 1 1 4 1 1 3 3 0 1 1 2 0 2 3 2 4 2 2 3
1 1 4 0 1 2 4 4 2 1 2 2 4 0 1 1 1 1 4 4 4 2 1 0 0 1 2 1 1 1 1 4 2 0 4 0 2 0 4 1 3 4 3 3 1 1 4 3 3 0 2 2 3 0 4 0 4 4 3 0 2 4 1 2 0 1 2 2 1 4 1 0 0 1 3 1 3 4 1 3 1 0 2 4 1 2 1 2 3 4 4 0 4 0 2 4 1 2 3 0 3 4 2 0 3 2 3 1 3 0 4 4 0 3 1 3 2 2 0 0 4 4 3 3 0 2 4 1 1 2 3 1 4 0 1 2 4 0 3 2 0 4 2 2 4 0 1 2 4 1 2 3 1 2 3 3 0 2 1 1 0 0 3 1 2 1 3 2 1 3 4 3 4 3 1 3 3 2 0 0 0 0 3
3 2 2 1 2 4 3 1 1 0 1 2 2 2 2 4 1 0 1 4 4 1 2 0 2 1 0 2 2 0 0 0 0 4 4 4 1 2 0 4 2 1 2 1 1 4 1 2 2 4 3 3 0 1 3 2 4 4 4 1 1 2 4 1 3 0 1 4 4 3 4 1 2 3 4 3 4 2 2 1 1 0 0 4 3 0 1 3 4 3 1 3 0 0 1 0 2 4 0 1 3 1 4 0 4 4 0 0 1 2 2 3 2 4 2 1 4 0 1 1 3 2 1 0 0 2 1 2 2 3 4 2 4 3 2 0 2 4 0 1 1 4 1 0 0 0 3 2 0 4 3 1 2 1 3 2 3 1 4 2 1 0 4 0 4 3 2 3 2 3 4 0 2 0 1 3 0 4 2 3 1 0 4
3 3 4 2 1 1 3 4 2 4 0 0 0 4 2 0 1 0 0 2 0 2 0 0 3 1 2 1 2 4 2 2 2 1 4 0 4 0 1 4 1 2 4 1 1 3 1 4 1 3 3 1 1 3 3 1 0 0 2 4 1 1 2 3 4 3 0 4 3 2 3 4 4 4 2 0 4 1 1 0 4 0 3 2 0 1 3 2 3 0 2 1 3 1 1 3 4 2 2 0 4 2 4 0 3 4 2 4 0 3 0 1 3 0 4 4 4 2 1 4 0 0 1 3 1 2 1 1 4 0 1 0 4 2 0 4 1 2 4 3 3 4 0 1 1 4 2 0 1 1 0 1 1 3 0 3 0 3 1 2 4 4 4 0 3 2 0 2 4 4 2 2 0 2 1 1 3 3 4 0 1 1 3
3 4 0 3 1 4 1 3 0 2 0 0 2 2 2 4 3 1 2 3 3 1 1 2 0 4 1 2 3 4 0 1 3 1 1 4 2 2 0 2 1 0 4 3 4 2 0 2 0 2 2 4 0 3 3 0 0 4 2 3 3 0 1 3 3 2 4 0 1 4 4 2 1 3 2 2 2 2 0 0 1 4 1 2 3 4 4 3 0 4 3 0 4 4 3 2 1 2 4 4 4 3 1 0 3 0 3 3 3 0 3 4 4 4 3 4 0 3 4 0 4 2 0 3 1 3 2 4 0 1 3 1 1 1 2 4 2 2 4 0 2 2 1 3 3 0 3 3 3 4 3 2 2 3 2 3 3 1 0 1 4 3 2 0 2 1 1 4 3 1 1 2 0 4 1 4 4 1 2 4 0 3 3
4 3 2 0 2 3 0 0 2 0 2 4 2 4 3 3 4 4 1 2 4 1 0 0 2 3 0 2 0 3 0 0 3 3 0 2 3 2 2 3 2 0 2 2 1 0 2 0 1 1 4 3 2 4 3 4 2 3 3 0 3 1 0 4 4 2 1 4 4 4 2 1 1 2 0 2 4 3 4 1 4 4 4 3 3 4 4 3 0 3 3 0 4 0 4 0 2 1 4 1 0 4 4 1 1 0 0 0 0 4 3 1 0 4 4 1 4 3 4 4 3 4 4 2 1 4 4 3 2 1 1 2 0 0 0 3 2 0 0 4 1 4 0 2 0 1 3 4 2 4 0 0 0 0 0 1 1 4 1 0 2 2 2 2 4 4 2 4 4 3 3 2 4 4 4 4 2 4 1 4 0 1 0
0 3 2 3 1 3 4 1 1 3 0 3 3 4 3 2 0 1 2 0 2 3 4 3 1 1 1 0 1 3 2 4 3 4 2 2 3 4 3 1 2 1 1 0 0 4 4 3 2 4 3 4 2 4 0 3 0 1 1 4 1 3 0 0 0 2 2 0 1 2 1 4 3 2 1 1 2 3 4 4 2 2 1 4 3 1 0 1 4 1 0 1 1 0 1 3 4 0 3 3 2 1 4 3 4 0 4 3 0 3 4 2 2 0 4 2 3 4 3 3 2 0 1 0 2 4 4 2 4 2 2 3 4 1 1 0 1 0 3 2 0 2 1 4 0 0 2 0 4 0 0 3 1 1 4 3 0 3 2 4 2 4 0 1 0 1 3 4 2 1 3 4 1 4 4 1 2 1 1 3 1 2 2
4 0 1 0 1 4 2 2 1 4 2 0 1 4 3 0 3 2 0 2 3 2 1 4 4 4 2 2 1 1 1 2 2 2 2 0 3 2 4 2 1 2 2 2 3 2 0 3 4 2 0 4 4 4 3 0 3 3 0 1 1 1 4 3 1 1 0 4 3 0 1 1 4 0 4 2 3 1 0 4 3 2 4 0 1 4 0 0 4 0 3 1 4 2 1 0 1 2 4 4 4 3 3 3 3 4 0 3 0 2 0 3 4 4 0 3 0 1 3 0 3 1 1 4 1 4 4 2 1 1 3 2 1 1 0 4 0 2 0 0 4 0 1 1 1 3 4 1 4 4 3 0 2 1 4 3 1 1 0 4 4 1 2 0 2 2 1 0 0 1 2 1 3 3 2 1 4 1 3 3 0 3 0
0 0 2 3 1 3 1 0 2 4 2 2 1 0 0 1 2 4 4 3 2 4 1 4 3 4 4 4 0 2 1 2 4 3 0 0 1 3 3 0 2 0 4 1 2 0 4 4 4 0 3 3 2 4 4 2 3 0 1 0 0 0 2 4 3 0 0 2 0 0 2 0 0 4 1 3 1 0 2 2 1 2 0 3 3 2 2 2 2 4 4 2 1 4 2 4 1 4 1 1 4 1 3 1 2 4 4 3 0 4 0 3 3 2 3 2 4 0 1 4 1 0 1 2 1 0 4 4 1 0 3 2 3 1 4 0 1 0 0 3 1 2 3 0 0 1 2 1 3 3 0 2 0 4 4 4 1 3 3 3 1 1 2 1 3 1 2 1 4 4 4 0 2 4 2 4 2 4 2 0 4 3 2
2 4 4 1 0 4 4 0 2 3 3 4 3 1 3 4 2 2 0 0 1 4 2 0 1 4 3 3 3 3 3 2 2 2 3 4 3 3 2 3 3 2 4 1 3 2 0 3 1 0 3 3 1 0 0 2 1 3 0 2 3 3 4 2 2 3 2 3 3 1 1 1 3 2 2 3 1 4 1 2 1 1 2 2 4 0 4 0 3 1 2 2 0 2 1 2 2 3 2 0 1 3 3 1 2 2 0 3 3 3 3 4 0 2 1 4 2 2 1 3 3 4 0 3 3 1 3 2 2 0 4 0 1 2 2 3 1 4 4 4 4 2 0 4 4 3 0 2 0 2 0 3 3 2 4 3 0 4 0 4 1 4 0 4 3 4 3 1 3 2 0 2 1 2 4 0 0 1 4 0 0 4 0
0 3 1 3 4 0 0 0 2 1 0 1 1 1 1 2 4 0 4 4 1 1 0 4 1 1 3 1 2 0 4 2 3 0 3 2 1 0 3 0 2 0 3 3 4 2 3 0 4 2 4 3 4 4 2 0 3 2 4 2 2 3 1 1 0 1 0 3 2 0 0 1 3 4 1 2 3 4 2 4 2 4 2 3 0 1 0 3 4 1 0 3 1 4 1 2 0 2 0 2 4 1 3 2 2 0 4 2 1 4 1 3 3 4 3 3 2 4 4 3 0 1 2 2 0 0 1 1 2 1 0 4 4 1 1 1 3 3 3 4 4 0 0 2 1 3 0 3 4 4 2 2 3 1 1 3 1 2 1 1 3 2 0 3 0 3 1 3 3 0 4 2 2 4 4 3 0 2 3 1 3 2 3
1 3 1 2 0 3 3 3 4 2 3 2 2 3 0 2 2 0 4 1 4 0 1 4 2 0 3 4 0 0 4 2 4 1 4 1 4 4 4 3 2 4 2 1 4 3 1 1 0 0 0 0 0 1 4 3 3 2 4 3 0 3 2 1 1 1 2 1 3 3 1 0 4 4 3 3 4 4 2 4 1 2 4 4 0 1 4 0 0 3 3 0 3 1 3 0 4 0 3 2 0 4 2 1 0 3 2 4 4 4 1 1 3 2 2 0 3 1 0 1 1 3 3 4 1 2 1 1 4 4 3 0 1 3 3 3 1 0 0 2 1 1 3 4 3 0 1 4 3 1 0 4 2 0 1 3 2 2 1 2 4 0 4 2 0 2 0 3 3 2 0 4 3 1 1 4 3 4 3 2 3 0 1
0 0 2 0 0 2 2 2 3 4 1 2 4 3 4 2 3 2 4 0 0 0 1 4 4 2 4 1 0 1 4 0 4 4 3 4 1 0 1 1 4 4 3 0 4 2 4 3 4 3 3 2 4 1 3 3 3 0 1 4 3 0 1 2 4 4 3 2 1 1 3 2 0 3 2 0 3 1 3 4 0 3 1 4 4 2 4 4 2 0 3 2 2 2 0 2 1 0 4 3 2 0 0 4 0 0 1 3 1 1 3 3 4 1 4 0 0 3 0 4 0 3 2 3 0 2 2 4 4 1 4 1 3 4 3 4 1 4 4 3 1 4 1 0 3 1 1 3 1 1 3 4 1 0 2 4 4 4 0 3 2 4 2 3 0 0 2 2 4 3 0 0 3 3 3 1 1 4 4 0 2 4 4
3 1 1 4 0 2 4 1 1 3 0 4 1 0 3 3 1 2 0 4 0 3 2 3 2 1 4 2 3 1 3 3 2 1 0 3 3 4 1 4 0 1 4 1 3 2 4 4 1 1 3 1 4 0 1 3 3 3 2 3 4 0 4 1 1 4 1 4 0 2 1 2 0 0 3 3 4 4 0 1 0 0 4 2 3 3 0 1 1 3 2 0 0 1 3 2 2 0 3 2 4 4 0 0 1 0 0 1 2 0 4 2 3 3 1 1 1 2 2 4 2 1 1 4 2 0 1 4 2 0 4 1 4 1 3 3 1 4 4 3 1 0 3 1 3 4 2 2 3 2 3 2 3 0 2 1 0 0 2 2 0 3 0 2 4 1 0 3 2 1 3 3 1 3 2 1 0 4 3 3 1 2 3
0 4 2 3 1 2 2 0 0 1 0 2 2 1 4 0 3 0 1 4 3 4 1 4 4 2 0 0 4 4 3 1 3 2 4 4 1 3 4 1 4 1 0 2 3 4 4 3 1 0 4 4 2 2 1 1 0 1 1 4 0 1 2 3 0 3 2 2 1 3 3 3 4 1 0 4 2 1 0 1 4 4 0 1 2 1 2 4 4 1 0 4 4 2 2 0 0 1 2 3 4 2 1 1 3 3 2 1 0 2 4 4 4 1 2 3 3 4 2 4 2 2 4 2 1 1 2 1 0 4 4 1 3 1 2 2 1 0 0 1 2 4 2 3 0 4 1 0 1 3 0 3 2 1 2 3 2 4 1 4 0 1 1 4 4 0 1 0 0 3 4 0 4 3 3 4 0 2 2 1 0 4 1
0 0 4 3 4 0 0 4 1 3 2 0 4 2 3 1 0 3 2 2 2 1 0 3 1 4 2 4 0 1 2 0 3 3 0 3 4 2 4 0 0 1 2 1 0 2 3 0 0 2 2 2 3 0 2 1 4 0 2 1 1 0 3 0 0 1 0 4 3 4 1 1 2 3 2 2 2 2 0 2 0 2 1 0 4 4 4 1 4 3 2 2 3 3 2 1 4 4 0 2 3 2 3 0 2 3 0 0 0 0 4 2 4 1 0 1 0 4 2 1 2 1 3 3 4 3 4 3 2 1 3 1 0 3 3 0 1 0 0 4 2 1 1 2 2 3 0 4 4 2 0 2 3 4 2 0 4 3 0 1 1 0 4 2 4 0 2 0 0 4 1 0 0 0 4 0 3 4 4 3 3 2 2
1 3 1 3 2 4 1 0 2 1 0 4 0 2 3 3 4 2 4 4 0 4 3 2 0 2 3 3 0 0 2 4 0 3 4 4 4 0 0 1 2 2 1 4 4 1 2 3 1 4 0 1 0 3 0 0 3 3 0 0 1 2 4 1 2 1 1 1 1 3 0 0 0 3 0 4 4 2 4 0 3 4 3 4 3 3 4 3 4 2 3 0 1 0 3 4 1 1 2 4 4 2 0 1 0 2 0 0 1 2 0 0 1 4 4 1 4 0 1 3 2 0 3 4 0 4 3 3 0 0 4 2 3 1 3 3 3 1 0 0 3 1 0 1 2 4 0 1 1 1 0 4 3 0 3 0 1 3 3 4 3 3 1 3 4 1 4 0 2 4 0 2 2 2 1 4 3 1 3 4 4 3 3
3 0 3 3 2 1 4 3 2 4 4 2 0 0 1 0 0 3 0 4 0 4 0 2 2 3 0 2 3 0 2 1 2 1 1 1 4 0 4 3 4 0 1 0 3 4 2 3 2 0 4 0 4 0 4 2 3 1 1 3 3 0 1 0 1 3 4 3 3 3 1 0 1 2 2 4 4 4 4 3 1 3 3 1 0 4 0 4 0 3 4 0 3 1 1 2 4 2 0 4 2 3 1 3 1 3 2 0 0 1 3 3 2 4 4 2 0 1 3 3 1 3 3 0 4 1 4 0 3 1 4 1 4 1 4 2 1 4 2 3 2 3 2 4 4 3 4 1 0 2 4 3 2 3 0 1 1 4 1 0 0 3 3 2 4 4 4 2 0 4 1 3 4 3 4 3 1 3 4 3 3 1 2
0 4 2 4 2 4 0 4 4 0 4 1 4 4 3 2 4 2 3 4 1 3 4 1 1 4 0 0 2 1 4 0 2 1 4 2 0 1 1 2 2 1 0 3 2 3 0 3 2 0 3 3 0 2 1 2 3 4 2 1 2 1 3 2 4 2 4 2 3 2 4 2 3 1 1 2 0 1 1 4 4 4 0 4 3 1 3 1 0 0 4 3 3 2 0 0 1 4 2 0 1 3 2 2 4 0 1 4 4 2 1 3 3 1 4 1 2 3 0 3 0 4 1 1 4 3 1 0 2 3 2 0 1 2 4 2 2 1 2 1 3 3 1 2 1 1 0 3 1 2 1 1 4 4 2 3 2 0 0 1 0 3 2 3 2 3 1 4 4 0 3 0 0 4 4 1 2 1 4 3 4 3 2
3 2 1 3 0 2 3 3 2 3 0 1 0 4 4 2 0 4 2 2 4 1 1 0 1 3 4 1 4 2 3 2 2 0 0 4 4 3 2 1 4 3 4 4 4 3 3 1 4 0 4 3 4 2 3 0 0 0 1 1 4 0 3 1 2 3 0 1 4 3 4 3 3 1 4 4 4 3 0 4 3 1 4 2 4 3 4 1 0 1 3 4 3 3 1 0 2 3 3 3 3 2 1 1 3 2 2 0 0 3 1 1 1 0 3 2 0 0 1 0 1 4 2 1 2 0 3 1 3 3 1 2 0 4 0 1 2 3 1 2 3 4 3 4 4 4 4 2 4 0 4 2 4 1 0 3 1 0 2 2 3 0 4 3 0 1 1 2 4 4 1 2 3 2 4 0 1 3 2 2 3 1 1
4 0 3 4 1 3 3 0 1 4 1 1 4 3 3 3 2 2 4 2 3 1 3 0 2 3 2 1 1 0 4 2 2 2 1 1 0 2 1 1 1 3 0 2 1 0 0 0 2 4 4 2 1 2 2 0 2 1 4 3 4 3 2 1 1 1 2 3 3 1 2 1 4 2 3 2 2 3 4 1 4 4 1 0 3 3 3 1 2 4 1 1 2 4 2 0 0 2 1 0 3 3 1 4 2 4 1 4 4 2 2 3 3 3 1 2 4 1 0 1 0 3 2 4 4 1 0 1 3 1 1 3 1 4 2 3 0 0 4 4 3 1 0 1 2 3 0 1 4 2 2 4 3 4 0 2 0 2 4 1 0 2 1 1 2 1 4 4 1 0 4 1 2 1 0 4 4 2 0 3 0 4 4
3 3 4 0 0 2 1 3 2 1 0 1 0 3 2 4 4 3 0 3 0 1 0 1 0 2 3 0 2 2 4 2 2 1 0 4 3 1 3 2 4 0 3 4 3 1 4 4 1 4 4 1 1 4 4 3 2 2 4 1 1 0 4 3 1 4 2 1 2 2 4 2 4 4 3 2 2 2 4 3 4 3 1 2 3 0 0 2 4 1 3 2 2 2 0 3 3 0 0 1 4 1 0 4 0 3 1 0 1 2 3 2 1 2 4 1 4 4 0 4 1 3 1 3 1 4 3 1 1 3 2 0 4 2 4 2 3 3 2 1 0 2 3 3 1 2 1 1 3 1 2 4 0 0 4 3 4 3 4 2 3 4 3 0 1 2 4 1 2 3 2 3 0 0 1 4 2 3 0 1 4 2 2
1 4 4 4 1 2 1 3 2 0 1 2 3 1 3 0 3 1 2 3 4 3 0 3 2 0 3 0 1 2 3 3 3 2 4 4 1 0 3 0 0 1 3 4 2 1 4 3 0 1 1 4 1 3 2 1 0 2 1 2 1 4 2 4 3 3 4 1 4 4 2 1 0 2 0 0 0 1 0 0 0 3 1 1 4 3 2 4 2 1 3 3 2 2 0 1 1 1 4 0 0 1 1 2 0 4 4 1 0 1 3 0 0 0 4 4 0 3 0 3 4 4 3 2 1 0 0 2 1 1 4 3 3 3 1 0 2 2 3 4 4 2 2 1 2 1 0 4 1 0 2 3 1 3 2 3 3 4 2 0 0 4 3 0 2 1 1 4 1 4 0 0 1 2 1 0 0 3 0 2 0 4 2
2 2 4 2 3 3 4 3 3 3 3 4 2 2 2 3 3 1 4 0 0 3 3 2 4 3 4 3 3 1 0 2 3 4 4 3 4 1 3 2 1 2 3 4 1 0 4 1 4 3 1 4 2 1 3 3 1 3 1 4 4 1 4 4 2 3 3 1 4 1 0 3 0 1 2 1 3 3 4 2 2 2 3 1 3 2 4 4 2 0 1 1 3 0 0 0 0 0 3 2 4 0 0 4 1 4 3 0 2 2 4 1 0 0 2 0 4 3 2 1 3 0 2 1 2 4 3 2 0 3 1 1 4 1 0 0 2 0 2 2 3 4 3 0 4 3 0 3 1 4 4 2 4 3 0 1 4 1 1 1 4 2 2 3 1 3 4 0 0 3 2 3 2 3 0 3 3 3 1 4 2 2 3
4 2 4 0 2 2 3 3 1 1 1 0 4 1 1 4 1 1 4 2 4 2 2 2 0 2 1 1 0 0 2 4 3 3 1 0 0 0 0 1 3 1 3 4 4 4 3 1 1 2 3 2 1 2 1 1 0 4 0 2 0 2 3 0 0 4 0 0 1 2 3 1 4 2 0 3 3 1 1 1 3 1 3 0 4 2 3 1 1 0 3 1 2 3 1 4 4 3 1 1 1 0 4 2 4 2 2 4 3 4 1 1 0 1 3 1 3 4 4 2 4 4 3 4 2 2 3 2 2 2 0 3 4 4 2 3 1 0 4 4 1 0 3 3 4 3 2 4 4 1 1 4 1 2 0 3 4 3 2 3 2 2 2 1 2 1 4 0 3 1 2 1 1 0 0 2 0 4 4 0 0 0 1
3 4 1 4 0 1 1 4 4 4 3 0 3 4 2 0 0 3 2 1 1 4 1 4 0 0 0 2 3 0 3 1 2 1 0 2 2 4 1 3 0 4 4 3 1 1 3 1 1 3 2 2 2 1 3 4 3 3 1 3 1 1 0 3 4 2 0 2 3 4 0 3 3 1 3 1 4 2 2 0 2 2 0 4 3 3 1 3 4 4 2 2 1 4 0 2 3 2 4 2 1 2 0 2 0 4 3 0 3 3 0 0 0 2 1 0 1 2 3 2 2 2 4 0 1 1 2 0 3 4 2 0 3 4 2 3 3 2 3 3 0 1 3 0 3 2 2 1 4 1 0 3 3 4 0 2 0 3 2 4 4 1 1 4 0 0 2 4 2 3 2 3 4 3 0 4 0 3 3 1 1 3 2
1 0 2 3 0 2 0 1 1 1 4 0 2 4 0 3 2 3 0 2 4 0 2 0 2 2 3 4 3 2 1 0 4 3 3 4 3 1 3 4 2 2 2 1 4 4 4 1 2 2 3 3 4 2 3 2 0 4 1 3 3 4 0 2 4 4 3 2 0 3 4 4 1 1 1 2 0 2 3 4 1 3 4 1 2 2 3 4 3 1 3 1 2 0 3 1 4 2 4 1 0 3 1 3 1 4 0 3 3 0 4 0 0 3 1 3 2 1 2 1 2 2 2 4 3 3 2 4 2 1 1 2 1 4 3 4 0 0 4 3 1 0 3 1 3 1 1 3 2 1 1 4 0 3 0 0 3 3 0 0 1 3 3 0 4 3 4 4 3 1 2 4 1 3 3 2 4 1 0 2 2 1 3
0 1 4 0 2 4 0 2 0 0 2 0 1 0 2 0 4 3 0 0 1 0 0 3 4 4 0 3 3 3 2 3 2 3 4 4 4 1 1 4 4 1 2 0 1 1 1 2 1 3 0 2 3 2 3 4 1 0 3 0 4 2 3 3 2 4 2 1 1 0 2 0 1 4 2 0 2 3 4 3 3 4 3 1 4 1 3 0 1 1 2 2 3 3 0 0 2 4 3 0 0 0 2 3 0 0 0 2 0 0 3 1 1 1 2 2 4 2 3 2 3 2 2 3 0 2 0 0 2 3 2 4 4 2 4 1 4 2 0 1 2 3 2 0 1 2 3 2 4 3 0 3 2 2 3 3 1 4 0 0 2 4 1 3 1 1 4 0 3 0 2 2 0 4 4 2 3 4 4 3 2 1 3
2 0 1 0 2 0 2 2 0 1 4 0 0 2 0 2 2 2 1 1 2 3 0 4 1 2 1 4 4 4 2 1 0 1 3 2 1 2 1 3 1 0 4 3 4 1 0 3 3 2 4 0 0 2 2 1 4 0 3 0 4 2 4 4 3 4 1 2 2 3 0 0 0 1 3 2 4 3 0 2 2 0 0 2 2 2 1 1 2 1 1 1 3 2 1 2 2 4 4 4 4 1 4 0 0 4 4 4 2 4 4 2 1 4 1 0 3 2 3 0 0 2 3 4 4 1 3 1 1 4 2 0 0 3 2 2 2 3 2 2 3 3 4 1 2 0 2 0 0 2 2 0 4 2 1 4 4 4 2 0 3 0 2 1 3 0 3 1 0 2 3 3 0 4 2 4 4 1 1 1 3 0 2
3 3 3 4 2 0 1 4 0 3 1 1 2 3 2 3 4 4 3 4 2 2 1 3 3 2 0 0 1 2 4 1 0 4 0 4 4 3 3 2 2 0 3 1 0 0 4 4 2 4 1 1 3 2 4 3 2 1 0 0 4 4 1 1 1 3 1 2 3 1 4 2 1 3 3 4 0 4 0 4 3 1 0 3 1 0 2 3 1 4 0 2 4 1 4 0 1 2 2 4 3 4 2 2 2 0 1 4 0 1 4 0 0 4 1 1 1 3 1 3 2 1 0 3 4 1 0 2 3 0 3 2 4 0 4 3 3 2 2 0 3 3 2 0 3 3 1 4 3 4 4 3 2 2 3 3 0 4 0 4 4 4 3 0 1 4 3 1 1 2 1 1 1 1 2 1 4 0 2 0 0 4 3
4 1 1 3 3 0 0 2 1 4 2 3 1 1 1 4 2 4 3 1 2 4 3 3 0 3 2 0 0 1 3 2 4 2 2 3 4 2 2 1 2 0 4 0 3 3 4 3 4 2 4 1 3 2 1 4 2 3 4 0 2 0 4 1 2 1 1 1 3 4 4 0 1 1 2 4 4 4 4 3 3 3 1 2 2 2 3 2 2 4 4 1 4 3 3 3 4 1 2 4 2 1 2 3 2 4 0 3 3 1 3 4 0 1 3 4 0 1 1 3 0 2 4 2 0 4 2 1 3 4 1 0 1 3 1 0 4 3 1 0 4 1 4 4 3 4 1 3 0 4 3 2 2 0 4 4 4 2 1 4 3 4 0 4 4 1 2 0 4 3 0 0 4 1 2 4 0 3 3 2 2 1 0
4 1 1 1 3 0 4 2 4 3 2 0 4 0 2 4 1 2 2 2 4 0 4 3 3 4 1 0 3 0 2 0 1 4 1 1 1 0 4 0 0 3 1 4 1 0 0 2 3 4 1 2 0 2 0 0 1 4 0 2 4 3 2 2 4 3 4 0 3 0 1 3 3 4 4 4 4 1 4 2 1 2 1 3 0 2 3 3 3 0 0 2 0 2 1 4 2 0 2 0 2 0 0 1 4 1 2 3 0 3 3 3 1 4 1 3 3 1 3 3 3 1 0 4 0 4 0 3 1 2 0 4 2 3 2 3 1 1 4 1 0 2 4 3 3 2 3 4 3 3 2 4 4 0 3 0 1 0 0 2 3 2 1 2 0 3 1 4 0 2 0 2 1 2 0 1 4 0 0 0 3 0 4
3 2 4 0 3 4 0 2 4 4 4 2 0 2 0 4 4 2 1 1 3 3 1 4 3 1 2 0 2 4 4 0 3 3 2 3 4 4 0 4 3 4 1 0 4 1 1 3 0 3 0 3 3 3 4 1 2 1 3 4 2 2 4 0 2 3 3 2 2 4 1 0 0 4 1 4 2 2 3 2 2 0 2 1 3 3 4 0 2 3 4 4 2 0 2 2 3 0 1 0 1 4 3 2 3 1 3 2 3 1 1 3 1 3 4 0 3 0 2 0 3 2 2 3 2 4 0 3 4 3 3 3 2 1 0 0 2 0 2 3 2 3 3 0 3 2 2 1 4 0 4 0 4 1 3 1 0 0 4 1 3 0 1 0 3 3 2 3 4 4 3 1 4 1 3 4 0 1 0 4 3 1 4
2 4 4 0 1 4 2 3 4 2 4 4 2 0 1 0 4 2 3 2 1 1 0 0 1 3 3 3 3 1 2 0 1 4 3 2 3 0 2 3 2 4 4 4 4 1 2 3 0 0 0 2 2 2 4 0 1 4 3 4 1 3 2 4 2 0 1 2 0 4 2 4 0 2 3 4 0 2 2 0 3 4 4 2 1 1 4 2 0 0 4 3 3 1 2 2 1 1 1 1 2 4 0 2 3 0 1 3 3 0 0 3 4 0 2 0 1 3 0 3 3 4 4 3 0 3 0 3 4 4 4 1 3 1 3 3 3 1 1 3 1 3 1 2 3 0 3 1 4 0 2 4 4 1 3 1 4 0 1 1 4 0 2 4 3 3 2 1 1 3 2 0 4 0 2 4 1 2 1 2 2 0 1
3 3 1 1 4 2 2 0 1 4 0 1 4 0 0 3 1 4 0 1 0 0 4 4 3 3 0 0 1 2 4 1 0 2 3 0 4 2 2 3 2 2 1 1 4 1 4 1 2 4 4 2 2 0 2 0 4 4 3 2 2 4 3 4 1 1 1 1 4 4 1 3 3 2 1 3 3 1 1 3 2 0 0 1 1 2 2 2 4 2 4 3 1 2 2 4 1 4 0 2 0 3 0 0 2 3 3 1 1 4 1 4 2 1 2 0 1 4 2 0 3 3 3 4 0 2 1 3 3 1 0 3 2 2 4 4 1 4 2 2 1 3 3 3 2 1 0 0 2 2 0 3 0 0 4 2 4 0 1 3 4 3 3 1 1 4 0 4 4 0 1 2 3 2 0 0 0 2 0 2 1 2 0
3 4 0 0 1 0 3 4 4 2 4 2 0 4 3 4 0 3 2 2 3 4 4 1 4 1 3 4 2 1 4 0 2 1 2 3 4 3 4 3 0 4 3 0 0 1 4 0 1 3 2 1 3 3 2 2 4 1 1 3 4 3 0 1 1 4 2 0 2 3 1 2 2 4 4 2 2 0 4 3 4 1 4 4 4 4 1 0 0 0 3 4 0 0 2 1 0 1 2 2 0 0 2 4 4 3 4 1 1 3 1 0 0 2 4 1 1 2 4 3 4 4 4 4 0 4 1 2 0 0 1 2 0 3 4 1 4 3 2 0 1 0 2 3 4 3 2 3 0 1 1 0 0 3 1 0 2 2 4 4 4 1 4 1 1 3 2 0 1 1 2 2 1 4 3 3 2 0 1 0 1 4 0
1 4 1 4 1 1 3 3 2 1 2 4 3 0 1 3 1 3 1 0 1 2 0 4 0 0 2 0 3 4 2 2 3 0 1 2 3 1 0 1 3 2 2 3 4 3 1 2 3 4 2 0 2 3 1 4 0 1 1 4 0 0 1 3 2 4 2 1 2 2 4 2 1 1 0 0 1 4 2 0 3 2 2 2 2 3 3 4 4 1 3 1 1 1 2 4 0 4 2 0 4 1 2 0 4 0 3 0 4 2 2 4 1 4 4 0 0 2 0 4 1 0 3 2 2 0 3 4 4 0 4 3 3 4 1 4 4 4 2 3 1 4 4 0 1 3 0 1 3 0 2 1 1 0 3 3 0 4 2 2 1 4 0 0 3 1 1 4 2 3 4 4 0 3 4 1 4 1 4 4 2 3 0
3 4 0 3 1 4 2 3 1 1 4 3 1 2 4 0 0 0 4 1 0 0 2 3 4 3 4 3 0 2 3 0 1 3 3 0 0 3 3 1 1 4 1 3 2 0 0 4 2 0 0 4 0 4 2 1 2 1 4 0 1 4 0 4 4 1 4 4 1 3 2 2 4 3 0 1 1 3 0 3 3 2 3 0 1 2 1 1 1 2 1 2 1 3 1 2 1 1 4 2 1 1 0 0 0 2 4 1 0 1 1 0 4 4 0 2 2 3 3 3 0 4 0 3 0 3 1 1 1 0 4 2 3 1 0 3 3 1 1 1 2 0 1 3 4 4 1 3 2 1 1 0 3 3 3 3 4 1 4 0 3 3 0 2 1 0 0 0 3 4 3 0 4 1 4 0 0 2 4 0 3 2 2
1 3 2 1 2 4 1 2 2 1 2 4 3 4 2 0 2 3 3 0 2 4 1 4 2 3 3 4 3 3 1 2 1 3 3 3 4 4 2 2 3 2 3 1 3 0 1 3 3 1 3 2 2 4 2 1 4 2 2 2 0 0 1 1 1 0 1 0 1 4 4 4 1 3 0 4 0 3 2 1 1 2 3 4 1 2 2 2 0 0 2 2 0 3 1 1 3 2 2 0 1 1 4 4 1 2 4 2 0 3 3 2 1 3 3 4 3 0 4 0 0 1 2 3 4 3 4 0 1 3 2 4 2 3 4 3 0 0 2 3 3 2 2 1 1 0 3 4 2 2 4 0 3 3 3 4 2 2 4 0 1 1 1 3 0 0 3 2 0 1 0 1 3 4 4 1 1 2 2 4 4 3 1
2 2 4 2 1 1 3 3 4 2 4 4 2 0 3 1 2 1 4 3 1 3 0 3 0 2 2 1 2 1 4 1 3 3 0 1 1 1 4 3 3 0 2 0 0 2 3 0 3 2 0 2 1 0 0 3 3 2 1 2 0 0 0 0 0 1 1 1 2 2 1 2 3 4 2 0 3 2 2 4 0 3 1 3 3 3 3 3 2 1 2 3 1 3 3 3 4 2 1 3 4 3 0 4 2 4 2 2 1 4 1 3 2 2 1 3 0 1 3 3 2 1 3 0 4 1 3 0 3 0 0 0 3 2 4 2 3 3 4 4 3 3 0 2 2 3 0 0 0 1 0 2 2 3 3 3 4 1 0 0 3 0 0 3 2 1 0 0 0 2 1 0 2 3 2 4 2 0 4 2 1 4 4
0 2 2 3 4 1 3 4 4 0 1 0 4 4 0 4 1 4 2 1 1 3 4 3 0 1 2 2 2 2 3 2 1 3 2 0 1 0 1 2 2 4 2 1 1 0 2 2 4 4 1 3 4 2 3 4 3 0 3 0 4 4 4 3 2 1 3 0 3 2 2 0 3 0 1 4 0 3 4 1 4 0 1 4 2 4 0 2 2 4 2 1 0 3 4 4 4 0 4 2 4 1 2 2 3 0 4 0 3 3 2 4 3 0 0 2 0 1 4 2 2 3 0 2 1 2 1 2 2 0 4 1 3 3 0 4 0 4 4 0 2 3 4 2 4 0 1 1 1 2 0 3 0 0 2 3 2 3 0 1 0 1 4 0 4 0 4 1 1 4 1 1 2 1 3 3 3 2 4 4 4 4 4
2 0 3 2 4 1 3 1 3 4 2 3 1 2 3 2 4 4 4 2 3 2 2 2 0 4 3 1 1 3 0 3 0 3 0 1 1 0 2 1 2 0 4 3 4 4 2 0 3 3 2 4 0 0 1 0 1 1 1 2 4 3 2 1 3 3 3 4 0 2 0 2 4 2 2 4 1 0 1 2 3 4 3 1 1 1 1 2 2 0 2 2 3 4 3 2 4 3 3 0 1 1 4 0 0 2 4 3 4 3 2 4 4 0 0 0 1 4 4 4 4 1 3 4 3 3 3 2 2 2 4 3 0 4 3 0 3 0 3 2 3 1 1 4 3 2 4 0 1 0 1 2 4 4 1 4 2 0 1 1 4 3 4 1 2 0 1 0 2 1 4 2 4 0 1 3 4 2 3 2 4 4 4
3 0 3 2 4 0 1 1 4 4 2 0 3 4 3 0 1 4 4 0 1 4 1 4 4 3 2 3 0 3 0 3 0 3 3 4 3 1 2 4 2 2 1 0 1 1 0 0 2 1 0 3 0 4 2 1 4 1 0 4 4 0 0 4 0 0 1 0 1 3 4 3 2 2 0 4 3 2 1 2 3 3 1 0 2 3 2 4 2 4 3 1 1 0 3 3 0 1 3 3 1 4 3 4 1 3 0 1 2 1 3 0 1 1 1 1 0 0 0 2 1 0 0 4 1 0 2 1 1 0 2 0 1 0 4 2 4 1 0 1 2 0 4 0 2 0 1 4 2 1 3 3 2 0 2 0 1 4 3 4 1 0 4 2 1 0 1 2 1 3 0 0 3 4 3 0 1 4 1 0 3 4 3
2 0 2 2 3 3 0 4 4 3 1 3 4 3 1 3 0 4 3 2 3 3 0 0 1 2 4 2 0 3 2 2 0 0 4 0 3 1 0 0 1 1 0 0 4 2 3 1 1 4 1 1 4 3 4 0 0 0 4 0 0 2 4 1 4 3 3 4 2 3 4 3 1 2 1 3 4 1 1 2 0 2 1 4 3 2 2 3 2 1 1 2 0 0 0 4 1 4 4 3 4 0 3 3 2 1 1 3 3 4 3 0 4 1 0 2 3 4 2 2 2 3 1 0 4 2 4 0 3 0 0 2 3 0 2 0 2 3 1 0 0 1 2 4 2 4 3 2 3 0 1 3 4 2 3 0 1 4 2 4 0 4 4 3 4 1 0 3 2 3 0 2 4 3 3 3 2 1 0 1 1 1 1
2 1 4 2 2 3 1 2 0 0 3 3 0 4 1 3 1 4 4 0 4 2 3 2 1 4 0 2 3 3 0 0 4 4 0 4 3 1 3 3 2 1 4 4 0 0 4 2 4 0 4 0 4 3 0 1 4 0 0 2 3 1 0 0 0 2 4 0 0 4 1 4 0 2 3 0 2 0 4 3 0 4 1 0 4 1 1 3 1 3 1 1 4 3 3 2 0 2 4 0 3 0 0 3 2 0 4 1 0 0 2 1 1 3 3 0 4 1 4 2 4 2 3 1 0 2 3 2 1 2 2 0 0 4 3 4 0 4 3 2 2 0 0 3 0 3 1 4 4 0 3 1 4 1 4 4 0 2 3 4 1 2 4 3 2 4 3 4 1 3 1 3 3 2 3 0 0 4 4 2 1 2 0
2 0 4 1 3 3 1 2 1 4 1 2 1 2 2 0 3 0 3 3 0 0 4 0 3 0 4 2 4 3 4 1 0 3 0 3 3 1 0 1 0 3 3 3 1 0 0 1 0 4 2 2 1 1 2 4 1 1 3 2 1 2 4 4 2 4 2 2 0 0 4 3 3 4 1 1 2 2 0 4 1 2 2 4 0 4 1 3 3 4 1 4 4 0 0 1 4 0 4 1 0 0 4 0 1 1 4 3 0 4 3 3 3 0 2 3 4 3 3 2 3 4 4 4 1 4 0 0 4 1 4 1 3 3 2 0 1 1 3 1 2 1 1 0 1 4 0 1 2 3 0 2 0 4 1 1 1 4 4 0 0 3 2 1 3 1 1 2 4 4 0 1 3 2 3 4 1 3 2 0 3 0 0
3 4 3 2 0 2 1 3 0 4 2 1 4 3 2 1 2 3 2 0 1 4 3 1 2 3 0 2 1 0 2 2 2 1 1 4 0 2 2 0 3 1 1 2 4 0 1 3 4 0 3 0 4 3 3 1 1 4 0 0 1 0 4 3 3 0 0 3 2 4 4 2 1 2 1 2 0 2 3 4 2 1 1 3 0 0 1 3 1 4 0 2 4 4 3 2 4 3 0 3 2 1 2 0 1 4 3 1 3 1 0 1 4 3 1 1 3 0 0 4 4 0 4 3 2 4 2 1 4 4 2 3 1 4 4 4 3 2 0 4 0 2 0 4 0 3 3 1 3 0 2 2 0 1 2 4 2 4 3 1 4 0 0 2 1 1 1 2 0 1 1 0 0 3 1 2 1 4 3 0 4 1 4
2 4 2 1 2 1 4 0 0 1 0 2 0 3 0 2 3 3 3 3 3 3 2 3 4 3 1 1 3 4 3 2 1 0 0 3 3 2 3 1 3 1 0 3 1 1 2 0 4 2 0 0 0 2 3 2 1 1 0 1 3 3 0 4 0 0 4 1 2 4 2 3 2 4 3 4 0 1 4 2 3 4 4 4 4 4 3 2 2 3 3 0 4 0 1 4 0 0 2 0 0 4 3 2 4 3 1 1 4 2 0 0 2 4 4 3 0 4 0 3 2 0 0 3 0 2 0 2 2 2 2 4 2 2 2 3 1 0 1 2 3 4 2 2 0 3 0 1 2 0 1 2 0 1 0 2 0 0 4 0 3 2 4 2 1 3 2 4 4 0 2 4 4 4 1 0 0 3 1 2 0 2 1
2 0 2 4 1 4 3 3 4 2 2 1 1 3 0 0 4 1 4 3 0 4 1 0 1 1 3 3 1 2 0 3 3 4 4 1 3 4 4 0 2 3 1 0 1 4 0 0 0 0 0 0 1 3 3 2 4 1 2 2 4 4 2 4 3 1 0 4 1 1 4 0 4 2 0 3 1 0 0 1 2 3 4 0 1 2 4 3 3 2 0 4 1 3 3 2 1 0 1 2 1 2 2 3 4 4 3 1 0 3 4 4 3 3 2 2 0 1 0 1 3 2 0 2 2 1 4 4 1 2 3 3 4 3 3 0 2 1 3 4 1 3 4 0 3 1 2 1 4 4 2 0 3 4 2 1 0 3 2 4 2 2 4 1 0 2 3 3 0 2 2 3 2 3 3 0 1 2 3 1 3 2 1
2 2 0 3 4 3 2 0 0 4 4 3 0 3 3 0 0 0 4 4 4 3 4 2 1 2 0 4 0 3 2 4 2 2 2 3 2 1 4 4 1 0 4 3 4 3 0 4 0 4 0 0 4 0 2 1 4 2 2 1 2 0 1 4 2 0 3 2 2 4 1 0 4 1 0 3 4 0 0 1 4 0 1 1 0 0 2 1 0 1 3 2 1 4 4 1 4 2 3 3 1 4 3 0 2 3 1 3 3 3 0 0 3 3 1 1 1 0 2 1 1 2 3 0 1 2 1 3 1 4 1 4 0 2 2 3 0 0 3 1 3 3 3 3 4 1 4 0 1 4 1 4 1 1 4 3 1 0 3 4 1 4 4 2 1 3 2 4 3 0 2 1 1 2 4 0 3 1 0 4 0 1 0
1 4 0 1 0 2 4 2 4 1 1 3 4 4 0 0 4 2 4 0 3 1 1 3 4 2 3 0 4 1 1 1 3 3 4 0 0 1 2 1 4 3 4 0 4 4 1 3 2 0 0 2 4 2 1 3 1 1 4 1 0 2 2 3 0 3 3 0 1 1 2 0 1 3 1 3 0 2 1 2 4 2 1 3 1 2 4 2 4 0 3 1 2 2 4 2 1 4 4 2 0 3 0 4 2 1 2 2 0 3 1 1 2 2 2 0 0 1 3 1 1 1 2 3 1 3 2 2 2 1 1 0 0 1 4 4 4 1 1 1 1 2 3 1 1 0 1 3 1 4 4 2 3 3 2 4 3 4 3 1 2 1 3 4 0 2 3 4 0 4 1 3 3 1 4 0 1 1 3 4 2 0 1
2 0 0 1 4 1 1 2 3 3 0 3 3 4 1 4 4 3 0 2 1 1 4 1 4 0 2 3 4 2 1 2 2 1 0 3 2 2 2 3 0 2 1 0 3 4 4 2 2 2 2 4 0 1 2 0 3 4 0 4 3 2 1 3 0 2 1 0 1 1 3 3 3 1 3 4 0 4 3 3 1 0 4 4 3 3 1 3 0 1 3 3 3 1 1 1 0 0 1 1 1 1 4 1 2 4 2 2 4 1 2 2 1 3 1 2 2 2 2 2 4 0 2 4 2 1 0 4 3 3 1 1 4 2 2 1 2 0 1 1 3 3 3 1 2 0 3 1 4 1 0 3 3 4 0 2 0 0 2 3 1 3 1 0 0 4 2 4 1 3 0 1 3 1 2 2 3 1 3 2 4 0 1
4 0 1 2 2 3 4 3 4 4 4 2 1 0 4 1 3 4 3 4 2 4 2 2 2 3 2 0 4 3 3 3 0 1 0 2 1 1 0 3 2 0 0 4 0 1 2 4 0 0 3 4 2 0 3 4 0 1 1 1 4 1 0 1 2 2 3 1 4 1 4 3 3 1 2 3 2 1 4 4 2 0 0 4 2 4 0 0 0 2 1 1 0 1 2 0 1 2 1 2 3 2 0 3 3 3 2 0 1 3 1 3 0 1 4 3 2 0 3 4 4 1 0 4 0 4 4 1 4 0 3 4 4 3 3 2 3 2 4 0 0 2 0 3 4 0 1 3 0 1 3 4 4 0 0 4 0 0 0 1 2 3 0 4 4 0 1 4 2 3 4 0 0 0 3 1 2 1 0 2 4 3 3
3 0 0 3 0 2 3 3 0 4 4 4 0 1 2 4 4 0 1 4 3 3 4 4 0 2 1 4 1 1 4 4 2 4 4 4 2 0 3 4 1 4 0 1 0 2 2 1 0 3 0 0 1 1 1 3 3 3 2 1 1 1 3 3 3 2 3 0 2 3 4 0 4 1 1 4 3 1 1 0 4 3 0 3 2 2 1 0 2 1 4 3 2 2 4 0 4 4 2 4 2 3 1 1 4 0 2 0 1 3 2 2 4 3 0 1 2 4 3 1 0 2 1 4 4 0 2 1 4 4 2 3 3 3 4 4 3 2 4 1 2 2 4 1 2 4 4 1 0 3 4 0 2 0 0 4 1 2 2 2 3 4 1 1 4 2 3 0 4 4 1 4 3 0 2 0 2 2 3 2 2 4 3
4 0 0 0 3 4 2 2 2 3 3 1 3 1 4 3 2 3 4 1 2 2 4 4 4 3 0 1 0 4 1 1 1 1 2 1 0 4 4 0 3 2 1 3 3 0 3 3 0 4 4 4 1 0 4 0 0 1 4 2 0 0 4 4 4 3 0 4 4 4 4 2 2 2 2 2 4 0 0 0 0 2 4 1 4 0 4 0 1 3 2 2 0 3 1 4 1 3 1 1 3 2 0 0 0 0 4 4 0 2 1 0 4 1 4 0 1 3 2 3 3 2 2 0 0 0 0 4 3 3 2 1 0 4 3 2 4 0 2 0 2 3 2 3 1 1 0 0 1 3 3 1 0 2 2 2 4 2 1 2 0 0 1 2 0 1 0 1 3 4 1 0 4 1 0 1 2 1 1 1 4 1 2
1 0 4 3 4 3 2 1 0 4 4 0 4 3 0 1 1 1 4 4 0 0 4 3 0 0 4 1 1 2 0 2 2 2 3 1 0 2 0 3 1 1 0 1 4 0 4 3 3 0 2 3 3 1 2 3 4 3 1 0 3 1 0 2 3 3 1 1 0 1 1 1 4 1 4 1 3 0 4 1 1 1 1 1 4 0 4 3 1 0 1 4 3 1 1 2 4 2 0 1 0 1 4 2 4 4 3 2 1 2 0 2 0 1 0 1 2 4 0 3 1 1 4 0 4 0 4 3 0 1 1 2 4 0 4 3 4 2 2 1 1 2 0 3 0 1 0 2 2 2 2 4 0 1 1 4 4 2 4 1 3 0 3 4 0 0 2 2 2 1 0 1 3 2 1 3 3 3 3 3 2 0 4
2 4 2 3 3 4 2 4 4 2 4 3 0 4 2 2 4 3 2 2 1 4 3 1 0 2 1 0 4 2 4 4 3 1 2 3 2 2 2 3 4 3 1 1 3 3 0 4 3 2 1 4 4 4 2 1 3 4 3 0 3 2 1 1 0 0 4 4 2 3 2 2 3 0 0 1 0 1 2 3 0 3 4 1 0 3 2 0 2 2 0 2 4 3 0 1 4 4 2 1 4 1 0 3 1 1 1 3 2 4 3 4 2 2 1 4 1 0 0 0 3 2 0 4 1 0 1 0 0 0 3 1 2 4 4 0 2 1 4 4 2 2 0 1 2 1 1 0 2 1 2 0 3 2 1 1 3 2 1 0 0 0 1 2 1 3 4 3 4 3 4 3 3 4 4 2 1 0 2 0 1 1 2
2 4 3 3 4 3 2 4 3 4 0 2 0 3 1 0 4 2 4 4 0 3 4 2 1 4 1 1 3 2 0 2 3 4 0 2 4 4 1 4 0 4 1 0 4 4 0 1 1 1 0 3 0 4 0 3 4 3 2 4 3 2 1 1 3 3 4 4 0 0 3 0 4 4 3 1 1 0 2 2 2 2 1 4 2 3 2 3 4 4 2 2 4 0 3 2 0 2 2 0 0 2 3 1 4 1 2 0 1 4 2 0 2 0 4 4 1 4 4 0 3 3 2 2 3 2 2 0 0 1 1 0 3 4 3 2 2 1 4 0 0 2 1 4 4 0 0 0 4 4 2 0 2 4 4 2 2 3 3 4 4 1 1 0 2 4 4 4 0 4 4 3 3 0 2 2 3 3 0 4 2 2 1
2 4 1 1 3 4 4 2 1 2 0 3 4 4 2 0 2 1 0 0 4 2 2 4 2 2 1 4 2 0 0 4 4 1 0 4 3 2 3 1 4 3 4 1 0 1 1 2 0 3 2 4 3 1 0 0 1 1 4 3 2 0 2 3 3 4 3 3 1 1 1 3 2 0 4 2 4 2 4 4 1 3 0 4 1 1 4 2 4 1 0 3 3 4 2 3 4 2 2 2 0 3 0 2 1 1 1 0 4 2 4 0 0 1 1 4 4 2 3 4 3 1 2 3 0 1 2 1 0 1 1 3 1 1 2 2 0 4 4 4 1 0 1 4 2 2 0 1 4 3 2 0 4 2 3 2 0 2 0 1 3 1 4 0 0 1 4 0 2 4 1 4 1 4 0 3 1 0 2 2 3 4 4
0 1 0 4 2 2 4 0 1 3 1 3 3 4 2 0 2 3 3 1 0 2 1 0 0 3 2 4 3 2 4 3 0 4 4 4 3 1 4 4 4 0 2 4 0 2 1 2 0 4 0 2 1 3 3 1 1 2 0 4 1 1 0 2 2 1 1 1 2 3 0 3 0 0 2 0 4 0 4 1 4 1 4 2 4 4 3 2 1 1 4 3 2 1 2 0 2 0 1 0 3 3 3 4 0 3 1 4 0 1 1 0 2 0 2 4 1 3 3 2 4 2 0 3 3 2 3 1 3 1 3 3 0 3 2 0 3 4 2 4 2 3 1 4 0 3 0 1 3 4 3 2 1 1 1 2 0 1 0 0 3 3 4 0 3 3 2 2 2 4 1 1 4 2 3 4 2 3 2 1 2 1 0
1 4 3 0 4 2 0 0 0 0 1 2 3 4 4 0 4 4 3 0 3 2 3 0 2 4 2 0 3 0 0 1 4 1 1 1 3 3 3 0 3 4 2 4 0 1 1 4 2 0 2 3 4 0 3 1 4 2 1 0 3 4 1 4 2 3 2 0 1 0 0 2 1 4 1 2 2 2 1 0 4 3 0 4 1 0 2 2 2 1 2 2 0 4 4 2 4 1 4 0 2 1 4 3 0 0 0 2 0 4 4 1 4 4 0 0 4 3 3 4 4 2 1 1 1 0 0 2 4 1 0 1 2 4 1 4 2 4 3 4 0 3 0 4 4 1 0 4 1 0 3 2 4 1 0 3 4 0 0 3 3 0 1 0 2 4 1 4 3 4 3 3 4 0 0 4 1 0 0 4 2 0 3
3 1 3 1 2 0 2 0 3 4 3 0 1 3 1 2 3 3 0 4 2 1 4 3 4 1 3 1 0 3 1 3 0 0 0 4 2 4 2 3 3 0 3 2 0 2 4 1 0 2 0 4 0 4 3 1 0 1 2 0 2 4 0 2 1 0 3 0 4 0 3 0 1 4 2 3 3 1 4 0 3 4 4 3 0 4 0 2 3 4 4 0 0 0 4 1 0 2 4 2 3 2 2 1 3 4 4 1 2 1 1 3 0 3 1 3 2 3 0 2 3 0 2 3 2 1 2 2 4 1 1 4 0 3 0 4 4 1 2 4 2 1 2 0 4 3 3 3 4 0 1 2 0 0 2 2 2 1 2 1 2 3 0 0 4 2 1 0 3 3 4 3 1 1 3 2 2 1 3 1 1 1 0
4 1 2 3 3 4 2 1 3 3 3 3 2 0 1 2 1 2 4 4 3 2 2 1 4 0 4 2 3 0 2 4 1 2 0 2 3 2 3 1 0 4 2 4 4 0 4 2 2 3 3 1 0 0 4 2 2 3 4 3 0 4 2 3 1 4 0 1 2 1 4 4 0 1 1 1 4 0 4 1 0 2 2 2 0 1 4 4 1 1 2 3 0 2 2 3 1 4 4 0 0 3 2 0 2 3 4 1 0 0 4 0 4 2 4 4 0 1 1 4 2 0 2 4 4 4 2 1 1 3 3 1 3 2 4 0 0 3 3 2 3 3 4 2 2 4 4 4 0 0 3 2 2 3 3 2 4 2 0 0 0 3 2 3 1 1 1 3 1 1 1 4 1 2 3 3 1 2 3 1 4 3 0
4 1 3 1 1 0 1 1 2 1 3 3 4 1 4 0 2 2 3 3 4 0 2 2 2 1 2 0 3 1 3 2 4 1 0 0 4 3 2 3 4 2 1 1 1 2 1 0 0 4 4 4 4 3 3 3 1 1 4 1 4 2 0 3 0 0 4 1 0 3 0 2 2 1 3 0 4 1 1 1 0 2 0 1 2 3 0 3 1 1 2 2 0 2 1 2 0 2 4 2 2 1 4 1 2 2 2 3 0 3 4 0 0 1 4 2 2 1 2 3 4 1 3 4 4 4 1 1 3 2 3 2 3 3 3 3 2 2 1 3 0 3 0 2 4 4 1 1 2 1 2 1 2 0 0 3 1 4 4 1 1 0 0 2 0 3 0 2 3 3 2 0 1 0 3 3 4 1 1 4 4 3 0
2 0 3 2 3 2 4 4 0 4 4 4 4 0 4 3 0 0 3 0 3 3 0 1 2 2 0 3 3 0 4 2 1 2 0 4 1 4 1 1 3 2 3 4 4 2 4 4 4 2 0 3 0 0 1 3 4 1 3 3 2 2 2 0 4 2 1 2 3 4 1 3 2 4 2 3 3 2 3 3 4 0 1 0 0 4 0 2 1 3 2 0 3 4 0 4 4 3 2 2 3 3 1 2 4 3 0 2 2 3 0 4 3 3 4 1 3 1 3 1 1 2 3 4 1 0 4 0 3 1 0 3 1 1 0 0 1 1 2 4 1 0 3 2 0 4 3 0 2 3 1 3 0 1 3 3 1 4 1 2 2 1 0 3 4 1 0 0 4 4 1 0 4 1 2 0 2 2 0 4 0 4 3
2 0 3 3 4 4 1 1 1 4 1 4 3 4 4 0 3 3 2 1 0 0 3 2 3 1 4 2 3 0 2 3 3 2 3 2 1 4 0 2 3 1 3 3 3 4 3 1 0 2 2 2 3 3 4 1 1 3 0 1 1 3 4 4 2 2 3 1 3 3 0 1 1 4 4 4 0 3 3 2 0 2 4 0 2 3 1 3 4 2 0 0 2 1 1 4 1 4 2 4 2 3 3 0 4 4 0 4 4 0 2 2 2 3 2 0 2 4 0 3 3 2 0 0 1 3 1 2 2 4 3 1 2 3 1 3 3 3 2 2 3 1 4 3 0 2 0 4 3 0 4 1 3 4 3 4 2 4 3 1 0 3 2 4 2 0 2 2 4 2 4 4 0 1 2 0 0 2 4 3 0 0 1
3 4 4 4 3 0 4 4 1 2 3 2 1 4 2 3 0 4 3 4 4 1 4 2 1 1 3 4 3 4 2 3 3 1 2 4 1 3 3 4 1 4 4 2 3 1 1 0 2 1 4 1 2 0 3 3 4 2 4 2 3 1 1 3 4 0 2 2 4 3 4 0 2 3 4 2 4 2 2 1 3 3 4 0 4 0 0 3 4 1 2 2 4 3 0 3 4 3 1 3 3 2 0 0 0 1 4 1 4 3 4 2 1 0 0 2 0 2 2 4 4 0 3 3 0 1 4 4 4 2 4 4 4 1 4 1 3 3 2 4 3 3 1 4 3 3 4 1 1 3 2 2 3 1 0 4 2 1 0 3 3 2 2 4 0 3 0 0 3 4 4 1 4 3 2 3 1 1 4 2 0 1 4
0 4 2 1 3 0 4 1 4 3 0 0 3 3 3 1 1 2 0 4 2 3 2 2 0 0 3 4 0 4 1 3 1 0 4 4 0 0 3 1 3 3 2 4 4 0 0 2 4 2 2 3 1 4 0 3 1 0 4 4 0 0 2 3 0 3 2 1 4 0 2 2 4 1 1 0 3 3 2 3 1 4 3 4 0 1 2 2 1 3 1 3 4 0 1 1 3 1 4 2 1 4 2 2 0 0 2 1 4 0 4 2 1 4 1 2 0 3 1 2 3 4 0 4 4 4 1 4 0 2 4 1 1 1 1 4 3 0 0 4 2 1 1 4 0 2 3 1 2 1 0 1 0 0 0 1 4 3 0 1 1 4 0 4 2 1 3 1 3 0 0 1 1 2 0 2 4 0 0 2 1 0 0
3 2 0 4 4 4 1 0 2 1 0 1 0 3 0 1 2 0 4 3 4 1 0 1 2 0 3 1 3 3 1 3 0 4 4 4 0 0 0 2 3 2 3 4 1 0 2 3 3 1 3 2 4 3 0 2 0 3 0 3 3 4 3 3 0 2 0 0 2 2 2 1 4 2 2 0 0 4 0 3 1 3 2 2 3 4 1 3 4 2 3 2 3 1 2 3 3 4 3 1 1 2 4 3 1 3 0 1 2 1 1 0 1 3 3 0 4 4 3 3 3 2 2 1 0 2 4 4 1 4 2 0 1 3 3 0 1 3 1 3 1 3 1 3 3 1 0 0 0 3 0 1 2 3 4 3 2 1 4 3 0 1 0 4 4 3 4 2 4 2 2 0 2 3 0 1 4 0 3 2 1 3 0
3 3 4 3 0 0 2 1 1 0 1 2 1 0 1 3 1 3 1 1 1 1 2 4 3 4 2 0 0 2 0 4 1 1 2 1 2 2 2 0 2 1 2 4 1 3 4 2 3 0 0 1 4 4 0 2 4 4 4 4 4 1 0 0 2 0 3 4 2 3 4 1 4 1 2 2 1 2 1 2 4 1 3 3 3 1 0 2 0 1 1 1 2 4 1 0 4 2 4 1 0 1 4 4 4 2 3 3 4 4 0 3 2 3 4 0 4 1 2 2 3 1 3 0 0 2 0 4 4 2 2 1 0 3 2 4 0 0 2 4 1 4 0 3 3 4 4 4 2 3 3 0 4 4 3 1 3 0 0 4 2 4 0 4 3 4 4 0 4 3 2 2 3 2 0 3 3 4 4 2 3 0 3
4 4 1 1 2 3 3 1 3 0 3 2 0 2 3 0 3 2 2 0 2 1 0 2 4 2 3 4 2 3 2 3 4 0 4 3 3 0 4 1 0 4 4 0 1 4 0 1 3 0 1 0 1 4 4 3 3 3 2 0 3 4 3 3 1 0 1 1 0 3 3 0 2 4 2 1 3 4 4 2 4 1 4 1 2 1 4 0 1 1 2 4 2 2 4 3 4 3 1 4 3 4 1 2 0 0 3 1 0 0 0 4 3 1 0 0 2 4 2 0 2 1 0 4 0 1 4 0 1 3 1 4 2 0 2 0 0 2 3 0 2 3 0 0 4 2 2 4 4 4 4 1 0 1 3 1 3 4 3 4 2 4 1 2 4 3 4 0 2 2 2 0 0 4 0 1 2 0 0 1 4 0 4
2 1 4 0 1 1 3 3 3 4 4 2 4 4 1 1 1 3 0 1 0 0 4 2 4 4 4 0 0 4 1 4 3 3 4 1 4 4 4 2 1 0 2 2 4 0 3 3 4 0 1 1 0 2 0 4 3 0 1 4 1 0 0 4 3 2 1 2 1 2 1 2 0 3 4 1 4 4 4 0 0 1 3 2 0 4 2 4 4 0 0 2 0 0 4 3 2 2 0 1 4 2 0 4 2 2 1 3 3 2 3 0 0 4 3 1 3 2 0 4 2 2 1 0 4 0 3 4 2 1 0 4 0 2 0 4 4 1 3 0 1 3 0 1 2 3 2 0 0 4 1 0 3 3 0 3 0 0 2 0 1 4 4 3 3 4 3 0 3 1 0 4 4 0 0 4 4 0 1 1 1 3 3
0 3 0 3 3 1 2 3 4 3 4 3 1 4 3 1 4 4 3 3 0 4 0 4 0 2 3 3 4 1 2 4 4 2 4 4 0 3 0 0 1 4 0 4 0 3 3 4 4 1 4 4 0 2 1 0 4 1 1 0 2 3 4 3 2 0 2 3 3 2 0 1 4 0 1 4 0 4 1 4 2 2 0 3 4 3 0 1 4 1 1 1 1 3 4 1 3 4 4 4 1 1 2 2 3 0 2 3 1 0 2 4 2 2 4 4 1 4 2 0 3 3 4 1 3 0 2 4 4 3 0 3 4 2 0 2 3 4 0 1 4 4 0 4 4 4 0 0 1 2 2 1 2 3 2 1 4 0 0 0 3 0 3 0 4 1 4 4 0 2 1 2 1 3 1 0 0 1 2 1 3 2 4
2 0 1 3 1 1 3 2 2 0 2 4 0 3 3 4 4 2 0 1 4 1 4 1 1 2 4 4 2 3 3 4 0 4 3 2 3 3 1 2 4 3 1 4 4 1 0 0 4 1 1 0 4 2 3 0 4 2 4 1 2 4 0 3 0 0 0 3 4 3 2 3 3 3 4 2 2 4 2 3 2 0 0 1 2 3 3 3 3 4 4 0 3 2 3 4 2 0 4 3 3 2 3 2 2 2 4 1 4 4 4 3 4 1 0 4 0 0 2 3 0 4 3 0 3 2 4 0 4 1 4 3 3 2 2 2 2 3 4 3 2 0 1 4 2 3 3 2 4 2 2 4 1 0 4 4 4 1 2 4 4 3 4 2 2 1 1 1 1 2 4 4 3 1 3 2 4 3 1 3 0 3 4
4 0 1 0 0 4 2 1 3 2 2 2 0 0 3 1 1 3 1 0 1 4 0 0 3 0 1 4 1 1 0 2 1 3 2 3 2 0 4 2 4 3 4 4 3 0 3 0 0 1 2 1 0 0 3 3 0 4 4 3 2 2 0 3 0 3 2 0 0 3 2 4 2 4 4 0 1 4 2 1 0 2 4 0 2 2 0 4 3 2 3 0 4 3 3 1 1 2 1 1 1 4 3 3 0 4 0 1 3 3 4 3 0 3 0 4 2 2 3 0 4 1 2 3 2 2 0 3 0 3 2 1 4 2 1 4 1 1 2 4 1 1 4 3 1 1 2 3 3 3 0 3 4 4 3 1 2 0 2 4 1 1 2 0 3 3 2 1 1 4 0 3 3 1 1 4 4 1 0 2 4 0 2
0 0 3 4 4 0 1 3 1 4 2 4 4 2 1 0 3 2 2 3 0 3 0 2 4 1 2 1 0 2 1 2 4 1 1 0 1 4 3 0 3 2 4 2 4 0 2 0 2 4 3 0 4 3 2 3 1 1 2 3 3 3 1 0 1 2 0 2 2 1 2 2 3 3 0 0 0 4 0 0 1 3 0 2 4 4 1 2 0 0 1 0 0 4 2 1 3 3 0 0 1 3 0 1 3 2 1 4 1 1 4 4 2 1 2 3 0 0 0 2 2 3 2 2 2 0 0 1 0 0 3 1 0 0 2 4 2 1 0 1 4 1 0 1 2 4 4 4 1 2 1 3 0 0 2 0 2 2 3 4 3 3 2 0 4 2 4 1 3 1 2 2 2 0 4 4 4 0 0 3 2 1 1
0 4 4 0 3 1 3 0 1 1 2 2 2 4 3 4 2 0 3 2 2 0 3 4 0 3 4 0 3 3 1 0 4 2 0 2 1 0 2 2 3 2 1 3 1 2 2 1 4 2 3 1 3 1 2 0 1 2 0 1 0 3 1 4 1 3 3 2 0 3 1 1 2 0 4 3 2 3 1 1 0 1 4 3 4 2 0 3 4 0 4 1 4 1 2 0 1 0 4 2 0 2 0 2 2 4 3 1 4 1 2 4 3 4 0 4 1 0 2 2 3 2 0 2 0 2 4 3 4 0 2 0 2 2 4 0 3 4 1 2 1 1 4 1 0 4 0 3 1 3 2 4 2 2 3 4 4 4 2 3 4 0 0 2 4 2 4 3 1 2 2 2 0 1 0 2 2 1 0 4 1 2 0
0 1 4 4 0 0 1 1 0 3 1 4 3 0 0 1 2 4 0 1 0 2 2 2 4 0 0 0 3 4 1 3 1 2 2 3 2 0 4 4 1 3 0 4 3 0 2 2 2 2 1 2 1 3 1 1 0 3 3 3 0 4 3 3 3 2 1 3 2 1 4 3 1 0 4 1 2 1 4 4 1 0 3 2 0 0 0 2 0 4 0 0 3 0 3 4 2 0 2 4 3 3 0 4 3 4 0 3 3 1 2 4 1 1 3 3 3 4 0 3 3 2 4 3 2 4 2 4 4 1 1 4 0 1 3 0 2 1 3 0 4 3 1 1 4 2 1 4 1 2 2 4 4 3 4 4 3 4 3 4 0 4 4 2 2 4 0 0 2 3 2 2 3 1 0 4 3 1 3 1 0 3 2
2 3 1 1 3 0 4 0 3 1 1 2 3 2 2 0 0 3 0 4 1 1 1 1 1 2 1 2 0 1 4 2 0 2 0 3 3 1 0 3 2 1 0 3 4 3 0 4 1 0 0 4 3 1 2 1 0 4 0 0 0 1 4 0 4 4 1 4 1 1 2 3 0 2 3 4 2 4 0 0 1 0 0 2 3 2 3 3 3 4 1 4 0 0 1 1 0 4 0 3 3 2 3 3 2 2 4 1 3 4 2 4 1 2 1 4 1 2 4 2 1 0 1 3 3 4 0 0 1 0 3 4 0 1 4 4 3 3 0 3 4 2 0 2 1 1 1 0 0 2 2 1 0 0 2 3 1 2 3 2 4 1 3 1 2 2 0 3 2 3 1 3 2 1 0 1 0 3 1 0 1 0 4
1 2 3 1 3 0 4 1 1 2 4 3 1 4 0 4 3 3 3 4 1 4 4 2 1 3 0 4 1 2 0 4 4 3 0 2 0 1 0 1 3 2 4 4 1 0 1 1 0 4 0 1 0 0 0 4 0 2 3 3 4 0 2 0 3 4 0 3 0 0 1 3 2 1 4 0 3 0 2 0 1 4 2 2 1 4 3 1 4 3 1 0 3 3 1 1 2 1 1 4 3 2 2 1 0 4 3 0 4 0 1 3 2 0 2 3 4 0 2 0 3 3 1 1 4 2 4 1 0 2 3 3 4 0 4 2 1 3 2 3 0 0 1 2 0 3 3 2 0 0 2 3 3 3 1 2 2 2 1 2 4 4 1 0 1 2 2 3 2 2 1 0 2 4 4 0 2 2 2 4 2 1 4
3 0 2 0 4 4 3 4 0 2 2 0 1 4 0 1 4 4 2 1 3 3 0 3 2 0 2 1 4 4 0 2 1 2 0 0 3 3 4 3 3 1 3 1 3 0 2 4 4 1 0 3 4 0 3 1 0 1 4 0 0 4 4 1 3 4 3 1 0 0 4 0 3 4 1 1 2 3 0 1 1 2 1 0 3 0 3 0 3 2 2 3 3 2 1 3 1 4 4 3 4 0 3 3 1 4 1 3 4 4 2 0 1 3 2 1 0 2 2 3 4 4 3 4 3 4 2 2 1 3 0 0 0 1 0 4 0 4 2 2 0 1 4 1 0 4 3 2 1 2 1 3 3 1 4 2 1 2 4 2 2 1 4 0 2 2 4 0 3 3 4 3 0 3 4 2 2 4 1 1 3 4 4
2 1 3 1 2 2 2 1 2 3 2 4 3 4 3 3 2 3 2 0 0 2 2 4 2 3 1 3 2 0 4 4 3 4 2 2 2 4 3 1 4 1 0 2 2 0 2 0 0 4 2 1 4 1 2 1 0 3 4 2 1 3 3 1 2 0 4 1 4 2 4 3 0 4 3 3 1 0 3 2 2 2 0 1 4 2 2 4 3 3 1 1 3 1 2 2 1 1 1 2 1 0 0 1 2 3 4 0 1 4 2 3 2 4 1 3 2 3 2 2 3 0 3 1 3 2 0 4 1 1 1 2 4 3 3 3 4 0 3 0 4 1 3 3 2 1 3 4 1 0 3 4 2 3 2 0 1 2 1 2 1 2 4 2 1 4 0 0 4 3 2 1 1 2 1 4 3 0 0 4 2 4 0
0 2 2 2 0 1 4 2 4 3 3 1 1 3 1 3 4 0 0 0 1 4 2 2 2 4 3 3 1 4 3 3 1 0 1 4 4 2 1 3 2 0 2 4 0 3 2 4 0 0 2 2 4 1 4 2 0 4 0 1 3 1 0 2 1 3 1 2 0 2 3 2 4 0 3 4 0 1 1 1 3 3 3 2 4 4 1 4 1 4 0 4 0 2 3 3 0 4 1 2 4 1 2 0 1 0 0 1 3 1 2 3 4 2 1 3 4 4 4 0 3 1 1 0 4 0 4 1 4 2 4 0 3 1 1 1 3 3 4 4 4 4 2 0 3 0 0 2 0 1 4 0 2 1 1 1 3 0 3 4 4 4 0 4 2 3 2 2 1 1 1 2 0 1 2 1 1 4 3 1 0 0 2
2 1 3 1 4 0 1 3 1 0 0 0 4 3 2 1 4 0 3 1 3 4 0 4 0 1 2 4 3 4 1 3 0 1 4 1 3 2 2 4 4 2 1 3 3 3 4 2 3 2 1 1 3 3 2 1 2 2 0 0 1 3 3 2 1 4 0 4 1 4 0 0 2 1 3 0 1 3 4 1 2 2 0 1 3 2 2 0 4 4 0 1 2 4 0 3 0 2 4 2 2 4 4 4 2 0 1 0 0 2 1 2 2 1 0 0 1 4 0 0 3 0 3 2 1 3 2 2 3 1 1 0 2 2 1 1 2 4 1 4 1 0 4 0 1 1 0 4 1 0 0 1 3 0 1 1 4 3 0 4 2 3 4 1 3 0 3 2 4 1 2 2 1 1 3 0 2 0 4 0 3 4 4
3 2 0 4 3 0 2 2 2 0 1 4 3 1 4 1 2 0 0 1 2 3 1 2 2 2 1 3 0 3 4 0 0 1 4 3 1 3 0 1 1 1 0 1 4 1 2 3 1 4 4 3 2 3 0 0 0 2 0 2 2 4 2 2 2 3 2 3 4 2 1 0 0 3 1 1 4 1 4 1 0 0 4 3 3 2 0 0 1 0 4 3 1 3 2 3 4 4 3 3 1 0 3 3 3 1 4 3 2 0 4 0 0 0 0 1 4 0 3 0 0 3 0 3 3 2 1 2 1 4 0 4 4 0 2 3 2 3 3 4 3 4 4 4 1 1 2 1 1 2 1 3 0 4 1 1 1 4 3 0 4 4 1 0 4 4 3 3 4 3 3 3 2 4 4 4 1 1 2 4 3 0 0
1 4 1 2 3 3 0 3 2 1 1 2 3 0 3 1 0 3 1 0 1 3 4 2 1 0 1 0 0 1 0 1 3 4 0 1 2 3 1 1 1 2 0 1 0 3 3 2 2 1 2 0 4 1 4 2 3 0 3 3 3 0 2 1 1 2 2 0 2 3 1 4 1 2 0 3 2 0 0 1 4 2 1 0 3 2 3 3 2 3 1 3 3 3 4 0 3 2 2 2 2 4 3 0 3 1 3 0 3 3 2 2 2 0 0 2 0 3 0 2 1 2 0 1 2 2 3 2 4 1 2 3 0 0 4 0 3 4 0 2 0 4 1 2 2 1 0 2 1 2 1 2 1 4 1 4 1 4 3 2 2 2 0 2 3 1 4 1 3 0 0 3 1 2 2 0 3 4 2 2 2 1 4
0 0 2 4 3 2 0 2 4 2 4 4 2 1 3 1 1 0 1 1 4 0 0 1 1 0 1 3 4 2 4 4 4 2 1 4 1 3 1 2 2 0 3 0 3 4 3 4 1 4 0 2 2 1 4 3 3 0 1 4 2 2 3 3 4 1 2 2 4 3 0 2 3 0 4 2 4 2 1 1 1 4 3 3 2 2 3 2 4 4 1 1 2 1 1 3 3 3 1 2 1 3 1 2 3 0 4 0 2 2 1 1 3 1 1 2 1 0 4 0 1 2 4 0 4 2 1 4 1 2 1 4 2 0 1 2 0 2 2 0 0 0 1 0 2 2 3 0 4 4 2 1 2 3 3 1 1 4 0 4 3 3 0 0 0 2 3 1 1 0 1 3 1 4 4 0 1 4 2 3 3 4 4
0 0 2 3 1 4 0 2 2 1 2 0 1 1 3 4 3 0 2 1 3 1 2 0 0 1 2 3 0 4 4 2 4 3 1 0 2 1 2 0 4 4 0 1 1 0 0 1 2 3 4 1 1 2 1 1 3 1 4 0 0 3 3 4 2 1 1 1 4 0 1 4 1 3 0 4 0 2 0 3 2 0 1 4 4 4 0 4 0 2 0 0 0 0 1 4 1 2 1 0 2 4 1 4 0 1 3 0 1 1 3 3 1 1 4 0 1 0 4 1 2 1 4 4 3 0 4 4 0 2 2 4 1 3 3 1 2 4 2 0 2 2 0 3 4 0 0 0 0 1 3 4 0 2 3 3 0 4 3 2 1 2 1 0 2 2 1 1 3 0 1 0 3 2 0 4 2 0 1 4 3 1 3
3 4 3 2 1 0 2 3 1 4 1 1 3 3 0 0 1 0 1 1 0 0 1 1 2 3 2 3 2 4 3 0 0 2 4 3 2 1 3 0 2 4 4 1 3 4 1 1 1 4 3 4 2 1 0 1 0 3 0 4 4 3 1 1 2 1 4 1 2 2 4 2 1 3 3 1 4 1 3 2 2 3 1 4 4 2 1 1 2 3 2 1 3 4 2 1 0 3 2 4 0 1 1 3 1 1 2 2 4 2 0 2 0 1 3 1 3 1 0 2 4 2 3 3 1 2 1 3 0 3 3 2 2 1 3 0 3 0 3 2 2 3 1 4 1 0 0 2 3 0 4 3 0 3 3 1 2 4 0 3 4 0 2 3 1 0 1 4 2 4 4 4 4 0 3 0 2 1 2 1 3 4 4
3 2 4 2 1 0 4 1 4 4 4 0 2 4 1 4 4 2 3 3 1 0 4 3 3 2 3 4 0 2 0 1 1 1 0 2 1 4 4 2 0 0 2 4 4 0 3 0 2 3 4 0 4 0 4 2 2 4 3 4 1 3 2 4 1 2 3 2 3 2 4 0 4 4 0 1 1 0 1 1 4 2 1 3 2 2 2 1 1 0 3 4 0 0 0 1 0 4 0 3 3 4 1 3 0 1 4 2 3 0 0 2 3 1 2 2 1 1 4 4 3 4 1 3 1 1 1 1 2 1 2 1 3 3 1 0 1 0 4 4 2 4 4 2 3 3 0 4 0 1 3 3 2 4 4 3 3 0 0 0 4 4 3 4 2 4 1 0 1 1 1 1 2 0 3 0 4 0 1 1 3 0 4
0 1 3 4 1 1 4 2 2 0 2 1 2 4 2 4 0 0 0 3 0 3 4 0 4 4 2 0 3 4 4 3 2 0 4 4 1 0 3 3 0 0 1 2 4 0 3 2 1 4 0 1 2 4 3 3 1 2 3 4 3 2 4 1 2 4 2 0 4 0 3 0 2 4 4 2 0 3 4 3 4 1 1 3 3 1 1 4 4 4 0 4 3 4 0 3 0 4 3 2 4 4 4 2 0 0 1 0 0 0 0 4 3 1 4 1 3 0 0 4 1 0 3 0 2 1 0 4 0 0 3 2 4 4 4 0 0 0 2 2 2 3 4 0 1 3 4 1 4 4 2 2 2 1 4 1 2 4 0 4 2 1 1 3 0 0 3 2 2 3 0 1 3 4 4 1 2 3 3 3 4 0 3
1 3 2 2 2 2 0 2 1 1 3 4 3 1 0 1 0 3 3 2 3 2 3 4 1 1 4 2 0 0 0 2 0 2 1 3 1 3 0 2 4 0 4 0 3 4 1 4 4 4 3 2 3 1 1 1 2 1 3 4 3 0 3 3 3 2 1 1 0 3 1 2 4 0 2 2 1 0 3 0 4 1 2 4 4 0 0 3 3 4 3 1 4 3 2 4 0 0 3 1 1 1 3 2 1 0 1 2 2 0 2 1 3 1 2 3 1 2 3 0 3 3 3 0 2 2 1 2 3 4 3 4 0 3 1 3 0 2 2 2 4 1 0 0 2 2 3 1 2 3 1 0 2 1 2 4 4 4 1 4 0 2 0 1 2 3 1 3 0 4 2 2 2 3 2 2 2 2 3 4 0 1 2
2 2 4 3 3 3 2 2 4 1 2 2 3 0 0 3 3 1 1 0 4 1 4 1 3 1 1 0 3 2 2 3 4 3 1 0 2 3 2 3 1 0 2 0 2 4 3 2 1 1 4 2 2 3 0 3 1 1 3 0 3 0 0 4 0 1 4 2 2 4 2 3 1 1 0 3 1 4 1 4 2 2 3 0 1 3 3 4 1 3 4 1 0 4 2 0 3 2 0 0 3 2 0 4 1 1 4 4 2 2 3 4 0 1 1 3 1 4 2 2 2 2 0 4 3 2 0 3 1 0 0 4 4 1 3 0 4 0 4 1 2 4 2 4 2 4 2 3 3 0 2 3 4 2 4 4 2 4 3 3 4 3 3 1 1 3 1 0 3 3 3 3 2 1 2 2 0 0 2 0 0 2 0
4 1 0 3 3 4 3 2 1 2 0 2 0 0 0 1 4 3 4 4 3 0 1 2 2 1 4 3 3 1 3 4 3 0 0 1 0 3 0 3 2 0 0 3 3 2 4 4 3 0 3 1 3 4 3 0 3 4 0 1 3 1 3 1 1 3 4 3 1 0 1 1 2 3 4 0 1 0 1 4 0 4 2 0 1 2 3 4 1 3 2 4 4 0 2 1 0 4 4 4 1 3 0 3 1 4 1 4 4 2 0 1 4 2 4 0 4 2 1 3 0 0 4 2 1 4 0 1 3 1 2 4 1 2 4 3 1 2 4 2 2 0 1 1 2 0 3 4 2 4 4 4 1 0 3 2 4 0 1 4 2 3 0 3 3 2 3 4 1 3 4 3 3 2 1 2 2 4 3 1 0 2 2
2 0 1 1 4 1 4 1 0 0 3 1 3 0 1 4 2 1 3 2 1 0 4 4 4 0 4 0 3 2 0 2 2 1 0 3 4 2 1 2 2 0 0 0 2 1 1 1 0 2 1 1 4 0 2 4 2 2 1 2 4 1 1 3 4 2 3 1 4 0 3 3 2 3 0 4 1 1 3 1 0 4 0 0 1 2 1 3 4 2 3 0 1 4 3 2 3 2 3 4 4 1 2 1 1 4 0 0 1 0 3 3 4 3 3 0 1 4 1 2 4 1 3 2 2 1 4 1 0 3 2 1 1 0 2 0 1 0 0 4 0 0 3 2 4 1 2 2 3 0 4 2 1 2 4 4 1 0 2 3 3 4 0 2 1 4 2 3 4 4 2 2 4 2 4 0 4 3 4 2 4 1 1
2 3 2 3 1 2 2 2 3 2 4 2 0 3 4 0 0 0 0 2 1 2 1 4 1 1 3 0 0 4 3 0 0 0 0 3 0 3 2 0 2 1 2 4 2 3 0 2 0 0 1 1 2 2 0 1 0 1 3 1 2 2 3 2 4 0 3 1 0 0 3 2 2 2 4 1 0 4 3 0 1 4 4 0 3 1 3 3 2 2 1 0 1 1 4 0 2 2 4 2 3 2 2 2 2 1 3 2 2 3 0 0 4 1 0 2 2 4 2 0 1 1 2 4 2 1 1 1 4 0 1 4 0 0 1 2 3 1 1 0 4 3 0 3 4 2 2 2 1 1 4 4 2 1 3 2 4 0 0 3 0 1 4 2 3 0 1 1 3 3 3 2 3 3 2 3 3 4 0 4 1 1 4
0 2 4 2 1 4 3 2 2 1 1 4 0 4 3 3 2 3 2 2 1 2 4 4 0 1 1 2 4 2 3 4 1 2 2 0 2 2 2 4 0 0 0 2 4 0 1 4 3 0 1 0 2 2 1 0 3 3 2 2 2 0 2 4 2 1 4 1 0 3 2 0 3 0 0 3 0 1 2 4 1 0 4 0 2 2 2 3 0 4 2 0 1 4 1 1 2 0 2 2 0 0 0 3 0 0 3 0 3 2 1 1 2 2 3 2 0 1 2 2 2 4 2 4 1 0 0 3 0 4 3 2 1 0 1 3 2 4 4 0 2 2 3 1 0 1 3 2 2 0 4 0 2 4 1 3 4 3 1 2 2 1 4 4 1 2 2 3 2 3 0 1 3 3 2 3 0 3 2 4 0 3 1
2 2 2 0 4 2 4 3 0 0 4 1 4 2 0 4 4 1 0 2 4 0 4 4 0 4 1 2 0 4 3 4 4 3 0 3 2 1 3 2 1 2 0 0 4 1 2 0 2 2 2 3 2 4 2 0 3 3 4 0 2 4 0 3 4 2 1 2 3 1 4 4 4 2 2 3 0 4 1 4 3 0 2 2 4 4 2 3 4 3 3 3 3 0 2 2 2 0 4 0 2 1 2 1 3 4 1 0 0 4 4 0 0 1 2 4 2 2 4 1 0 0 1 0 0 3 3 3 4 2 0 3 0 2 1 0 3 2 0 0 4 4 0 4 2 0 3 4 2 0 2 4 0 4 0 0 4 0 0 3 4 3 3 0 0 4 2 4 4 3 1 3 4 2 2 2 2 2 3 1 2 1 2
2 2 4 0 1 4 2 0 4 0 0 1 1 0 3 2 4 3 3 2 3 2 1 2 1 3 0 4 3 3 4 2 0 3 2 2 0 0 4 4 2 4 2 3 4 2 2 0 1 3 4 1 2 2 3 1 3 3 0 1 4 1 3 4 0 3 1 0 0 0 1 2 0 0 3 1 2 2 4 0 2 0 1 0 3 4 3 1 0 3 2 4 0 2 0 2 0 2 2 2 4 0 0 1 0 0 0 2 2 4 3 2 4 1 2 2 3 0 0 0 0 2 1 2 2 1 1 4 3 3 2 0 0 4 1 0 1 1 0 0 2 0 2 2 1 1 1 4 3 2 4 4 1 0 3 3 4 0 3 4 0 2 4 1 3 1 3 4 4 3 4 2 3 4 4 2 0 2 3 4 4 3 0
1 0 3 1 1 0 4 1 1 3 0 4 1 3 2 0 3 3 2 2 3 1 1 0 1 0 4 2 0 4 2 3 1 1 4 3 3 1 1 4 4 1 3 3 2 3 0 2 1 2 4 4 0 2 2 4 2 1 1 2 2 4 0 3 2 2 3 0 3 4 2 2 1 2 0 0 0 1 2 3 0 3 3 1 0 2 2 2 3 3 2 2 4 4 0 3 1 4 1 4 3 3 4 1 0 1 3 3 4 2 1 2 0 1 3 0 3 2 0 3 0 2 0 2 3 3 0 0 4 1 1 4 1 2 3 4 4 1 4 0 1 2 2 1 4 2 4 4 4 4 0 0 3 2 4 1 2 4 3 1 3 2 1 1 4 1 2 0 4 1 1 0 4 3 2 0 3 3 1 2 4 1 4
4 1 3 2 3 0 1 0 0 3 3 1 4 4 1 0 0 2 3 1 3 3 0 3 1 3 0 4 4 3 3 3 4 4 0 0 4 3 0 4 3 0 2 3 1 3 0 1 3 3 4 1 1 4 0 3 4 2 2 0 2 2 3 4 1 4 4 0 2 1 1 1 3 4 1 4 4 1 2 2 1 2 1 2 3 3 0 0 0 4 0 4 4 4 0 0 0 4 3 4 2 4 2 0 0 3 4 2 1 4 4 2 1 0 0 1 3 2 1 0 4 2 2 3 3 2 0 3 4 3 4 1 0 2 4 0 2 0 4 4 4 4 1 2 1 3 4 2 3 0 4 2 4 3 2 2 1 2 2 0 3 2 3 3 4 2 0 1 3 0 2 2 1 4 0 4 4 1 3 2 1 3 1
1 1 0 0 4 0 3 1 3 2 0 3 1 4 3 4 2 3 2 2 1 3 4 1 2 0 4 2 3 4 0 1 3 1 2 2 3 2 4 1 4 1 4 2 0 4 3 0 0 0 2 1 0 3 2 0 0 4 4 3 3 4 0 3 2 4 1 0 3 2 3 4 3 2 1 0 4 4 0 4 2 4 0 4 2 0 4 2 4 3 1 4 0 3 3 4 4 1 0 2 3 3 1 3 3 4 3 2 0 4 1 4 3 3 4 3 3 0 2 4 1 0 1 1 3 4 0 4 0 2 1 0 3 4 3 3 3 1 0 4 2 3 3 3 3 4 3 2 0 0 3 1 1 4 4 4 0 1 1 0 1 2 2 4 4 0 2 2 4 4 3 3 4 4 3 2 0 1 1 0 2 0 3
3 1 4 4 2 3 0 4 4 0 2 3 4 4 2 3 0 1 4 4 0 0 4 4 0 1 3 3 3 0 3 3 1 3 4 0 3 0 0 2 2 2 0 3 3 4 1 4 0 2 0 2 2 4 3 3 2 1 3 2 1 1 0 0 1 2 0 4 2 0 1 1 4 3 4 0 2 2 4 4 0 1 1 4 2 2 2 0 3 0 2 2 4 0 2 0 2 4 0 1 2 3 2 3 2 3 3 4 0 2 1 0 0 2 0 3 4 4 3 0 2 0 2 3 2 1 3 4 2 0 0 4 4 4 3 1 2 1 2 3 1 0 0 1 3 2 1 4 4 4 1 1 2 3 4 4 1 4 1 4 0 1 0 1 1 3 4 3 2 3 3 0 4 4 3 4 3 0 3 2 1 0 0
3 0 1 0 4 3 1 3 3 4 0 1 0 4 0 1 3 3 4 3 2 0 1 1 1 3 2 3 0 4 1 0 1 2 0 0 0 3 0 0 3 1 1 3 2 1 1 2 2 3 0 1 0 3 3 1 4 2 2 4 3 3 4 4 0 2 0 3 0 2 3 3 3 2 4 2 0 2 4 2 2 4 4 3 0 4 4 4 1 1 0 1 1 1 0 4 0 2 2 1 0 2 1 3 4 2 1 2 2 2 4 4 4 3 2 4 4 4 0 2 2 0 3 4 3 4 3 4 1 2 2 1 4 0 2 1 3 0 3 2 2 4 1 1 0 4 2 4 0 4 2 2 1 2 3 0 1 3 1 0 0 3 3 0 3 2 3 3 2 3 0 2 2 2 0 2 3 0 2 3 4 1 2
1 3 1 3 2 4 4 2 2 2 2 4 0 0 2 1 4 0 1 3 2 3 4 0 3 1 4 3 0 0 1 3 3 4 1 2 0 2 4 4 4 4 3 2 4 0 3 0 2 1 4 2 2 0 4 0 1 3 4 3 0 2 2 0 3 0 3 0 3 4 0 4 3 3 1 4 1 1 0 0 3 1 2 0 3 1 2 4 1 3 2 1 2 1 4 2 4 2 3 2 1 0 1 2 0 0 1 3 3 3 4 3 1 3 0 4 2 3 3 3 3 3 2 1 1 1 3 0 0 3 2 3 3 1 0 1 3 2 4 1 2 0 0 4 4 0 3 3 0 4 1 4 4 0 0 0 3 0 1 3 4 0 2 4 3 4 2 1 3 4 3 1 4 0 2 0 2 0 3 3 1 2 2
0 2 4 1 3 1 4 1 2 1 0 2 0 0 1 3 3 0 3 1 2 3 3 2 1 1 3 1 2 0 0 3 4 4 1 2 2 2 4 0 3 1 2 0 3 0 4 4 1 2 0 3 3 1 2 1 2 0 2 1 0 2 1 0 3 2 4 0 1 0 0 2 2 4 2 2 0 3 1 1 3 4 1 1 0 3 2 4 4 1 0 1 3 4 3 3 3 3 3 0 3 4 2 2 3 1 0 0 0 3 3 0 2 4 1 4 3 0 3 4 3 1 0 3 0 1 1 3 1 4 0 4 3 2 4 4 1 1 1 1 4 0 1 2 4 4 1 4 1 2 0 4 3 3 2 0 4 3 0 0 4 1 1 3 0 2 4 1 3 0 4 3 2 2 2 4 3 0 0 4 4 1 0
4 1 4 4 2 4 2 4 4 3 0 4 0 0 0 2 3 2 3 3 0 1 2 1 4 0 1 1 4 4 1 4 0 3 0 2 2 2 1 1 2 4 2 3 4 2 2 4 0 0 0 2 3 2 3 3 4 4 1 4 1 2 3 1 2 0 1 0 3 4 3 0 0 3 0 1 0 2 1 2 0 3 4 3 2 4 3 2 4 4 1 0 4 1 3 1 1 1 3 4 1 4 2 1 2 4 0 4 2 3 2 4 1 3 4 3 0 3 0 1 2 1 1 3 4 1 0 1 3 0 2 1 4 4 4 3 4 4 3 3 2 2 4 3 2 3 4 2 1 4 3 1 3 1 1 2 0 3 3 0 4 3 1 0 2 0 1 3 0 1 3 4 3 2 3 2 3 2 2 1 3 2 4
1 1 1 1 1 4 1 1 0 4 2 1 2 4 2 2 4 3 3 4 3 0 4 2 0 3 4 2 1 4 1 0 0 2 1 1 4 2 2 4 4 1 0 3 0 4 0 2 4 3 3 2 1 2 2 3 2 3 0 3 2 4 0 2 3 3 3 2 3 2 2 2 0 4 0 1 1 2 0 0 3 3 0 4 2 2 4 4 2 0 4 0 4 0 2 4 3 3 2 3 0 1 0 3 2 0 4 0 0 1 1 3 4 3 4 1 2 3 2 4 3 1 4 4 1 4 1 2 2 3 0 4 1 3 2 0 0 3 1 0 1 4 3 0 4 2 3 1 1 0 2 1 4 4 3 2 3 4 4 2 4 2 3 0 0 1 0 0 1 3 3 3 2 1 0 1 4 1 4 2 1 2 3
0 1 3 3 1 2 4 3 1 3 1 3 0 4 1 3 3 4 1 3 4 2 0 0 3 1 2 0 0 4 1 0 2 1 0 0 4 2 3 2 0 1 1 1 3 2 4 1 3 0 1 2 4 1 0 3 0 2 0 0 3 3 0 2 2 3 2 1 0 0 0 2 3 1 3 1 0 4 4 4 1 2 1 1 1 3 1 1 0 3 1 3 4 3 0 1 3 2 4 3 4 4 3 0 1 1 3 3 3 0 2 4 2 1 0 0 4 3 1 2 2 4 2 3 3 3 4 1 2 3 2 4 2 0 1 0 3 4 1 1 1 3 1 1 1 3 1 3 4 0 0 3 4 2 1 4 2 0 3 2 0 0 1 4 2 4 2 2 3 3 4 0 3 2 3 2 2 4 0 1 4 2 4
1 1 0 0 4 2 3 3 4 0 1 1 4 0 3 2 0 1 3 2 1 0 0 3 4 0 3 3 1 2 2 2 4 0 3 0 4 3 3 1 4 4 2 3 4 0 2 1 3 0 4 4 2 4 0 2 1 0 0 3 3 4 2 4 1 0 4 1 1 2 2 0 3 4 0 4 1 3 0 1 0 4 0 3 1 2 2 2 3 4 0 1 0 3 0 2 0 1 0 1 0 4 3 3 3 4 4 1 4 4 2 4 1 4 4 2 2 3 4 0 2 2 3 3 2 0 2 4 1 2 1 1 1 1 1 1 2 0 4 1 1 1 3 4 2 4 3 4 3 0 1 2 2 4 2 1 4 4 0 0 3 1 3 4 0 4 2 2 1 1 4 0 4 4 4 2 0 3 1 3 3 0 3
2 4 2 3 4 2 0 1 2 4 2 4 4 1 1 1 0 0 2 0 4 1 1 3 2 4 2 2 4 2 2 3 1 0 3 2 4 4 1 1 3 3 2 2 4 1 3 1 1 1 1 2 4 3 1 3 4 3 3 4 0 0 4 3 2 3 1 1 2 2 0 0 0 4 2 1 0 2 0 3 0 1 1 0 1 4 3 1 4 1 2 1 4 1 4 1 4 2 0 3 4 2 0 1 1 2 0 4 2 0 2 2 3 0 4 0 1 3 3 0 1 0 1 2 3 1 1 0 3 3 3 0 0 4 3 3 3 0 2 2 2 2 2 1 4 1 3 1 4 1 1 3 3 0 2 1 1 3 3 1 1 4 3 3 0 2 2 0 4 1 3 2 0 0 3 0 3 1 1 3 4 4 3
2 4 0 0 2 4 4 4 2 0 4 1 0 3 0 2 3 3 2 0 4 4 0 4 3 3 2 3 2 1 1 4 1 3 1 3 4 2 4 2 2 4 0 4 2 0 2 2 0 1 4 4 1 4 0 4 4 2 2 1 4 0 2 2 3 4 0 0 1 2 2 1 1 2 2 0 4 1 0 4 3 4 1 4 1 1 0 0 1 4 4 0 1 1 4 1 2 1 1 1 3 0 2 1 4 4 2 3 1 4 0 1 3 3 2 1 4 2 2 0 3 1 2 4 4 3 2 2 0 4 3 3 4 2 0 1 1 4 1 4 3 1 2 3 1 4 0 1 3 4 3 1 2 3 2 1 1 2 0 1 3 3 2 4 0 2 0 4 3 2 0 1 0 3 1 2 4 1 0 3 2 0 1
4 0 1 3 2 3 3 0 1 4 4 0 1 3 3 2 1 0 3 2 2 3 4 4 2 2 4 0 0 2 4 1 2 0 1 1 0 0 4 3 1 3 0 2 2 3 0 3 0 0 3 3 3 4 2 2 1 4 3 3 3 4 2 0 4 3 2 1 0 3 4 3 1 4 1 0 3 3 1 3 0 4 3 3 0 1 0 3 2 0 4 0 4 1 2 0 1 4 1 4 4 0 2 3 2 0 3 0 3 1 0 3 2 4 3 2 2 1 1 1 3 2 1 0 3 3 0 1 0 4 0 4 1 3 2 3 3 3 0 4 1 1 4 4 2 3 1 1 1 4 2 4 1 3 4 1 3 2 3 0 1 0 0 2 0 4 1 4 4 3 0 1 4 4 0 3 2 3 4 0 0 1 0
3 1 1 2 2 3 2 2 1 2 2 1 3 4 4 4 3 2 4 1 4 3 3 2 3 2 4 3 4 0 0 4 4 2 1 1 2 3 3 4 1 3 2 1 2 1 0 2 3 4 1 4 4 4 2 2 3 1 3 4 3 3 4 4 2 0 0 0 4 1 1 2 4 0 3 3 1 0 2 1 4 3 1 0 0 0 3 3 3 3 3 1 1 2 1 1 4 3 1 3 4 4 2 0 4 0 3 2 0 1 0 1 1 1 2 1 1 2 2 1 0 0 3 3 4 1 4 3 1 2 4 1 3 1 1 4 4 2 3 1 0 4 0 1 0 4 0 4 1 2 0 3 2 0 1 3 3 3 1 0 2 2 3 1 1 1 2 0 3 1 3 3 0 3 2 2 2 2 3 0 4 1 0
3 1 2 1 2 2 4 4 4 4 2 2 0 3 0 2 4 3 0 2 3 1 1 0 0 3 1 3 4 2 3 2 0 2 0 2 4 2 1 1 1 3 0 3 4 2 0 3 0 2 2 3 0 4 1 1 2 2 4 2 4 2 1 1 0 2 4 1 4 2 4 2 3 0 0 2 2 2 2 3 4 4 3 0 3 1 3 1 0 2 0 1 1 1 3 3 0 2 0 1 1 1 3 4 1 0 3 1 2 0 1 2 0 4 4 3 3 2 1 3 1 3 0 4 2 3 3 2 2 0 4 0 1 4 0 0 0 3 1 2 4 2 1 1 3 0 1 1 4 3 2 2 3 2 2 0 2 2 3 1 4 4 3 2 3 3 4 3 4 0 1 0 4 4 1 3 2 4 1 3 2 3 1
3 0 0 3 4 4 1 2 0 0 1 2 1 1 2 4 0 4 2 2 4 2 0 2 4 0 3 2 4 4 0 2 4 0 1 1 1 4 0 1 2 1 1 3 3 3 2 0 4 2 3 3 4 3 2 3 0 3 2 0 2 3 2 3 0 0 1 2 0 2 3 4 3 4 2 3 4 1 4 4 3 4 4 2 4 4 2 0 2 0 0 1 0 2 4 0 0 3 2 0 0 3 4 0 4 3 4 4 4 0 0 0 1 4 4 0 3 2 0 2 4 2 3 1 0 0 1 2 3 1 2 0 1 3 0 0 3 4 4 2 1 1 4 2 3 4 3 3 1 0 1 2 3 1 3 0 3 1 2 3 2 1 3 3 1 4 1 4 0 2 3 2 4 3 1 2 2 1 2 0 2 0 4
2 4 2 2 2 3 1 1 3 2 4 3 3 0 4 4 1 2 2 0 3 2 3 2 1 0 4 1 4 2 0 1 1 4 0 3 0 1 1 0 0 3 3 0 3 0 1 1 4 3 3 2 1 2 1 2 4 2 1 3 4 3 1 0 0 3 1 0 1 2 0 1 2 0 3 1 2 4 2 1 4 3 0 0 0 3 0 4 1 3 4 2 1 0 3 1 0 1 3 1 3 0 2 1 3 2 4 0 1 3 4 0 1 1 3 3 2 0 2 3 0 3 0 3 0 0 2 0 1 0 1 2 3 0 0 1 2 1 1 0 4 2 3 3 1 3 1 3 3 1 1 0 4 3 3 2 1 0 2 4 1 1 3 4 1 3 2 1 1 0 3 1 3 1 1 4 4 2 4 4 0 2 4
2 2 3 4 3 3 3 3 1 4 1 2 3 2 4 1 3 0 4 1 0 3 2 1 2 2 0 4 4 4 0 1 1 3 2 0 4 1 0 2 2 3 2 2 2 1 3 3 3 3 4 0 3 4 3 0 3 0 1 4 4 2 3 1 2 0 3 1 3 3 1 1 3 3 3 1 1 4 4 2 4 0 4 2 1 3 4 4 3 1 1 0 3 4 1 2 4 4 1 3 4 2 1 2 0 1 3 3 0 4 2 4 0 2 1 1 0 3 3 0 4 4 0 4 3 3 1 4 2 2 4 1 4 0 1 1 4 4 2 1 1 4 3 3 1 1 4 3 4 4 1 3 0 1 2 0 0 1 0 4 3 4 3 0 2 4 3 1 0 0 4 1 2 2 4 3 4 1 4 3 2 0 4
