5 184 13
910511332 428967393 17002870 154410023 128893698 1060550175 342774122 455477848 470823792 398506426 1178556527 135032083 747747089 452084631 612075800 743484988 1034973696 296274500 902983052 134466686 334136202 1036946809 933956675 231705434 1168762974 829803681 343761865 345846689 320572794 486467741 513214683 1109553251 668672 1131133524 597944548 177535319 1212088228 120283314 831997548 853594321 1040726716 678960235 150037033 1054230639 53810457 381779830 718468909 305097537 1164920509 706639026 1201624603 986563921 697031563 127748400 1101984700 806550192 1148292810 741889526 686779929 319967897 346084109 1212012607 1146102104 725683919 237944970 84703444 238564544 758503489 715958605 1001634407 78397930 972702980 1082259492 1096948809 845279425 51048113 698408743 365204165 683353668 742422908 647538379 509732154 209830431 394010029 662108701 827069079 665407953 820849734 557698689 502803668 602076780 50503318 878677162 443979635 429350035 591537321 736613819 19541805 915636422 1095899686 1044329970 746933947 387600971 477061088 423055806 358465928 550370647 228551918 187807364 247393493 421752445 822609934 1073192711 1167043252 379235887 740297459 586589664 596078664 786018631 420648725 157260394 828307842 655143559 542194019 26641257 1156516306 903972660 1099985926 294208573 655317910 806534657 681725256 198073421 182225576 266633249 853409634 358776288 160121552 353432225 537898816 170351490 901679216 1127038018 770278662 952863953 369179666 519372496 457713418 915720898 351015918 1193752692 12390002 191084300 138014607 996548049 987792362 405912072 173907349 1142513102 1102603516 403129845 354994670 195351585 1140423120 409803583 121617742 321175599 483204073 256573039 479442272 1147599717 492710279 418201699 1095669469 65330765 1200666272 269066958 547261059 731633385 749073257 480190017 458232251 401248430 1036892969
2 1 1 1 2 1 3 0 2 4 2 2 3 2 4 2 1 0 3 3 0 0 2 4 2 3 3 2 3 2 2 0 0 0 3 3 2 1 0 4 0 4 3 0 1 2 4 2 4 3 2 4 0 0 0 2 0 4 4 3 3 3 0 3 3 4 3 0 2 0 1 3 4 4 0 1 3 0 0 3 0 3 4 0 0 0 2 2 1 3 2 4 1 2 4 1 3 3 2 1 3 3 1 0 0 1 1 3 3 3 3 3 1 3 3 3 0 2 0 1 2 2 2 0 2 1 2 0 1 4 3 2 4 4 2 1 3 0 2 1 3 0 2 2 0 2 0 0 2 3 3 4 2 0 0 4 2 4 2 0 0 0 2 4 2 4 3 0 4 0 3 0 2 2 2 3 0 4 3 2 2 4 3 2
4 0 1 3 4 0 4 4 1 3 1 3 0 1 0 4 1 0 4 3 3 3 3 3 3 2 2 2 3 0 4 2 1 3 3 2 3 4 4 4 2 2 4 2 3 4 4 1 0 0 4 0 4 3 3 4 2 0 1 0 2 3 4 0 1 2 3 4 1 4 1 1 1 0 3 4 2 4 0 4 0 1 4 1 1 4 0 3 1 3 0 3 1 0 4 2 4 4 4 3 3 0 4 1 2 4 0 4 4 2 0 1 0 1 2 2 0 4 2 1 2 3 2 4 0 1 3 1 2 2 4 2 4 0 3 2 2 0 3 3 2 1 4 2 2 3 4 3 2 2 1 4 2 3 0 2 1 1 0 3 0 0 0 0 2 0 4 4 0 4 2 2 0 3 2 0 1 3 0 3 2 1 0 4
2 2 3 3 3 4 4 4 4 1 1 3 2 2 3 2 1 0 2 4 4 4 4 2 4 4 1 2 2 3 1 4 0 0 3 4 1 4 0 2 2 3 0 4 0 3 4 1 1 1 2 2 2 1 4 3 0 2 0 3 0 2 4 1 4 4 2 0 3 4 4 1 2 4 2 2 0 1 0 1 4 3 0 3 1 1 2 4 1 2 4 1 1 3 4 2 3 3 4 3 2 3 1 4 3 4 3 3 2 4 1 4 4 1 4 0 4 1 4 0 1 3 4 4 2 0 2 2 4 1 0 3 0 2 3 0 3 3 3 0 2 1 1 3 4 1 4 3 2 0 1 0 4 0 2 3 0 4 0 1 2 2 0 4 4 0 4 4 3 4 0 3 0 3 3 1 4 2 0 2 3 1 4 4
3 1 2 0 2 4 2 2 1 4 1 3 1 3 2 1 4 4 4 2 3 0 3 2 2 0 1 2 3 3 3 1 4 2 2 4 1 1 1 3 0 4 1 3 4 0 4 4 2 1 3 0 1 1 4 0 4 1 3 2 4 3 4 0 1 3 1 2 4 4 2 1 4 0 4 0 1 3 4 3 4 4 0 0 3 4 1 2 2 1 4 3 1 3 1 2 1 2 0 2 2 4 3 3 0 4 3 3 0 0 1 4 1 3 2 4 4 0 1 2 3 1 0 4 1 3 2 0 3 4 2 2 3 3 0 0 4 0 3 4 2 1 1 4 4 3 3 4 0 2 3 3 3 0 4 1 4 1 1 2 2 1 4 3 1 1 3 0 1 2 0 1 0 1 0 0 1 0 1 1 2 4 1 0
4 0 4 0 4 0 2 3 3 3 1 4 4 2 0 3 1 2 4 1 0 1 3 1 1 4 4 4 0 2 1 0 2 0 0 3 3 0 2 1 3 3 1 0 2 3 0 3 0 4 0 0 0 3 3 3 0 4 2 0 1 4 0 0 4 3 1 4 0 3 1 0 3 4 0 1 2 0 4 2 1 1 4 3 2 4 2 2 3 1 2 1 0 0 3 2 3 4 1 0 4 4 0 0 3 3 3 0 3 4 4 2 1 0 2 3 4 1 0 4 3 4 2 3 4 1 2 4 2 1 4 4 0 0 4 1 3 2 3 3 1 0 2 2 0 2 2 2 3 4 1 1 4 4 2 3 2 1 3 4 2 4 3 0 4 4 1 4 1 4 0 0 4 4 2 2 1 2 4 0 1 2 3 0
3 0 4 0 4 4 2 1 3 2 1 0 2 2 1 0 4 3 0 0 3 0 2 4 2 1 4 3 4 3 1 2 0 2 0 4 1 2 3 1 1 4 3 3 4 2 4 0 0 4 0 3 4 3 3 3 1 4 2 2 4 0 2 0 2 2 1 3 1 4 1 4 1 2 3 2 4 4 4 4 0 4 0 2 4 3 0 1 4 4 0 4 4 2 1 1 1 4 1 4 4 0 4 2 2 4 1 3 3 0 2 0 1 4 2 1 2 3 4 2 4 1 3 4 4 4 2 2 3 1 4 4 3 0 3 0 4 4 3 4 1 2 4 3 2 4 1 1 2 0 0 3 1 3 4 2 4 4 2 3 0 3 4 3 3 3 0 4 4 0 0 1 4 4 1 3 3 2 0 2 4 2 3 0
3 2 0 2 1 4 2 1 2 4 1 0 2 3 1 3 3 1 1 3 2 2 3 1 1 0 0 0 3 3 3 3 1 3 2 4 2 0 3 4 1 4 1 3 0 2 3 3 0 0 3 2 4 2 0 1 2 1 1 2 1 4 0 4 4 3 4 3 0 2 4 1 3 0 1 3 4 1 4 1 3 2 4 3 1 4 4 1 0 2 0 4 4 3 3 0 3 2 4 0 1 3 3 0 1 1 3 2 2 4 4 1 4 0 4 0 4 0 3 2 4 4 1 0 4 1 1 2 1 2 2 2 2 0 2 0 1 3 0 0 4 1 1 3 1 2 4 0 2 4 4 4 0 2 4 4 4 2 1 0 4 0 2 2 2 2 2 0 2 2 1 1 3 2 0 1 2 1 2 1 0 3 0 1
1 2 2 0 4 1 2 4 1 1 3 4 3 2 1 2 0 2 4 0 2 1 2 4 2 1 0 4 1 3 2 2 0 0 4 4 1 1 0 4 3 3 0 3 1 2 3 3 4 4 0 3 0 4 2 4 2 0 0 4 3 3 1 0 0 3 1 1 4 2 2 4 2 3 0 0 0 3 0 1 4 1 0 4 2 4 0 0 4 0 1 4 3 2 1 0 2 3 1 4 2 1 0 1 4 0 2 1 0 2 4 4 0 1 0 0 1 0 0 2 1 1 4 1 0 0 2 3 0 0 2 2 1 2 4 2 0 3 0 2 2 0 2 3 1 4 3 4 0 0 4 3 3 3 1 3 0 3 3 1 1 2 0 4 2 4 2 4 4 4 1 2 4 0 0 3 0 0 4 2 2 3 2 0
1 3 0 4 4 1 0 0 3 0 4 2 2 3 1 1 3 3 0 4 0 0 4 2 2 4 4 1 2 1 1 4 2 4 3 1 0 0 1 3 2 2 1 1 3 4 3 3 4 3 2 0 1 2 2 0 3 4 2 0 2 0 1 4 4 1 0 4 1 3 0 1 3 3 2 1 2 2 4 2 3 3 4 1 2 3 1 0 2 0 1 0 1 4 1 2 1 2 4 4 2 4 0 0 4 0 1 3 2 2 0 0 3 1 1 0 0 0 3 2 0 1 4 3 0 1 3 3 0 2 3 2 3 0 0 4 0 1 2 3 1 0 0 4 1 2 1 1 2 1 4 4 2 0 0 0 1 3 3 3 2 3 3 0 4 3 4 1 1 3 4 2 3 2 3 0 4 0 1 3 1 2 2 1
3 4 1 1 2 1 2 4 0 0 1 1 3 2 4 4 1 1 4 4 3 2 4 2 4 3 2 3 0 1 4 3 1 2 2 3 3 4 0 0 4 1 3 4 4 3 3 2 4 4 1 2 2 1 1 1 1 0 4 1 1 0 2 2 2 4 3 3 0 3 0 1 1 4 0 2 2 0 4 3 0 1 2 4 4 0 0 0 0 2 3 1 2 0 4 2 1 4 0 1 2 0 2 0 1 4 3 0 2 2 3 2 0 2 1 1 2 3 1 2 2 0 4 2 2 0 4 4 4 1 2 3 1 2 3 0 1 3 0 3 3 1 2 3 3 0 0 1 1 3 0 3 0 4 0 0 1 4 4 0 0 1 0 4 3 1 1 2 4 1 2 4 2 2 3 3 2 0 1 3 0 1 4 3
3 4 3 4 1 4 2 3 2 2 4 3 0 0 2 2 2 4 1 1 1 1 1 1 3 2 4 1 1 3 1 4 0 1 3 1 0 0 4 4 0 4 4 2 1 1 4 3 3 3 2 4 4 0 0 0 0 2 1 1 2 2 0 4 3 0 0 0 3 2 4 0 1 4 2 4 2 4 0 0 2 2 2 3 4 2 3 4 1 4 0 1 3 2 0 1 0 3 3 3 0 0 0 3 4 2 2 3 3 2 4 0 1 1 4 1 0 4 2 4 4 0 0 4 2 2 3 4 0 1 4 0 1 4 0 2 4 3 1 2 0 2 3 4 3 4 0 0 3 4 4 4 4 1 4 4 4 2 3 1 0 3 4 4 4 4 1 3 2 4 1 0 3 4 4 1 3 1 4 3 0 3 3 2
2 2 1 3 1 1 4 3 1 3 2 1 3 4 4 2 0 0 4 4 4 0 2 4 3 1 3 1 2 1 3 1 0 1 4 3 2 3 1 4 4 4 0 4 0 4 3 0 2 3 1 1 3 4 3 4 2 3 0 1 1 0 2 1 1 1 1 3 2 2 4 3 3 4 2 3 1 0 1 3 0 2 1 1 3 1 0 1 4 2 4 0 2 2 3 3 0 4 3 4 4 3 2 2 4 4 3 0 2 4 0 2 3 2 0 2 3 0 0 0 4 4 2 1 3 1 4 4 2 3 0 3 1 3 1 0 4 4 3 1 0 3 1 3 2 1 2 3 4 2 0 3 4 2 0 4 3 1 3 3 4 4 1 2 4 4 0 3 0 3 0 0 3 3 4 3 1 1 3 2 1 3 3 2
2 0 1 1 1 2 1 3 3 2 0 2 2 0 0 2 0 2 0 1 2 1 4 4 4 4 1 0 2 1 4 1 1 1 2 3 3 0 1 1 3 1 0 2 4 2 1 4 0 3 0 2 4 1 3 4 0 2 1 4 3 1 1 0 2 0 3 2 1 1 0 1 4 0 0 3 2 3 0 4 2 2 4 1 4 2 0 1 1 4 1 0 0 4 2 4 4 2 1 2 3 1 0 4 3 2 3 0 1 0 2 0 2 1 1 1 0 4 3 2 3 1 4 0 0 3 4 1 0 0 1 0 3 3 4 1 1 2 3 2 4 0 2 2 3 0 3 4 1 3 3 1 1 4 1 3 2 2 0 2 2 3 2 2 1 3 3 2 3 4 1 2 4 0 4 3 3 0 4 4 0 4 3 2
3 4 0 0 2 2 4 1 0 3 1 4 1 4 1 4 3 0 2 0 2 3 0 0 3 4 0 4 3 0 1 3 4 3 0 3 1 4 2 3 4 3 2 0 4 1 2 0 1 1 0 3 4 2 4 0 3 1 1 3 1 2 1 2 2 1 3 3 2 0 2 1 0 4 1 4 0 0 4 3 1 1 2 3 0 3 3 3 1 4 1 4 3 2 1 0 0 1 1 2 1 3 3 3 4 2 3 2 2 4 0 4 3 4 2 3 2 2 4 3 1 0 2 1 0 1 1 0 2 4 3 1 2 3 4 4 0 4 1 3 4 1 4 4 1 3 2 0 0 3 1 3 4 0 1 1 1 4 1 1 4 1 2 1 0 3 2 2 3 3 0 2 2 1 3 0 4 2 0 1 1 3 1 2
4 2 3 2 4 1 3 3 3 2 4 0 3 2 4 1 2 0 0 4 3 3 4 0 0 2 3 1 0 0 3 1 4 3 4 3 0 4 1 0 4 3 2 2 2 1 0 1 3 2 1 2 0 2 2 2 1 0 1 2 2 1 0 4 0 1 4 2 1 3 2 2 3 1 1 2 2 3 3 1 0 4 0 2 4 4 4 0 1 2 4 1 1 0 2 1 1 1 0 4 1 2 1 4 0 4 1 2 2 0 0 2 1 2 1 0 1 3 3 0 0 2 1 1 4 3 4 1 1 4 2 3 3 1 2 3 0 1 3 0 1 3 4 4 3 1 0 1 4 3 1 4 2 4 3 2 4 2 0 1 4 2 1 2 3 0 1 4 1 1 1 4 1 0 4 4 1 1 1 0 4 4 2 3
4 0 0 0 4 0 3 3 3 4 1 3 2 4 4 3 2 0 3 3 1 4 3 2 0 1 0 1 0 4 4 1 4 2 2 0 2 0 4 2 2 2 3 4 3 2 4 0 3 4 0 1 3 3 0 3 1 0 4 2 4 1 0 0 3 2 1 2 0 2 2 2 1 0 3 4 4 2 1 4 2 1 0 0 2 1 1 3 3 2 2 0 3 3 2 3 0 0 1 0 2 0 4 3 2 2 4 1 2 0 1 4 4 3 1 1 1 2 4 2 0 2 2 3 0 4 4 2 0 2 0 4 2 1 3 4 4 4 2 1 0 0 2 4 4 3 2 2 1 3 4 3 0 3 3 2 3 2 2 0 4 2 1 1 3 1 2 4 1 2 2 3 2 4 2 3 0 1 1 3 4 2 1 2
1 4 4 1 2 3 3 1 0 4 0 1 1 4 2 4 1 0 2 1 1 1 1 3 2 4 1 1 2 2 0 0 2 0 1 1 0 4 4 1 0 1 4 3 1 1 2 4 3 4 2 0 2 1 3 1 0 2 0 4 4 0 4 3 0 2 1 1 1 1 4 2 2 0 0 0 1 0 0 2 1 4 4 4 0 2 0 3 1 0 4 1 1 4 1 3 1 3 1 0 4 2 4 3 2 1 4 1 1 1 3 3 0 2 4 3 1 4 1 3 0 0 1 3 1 2 1 0 0 0 2 1 2 1 0 2 4 1 3 1 2 3 1 4 2 0 4 0 4 2 3 1 0 1 1 1 1 0 3 3 0 0 0 2 3 2 1 3 0 4 1 2 4 4 3 1 4 3 2 0 0 2 4 0
4 2 4 2 2 2 0 2 0 0 2 0 4 3 0 4 0 3 3 4 2 2 3 3 2 2 1 4 4 2 0 0 4 1 2 2 0 3 4 0 0 3 3 2 4 3 1 1 2 2 0 1 4 0 0 3 2 3 2 4 0 4 4 4 0 4 3 1 4 0 3 4 3 1 1 4 0 0 0 4 2 3 2 3 3 4 3 3 2 0 2 2 0 3 4 0 4 2 3 3 2 2 3 3 3 1 2 0 3 3 1 2 1 4 2 4 3 0 4 3 3 1 2 3 2 1 0 1 1 1 0 0 3 0 3 3 3 1 1 4 4 2 3 2 3 1 3 4 3 3 2 1 1 4 1 0 3 4 2 1 0 4 1 0 1 0 3 4 3 1 0 4 1 4 1 4 0 4 0 3 4 2 2 3
4 3 3 4 2 0 0 2 4 1 2 0 3 3 2 1 4 2 0 0 1 3 2 3 3 2 4 4 2 1 2 3 4 1 2 4 3 4 3 0 0 1 2 1 1 4 2 2 4 3 3 2 3 2 1 1 4 0 3 3 3 0 1 4 3 0 3 2 4 2 2 2 0 4 3 3 1 0 0 0 0 0 2 4 2 0 2 2 2 2 2 0 3 4 2 3 4 0 2 4 4 4 3 1 1 1 4 4 3 0 4 4 0 3 0 3 1 4 2 3 2 1 1 2 0 3 2 2 0 0 3 0 1 1 1 2 2 3 3 0 3 2 1 0 3 3 0 1 0 4 4 2 1 2 1 1 2 3 3 0 3 1 0 2 4 3 1 1 1 0 4 1 2 2 2 2 1 4 3 1 4 0 0 0
4 3 1 2 1 2 2 2 0 4 4 0 4 0 3 3 0 2 1 0 0 0 4 3 0 0 1 4 0 1 4 4 1 2 3 2 4 2 1 2 3 2 2 0 0 0 0 2 0 1 4 2 2 4 0 2 4 3 1 1 1 0 2 2 2 3 1 4 2 3 1 1 2 0 3 4 2 3 2 2 4 1 1 1 2 3 0 3 1 1 4 2 3 2 4 3 2 1 4 4 1 0 2 0 2 0 0 4 3 2 4 0 0 2 3 0 1 4 3 2 2 0 2 1 4 1 1 1 4 0 0 2 2 3 3 4 0 0 3 4 2 4 1 4 2 4 1 3 0 0 2 3 0 4 4 1 3 0 2 4 2 2 2 4 2 2 3 3 2 3 4 1 3 0 2 2 1 4 2 2 1 1 0 3
1 1 4 1 3 1 0 0 0 4 4 3 1 2 1 0 0 0 1 0 0 1 4 3 0 3 0 1 0 2 4 3 3 0 4 1 1 1 1 1 1 0 4 4 2 2 2 0 2 3 2 4 4 4 3 1 2 0 4 2 3 0 0 1 0 1 3 1 3 1 0 1 2 1 2 1 4 4 3 3 0 3 3 1 2 3 3 4 3 2 2 1 0 4 0 0 3 0 4 3 1 4 4 3 0 3 2 1 0 0 0 0 3 0 3 2 3 1 2 3 1 1 2 1 2 2 3 0 2 2 3 3 1 4 4 4 0 3 2 0 0 2 2 1 2 0 3 2 4 2 1 2 3 3 0 3 0 3 3 4 1 4 4 4 0 0 3 0 3 3 0 1 0 2 2 0 3 2 2 4 0 0 1 0
3 1 3 0 4 4 1 2 3 1 2 3 3 2 1 4 0 1 0 3 1 4 3 1 1 2 0 3 0 3 4 3 4 4 1 0 3 4 0 3 2 2 2 1 1 0 2 4 3 2 2 4 3 2 2 1 1 4 0 1 2 1 2 3 0 0 1 1 4 1 4 2 0 3 0 3 3 2 2 2 1 1 3 1 0 3 2 2 2 4 0 2 2 4 2 3 4 0 4 1 1 0 0 3 4 0 2 2 4 1 1 0 3 0 1 0 3 0 2 2 2 0 1 4 4 1 2 1 1 3 2 0 4 4 3 3 1 2 2 0 1 4 2 1 1 0 1 1 0 4 3 2 1 2 2 0 3 1 3 4 2 2 1 1 1 2 1 2 1 0 4 2 4 1 3 2 1 0 3 4 1 4 1 2
1 0 4 1 4 0 2 1 2 4 4 1 3 2 3 4 2 0 2 4 1 0 1 3 2 2 2 0 1 0 2 4 3 4 2 2 4 4 0 3 0 4 4 3 3 0 3 0 0 2 1 1 4 3 1 2 2 0 2 3 3 2 4 1 3 1 0 4 2 0 2 3 1 4 3 4 1 3 1 1 0 3 4 2 3 3 1 0 3 3 0 3 2 1 1 2 2 1 1 1 3 1 1 1 2 0 0 3 0 4 1 3 2 0 0 2 0 1 2 4 1 4 4 1 0 1 3 4 2 2 0 3 0 2 4 2 2 2 2 4 1 3 2 0 0 2 2 1 3 4 2 0 0 1 1 0 2 1 4 2 3 4 0 0 1 1 4 0 3 1 0 1 1 4 1 4 2 3 2 0 4 4 2 4
2 0 4 0 2 0 4 2 0 4 3 3 2 4 1 1 3 3 2 4 2 1 0 4 4 2 2 1 1 1 0 4 2 2 1 1 4 0 3 4 1 3 0 3 3 3 4 1 1 4 2 0 0 3 2 1 0 1 2 4 2 0 0 4 4 1 0 3 3 1 0 4 4 0 2 4 0 4 0 1 0 3 3 2 3 0 3 0 1 3 1 1 0 1 2 4 4 3 2 4 1 2 3 0 4 3 0 4 4 2 2 4 2 1 1 0 3 1 3 0 1 4 3 1 3 0 0 2 0 3 4 1 2 2 2 2 2 4 1 1 3 4 2 1 2 0 3 0 4 1 2 0 3 0 4 1 1 4 0 1 4 4 3 2 4 2 1 3 3 2 0 1 3 4 2 0 0 3 1 4 4 3 1 4
4 0 0 0 2 3 3 1 2 1 0 3 0 1 2 3 1 4 2 4 3 4 0 0 4 1 1 4 1 3 3 0 0 1 2 2 4 3 1 3 4 3 4 2 0 1 2 1 0 4 2 0 1 2 1 0 0 2 1 2 2 2 2 0 3 2 2 4 0 0 4 1 4 3 3 1 1 3 4 3 2 1 1 3 4 2 1 4 1 2 1 1 4 1 1 4 0 0 0 2 1 0 3 2 0 4 3 4 4 4 2 1 0 3 2 4 2 3 1 1 0 4 2 2 2 3 1 4 0 4 1 1 4 2 0 1 3 0 0 2 4 0 0 0 0 2 1 3 0 4 1 3 4 3 0 3 3 3 3 3 4 1 2 0 3 2 2 3 0 4 0 4 4 1 4 2 0 3 2 1 2 3 1 3
1 3 2 1 3 2 4 3 0 3 3 4 3 2 4 3 2 2 2 3 0 4 0 0 2 2 3 1 2 4 0 3 4 4 1 3 3 3 1 3 1 4 4 1 2 4 4 1 1 4 4 1 0 2 3 4 1 2 0 4 1 2 4 1 1 1 1 4 4 2 3 2 3 2 4 2 3 0 0 1 1 2 2 3 4 1 2 2 0 3 1 3 0 3 1 4 4 2 3 0 1 3 2 2 3 3 1 1 1 2 0 4 4 2 3 0 0 0 2 2 3 1 1 1 4 2 0 3 2 0 0 3 1 2 0 4 3 2 2 4 1 2 3 0 2 3 0 4 4 4 2 4 0 3 0 4 2 2 4 4 3 4 3 1 4 0 0 2 4 4 3 0 4 3 0 1 2 2 2 3 2 4 2 4
4 3 4 2 2 3 1 2 0 1 3 4 2 0 3 3 0 3 4 1 1 1 4 0 4 1 3 3 3 1 2 2 1 3 1 0 4 3 3 4 1 1 0 0 4 3 4 1 1 3 2 4 4 3 0 0 4 0 3 4 1 3 2 4 3 3 0 2 3 0 3 2 3 3 2 2 1 3 3 2 1 2 2 3 0 4 3 2 4 4 1 3 4 0 4 2 1 1 2 4 1 0 3 0 4 3 4 0 1 0 0 3 2 4 3 0 3 3 2 4 4 0 4 3 1 4 3 2 0 0 3 2 2 2 4 1 0 3 4 3 3 1 3 3 0 1 0 0 0 4 1 4 4 1 0 2 0 0 4 0 0 0 4 2 2 3 1 4 4 0 2 4 3 3 4 3 4 4 0 1 3 1 3 0
2 3 2 2 3 2 0 0 4 1 4 1 0 2 2 1 4 1 0 2 4 2 0 1 1 0 2 2 4 2 2 1 0 1 1 0 0 3 2 4 4 4 2 1 1 4 2 1 3 0 3 4 4 4 0 0 1 0 4 2 2 3 4 0 0 2 2 0 0 0 2 1 4 4 3 0 1 2 1 4 4 0 0 3 1 1 4 4 3 0 4 0 4 0 0 1 2 3 3 4 0 0 0 1 0 0 1 3 3 0 2 2 2 4 3 0 2 4 1 0 4 0 1 0 0 3 1 2 3 0 3 0 2 1 1 2 1 3 2 1 0 1 1 2 1 4 2 3 3 0 4 2 1 2 0 1 2 1 1 1 3 1 3 1 2 0 0 1 0 3 2 0 4 0 4 0 4 3 1 4 3 0 4 4
4 4 3 1 0 4 4 1 0 3 4 0 3 4 1 0 4 0 0 4 1 1 1 2 4 2 2 2 4 1 4 3 0 2 0 2 3 4 0 0 4 4 0 4 4 3 4 0 4 1 4 2 2 3 4 3 2 3 1 2 4 2 2 1 1 2 1 4 4 1 1 3 1 4 3 2 2 4 2 3 1 4 2 3 4 4 4 1 2 0 0 4 4 3 2 0 0 3 1 1 2 4 0 0 3 0 4 3 4 3 3 0 2 1 1 1 0 0 0 4 2 0 3 1 3 3 3 1 3 1 2 2 0 2 2 1 2 3 4 4 2 4 4 1 0 2 0 2 2 0 4 1 0 4 4 1 2 2 2 1 0 4 3 1 4 3 4 3 1 3 2 3 2 2 2 0 1 2 4 4 2 3 2 4
3 2 0 2 1 4 3 2 4 4 0 3 2 4 1 0 4 1 1 3 3 3 0 1 0 0 2 4 0 0 3 0 2 1 3 0 2 1 2 1 2 4 1 1 0 0 2 1 1 3 0 1 3 2 2 3 4 0 2 0 2 2 0 1 0 3 1 3 2 1 1 1 0 0 3 3 0 2 4 1 0 1 4 0 4 1 3 3 3 2 0 0 1 1 1 4 1 0 2 0 1 0 2 3 0 0 1 0 2 1 3 4 4 2 4 3 1 4 4 1 3 4 2 1 2 0 0 4 2 4 1 3 0 3 4 2 0 0 0 4 3 0 0 3 3 1 3 1 2 2 2 0 4 1 4 1 4 4 2 1 1 4 2 3 4 1 0 2 3 0 1 2 1 2 2 1 0 0 4 3 0 1 0 4
0 4 0 1 1 0 2 2 4 1 0 3 2 0 2 1 3 4 0 1 3 2 4 3 4 3 3 1 1 4 0 1 0 3 2 1 3 2 0 4 0 0 4 3 3 2 1 3 1 3 4 1 0 3 1 1 1 0 3 4 1 3 1 1 3 0 0 1 4 0 2 0 3 2 0 1 4 3 1 2 1 0 3 1 0 4 4 3 4 2 2 0 3 0 4 3 1 4 0 2 1 2 2 4 1 4 2 0 2 3 2 3 3 0 1 0 2 1 3 1 0 3 4 3 3 3 2 1 4 4 4 0 3 3 2 0 3 4 2 0 3 0 1 3 2 2 4 4 3 4 3 1 2 2 4 1 2 3 2 1 4 3 3 3 2 0 0 0 0 2 2 0 4 3 3 4 3 2 3 1 2 1 4 4
0 4 2 2 4 2 0 4 0 1 4 2 1 1 4 3 0 4 3 2 4 2 1 2 1 4 1 3 3 0 0 3 1 2 3 1 4 3 2 2 1 3 1 3 1 1 3 1 2 4 0 1 3 1 4 4 3 0 3 1 0 0 1 2 2 4 0 4 0 4 3 1 4 4 1 0 2 2 3 4 1 4 1 4 0 2 3 3 2 3 1 4 3 0 3 3 4 0 4 1 4 2 0 3 3 1 3 1 0 4 0 1 3 3 2 0 2 3 1 1 1 4 1 2 4 1 2 4 2 1 2 1 0 2 2 3 1 0 1 1 1 4 0 4 4 2 2 2 2 3 3 4 2 1 3 2 3 0 3 0 3 0 3 0 0 0 0 3 3 2 4 4 1 1 1 0 1 3 2 3 3 3 4 2
4 4 4 2 4 4 4 4 2 3 1 2 0 2 2 3 4 3 0 2 0 1 2 3 1 2 1 1 0 3 3 4 2 3 4 4 4 3 3 1 3 0 0 4 4 2 4 3 1 1 0 3 4 4 1 0 1 4 1 3 2 2 0 2 2 4 1 1 4 1 0 3 3 0 4 2 0 0 2 3 2 2 1 1 4 4 4 2 3 2 1 3 4 1 2 1 2 3 3 3 1 3 3 0 0 2 2 2 3 0 2 2 4 3 3 0 4 2 3 0 0 1 3 4 4 0 1 1 0 1 1 1 1 0 1 3 2 1 1 2 3 3 4 4 4 0 0 0 4 0 0 4 1 0 1 0 2 4 3 2 0 4 1 3 1 4 1 4 0 4 3 0 3 0 0 4 0 2 1 4 2 2 1 0
2 2 2 2 3 0 1 0 1 2 3 3 4 4 4 1 4 4 2 4 4 4 0 4 1 1 1 3 3 4 3 3 3 0 0 1 2 3 1 0 3 4 0 2 3 1 3 4 1 2 3 0 1 3 2 2 0 0 2 0 4 2 3 2 4 0 0 3 1 1 4 4 0 1 1 0 3 1 0 1 4 0 3 0 4 0 0 1 2 2 1 1 2 2 0 1 4 0 0 2 3 1 1 0 4 4 1 4 1 3 0 0 0 4 2 4 1 2 2 1 2 1 2 1 0 0 2 4 2 4 2 1 2 0 1 2 0 4 3 1 4 4 3 0 0 0 1 3 0 4 4 4 0 4 0 2 4 4 1 3 1 0 4 3 1 3 2 3 2 1 4 4 2 4 4 2 1 2 2 3 1 2 2 3
1 4 0 2 1 4 0 4 1 2 2 4 0 2 2 4 0 3 0 2 2 1 1 1 4 3 4 2 2 4 1 0 0 3 4 1 4 2 0 1 4 0 0 1 4 0 2 4 3 0 3 3 1 4 1 0 4 0 3 4 1 1 4 2 4 1 0 1 3 1 2 4 3 4 2 4 1 1 3 0 1 1 0 3 2 3 3 1 3 3 2 2 4 2 4 4 3 4 2 3 2 4 2 2 0 1 1 2 2 4 4 4 2 1 4 4 4 2 3 4 3 0 1 2 4 0 3 4 2 0 2 4 4 1 2 2 2 0 4 2 0 3 3 4 4 2 4 0 1 4 4 4 1 1 2 1 3 0 0 0 3 0 2 4 3 4 1 3 4 0 0 1 0 3 1 1 2 2 1 3 3 1 3 4
4 2 2 2 4 0 3 2 0 0 2 0 1 0 3 2 3 3 1 3 3 2 2 0 1 3 4 1 1 4 0 0 3 0 3 2 0 3 2 2 3 1 2 4 1 1 3 1 1 4 2 0 3 4 0 1 4 1 2 1 2 0 3 0 0 3 3 2 1 2 4 4 0 3 0 1 4 4 0 3 0 2 3 4 1 0 0 2 4 3 0 1 0 4 2 2 2 2 4 1 4 3 2 4 3 3 2 3 4 4 3 1 1 3 0 4 3 3 2 2 1 2 1 3 3 3 0 3 0 4 4 1 4 1 2 2 1 1 2 2 1 0 4 4 0 4 4 4 2 3 3 0 0 4 0 1 2 0 4 4 1 0 2 2 1 1 2 0 3 4 2 1 2 3 0 2 0 4 3 2 2 2 0 0
3 2 1 3 3 2 4 1 2 2 4 0 3 1 0 3 2 0 4 1 3 2 4 3 1 4 3 1 3 3 3 2 2 1 2 0 0 1 4 2 3 3 2 4 1 0 2 3 0 4 0 3 1 1 2 4 0 0 2 4 0 2 3 2 3 0 0 3 1 1 2 2 4 2 3 0 2 2 0 2 1 0 2 4 1 1 1 4 1 3 0 3 1 3 3 1 0 0 0 3 1 4 0 2 1 0 2 3 3 4 2 1 0 0 3 3 1 4 2 0 4 2 0 2 2 3 4 2 3 1 1 1 0 3 3 2 4 2 2 4 2 0 0 2 2 3 2 0 4 0 0 4 4 1 1 2 1 2 1 2 3 2 3 1 1 2 0 2 4 2 1 1 4 1 0 1 2 3 2 3 0 4 2 1
2 1 3 4 3 2 1 4 4 1 2 2 3 2 1 0 4 2 3 1 1 1 2 0 4 1 3 1 1 3 2 3 4 3 4 4 0 2 0 1 4 2 1 4 1 2 4 1 0 0 2 3 1 1 3 2 3 1 3 1 1 2 1 0 0 3 2 0 0 4 4 4 2 0 4 3 2 0 1 4 0 0 2 1 4 0 3 2 4 3 0 0 1 3 3 1 1 2 4 2 1 3 3 0 0 2 1 2 3 4 2 0 0 1 2 4 2 2 3 3 1 0 0 4 3 0 0 0 2 1 4 1 1 2 3 1 0 4 4 0 1 3 2 3 4 4 4 3 4 2 3 2 4 4 1 2 1 3 4 1 2 3 2 3 1 0 0 3 2 1 3 3 1 0 1 0 2 0 1 3 4 4 0 0
3 3 2 2 1 4 3 3 2 0 4 3 2 1 3 1 4 1 4 0 4 2 0 3 4 1 3 0 3 3 0 1 3 0 0 4 4 3 0 3 3 1 4 3 2 2 4 1 1 1 3 2 3 3 0 0 2 3 0 0 3 3 3 1 3 4 2 4 2 4 2 3 2 1 1 4 4 0 2 2 1 0 4 2 1 1 2 0 4 4 2 4 2 0 0 2 1 4 1 1 1 4 1 3 2 2 3 3 4 2 0 3 0 4 2 1 0 1 3 1 0 0 0 0 2 2 2 1 4 1 2 0 2 0 3 4 2 3 3 3 3 0 3 3 0 0 1 2 1 4 4 4 1 1 4 0 1 3 1 2 4 0 2 1 0 2 3 4 3 1 3 1 1 3 1 3 4 4 3 2 0 4 3 1
2 2 1 3 3 0 0 2 0 4 1 1 4 4 0 2 2 0 0 0 1 1 1 0 0 4 4 0 3 3 3 0 2 1 1 0 1 3 0 2 3 3 0 2 2 2 1 1 0 1 3 1 2 4 3 4 3 4 1 3 2 1 1 2 2 4 2 4 2 4 3 2 2 0 1 1 2 2 4 2 3 3 0 2 2 3 1 3 0 4 3 2 0 1 4 3 0 4 4 3 0 4 2 0 4 4 1 1 1 3 1 2 1 3 1 0 4 0 0 4 4 4 3 0 0 3 0 1 4 1 1 4 0 3 4 4 2 3 2 1 3 0 0 4 1 1 1 0 1 2 4 1 1 2 3 3 2 0 1 3 1 2 0 1 3 1 2 0 4 1 3 2 4 3 3 0 2 0 0 3 4 1 1 0
0 4 0 0 1 2 3 2 1 3 0 4 0 4 0 1 1 0 1 2 1 1 2 3 1 4 3 2 0 0 2 0 1 0 0 3 2 1 2 3 4 3 3 1 4 0 0 2 2 1 4 3 2 1 3 1 0 2 3 2 2 3 0 0 3 2 3 2 3 3 2 0 3 2 1 2 2 1 0 0 4 4 0 4 3 4 0 3 1 0 1 0 0 1 0 0 3 1 4 4 4 2 4 2 4 2 1 4 1 1 4 0 3 1 4 1 2 1 1 0 4 2 0 1 0 3 2 1 1 1 0 0 3 1 4 0 3 0 4 4 4 0 2 2 1 1 3 1 0 4 1 1 4 4 2 1 2 4 2 0 3 4 0 3 0 1 3 1 1 2 0 0 2 4 4 1 3 4 2 3 1 0 1 2
4 3 3 3 0 3 3 3 2 0 1 0 1 2 3 0 4 0 0 4 0 2 2 3 1 4 3 2 1 4 4 1 2 0 4 2 3 0 0 2 0 4 4 2 1 2 2 2 3 4 1 3 1 3 3 0 4 1 4 1 0 1 4 2 1 0 0 1 0 2 0 1 3 0 0 4 4 4 2 2 3 0 2 2 4 0 4 0 1 3 3 1 1 4 1 4 0 3 0 2 0 1 0 4 3 0 0 2 4 2 2 0 3 1 4 4 2 0 1 0 0 2 4 2 1 0 1 1 3 2 4 3 0 4 4 0 2 0 2 3 4 1 0 4 3 1 0 0 1 2 0 2 4 1 1 2 1 2 4 4 1 0 0 3 1 1 3 0 1 1 4 3 2 4 2 0 3 0 2 4 2 0 3 3
1 4 0 0 4 1 4 2 3 1 1 2 3 4 2 1 2 1 4 2 3 4 4 1 4 4 2 3 4 3 1 2 2 3 2 3 2 4 1 2 0 2 4 3 3 2 0 1 0 1 0 3 0 4 1 1 3 4 4 4 4 2 4 1 3 1 2 2 0 3 4 3 0 4 1 0 1 3 1 1 0 3 2 2 3 3 4 3 4 0 0 3 0 4 2 3 2 4 0 0 4 1 3 1 0 4 1 3 0 0 2 0 3 4 4 3 4 0 2 1 1 4 1 3 3 0 1 0 1 3 0 0 4 3 1 2 0 0 2 2 0 4 2 3 0 3 4 0 4 1 3 2 0 4 0 0 0 3 0 1 3 3 2 4 3 0 1 0 0 4 2 0 0 1 1 1 0 0 1 4 3 4 1 0
0 3 0 0 1 2 4 4 2 3 3 1 3 2 1 1 1 1 3 1 2 4 4 2 1 0 3 1 1 1 3 4 4 0 4 2 3 0 1 2 3 2 0 2 4 2 3 2 0 1 3 2 3 0 2 1 2 0 3 4 4 3 3 3 4 4 1 4 0 4 1 3 1 2 2 0 1 2 2 1 1 3 3 1 3 2 2 0 3 2 1 2 1 1 2 2 3 0 1 0 0 4 0 3 1 3 1 4 2 3 0 3 3 1 1 3 3 1 1 3 3 4 2 1 3 0 0 1 0 1 3 2 1 3 1 4 3 2 4 1 2 1 1 3 4 3 1 3 1 4 3 4 4 1 3 4 1 3 2 3 2 0 1 0 0 4 4 4 3 3 2 2 2 3 0 1 3 4 1 4 3 0 1 4
1 1 0 4 1 2 4 0 4 2 0 0 1 0 4 1 0 1 4 2 1 4 1 2 0 2 3 1 4 1 2 2 4 3 1 1 2 3 1 2 0 2 2 2 4 3 3 1 4 4 1 2 4 2 1 4 4 0 2 4 3 0 1 3 3 0 1 0 3 4 2 3 3 1 2 2 4 3 4 0 2 0 3 3 4 4 0 3 1 2 4 0 2 3 0 0 0 1 3 3 0 2 3 4 4 3 3 3 3 4 4 0 4 4 1 3 0 1 4 4 3 0 1 1 3 1 3 0 4 3 0 4 1 4 0 2 4 1 2 2 0 3 4 2 2 0 2 0 1 1 4 0 4 0 3 4 3 3 0 2 2 0 3 0 1 4 4 0 0 1 4 2 2 4 4 1 4 2 1 1 0 2 3 4
2 3 1 0 1 1 4 0 1 3 2 0 4 1 0 1 0 0 3 4 4 3 0 0 2 4 1 4 1 1 1 4 4 2 1 3 3 1 3 1 1 3 1 0 4 4 1 1 4 4 0 0 4 3 2 1 2 1 1 3 2 4 4 2 1 3 2 1 1 0 2 2 3 1 2 0 0 3 3 1 2 1 3 4 4 0 0 3 1 3 1 4 2 3 3 0 1 0 1 2 2 1 1 3 2 3 0 2 1 3 3 0 1 1 1 0 3 2 0 0 2 2 1 2 2 1 4 3 3 1 2 0 4 3 0 1 3 0 3 1 1 3 3 2 1 0 0 4 4 0 4 3 4 2 2 1 3 2 1 1 0 0 4 4 0 4 0 3 2 0 1 3 3 0 0 4 0 0 0 1 3 0 4 2
2 2 1 3 4 2 4 4 0 0 3 0 2 0 1 4 0 2 2 3 2 4 4 4 2 4 0 0 1 0 4 1 2 0 4 3 0 0 2 0 1 2 2 0 2 3 4 4 1 3 2 0 4 3 0 1 4 2 3 1 2 3 2 1 3 3 4 0 3 3 0 1 2 0 3 1 3 4 0 1 2 4 4 4 2 1 0 2 3 4 0 3 4 4 4 4 2 1 0 2 1 2 1 4 2 1 0 1 1 3 4 3 2 3 2 0 4 0 4 0 1 1 3 0 0 4 4 4 2 1 3 4 4 1 0 1 3 2 4 4 0 1 4 0 4 4 0 1 1 1 1 2 2 1 4 4 0 0 3 0 2 3 1 3 0 1 1 0 0 1 4 3 2 0 3 3 4 0 4 0 1 2 4 0
3 3 4 1 1 4 1 0 4 2 3 4 0 4 1 2 0 0 0 4 1 0 3 2 0 4 3 3 2 2 3 2 3 4 0 4 0 1 4 0 0 4 1 0 3 3 0 1 3 2 2 1 3 0 4 0 2 4 4 1 3 4 0 1 1 1 2 1 2 3 1 3 2 0 0 3 3 2 1 1 0 3 0 3 1 1 0 3 0 4 1 3 1 1 2 4 2 1 0 0 0 4 0 4 4 2 4 2 0 0 0 2 4 2 2 0 3 2 0 3 4 1 4 0 2 1 1 0 2 1 2 4 2 2 1 3 1 0 0 3 1 3 0 0 0 2 0 4 2 0 4 1 1 3 3 0 4 4 0 4 2 2 3 0 1 4 3 3 0 1 3 3 1 4 3 1 3 0 2 0 2 4 3 0
2 1 0 4 0 1 3 3 0 3 3 2 0 3 2 2 1 0 0 2 1 0 1 2 0 0 4 4 4 3 4 2 4 4 3 0 2 1 0 3 1 0 2 3 0 4 0 2 4 2 4 3 2 2 0 4 3 4 3 2 2 2 1 2 4 4 4 1 2 1 1 4 1 3 2 1 2 0 0 4 2 0 2 2 4 4 1 2 3 0 2 3 4 3 2 3 0 1 2 2 4 3 3 2 4 3 0 3 3 1 4 2 3 1 4 2 2 1 2 1 3 4 4 2 2 1 3 4 4 0 2 0 0 2 2 1 0 2 0 0 0 4 3 3 3 4 3 0 2 0 3 0 1 4 0 0 2 3 0 1 0 2 3 2 1 0 4 2 0 1 4 0 2 2 1 2 4 1 0 1 1 3 2 2
0 2 2 2 2 4 1 2 3 4 4 0 0 0 4 0 1 3 2 4 3 3 1 2 4 1 3 2 2 0 1 2 4 1 4 1 0 2 0 4 2 0 1 4 0 0 4 4 3 3 3 1 4 1 3 3 0 4 3 2 1 4 1 1 2 2 4 3 0 0 4 4 2 0 3 4 2 2 3 0 2 3 4 1 2 2 2 2 3 0 1 0 1 4 3 4 1 2 4 3 4 0 2 3 0 0 3 2 4 3 4 2 4 3 0 1 3 2 3 1 2 1 1 1 0 1 0 3 4 1 2 0 1 1 4 3 4 2 2 3 2 1 2 1 2 3 2 0 0 2 3 0 0 2 1 0 3 3 1 2 1 3 3 2 1 4 0 0 1 4 4 3 0 3 0 2 3 4 4 1 2 3 1 2
2 4 0 0 4 1 0 0 1 0 4 4 4 4 0 2 0 1 0 0 4 2 0 0 4 1 1 3 1 4 2 3 0 2 4 4 0 1 1 3 1 0 3 0 1 3 2 1 1 4 3 2 4 0 2 3 2 3 1 3 2 3 4 2 3 0 3 3 1 4 4 2 4 2 4 2 0 3 3 3 2 2 0 3 2 3 1 1 1 4 2 1 0 1 0 0 3 4 0 4 0 4 3 2 1 2 4 3 0 0 1 4 4 4 3 3 2 1 0 0 3 2 3 3 0 4 0 3 0 0 4 0 0 2 2 3 4 2 4 4 2 2 3 1 1 3 1 3 0 1 1 3 0 4 3 2 3 3 0 3 0 1 1 2 3 3 1 2 2 2 3 4 4 4 2 1 2 4 1 4 2 2 2 3
2 2 2 2 0 0 3 3 1 4 0 0 2 3 2 0 0 3 1 0 4 1 1 1 2 2 3 4 2 0 4 1 0 2 3 0 2 3 0 0 2 1 0 2 4 0 4 0 3 2 2 2 0 3 0 2 2 3 4 1 1 0 2 1 2 1 3 1 1 4 2 1 0 4 0 1 4 1 1 2 3 3 1 4 3 4 3 3 2 2 4 3 3 2 1 2 0 0 1 3 4 0 4 1 4 4 2 4 0 1 3 1 1 2 2 2 1 0 0 3 0 1 4 0 0 0 4 2 0 0 1 1 2 0 2 2 2 2 3 4 3 3 0 1 0 2 3 3 0 0 2 0 2 3 2 2 0 1 2 3 4 3 4 1 0 4 0 2 1 0 2 1 4 2 2 1 2 3 0 2 3 4 4 2
2 1 0 4 2 2 2 3 2 2 0 2 3 2 0 1 3 4 2 4 3 1 2 0 1 2 4 0 3 3 2 0 1 4 2 1 3 4 4 0 3 1 0 1 4 0 2 4 1 1 0 4 0 2 2 1 0 3 3 3 2 1 1 0 0 3 1 1 4 3 1 3 4 1 4 0 3 4 4 1 2 1 3 2 4 0 1 1 0 4 1 2 0 4 0 3 4 1 4 4 4 2 2 1 1 3 1 1 4 3 3 2 4 3 4 0 0 0 1 0 2 0 0 2 4 0 2 1 3 3 0 0 1 4 1 4 4 2 0 4 2 0 1 4 0 2 4 0 0 3 1 2 3 1 1 4 3 4 2 1 2 4 1 0 3 2 4 0 2 2 4 4 4 2 0 0 1 0 2 1 3 3 0 3
1 4 4 4 0 2 1 2 1 4 0 2 2 1 2 1 0 3 2 2 2 3 2 3 3 4 2 3 0 4 3 1 3 2 1 3 1 4 3 3 3 0 2 2 1 1 3 4 4 3 1 3 1 0 3 1 4 0 4 1 2 4 3 2 3 1 1 0 0 1 0 3 1 2 3 4 0 1 3 4 4 4 4 2 4 2 3 1 0 4 2 2 3 2 1 2 3 2 4 3 0 1 4 1 0 2 1 0 0 1 1 2 3 0 4 2 2 0 0 4 4 3 3 0 2 0 2 1 4 3 1 0 4 2 1 4 1 4 4 4 3 0 1 1 2 2 0 1 4 1 1 4 1 1 4 3 1 3 1 1 3 3 3 2 2 4 3 4 1 4 3 4 4 1 2 1 0 2 2 0 3 0 1 1
2 2 2 3 0 3 1 3 3 4 2 1 1 2 0 4 1 0 0 0 3 2 3 3 1 2 0 2 0 1 3 2 3 0 2 0 4 1 0 4 2 2 0 3 1 2 4 2 2 4 4 2 3 2 1 0 2 3 2 2 0 0 1 0 3 3 1 4 1 3 3 4 3 4 4 4 3 4 2 1 3 1 3 2 1 1 4 3 2 1 2 2 3 3 4 1 3 2 2 0 1 1 1 4 2 0 3 0 4 2 3 0 4 4 2 0 2 1 0 4 4 2 3 2 2 3 1 0 2 3 2 3 4 3 4 3 4 0 1 0 2 4 0 3 3 4 0 3 2 0 2 1 4 3 1 3 1 2 4 0 2 3 4 2 2 0 2 3 0 3 0 0 3 1 0 3 2 1 3 2 3 1 0 0
4 1 3 2 0 4 2 3 3 3 2 2 4 4 2 1 3 2 3 3 0 4 3 0 0 2 2 0 0 2 0 1 4 4 3 4 3 2 2 3 3 1 0 4 1 4 0 1 2 1 1 4 0 1 4 2 0 1 2 0 4 3 1 0 4 1 1 4 1 1 3 4 2 0 3 3 2 0 1 1 1 2 0 1 1 2 3 1 3 3 4 4 3 2 4 2 4 1 3 2 2 3 1 4 1 4 0 3 1 3 4 3 3 1 1 4 3 0 0 2 0 4 3 3 4 3 2 3 1 0 0 0 4 3 1 2 4 3 0 0 2 4 0 0 0 2 4 1 4 1 3 4 3 3 2 2 1 1 2 4 1 4 1 2 4 3 4 3 3 1 0 0 2 1 0 0 3 1 1 2 0 1 1 0
4 0 4 3 1 1 4 4 2 1 4 1 1 0 4 4 2 4 0 1 2 2 1 0 1 4 4 1 0 0 1 0 2 0 0 0 3 4 2 0 0 1 1 1 1 2 1 0 3 3 2 1 0 0 1 1 0 1 4 0 3 0 2 3 2 2 3 2 2 0 4 2 3 0 1 0 4 2 2 3 0 4 4 2 0 2 4 0 0 3 2 4 1 0 4 0 2 4 0 4 2 4 4 0 0 0 2 1 2 0 4 4 1 3 1 1 3 2 3 3 3 1 4 4 1 3 1 0 3 1 2 0 1 1 2 3 1 0 4 0 0 1 1 1 1 2 0 4 2 0 3 0 1 2 1 4 3 4 0 1 1 4 3 4 0 0 4 1 2 0 3 4 1 4 1 3 3 3 2 0 3 0 0 2
0 3 1 3 3 3 1 1 2 4 0 4 1 1 2 4 1 0 3 3 1 1 1 0 1 3 0 0 1 3 4 3 3 0 3 1 1 4 2 0 0 4 0 1 0 2 2 2 0 3 0 1 4 3 1 1 3 4 3 1 4 4 4 2 4 4 4 2 3 3 3 3 0 0 2 2 2 4 4 2 2 1 4 4 1 2 2 0 1 0 3 0 1 3 3 0 2 4 0 3 4 0 1 1 0 0 4 4 0 0 4 2 4 0 1 0 2 0 2 1 2 1 1 3 4 1 1 3 2 1 3 4 1 2 0 3 2 1 2 2 2 3 2 1 3 0 3 3 1 1 4 3 2 2 2 3 1 3 3 0 1 2 4 2 4 2 2 1 3 1 1 2 0 0 0 0 0 4 0 3 0 4 2 2
4 1 0 2 1 3 2 2 2 2 1 1 1 3 0 1 1 3 4 1 3 4 4 3 3 4 2 0 1 1 2 0 2 4 2 3 3 1 0 2 3 3 4 1 1 1 3 2 4 2 1 2 3 2 2 4 1 1 4 2 2 4 4 1 3 3 4 3 0 1 1 0 4 2 2 2 0 2 2 4 1 3 3 4 0 2 0 3 4 0 3 1 4 2 3 4 3 4 3 3 3 1 0 2 3 4 2 3 1 4 4 4 4 4 4 1 1 1 4 0 1 4 4 2 4 4 2 2 0 2 2 3 3 4 3 3 4 2 3 2 1 2 2 2 1 3 3 4 4 4 2 3 4 1 0 0 2 4 2 4 3 1 3 3 0 3 1 4 0 4 4 3 3 1 0 1 4 0 1 3 4 3 1 0
1 4 0 0 0 4 4 4 0 4 2 1 4 1 2 4 2 1 4 1 4 4 4 0 1 0 4 3 0 2 3 1 3 1 3 4 2 3 0 3 4 2 1 4 0 0 0 3 4 0 1 0 1 0 1 3 3 2 3 3 1 3 2 0 4 0 1 2 0 1 2 0 0 0 1 1 2 1 1 1 3 2 2 2 4 3 2 2 2 0 1 3 3 0 3 0 2 4 4 3 2 1 0 3 3 1 1 0 4 2 4 3 4 3 0 0 3 2 3 0 4 1 3 2 1 4 2 0 3 1 3 3 4 3 1 4 1 2 0 1 1 1 1 0 4 1 0 2 0 0 4 4 1 2 3 4 1 3 0 2 1 0 2 1 1 3 0 4 2 2 0 3 3 1 0 4 4 2 3 1 3 2 2 1
2 1 3 0 1 0 4 2 0 1 0 3 4 1 3 3 0 0 1 1 2 3 2 3 1 1 0 1 3 2 4 2 0 2 3 1 4 2 4 0 4 4 0 0 2 0 4 3 1 2 1 3 3 3 1 4 1 3 2 2 1 1 4 1 1 2 3 0 2 4 2 1 3 3 3 1 3 4 1 4 2 4 4 0 2 3 1 4 1 3 1 4 1 2 1 2 0 1 3 2 0 0 0 3 3 3 1 4 3 4 0 2 3 0 4 1 0 0 2 1 0 0 1 1 2 4 4 4 0 2 3 0 4 3 0 0 4 2 4 4 1 4 3 2 1 2 0 1 4 2 3 4 4 1 2 3 0 3 3 0 2 3 2 2 2 4 2 3 3 1 4 2 2 2 4 4 4 4 0 3 3 0 4 2
1 3 2 3 2 2 0 4 1 2 1 0 4 0 3 2 3 2 4 1 1 3 2 0 2 4 0 2 0 1 1 3 4 4 2 3 1 4 3 2 4 1 2 3 4 2 0 2 1 0 0 2 0 2 4 0 2 1 2 4 2 4 2 4 0 1 2 3 1 2 1 0 1 0 3 0 0 3 2 1 0 3 4 1 2 3 1 4 2 0 3 4 4 3 0 1 4 3 0 0 2 3 2 3 3 0 3 3 1 3 2 1 3 1 4 0 1 2 0 3 3 0 0 4 3 0 1 0 0 1 2 3 1 0 3 1 2 4 2 3 2 4 2 0 2 1 0 0 1 2 1 4 0 1 3 0 3 4 0 4 2 3 4 3 0 4 2 2 3 4 1 0 3 0 2 0 3 0 0 4 2 3 3 4
4 2 0 0 3 2 1 3 0 2 1 2 1 3 0 0 4 1 2 2 3 0 4 1 0 2 1 4 0 1 4 2 3 1 2 4 3 3 2 1 0 0 3 3 1 3 3 0 1 1 3 4 3 4 3 3 1 1 4 2 2 0 1 3 1 3 2 2 3 4 3 0 4 3 3 2 4 4 3 2 2 3 4 0 2 2 0 4 3 4 3 0 2 4 3 3 4 2 0 4 1 0 4 3 4 4 2 0 3 0 2 0 3 1 2 3 3 2 4 3 4 4 1 1 3 4 1 4 4 4 3 2 1 2 2 0 1 0 2 2 0 0 4 1 1 2 4 2 1 0 0 2 4 1 0 2 3 4 3 2 3 1 1 4 0 4 2 3 4 4 2 4 1 2 2 0 4 3 2 2 3 4 0 2
3 2 1 3 1 4 2 4 2 3 1 4 2 3 3 1 4 2 3 1 4 2 1 0 1 0 3 4 4 0 2 4 2 0 2 4 0 4 0 4 3 1 4 2 1 4 4 1 1 4 4 1 1 0 1 2 0 1 4 1 1 3 1 1 3 3 2 0 0 4 0 0 3 4 2 4 0 1 2 1 0 1 4 4 3 3 1 0 1 0 2 3 3 0 1 4 0 0 4 0 4 4 0 2 0 3 2 0 1 1 4 4 3 0 3 1 3 1 2 0 4 1 0 4 1 3 3 3 3 3 4 2 4 1 2 0 1 1 2 0 2 3 4 2 4 4 1 2 0 0 4 4 1 1 4 4 4 4 2 4 2 3 4 2 0 1 4 3 2 1 3 1 0 2 4 1 3 0 0 4 0 0 0 3
3 1 4 3 1 1 2 0 2 1 4 2 4 3 2 3 2 1 0 4 0 4 0 4 1 0 0 3 0 0 3 1 4 2 4 2 0 3 2 2 2 2 1 3 0 4 2 4 0 2 3 2 3 3 1 4 4 1 4 1 4 2 2 3 1 3 2 1 4 4 4 1 1 2 4 4 1 1 0 3 0 4 1 3 2 4 4 3 3 0 0 2 2 4 2 0 3 4 2 2 0 3 0 2 0 4 3 4 3 3 2 0 4 0 4 2 0 0 0 3 1 2 2 0 2 4 1 0 0 0 4 0 3 4 4 0 0 4 4 0 0 2 1 4 4 0 1 4 2 4 4 3 3 1 4 0 2 2 2 2 2 1 0 0 0 4 0 3 4 0 3 1 4 4 0 3 1 4 0 4 0 4 2 3
1 3 4 0 0 1 3 2 0 0 4 2 4 2 0 0 4 4 1 3 3 2 3 2 3 3 1 3 0 0 1 3 1 2 3 1 1 3 1 1 3 2 3 0 4 1 0 3 0 4 3 0 3 2 4 1 2 0 1 2 3 2 0 4 0 1 2 3 4 0 4 0 3 4 0 4 0 2 0 2 1 0 0 4 4 4 2 2 2 3 1 0 3 4 1 0 0 3 3 1 1 4 1 1 3 3 0 1 1 2 0 2 3 2 4 2 2 3 1 1 4 0 1 2 4 4 2 1 2 2 4 0 1 1 1 1 4 4 4 2 1 0 0 1 2 1 1 1 1 4 2 0 4 0 2 0 4 1 3 4 3 3 1 1 4 3 3 0 2 2 3 0 4 0 4 4 3 0 2 4 1 2 0 1
2 2 1 4 1 0 0 1 3 1 3 4 1 3 1 0 2 4 1 2 1 2 3 4 4 0 4 0 2 4 1 2 3 0 3 4 2 0 3 2 3 1 3 0 4 4 0 3 1 3 2 2 0 0 4 4 3 3 0 2 4 1 1 2 3 1 4 0 1 2 4 0 3 2 0 4 2 2 4 0 1 2 4 1 2 3 1 2 3 3 0 2 1 1 0 0 3 1 2 1 3 2 1 3 4 3 4 3 1 3 3 2 0 0 0 0 3 3 2 2 1 2 4 3 1 1 0 1 2 2 2 2 4 1 0 1 4 4 1 2 0 2 1 0 2 2 0 0 0 0 4 4 4 1 2 0 4 2 1 2 1 1 4 1 2 2 4 3 3 0 1 3 2 4 4 4 1 1 2 4 1 3 0 1
4 4 3 4 1 2 3 4 3 4 2 2 1 1 0 0 4 3 0 1 3 4 3 1 3 0 0 1 0 2 4 0 1 3 1 4 0 4 4 0 0 1 2 2 3 2 4 2 1 4 0 1 1 3 2 1 0 0 2 1 2 2 3 4 2 4 3 2 0 2 4 0 1 1 4 1 0 0 0 3 2 0 4 3 1 2 1 3 2 3 1 4 2 1 0 4 0 4 3 2 3 2 3 4 0 2 0 1 3 0 4 2 3 1 0 4 3 3 4 2 1 1 3 4 2 4 0 0 0 4 2 0 1 0 0 2 0 2 0 0 3 1 2 1 2 4 2 2 2 1 4 0 4 0 1 4 1 2 4 1 1 3 1 4 1 3 3 1 1 3 3 1 0 0 2 4 1 1 2 3 4 3 0 4
3 2 3 4 4 4 2 0 4 1 1 0 4 0 3 2 0 1 3 2 3 0 2 1 3 1 1 3 4 2 2 0 4 2 4 0 3 4 2 4 0 3 0 1 3 0 4 4 4 2 1 4 0 0 1 3 1 2 1 1 4 0 1 0 4 2 0 4 1 2 4 3 3 4 0 1 1 4 2 0 1 1 0 1 1 3 0 3 0 3 1 2 4 4 4 0 3 2 0 2 4 4 2 2 0 2 1 1 3 3 4 0 1 1 3 3 4 0 3 1 4 1 3 0 2 0 0 2 2 2 4 3 1 2 3 3 1 1 2 0 4 1 2 3 4 0 1 3 1 1 4 2 2 0 2 1 0 4 3 4 2 0 2 0 2 2 4 0 3 3 0 0 4 2 3 3 0 1 3 3 2 4 0 1
4 4 2 1 3 2 2 2 2 0 0 1 4 1 2 3 4 4 3 0 4 3 0 4 4 3 2 1 2 4 4 4 3 1 0 3 0 3 3 3 0 3 4 4 4 3 4 0 3 4 0 4 2 0 3 1 3 2 4 0 1 3 1 1 1 2 4 2 2 4 0 2 2 1 3 3 0 3 3 3 4 3 2 2 3 2 3 3 1 0 1 4 3 2 0 2 1 1 4 3 1 1 2 0 4 1 4 4 1 2 4 0 3 3 4 3 2 0 2 3 0 0 2 0 2 4 2 4 3 3 4 4 1 2 4 1 0 0 2 3 0 2 0 3 0 0 3 3 0 2 3 2 2 3 2 0 2 2 1 0 2 0 1 1 4 3 2 4 3 4 2 3 3 0 3 1 0 4 4 2 1 4 4 4
2 1 1 2 0 2 4 3 4 1 4 4 4 3 3 4 4 3 0 3 3 0 4 0 4 0 2 1 4 1 0 4 4 1 1 0 0 0 0 4 3 1 0 4 4 1 4 3 4 4 3 4 4 2 1 4 4 3 2 1 1 2 0 0 0 3 2 0 0 4 1 4 0 2 0 1 3 4 2 4 0 0 0 0 0 1 1 4 1 0 2 2 2 2 4 4 2 4 4 3 3 2 4 4 4 4 2 4 1 4 0 1 0 0 3 2 3 1 3 4 1 1 3 0 3 3 4 3 2 0 1 2 0 2 3 4 3 1 1 1 0 1 3 2 4 3 4 2 2 3 4 3 1 2 1 1 0 0 4 4 3 2 4 3 4 2 4 0 3 0 1 1 4 1 3 0 0 0 2 2 0 1 2 1
4 3 2 1 1 2 3 4 4 2 2 1 4 3 1 0 1 4 1 0 1 1 0 1 3 4 0 3 3 2 1 4 3 4 0 4 3 0 3 4 2 2 0 4 2 3 4 3 3 2 0 1 0 2 4 4 2 4 2 2 3 4 1 1 0 1 0 3 2 0 2 1 4 0 0 2 0 4 0 0 3 1 1 4 3 0 3 2 4 2 4 0 1 0 1 3 4 2 1 3 4 1 4 4 1 2 1 1 3 1 2 2 4 0 1 0 1 4 2 2 1 4 2 0 1 4 3 0 3 2 0 2 3 2 1 4 4 4 2 2 1 1 1 2 2 2 2 0 3 2 4 2 1 2 2 2 3 2 0 3 4 2 0 4 4 4 3 0 3 3 0 1 1 1 4 3 1 1 0 4 3 0 1 1
4 0 4 2 3 1 0 4 3 2 4 0 1 4 0 0 4 0 3 1 4 2 1 0 1 2 4 4 4 3 3 3 3 4 0 3 0 2 0 3 4 4 0 3 0 1 3 0 3 1 1 4 1 4 4 2 1 1 3 2 1 1 0 4 0 2 0 0 4 0 1 1 1 3 4 1 4 4 3 0 2 1 4 3 1 1 0 4 4 1 2 0 2 2 1 0 0 1 2 1 3 3 2 1 4 1 3 3 0 3 0 0 0 2 3 1 3 1 0 2 4 2 2 1 0 0 1 2 4 4 3 2 4 1 4 3 4 4 4 0 2 1 2 4 3 0 0 1 3 3 0 2 0 4 1 2 0 4 4 4 0 3 3 2 4 4 2 3 0 1 0 0 0 2 4 3 0 0 2 0 0 2 0 0
4 1 3 1 0 2 2 1 2 0 3 3 2 2 2 2 4 4 2 1 4 2 4 1 4 1 1 4 1 3 1 2 4 4 3 0 4 0 3 3 2 3 2 4 0 1 4 1 0 1 2 1 0 4 4 1 0 3 2 3 1 4 0 1 0 0 3 1 2 3 0 0 1 2 1 3 3 0 2 0 4 4 4 1 3 3 3 1 1 2 1 3 1 2 1 4 4 4 0 2 4 2 4 2 4 2 0 4 3 2 2 4 4 1 0 4 4 0 2 3 3 4 3 1 3 4 2 2 0 0 1 4 2 0 1 4 3 3 3 3 3 2 2 2 3 4 3 3 2 3 3 2 4 1 3 2 0 3 1 0 3 3 1 0 0 2 1 3 0 2 3 3 4 2 2 3 2 3 3 1 1 1 3 2
2 3 1 4 1 2 1 1 2 2 4 0 4 0 3 1 2 2 0 2 1 2 2 3 2 0 1 3 3 1 2 2 0 3 3 3 3 4 0 2 1 4 2 2 1 3 3 4 0 3 3 1 3 2 2 0 4 0 1 2 2 3 1 4 4 4 4 2 0 4 4 3 0 2 0 2 0 3 3 2 4 3 0 4 0 4 1 4 0 4 3 4 3 1 3 2 0 2 1 2 4 0 0 1 4 0 0 4 0 0 3 1 3 4 0 0 0 2 1 0 1 1 1 1 2 4 0 4 4 1 1 0 4 1 1 3 1 2 0 4 2 3 0 3 2 1 0 3 0 2 0 3 3 4 2 3 0 4 2 4 3 4 4 2 0 3 2 4 2 2 3 1 1 0 1 0 3 2 0 0 1 3 4 1
2 3 4 2 4 2 4 2 3 0 1 0 3 4 1 0 3 1 4 1 2 0 2 0 2 4 1 3 2 2 0 4 2 1 4 1 3 3 4 3 3 2 4 4 3 0 1 2 2 0 0 1 1 2 1 0 4 4 1 1 1 3 3 3 4 4 0 0 2 1 3 0 3 4 4 2 2 3 1 1 3 1 2 1 1 3 2 0 3 0 3 1 3 3 0 4 2 2 4 4 3 0 2 3 1 3 2 3 1 3 1 2 0 3 3 3 4 2 3 2 2 3 0 2 2 0 4 1 4 0 1 4 2 0 3 4 0 0 4 2 4 1 4 1 4 4 4 3 2 4 2 1 4 3 1 1 0 0 0 0 0 1 4 3 3 2 4 3 0 3 2 1 1 1 2 1 3 3 1 0 4 4 3 3
4 4 2 4 1 2 4 4 0 1 4 0 0 3 3 0 3 1 3 0 4 0 3 2 0 4 2 1 0 3 2 4 4 4 1 1 3 2 2 0 3 1 0 1 1 3 3 4 1 2 1 1 4 4 3 0 1 3 3 3 1 0 0 2 1 1 3 4 3 0 1 4 3 1 0 4 2 0 1 3 2 2 1 2 4 0 4 2 0 2 0 3 3 2 0 4 3 1 1 4 3 4 3 2 3 0 1 0 0 2 0 0 2 2 2 3 4 1 2 4 3 4 2 3 2 4 0 0 0 1 4 4 2 4 1 0 1 4 0 4 4 3 4 1 0 1 1 4 4 3 0 4 2 4 3 4 3 3 2 4 1 3 3 3 0 1 4 3 0 1 2 4 4 3 2 1 1 3 2 0 3 2 0 3
1 3 4 0 3 1 4 4 2 4 4 2 0 3 2 2 2 0 2 1 0 4 3 2 0 0 4 0 0 1 3 1 1 3 3 4 1 4 0 0 3 0 4 0 3 2 3 0 2 2 4 4 1 4 1 3 4 3 4 1 4 4 3 1 4 1 0 3 1 1 3 1 1 3 4 1 0 2 4 4 4 0 3 2 4 2 3 0 0 2 2 4 3 0 0 3 3 3 1 1 4 4 0 2 4 4 3 1 1 4 0 2 4 1 1 3 0 4 1 0 3 3 1 2 0 4 0 3 2 3 2 1 4 2 3 1 3 3 2 1 0 3 3 4 1 4 0 1 4 1 3 2 4 4 1 1 3 1 4 0 1 3 3 3 2 3 4 0 4 1 1 4 1 4 0 2 1 2 0 0 3 3 4 4
0 1 0 0 4 2 3 3 0 1 1 3 2 0 0 1 3 2 2 0 3 2 4 4 0 0 1 0 0 1 2 0 4 2 3 3 1 1 1 2 2 4 2 1 1 4 2 0 1 4 2 0 4 1 4 1 3 3 1 4 4 3 1 0 3 1 3 4 2 2 3 2 3 2 3 0 2 1 0 0 2 2 0 3 0 2 4 1 0 3 2 1 3 3 1 3 2 1 0 4 3 3 1 2 3 0 4 2 3 1 2 2 0 0 1 0 2 2 1 4 0 3 0 1 4 3 4 1 4 4 2 0 0 4 4 3 1 3 2 4 4 1 3 4 1 4 1 0 2 3 4 4 3 1 0 4 4 2 2 1 1 0 1 1 4 0 1 2 3 0 3 2 2 1 3 3 3 4 1 0 4 2 1 0
1 4 4 0 1 2 1 2 4 4 1 0 4 4 2 2 0 0 1 2 3 4 2 1 1 3 3 2 1 0 2 4 4 4 1 2 3 3 4 2 4 2 2 4 2 1 1 2 1 0 4 4 1 3 1 2 2 1 0 0 1 2 4 2 3 0 4 1 0 1 3 0 3 2 1 2 3 2 4 1 4 0 1 1 4 4 0 1 0 0 3 4 0 4 3 3 4 0 2 2 1 0 4 1 0 0 4 3 4 0 0 4 1 3 2 0 4 2 3 1 0 3 2 2 2 1 0 3 1 4 2 4 0 1 2 0 3 3 0 3 4 2 4 0 0 1 2 1 0 2 3 0 0 2 2 2 3 0 2 1 4 0 2 1 1 0 3 0 0 1 0 4 3 4 1 1 2 3 2 2 2 2 0 2
0 2 1 0 4 4 4 1 4 3 2 2 3 3 2 1 4 4 0 2 3 2 3 0 2 3 0 0 0 0 4 2 4 1 0 1 0 4 2 1 2 1 3 3 4 3 4 3 2 1 3 1 0 3 3 0 1 0 0 4 2 1 1 2 2 3 0 4 4 2 0 2 3 4 2 0 4 3 0 1 1 0 4 2 4 0 2 0 0 4 1 0 0 0 4 0 3 4 4 3 3 2 2 1 3 1 3 2 4 1 0 2 1 0 4 0 2 3 3 4 2 4 4 0 4 3 2 0 2 3 3 0 0 2 4 0 3 4 4 4 0 0 1 2 2 1 4 4 1 2 3 1 4 0 1 0 3 0 0 3 3 0 0 1 2 4 1 2 1 1 1 1 3 0 0 0 3 0 4 4 2 4 0 3
4 3 4 3 3 4 3 4 2 3 0 1 0 3 4 1 1 2 4 4 2 0 1 0 2 0 0 1 2 0 0 1 4 4 1 4 0 1 3 2 0 3 4 0 4 3 3 0 0 4 2 3 1 3 3 3 1 0 0 3 1 0 1 2 4 0 1 1 1 0 4 3 0 3 0 1 3 3 4 3 3 1 3 4 1 4 0 2 4 0 2 2 2 1 4 3 1 3 4 4 3 3 3 0 3 3 2 1 4 3 2 4 4 2 0 0 1 0 0 3 0 4 0 4 0 2 2 3 0 2 3 0 2 1 2 1 1 1 4 0 4 3 4 0 1 0 3 4 2 3 2 0 4 0 4 0 4 2 3 1 1 3 3 0 1 0 1 3 4 3 3 3 1 0 1 2 2 4 4 4 4 3 1 3
3 1 0 4 0 4 0 3 4 0 3 1 1 2 4 2 0 4 2 3 1 3 1 3 2 0 0 1 3 3 2 4 4 2 0 1 3 3 1 3 3 0 4 1 4 0 3 1 4 1 4 1 4 2 1 4 2 3 2 3 2 4 4 3 4 1 0 2 4 3 2 3 0 1 1 4 1 0 0 3 3 2 4 4 4 2 0 4 1 3 4 3 4 3 1 3 4 3 3 1 2 0 4 2 4 2 4 0 4 4 0 4 1 4 4 3 2 4 2 3 4 1 3 4 1 1 4 0 0 2 1 4 0 2 1 4 2 0 1 1 2 2 1 0 3 2 3 0 3 2 0 3 3 0 2 1 2 3 4 2 1 2 1 3 2 4 2 4 2 3 2 4 2 3 1 1 2 0 1 1 4 4 4 0
4 3 1 3 1 0 0 4 3 3 2 0 0 1 4 2 0 1 3 2 2 4 0 1 4 4 2 1 3 3 1 4 1 2 3 0 3 0 4 1 1 4 3 1 0 2 3 2 0 1 2 4 2 2 1 2 1 3 3 1 2 1 1 0 3 1 2 1 1 4 4 2 3 2 0 0 1 0 3 2 3 2 3 1 4 4 0 3 0 0 4 4 1 2 1 4 3 4 3 2 3 2 1 3 0 2 3 3 2 3 0 1 0 4 4 2 0 4 2 2 4 1 1 0 1 3 4 1 4 2 3 2 2 0 0 4 4 3 2 1 4 3 4 4 4 3 3 1 4 0 4 3 4 2 3 0 0 0 1 1 4 0 3 1 2 3 0 1 4 3 4 3 3 1 4 4 4 3 0 4 3 1 4 2
4 3 4 1 0 1 3 4 3 3 1 0 2 3 3 3 3 2 1 1 3 2 2 0 0 3 1 1 1 0 3 2 0 0 1 0 1 4 2 1 2 0 3 1 3 3 1 2 0 4 0 1 2 3 1 2 3 4 3 4 4 4 4 2 4 0 4 2 4 1 0 3 1 0 2 2 3 0 4 3 0 1 1 2 4 4 1 2 3 2 4 0 1 3 2 2 3 1 1 4 0 3 4 1 3 3 0 1 4 1 1 4 3 3 3 2 2 4 2 3 1 3 0 2 3 2 1 1 0 4 2 2 2 1 1 0 2 1 1 1 3 0 2 1 0 0 0 2 4 4 2 1 2 2 0 2 1 4 3 4 3 2 1 1 1 2 3 3 1 2 1 4 2 3 2 2 3 4 1 4 4 1 0 3
3 3 1 2 4 1 1 2 4 2 0 0 2 1 0 3 3 1 4 2 4 1 4 4 2 2 3 3 3 1 2 4 1 0 1 0 3 2 4 4 1 0 1 3 1 1 3 1 4 2 3 0 0 4 4 3 1 0 1 2 3 0 1 4 2 2 4 3 4 0 2 0 2 4 1 0 2 1 1 2 1 4 4 1 0 4 1 2 1 0 4 4 2 0 3 0 4 4 3 3 4 0 0 2 1 3 2 1 0 1 0 3 2 4 4 3 0 3 0 1 0 1 0 2 3 0 2 2 4 2 2 1 0 4 3 1 3 2 4 0 3 4 3 1 4 4 1 4 4 1 1 4 4 3 2 2 4 1 1 0 4 3 1 4 2 1 2 2 4 2 4 4 3 2 2 2 4 3 4 3 1 2 3 0
0 2 4 1 3 2 2 2 0 3 3 0 0 1 4 1 0 4 0 3 1 0 1 2 3 2 1 2 4 1 4 4 0 4 1 3 1 3 1 4 3 1 1 3 2 0 4 2 4 2 3 3 2 1 0 2 3 3 1 2 1 1 3 1 2 4 0 0 4 3 4 3 4 2 3 4 3 0 1 2 4 1 2 3 2 3 0 0 1 4 2 3 0 1 4 2 2 1 4 4 4 1 2 1 3 2 0 1 2 3 1 3 0 3 1 2 3 4 3 0 3 2 0 3 0 1 2 3 3 3 2 4 4 1 0 3 0 0 1 3 4 2 1 4 3 0 1 1 4 1 3 2 1 0 2 1 2 1 4 2 4 3 3 4 1 4 4 2 1 0 2 0 0 0 1 0 0 0 3 1 1 4 3 2
4 2 1 3 3 2 2 0 1 1 1 4 0 0 1 1 2 0 4 4 1 0 1 3 0 0 0 4 4 0 3 0 3 4 4 3 2 1 0 0 2 1 1 4 3 3 3 1 0 2 2 3 4 4 2 2 1 2 1 0 4 1 0 2 3 1 3 2 3 3 4 2 0 0 4 3 0 2 1 1 4 1 4 0 0 1 2 1 0 0 3 0 2 0 4 2 2 2 4 2 3 3 4 3 3 3 3 4 2 2 2 3 3 1 4 0 0 3 3 2 4 3 4 3 3 1 0 2 3 4 4 3 4 1 3 2 1 2 3 4 1 0 4 1 4 3 1 4 2 1 3 3 1 3 1 4 4 1 4 4 2 3 3 1 4 1 0 3 0 1 2 1 3 3 4 2 2 2 3 1 3 2 4 4
2 0 1 1 3 0 0 0 0 0 3 2 4 0 0 4 1 4 3 0 2 2 4 1 0 0 2 0 4 3 2 1 3 0 2 1 2 4 3 2 0 3 1 1 4 1 0 0 2 0 2 2 3 4 3 0 4 3 0 3 1 4 4 2 4 3 0 1 4 1 1 1 4 2 2 3 1 3 4 0 0 3 2 3 2 3 0 3 3 3 1 4 2 2 3 4 2 4 0 2 2 3 3 1 1 1 0 4 1 1 4 1 1 4 2 4 2 2 2 0 2 1 1 0 0 2 4 3 3 1 0 0 0 0 1 3 1 3 4 4 4 3 1 1 2 3 2 1 2 1 1 0 4 0 2 0 2 3 0 0 4 0 0 1 2 3 1 4 2 0 3 3 1 1 1 3 1 3 0 4 2 3 1 1
0 3 1 2 3 1 4 4 3 1 1 1 0 4 2 4 2 2 4 3 4 1 1 0 1 3 1 3 4 4 2 4 4 3 4 2 2 3 2 2 2 0 3 4 4 2 3 1 0 4 4 1 0 3 3 4 3 2 4 4 1 1 4 1 2 0 3 4 3 2 3 2 2 2 1 2 1 4 0 3 1 2 1 1 0 0 2 0 4 4 0 0 0 1 3 4 1 4 0 1 1 4 4 4 3 0 3 4 2 0 0 3 2 1 1 4 1 4 0 0 0 2 3 0 3 1 2 1 0 2 2 4 1 3 0 4 4 3 1 1 3 1 1 3 2 2 2 1 3 4 3 3 1 3 1 1 0 3 4 2 0 2 3 4 0 3 3 1 3 1 4 2 2 0 2 2 0 4 3 3 1 3 4 4
2 2 1 4 0 2 3 2 4 2 1 2 0 2 0 4 3 0 3 3 0 0 0 2 1 0 1 2 3 2 2 2 4 0 1 1 2 0 3 4 2 0 3 4 2 3 3 2 3 3 0 1 3 0 3 2 2 1 4 1 0 3 3 4 0 2 0 3 2 4 4 1 1 4 0 0 2 4 2 3 2 3 4 3 0 4 0 3 3 1 1 3 2 1 0 2 3 0 2 0 1 1 1 4 0 2 4 0 3 2 3 0 2 4 0 2 0 2 2 3 4 3 2 1 0 4 3 3 4 3 1 3 4 2 2 2 1 4 4 4 1 2 2 3 3 4 2 3 2 0 4 1 3 3 4 0 2 4 4 3 2 0 3 4 4 1 1 1 2 0 2 3 4 1 3 4 1 2 2 3 4 3 1 3
1 2 0 3 1 4 2 4 1 0 3 1 3 1 4 0 3 3 0 4 0 0 3 1 3 2 1 2 1 2 2 2 4 3 3 2 4 2 1 1 2 1 4 3 4 0 0 4 3 1 0 3 1 3 1 1 3 2 1 1 4 0 3 0 0 3 3 0 0 1 3 3 0 4 3 4 4 3 1 2 4 1 3 3 2 4 1 0 2 2 1 3 0 1 4 0 2 4 0 2 0 0 2 0 1 0 2 0 4 3 0 0 1 0 0 3 4 4 0 3 3 3 2 3 2 3 4 4 4 1 1 4 4 1 2 0 1 1 1 2 1 3 0 2 3 2 3 4 1 0 3 0 4 2 3 3 2 4 2 1 1 0 2 0 1 4 2 0 2 3 4 3 3 4 3 1 4 1 3 0 1 1 2 2
3 3 0 0 2 4 3 0 0 0 2 3 0 0 0 2 0 0 3 1 1 1 2 2 4 2 3 2 3 2 2 3 0 2 0 0 2 3 2 4 4 2 4 1 4 2 0 1 2 3 2 0 1 2 3 2 4 3 0 3 2 2 3 3 1 4 0 0 2 4 1 3 1 1 4 0 3 0 2 2 0 4 4 2 3 4 4 3 2 1 3 2 0 1 0 2 0 2 2 0 1 4 0 0 2 0 2 2 2 1 1 2 3 0 4 1 2 1 4 4 4 2 1 0 1 3 2 1 2 1 3 1 0 4 3 4 1 0 3 3 2 4 0 0 2 2 1 4 0 3 0 4 2 4 4 3 4 1 2 2 3 0 0 0 1 3 2 4 3 0 2 2 0 0 2 2 2 1 1 2 1 1 1 3
2 1 2 2 4 4 4 4 1 4 0 0 4 4 4 2 4 4 2 1 4 1 0 3 2 3 0 0 2 3 4 4 1 3 1 1 4 2 0 0 3 2 2 2 3 2 2 3 3 4 1 2 0 2 0 0 2 2 0 4 2 1 4 4 4 2 0 3 0 2 1 3 0 3 1 0 2 3 3 0 4 2 4 4 1 1 1 3 0 2 3 3 3 4 2 0 1 4 0 3 1 1 2 3 2 3 4 4 3 4 2 2 1 3 3 2 0 0 1 2 4 1 0 4 0 4 4 3 3 2 2 0 3 1 0 0 4 4 2 4 1 1 3 2 4 3 2 1 0 0 4 4 1 1 1 3 1 2 3 1 4 2 1 3 3 4 0 4 0 4 3 1 0 3 1 0 2 3 1 4 0 2 4 1
4 0 1 2 2 4 3 4 2 2 2 0 1 4 0 1 4 0 0 4 1 1 1 3 1 3 2 1 0 3 4 1 0 2 3 0 3 2 4 0 4 3 3 2 2 0 3 3 2 0 3 3 1 4 3 4 4 3 2 2 3 3 0 4 0 4 4 4 3 0 1 4 3 1 1 2 1 1 1 1 2 1 4 0 2 0 0 4 3 4 1 1 3 3 0 0 2 1 4 2 3 1 1 1 4 2 4 3 1 2 4 3 3 0 3 2 0 0 1 3 2 4 2 2 3 4 2 2 1 2 0 4 0 3 3 4 3 4 2 4 1 3 2 1 4 2 3 4 0 2 0 4 1 2 1 1 1 3 4 4 0 1 1 2 4 4 4 4 3 3 3 1 2 2 2 3 2 2 4 4 1 4 3 3
3 4 1 2 4 2 1 2 3 2 4 0 3 3 1 3 4 0 1 3 4 0 1 1 3 0 2 4 2 0 4 2 1 3 4 1 0 1 3 1 0 4 3 1 0 4 1 4 4 3 4 1 3 0 4 3 2 2 0 4 4 4 2 1 4 3 4 0 4 4 1 2 0 4 3 0 0 4 1 2 4 0 3 3 2 2 1 0 4 1 1 1 3 0 4 2 4 3 2 0 4 0 2 4 1 2 2 2 4 0 4 3 3 4 1 0 3 0 2 0 1 4 1 1 1 0 4 0 0 3 1 4 1 0 0 2 3 4 1 2 0 2 0 0 1 4 0 2 4 3 2 2 4 3 4 0 3 0 1 3 3 4 4 4 4 1 4 2 1 2 1 3 0 2 3 3 3 0 0 2 0 2 1 4
2 0 2 0 2 0 0 1 4 1 2 3 0 3 3 3 1 4 1 3 3 1 3 3 3 1 0 4 0 4 0 3 1 2 0 4 2 3 2 3 1 1 4 1 0 2 4 3 3 2 3 4 3 3 2 4 4 0 3 0 1 0 0 2 3 2 1 2 0 3 1 4 0 2 0 2 1 2 0 1 4 0 0 0 3 0 4 3 2 4 0 3 4 0 2 4 4 4 2 0 2 0 4 4 2 1 1 3 3 1 4 3 1 2 0 2 4 4 0 3 3 2 3 4 4 0 4 3 4 1 0 4 1 1 3 0 3 0 3 3 3 4 1 2 1 3 4 2 2 4 0 2 3 3 2 2 4 1 0 0 4 1 4 2 2 3 2 2 0 2 1 3 3 4 0 2 3 4 4 2 0 2 2 3
0 1 0 1 4 3 2 3 1 3 2 3 1 1 3 1 3 4 0 3 0 2 0 3 2 2 3 2 4 0 3 4 3 3 3 2 1 0 0 2 0 2 3 2 3 3 0 3 2 2 1 4 0 4 0 4 1 3 1 0 0 4 1 3 0 1 0 3 3 2 3 4 4 3 1 4 1 3 4 0 1 0 4 3 1 4 2 4 4 0 1 4 2 3 4 2 4 4 2 0 1 0 4 2 3 2 1 1 0 0 1 3 3 3 3 1 2 0 1 4 3 2 3 0 2 3 2 4 4 4 4 1 2 3 0 0 0 2 2 2 4 0 1 4 3 4 1 3 2 4 2 0 1 2 0 4 2 4 0 2 3 4 0 2 2 0 3 4 4 2 1 1 4 2 0 0 4 3 3 1 2 2 1 1
1 1 2 4 0 2 3 0 1 3 3 0 0 3 4 0 2 0 1 3 0 3 3 4 4 3 0 3 0 3 4 4 4 1 3 1 3 3 3 1 1 3 1 3 1 2 3 0 3 1 4 0 2 4 4 1 3 1 4 0 1 1 4 0 2 4 3 3 2 1 1 3 2 0 4 0 2 4 1 2 1 2 2 0 1 3 3 1 1 4 2 2 0 1 4 0 1 4 0 0 3 1 4 0 1 0 0 4 4 3 3 0 0 1 2 4 1 0 2 3 0 4 2 2 3 2 2 1 1 4 1 4 1 2 4 4 2 2 0 2 0 4 4 3 2 2 4 3 4 1 1 1 1 4 4 1 3 3 2 1 3 3 1 1 3 2 0 0 1 1 2 2 2 4 2 4 3 1 2 2 4 1 4 0
2 0 3 0 0 2 3 3 1 1 4 1 4 2 1 2 0 1 4 2 0 3 3 3 4 0 2 1 3 3 1 0 3 2 2 4 4 1 4 2 2 1 3 3 3 2 1 0 0 2 2 0 3 0 0 4 2 4 0 1 3 4 3 3 1 1 4 0 4 4 0 1 2 3 2 0 0 0 2 0 2 1 2 0 3 4 0 0 1 0 3 4 4 2 4 2 0 4 3 4 0 3 2 2 3 4 4 1 4 1 3 4 2 1 4 0 2 1 2 3 4 3 4 3 0 4 3 0 0 1 4 0 1 3 2 1 3 3 2 2 4 1 1 3 4 3 0 1 1 4 2 0 2 3 1 2 2 4 4 2 2 0 4 3 4 1 4 4 4 4 1 0 0 0 3 4 0 0 2 1 0 1 2 2
0 0 2 4 4 3 4 1 1 3 1 0 0 2 4 1 1 2 4 3 4 4 4 4 0 4 1 2 0 0 1 2 0 3 4 1 4 3 2 0 1 0 2 3 4 3 2 3 0 1 1 0 0 3 1 0 2 2 4 4 4 1 4 1 1 3 2 0 1 1 2 2 1 4 3 3 2 0 1 0 1 4 0 1 4 1 4 1 1 3 3 2 1 2 4 3 0 1 3 1 3 1 0 1 2 0 4 0 0 2 0 3 4 2 2 3 0 1 2 3 1 0 1 3 2 2 3 4 3 1 2 3 4 2 0 2 3 1 4 0 1 1 4 0 0 1 3 2 4 2 1 2 2 4 2 1 1 0 0 1 4 2 0 3 2 2 2 2 3 3 4 4 1 3 1 1 1 2 4 0 4 2 0 4
1 2 0 4 0 3 0 4 2 2 4 1 4 4 0 0 2 0 4 1 0 3 2 2 0 3 4 4 0 4 3 3 4 1 4 4 4 2 3 1 4 4 0 1 3 0 1 3 0 2 1 1 0 3 3 0 4 2 2 1 4 0 0 3 1 1 4 2 3 4 4 0 3 4 1 4 1 4 4 2 3 0 3 4 0 3 1 4 2 3 1 1 4 3 1 2 4 0 0 0 4 1 0 0 2 3 4 3 4 3 0 2 3 0 1 3 3 0 0 3 3 1 1 4 1 3 2 0 0 4 2 0 0 4 0 4 2 1 2 1 4 0 1 4 0 4 4 1 4 4 1 3 2 2 4 3 0 1 1 3 0 3 3 2 3 0 1 2 1 1 1 2 1 2 1 3 1 2 1 1 4 2 1 1
0 0 0 2 4 1 0 1 1 0 4 4 0 2 2 3 3 3 0 4 0 3 0 3 1 1 1 0 4 2 3 1 0 3 3 1 1 1 2 0 1 3 4 4 1 3 2 1 1 0 3 3 3 3 4 1 4 0 3 3 0 2 1 0 0 0 3 4 3 0 4 1 4 0 0 2 4 0 3 2 2 1 3 2 1 2 4 1 2 2 1 2 4 3 4 2 0 2 3 3 0 2 4 1 4 2 3 3 4 3 3 1 2 1 3 3 3 4 4 2 2 3 2 3 1 3 0 1 3 3 1 3 2 2 4 2 1 4 2 2 2 0 0 1 1 1 0 1 0 1 4 4 4 1 3 0 4 0 3 2 1 1 2 3 4 1 2 2 2 0 0 2 2 0 3 1 1 3 2 2 0 1 1 4
4 1 2 4 2 0 3 3 2 1 3 3 4 3 0 4 0 0 1 2 3 4 3 4 0 1 3 2 4 2 3 4 3 0 0 2 3 3 2 2 1 1 0 3 4 2 2 4 0 3 3 3 4 2 2 4 0 1 1 1 3 0 0 3 2 0 1 0 1 3 4 4 1 1 2 2 4 4 3 1 2 2 4 2 1 1 3 3 4 2 4 4 2 0 3 1 2 1 4 3 1 3 0 3 0 2 2 1 2 1 4 1 3 3 0 1 1 1 4 3 3 0 2 0 0 2 3 0 3 2 0 2 1 0 0 3 3 2 1 2 0 0 0 0 0 1 1 1 2 2 1 2 3 4 2 0 3 2 2 4 0 3 1 3 3 3 3 3 2 1 2 3 1 3 3 3 4 2 1 3 4 3 0 4
2 4 2 2 1 4 1 3 2 2 1 3 0 1 3 3 2 1 3 0 4 1 3 0 3 0 0 0 3 2 4 2 3 3 4 4 3 3 0 2 2 3 0 0 0 1 0 2 2 3 3 3 4 1 0 0 3 0 0 3 2 1 0 0 0 2 1 0 2 3 2 4 2 0 4 2 1 4 4 0 2 2 3 4 1 3 4 4 0 1 0 4 4 0 4 1 4 2 1 1 3 4 3 0 1 2 2 2 2 3 2 1 3 2 0 1 0 1 2 2 4 2 1 1 0 2 2 4 4 1 3 4 2 3 4 3 0 3 0 4 4 4 3 2 1 3 0 3 2 2 0 3 0 1 4 0 3 4 1 4 0 1 4 2 4 0 2 2 4 2 1 0 3 4 4 4 0 4 2 4 1 2 2 3
0 4 0 3 3 2 4 3 0 0 2 0 1 4 2 2 3 0 2 1 2 1 2 2 0 4 1 3 3 0 4 0 4 4 0 2 3 4 2 4 0 1 1 1 2 0 3 0 0 2 3 2 3 0 1 0 1 4 0 4 0 4 1 1 4 1 1 2 1 3 3 3 2 4 4 4 4 4 2 0 3 2 4 1 3 1 3 4 2 3 1 2 3 2 4 4 4 2 3 2 2 2 0 4 3 1 1 3 0 3 0 3 0 1 1 0 2 1 2 0 4 3 4 4 2 0 3 3 2 4 0 0 1 0 1 1 1 2 4 3 2 1 3 3 3 4 0 2 0 2 4 2 2 4 1 0 1 2 3 4 3 1 1 1 1 2 2 0 2 2 3 4 3 2 4 3 3 0 1 1 4 0 0 2
4 3 4 3 2 4 4 0 0 0 1 4 4 4 4 1 3 4 3 3 3 2 2 2 4 3 0 4 3 0 3 0 3 2 3 1 1 4 3 2 4 0 1 0 1 2 4 4 1 4 2 0 1 1 4 3 4 1 2 0 1 0 2 1 4 2 4 0 1 3 4 2 3 2 4 4 4 3 0 3 2 4 0 1 1 4 4 2 0 3 4 3 0 1 4 4 0 1 4 1 4 4 3 2 3 0 3 0 3 0 3 3 4 3 1 2 4 2 2 1 0 1 1 0 0 2 1 0 3 0 4 2 1 4 1 0 4 4 0 0 4 0 0 1 0 1 3 4 3 2 2 0 4 3 2 1 2 3 3 1 0 2 3 2 4 2 4 3 1 1 0 3 3 0 1 3 3 1 4 3 4 1 3 0
1 2 1 3 0 1 1 1 1 0 0 0 2 1 0 0 4 1 0 2 1 1 0 2 0 1 0 4 2 4 1 0 1 2 0 4 0 2 0 1 4 2 1 3 3 2 0 2 0 1 4 3 4 1 0 4 2 1 0 1 2 1 3 0 0 3 4 3 0 1 4 1 0 3 4 3 2 0 2 2 3 3 0 4 4 3 1 3 4 3 1 3 0 4 3 2 3 3 0 0 1 2 4 2 0 3 2 2 0 0 4 0 3 1 0 0 1 1 0 0 4 2 3 1 1 4 1 1 4 3 4 0 0 0 4 0 0 2 4 1 4 3 3 4 2 3 4 3 1 2 1 3 4 1 1 2 0 2 1 4 3 2 2 3 2 1 1 2 0 0 0 4 1 4 4 3 4 0 3 3 2 1 1 3
3 4 3 0 4 1 0 2 3 4 2 2 2 3 1 0 4 2 4 0 3 0 0 2 3 0 2 0 2 3 1 0 0 1 2 4 2 4 3 2 3 0 1 3 4 2 3 0 1 4 2 4 0 4 4 3 4 1 0 3 2 3 0 2 4 3 3 3 2 1 0 1 1 1 1 2 1 4 2 2 3 1 2 0 0 3 3 0 4 1 3 1 4 4 0 4 2 3 2 1 4 0 2 3 3 0 0 4 4 0 4 3 1 3 3 2 1 4 4 0 0 4 2 4 0 4 0 4 3 0 1 4 0 0 2 3 1 0 0 0 2 4 0 0 4 1 4 0 2 3 0 2 0 4 3 0 4 1 0 4 1 1 3 1 3 1 1 4 3 3 2 0 2 4 0 3 0 0 3 2 0 4 1 0
0 2 1 1 3 3 0 4 1 4 2 4 2 3 1 0 2 3 2 1 2 2 0 0 4 3 4 0 4 3 2 2 0 0 3 0 3 1 4 4 0 3 1 4 1 4 4 0 2 3 4 1 2 4 3 2 4 3 4 1 3 1 3 3 2 3 0 0 4 4 2 1 2 0 2 0 4 1 3 3 1 2 1 4 1 2 1 2 2 0 3 0 3 3 0 0 4 0 3 0 4 2 4 3 4 1 0 3 0 3 3 1 0 1 0 3 3 3 1 0 0 1 0 4 2 2 1 1 2 4 1 1 3 2 1 2 4 4 2 4 2 2 0 0 4 3 3 4 1 1 2 2 0 4 1 2 2 4 0 4 1 3 3 4 1 4 4 0 0 1 4 0 4 1 0 0 4 0 1 1 4 3 0 4
3 3 3 0 2 3 4 3 3 2 3 4 4 4 1 4 0 0 4 1 4 1 3 3 2 0 1 1 3 1 2 1 1 0 1 4 0 1 2 3 0 2 0 4 1 1 1 4 4 0 0 3 2 1 3 1 1 2 4 4 0 1 3 2 3 4 1 3 2 0 3 0 0 3 4 3 2 0 2 1 3 0 4 2 1 4 3 2 1 2 3 2 0 1 4 3 1 2 3 0 2 1 0 2 2 2 1 1 4 0 2 2 0 3 1 1 2 4 0 1 3 4 0 3 0 4 3 3 1 1 4 0 0 1 0 4 3 3 0 0 3 2 4 4 2 1 2 1 2 0 2 3 4 2 1 1 3 0 0 1 3 1 4 0 2 4 4 3 2 4 3 0 3 2 1 2 0 1 4 3 1 3 1 0
1 4 3 1 1 3 0 0 4 4 0 4 3 2 4 2 1 4 4 2 3 1 4 4 4 3 2 0 4 0 2 0 4 0 3 3 1 3 0 2 2 0 1 2 4 2 4 3 1 4 0 0 2 1 1 1 2 0 1 1 0 0 3 1 2 1 4 3 0 4 1 4 2 4 2 1 2 1 4 0 0 1 0 2 0 3 0 2 3 3 3 3 3 3 2 3 4 3 1 1 3 4 3 2 1 0 0 3 3 2 3 1 3 1 0 3 1 1 2 0 4 2 0 0 0 2 3 2 1 1 0 1 3 3 0 4 0 0 4 1 2 4 2 3 2 4 3 4 0 1 4 2 3 4 4 4 4 4 3 2 2 3 3 0 4 0 1 4 0 0 2 0 0 4 3 2 4 3 1 1 4 2 0 0
2 4 4 3 0 4 0 3 2 0 0 3 0 2 0 2 2 2 2 4 2 2 2 3 1 0 1 2 3 4 2 2 0 3 0 1 2 0 1 2 0 1 0 2 0 0 4 0 3 2 4 2 1 3 2 4 4 0 2 4 4 4 1 0 0 3 1 2 0 2 1 2 0 2 4 1 4 3 3 4 2 2 1 1 3 0 0 4 1 4 3 0 4 1 0 1 1 3 3 1 2 0 3 3 4 4 1 3 4 4 0 2 3 1 0 1 4 0 0 0 0 0 0 1 3 3 2 4 1 2 2 4 4 2 4 3 1 0 4 1 1 4 0 4 2 0 3 1 0 0 1 2 3 4 0 1 2 4 3 3 2 0 4 1 3 3 2 1 0 1 2 1 2 2 3 4 4 3 1 0 3 4 4 3
3 2 2 0 1 0 1 3 2 0 2 2 1 4 4 1 2 3 3 4 3 3 0 2 1 3 4 1 3 4 0 3 1 2 1 4 4 2 0 3 4 2 1 0 3 2 4 2 2 4 1 0 2 3 3 0 2 2 3 2 3 3 0 1 2 3 1 3 2 1 2 2 0 3 4 3 2 0 0 4 4 3 0 3 3 0 0 0 4 4 4 3 4 2 1 2 0 4 0 3 2 4 2 2 2 3 2 1 4 4 1 0 4 3 4 3 0 4 0 4 0 0 4 0 2 1 4 2 2 1 2 0 1 4 2 0 3 2 2 4 1 0 4 1 0 3 4 0 0 1 4 0 1 1 0 0 2 1 0 1 3 2 1 4 4 1 4 2 3 3 1 4 3 0 2 3 1 3 3 3 0 0 3 3
1 1 1 0 2 1 1 2 3 0 1 2 1 3 1 4 1 4 0 2 2 3 0 0 3 1 3 3 3 3 4 1 4 0 1 4 1 4 1 1 4 3 1 0 3 4 1 4 4 2 1 3 2 4 3 0 2 1 1 2 4 0 3 1 0 4 0 1 0 1 4 0 1 0 2 4 2 4 1 1 3 4 4 0 0 4 2 4 0 3 1 1 3 4 2 3 0 4 1 1 1 3 3 4 0 0 1 2 1 4 3 4 0 4 4 1 3 2 0 0 2 4 2 1 3 1 1 4 1 0 2 2 3 0 3 3 0 1 1 2 0 1 3 1 3 0 2 1 2 4 2 1 3 1 2 4 2 4 0 3 1 2 2 4 2 1 4 4 2 0 3 0 4 2 1 2 2 0 3 1 1 2 2 2
0 0 1 3 1 1 1 2 3 1 3 2 2 2 1 1 0 0 1 4 4 4 1 1 1 1 2 3 1 1 0 1 3 1 4 4 2 3 3 2 4 3 4 3 1 2 1 3 4 0 2 3 4 0 4 1 3 3 1 4 0 1 1 3 4 2 0 1 2 0 0 1 4 1 1 2 3 3 0 3 3 4 1 4 4 3 0 2 1 1 4 1 4 0 2 3 4 2 1 2 2 1 0 3 2 2 2 3 0 2 1 0 3 4 4 2 2 2 2 4 0 1 2 0 3 4 0 4 3 2 1 3 0 2 1 0 1 1 3 3 3 1 3 4 0 4 3 3 1 0 4 4 3 3 1 3 0 1 3 3 3 1 1 1 0 0 1 1 1 1 4 1 2 4 2 2 4 1 2 2 1 3 1 2
2 2 2 2 4 0 2 4 2 1 0 4 3 3 1 1 4 2 2 1 2 0 1 1 3 3 3 1 2 0 3 1 4 1 0 3 3 4 0 2 0 0 2 3 1 3 1 0 0 4 2 4 1 3 0 1 3 1 2 2 3 1 3 2 4 0 1 4 0 1 2 2 3 4 3 4 4 4 2 1 0 4 1 3 4 3 4 2 4 2 2 2 3 2 0 4 3 3 3 0 1 0 2 1 1 0 3 2 0 0 4 0 1 2 4 0 0 3 4 2 0 3 4 0 1 1 1 4 1 0 1 2 2 3 1 4 1 4 3 3 1 2 3 2 1 4 4 2 0 0 4 2 4 0 0 0 2 1 1 0 1 2 0 1 2 1 2 3 2 0 3 3 3 2 0 1 3 1 3 0 1 4 3 2
0 3 4 4 1 0 4 0 4 4 1 4 0 3 4 4 3 3 2 3 2 4 0 0 2 0 3 4 0 1 3 0 1 3 4 4 0 0 4 0 0 0 1 2 3 0 4 4 0 1 4 2 3 4 0 0 0 3 1 2 1 0 2 4 3 3 3 0 0 3 0 2 3 3 0 4 4 4 0 1 2 4 4 0 1 4 3 3 4 4 0 2 1 4 1 1 4 4 2 4 4 4 2 0 3 4 1 4 0 1 0 2 2 1 0 3 0 0 1 1 1 3 3 3 2 1 1 1 3 3 3 2 3 0 2 3 4 0 4 1 1 4 3 1 1 0 4 3 0 3 2 2 1 0 2 1 4 3 2 2 4 0 4 4 2 4 2 3 1 1 4 0 2 0 1 3 2 2 4 3 0 1 2 4
3 1 0 2 1 4 4 0 2 1 4 4 2 3 3 3 4 4 3 2 4 1 2 2 4 1 2 4 4 1 0 3 4 0 2 0 0 4 1 2 2 2 3 4 1 1 4 2 3 0 4 4 1 4 3 0 2 0 2 2 3 2 2 4 3 4 0 0 0 3 4 2 2 2 3 3 1 3 1 4 3 2 3 4 1 2 2 4 4 4 3 0 1 0 4 1 1 1 1 2 1 0 4 4 0 3 2 1 3 3 0 3 3 0 4 4 4 1 0 4 0 0 1 4 2 0 0 4 4 4 3 0 4 4 4 4 2 2 2 2 2 4 0 0 0 0 2 4 1 4 0 4 0 1 3 2 2 0 3 1 4 1 3 1 1 3 2 0 0 0 0 4 4 0 2 1 0 4 1 4 0 1 3 2
3 3 2 2 0 0 0 0 4 3 3 2 1 0 4 3 2 4 0 2 0 2 3 2 3 1 1 0 0 1 3 3 1 0 2 2 2 4 2 1 2 0 0 1 2 0 1 0 1 3 4 1 0 4 1 0 1 2 1 1 1 4 1 2 1 0 4 3 4 3 2 1 0 4 4 0 4 3 0 1 1 1 4 4 0 0 4 3 0 0 4 1 1 2 0 2 2 2 3 1 0 2 0 3 1 1 0 1 4 0 4 3 3 0 2 3 3 1 2 3 4 3 1 0 3 1 0 2 3 3 1 1 0 1 1 1 4 1 4 1 3 0 4 1 1 1 1 1 4 0 4 3 1 0 1 4 3 1 1 2 4 2 0 1 0 1 4 2 4 4 3 2 1 2 0 2 0 1 0 1 2 4 0 3
1 1 4 0 4 0 4 3 0 1 1 2 4 0 4 3 4 2 2 1 1 2 0 3 0 1 0 2 2 2 2 4 0 1 1 4 4 2 4 1 3 0 3 4 0 0 2 2 2 1 0 1 3 2 1 3 3 3 3 3 2 0 4 2 4 2 3 3 4 2 4 4 2 4 3 0 4 2 2 4 3 2 2 1 4 3 1 0 2 1 0 4 2 4 4 3 1 2 3 2 2 2 3 4 3 1 1 3 3 0 4 3 2 1 4 4 4 2 1 3 4 3 0 3 2 1 1 0 0 4 4 2 3 2 2 3 0 0 1 0 1 2 3 0 3 4 1 0 3 2 0 2 2 0 2 4 3 0 1 4 4 2 1 4 1 0 3 1 1 1 3 2 4 3 4 2 2 1 4 1 0 0 0 3
2 0 4 1 0 1 0 0 0 3 1 2 4 4 0 2 1 4 4 2 2 0 1 2 1 1 0 2 1 2 0 3 2 1 1 3 2 1 0 0 0 1 2 1 3 4 3 4 3 4 3 3 4 4 2 1 0 2 0 1 1 2 2 4 3 3 4 3 2 4 3 4 0 2 0 3 1 0 4 2 4 4 0 3 4 2 1 4 1 1 3 2 0 2 3 4 0 2 4 4 1 4 0 4 1 0 4 4 0 1 1 1 0 3 0 4 0 3 4 3 2 4 3 2 1 1 3 3 4 4 0 0 3 0 4 4 3 1 1 0 2 2 2 2 1 4 2 3 2 3 4 4 2 2 4 0 3 2 0 2 2 0 0 2 3 1 4 1 2 0 1 4 2 0 2 0 4 4 1 4 4 0 3 3
2 2 3 2 2 0 0 1 1 0 3 4 3 2 2 1 4 0 0 2 1 4 4 0 0 0 4 4 2 0 2 4 4 2 2 3 3 4 4 1 1 0 2 4 4 4 0 4 4 3 3 0 2 2 3 3 0 4 2 2 1 2 4 1 1 3 4 4 2 1 2 0 3 4 4 2 0 2 1 0 0 4 2 2 4 2 2 1 4 2 0 0 4 4 1 0 4 3 2 3 1 4 3 4 1 0 1 1 2 0 3 2 4 3 1 0 0 1 1 4 3 2 0 2 3 3 4 3 3 1 1 1 3 2 0 4 2 4 2 4 4 1 3 0 4 1 1 4 2 4 1 0 3 3 4 2 3 4 2 2 2 0 3 0 2 1 1 1 0 4 2 4 0 0 1 1 4 4 2 3 4 3 1 2
3 0 1 2 1 0 1 1 3 1 1 2 2 0 4 4 4 1 0 1 4 2 2 0 1 4 3 2 0 4 2 3 2 0 2 0 1 3 1 4 0 0 1 4 0 2 4 1 4 1 4 0 3 1 0 2 2 3 4 4 0 1 0 4 2 2 4 0 1 3 1 3 3 4 2 0 2 3 3 1 0 2 1 0 0 3 2 4 3 2 4 3 0 4 4 4 3 1 4 4 4 0 2 4 0 2 1 2 0 4 0 2 1 3 3 1 1 2 0 4 1 1 0 2 2 1 1 1 2 3 0 3 0 0 2 0 4 0 4 1 4 1 4 2 4 4 3 2 1 1 4 3 2 1 2 0 2 0 1 0 3 3 3 4 0 3 1 4 0 1 1 0 2 0 2 4 1 3 3 2 4 2 0 3
3 2 3 1 3 1 3 3 0 3 2 0 3 4 2 4 2 3 1 4 0 3 0 1 3 4 3 2 1 1 1 2 0 1 0 0 3 3 4 0 3 3 2 2 2 4 1 1 4 2 3 4 2 3 2 1 2 1 0 1 4 3 0 4 2 0 0 0 0 1 2 3 4 4 0 4 4 3 0 3 2 3 0 2 4 2 0 3 0 0 1 4 1 1 1 3 3 3 0 3 4 2 4 0 1 1 4 2 0 2 3 4 0 3 1 4 2 1 0 3 4 1 4 2 3 2 0 1 0 0 2 1 4 1 2 2 2 1 0 4 3 0 4 1 0 2 2 2 1 2 2 0 4 4 2 4 1 4 0 2 1 4 3 0 0 0 2 0 4 4 1 4 4 0 0 4 3 3 4 4 2 1 1 1
0 0 2 4 1 0 1 2 4 1 4 2 4 3 4 0 3 0 4 4 1 0 4 1 0 3 2 4 1 0 3 4 0 0 3 3 0 1 0 2 4 1 4 3 4 3 3 4 0 0 4 1 0 0 4 2 0 3 3 1 3 1 2 0 2 0 3 4 3 0 1 3 1 2 3 3 0 4 2 1 4 3 4 1 3 1 0 3 1 3 0 0 0 4 2 4 2 3 3 0 3 2 0 2 4 1 0 2 0 4 0 4 3 1 0 1 2 0 2 4 0 2 1 0 3 0 4 0 3 0 1 4 2 3 3 1 4 0 3 4 4 3 0 4 0 2 3 4 4 0 0 0 4 1 0 2 4 2 3 2 2 1 3 4 4 1 2 1 1 3 0 3 1 3 2 3 0 2 3 0 2 3 2 1
2 2 4 1 1 4 0 3 0 4 4 1 2 4 2 1 2 0 4 3 3 3 4 0 1 2 0 0 2 2 2 1 2 1 2 3 0 0 4 2 1 0 3 3 4 3 1 1 3 2 2 1 3 1 1 1 0 4 1 2 3 3 4 2 1 3 3 3 3 2 0 1 2 1 2 4 4 3 2 2 1 4 0 4 2 3 0 2 4 1 2 0 2 3 2 3 1 0 4 2 4 4 0 4 2 2 3 3 1 0 0 4 2 2 3 4 3 0 4 2 3 1 4 0 1 2 1 4 4 0 1 1 1 4 0 4 1 0 2 2 2 0 1 4 4 1 1 2 3 0 2 2 3 1 4 4 0 0 3 2 0 2 3 4 1 0 0 4 0 4 2 4 4 0 1 1 4 2 0 2 4 4 4 2
1 1 3 3 1 3 2 4 0 0 3 3 2 3 3 4 2 2 4 4 4 0 0 3 2 2 3 3 2 4 2 0 0 0 3 2 3 1 1 1 3 1 1 1 4 1 2 3 3 1 2 3 1 4 3 0 4 1 3 1 1 0 1 1 2 1 3 3 4 1 4 0 2 2 3 3 4 0 2 2 2 1 2 0 3 1 3 2 4 1 0 0 4 3 2 3 4 2 1 1 1 2 1 0 0 4 4 4 4 3 3 3 1 1 4 1 4 2 0 3 0 0 4 1 0 3 0 2 2 1 3 0 4 1 1 1 0 2 0 1 2 3 0 3 1 1 2 2 0 2 1 2 0 2 4 2 2 1 4 1 2 2 2 3 0 3 4 0 0 1 4 2 2 1 2 3 4 1 3 4 4 4 1 1
3 2 3 2 3 3 3 3 2 2 1 3 0 3 0 2 4 4 1 1 2 1 2 1 2 0 0 3 1 4 4 1 1 0 0 2 0 3 0 2 3 3 2 0 1 0 3 3 4 1 1 4 4 3 0 2 0 3 2 3 2 4 4 0 4 4 4 4 0 4 3 0 0 3 0 3 3 0 1 2 2 0 3 3 0 4 2 1 2 0 4 1 4 1 1 3 2 3 4 4 2 4 4 4 2 0 3 0 0 1 3 4 1 3 3 2 2 2 0 4 2 1 2 3 4 1 3 2 4 2 3 3 2 3 3 4 0 1 0 0 4 0 2 1 3 2 0 3 4 0 4 4 3 2 2 3 3 1 2 4 3 0 2 2 3 0 4 3 3 4 1 3 1 3 1 1 2 3 4 1 0 4 0 3
1 0 3 1 1 0 0 1 1 2 4 1 0 3 2 0 4 3 0 2 3 1 3 0 1 3 3 1 4 1 2 2 1 0 3 4 1 0 0 4 4 1 0 4 1 2 0 2 2 0 4 0 4 3 2 0 3 3 4 4 1 1 1 4 1 4 3 4 4 0 3 3 2 1 0 0 3 2 3 1 4 2 3 0 2 3 3 2 3 2 1 4 0 2 3 1 3 3 3 4 3 1 0 2 2 2 3 3 4 1 1 3 0 1 1 3 4 4 2 2 3 1 3 3 0 1 1 4 4 4 0 3 3 2 0 2 4 0 2 3 1 3 4 2 0 0 2 1 1 4 1 4 2 4 2 3 3 0 4 4 0 4 4 0 2 2 2 3 2 0 2 4 0 3 3 2 0 0 1 3 1 2 2 4
3 1 2 3 1 3 3 3 2 2 3 1 4 3 0 2 0 4 3 0 4 1 3 4 3 4 2 4 3 1 0 3 2 4 2 0 2 2 4 2 4 4 0 1 2 0 0 2 4 3 0 0 1 3 4 4 4 3 0 4 4 1 2 3 2 1 4 2 3 0 4 3 4 4 1 4 2 1 1 3 4 3 4 2 3 3 1 2 4 1 3 3 4 1 4 4 2 3 1 1 0 2 1 4 1 2 0 3 3 4 2 4 2 3 1 1 3 4 0 2 2 4 3 4 0 2 3 4 2 4 2 2 1 3 3 4 0 4 0 0 3 4 1 2 2 4 3 0 3 4 3 1 3 3 2 0 0 0 1 4 1 4 3 4 2 1 0 0 2 0 2 2 4 4 0 3 3 0 1 4 4 4 2 4
4 4 1 4 1 3 3 2 4 3 3 1 4 3 3 4 1 1 3 2 2 3 1 0 4 2 1 0 3 3 2 2 4 0 3 0 0 3 4 4 1 4 3 2 3 1 1 4 2 0 1 4 0 4 2 1 3 0 4 1 4 3 0 0 3 3 3 1 1 2 0 4 2 3 2 2 0 0 3 4 0 4 1 3 1 0 4 4 0 0 3 1 3 3 2 4 4 0 0 2 4 2 2 3 1 4 0 3 1 0 4 4 0 0 2 3 0 3 2 1 4 0 2 2 4 1 1 0 3 3 2 3 1 4 3 4 0 1 2 2 1 3 1 3 4 0 1 1 3 1 4 2 1 4 2 2 0 0 2 1 4 0 4 2 1 4 1 2 0 3 1 2 3 4 0 4 4 4 1 4 0 2 4 1
1 1 1 4 3 0 0 4 2 1 1 4 0 2 3 1 2 1 0 1 0 0 0 1 4 3 0 1 1 4 0 4 2 1 3 1 3 0 0 1 1 2 0 2 4 0 0 2 1 0 0 3 2 0 4 4 4 1 0 2 1 0 1 0 3 0 1 2 0 4 3 4 1 0 1 2 0 3 1 3 3 1 3 0 4 4 4 0 0 0 2 3 2 3 4 1 0 2 3 3 1 3 2 4 3 0 2 0 3 0 3 3 4 3 3 0 2 0 0 2 2 2 1 4 2 2 0 0 4 0 3 1 3 2 2 3 4 1 3 4 2 3 2 3 1 2 3 3 4 3 1 1 2 4 3 1 3 0 1 2 1 1 0 1 3 3 0 4 4 3 3 3 2 2 1 0 2 4 4 1 4 2 0 1
3 3 0 1 3 1 3 1 3 1 3 3 1 0 0 0 3 0 1 2 3 4 3 2 1 4 3 0 1 0 4 4 3 4 2 4 2 2 0 2 3 0 1 4 0 3 2 1 3 0 3 3 4 3 0 0 2 1 1 0 1 2 1 0 1 3 1 3 1 1 1 1 2 4 3 4 2 0 0 2 0 4 1 1 2 1 2 2 2 0 2 1 2 4 1 3 4 2 3 0 0 1 4 4 0 2 4 4 4 4 4 1 0 0 2 0 3 4 2 3 4 1 4 1 2 2 1 2 1 2 4 1 3 3 3 1 0 2 0 1 1 1 2 4 1 0 4 2 4 1 0 1 4 4 4 2 3 3 4 4 0 3 2 3 4 0 4 1 2 2 3 1 3 0 0 2 0 4 4 2 2 1 0 3
2 4 0 0 2 4 1 4 0 3 3 4 4 4 2 3 3 0 4 4 3 1 3 0 0 4 2 4 0 4 3 4 4 0 4 3 2 2 3 2 0 3 3 4 4 2 3 0 3 4 4 1 1 2 3 3 1 3 0 3 2 0 2 3 0 3 2 2 0 2 1 0 2 4 2 3 4 2 3 2 3 4 0 4 3 3 0 4 1 0 4 4 0 1 4 0 1 3 0 1 0 1 4 4 3 3 3 2 0 3 4 3 3 1 0 1 1 0 3 3 0 2 4 2 1 3 4 4 2 4 1 4 1 2 1 4 0 1 1 2 4 2 2 4 3 4 3 1 4 3 4 1 2 0 0 3 1 0 0 0 4 3 1 0 0 2 4 2 0 2 1 0 4 0 1 4 0 1 3 1 4 2 0 2
0 0 2 3 0 2 3 0 0 4 2 2 4 4 4 4 1 0 1 3 1 3 4 3 4 2 4 1 2 4 3 4 0 2 2 2 0 0 4 0 1 2 0 0 1 4 0 4 2 1 4 0 1 1 3 3 3 4 4 2 4 4 1 1 1 3 0 1 0 0 4 2 4 4 4 0 0 4 1 4 3 3 4 1 4 4 4 2 1 0 2 2 4 0 3 3 4 0 1 1 0 2 0 4 3 0 1 4 1 0 0 4 3 2 1 2 1 2 1 2 0 3 4 1 4 4 4 0 0 1 3 2 0 4 2 4 4 0 0 2 0 0 4 3 2 2 0 1 4 2 0 4 2 2 1 3 3 2 3 0 0 4 3 1 3 2 0 4 2 2 1 0 4 0 3 4 2 1 0 4 0 2 0 4
4 1 3 0 1 3 0 1 2 3 2 0 0 4 1 0 3 3 0 3 0 0 2 0 1 4 4 3 3 4 3 0 3 1 0 4 4 0 0 4 4 0 1 1 1 3 3 0 3 0 3 3 1 2 3 4 3 4 3 1 4 3 1 4 4 3 3 0 4 0 4 0 2 3 3 4 1 2 4 4 2 4 4 0 3 0 0 1 4 0 4 0 3 3 4 4 1 4 4 0 2 1 0 4 1 1 0 2 3 4 3 2 0 2 3 3 2 0 1 4 0 1 4 0 4 1 4 2 2 0 3 4 3 0 1 4 1 1 1 1 3 4 1 3 4 4 4 1 1 2 2 3 0 2 3 1 0 2 4 2 2 4 4 1 4 2 0 3 3 4 1 3 0 2 4 4 3 0 3 4 2 0 2 3
4 0 1 4 4 0 4 4 4 0 0 1 2 2 1 2 3 2 1 4 0 0 0 3 0 3 0 4 1 4 4 0 2 1 2 1 3 1 0 0 1 2 1 3 2 4 2 0 1 3 1 1 3 2 2 0 2 4 0 3 3 4 4 2 0 1 4 1 4 1 1 2 4 4 2 3 3 4 0 4 3 2 3 3 1 2 4 3 1 4 4 1 0 0 4 1 1 0 4 2 3 0 4 2 4 1 2 4 0 3 0 0 0 3 4 3 2 3 3 3 4 2 2 4 2 3 2 0 0 1 2 3 3 3 3 4 4 0 3 2 3 4 2 0 4 3 3 2 3 2 2 2 4 1 4 4 4 3 4 1 0 4 0 0 2 3 0 4 3 0 3 2 4 0 4 1 4 3 3 2 2 2 2 3
4 3 2 0 1 4 2 3 3 2 4 2 2 4 1 0 4 4 4 1 2 4 4 3 4 2 2 1 1 1 1 2 4 4 3 1 3 2 4 3 1 3 0 3 4 4 0 1 0 0 4 2 1 3 2 2 2 0 0 3 1 1 3 1 0 1 4 0 0 3 0 1 4 1 1 0 2 1 3 2 3 2 0 4 2 4 3 4 4 3 0 3 0 0 1 2 1 0 0 3 3 0 4 4 3 2 2 0 3 0 3 2 0 0 3 2 4 2 4 4 0 1 4 2 1 0 2 4 0 2 2 0 4 3 2 3 0 4 3 3 1 1 2 1 1 1 4 3 3 0 4 0 1 3 3 4 3 0 3 0 4 2 2 3 0 4 1 2 3 2 2 0 3 0 3 2 1 4 2 1 4 1 1 2
4 1 1 4 3 1 1 2 3 3 3 0 3 4 4 3 1 2 0 2 4 1 1 2 0 3 3 2 1 1 4 0 3 3 1 1 4 4 1 0 2 4 0 2 0 0 3 4 4 0 1 3 1 4 2 4 4 2 1 0 3 2 2 3 0 3 0 2 4 1 2 1 0 2 1 2 4 1 1 0 1 4 3 0 3 2 4 2 4 0 2 0 2 4 3 0 4 3 2 3 1 1 2 3 3 3 1 0 1 2 0 2 2 1 2 2 3 3 0 0 0 4 0 0 1 3 0 2 4 4 1 2 0 0 1 0 0 4 2 1 3 3 0 0 1 3 0 1 3 2 1 4 1 1 4 4 2 1 2 3 0 0 0 2 2 3 2 2 2 0 0 1 0 0 3 1 0 0 2 4 2 1 0 1
4 1 0 1 2 4 4 4 1 2 1 3 0 0 2 0 2 2 3 4 3 3 2 0 4 2 4 1 3 1 2 2 2 0 4 4 4 0 0 3 2 1 1 0 4 4 0 3 1 3 0 1 1 2 2 2 4 3 4 2 0 3 2 2 0 3 4 0 3 4 0 3 3 1 0 4 2 0 2 1 0 2 2 3 2 1 3 1 2 2 1 4 2 3 1 3 1 2 0 1 2 0 1 0 3 1 4 1 3 3 2 0 3 1 1 2 0 4 3 2 3 1 1 0 1 4 3 4 2 0 3 4 0 4 1 4 1 2 0 1 0 4 2 0 2 0 2 2 4 3 1 4 1 2 4 3 4 0 4 1 0 2 2 3 2 0 2 0 2 4 3 4 0 2 0 2 2 4 0 3 4 1 2 1
1 4 1 0 4 0 3 1 3 2 4 2 2 3 4 4 4 2 3 4 0 0 2 4 2 4 3 1 2 2 2 0 1 0 2 2 1 0 4 1 2 0 0 1 4 4 0 0 1 1 0 3 1 4 3 0 0 1 2 4 0 1 0 2 2 2 4 0 0 0 3 4 1 3 1 2 2 3 2 0 4 4 1 3 0 4 3 0 2 2 2 2 1 2 1 3 1 1 0 3 3 3 0 4 3 3 3 2 1 3 2 1 4 3 1 0 4 1 2 1 4 4 1 0 3 2 0 0 0 2 0 4 0 0 3 0 3 4 2 0 2 4 3 3 0 4 3 4 0 3 3 1 2 4 1 1 3 3 3 4 0 3 3 2 4 3 2 4 2 4 4 1 1 4 0 1 3 0 2 1 3 0 4 3
1 1 4 2 1 4 1 2 2 4 4 3 4 4 3 4 3 4 0 4 4 2 2 4 0 0 2 3 2 2 3 1 0 4 3 1 3 1 0 3 2 2 3 1 1 3 0 4 0 3 1 1 2 3 2 2 0 0 3 0 4 1 1 1 1 1 2 1 2 0 1 4 2 0 2 0 3 3 1 0 3 2 1 0 3 4 3 0 4 1 0 0 4 3 1 2 1 0 4 0 0 0 1 4 0 4 4 1 4 1 1 2 3 0 2 3 4 2 4 0 0 1 0 0 2 3 2 3 3 3 4 1 4 0 0 1 1 0 4 0 3 3 2 3 3 2 2 4 1 3 4 2 4 1 2 1 4 1 2 4 2 1 0 1 3 3 4 0 0 1 0 3 4 0 1 4 4 3 3 0 3 4 2 0
2 1 1 1 0 0 2 2 1 0 0 2 3 1 2 3 2 4 1 3 1 2 2 0 3 2 3 1 3 2 1 0 1 0 3 1 0 1 0 4 1 2 3 1 3 0 4 1 1 2 4 3 1 4 0 4 3 3 3 4 1 4 4 2 1 3 0 4 1 2 0 4 4 3 0 2 0 1 0 1 3 2 4 4 1 0 1 1 0 4 0 1 0 0 0 4 0 2 3 3 4 0 2 0 3 4 0 3 0 0 1 3 2 1 4 0 3 0 2 0 1 4 2 2 1 4 3 1 4 3 1 0 3 3 1 1 2 1 1 4 3 2 2 1 0 4 3 0 4 0 1 3 2 0 2 3 4 0 2 0 3 3 1 1 4 2 4 1 0 2 3 3 4 0 4 2 1 3 2 3 0 0 1 2
0 3 3 2 0 0 2 3 3 3 1 2 2 2 1 2 4 4 1 0 1 2 2 3 2 2 1 0 2 4 4 0 2 2 2 4 2 1 4 3 0 2 0 4 4 3 4 0 2 2 0 1 4 0 1 4 4 2 1 3 3 0 3 2 0 2 1 4 4 0 2 1 2 0 0 3 3 4 3 3 1 3 1 3 0 2 4 4 1 0 3 4 0 3 1 0 1 4 0 0 4 4 1 3 4 3 1 0 0 4 0 3 4 1 1 2 3 0 1 1 2 1 0 3 0 3 0 3 2 2 3 3 2 1 3 1 4 4 3 4 0 3 3 1 4 1 3 4 4 2 0 1 3 2 1 0 2 2 3 4 4 3 4 3 4 2 2 1 3 0 0 0 1 0 4 0 4 2 2 0 1 4 1 0
4 3 2 1 2 1 3 3 1 4 2 1 2 4 2 2 1 4 0 2 2 4 0 3 3 4 3 0 3 4 2 2 4 1 1 3 4 4 2 1 3 1 2 2 2 1 2 3 2 4 3 4 3 3 2 3 2 0 0 2 2 4 2 3 1 3 2 0 4 4 3 4 2 2 2 4 3 1 4 1 0 2 2 0 2 0 0 4 2 1 4 1 2 1 0 3 4 2 1 3 3 1 2 0 4 1 4 2 4 3 0 4 3 3 1 0 3 2 2 2 0 1 4 2 2 4 3 3 1 1 3 1 2 2 1 1 1 2 1 0 0 1 2 3 4 0 1 4 2 3 2 4 1 3 2 3 2 2 3 0 3 1 3 2 0 4 1 1 1 2 4 3 3 3 4 0 3 0 4 1 3 3 2 1
3 4 1 0 3 4 2 3 2 0 1 2 1 2 1 2 4 2 1 4 0 0 4 3 2 1 1 2 1 4 3 0 0 4 2 4 0 0 2 2 2 0 1 4 2 4 3 3 1 1 3 1 3 4 0 0 0 1 4 2 2 2 4 3 3 1 4 3 3 1 0 1 4 4 2 1 3 2 0 2 4 0 3 2 4 0 0 2 2 4 1 4 2 0 4 0 1 3 1 0 2 1 3 1 2 0 2 3 2 4 0 3 4 0 1 1 1 3 3 3 2 4 4 1 4 1 4 0 4 0 2 3 3 0 4 1 2 4 1 2 0 1 0 0 1 3 1 2 3 4 2 1 3 4 4 4 0 3 1 1 0 4 0 4 1 4 2 4 0 3 1 1 1 3 3 4 4 4 4 2 0 3 0 0
2 0 1 4 0 2 1 1 1 3 0 3 4 4 4 0 4 2 3 2 2 1 1 1 2 0 1 2 1 1 4 3 1 0 0 2 2 1 3 1 4 0 1 3 1 0 0 0 4 3 2 1 4 0 3 1 3 4 0 4 0 1 2 4 3 4 1 3 0 1 4 1 3 2 2 4 4 2 1 3 3 3 4 2 3 2 1 1 3 3 2 1 2 2 0 0 1 3 3 2 1 4 0 4 1 4 0 0 2 1 3 0 1 3 4 1 2 2 0 1 3 2 2 0 4 4 0 1 2 4 0 3 0 2 4 2 2 4 4 4 2 0 1 0 0 2 1 2 2 1 0 0 1 4 0 0 3 0 3 2 1 3 2 2 3 1 1 0 2 2 1 1 2 4 1 4 1 0 4 0 1 1 0 4
1 0 0 1 3 0 1 1 4 3 0 4 2 3 4 1 3 0 3 2 4 1 2 2 1 1 3 0 2 0 4 0 3 4 4 3 2 0 4 3 0 2 2 2 0 1 4 3 1 4 1 2 0 0 1 2 3 1 2 2 2 1 3 0 3 4 0 0 1 4 3 1 3 0 1 1 1 0 1 4 1 2 3 1 4 4 3 2 3 0 0 0 2 0 2 2 4 2 2 2 3 2 3 4 2 1 0 0 3 1 1 4 1 4 1 0 0 4 3 3 2 0 0 1 0 4 3 1 3 2 3 4 4 3 3 1 0 3 3 3 1 4 3 2 0 4 0 0 0 0 1 4 0 3 0 0 3 0 3 3 2 1 2 1 4 0 4 4 0 2 3 2 3 3 4 3 4 4 4 1 1 2 1 1
2 1 3 0 4 1 1 1 4 3 0 4 4 1 0 4 4 3 3 4 3 3 3 2 4 4 4 1 1 2 4 3 0 0 1 4 1 2 3 3 0 3 2 1 1 2 3 0 3 1 0 3 1 0 1 3 4 2 1 0 1 0 0 1 0 1 3 4 0 1 2 3 1 1 1 2 0 1 0 3 3 2 2 1 2 0 4 1 4 2 3 0 3 3 3 0 2 1 1 2 2 0 2 3 1 4 1 2 0 3 2 0 0 1 4 2 1 0 3 2 3 3 2 3 1 3 3 3 4 0 3 2 2 2 2 4 3 0 3 1 3 0 3 3 2 2 2 0 0 2 0 3 0 2 1 2 0 1 2 2 3 2 4 1 2 3 0 0 4 0 3 4 0 2 0 4 1 2 2 1 0 2 1 2
1 2 1 4 1 4 1 4 3 2 2 2 0 2 3 1 4 1 3 0 0 3 1 2 2 0 3 4 2 2 2 1 4 0 0 2 4 3 2 0 2 4 2 4 4 2 1 3 1 1 0 1 1 4 0 0 1 1 0 1 3 4 2 4 4 4 2 1 4 1 3 1 2 2 0 3 0 3 4 3 4 1 4 0 2 2 1 4 3 3 0 1 4 2 2 3 3 4 1 2 2 4 3 0 2 3 0 4 2 4 2 1 1 1 4 3 3 2 2 3 2 4 4 1 1 2 1 1 3 3 3 1 2 1 3 1 2 3 0 4 0 2 2 1 1 3 1 1 2 1 0 4 0 1 2 4 0 4 2 1 4 1 2 1 4 2 0 1 2 0 2 2 0 0 0 1 0 2 2 3 0 4 4 2
1 2 3 3 1 1 4 0 4 3 3 0 0 0 2 3 1 1 0 1 3 1 4 4 0 1 4 2 3 3 4 4 0 0 2 3 1 4 0 2 2 1 2 0 1 1 3 4 3 0 2 1 3 1 2 0 0 1 2 3 0 4 4 2 4 3 1 0 2 1 2 0 4 4 0 1 1 0 0 1 2 3 4 1 1 2 1 1 3 1 4 0 0 3 3 4 2 1 1 1 4 0 1 4 1 3 0 4 0 2 0 3 2 0 1 4 4 4 0 4 0 2 0 0 0 0 1 4 1 2 1 0 2 4 1 4 0 1 3 0 1 1 3 3 1 1 4 0 1 0 4 1 2 1 4 4 3 0 4 4 0 2 2 4 1 3 3 1 2 4 2 0 2 2 0 3 4 0 0 0 0 1 3 4
0 2 3 3 0 4 3 2 1 2 1 0 2 2 1 1 3 0 1 0 3 2 0 4 2 0 1 4 3 1 3 3 4 3 2 1 0 2 3 1 4 1 1 3 3 0 0 1 0 1 1 0 0 1 1 2 3 2 3 2 4 3 0 0 2 4 3 2 1 3 0 2 4 4 1 3 4 1 1 1 4 3 4 2 1 0 1 0 3 0 4 4 3 1 1 2 1 4 1 2 2 4 2 1 3 3 1 4 1 3 2 2 3 1 4 4 2 1 1 2 3 2 1 3 4 2 1 0 3 2 4 0 1 1 3 1 1 2 2 4 2 0 2 0 1 3 1 3 1 0 2 4 2 3 3 1 2 1 3 0 3 3 2 2 1 3 0 3 0 3 2 2 3 1 4 1 0 0 2 3 0 4 3 0
3 3 1 2 4 0 3 4 0 2 3 1 0 1 4 2 4 4 4 4 0 3 0 2 1 2 1 3 4 4 3 2 4 2 1 0 4 1 4 4 4 0 2 4 1 4 4 2 3 3 1 0 4 3 3 2 3 4 0 2 0 1 1 1 0 2 1 4 4 2 0 0 2 4 4 0 3 0 2 3 4 0 4 0 4 2 2 4 3 4 1 3 2 4 1 2 3 2 3 2 4 0 4 4 0 1 1 0 1 1 4 2 1 3 2 2 2 1 1 0 3 4 0 0 0 1 0 4 0 3 3 4 1 3 0 1 4 2 3 0 0 2 3 1 2 2 1 1 4 4 3 4 1 3 1 1 1 1 2 1 2 1 3 3 1 0 1 0 4 4 2 4 4 2 3 3 0 4 0 1 3 3 2 4
4 3 3 0 0 0 4 4 3 4 2 4 1 0 1 1 1 1 2 0 3 0 4 0 1 1 3 0 4 0 1 3 4 1 1 4 2 2 0 2 1 2 4 2 4 0 0 0 3 0 3 4 0 4 4 2 0 3 4 4 3 2 0 4 4 1 0 3 3 0 0 1 2 4 0 3 2 1 4 0 1 2 4 3 3 1 2 3 4 3 2 4 1 2 4 2 0 4 0 3 0 2 4 4 2 0 3 4 3 4 1 1 3 3 1 1 4 4 4 0 4 3 4 0 3 0 4 3 2 4 4 4 2 0 0 1 0 0 0 0 4 3 1 4 1 3 0 0 4 1 0 3 0 2 1 0 4 0 0 3 2 4 4 4 0 0 0 2 2 2 3 4 0 1 3 4 1 4 4 2 2 2 1 4
1 2 4 0 4 2 1 1 3 0 0 3 2 2 3 0 1 3 4 4 1 2 3 3 3 4 0 3 1 3 2 2 2 2 0 2 1 1 3 4 3 1 0 1 0 3 3 2 3 2 3 4 1 1 4 2 0 0 0 2 0 2 1 3 1 3 0 2 4 0 4 0 3 4 1 4 4 4 3 2 3 1 1 1 2 1 3 4 3 0 3 3 3 2 1 1 0 3 1 2 4 0 2 2 1 0 3 0 4 1 2 4 4 0 0 3 3 4 3 1 4 3 2 4 0 0 3 1 1 1 3 2 1 0 1 2 2 0 2 1 3 1 2 3 1 2 3 0 3 3 3 0 2 2 1 2 3 4 3 4 0 3 1 3 0 2 2 2 4 1 0 0 2 2 3 1 2 3 1 0 2 1 2 4
4 4 1 4 0 2 0 1 2 3 1 3 0 4 2 2 2 3 2 2 2 2 3 4 0 1 2 2 2 4 3 3 3 2 2 4 1 2 2 3 0 0 3 3 1 1 0 4 1 4 1 3 1 1 0 3 2 2 3 4 3 1 0 2 3 2 3 1 0 2 0 2 4 3 2 1 1 4 2 2 3 0 3 1 1 3 0 3 0 0 4 0 1 4 2 2 4 2 3 1 1 0 3 1 4 1 4 2 2 3 0 1 3 3 4 1 3 4 1 0 4 2 0 3 2 0 0 3 2 0 4 1 1 4 4 2 2 3 4 0 1 1 3 1 4 2 2 2 2 0 4 3 2 0 3 1 0 0 4 4 1 3 0 4 0 4 1 2 4 2 4 2 4 2 3 3 0 2 3 4 2 4 4 2
4 3 3 4 3 3 1 1 3 1 0 3 3 3 3 2 1 2 2 0 0 2 0 0 2 0 4 1 0 3 3 4 3 2 1 2 0 2 0 0 0 1 4 3 4 4 3 0 1 2 2 1 4 3 3 1 3 4 3 0 0 1 0 3 0 3 2 0 0 3 3 2 4 4 3 0 3 1 3 4 3 0 3 4 0 1 3 1 3 1 1 3 4 3 1 0 1 1 2 3 4 0 1 0 1 4 0 4 2 0 1 2 3 4 1 3 2 4 4 0 2 1 0 4 4 4 1 3 0 3 1 4 1 4 4 2 0 1 4 2 4 0 4 2 1 3 0 0 4 2 1 4 0 1 3 1 2 4 1 2 4 3 1 2 4 2 2 0 1 1 2 0 3 4 2 4 4 4 1 0 3 2 4 0
1 4 2 3 0 3 3 2 3 4 1 3 4 3 3 2 1 2 2 4 3 1 0 2 2 2 0 1 1 4 1 4 1 0 0 3 1 3 0 1 4 2 1 3 2 1 0 4 4 4 0 4 0 3 2 0 2 2 1 0 3 4 2 1 2 2 0 0 0 2 1 1 1 0 2 1 1 4 0 2 4 2 2 1 2 4 1 1 3 4 2 3 1 4 0 3 3 2 3 0 4 1 1 3 1 0 4 0 0 1 2 1 3 4 2 3 0 1 4 3 2 3 2 3 4 4 1 2 1 1 4 0 0 1 0 3 3 4 3 3 0 1 4 1 2 4 1 3 2 2 1 4 1 0 3 2 1 1 0 2 0 1 0 0 4 0 0 3 2 4 1 2 2 3 0 4 2 1 2 4 4 1 0 2
3 3 4 0 2 1 4 2 3 4 4 2 2 4 2 4 0 4 3 4 2 4 1 1 2 3 2 3 1 2 2 2 3 2 4 2 0 3 4 0 0 0 0 2 1 2 1 4 1 1 3 0 0 4 3 0 0 0 0 3 0 3 2 0 2 1 2 4 2 3 0 2 0 0 1 1 2 2 0 1 0 1 3 1 2 2 3 2 4 0 3 1 0 0 3 2 2 2 4 1 0 4 3 0 1 4 4 0 3 1 3 3 2 2 1 0 1 1 4 0 2 2 4 2 3 2 2 2 2 1 3 2 2 3 0 0 4 1 0 2 2 4 2 0 1 1 2 4 2 1 1 1 4 0 1 4 0 0 1 2 3 1 1 0 4 3 0 3 4 2 2 2 1 1 4 4 2 1 3 2 4 0 0 3
0 1 4 2 3 0 1 1 3 3 3 2 3 3 2 3 3 4 0 4 1 1 4 0 2 4 2 1 4 3 2 2 1 1 4 0 4 3 3 2 3 2 2 1 2 4 4 0 1 1 2 4 2 3 4 1 2 2 0 2 2 2 4 0 0 0 2 4 0 1 4 3 0 1 0 2 2 1 0 3 3 2 2 2 0 2 4 2 1 4 1 0 3 2 0 3 0 0 3 0 1 2 4 1 0 4 0 2 2 2 3 0 4 2 0 1 4 1 1 2 0 2 2 0 0 0 3 0 0 3 0 3 2 1 1 2 2 3 2 0 1 2 2 2 4 2 4 1 0 0 3 0 4 3 2 1 0 1 3 2 4 4 0 2 2 3 1 0 1 3 2 2 0 4 0 2 4 1 3 4 3 1 2 2
1 4 4 1 2 2 3 2 3 0 1 3 3 2 3 0 3 2 4 0 3 1 2 2 2 0 4 2 4 3 0 0 4 1 4 2 0 4 4 1 0 2 4 0 4 4 0 4 1 2 0 4 3 4 4 3 0 3 2 1 3 2 1 2 0 0 4 1 2 0 2 2 2 3 2 4 2 0 3 3 4 0 2 4 0 3 4 2 1 2 3 1 4 4 4 2 2 3 0 4 1 4 3 0 2 2 4 4 2 3 4 3 3 3 3 0 2 2 2 0 4 0 2 1 2 1 3 4 1 0 0 4 4 0 0 1 2 4 2 2 4 1 0 0 1 0 0 3 3 3 4 2 0 3 0 2 1 0 3 2 0 0 4 4 0 4 2 0 3 4 2 0 2 4 0 4 0 0 4 0 0 3 4 3
3 0 0 4 2 4 4 3 1 3 4 2 2 2 2 2 3 1 2 1 2 2 2 4 0 1 4 2 0 4 0 0 1 1 0 3 2 4 3 3 2 3 2 1 2 1 3 0 4 3 3 4 2 0 3 2 2 0 0 4 4 2 4 2 3 4 2 2 0 1 3 4 1 2 2 3 1 3 3 0 1 4 1 3 4 0 3 1 0 0 0 1 2 0 0 3 1 2 2 4 0 2 0 1 0 3 4 3 1 0 3 2 4 0 2 0 2 0 2 2 2 4 0 0 1 0 0 0 2 2 4 3 2 4 1 2 2 3 0 0 0 0 2 1 2 2 1 1 4 3 3 2 0 0 4 1 0 1 1 0 0 2 0 2 2 1 1 1 4 3 2 4 4 1 0 3 3 4 0 3 4 0 2 4
1 3 1 3 4 4 3 4 2 3 4 4 2 0 2 3 4 4 3 0 1 0 3 1 1 0 4 1 1 3 0 4 1 3 2 0 3 3 2 2 3 1 1 0 1 0 4 2 0 4 2 3 1 1 4 3 3 1 1 4 4 1 3 3 2 3 0 2 1 2 4 4 0 2 2 4 2 1 1 2 2 4 0 3 2 2 3 0 3 4 2 2 1 2 0 0 0 1 2 3 0 3 3 1 0 2 2 2 3 3 2 2 4 4 0 3 1 4 1 4 3 3 4 1 0 1 3 3 4 2 1 2 0 1 3 0 3 2 0 3 0 2 0 2 3 3 0 0 4 1 1 4 1 2 3 4 4 1 4 0 1 2 2 1 4 2 4 4 4 4 0 0 3 2 4 1 2 4 3 1 3 2 1 1
4 1 2 0 4 1 1 0 4 3 2 0 3 3 1 2 4 1 4 4 1 3 2 3 0 1 0 0 3 3 1 4 4 1 0 0 2 3 1 3 3 0 3 1 3 0 4 4 3 3 3 4 4 0 0 4 3 0 4 3 0 2 3 1 3 0 1 3 3 4 1 1 4 0 3 4 2 2 0 2 2 3 4 1 4 4 0 2 1 1 1 3 4 1 4 4 1 2 2 1 2 1 2 3 3 0 0 0 4 0 4 4 4 0 0 0 4 3 4 2 4 2 0 0 3 4 2 1 4 4 2 1 0 0 1 3 2 1 0 4 2 2 3 3 2 0 3 4 3 4 1 0 2 4 0 2 0 4 4 4 4 1 2 1 3 4 2 3 0 4 2 4 3 2 2 1 2 2 0 3 2 3 3 4
2 0 1 3 0 2 2 1 4 0 4 4 1 3 2 1 3 1 1 1 0 0 4 0 3 1 3 2 0 3 1 4 3 4 2 3 2 2 1 3 4 1 2 0 4 2 3 4 0 1 3 1 2 2 3 2 4 1 4 1 4 2 0 4 3 0 0 0 2 1 0 3 2 0 0 4 4 3 3 4 0 3 2 4 1 0 3 2 3 4 3 2 1 0 4 4 0 4 2 4 0 4 2 0 4 2 4 3 1 4 0 3 3 4 4 1 0 2 3 3 1 3 3 4 3 2 0 4 1 4 3 3 4 3 3 0 2 4 1 0 1 1 3 4 0 4 0 2 1 0 3 4 3 3 3 1 0 4 2 3 3 3 3 4 3 2 0 0 3 1 1 4 4 4 0 1 1 0 1 2 2 4 4 0
2 2 4 4 3 3 4 4 3 2 0 1 1 0 2 0 3 3 1 4 4 2 3 0 4 4 0 2 3 4 4 2 3 0 1 4 4 0 0 4 4 0 1 3 3 3 0 3 3 1 3 4 0 3 0 0 2 2 2 0 3 3 4 1 4 0 2 0 2 2 4 3 3 2 1 3 2 1 1 0 0 1 2 0 4 2 0 1 1 4 3 4 0 2 2 4 4 0 1 1 4 2 2 2 0 3 0 2 2 4 0 2 0 2 4 0 1 2 3 2 3 2 3 3 4 0 2 1 0 0 2 0 3 4 4 3 0 2 0 2 3 2 1 3 4 2 0 0 4 4 4 3 1 2 1 2 3 1 0 0 1 3 2 1 4 4 4 1 1 2 3 4 4 1 4 1 4 0 1 0 1 1 3 4
3 2 3 3 0 4 4 3 4 3 0 3 2 1 0 0 3 0 1 0 4 3 1 3 3 4 0 1 0 4 0 1 3 3 4 3 2 0 1 1 1 3 2 3 0 4 1 0 1 2 0 0 0 3 0 0 3 1 1 3 2 1 1 2 2 3 0 1 0 3 3 1 4 2 2 4 3 3 4 4 0 2 0 3 0 2 3 3 3 2 4 2 0 2 4 2 2 4 4 3 0 4 4 4 1 1 0 1 1 1 0 4 0 2 2 1 0 2 1 3 4 2 1 2 2 2 4 4 4 3 2 4 4 4 0 2 2 0 3 4 3 4 3 4 1 2 2 1 4 0 2 1 3 0 3 2 2 4 1 1 0 4 2 4 0 4 2 2 1 2 3 0 1 3 1 0 0 3 3 0 3 2 3 3
2 3 0 2 2 2 0 2 3 0 2 3 4 1 2 1 3 1 3 2 4 4 2 2 2 2 4 0 0 2 1 4 0 1 3 2 3 4 0 3 1 4 3 0 0 1 3 3 4 1 2 0 2 4 4 4 4 3 2 4 0 3 0 2 1 4 2 2 0 4 0 1 3 4 3 0 2 2 0 3 0 3 0 3 4 0 4 3 3 1 4 1 1 0 0 3 1 2 0 3 1 2 4 1 3 2 1 2 1 4 2 4 2 3 2 1 0 1 2 0 0 1 3 3 3 4 3 1 3 0 4 2 3 3 3 3 3 2 1 1 1 3 0 0 3 2 3 3 1 0 1 3 2 4 1 2 0 0 4 4 0 3 3 0 4 1 4 4 0 0 0 3 0 1 3 4 0 2 4 3 4 2 1 3
4 3 1 4 0 2 0 2 0 3 3 1 2 2 0 2 4 1 3 1 4 1 2 1 0 2 0 0 1 3 3 0 3 1 2 3 3 2 1 1 3 1 2 0 0 3 4 4 1 2 2 2 4 0 3 1 2 0 3 0 4 4 1 2 0 3 3 1 2 1 2 0 2 1 0 2 1 0 3 2 4 0 1 0 0 2 2 4 2 2 0 3 1 1 3 4 1 1 0 3 2 4 4 1 0 1 3 4 3 3 3 3 3 0 3 4 2 2 3 1 0 0 0 3 3 0 2 4 1 4 3 0 3 4 3 1 0 3 0 1 1 3 1 4 0 4 3 2 4 4 1 1 1 1 4 0 1 2 4 4 1 4 1 2 0 4 3 3 2 0 4 3 0 0 4 1 1 3 0 2 4 1 3 0
4 3 2 2 2 4 3 0 0 4 4 1 0 4 1 4 4 2 4 2 4 4 3 0 4 0 0 0 2 3 2 3 3 0 1 2 1 4 0 1 1 4 4 1 4 0 3 0 2 2 2 1 1 2 4 2 3 4 2 2 4 0 0 0 2 3 2 3 3 4 4 1 4 1 2 3 1 2 0 1 0 3 4 3 0 0 3 0 1 0 2 1 2 0 3 4 3 2 4 3 2 4 4 1 0 4 1 3 1 1 1 3 4 1 4 2 1 2 4 0 4 2 3 2 4 1 3 4 3 0 3 0 1 2 1 1 3 4 1 0 1 3 0 2 1 4 4 4 3 4 4 3 3 2 2 4 3 2 3 4 2 1 4 3 1 3 1 1 2 0 3 3 0 4 3 1 0 2 0 1 3 0 1 3
4 3 2 3 2 3 2 2 1 3 2 4 1 1 1 1 1 4 1 1 0 4 2 1 2 4 2 2 4 3 3 4 3 0 4 2 0 3 4 2 1 4 1 0 0 2 1 1 4 2 2 4 4 1 0 3 0 4 0 2 4 3 3 2 1 2 2 3 2 3 0 3 2 4 0 2 3 3 3 2 3 2 2 2 0 4 0 1 1 2 0 0 3 3 0 4 2 2 4 4 2 0 4 0 4 0 2 4 3 3 2 3 0 1 0 3 2 0 4 0 0 1 1 3 4 3 4 1 2 3 2 4 3 1 4 4 1 4 1 2 2 3 0 4 1 3 2 0 0 3 1 0 1 4 3 0 4 2 3 1 1 0 2 1 4 4 3 2 3 4 4 2 4 2 3 0 0 1 0 0 1 3 3 3
2 1 0 1 4 1 4 2 1 2 3 0 1 3 3 1 2 4 3 1 3 1 3 0 4 1 3 3 4 1 3 4 2 0 0 3 1 2 0 0 4 1 0 2 1 0 0 4 2 3 2 0 1 1 1 3 2 4 1 3 0 1 2 4 1 0 3 0 2 0 0 3 3 0 2 2 3 2 1 0 0 0 2 3 1 3 1 0 4 4 4 1 2 1 1 1 3 1 1 0 3 1 3 4 3 0 1 3 2 4 3 4 4 3 0 1 1 3 3 3 0 2 4 2 1 0 0 4 3 1 2 2 4 2 3 3 3 4 1 2 3 2 4 2 0 1 0 3 4 1 1 1 3 1 1 1 3 1 3 4 0 0 3 4 2 1 4 2 0 3 2 0 0 1 4 2 4 2 2 3 3 4 0 3
2 3 2 2 4 0 1 4 2 4 1 1 0 0 4 2 3 3 4 0 1 1 4 0 3 2 0 1 3 2 1 0 0 3 4 0 3 3 1 2 2 2 4 0 3 0 4 3 3 1 4 4 2 3 4 0 2 1 3 0 4 4 2 4 0 2 1 0 0 3 3 4 2 4 1 0 4 1 1 2 2 0 3 4 0 4 1 3 0 1 0 4 0 3 1 2 2 2 3 4 0 1 0 3 0 2 0 1 0 1 0 4 3 3 3 4 4 1 4 4 2 4 1 4 4 2 2 3 4 0 2 2 3 3 2 0 2 4 1 2 1 1 1 1 1 1 2 0 4 1 1 1 3 4 2 4 3 4 3 0 1 2 2 4 2 1 4 4 0 0 3 1 3 4 0 4 2 2 1 1 4 0 4 4
4 2 0 3 1 3 3 0 3 2 4 2 3 4 2 0 1 2 4 2 4 4 1 1 1 0 0 2 0 4 1 1 3 2 4 2 2 4 2 2 3 1 0 3 2 4 4 1 1 3 3 2 2 4 1 3 1 1 1 1 2 4 3 1 3 4 3 3 4 0 0 4 3 2 3 1 1 2 2 0 0 0 4 2 1 0 2 0 3 0 1 1 0 1 4 3 1 4 1 2 1 4 1 4 1 4 2 0 3 4 2 0 1 1 2 0 4 2 0 2 2 3 0 4 0 1 3 3 0 1 0 1 2 3 1 1 0 3 3 3 0 0 4 3 3 3 0 2 2 2 2 2 1 4 1 3 1 4 1 1 3 3 0 2 1 1 3 3 1 1 4 3 3 0 2 2 0 4 1 3 2 0 0 3
0 3 1 1 3 4 4 3 2 4 0 0 2 4 4 4 2 0 4 1 0 3 0 2 3 3 2 0 4 4 0 4 3 3 2 3 2 1 1 4 1 3 1 3 4 2 4 2 2 4 0 4 2 0 2 2 0 1 4 4 1 4 0 4 4 2 2 1 4 0 2 2 3 4 0 0 1 2 2 1 1 2 2 0 4 1 0 4 3 4 1 4 1 1 0 0 1 4 4 0 1 1 4 1 2 1 1 1 3 0 2 1 4 4 2 3 1 4 0 1 3 3 2 1 4 2 2 0 3 1 2 4 4 3 2 2 0 4 3 3 4 2 0 1 1 4 1 4 3 1 2 3 1 4 0 1 3 4 3 1 2 3 2 1 1 2 0 1 3 3 2 4 0 2 0 4 3 2 0 1 0 3 1 2
4 1 0 3 2 0 1 4 0 1 3 2 3 3 0 1 4 4 0 1 3 3 2 1 0 3 2 2 3 4 4 2 2 4 0 0 2 4 1 2 0 1 1 0 0 4 3 1 3 0 2 2 3 0 3 0 0 3 3 3 4 2 2 1 4 3 3 3 4 2 0 4 3 2 1 0 3 4 3 1 4 1 0 3 3 1 3 0 4 3 3 0 1 0 3 2 0 4 0 4 1 2 0 1 4 1 4 4 0 2 3 2 0 3 0 3 1 0 3 2 4 3 2 2 1 1 1 3 2 1 0 3 3 0 1 0 4 0 4 1 3 2 3 3 3 0 4 1 1 4 4 2 3 1 1 1 4 2 4 1 3 4 1 3 2 3 0 1 0 0 2 0 4 1 4 4 3 0 1 4 4 0 3 2
3 4 0 0 1 0 3 1 1 2 2 3 2 2 1 2 2 1 3 4 4 4 3 2 4 1 4 3 3 2 3 2 4 3 4 0 0 4 4 2 1 1 2 3 3 4 1 3 2 1 2 1 0 2 3 4 1 4 4 4 2 2 3 1 3 4 3 3 4 4 2 0 0 0 4 1 1 2 4 0 3 3 1 0 2 1 4 3 1 0 0 0 3 3 3 3 3 1 1 2 1 1 4 3 1 3 4 4 2 0 4 0 3 2 0 1 0 1 1 1 2 1 1 2 2 1 0 0 3 3 4 1 4 3 1 2 4 1 3 1 1 4 4 2 3 1 0 4 0 1 0 4 0 4 1 2 0 3 2 0 1 3 3 3 1 0 2 2 3 1 1 1 2 0 3 1 3 3 0 3 2 2 2 2
3 0 4 1 0 3 1 2 1 2 2 4 4 4 4 2 2 0 3 0 2 4 3 0 2 3 1 1 0 0 3 1 3 4 2 3 2 0 2 0 2 4 2 1 1 1 3 0 3 4 2 0 3 0 2 2 3 0 4 1 1 2 2 4 2 4 2 1 1 0 2 4 1 4 2 4 2 3 0 0 2 2 2 2 3 4 4 3 0 3 1 3 1 0 2 0 1 1 1 3 3 0 2 0 1 1 1 3 4 1 0 3 1 2 0 1 2 0 4 4 3 3 2 1 3 1 3 0 4 2 3 3 2 2 0 4 0 1 4 0 0 0 3 1 2 4 2 1 1 3 0 1 1 4 3 2 2 3 2 2 0 2 2 3 1 4 4 3 2 3 3 4 3 4 0 1 0 4 4 1 3 2 4 1
3 2 3 1 3 0 0 3 4 4 1 2 0 0 1 2 1 1 2 4 0 4 2 2 4 2 0 2 4 0 3 2 4 4 0 2 4 0 1 1 1 4 0 1 2 1 1 3 3 3 2 0 4 2 3 3 4 3 2 3 0 3 2 0 2 3 2 3 0 0 1 2 0 2 3 4 3 4 2 3 4 1 4 4 3 4 4 2 4 4 2 0 2 0 0 1 0 2 4 0 0 3 2 0 0 3 4 0 4 3 4 4 4 0 0 0 1 4 4 0 3 2 0 2 4 2 3 1 0 0 1 2 3 1 2 0 1 3 0 0 3 4 4 2 1 1 4 2 3 4 3 3 1 0 1 2 3 1 3 0 3 1 2 3 2 1 3 3 1 4 1 4 0 2 3 2 4 3 1 2 2 1 2 0
2 0 4 2 4 2 2 2 3 1 1 3 2 4 3 3 0 4 4 1 2 2 0 3 2 3 2 1 0 4 1 4 2 0 1 1 4 0 3 0 1 1 0 0 3 3 0 3 0 1 1 4 3 3 2 1 2 1 2 4 2 1 3 4 3 1 0 0 3 1 0 1 2 0 1 2 0 3 1 2 4 2 1 4 3 0 0 0 3 0 4 1 3 4 2 1 0 3 1 0 1 3 1 3 0 2 1 3 2 4 0 1 3 4 0 1 1 3 3 2 0 2 3 0 3 0 3 0 0 2 0 1 0 1 2 3 0 0 1 2 1 1 0 4 2 3 3 1 3 1 3 3 1 1 0 4 3 3 2 1 0 2 4 1 1 3 4 1 3 2 1 1 0 3 1 3 1 1 4 4 2 4 4 0
2 4 2 2 3 4 3 3 3 3 1 4 1 2 3 2 4 1 3 0 4 1 0 3 2 1 2 2 0 4 4 4 0 1 1 3 2 0 4 1 0 2 2 3 2 2 2 1 3 3 3 3 4 0 3 4 3 0 3 0 1 4 4 2 3 1 2 0 3 1 3 3 1 1 3 3 3 1 1 4 4 2 4 0 4 2 1 3 4 4 3 1 1 0 3 4 1 2 4 4 1 3 4 2 1 2 0 1 3 3 0 4 2 4 0 2 1 1 0 3 3 0 4 4 0 4 3 3 1 4 2 2 4 1 4 0 1 1 4 4 2 1 1 4 3 3 1 1 4 3 4 4 1 3 0 1 2 0 0 1 0 4 3 4 3 0 2 4 3 1 0 0 4 1 2 2 4 3 4 1 4 3 2 0
4 3 3 1 3 3 4 0 0 0 0 3 0 4 4 0 2 4 3 1 1 0 4 2 0 0 0 4 3 3 1 2 1 0 1 1 0 2 2 0 2 4 0 2 3 4 0 0 4 3 3 2 3 4 4 0 4 0 2 0 0 3 4 1 3 0 4 4 0 1 1 2 2 2 2 0 1 2 2 2 2 1 4 0 0 1 2 2 3 4 2 3 3 1 1 3 4 0 4 4 4 1 1 3 3 0 4 1 4 3 4 1 1 0 3 4 1 1 1 1 0 3 1 0 1 2 1 0 0 0 4 1 1 3 4 1 0 0 3 0 4 4 1 2 4 0 1 3 1 4 4 3 4 3 1 1 0 2 3 2 2 0 3 1 3 0 2 0 0 2 0 1 3 4 1 3 4 4 3 2 4 4 2 0
2 3 1 0 2 0 2 0 2 3 1 2 0 0 2 0 0 3 4 3 4 0 3 3 4 1 2 0 1 4 1 3 0 4 3 2 1 3 4 3 3 2 0 3 3 3 0 3 3 4 3 2 1 2 2 3 3 4 3 4 0 1 0 2 1 0 0 4 0 1 3 3 4 0 3 2 3 4 2 3 0 2 2 4 4 4 2 0 0 2 1 3 4 1 0 2 4 2 1 1 4 4 2 3 0 0 2 0 1 1 4 4 3 1 3 0 3 2 0 0 4 1 3 0 0 4 2 4 3 4 0 2 0 2 0 2 0 4 3 1 0 4 2 1 2 0 1 2 4 1 3 4 4 1 4 4 2 4 3 1 3 1 3 3 0 1 1 0 0 1 4 3 2 1 1 4 4 2 2 0 0 0 4 4
