5 185 13
129192221 652809705 162797703 977963128 582600217 478813656 1132406443 75979134 158051121 369267905 967679531 318138961 574040458 381675054 92918859 959687132 538183371 914108908 989376085 1009477643 1147917687 141905955 981585929 472696379 151023688 27724277 642150857 1217180244 674510176 1081027032 897334778 463979940 919516286 342188147 359275245 1139818065 1201358522 1134085463 341680067 897134102 968111717 582435185 955206053 2516387 927006108 269865111 867262845 1056967986 977421992 922588748 456043931 660017162 1029101996 747003341 122206801 770172420 1100114714 345920483 582043874 382965318 12813032 341544905 347219919 276314240 846212520 1148046657 797975829 1011971521 1099092686 524671290 679888034 325634682 314504512 1107703011 1160121852 1011534107 325647951 559366172 845074938 606492837 89182399 329955843 771199399 194072927 138846561 1218851567 58435532 188302149 1109891740 999290763 1161803748 29697915 1172604353 1194531127 568297920 1169555799 68880125 685970938 246812273 1060384091 1044141886 689583254 344383235 815154258 226146384 1187621401 961620803 4840023 912342348 610544973 162669265 544846888 315445406 495753760 68316284 1202090303 495008590 619772014 23320224 899514629 571078364 456322342 289224913 1047279878 721636299 25483213 1199316938 828961519 1031790072 142494809 288587311 1212881856 889174776 257953540 812151382 1101881567 197060748 1002701589 1095287480 560455796 1214114445 952717300 195676770 119902206 1147001061 738988903 512401891 935060727 253736673 275493881 598434098 718469857 674233470 768130086 1047859562 565469629 563117405 47137942 1093191731 1149338235 509576533 309103390 873833682 333854851 720601413 1025331645 1116851300 753018886 525089430 844948559 931962427 187776989 867986665 1216748302 118086962 92424797 3307003 901532678 1202408843 166440697 514344300 987011249 304485436 209096042 1120571794
2 1 4 0 1 1 4 4 1 4 1 3 3 4 4 1 3 2 4 3 1 1 0 2 0 0 0 2 0 1 1 2 4 2 2 0 4 1 1 2 2 3 0 0 4 4 4 0 4 3 3 0 4 0 0 1 1 0 3 1 3 1 0 4 4 3 4 0 1 3 2 4 1 0 4 2 1 3 2 0 3 2 3 0 3 0 1 1 0 2 2 0 3 4 4 4 2 0 4 1 3 4 2 1 4 3 4 0 2 1 3 2 4 1 2 4 1 1 0 3 3 4 0 1 3 4 3 3 1 2 4 2 1 1 3 2 4 2 0 3 1 3 3 2 1 0 1 2 1 3 2 1 2 2 3 0 3 3 3 1 2 4 3 4 2 2 3 4 1 3 4 4 3 2 1 4 0 4 3 1 2 0 3 1 4
3 2 4 3 2 1 0 4 1 1 1 3 0 2 2 3 2 1 4 4 3 3 4 4 2 3 4 4 3 0 1 3 2 2 1 2 3 1 3 0 3 4 0 3 2 2 3 1 1 2 0 1 3 0 0 0 3 4 1 1 0 4 4 4 2 2 3 2 3 1 4 3 3 0 1 0 4 2 1 0 1 3 3 4 3 4 1 3 0 0 1 0 4 2 2 1 4 0 4 0 2 3 3 0 0 2 2 2 4 0 4 2 0 3 2 4 2 0 4 4 0 3 2 0 0 4 3 2 1 2 2 0 3 2 2 0 4 4 2 0 1 2 3 2 0 2 3 4 4 4 0 2 2 2 2 0 3 2 2 0 2 1 0 2 3 3 2 0 4 0 0 3 4 0 2 1 4 0 2 1 1 2 3 4 0
2 4 3 4 3 0 1 4 3 3 4 1 3 1 2 0 2 2 4 4 4 2 1 1 4 4 3 1 2 2 3 4 3 4 0 3 1 4 4 4 4 3 2 2 0 0 2 4 4 3 0 4 0 3 0 4 2 3 3 1 2 3 0 2 4 3 0 1 2 4 0 3 0 3 1 2 0 0 3 4 1 3 3 1 4 1 3 1 1 3 3 1 3 0 3 3 0 4 4 4 0 1 3 0 1 1 2 1 3 0 3 4 1 3 1 0 4 1 3 3 4 3 4 2 1 2 2 3 3 3 3 4 0 1 1 1 2 1 0 0 3 3 2 4 1 3 1 3 4 2 1 0 2 0 4 3 4 2 2 3 0 2 4 0 3 0 4 2 1 1 4 0 4 1 1 2 1 0 2 2 2 0 2 4 0
2 0 2 4 4 0 1 1 4 2 4 1 3 3 0 4 2 2 0 1 0 4 2 0 4 2 2 4 4 4 2 3 4 4 4 3 4 1 1 0 0 0 3 0 0 0 4 4 2 1 0 3 2 0 3 1 2 3 1 3 4 3 4 3 4 3 3 0 4 4 2 1 1 0 1 3 1 2 2 0 0 0 0 3 0 1 4 4 4 2 4 3 2 3 3 1 2 3 1 3 4 3 0 0 1 3 3 4 1 2 4 1 2 0 1 4 1 1 3 2 0 0 2 3 3 0 1 2 0 3 1 4 3 3 1 4 3 1 3 4 3 0 3 1 0 4 0 3 2 1 0 0 1 2 0 4 4 1 4 1 1 2 0 0 0 1 1 3 2 2 0 2 2 0 3 4 1 4 2 4 2 4 4 3 1
4 4 2 2 3 3 4 0 0 1 2 3 4 3 2 1 0 4 3 0 3 4 3 4 1 2 3 0 3 1 3 4 2 2 4 3 2 3 3 2 1 3 2 0 1 4 2 3 1 2 0 1 2 3 0 0 3 3 1 3 1 1 3 3 4 2 3 1 2 2 1 3 2 3 3 0 0 2 3 1 0 0 2 4 3 4 4 1 2 2 0 0 4 0 0 3 4 4 4 1 3 0 4 0 1 4 0 1 2 0 2 4 0 4 0 0 3 4 2 2 2 4 4 1 4 4 4 0 0 0 1 3 3 2 0 4 3 2 2 2 2 4 1 4 0 1 0 3 3 4 2 0 0 1 3 1 0 4 1 3 4 2 1 4 1 4 3 4 1 0 2 1 1 0 0 1 4 2 1 2 3 3 4 3 4
2 1 2 1 2 0 2 1 1 2 2 2 2 4 4 0 1 0 1 3 2 0 2 2 1 1 2 0 0 1 4 2 2 1 3 2 3 3 3 2 0 3 4 2 2 3 2 0 0 1 3 0 1 3 2 2 4 4 4 0 2 4 4 2 2 0 4 1 3 2 0 3 2 4 2 4 0 2 4 0 3 0 0 1 3 4 3 4 1 3 4 0 4 4 2 3 4 3 1 4 3 1 2 0 1 4 0 1 3 1 3 1 1 1 2 1 2 3 1 3 3 2 1 4 3 3 2 2 4 4 1 2 2 0 2 3 2 4 1 0 1 2 4 4 3 3 1 0 3 4 1 1 1 2 2 0 2 0 4 1 1 3 3 0 0 3 1 2 2 2 0 3 4 4 0 4 4 3 2 3 2 3 4 0 2
2 2 4 4 4 1 2 2 1 2 4 4 3 4 2 3 4 2 4 0 2 4 4 0 3 2 4 1 4 0 3 3 4 4 4 3 2 1 2 4 0 2 0 1 1 4 4 2 2 0 2 1 1 3 2 4 1 3 2 2 0 0 0 0 2 4 0 4 2 3 0 4 2 1 0 0 0 1 2 4 4 4 1 0 2 0 2 0 3 4 2 1 2 4 1 4 3 1 3 2 1 4 4 3 0 4 3 2 3 0 2 2 1 0 4 1 2 1 3 0 1 1 3 3 2 4 2 3 3 2 0 4 1 4 3 3 1 3 3 1 4 2 3 2 2 2 0 4 1 4 1 4 2 0 2 4 1 1 2 4 0 0 4 4 1 2 4 2 2 2 3 1 4 3 1 1 3 3 2 1 2 4 0 1 1
4 3 2 2 2 2 2 2 3 1 1 2 1 0 4 0 1 3 0 4 4 3 4 2 1 0 2 2 0 0 3 1 3 2 3 1 1 1 0 4 4 1 1 2 4 1 3 0 4 3 1 0 1 1 4 4 3 3 1 1 4 1 2 2 1 1 0 2 4 3 2 3 1 3 1 0 1 4 0 2 4 4 2 2 0 2 2 0 2 0 1 1 4 4 1 0 2 1 2 1 1 1 4 3 2 2 0 3 1 1 1 2 2 0 0 4 4 4 4 2 1 1 3 2 2 4 2 4 3 2 0 1 3 1 4 2 4 0 1 2 3 4 0 0 4 2 4 4 3 0 1 4 3 1 4 0 1 1 1 1 0 1 2 1 0 4 3 4 1 4 1 1 3 3 1 0 0 2 4 0 2 0 2 3 1
1 3 4 2 0 2 0 3 2 1 3 3 4 4 4 1 1 0 1 1 3 1 4 2 0 4 1 2 1 4 1 2 3 2 2 0 0 2 0 4 3 1 2 4 0 3 2 3 3 4 0 3 0 4 0 3 3 1 2 2 3 3 4 3 1 1 3 3 0 0 2 0 1 1 0 2 4 4 0 4 3 2 2 1 1 4 1 2 2 3 4 0 2 0 3 0 2 3 3 4 4 2 0 0 0 2 4 4 1 2 0 2 4 4 3 3 3 4 0 2 2 1 3 1 1 1 1 0 2 4 2 1 3 2 1 3 4 3 4 2 0 4 4 4 0 4 4 3 3 1 3 3 2 1 4 1 4 1 3 1 2 0 4 3 4 1 3 0 1 3 3 1 4 4 2 0 4 2 0 2 3 3 2 3 1
2 1 1 0 1 4 4 4 4 4 3 2 3 1 3 1 4 1 2 3 3 2 2 0 0 2 1 3 4 1 0 3 4 3 0 0 4 0 4 3 4 0 2 4 1 0 0 2 1 0 2 2 2 2 4 4 4 0 3 0 3 0 4 2 0 4 0 4 1 1 0 3 3 2 2 4 0 3 3 1 3 1 3 2 3 3 2 2 0 2 4 1 4 3 3 1 0 0 0 1 2 2 4 0 0 4 2 2 2 0 0 2 3 1 1 1 4 0 0 1 2 0 2 3 0 3 4 0 0 2 4 4 4 0 0 1 4 4 3 3 1 4 2 0 0 1 3 1 1 4 4 1 1 4 4 1 4 1 4 4 3 0 4 4 2 1 1 2 2 1 2 3 0 0 0 2 3 4 0 4 3 0 2 1 4
4 2 3 0 3 4 0 3 0 4 1 1 2 0 3 4 4 4 1 1 4 4 4 3 4 4 3 1 1 4 0 0 4 0 2 2 0 2 3 0 2 1 4 4 3 4 0 2 3 2 4 3 3 3 3 2 4 2 4 3 1 1 0 2 4 3 0 1 0 0 3 4 1 2 1 4 2 3 1 0 0 2 0 0 1 4 0 2 3 1 0 4 2 1 2 1 4 4 4 1 4 3 3 0 0 1 1 4 4 4 2 2 2 4 2 0 3 2 2 1 3 3 3 3 1 2 1 2 3 1 0 2 4 3 4 1 1 2 3 1 1 0 0 0 4 2 0 0 2 0 3 2 0 1 0 1 0 4 0 3 0 0 2 1 4 1 4 0 0 2 3 2 2 3 2 4 3 0 1 0 2 4 4 4 3
0 0 3 4 2 4 1 2 1 4 3 0 3 1 0 1 4 4 0 0 4 4 3 1 2 0 3 2 1 2 0 1 4 0 2 1 1 0 3 3 4 4 0 3 0 0 4 4 2 4 1 1 1 4 2 3 1 0 2 3 4 4 1 3 2 1 1 3 3 1 3 3 0 3 3 0 1 2 2 3 3 3 4 1 0 3 2 3 3 4 3 4 4 0 2 3 3 0 1 1 1 0 1 4 0 4 4 3 1 1 3 2 2 4 3 2 2 0 0 2 2 1 1 3 3 0 1 1 0 4 4 2 1 1 3 2 0 2 2 4 1 1 3 0 0 1 2 3 4 4 0 3 0 4 1 3 4 2 1 0 1 1 4 3 4 2 2 4 1 4 0 4 2 3 4 3 2 1 3 3 3 0 1 0 4
2 1 1 1 2 3 4 0 2 4 4 1 3 1 4 0 3 4 2 4 3 2 1 2 0 1 2 3 2 2 4 1 0 0 4 0 3 3 0 2 0 2 3 3 0 3 0 0 4 3 4 2 0 2 4 3 3 1 1 0 1 0 1 1 1 2 1 1 1 4 4 3 3 4 3 3 4 4 3 3 2 0 1 4 2 2 4 1 1 0 3 2 3 2 0 1 4 2 2 2 3 1 0 1 3 4 4 2 0 4 1 4 4 4 0 2 1 0 0 4 0 3 1 0 0 4 1 0 1 4 2 1 2 0 2 0 1 3 3 1 4 1 0 4 0 0 3 3 0 0 3 3 3 1 3 4 0 0 1 3 1 0 4 3 0 1 1 1 1 4 4 1 2 1 2 2 2 0 2 4 0 0 4 0 4
0 1 4 2 2 3 3 0 4 3 0 3 4 4 4 0 3 0 4 0 4 3 4 1 1 0 1 3 0 4 2 2 0 4 4 0 2 4 0 3 4 2 1 1 1 3 3 2 0 3 2 0 1 3 1 4 3 0 3 0 4 2 2 1 1 3 1 0 4 3 4 4 1 0 0 4 3 3 1 4 3 0 4 0 0 2 4 4 2 4 1 1 2 1 3 3 4 1 4 4 2 3 0 0 0 2 4 1 0 3 0 1 0 1 1 1 3 2 2 3 2 3 4 1 4 4 4 1 3 0 0 0 0 2 2 1 4 3 2 1 1 4 2 4 2 0 2 2 0 4 0 2 2 2 0 4 3 1 0 3 2 2 3 2 4 2 0 3 1 4 4 4 0 4 3 4 4 0 2 4 1 4 3 1 3
3 0 4 0 0 2 4 2 3 3 3 0 4 1 1 0 2 1 1 1 1 0 1 4 4 2 0 1 1 1 1 1 3 0 3 0 0 2 2 3 1 2 0 2 0 2 2 3 0 3 1 3 1 2 2 2 2 3 3 3 1 2 1 0 2 0 0 4 2 0 2 0 4 3 2 0 2 0 3 4 0 4 2 1 4 0 4 1 0 4 1 3 1 4 0 1 4 3 0 4 0 0 4 4 0 4 4 4 4 2 3 4 4 2 3 0 4 4 1 1 0 4 0 2 3 0 0 0 0 2 4 0 4 0 0 4 4 4 0 0 4 3 2 0 3 0 0 2 4 3 4 4 2 4 3 2 1 0 2 2 0 3 4 4 4 4 1 0 1 1 1 2 2 3 2 0 0 4 2 1 2 3 2 1 2
3 3 1 0 3 0 0 3 4 2 2 4 3 0 2 1 3 4 3 1 3 0 3 2 0 4 4 3 3 0 3 1 0 4 2 0 1 4 4 0 1 3 1 1 3 0 3 1 4 3 4 2 1 4 1 1 0 0 4 4 2 4 2 0 0 4 0 1 1 4 4 2 0 2 4 3 3 4 2 4 4 3 4 0 3 0 1 3 1 3 4 0 4 2 0 0 3 1 3 4 2 2 4 2 0 3 3 0 4 2 4 3 0 3 4 0 4 2 1 2 2 0 4 2 2 0 2 3 3 2 2 2 0 1 2 2 1 2 4 0 4 3 1 1 4 2 4 0 4 0 4 2 0 3 1 0 0 0 3 0 2 0 3 4 4 2 1 2 4 0 3 0 1 1 3 0 3 2 2 2 4 1 1 0 4
2 0 2 4 0 2 2 0 0 1 1 4 0 4 3 2 4 0 3 0 1 0 3 3 2 2 3 3 4 0 0 3 2 2 0 2 1 2 4 4 0 1 3 2 0 4 0 1 4 3 1 2 1 1 1 3 3 1 4 4 3 4 0 0 3 0 2 4 4 1 0 1 4 4 4 1 3 4 2 4 4 0 2 0 1 0 1 2 3 0 3 1 1 3 1 1 0 0 2 4 3 3 3 0 2 2 1 2 3 1 3 2 3 2 0 0 4 1 4 2 3 2 0 1 1 3 2 3 0 4 0 4 4 3 1 3 2 2 2 0 0 1 4 4 0 1 1 0 4 0 4 2 4 0 3 2 3 2 1 4 4 1 0 3 4 1 4 1 0 1 3 1 4 2 2 0 4 0 0 3 2 4 3 1 1
3 4 2 1 0 3 0 1 3 0 2 1 4 0 1 1 3 4 0 2 3 2 3 3 2 4 0 4 2 2 2 2 1 4 3 3 2 3 1 2 4 3 3 3 0 0 1 0 1 2 2 0 1 3 0 4 2 1 0 1 0 2 3 3 4 2 1 1 2 4 4 3 4 4 4 4 4 0 4 3 4 3 0 1 1 0 2 3 1 2 4 1 1 0 1 2 2 2 1 1 1 2 0 0 1 4 1 3 4 0 1 1 1 1 2 2 1 4 3 0 3 4 3 1 4 0 4 3 4 0 0 1 2 0 3 0 1 2 3 2 4 4 3 0 2 0 3 1 1 3 1 1 2 4 3 2 1 4 2 1 1 2 4 0 4 4 0 2 1 4 0 1 0 3 1 0 1 1 1 2 4 4 4 2 0
4 1 2 3 3 3 1 3 4 1 4 3 1 2 0 2 2 1 0 2 4 0 3 1 1 1 0 2 2 4 2 1 2 4 1 3 4 2 1 3 0 2 2 3 4 2 1 3 0 1 1 4 3 4 0 1 2 3 3 1 4 0 4 2 2 0 0 3 4 3 2 1 0 1 0 2 0 1 0 0 4 3 1 2 0 4 0 4 2 3 1 3 0 0 2 2 3 4 1 4 2 0 1 0 3 1 2 0 4 4 2 3 0 3 2 0 2 2 4 1 2 0 0 2 3 2 2 3 2 0 2 1 2 0 1 0 1 0 0 0 2 2 0 2 2 4 4 0 3 3 1 2 1 3 0 1 3 4 4 0 4 3 3 1 4 2 3 0 4 0 3 3 2 0 0 4 2 1 1 0 2 0 3 3 3
0 4 1 4 0 3 0 3 4 3 2 1 1 0 0 1 3 4 0 0 1 1 2 0 3 3 2 0 3 0 3 0 1 2 4 3 2 1 1 1 4 1 4 0 1 2 3 1 3 3 1 1 4 4 1 4 4 3 4 2 0 0 2 3 4 3 1 3 4 3 2 3 4 1 0 2 3 3 3 3 1 4 0 2 3 1 4 4 0 3 3 2 0 2 1 4 0 2 0 1 2 2 1 3 3 1 0 4 1 3 2 2 0 4 2 0 1 1 0 3 1 3 0 2 1 1 3 3 4 0 2 3 2 3 2 3 2 4 4 3 0 3 3 0 3 0 0 4 3 0 2 4 4 2 3 2 4 4 0 0 4 2 0 4 3 2 2 0 4 1 0 4 4 3 4 2 0 4 3 0 2 0 2 3 0
0 0 1 1 2 1 3 2 1 2 2 1 4 2 2 2 4 1 3 3 2 3 0 3 1 1 0 4 3 3 4 0 0 0 2 0 3 0 4 1 4 1 4 3 0 1 2 4 4 0 4 1 0 0 0 2 3 2 3 1 3 4 1 3 1 0 0 4 2 1 2 1 2 4 1 4 2 0 4 2 3 0 0 3 0 0 2 3 3 0 1 1 4 0 1 0 2 4 1 0 0 1 3 0 0 0 4 4 2 0 1 0 1 2 4 1 4 1 2 4 2 0 0 3 0 4 1 0 0 2 0 0 0 0 0 2 2 2 2 0 2 3 0 3 2 4 2 2 1 4 1 0 1 4 0 4 0 1 4 0 1 4 2 1 4 0 4 2 2 3 4 1 1 4 0 1 4 2 0 2 3 3 4 4 4
4 3 4 3 2 1 4 3 4 2 0 1 3 4 0 1 3 1 0 2 1 3 3 0 3 2 0 1 1 2 1 3 2 2 3 2 4 4 0 0 1 2 1 2 3 3 0 1 4 2 1 3 0 4 3 0 4 4 2 2 3 0 0 0 2 3 2 3 4 3 3 3 2 1 0 1 4 2 4 4 0 0 4 0 2 2 1 1 3 0 3 1 0 1 2 4 1 1 3 1 1 3 4 4 0 1 0 1 3 4 2 3 2 1 1 4 1 4 2 4 1 2 3 3 3 2 2 2 3 0 3 0 1 4 1 1 0 3 4 0 4 2 1 1 0 4 2 1 3 1 3 1 4 1 4 4 0 1 1 3 4 1 0 0 0 1 3 2 4 2 3 4 1 4 2 4 0 2 0 3 3 0 1 2 1
0 4 3 3 0 4 2 2 4 4 4 3 4 2 4 4 2 0 0 3 3 4 3 0 2 3 0 2 4 3 1 4 2 1 4 4 0 2 1 0 3 1 0 3 0 4 2 2 0 4 0 0 1 3 2 0 1 2 2 0 0 0 1 4 2 0 1 4 4 4 1 0 0 1 3 2 1 2 4 3 1 4 3 4 4 0 4 2 2 4 2 0 1 0 1 0 3 2 0 2 2 1 4 4 3 2 4 1 4 3 1 3 0 4 2 1 1 4 4 0 3 3 0 4 4 4 0 4 3 0 3 2 3 3 4 3 0 3 1 2 3 2 2 0 1 1 2 4 0 3 0 3 1 2 0 2 1 2 1 2 4 0 4 2 0 0 1 0 3 2 4 4 2 3 4 3 0 3 0 0 1 0 1 0 2
3 2 1 0 1 3 4 3 4 3 3 0 1 0 0 1 2 4 3 0 1 3 0 1 3 3 3 0 1 0 3 1 2 1 1 0 1 2 3 2 0 3 2 2 4 0 3 3 1 3 3 2 1 1 4 0 1 4 0 4 1 0 0 0 3 1 1 1 0 1 4 0 0 3 4 1 3 4 4 2 2 4 4 4 0 0 1 3 1 3 2 2 1 2 3 4 0 1 3 0 2 2 1 4 2 2 2 3 2 3 0 1 3 1 2 0 4 0 1 2 4 3 0 2 3 0 3 3 3 1 4 0 0 2 2 3 4 1 1 3 0 3 0 0 4 4 2 3 0 3 1 4 4 3 1 2 0 1 0 3 3 1 0 3 3 4 1 0 1 4 0 3 2 2 3 4 2 2 4 2 3 2 3 2 0
1 1 2 2 3 0 0 0 1 1 0 2 4 2 3 4 3 1 3 0 1 2 2 1 2 1 4 4 4 3 2 0 4 4 3 2 2 0 4 0 1 0 2 1 4 1 2 2 4 0 0 3 0 2 4 2 4 0 3 3 3 2 1 4 2 1 3 1 1 0 1 0 2 3 3 1 1 0 4 3 2 4 1 2 3 2 1 4 2 0 3 2 2 1 3 1 2 1 4 0 1 0 2 3 1 0 2 2 2 3 2 0 2 3 4 2 0 1 2 4 3 2 3 2 3 1 4 2 3 3 2 1 1 0 2 2 2 4 1 0 2 4 2 1 4 1 0 0 2 2 1 0 4 0 3 4 1 4 1 1 4 1 0 2 3 4 4 0 0 1 2 4 2 1 2 1 3 2 3 2 0 0 0 1 2
0 1 0 1 2 2 0 3 4 3 3 3 4 4 0 2 3 4 4 0 1 1 0 3 1 2 0 1 4 2 0 4 3 1 0 2 0 3 3 4 3 1 4 2 2 4 0 1 0 1 3 3 4 3 3 1 2 4 4 2 3 0 1 3 1 2 0 1 0 0 2 0 2 1 2 1 2 4 2 4 1 0 2 2 0 0 3 3 1 3 0 4 3 1 4 4 0 0 2 2 0 4 2 4 2 2 1 1 1 0 0 4 3 4 2 3 1 2 1 3 0 3 4 0 0 4 1 2 1 3 2 3 4 4 3 1 1 1 2 0 1 4 1 1 3 3 0 0 3 3 0 0 4 1 1 1 2 2 3 0 3 0 4 2 2 4 4 0 0 3 0 3 3 2 2 1 2 2 3 2 2 0 3 1 2
4 2 1 1 3 2 1 0 1 4 2 2 3 3 4 1 3 4 4 2 1 3 2 0 3 4 3 4 2 1 3 1 1 1 0 1 3 1 1 1 2 4 0 0 2 4 4 2 4 0 2 0 3 4 1 4 0 1 3 3 4 3 1 0 4 3 1 0 2 3 3 4 4 4 2 3 3 1 0 2 1 2 0 2 3 1 3 1 4 3 4 3 1 2 1 2 3 4 4 2 4 3 1 3 2 0 1 2 1 4 0 0 3 0 4 2 3 2 3 2 0 4 2 3 3 3 2 1 3 2 3 2 0 2 3 4 4 4 1 1 3 3 3 2 0 4 1 0 3 1 4 0 2 2 3 0 2 2 4 0 4 4 0 1 3 3 0 3 4 4 1 0 2 4 4 0 0 2 0 3 3 0 3 0 2
3 2 4 0 1 2 2 1 4 0 4 4 3 4 3 2 0 0 1 1 4 1 1 1 4 4 1 4 4 1 3 4 1 4 2 2 1 4 0 2 4 2 1 2 1 2 1 4 2 0 0 4 1 2 2 2 3 4 1 0 2 4 4 3 1 1 3 4 2 0 2 4 4 3 3 3 2 0 2 0 2 2 1 3 4 3 1 0 2 4 0 0 1 4 0 2 3 3 1 2 4 0 1 0 1 0 3 3 2 0 0 4 3 1 4 4 2 2 4 4 4 1 1 0 3 2 4 1 2 2 3 1 3 2 2 4 4 2 2 1 3 0 2 1 3 3 2 0 1 2 0 2 3 1 2 3 0 1 4 3 0 0 1 3 2 0 4 1 3 4 4 1 4 3 4 2 1 1 3 4 0 0 1 1 3
0 4 4 3 1 2 4 1 0 4 0 1 4 3 4 3 4 2 2 2 1 1 0 4 1 2 0 1 3 1 0 1 2 4 4 3 3 3 1 3 3 1 1 2 1 0 2 0 2 1 4 0 2 2 0 4 4 0 0 2 3 2 3 0 3 0 4 3 3 0 2 3 4 0 2 0 1 4 3 0 0 4 3 0 1 3 4 0 0 1 0 0 4 0 0 4 0 1 3 1 4 2 1 0 2 4 2 3 0 2 1 3 2 4 3 3 4 4 1 1 0 1 1 1 3 3 3 1 2 1 2 3 3 3 3 0 4 2 1 0 0 2 0 2 3 3 2 4 2 3 0 4 1 3 3 2 1 1 3 0 4 2 3 2 0 3 2 2 3 3 4 3 2 4 2 2 2 1 1 1 2 3 2 3 1
2 2 0 3 0 0 4 2 1 1 0 1 1 2 4 1 3 2 4 2 1 3 1 3 2 2 0 0 1 0 4 4 3 4 4 3 1 4 3 2 0 0 1 3 4 0 0 2 3 1 4 1 4 2 4 1 1 4 4 2 0 3 1 0 4 3 0 0 2 3 0 4 3 1 3 4 1 3 1 1 4 2 3 0 4 4 2 0 4 3 0 1 1 1 1 2 4 1 2 3 0 4 3 0 2 3 2 1 3 3 4 2 3 4 4 4 4 3 0 0 1 0 1 4 3 2 1 0 3 1 3 0 0 3 3 0 1 0 1 4 0 0 3 3 2 3 3 1 3 0 1 0 2 2 4 2 1 3 2 4 4 3 2 1 1 2 1 0 2 4 1 4 0 0 3 2 0 3 0 3 0 1 0 2 0
2 1 1 0 4 2 4 4 1 2 2 3 4 2 2 3 1 4 0 1 4 4 3 2 1 3 4 2 4 3 4 1 4 2 1 0 0 2 4 3 4 2 4 0 1 3 4 2 2 1 0 1 3 0 0 4 4 4 4 0 2 3 3 2 1 1 2 3 3 4 3 4 3 2 0 1 1 1 4 3 2 1 0 0 2 0 2 3 2 1 0 4 4 3 1 2 4 1 0 4 2 4 3 0 3 0 1 4 1 2 3 1 4 0 3 3 2 0 3 4 1 3 4 1 3 2 3 4 0 1 3 2 2 3 2 0 4 1 0 2 3 0 3 4 2 2 2 1 2 2 1 1 0 2 2 0 1 2 4 2 0 4 1 2 3 1 0 4 2 0 1 0 2 0 0 4 2 4 0 1 2 3 2 4 2
1 2 4 4 1 3 1 1 4 4 1 2 4 0 4 1 1 2 0 1 4 1 0 0 1 2 2 2 1 4 4 3 1 0 4 4 0 0 2 2 1 3 4 2 3 4 0 0 3 0 3 2 1 4 2 0 3 2 4 4 3 0 4 1 1 3 0 3 1 3 0 4 3 0 4 2 1 1 4 4 2 2 1 0 1 0 2 4 2 3 1 0 4 0 3 2 1 4 0 4 4 1 3 2 1 4 1 2 1 0 3 0 3 4 2 4 4 0 1 4 0 2 1 4 2 0 1 3 4 4 2 0 0 3 4 3 2 1 2 0 1 0 0 1 1 0 1 0 0 2 4 0 4 3 2 3 3 0 2 4 4 1 4 4 4 3 4 4 1 1 1 0 3 4 1 4 4 2 2 4 1 3 1 2 1
0 1 4 1 0 3 0 1 2 2 3 3 3 4 1 2 0 1 0 4 3 0 3 2 2 4 4 0 3 1 4 0 4 3 1 4 2 4 3 1 3 1 1 3 2 3 0 2 4 1 4 2 3 4 2 2 1 1 2 1 4 1 1 1 2 0 0 4 4 3 2 4 1 4 2 3 2 3 3 3 1 4 3 4 0 0 1 1 3 0 2 4 4 1 0 1 1 1 2 0 1 4 1 0 0 3 0 4 3 0 3 4 4 1 0 2 3 1 3 1 4 3 0 3 4 1 1 0 4 0 2 2 1 0 2 2 0 0 1 4 0 1 0 2 4 1 4 2 4 2 3 3 2 1 3 3 4 1 3 0 1 2 2 3 2 2 2 3 4 3 4 4 0 4 1 4 2 0 4 4 0 4 4 4 0
3 3 1 1 3 1 3 3 1 3 0 0 0 0 4 0 1 3 2 3 2 4 2 4 3 1 4 2 1 1 0 1 4 1 2 2 0 2 2 1 2 0 1 2 0 2 0 4 0 2 2 2 3 1 4 1 3 0 1 4 1 3 0 0 4 4 0 1 2 2 2 1 2 0 1 0 2 1 1 0 0 0 4 4 1 3 2 4 4 0 0 2 3 0 0 3 2 2 4 4 1 4 0 4 1 1 1 1 4 4 3 0 4 2 1 2 3 3 2 4 4 2 1 2 0 3 2 2 0 4 3 2 0 0 3 3 4 4 4 3 0 4 0 4 4 3 1 2 4 0 3 0 0 1 4 2 0 2 4 0 3 4 2 0 4 0 3 0 1 0 1 1 4 1 2 3 2 1 2 1 3 2 1 3 4
0 0 4 4 1 1 2 0 1 4 2 1 3 2 0 0 0 1 1 4 1 2 1 4 1 2 2 4 3 1 0 0 3 1 0 0 2 4 0 3 4 4 2 4 4 2 4 4 0 2 3 1 4 1 0 1 3 0 2 3 1 2 4 4 3 4 1 0 3 4 1 2 3 3 3 2 2 2 4 2 0 4 1 1 1 3 4 4 3 1 0 1 3 4 1 3 0 2 1 3 1 2 3 2 2 1 1 4 1 2 1 3 2 4 4 3 3 1 4 3 2 4 0 3 0 3 3 0 2 4 1 4 3 1 3 0 2 4 1 0 2 0 3 1 4 0 4 4 1 0 3 0 2 3 0 2 3 4 0 0 3 1 1 2 2 4 4 1 1 1 2 0 3 2 1 2 2 2 2 0 2 2 3 1 2
3 1 0 2 1 0 3 4 2 2 3 1 1 4 4 4 3 4 2 1 2 2 0 4 1 3 4 3 1 0 2 4 1 2 4 4 2 2 3 1 4 3 0 2 3 4 4 3 1 3 4 3 0 2 3 1 0 4 1 1 4 3 2 3 0 3 4 0 0 0 3 1 3 3 1 3 0 2 2 1 0 3 4 1 0 4 2 0 3 1 3 0 4 3 0 2 1 4 4 4 4 2 2 3 3 0 1 3 2 0 1 3 4 2 1 4 2 3 2 2 1 2 2 1 0 2 3 4 2 4 0 3 1 4 1 4 0 0 4 4 0 0 2 1 3 3 1 0 4 3 4 0 0 2 3 3 4 3 4 3 2 4 2 1 3 0 0 3 2 2 0 0 2 2 1 0 3 2 2 4 2 2 1 0 1
2 0 2 0 4 1 0 3 0 1 1 0 3 2 0 0 4 0 3 3 1 0 1 1 0 2 0 4 1 0 0 3 0 2 0 4 0 0 4 0 3 3 3 2 2 3 2 1 0 2 4 3 0 3 1 2 0 2 1 3 4 3 3 0 0 4 1 3 1 1 0 0 1 3 4 3 3 3 4 0 1 3 4 3 3 2 0 1 4 1 4 4 1 3 1 3 4 2 1 2 0 2 2 1 2 3 1 3 2 0 3 3 1 4 3 4 2 3 0 3 1 2 2 2 2 3 0 1 3 4 3 0 1 3 4 0 1 0 0 3 3 1 3 4 0 1 0 4 1 3 0 2 2 2 4 4 3 2 2 3 1 2 3 4 2 2 1 1 3 2 1 1 3 0 2 3 3 4 0 0 4 0 4 1 4
1 2 4 3 4 2 1 4 1 0 1 3 1 4 3 0 1 1 3 1 0 2 1 0 4 3 4 1 3 3 0 4 0 0 4 2 4 0 1 0 2 4 1 0 4 1 1 0 3 1 3 3 3 1 0 4 0 2 2 0 0 3 4 2 0 0 4 1 2 2 2 1 4 0 3 0 1 1 2 1 3 2 2 3 3 2 3 0 1 0 0 1 0 1 1 2 1 0 4 3 0 3 4 1 0 0 1 3 1 3 2 4 0 4 3 0 3 1 1 0 3 3 3 1 0 4 0 1 2 1 2 4 1 3 0 1 3 1 0 0 1 2 1 3 3 4 3 3 2 1 3 3 0 4 4 2 3 4 0 2 3 2 1 4 3 1 1 3 4 3 0 0 2 2 3 2 1 4 0 1 2 4 4 2 0
0 1 0 1 2 3 4 4 4 4 4 3 2 3 4 0 3 0 4 2 0 1 4 1 1 2 4 2 1 3 2 1 0 3 2 4 3 4 3 4 3 0 2 0 0 4 2 3 4 3 3 1 4 4 0 2 1 1 0 2 1 4 0 1 4 4 2 2 3 3 4 3 3 1 0 3 2 2 3 1 0 1 0 1 0 2 4 1 3 1 0 4 0 2 3 2 2 0 1 2 3 0 1 3 4 1 1 1 1 0 0 3 3 0 0 4 4 1 2 2 2 3 3 4 2 3 1 4 4 0 2 4 0 0 3 4 3 1 1 4 3 1 0 2 3 2 3 2 3 2 1 2 2 1 3 0 0 2 4 1 2 3 0 2 0 0 2 4 2 0 0 2 1 0 4 1 4 4 0 4 2 1 3 4 2
2 4 2 1 1 0 3 1 1 2 2 3 1 1 2 1 3 0 4 1 4 2 0 1 2 2 3 3 0 2 3 4 4 2 0 0 3 3 1 1 1 3 1 4 1 4 1 2 4 2 3 0 0 0 1 2 2 1 3 0 1 3 4 0 0 0 0 0 0 3 1 3 4 3 3 2 4 1 4 3 3 4 0 0 2 2 3 1 0 3 1 1 1 3 1 1 0 3 4 0 4 0 1 3 0 4 2 4 2 2 4 0 3 0 3 0 4 1 4 4 1 2 3 2 0 4 0 0 0 4 3 4 2 4 4 2 0 1 4 2 3 0 4 4 2 2 1 3 0 0 0 1 3 3 0 0 4 1 3 4 0 3 3 2 4 2 2 4 4 3 3 4 0 4 0 3 4 2 1 4 4 1 3 4 4
3 2 1 4 0 0 2 3 1 1 2 0 3 3 1 3 3 1 4 2 3 2 1 2 0 3 4 4 1 3 0 1 0 1 1 2 2 0 2 3 1 1 0 0 4 2 0 4 0 4 4 3 3 2 1 1 0 0 0 3 0 0 0 3 2 3 2 1 3 0 1 4 1 1 1 3 3 2 4 3 3 3 2 2 1 0 3 3 2 0 4 4 0 4 2 4 4 0 0 4 2 1 3 0 0 2 0 3 4 0 2 4 0 1 1 3 3 1 2 0 1 1 4 4 2 4 3 3 1 4 2 3 2 0 0 2 4 3 3 0 3 2 0 0 3 3 4 1 0 3 3 3 1 2 2 3 3 1 1 4 2 3 4 1 0 0 1 0 3 4 2 3 1 2 0 1 1 4 2 3 4 0 1 0 4
4 3 3 2 1 4 4 1 4 0 4 1 1 4 1 2 3 4 3 1 1 4 4 1 3 2 0 0 3 1 2 2 1 0 4 0 1 0 1 0 3 0 1 4 1 2 4 0 3 2 3 0 4 2 3 4 4 0 0 2 3 2 2 0 4 3 0 0 4 3 3 2 4 4 3 0 4 2 2 4 2 0 4 3 2 2 2 1 3 2 1 3 1 3 3 2 1 0 0 2 4 3 4 0 4 0 2 0 4 0 0 1 2 4 4 0 4 4 3 4 3 4 2 0 4 3 4 1 3 4 0 4 4 0 4 4 0 2 4 4 4 4 3 1 1 4 3 2 3 2 1 4 3 0 4 0 3 0 3 4 2 3 3 1 3 0 2 0 4 4 2 3 0 2 1 1 1 0 3 2 4 1 1 4 2
2 4 2 2 2 1 4 1 2 3 1 2 0 4 1 4 1 1 0 3 4 3 1 1 4 0 2 0 1 2 4 0 3 2 0 1 0 4 4 2 4 0 4 0 4 2 1 2 0 3 2 0 2 4 1 1 4 4 3 3 3 0 3 1 2 3 4 2 0 3 0 1 4 1 3 0 4 0 3 4 3 0 1 2 1 0 0 3 1 4 1 4 1 1 2 3 2 2 2 2 2 4 3 3 1 2 4 2 4 4 3 4 4 2 4 3 2 4 1 0 0 4 4 1 2 3 1 4 2 1 3 0 0 4 3 3 3 4 2 2 3 1 3 0 0 2 3 2 4 1 2 4 2 3 3 4 3 4 4 1 0 4 3 3 3 1 1 1 1 4 0 1 2 1 1 4 3 1 3 2 4 0 4 1 0
2 1 0 1 2 1 4 1 4 2 0 3 3 3 1 4 4 2 3 0 1 2 0 2 0 0 2 2 4 3 4 1 1 0 4 3 3 3 2 3 0 2 3 1 0 4 0 1 3 1 3 4 3 4 4 1 1 3 3 0 3 3 1 0 0 0 0 3 1 2 3 1 4 1 4 2 0 0 0 1 3 1 0 1 2 4 4 3 2 3 3 1 3 1 3 3 1 3 3 4 1 2 1 2 3 0 1 1 2 4 2 0 0 4 4 2 1 3 0 3 3 0 1 3 1 1 1 4 0 2 4 3 4 2 2 4 4 4 2 2 3 1 4 0 1 0 4 4 1 4 2 4 1 1 3 2 2 1 1 4 3 2 2 4 4 0 4 1 1 3 3 1 0 4 1 3 2 0 2 3 1 1 4 2 2
4 1 2 3 4 1 3 2 1 3 3 3 4 4 4 2 4 2 2 1 0 2 3 0 4 3 3 1 4 2 0 1 3 2 4 4 1 2 3 2 2 4 2 1 3 1 4 0 3 3 3 3 1 3 0 2 3 0 3 2 2 4 3 2 3 4 1 1 4 0 0 1 1 2 0 4 3 1 1 3 4 1 3 2 4 0 0 4 0 0 2 4 1 2 3 2 4 2 3 3 4 4 4 0 1 1 4 2 2 3 2 4 1 3 1 1 3 3 2 1 1 4 0 2 4 1 1 3 3 0 3 2 4 4 2 2 1 3 1 3 3 4 2 0 2 1 3 2 1 0 3 2 0 1 2 1 2 3 1 0 0 4 4 1 3 1 4 4 4 2 3 3 1 2 3 0 3 1 3 2 3 3 4 3 1
3 1 3 2 2 0 2 3 1 1 2 2 0 1 4 2 1 2 1 1 2 3 4 0 3 1 3 2 3 4 3 3 2 4 2 2 1 2 0 3 3 2 2 3 1 1 2 4 0 0 0 4 4 2 4 2 0 0 1 0 1 0 4 3 1 1 0 2 3 3 2 1 0 0 1 3 1 1 0 2 1 0 1 0 4 3 0 0 0 1 2 3 3 1 1 4 3 4 4 3 4 3 0 1 3 3 0 2 4 0 1 1 2 4 3 4 2 0 4 4 2 1 2 2 0 1 2 0 2 3 3 1 1 0 2 2 1 4 4 0 4 2 3 4 1 4 3 1 4 4 0 3 2 0 1 2 1 0 4 3 3 3 1 1 0 3 0 1 3 1 4 4 3 2 0 0 3 3 3 3 4 0 1 2 0
4 1 1 4 1 1 2 1 2 1 3 3 1 2 1 3 1 2 3 0 3 3 4 3 1 4 3 2 2 2 4 2 0 3 1 3 4 1 1 4 4 0 2 0 2 0 0 0 2 4 0 0 4 1 1 3 2 4 2 0 3 1 4 3 4 0 2 1 3 3 0 2 0 4 0 4 4 2 4 3 1 2 4 3 0 2 1 3 3 3 3 1 1 2 1 3 4 0 4 3 1 1 2 3 0 4 3 4 2 2 2 3 1 3 3 2 2 4 0 0 4 3 3 1 2 0 4 1 2 0 1 3 1 1 2 1 0 2 2 2 1 1 3 3 2 1 0 4 1 2 0 2 2 3 3 4 0 4 2 3 4 1 3 2 2 2 3 2 4 2 0 1 1 0 1 3 1 1 2 4 3 4 2 0 0
2 1 2 4 0 2 0 1 1 3 3 0 3 1 2 1 3 3 2 3 1 2 4 2 1 4 2 3 3 4 3 0 2 2 4 2 0 0 4 3 0 2 0 3 0 2 1 3 2 0 1 3 2 3 2 4 4 1 4 2 0 2 4 4 4 4 2 1 1 1 4 1 0 0 1 1 4 3 1 2 3 0 0 3 3 0 4 4 1 3 1 4 2 0 3 3 1 0 0 4 3 1 0 1 3 2 4 0 2 0 2 2 0 4 0 0 4 1 1 3 4 4 2 3 2 0 2 3 3 4 3 3 2 0 4 3 4 3 3 1 1 0 4 3 1 1 1 3 0 2 1 4 2 3 0 4 0 2 4 3 3 4 2 0 2 3 3 1 4 3 0 0 0 1 3 2 4 1 2 4 4 3 1 3 3
1 4 3 0 3 4 3 0 3 0 4 1 1 0 0 4 2 2 0 0 1 4 0 4 1 4 3 4 0 3 4 3 2 2 3 3 1 3 0 1 4 4 3 2 1 0 1 4 3 3 4 1 2 1 0 3 3 1 4 0 4 3 4 2 3 4 0 1 3 2 3 4 1 1 1 2 3 4 1 1 3 3 4 2 4 0 1 2 1 2 3 2 1 4 4 1 3 1 2 3 3 0 2 1 3 0 4 2 0 2 3 0 0 0 4 2 0 2 1 3 0 1 0 3 2 2 4 1 0 1 4 1 4 4 2 2 1 3 4 3 1 0 3 3 0 3 0 2 0 4 0 2 2 2 0 0 1 1 1 4 0 2 2 4 3 1 1 0 0 3 3 3 3 4 1 0 2 4 2 4 3 4 4 2 3
1 2 0 3 0 1 3 3 3 4 3 1 0 3 3 0 2 1 3 1 3 0 0 2 2 1 2 1 0 4 2 4 4 2 2 4 0 2 4 0 3 3 1 0 1 0 1 0 1 4 3 1 2 0 3 4 2 2 3 4 4 0 0 3 4 4 2 4 1 4 4 1 2 2 2 0 2 3 3 1 4 1 2 1 2 3 3 1 2 1 2 1 1 3 1 2 2 1 1 1 0 2 4 4 1 1 4 1 1 4 2 1 1 1 4 0 1 2 3 4 3 2 2 1 2 4 3 2 0 1 0 2 0 4 1 2 1 2 3 2 2 2 0 0 0 0 0 2 2 0 3 3 2 0 1 0 1 0 4 3 3 4 2 1 3 3 3 1 3 3 1 0 2 3 0 2 3 2 1 3 2 1 3 1 4
4 3 0 1 2 1 0 3 3 1 2 4 1 0 2 1 3 2 0 2 4 4 2 1 1 2 0 4 0 3 3 0 4 4 3 3 2 3 2 0 1 1 4 4 1 1 2 0 0 2 4 4 4 1 2 2 4 4 1 1 0 0 3 4 1 2 2 3 2 4 0 1 0 2 2 4 3 0 1 1 4 0 2 0 3 2 2 4 1 4 1 1 1 1 0 2 3 0 0 1 4 2 4 2 4 1 1 0 3 4 1 3 4 0 3 4 2 3 4 4 2 2 2 3 0 0 2 4 0 4 2 1 1 1 3 1 2 1 3 1 0 4 1 1 1 1 1 4 4 2 0 3 1 2 3 1 4 0 2 4 4 4 1 3 2 1 1 2 3 4 0 3 0 1 2 1 2 0 0 4 4 0 2 0 0
1 3 4 3 3 1 3 2 2 3 2 3 4 4 3 3 4 4 3 2 1 4 1 1 2 0 0 2 0 2 4 3 2 4 1 0 0 1 0 4 4 2 4 3 3 3 3 2 4 1 4 2 3 2 3 0 3 0 4 0 4 4 3 3 0 4 4 2 3 1 1 2 3 2 3 3 2 1 0 1 0 1 3 3 0 3 3 3 0 4 3 1 3 1 0 0 3 1 2 1 2 0 0 0 3 0 0 0 4 2 4 4 0 4 4 0 3 4 4 0 3 4 2 2 3 2 2 3 3 2 1 0 2 1 2 2 2 2 0 1 4 4 2 4 3 1 4 3 0 0 4 3 2 1 2 2 0 2 0 0 4 1 0 3 4 4 1 1 3 1 4 4 2 3 3 2 1 4 1 1 2 2 2 1 3
1 3 0 0 3 0 4 4 2 3 3 3 1 2 1 2 3 0 1 4 0 3 0 1 4 4 0 1 3 1 1 4 4 3 0 4 3 1 3 2 1 4 0 2 3 1 1 3 3 2 2 3 1 3 2 2 4 2 1 2 4 4 3 0 3 3 0 3 2 0 1 3 1 3 3 4 0 1 0 0 4 2 1 2 2 3 1 1 0 4 0 1 4 4 2 2 4 4 2 1 4 0 2 3 4 2 2 1 3 2 1 4 2 2 3 4 2 0 3 3 4 3 1 0 4 0 4 4 4 2 2 1 2 4 4 3 1 3 4 2 3 3 1 0 2 0 1 0 2 1 0 3 2 1 4 1 2 3 0 3 2 0 1 2 4 2 0 3 1 2 0 4 2 3 1 4 3 4 4 2 3 4 1 0 3
0 3 0 0 4 0 3 4 2 2 0 4 2 0 2 1 0 3 3 4 4 3 4 1 2 2 4 4 3 1 2 0 4 4 0 0 4 0 1 3 2 2 0 2 2 4 3 0 3 2 1 4 2 2 0 1 1 1 0 1 2 4 1 2 3 4 2 0 1 4 0 1 3 2 3 2 2 3 4 0 2 0 4 4 0 2 3 1 3 3 3 1 0 1 0 0 2 2 0 4 1 3 0 4 0 0 4 4 3 3 4 3 1 1 4 1 3 2 4 3 3 4 1 3 1 1 3 3 4 1 4 2 1 1 4 3 1 3 3 2 1 4 2 2 2 1 0 2 4 0 1 2 4 2 2 2 4 0 1 0 3 2 2 4 4 1 0 2 1 3 1 0 4 3 2 2 0 0 4 1 0 0 3 1 0
0 4 4 2 2 4 1 4 3 2 0 2 2 0 3 2 1 3 2 2 3 4 2 3 3 0 0 1 3 3 1 0 2 2 2 1 1 0 3 1 0 0 3 4 0 2 4 2 2 1 4 2 2 3 0 2 3 2 3 3 1 4 0 0 3 2 4 4 0 2 1 2 2 1 3 3 3 2 2 3 3 3 0 2 1 3 0 1 0 3 1 3 0 1 1 3 0 0 0 2 2 3 4 1 4 3 1 0 2 3 0 3 1 0 0 4 0 0 2 3 1 3 1 3 4 2 3 0 4 3 2 3 3 4 0 0 4 1 0 1 0 2 4 3 2 0 0 3 2 2 1 0 1 4 3 0 4 2 2 3 2 2 2 3 1 4 3 0 0 0 1 2 2 3 3 1 0 3 4 2 0 2 0 1 4
3 4 3 2 3 3 0 0 2 0 1 1 3 1 4 3 0 1 0 0 1 1 0 4 3 4 0 2 4 3 3 0 2 1 2 3 2 4 3 4 4 0 3 4 3 4 2 0 2 4 0 4 3 2 3 3 4 3 2 0 2 1 0 1 4 0 4 1 1 0 3 1 0 3 0 0 2 0 3 4 1 0 3 1 3 4 4 4 2 2 4 1 0 0 0 4 0 1 3 1 1 1 4 3 4 2 1 3 4 4 4 0 1 3 2 4 2 3 0 1 2 0 0 2 0 2 4 2 3 2 0 2 3 0 2 4 4 3 4 3 4 3 0 1 3 4 2 2 0 3 4 2 3 1 2 0 3 1 2 3 3 4 0 3 1 0 4 0 3 3 0 3 1 3 1 2 2 3 4 4 3 0 2 1 1
1 3 1 4 2 0 2 2 2 2 3 2 1 4 3 1 1 3 4 4 4 1 4 4 1 3 3 1 2 1 0 3 2 1 2 4 3 1 1 1 3 0 0 1 1 3 2 2 1 2 4 2 0 3 2 1 1 2 0 4 0 0 4 4 1 2 4 0 0 2 3 4 2 3 2 0 4 0 0 2 4 4 0 4 4 4 3 2 3 3 3 0 0 3 0 3 2 4 0 2 1 3 3 1 4 1 3 0 3 3 2 4 4 2 0 0 3 3 3 1 3 1 2 3 1 4 4 3 3 4 3 1 0 3 2 1 1 1 1 4 1 3 3 3 3 4 3 1 4 1 0 0 0 4 0 1 3 4 2 3 4 2 4 1 0 4 2 2 2 3 1 3 3 2 1 1 3 2 0 4 3 2 4 3 1
2 2 1 1 4 4 2 1 0 3 1 4 0 0 1 0 4 2 4 3 0 0 1 2 2 2 1 4 4 1 2 1 3 3 2 2 4 2 0 0 0 4 1 3 4 3 3 0 2 2 3 2 0 4 2 2 4 3 4 3 1 1 4 0 2 1 4 3 0 2 3 3 1 2 1 2 0 1 3 4 1 1 1 1 3 3 0 2 3 1 0 2 0 4 4 2 2 3 0 3 2 1 1 3 3 4 3 0 0 1 1 1 2 2 4 2 3 2 4 3 3 4 0 3 0 4 0 3 0 3 3 2 1 4 3 1 3 1 3 0 4 4 2 3 3 3 1 1 0 0 2 4 2 4 4 2 1 2 0 1 0 0 0 3 4 0 4 4 3 2 0 2 3 4 1 1 4 2 0 0 4 2 1 1 3
0 4 4 2 1 2 4 2 3 2 3 0 3 0 4 2 2 1 0 3 4 2 2 3 2 4 3 1 0 4 1 3 0 1 0 4 3 2 3 3 1 3 4 0 3 0 2 0 3 0 0 3 2 3 1 1 2 1 4 3 3 0 3 0 3 0 1 4 2 4 2 4 0 3 1 0 0 3 3 4 0 3 4 4 1 2 2 4 4 3 4 4 1 4 4 4 4 1 3 2 2 3 1 2 1 4 0 2 2 3 3 0 1 4 4 0 1 2 4 2 0 0 1 1 4 1 3 3 4 1 2 1 4 0 1 3 4 1 2 4 4 2 4 0 1 3 0 2 2 1 0 0 3 3 3 4 4 1 0 3 0 2 2 4 3 3 4 2 4 1 3 3 3 2 0 1 3 3 4 0 1 1 2 2 4
1 1 1 2 1 1 2 1 3 4 4 1 3 3 2 2 2 2 2 1 3 4 4 3 0 2 1 1 4 3 2 0 0 3 0 3 2 4 4 0 3 0 4 4 1 1 3 0 4 2 3 4 3 3 4 3 2 0 1 1 4 1 4 1 4 1 1 1 0 3 4 1 3 3 0 1 1 0 3 2 2 2 3 3 2 2 1 4 0 0 2 4 1 1 2 2 2 3 1 0 1 0 1 2 0 3 0 1 3 4 1 2 3 4 0 0 2 4 4 2 4 3 3 2 0 2 4 4 0 0 1 4 0 2 1 2 2 3 1 2 4 2 0 2 1 2 2 0 3 3 4 2 4 4 4 1 1 1 2 2 1 4 3 4 1 1 1 1 4 4 3 4 1 3 1 0 3 1 0 1 1 2 1 0 1
2 1 3 3 4 2 2 0 2 1 3 3 4 4 2 4 3 3 2 3 2 2 1 0 0 0 1 4 1 4 0 0 2 0 4 3 4 3 3 1 4 2 1 0 1 4 1 1 4 1 0 1 0 1 1 2 1 0 1 4 1 4 0 0 4 1 4 1 4 4 2 0 3 1 2 2 0 4 3 1 2 3 0 2 2 1 0 3 3 1 0 1 0 0 2 2 3 3 3 2 2 2 2 1 3 1 3 0 0 1 4 4 2 4 2 4 2 2 4 1 0 4 4 1 1 1 0 4 4 3 3 4 2 2 2 3 4 0 3 1 3 2 1 0 1 3 1 1 2 1 2 4 2 3 0 1 0 2 2 1 2 1 2 0 3 4 0 4 4 0 1 0 3 4 2 1 4 4 2 3 2 1 2 1 0
0 2 2 2 0 0 0 3 3 2 1 2 2 3 4 4 1 1 2 0 3 1 1 4 0 4 1 4 1 3 1 3 2 0 1 2 0 3 0 3 2 4 3 1 4 2 0 0 3 0 2 3 1 3 3 3 4 1 4 2 1 0 1 4 0 2 3 1 2 1 1 4 2 4 0 1 3 0 1 3 0 0 2 3 3 0 4 4 1 3 1 0 1 2 4 3 4 4 1 1 0 3 2 2 4 2 3 3 0 1 1 2 1 3 3 1 0 2 0 4 2 2 4 0 1 0 4 1 4 0 4 2 0 2 4 0 1 0 0 1 1 3 1 0 4 4 3 4 3 4 0 2 3 4 3 4 1 2 2 1 4 4 0 0 3 4 0 4 4 2 3 3 0 4 0 4 0 3 1 3 4 3 0 4 0
3 1 1 2 0 4 2 4 4 2 2 1 4 4 0 1 2 0 3 3 2 0 3 1 3 1 2 1 3 2 1 2 3 3 1 3 4 3 0 4 2 2 0 1 3 2 4 0 0 0 0 2 0 3 0 3 1 3 1 0 0 3 4 0 3 2 0 2 1 0 3 3 0 3 2 3 3 3 1 3 3 3 2 3 2 3 3 0 3 0 2 0 0 3 0 3 1 2 2 4 0 1 4 2 1 1 2 4 0 3 4 0 4 4 4 3 2 2 3 0 4 3 0 4 1 2 2 4 1 2 3 1 3 3 3 4 1 1 1 3 1 2 4 0 1 0 3 0 4 4 2 4 2 4 0 0 3 0 0 0 2 0 1 0 0 2 1 2 3 4 2 1 2 3 2 0 3 2 3 3 1 2 4 0 2
4 1 0 4 3 2 1 3 4 3 1 1 2 3 1 1 2 2 0 1 1 3 1 1 3 1 2 0 0 0 2 2 3 0 1 3 2 0 1 3 0 2 1 2 2 4 1 2 2 3 0 0 1 1 1 4 3 1 0 0 1 4 2 1 1 1 4 1 1 2 4 3 2 3 3 4 2 4 3 1 2 3 2 1 2 3 0 0 4 2 2 2 2 0 0 3 1 4 4 4 2 1 2 4 1 2 0 3 1 1 0 1 4 4 2 3 2 2 0 4 0 3 3 4 3 4 4 1 0 1 0 4 4 4 0 0 2 1 3 0 4 0 1 0 4 3 4 4 3 4 3 0 2 3 4 2 4 3 3 0 1 0 4 0 2 0 0 1 3 1 1 2 1 0 2 1 3 1 0 3 3 0 3 0 3
2 3 3 3 3 0 1 4 4 2 3 4 4 4 4 0 2 1 2 2 1 0 3 4 2 1 2 2 0 3 2 4 3 2 4 3 2 1 4 2 0 2 3 4 3 3 0 1 1 4 0 4 1 3 4 3 2 1 0 4 1 4 3 1 2 0 0 4 1 4 3 3 4 2 2 2 2 4 0 0 0 1 0 1 1 1 4 3 4 1 2 1 1 3 4 0 3 4 1 1 1 0 4 2 4 1 1 3 3 2 3 3 0 0 0 1 1 4 0 1 3 2 4 1 0 3 1 0 0 2 1 3 4 0 2 3 4 3 1 2 0 0 2 0 2 2 4 1 4 4 2 4 3 3 0 1 1 3 1 3 0 0 3 0 2 0 0 1 4 2 0 1 4 3 4 1 2 3 2 3 4 1 2 2 4
2 0 3 0 2 3 3 2 2 0 4 4 0 3 0 2 0 2 3 0 3 2 3 3 1 1 4 3 4 1 4 3 2 4 1 1 3 4 0 2 1 1 1 1 1 2 1 2 1 4 2 1 3 2 4 0 4 3 3 0 1 4 0 0 4 1 3 2 0 3 4 3 2 2 0 3 4 3 0 2 4 0 3 3 2 4 3 3 4 3 3 1 2 4 3 1 2 2 3 0 2 4 3 1 2 3 0 3 3 2 1 3 2 1 1 2 1 1 0 0 4 1 3 1 2 4 3 4 3 3 4 2 0 3 4 2 3 1 2 2 3 0 2 3 2 3 0 0 4 2 2 0 3 3 1 0 2 1 2 2 0 1 4 0 1 0 4 0 1 3 4 0 4 1 0 3 1 0 3 2 4 2 2 3 0
0 0 4 2 4 1 2 1 3 4 4 3 3 4 0 1 0 2 2 3 2 0 4 4 0 3 3 0 2 3 0 3 1 2 0 0 0 4 3 0 3 3 4 3 4 1 1 2 3 4 0 2 1 2 1 4 2 1 4 0 0 1 3 1 0 3 3 1 2 2 1 2 2 2 0 1 3 1 3 3 2 1 0 4 3 3 0 0 0 1 0 0 2 0 3 0 0 1 1 4 0 4 1 2 2 1 4 2 0 4 3 2 0 0 3 0 4 0 3 4 1 0 1 1 1 4 1 3 2 4 3 3 3 4 0 2 3 1 2 0 3 0 4 3 0 3 1 1 3 4 0 2 1 3 3 2 4 4 3 2 0 1 2 3 2 4 3 2 1 2 2 4 2 2 4 4 2 2 1 2 3 3 4 0 2
4 4 3 3 2 2 0 3 4 4 3 4 4 0 2 1 3 3 0 2 4 1 4 4 4 1 2 3 3 2 2 2 4 0 3 1 3 3 2 4 4 0 0 3 2 4 1 0 4 3 4 4 0 3 0 4 2 2 4 2 2 1 4 1 4 2 4 4 1 1 3 2 3 1 3 1 0 1 3 0 0 3 1 2 3 1 3 2 0 0 4 4 3 4 0 2 3 0 3 1 3 4 4 2 0 2 3 2 3 1 2 0 4 0 2 0 3 3 2 1 3 2 0 1 1 3 1 4 3 4 3 3 3 2 0 0 1 3 3 4 0 2 2 1 0 1 1 3 4 4 1 4 1 2 1 4 0 4 0 0 0 3 3 4 2 4 1 3 4 4 3 1 2 0 3 2 1 1 2 3 2 4 2 0 3
0 4 0 4 2 2 0 2 0 1 0 1 2 3 3 4 3 4 3 0 4 0 4 3 4 2 0 0 4 1 0 2 2 0 3 4 2 3 2 0 1 4 3 1 2 1 0 1 3 3 1 4 0 0 2 1 4 3 2 1 4 4 3 1 0 1 3 4 2 2 1 0 1 2 1 3 0 3 1 3 1 0 0 3 0 2 0 2 2 4 3 1 3 1 0 0 4 3 2 1 0 0 2 3 2 0 1 3 4 3 3 2 0 3 1 2 1 3 4 3 2 2 2 2 0 4 0 0 4 2 3 4 2 2 4 2 3 0 0 4 0 3 1 0 2 4 3 0 2 4 0 1 2 2 1 4 1 1 1 0 0 0 1 4 4 0 1 4 3 1 3 0 2 2 3 1 1 3 1 1 2 1 2 1 1
0 1 4 1 4 2 3 4 0 3 1 3 4 0 1 3 1 3 0 3 1 1 4 4 4 2 2 2 2 0 3 2 3 0 1 3 2 4 4 2 2 0 2 4 3 3 2 4 4 4 2 0 2 3 0 1 1 4 0 3 1 4 0 0 1 1 3 3 3 2 2 0 0 0 4 3 0 3 2 4 2 1 0 4 4 2 2 0 3 3 0 4 4 1 1 0 4 4 0 4 4 2 0 4 4 1 4 0 0 1 1 2 2 3 4 3 0 3 4 0 3 4 2 4 2 3 1 4 3 1 3 4 1 0 0 2 2 4 2 2 2 1 1 1 4 2 4 2 1 0 2 1 2 4 1 4 3 2 0 3 4 1 4 2 1 4 4 3 3 4 2 0 0 1 1 4 3 2 3 1 3 1 3 0 2
4 1 2 3 2 2 4 3 1 1 1 0 3 0 3 2 4 0 4 0 3 0 4 1 4 2 1 2 0 1 4 1 4 2 2 3 1 1 1 3 0 0 3 3 2 4 2 1 4 1 2 0 1 3 1 0 0 4 2 3 2 4 1 1 3 3 0 4 0 3 2 0 3 3 0 0 2 2 4 3 3 1 3 1 1 1 4 3 2 3 1 4 2 3 3 2 3 3 2 3 3 1 0 4 1 2 1 0 4 0 4 4 3 4 1 4 3 2 3 0 0 1 2 0 1 0 2 0 3 1 0 3 0 3 2 1 0 4 2 0 4 3 4 3 4 2 4 4 1 4 0 2 1 2 4 4 2 1 4 2 0 2 2 0 0 0 3 0 1 2 0 2 0 2 0 2 1 2 1 3 1 3 2 4 2
1 4 4 4 0 3 4 2 1 1 2 3 0 3 4 2 0 1 0 4 4 4 1 3 0 1 4 1 3 1 3 1 2 0 2 2 3 4 2 1 0 4 1 2 4 0 2 2 4 4 1 3 3 4 1 0 2 2 1 2 0 0 3 2 0 1 0 0 0 2 4 2 3 0 2 0 1 4 2 2 3 0 0 3 0 3 3 4 2 0 2 3 0 0 0 2 3 2 4 0 1 3 0 0 4 2 2 2 3 4 1 3 4 3 1 1 1 4 1 0 4 0 0 1 2 3 0 3 0 0 3 4 3 0 1 4 4 3 3 2 2 4 0 3 2 1 2 0 3 0 3 2 0 3 1 2 1 1 0 4 1 1 0 2 1 1 3 3 4 2 0 1 3 3 1 3 1 3 0 4 0 3 4 0 2
0 0 0 3 2 1 0 3 1 4 2 2 2 0 1 1 2 4 2 0 3 0 4 3 0 3 4 4 4 1 3 4 1 0 0 4 2 0 2 0 1 1 0 3 3 3 2 1 3 4 3 3 4 2 1 1 3 0 2 2 2 0 4 0 3 4 4 2 1 4 2 2 0 2 2 1 1 4 2 1 0 0 4 1 0 2 3 3 3 0 2 2 3 3 2 3 2 2 0 0 3 4 4 0 2 2 1 0 3 3 3 1 1 4 2 3 1 0 3 1 3 0 3 3 1 3 1 0 0 1 1 0 0 2 0 4 1 2 1 0 2 1 1 0 0 0 3 4 1 3 0 1 4 1 4 2 4 2 2 1 3 3 1 0 3 3 0 4 0 3 1 0 0 4 2 0 0 3 4 3 1 2 4 2 3
0 4 2 2 2 0 2 2 1 2 0 4 4 0 2 3 1 4 3 1 1 0 1 4 2 1 1 4 0 3 4 2 3 3 1 2 3 3 4 1 0 0 0 2 2 4 2 0 3 0 1 0 2 4 1 1 2 2 2 2 3 1 1 3 4 2 0 4 0 4 0 3 1 3 2 0 2 4 1 1 4 4 3 3 1 4 0 3 2 2 3 2 1 4 0 0 4 0 2 4 1 2 4 0 0 1 0 3 0 3 1 1 3 1 0 1 0 2 4 4 4 4 1 0 4 1 3 3 1 0 4 0 4 1 0 0 2 2 0 3 1 3 1 1 4 3 4 4 0 3 1 2 0 2 2 1 1 2 1 4 4 0 4 4 3 1 1 1 4 3 1 2 3 2 0 2 1 4 3 3 4 4 0 4 4
0 0 2 2 1 1 4 4 1 0 2 4 1 0 3 1 1 0 4 1 0 3 4 4 1 4 1 3 0 0 4 0 3 1 4 4 4 0 0 2 0 0 2 3 0 0 4 4 3 0 2 0 3 3 2 2 2 3 2 2 0 3 4 3 1 1 0 0 1 0 3 4 2 0 2 0 2 4 4 2 4 3 3 0 1 2 4 0 2 1 0 2 4 1 1 0 2 1 2 1 3 0 0 1 2 4 1 2 3 2 4 0 2 4 2 3 3 1 0 0 4 0 3 0 2 1 2 1 2 4 4 2 2 1 3 4 1 1 3 4 0 0 1 2 1 3 2 0 4 3 0 0 0 0 0 4 1 2 3 3 2 2 3 4 4 3 0 0 0 1 1 0 1 3 0 2 3 2 4 3 0 0 3 1 2
1 2 4 3 0 4 2 3 2 3 4 1 1 4 3 2 2 0 3 2 0 2 1 3 2 4 0 4 4 3 1 0 1 2 1 1 2 3 1 1 2 0 2 3 1 0 2 4 1 2 1 3 4 2 1 3 3 2 4 0 2 3 2 3 0 3 2 4 4 3 1 1 4 0 1 0 3 3 1 4 0 3 2 1 2 1 2 1 0 3 1 2 1 0 1 4 4 3 0 3 3 3 1 2 4 4 0 2 2 1 3 4 1 2 2 4 3 4 2 3 0 0 3 1 0 4 2 4 4 3 4 2 1 2 2 2 1 4 4 0 2 2 1 4 0 4 0 0 0 2 1 0 2 4 4 4 0 3 4 1 1 0 0 0 0 4 2 1 3 4 2 1 1 0 2 3 4 2 1 2 1 2 4 0 3
3 4 0 2 0 1 0 3 3 2 3 3 0 4 1 1 3 4 2 4 1 3 0 0 1 4 3 0 4 3 3 4 0 3 1 0 1 4 3 4 1 1 2 3 3 1 4 3 0 4 2 4 4 0 1 0 4 0 0 0 0 3 0 0 3 3 1 1 2 1 0 4 0 0 4 3 3 4 1 3 3 1 4 2 3 1 2 4 1 4 0 1 2 0 4 2 3 0 3 3 3 0 4 3 2 3 3 0 2 2 1 2 0 0 4 3 3 3 4 4 2 4 3 1 1 2 3 2 4 3 0 4 1 4 3 0 4 1 1 2 0 4 4 0 1 1 3 0 1 3 1 4 4 1 2 3 0 3 0 4 3 2 1 4 3 4 0 2 2 3 1 3 4 1 0 0 4 4 0 0 4 4 1 0 0
4 3 1 4 0 2 2 4 3 4 2 4 4 2 4 4 3 2 3 1 4 0 0 3 3 3 4 2 4 2 2 0 0 0 4 3 3 2 2 3 3 0 3 2 4 2 3 4 1 3 1 0 3 3 1 3 3 2 0 0 4 3 0 2 3 2 0 3 1 2 2 4 4 2 3 3 4 3 3 2 1 1 4 1 1 0 0 0 0 2 0 4 0 2 1 1 4 1 1 2 1 0 1 0 2 4 4 3 4 4 0 0 2 2 4 0 4 1 2 4 3 2 1 1 2 2 4 3 1 0 1 2 3 4 2 0 1 3 4 0 4 1 3 3 0 2 4 0 0 1 4 0 1 0 1 3 0 2 3 3 0 4 2 3 4 1 3 0 0 4 0 1 3 3 2 3 2 1 3 2 4 0 0 2 0
3 0 2 1 4 0 1 0 4 4 4 1 4 1 3 1 4 4 4 2 3 4 2 4 0 1 1 0 1 3 2 0 1 0 3 2 2 4 2 2 0 4 3 1 2 1 2 1 2 3 1 1 3 3 2 3 4 0 0 3 1 2 3 2 2 1 1 2 2 0 1 4 4 4 0 4 2 0 0 1 3 1 4 3 1 4 3 1 4 3 1 0 1 4 4 0 2 0 4 1 1 0 0 2 1 0 1 3 0 4 2 1 2 1 1 4 2 0 2 4 0 3 4 3 4 1 1 3 3 0 4 4 1 4 4 4 1 2 3 4 3 2 0 1 0 3 2 3 3 4 2 1 4 3 4 3 1 2 1 0 3 0 4 1 1 0 0 2 3 0 1 3 2 3 4 0 2 1 3 2 2 2 3 1 2
0 1 4 2 4 4 2 1 0 3 2 1 4 0 1 4 3 4 4 2 1 4 4 4 4 3 2 1 2 0 0 4 4 4 1 3 3 4 2 1 4 4 4 3 1 0 0 2 1 1 4 4 2 0 4 1 3 3 4 2 3 4 1 2 4 0 3 4 4 0 0 3 1 4 4 0 1 1 2 0 2 1 4 1 3 3 2 1 1 3 1 2 2 2 1 3 2 4 0 3 1 0 4 0 2 3 0 0 1 2 0 3 0 2 4 3 2 3 1 4 1 2 3 0 2 4 1 4 1 1 0 4 1 4 4 0 2 4 1 0 3 3 3 3 0 4 3 3 4 2 4 2 1 2 4 3 3 0 0 1 1 2 1 0 1 2 0 0 4 3 0 2 2 0 3 2 1 1 0 0 0 4 4 2 3
3 2 4 4 4 0 2 1 3 2 2 1 0 2 0 3 4 4 0 4 2 0 0 1 2 2 1 4 1 0 4 2 3 3 1 2 4 3 1 2 3 3 0 3 3 2 1 2 2 4 4 1 1 1 2 3 4 1 4 2 1 4 4 1 2 2 1 1 3 2 1 1 2 3 4 2 1 2 2 0 3 1 1 1 2 1 2 3 2 1 1 0 0 2 2 3 0 0 1 3 2 4 1 1 0 2 4 3 1 1 3 2 2 1 3 1 2 0 0 1 4 1 4 4 0 3 4 0 3 3 0 2 4 3 3 4 0 2 2 4 0 2 1 4 4 1 1 3 2 1 2 1 4 1 2 4 1 2 2 4 2 4 1 1 3 1 3 0 1 2 4 1 0 2 1 1 4 4 4 3 2 3 4 3 1
3 4 2 2 3 1 4 3 4 3 3 1 3 0 2 0 2 0 2 4 3 3 0 2 0 3 1 3 4 4 2 3 1 4 2 4 3 2 2 2 2 2 0 0 3 4 2 2 0 0 3 0 3 4 0 3 2 1 4 4 3 1 4 4 2 1 3 0 0 3 0 4 2 0 4 2 2 4 4 4 4 3 4 2 4 4 3 1 3 4 2 1 2 1 2 4 0 2 2 0 2 2 0 0 4 1 2 1 0 4 0 1 4 2 1 3 1 1 1 4 0 4 2 4 2 4 3 2 2 0 0 4 4 2 1 4 0 4 2 3 0 0 4 4 2 0 4 3 3 0 0 0 1 2 4 4 4 3 3 1 0 3 2 2 2 4 3 3 0 0 1 0 2 0 1 4 3 2 0 3 2 2 4 1 1
3 2 0 1 0 3 4 1 1 1 0 0 4 3 2 1 4 2 4 2 0 0 2 4 2 0 3 4 4 4 1 3 1 3 1 4 2 2 2 3 3 2 0 4 3 2 3 4 1 4 3 3 4 0 2 4 3 0 3 4 2 1 2 0 0 1 4 4 3 3 2 4 3 4 0 1 1 3 2 4 2 1 2 4 1 4 3 1 1 3 1 3 0 3 4 2 1 0 3 2 1 0 3 4 1 3 2 2 4 4 3 3 0 0 2 4 1 2 0 4 1 1 3 3 2 4 2 0 1 0 2 2 2 0 3 3 1 0 2 0 2 0 0 4 2 3 3 3 2 1 2 0 4 2 3 3 3 2 4 0 2 3 4 1 4 3 1 2 0 3 4 2 0 4 2 2 4 2 0 2 0 0 2 0 2
3 3 1 0 2 3 0 1 2 1 2 0 3 4 1 3 0 0 4 4 4 1 4 4 4 1 4 4 0 4 1 3 0 4 4 2 2 4 0 0 2 4 2 2 0 0 1 0 3 0 0 2 3 1 3 2 2 3 1 2 4 0 1 4 1 2 4 4 3 4 1 0 1 0 3 1 1 4 2 4 1 4 3 4 0 2 2 4 0 0 3 1 2 1 1 4 3 0 0 1 1 3 4 4 3 4 1 1 3 0 0 1 4 1 2 1 3 1 0 0 2 0 3 4 2 4 0 2 1 0 1 0 3 0 4 4 4 2 0 4 2 3 2 3 1 4 4 4 1 1 1 0 2 1 1 1 1 2 3 4 2 1 1 3 1 3 2 2 0 4 3 3 4 0 1 0 0 3 1 3 1 4 3 0 1
4 1 4 1 2 3 1 3 2 1 2 0 0 1 0 4 0 0 1 2 4 1 2 2 3 2 3 2 2 4 0 2 2 4 0 1 0 3 0 2 4 4 2 4 0 4 1 2 0 2 0 4 0 4 1 0 2 1 3 4 2 3 3 2 0 1 3 0 4 0 2 1 4 1 2 2 0 0 4 0 4 1 4 0 1 2 0 0 1 0 1 0 1 2 2 1 3 1 1 4 1 0 0 3 1 0 0 1 0 1 4 0 0 3 0 3 3 2 3 1 3 1 1 4 0 4 0 0 2 3 0 0 3 2 3 4 2 0 2 3 2 1 3 4 2 0 2 2 2 0 3 0 3 4 1 4 0 3 4 4 1 1 0 1 4 3 0 3 4 0 1 3 1 1 2 3 3 4 0 1 1 0 3 1 2
0 0 2 3 2 2 2 3 2 3 4 2 1 3 3 1 1 1 4 0 0 0 3 1 2 4 4 3 0 1 0 2 3 4 0 0 3 4 1 0 3 2 0 1 0 3 4 4 2 3 4 2 3 2 4 1 4 0 1 4 1 1 1 0 2 3 2 1 3 0 3 3 3 3 4 0 4 3 4 1 3 3 3 4 1 4 2 2 0 3 1 3 1 4 0 3 4 0 1 4 0 0 2 0 0 3 1 4 3 0 0 4 4 1 3 2 2 0 4 4 3 2 3 1 3 0 1 2 0 3 2 1 3 1 1 0 0 4 0 0 0 0 4 1 3 2 0 1 4 1 2 4 3 0 0 1 1 2 0 3 2 2 4 0 4 3 0 1 4 2 3 1 0 3 2 3 2 4 1 2 0 4 1 0 1
4 3 4 3 4 3 0 3 4 2 4 4 4 0 4 2 1 0 2 4 0 2 3 1 4 2 2 0 4 2 3 0 1 3 3 0 3 3 0 2 0 0 4 4 2 0 1 3 2 0 4 4 3 3 1 4 0 3 4 1 0 4 1 3 2 4 0 0 2 1 0 4 1 1 4 0 1 2 4 0 3 3 0 1 3 1 2 1 1 3 2 3 2 1 2 2 0 4 2 0 0 4 4 3 2 0 4 0 3 3 1 3 3 1 1 2 4 3 3 0 1 2 0 0 3 2 2 1 2 2 3 4 1 2 3 1 0 2 1 0 2 2 3 0 0 4 4 1 2 4 3 0 2 4 0 2 3 3 3 0 0 1 2 3 1 0 4 3 4 3 3 1 2 1 1 0 0 3 1 4 2 2 4 1 1
4 4 4 4 4 2 1 3 4 0 1 1 1 4 0 1 2 1 4 0 4 4 0 2 2 4 2 4 0 3 2 1 2 2 1 4 1 4 2 2 1 3 3 3 2 0 1 1 1 0 1 2 1 3 2 1 2 4 0 4 2 3 0 2 2 3 1 0 3 3 2 4 1 2 4 0 2 1 3 0 3 4 2 2 2 4 3 1 0 0 0 3 3 0 0 2 1 1 2 4 4 1 0 2 3 0 4 2 3 2 4 1 3 2 3 0 3 1 1 4 4 3 4 2 0 4 2 1 2 1 2 3 0 3 0 3 3 1 3 1 0 2 4 3 1 3 3 2 1 1 3 0 1 2 0 1 3 4 3 0 0 0 3 0 3 0 1 3 1 1 4 1 3 4 1 0 4 1 4 2 2 2 0 3 4
0 1 2 4 1 4 1 4 2 4 4 2 2 3 0 3 4 3 1 0 4 3 1 0 2 4 4 4 4 4 0 1 0 4 2 4 3 3 3 0 4 2 4 1 2 4 4 4 2 1 1 1 1 3 3 4 4 2 0 3 1 1 1 4 0 3 3 4 3 1 1 3 0 1 4 0 0 1 1 3 4 2 1 0 2 0 4 1 4 0 1 1 1 2 2 3 2 0 4 1 3 1 1 0 2 0 2 4 3 3 4 2 3 3 3 0 0 2 2 4 4 0 2 2 3 4 3 0 4 2 3 4 3 4 0 2 2 2 2 0 3 3 3 1 1 1 1 1 0 0 1 2 1 0 4 4 0 2 1 1 2 2 1 0 1 1 0 3 0 4 1 0 2 4 1 4 2 3 2 2 0 0 1 1 1
1 2 1 0 1 2 2 3 3 0 4 1 0 0 4 1 1 4 3 2 3 4 4 3 2 3 3 4 0 0 0 3 4 1 3 0 1 3 3 1 0 0 3 0 0 4 3 3 0 1 0 3 3 4 1 2 4 0 1 4 2 2 2 1 0 3 4 1 1 2 3 1 4 3 3 1 4 1 1 4 4 1 3 4 2 1 1 2 3 3 1 0 2 1 4 2 4 3 1 0 2 4 3 4 4 3 0 3 4 2 2 0 0 2 0 0 1 1 2 4 1 0 2 0 1 1 3 0 1 4 2 0 0 2 4 4 0 2 2 1 1 1 2 3 1 4 3 2 2 0 1 1 3 3 1 4 1 1 2 2 0 1 0 2 4 1 1 1 3 0 3 1 2 2 0 3 1 3 2 0 1 3 1 4 4
0 3 0 1 2 0 4 4 0 1 0 1 3 1 2 0 1 3 4 3 0 4 1 1 1 2 2 0 0 1 4 0 1 1 2 1 1 1 0 1 4 2 3 4 3 2 0 2 2 4 0 3 4 2 4 2 1 3 2 3 4 3 4 2 0 3 3 3 1 0 0 0 2 0 0 3 2 0 0 1 1 2 1 2 4 2 0 2 0 4 1 1 3 2 4 0 0 4 3 1 0 0 1 4 2 1 2 4 3 4 3 2 2 4 4 3 2 1 3 4 1 4 1 1 1 0 3 3 4 1 4 1 4 2 1 1 1 0 3 4 0 1 3 4 2 0 4 1 1 2 1 2 3 2 3 1 4 1 4 0 0 3 2 4 3 3 2 4 0 0 0 2 3 4 1 1 4 1 2 0 3 0 3 4 2
3 0 3 0 0 4 2 0 1 1 3 1 0 2 3 1 3 1 1 4 2 4 3 0 4 0 1 4 0 0 2 4 0 0 1 2 1 3 3 4 1 3 0 1 3 1 4 3 2 1 4 4 0 2 0 4 4 1 4 0 3 3 1 3 0 2 3 4 0 3 3 1 1 1 4 1 2 4 4 4 0 0 0 0 4 2 2 4 3 3 1 3 3 2 2 3 1 0 4 3 3 3 1 1 4 0 0 1 4 1 2 4 2 2 2 1 0 1 0 0 4 3 4 2 2 3 2 3 0 2 1 0 0 2 3 1 0 3 4 4 0 1 1 2 3 3 3 0 4 1 1 0 4 2 2 2 2 1 2 2 3 1 2 0 3 0 1 0 1 0 0 1 3 1 3 4 1 3 4 2 1 2 4 1 1
1 0 3 4 4 0 3 0 4 0 4 2 4 1 3 1 1 4 0 4 4 4 2 4 0 1 1 0 0 4 3 3 1 2 3 0 4 3 1 1 3 2 3 2 3 3 4 2 4 4 3 3 0 1 4 2 4 0 4 0 1 3 0 2 2 3 3 1 1 1 4 2 3 2 4 1 2 0 0 1 1 4 1 3 0 1 1 4 3 0 1 0 0 2 2 2 2 2 1 1 3 0 3 1 0 4 0 2 0 0 4 3 4 0 2 1 1 3 3 0 0 1 2 1 0 4 0 3 4 1 4 2 2 4 1 2 0 3 4 2 3 3 1 0 1 3 3 4 3 1 1 3 3 3 1 0 3 2 3 2 3 4 1 0 0 4 2 1 2 4 3 3 4 1 3 0 4 1 0 2 0 1 3 0 0
4 0 0 3 1 4 2 0 2 4 1 2 4 4 4 3 4 2 2 1 2 0 0 1 2 0 1 3 3 3 0 4 3 2 3 4 3 0 2 1 4 0 0 3 4 4 3 0 4 3 1 1 3 4 2 0 4 0 0 2 3 3 1 4 2 1 0 1 1 2 2 3 4 2 3 3 3 2 4 4 2 2 1 0 1 0 2 0 3 2 4 3 2 3 4 0 4 0 3 3 4 2 1 4 1 1 4 4 3 3 4 0 3 2 2 4 4 4 2 4 4 3 3 3 1 2 3 3 4 3 1 4 0 4 3 1 0 2 1 1 3 2 3 1 1 1 2 0 2 4 2 3 3 0 2 1 4 2 4 4 1 2 3 1 1 1 3 4 0 1 0 3 0 3 1 3 1 1 0 1 0 2 4 0 2
3 4 2 1 0 3 4 0 1 2 3 4 0 2 1 3 2 0 0 3 3 3 1 4 4 2 2 1 4 4 1 2 0 0 0 1 3 4 3 1 2 1 0 4 4 1 0 3 3 0 3 4 1 0 0 2 4 2 0 3 4 1 1 4 3 1 2 1 1 2 2 0 4 4 4 0 3 4 3 3 2 2 2 3 4 3 2 3 2 2 2 3 4 0 0 4 1 4 1 4 2 0 1 1 2 1 3 0 2 1 0 1 0 3 1 1 3 3 0 2 1 4 1 2 4 1 1 2 0 4 4 4 2 0 2 4 3 0 1 3 2 1 4 4 1 1 1 4 4 3 2 0 4 0 2 3 1 1 2 3 0 3 3 2 4 2 3 4 3 1 2 2 3 4 1 1 0 4 3 1 2 2 2 1 2
1 1 0 4 1 3 0 4 3 4 0 1 3 2 1 4 1 3 4 0 4 1 0 1 4 2 0 3 1 4 0 4 0 0 4 3 0 4 0 1 0 0 4 0 2 0 0 1 3 1 1 4 4 4 0 0 1 3 3 4 2 3 3 4 0 2 3 1 3 3 4 1 0 3 1 0 0 1 1 3 0 2 4 4 1 2 0 4 0 0 0 2 4 4 1 4 3 1 2 4 1 1 0 2 1 1 2 1 0 0 1 2 4 1 1 1 3 3 2 3 4 3 2 0 4 3 1 2 2 4 3 3 2 3 0 1 2 4 2 2 1 1 4 1 2 2 2 2 3 1 2 2 4 4 4 0 4 0 3 1 4 3 0 4 2 2 0 1 4 4 0 0 0 1 1 4 0 0 3 3 4 0 2 3 1
1 4 1 2 4 4 3 4 1 2 1 4 4 4 0 4 4 0 1 0 4 3 1 1 3 1 0 4 4 1 2 0 2 0 2 3 0 1 2 1 0 1 0 0 0 0 1 2 3 2 4 4 2 2 0 1 4 3 2 3 4 4 0 1 0 0 1 0 3 3 3 3 4 4 0 2 1 1 4 1 1 3 0 3 1 3 4 2 1 3 2 2 3 2 3 0 2 1 2 0 4 0 1 1 1 1 3 0 3 4 3 4 4 1 2 2 4 4 4 2 2 1 4 2 1 4 4 3 0 1 1 1 4 2 2 0 3 2 2 1 3 1 2 3 4 2 0 3 1 2 2 0 3 1 0 4 2 4 0 2 3 1 3 2 0 3 4 3 2 4 2 1 2 4 4 1 1 1 1 4 3 3 2 4 1
2 0 3 3 0 0 3 3 0 2 3 0 4 4 3 3 1 4 2 2 0 3 1 1 4 2 0 4 4 4 0 3 1 3 4 2 0 2 2 2 2 1 3 1 0 3 1 3 4 3 0 4 1 1 0 2 4 2 3 0 3 3 1 0 3 0 4 0 4 1 2 1 2 2 2 4 2 3 2 1 3 0 0 1 3 3 0 4 0 3 0 4 3 1 1 1 3 0 1 2 1 1 4 1 0 3 0 3 4 0 4 2 0 2 4 3 0 4 3 2 0 0 3 3 3 4 0 1 4 3 3 1 1 4 2 2 3 4 2 4 1 3 1 1 0 2 2 2 4 2 2 4 2 0 4 0 0 4 1 1 0 1 2 3 3 1 0 3 3 4 2 4 3 0 3 0 3 0 3 4 2 0 0 4 2
4 1 2 1 4 4 1 2 3 1 0 2 2 0 0 3 2 1 1 0 4 4 3 1 2 4 3 4 4 4 3 3 2 1 4 1 2 2 1 2 4 3 4 3 4 1 1 3 0 0 3 4 4 3 3 3 2 1 4 1 3 2 2 2 0 1 1 4 1 2 2 0 0 3 0 1 0 1 0 2 3 3 3 4 2 1 2 1 0 3 3 3 1 2 2 3 3 3 3 1 0 2 1 3 0 3 4 2 2 4 4 0 0 3 0 2 4 4 3 4 3 3 4 1 0 2 1 1 2 4 2 3 1 1 3 4 1 2 1 3 4 1 4 4 4 1 3 0 2 3 0 0 4 1 3 4 0 0 2 3 1 2 3 0 0 1 4 1 0 2 0 4 3 1 0 4 4 3 0 1 2 2 4 3 0
2 2 1 4 2 4 3 1 2 0 3 0 1 4 0 3 1 2 4 4 2 3 3 3 0 2 2 4 1 0 0 3 4 1 0 3 2 3 4 1 0 2 1 1 4 3 4 2 2 3 4 2 4 2 0 1 4 4 1 2 4 3 1 0 1 3 4 3 3 3 4 3 3 2 4 4 2 0 1 2 1 0 4 0 0 1 3 1 0 1 4 1 4 2 1 0 0 0 3 0 1 4 0 4 3 1 3 3 1 1 0 2 4 4 4 4 0 0 2 2 1 1 3 1 3 4 1 0 0 2 2 3 3 2 2 2 3 2 0 0 0 2 4 4 1 1 0 3 1 3 0 2 4 0 0 0 4 4 2 1 1 0 4 4 2 3 3 3 2 0 0 3 2 1 2 0 2 3 0 0 1 2 0 2 2
0 2 2 4 2 0 2 2 2 4 1 0 4 1 3 0 1 1 4 3 0 2 2 0 2 3 1 0 3 4 2 0 3 1 2 0 4 1 4 1 0 3 1 0 4 1 2 1 2 3 4 0 0 1 0 3 1 4 0 1 0 2 2 3 1 1 1 0 2 0 1 3 3 4 0 0 1 2 1 0 0 2 0 3 3 3 1 0 2 3 3 2 2 0 2 3 1 0 0 4 3 1 4 3 3 4 3 4 3 4 1 0 1 2 3 2 2 1 4 4 4 2 3 2 3 2 2 1 3 3 2 1 1 3 4 4 4 3 0 2 4 2 0 3 1 3 0 3 0 4 4 1 3 4 3 1 1 3 0 4 1 4 2 4 3 4 4 2 4 1 2 3 3 2 1 1 2 3 4 4 2 0 1 1 4
1 4 1 4 1 2 0 1 0 0 1 4 1 0 0 2 4 3 3 1 2 4 4 0 1 0 0 1 1 3 3 3 2 4 2 1 3 3 4 0 0 0 1 1 2 1 0 2 0 3 0 4 0 1 4 1 2 4 4 3 2 2 1 2 3 1 0 2 4 4 2 1 1 1 4 3 2 4 2 2 0 3 1 0 4 3 3 1 4 2 0 2 2 3 1 0 4 1 4 0 2 4 1 3 0 0 3 2 2 1 2 4 4 0 4 0 3 4 2 3 1 4 2 3 2 0 1 4 3 0 4 0 4 3 0 4 0 0 4 2 3 1 1 2 1 2 0 2 1 2 2 0 1 1 3 0 3 1 4 1 2 4 3 1 2 0 3 2 0 2 2 4 3 0 3 1 0 0 3 3 2 2 3 0 3
4 1 1 0 2 4 2 3 2 1 0 4 4 0 2 1 4 1 1 1 1 2 1 2 3 0 1 0 0 2 1 4 0 2 0 4 2 4 3 1 0 3 1 1 0 3 2 1 1 0 3 4 3 1 3 1 1 0 3 2 4 4 3 1 4 0 0 3 0 3 4 2 4 2 1 1 2 0 0 0 1 3 2 4 1 0 2 3 2 0 2 3 2 2 1 1 3 2 4 0 2 0 4 3 0 0 2 2 1 2 0 2 0 2 3 3 4 2 3 4 4 0 4 1 0 1 2 3 0 3 0 4 1 4 3 1 2 0 0 0 2 0 2 4 4 2 2 1 4 1 0 3 3 4 2 3 2 1 3 2 0 0 2 1 2 2 4 4 4 4 4 1 2 3 2 1 0 4 2 1 2 4 1 3 1
3 1 3 0 2 3 0 2 2 3 4 1 2 0 0 1 1 3 3 4 0 2 1 1 1 2 4 3 4 4 4 2 0 4 4 4 4 4 4 1 4 0 2 1 1 4 0 2 2 0 4 2 4 0 1 1 0 2 4 1 1 0 3 3 4 3 3 4 4 2 2 1 4 2 4 2 1 4 0 4 2 1 3 1 3 4 4 3 1 3 4 4 0 0 3 0 0 1 1 1 0 3 2 1 2 2 4 4 3 1 0 0 2 3 4 0 0 3 4 3 4 0 3 4 0 1 1 2 4 4 4 1 0 1 2 2 0 1 3 4 2 3 1 4 4 2 2 1 1 1 4 2 3 2 3 1 0 2 3 4 1 2 0 3 1 0 1 3 1 1 2 4 0 1 0 1 3 2 2 1 0 3 0 4 1
4 0 3 3 0 0 4 3 0 0 1 0 1 4 4 4 4 3 4 0 3 2 0 1 1 4 1 0 4 2 1 0 2 1 3 3 1 0 3 4 0 1 1 3 2 0 2 1 3 4 3 4 1 1 2 3 0 3 3 4 3 1 2 0 4 0 0 1 0 0 0 2 1 1 0 4 4 3 2 2 4 1 3 2 4 0 0 4 1 0 0 4 3 2 1 3 3 4 1 0 4 1 3 3 4 0 2 3 0 1 3 4 4 1 2 3 4 4 2 0 2 0 1 2 2 2 0 2 1 3 0 3 4 0 1 1 0 0 4 1 1 4 2 1 3 4 1 2 1 1 4 3 1 0 0 0 4 3 0 3 1 0 3 3 0 4 1 0 1 2 3 2 2 1 0 0 0 4 2 3 0 3 1 3 0
4 3 4 4 3 4 0 0 2 0 0 3 3 3 4 1 1 4 3 2 4 0 0 3 2 3 0 2 2 3 2 1 4 3 0 4 3 2 0 2 0 0 1 3 0 2 4 2 1 4 1 3 4 3 3 3 4 4 0 1 4 2 4 3 1 4 3 1 3 3 0 3 0 1 4 1 1 3 0 2 0 1 0 4 2 4 3 1 0 3 2 4 3 1 3 1 2 1 2 2 1 4 3 1 3 2 4 4 2 4 1 2 3 4 2 0 3 2 1 0 2 0 4 0 3 2 1 2 0 0 4 1 2 2 0 0 1 4 4 4 4 2 1 4 1 0 4 1 2 2 1 0 4 1 2 4 0 1 1 1 3 2 4 0 2 1 0 3 1 1 2 2 4 1 1 0 3 2 2 3 1 0 0 0 3
2 4 4 0 0 2 1 4 3 1 1 0 4 0 3 0 4 0 4 2 3 2 1 0 1 4 1 1 4 3 0 3 2 1 1 4 3 2 3 3 0 0 3 4 2 1 2 1 3 3 4 1 0 2 3 3 1 1 0 2 4 2 2 3 3 3 2 3 2 3 3 3 0 2 4 2 0 1 0 4 0 1 2 2 3 3 1 1 4 3 0 1 2 3 4 2 3 4 2 1 2 0 1 2 2 0 1 0 2 3 1 4 0 3 1 0 3 4 4 3 4 4 1 1 4 0 3 0 4 0 3 1 1 4 0 0 4 3 0 1 2 1 2 4 2 1 4 0 0 0 0 2 2 1 3 3 2 4 3 3 1 1 2 2 2 2 0 2 3 2 0 0 4 3 4 3 1 0 3 1 3 4 0 0 2
4 3 1 0 4 0 1 0 2 1 0 1 3 2 4 0 4 4 1 4 0 4 0 3 0 2 1 1 4 1 3 0 1 0 0 0 0 4 3 4 0 3 0 0 2 2 0 1 3 2 1 4 3 1 2 3 0 0 4 0 3 0 2 4 0 3 0 2 2 0 3 4 3 0 4 2 2 1 0 1 0 1 2 4 0 1 4 2 1 4 4 4 1 2 0 3 2 0 2 1 2 0 0 2 0 1 4 0 4 0 1 0 3 0 1 3 1 0 3 2 1 2 3 2 4 3 0 1 1 2 2 3 4 4 1 0 2 0 0 4 2 3 4 1 3 2 1 4 2 4 3 4 2 3 1 3 1 4 2 4 3 1 3 3 3 1 0 0 3 0 1 1 0 2 2 3 4 3 4 2 0 4 1 2 2
4 0 0 3 4 0 2 1 3 2 4 4 2 1 2 2 3 0 4 0 2 4 0 3 3 4 0 2 0 2 1 1 4 1 2 4 1 1 0 4 3 4 0 0 0 0 4 0 0 3 1 0 2 3 0 2 2 0 1 4 2 2 0 3 3 4 4 2 0 4 3 3 0 4 3 3 1 2 3 1 2 1 1 1 4 1 3 3 1 4 4 0 3 0 4 4 4 0 1 0 0 4 0 2 0 4 2 3 3 1 0 3 4 3 4 1 2 3 4 0 4 4 1 3 1 2 2 2 2 0 4 4 1 0 2 4 1 1 2 1 2 2 4 4 3 4 0 0 4 1 0 3 2 3 3 3 0 2 3 0 2 2 4 4 4 3 3 2 0 2 4 4 0 0 3 0 4 0 0 0 2 0 1 4 1
1 0 1 4 3 1 3 2 3 4 4 3 4 3 0 2 2 0 4 0 0 4 4 1 1 2 0 3 3 1 4 4 1 1 0 1 4 4 1 4 3 2 3 3 0 3 2 0 0 1 0 1 2 1 4 3 3 1 1 3 2 1 0 1 2 0 4 3 1 0 0 2 2 3 2 3 3 4 3 4 2 0 2 4 1 3 2 0 4 3 0 3 4 0 4 3 3 4 4 1 1 4 3 4 4 0 4 2 1 4 3 3 4 0 2 2 3 4 4 4 0 0 3 4 2 4 0 0 0 4 2 2 0 0 3 4 3 4 1 4 0 2 0 1 2 4 3 3 4 3 4 1 3 4 2 0 4 2 3 4 3 0 1 3 2 1 4 2 0 3 4 0 0 4 1 4 3 0 4 4 3 4 2 3 3
0 0 2 4 3 4 3 0 0 3 0 4 0 2 4 3 3 0 3 4 1 2 0 3 2 4 3 3 2 1 1 4 2 1 3 2 0 3 3 2 2 3 1 2 2 1 2 1 3 0 0 1 4 0 0 3 2 3 1 1 0 0 0 4 1 0 1 3 4 1 0 3 4 4 2 4 2 4 0 0 1 2 1 2 3 1 1 2 2 4 0 4 4 2 3 0 2 1 3 1 3 1 4 4 0 1 3 2 2 0 4 3 3 0 1 3 4 4 2 1 3 2 2 3 4 0 0 3 3 1 0 3 2 1 0 4 0 3 3 4 1 2 3 4 4 1 2 0 0 1 3 3 3 0 3 4 2 4 2 3 0 4 1 4 1 1 3 3 2 3 2 3 0 2 4 1 3 3 4 0 4 2 1 2 0
4 1 2 0 0 2 2 0 4 1 3 2 1 1 1 4 0 4 1 3 0 3 1 3 4 4 2 1 0 1 3 1 4 3 2 0 0 4 0 4 3 3 4 4 1 0 4 1 2 0 4 2 0 3 1 4 2 0 3 4 2 1 0 1 4 4 1 0 4 3 1 4 3 2 3 1 3 2 3 2 0 4 1 0 4 4 2 3 0 0 2 2 3 0 0 3 4 4 0 0 2 3 4 3 1 3 4 4 2 2 3 2 4 4 0 3 1 4 4 1 1 3 0 4 3 2 4 3 1 4 0 1 3 0 4 4 0 3 0 4 3 0 4 4 1 1 2 2 0 3 3 1 2 0 0 0 3 2 0 1 1 1 2 1 3 1 2 0 2 2 4 0 4 3 4 1 4 3 3 1 2 4 2 4 1
0 1 4 2 2 1 0 0 0 2 0 2 4 0 4 4 1 1 3 0 2 1 1 0 0 3 4 1 2 0 2 4 4 4 1 3 2 4 3 2 1 3 1 2 0 2 3 1 0 4 3 2 0 0 0 2 0 1 0 2 4 0 4 3 4 0 1 3 1 4 2 4 4 4 2 1 3 2 2 4 1 3 3 4 3 0 3 0 2 4 4 1 4 3 1 0 1 2 3 2 3 0 2 4 1 1 0 2 3 4 3 2 2 1 3 2 4 1 2 1 2 4 4 1 2 2 1 3 4 1 3 4 4 0 3 2 1 0 4 1 1 2 3 1 1 1 3 0 0 3 3 2 2 4 4 1 1 2 2 2 1 0 1 0 0 1 2 3 3 4 4 4 3 3 0 4 1 1 1 1 1 4 4 3 0
0 1 1 4 3 0 0 3 3 2 0 4 2 3 4 1 3 4 4 3 1 1 1 4 2 3 0 4 4 0 4 1 2 1 0 0 3 3 1 2 0 1 1 2 0 3 0 0 4 2 0 0 3 1 0 2 1 2 1 0 3 1 3 2 4 4 2 2 2 0 4 2 2 3 2 4 1 4 1 0 1 1 2 1 2 4 4 4 2 0 1 2 3 0 4 2 1 3 2 3 4 1 2 3 1 1 4 4 1 0 4 2 1 4 4 0 0 0 4 2 0 1 1 1 3 0 3 4 1 2 4 0 4 1 0 2 0 4 2 1 1 3 0 2 2 1 2 3 1 4 2 4 2 1 0 0 1 0 1 2 3 0 4 4 3 1 1 3 0 0 4 1 4 2 0 3 3 0 3 0 1 1 4 3 2
1 3 0 1 1 0 1 1 1 0 4 3 4 3 0 4 4 4 3 1 1 2 0 1 0 2 2 3 1 2 2 2 2 0 0 3 0 2 4 3 2 4 1 3 4 2 3 0 3 1 2 4 0 4 3 3 1 0 3 4 0 1 3 2 1 3 1 3 0 0 1 0 1 0 3 2 4 3 3 2 0 0 1 2 1 4 2 4 2 1 0 2 2 3 1 0 3 2 0 1 0 1 1 1 1 1 4 0 0 4 4 2 1 1 1 2 2 4 3 1 0 3 0 4 1 2 1 4 4 1 2 4 2 0 3 1 2 4 3 4 3 3 3 4 1 4 3 0 0 1 2 2 1 2 1 2 1 2 3 3 3 1 4 3 1 2 1 0 3 4 1 3 4 4 4 0 1 2 1 1 0 0 4 1 4
2 0 1 0 1 4 0 2 3 0 0 3 1 3 3 3 4 2 2 4 1 0 0 1 3 1 3 3 2 0 2 0 2 0 2 3 1 2 2 2 0 3 2 3 1 0 1 2 4 1 1 3 3 3 4 1 0 4 4 4 1 3 4 4 1 1 2 2 1 0 1 3 0 3 1 3 1 0 0 0 1 2 3 4 2 4 0 4 4 1 4 0 1 3 4 2 2 4 2 0 1 0 3 1 4 4 1 0 4 1 0 2 0 1 3 3 0 0 2 4 1 1 0 0 2 1 4 4 2 3 1 3 4 4 4 3 3 0 0 0 4 2 2 4 3 1 4 4 1 2 0 0 0 2 2 4 4 1 3 3 0 1 2 1 0 3 1 4 1 1 4 0 0 3 1 4 4 1 0 3 0 0 0 0 3
2 0 4 0 0 2 2 2 1 3 2 0 4 3 1 2 4 1 3 3 2 4 4 0 4 2 0 1 4 3 4 1 0 0 2 2 0 1 4 1 0 4 1 1 4 2 1 4 0 1 2 3 0 1 0 1 1 1 2 0 1 4 4 1 1 3 3 1 4 0 0 1 1 1 0 0 1 1 1 1 4 0 1 4 4 2 2 0 0 4 2 3 0 3 4 2 1 4 3 3 4 0 4 2 4 4 0 0 2 1 3 1 2 2 2 1 1 4 3 1 1 2 4 1 1 0 3 4 4 4 2 1 4 2 0 3 3 0 0 3 2 4 1 1 3 4 4 4 0 4 0 1 1 1 3 4 3 3 4 4 2 1 2 4 0 3 4 1 3 0 4 2 1 0 0 4 4 4 3 2 0 0 3 4 3
3 3 3 4 4 2 3 3 0 2 3 3 4 4 3 1 3 1 2 1 1 3 0 3 3 4 0 0 3 4 3 3 0 3 4 4 0 3 2 0 2 3 0 1 2 4 2 3 2 1 4 0 4 1 0 4 1 1 4 1 0 4 1 0 2 1 0 3 4 4 0 1 2 3 0 0 2 2 0 1 1 4 1 0 0 2 2 3 3 1 4 3 1 1 1 0 4 3 0 3 2 1 1 0 1 3 2 3 1 2 1 4 3 2 4 0 1 1 4 1 0 3 0 3 1 3 3 0 1 4 0 3 2 4 0 3 2 2 3 0 1 4 4 4 3 1 2 2 4 1 3 4 1 0 4 0 3 3 2 4 4 0 0 1 4 0 1 3 0 1 1 1 2 0 3 2 3 0 4 0 3 3 1 4 3
1 4 4 4 4 3 0 4 3 1 3 4 4 3 1 2 4 2 4 2 2 1 0 4 3 2 2 1 4 4 1 0 0 0 1 4 1 1 3 1 4 3 2 3 2 3 0 1 1 1 0 0 2 3 0 0 0 4 3 4 3 2 1 1 4 2 0 0 3 1 2 4 4 4 2 3 3 4 2 1 2 2 3 2 0 0 2 3 0 3 2 0 0 1 1 4 3 4 2 4 0 1 3 1 0 3 0 0 4 2 3 2 4 2 4 2 4 3 0 4 3 4 0 3 0 3 0 1 2 4 2 4 0 0 1 2 0 1 0 0 3 3 2 4 2 3 3 2 1 3 3 0 0 0 0 2 4 2 3 3 1 2 3 3 3 4 1 3 0 1 0 0 4 4 1 4 2 0 1 1 0 1 1 0 2
3 0 1 3 0 1 4 3 4 0 3 0 1 1 2 2 4 2 3 3 1 4 1 1 2 2 3 4 0 1 1 0 1 4 3 1 0 0 4 0 0 2 0 3 1 3 0 0 2 0 3 3 0 1 1 4 0 0 3 2 1 4 3 2 0 3 0 1 0 2 3 0 4 0 3 2 0 0 4 0 3 0 0 0 3 2 4 4 4 3 1 0 4 1 4 2 2 1 3 2 3 3 0 0 3 0 2 1 1 4 1 1 4 1 1 2 0 0 3 4 0 2 1 2 3 0 4 2 2 4 2 2 4 2 2 2 2 2 0 0 1 1 3 0 0 4 4 0 2 3 0 4 0 1 3 0 4 4 0 3 3 2 0 2 4 3 2 3 0 2 1 3 1 4 0 1 4 4 1 3 4 3 2 1 2
3 2 1 2 2 1 3 4 1 2 0 1 4 3 3 4 4 1 0 4 1 3 0 3 1 3 2 0 2 4 2 0 3 0 3 2 1 3 3 2 0 3 1 0 3 4 1 0 1 3 1 4 1 1 2 4 1 2 4 0 3 3 1 1 3 1 0 4 1 3 4 1 1 0 3 1 1 4 1 2 4 2 4 2 0 1 2 1 0 1 4 3 2 2 1 0 0 1 2 1 4 3 2 2 0 1 4 1 2 2 4 2 2 0 4 2 3 3 1 4 2 0 2 4 2 1 1 2 2 3 3 2 1 2 1 1 3 0 3 1 0 4 0 2 4 1 1 2 0 2 3 2 2 3 3 1 4 4 0 1 3 0 0 1 3 2 0 1 4 0 4 4 1 1 3 0 3 0 4 0 2 0 2 2 3
2 0 2 1 1 0 4 1 1 3 4 0 3 3 4 0 2 1 1 4 4 3 4 1 4 4 1 4 3 0 2 0 0 1 1 3 2 3 0 0 1 1 0 1 4 4 1 4 2 2 3 4 0 4 0 4 3 1 1 1 1 3 1 4 0 4 2 4 2 2 4 0 1 4 1 0 0 4 4 3 1 4 2 3 0 4 0 3 1 1 1 4 4 4 0 1 4 3 0 3 2 1 4 3 0 2 1 1 2 2 1 3 4 3 4 4 2 4 0 0 0 1 2 1 3 4 0 2 4 2 2 2 4 1 2 1 4 0 4 1 0 2 1 4 0 0 0 0 1 0 2 3 4 1 2 2 3 2 1 2 1 3 1 2 0 4 1 1 1 0 4 1 3 0 2 0 3 3 2 4 0 2 0 4 0
2 1 3 1 2 1 4 3 2 2 0 3 3 1 0 0 0 3 0 2 1 3 0 4 2 2 1 4 4 1 0 1 4 3 4 2 1 3 2 4 2 2 2 2 3 4 3 0 3 0 2 1 3 0 2 3 4 3 2 3 4 4 1 4 0 0 3 1 0 0 2 0 4 2 2 2 1 2 4 1 3 3 2 3 3 1 1 4 0 1 2 1 0 0 2 0 2 0 2 0 2 1 0 1 3 2 0 0 0 4 3 0 3 3 0 3 4 4 3 4 2 2 3 2 0 0 0 2 3 4 2 0 0 2 4 4 2 4 4 4 1 4 1 1 2 3 4 2 2 4 3 4 4 1 4 4 2 4 1 0 3 1 2 0 0 3 4 4 3 0 3 1 0 4 2 2 0 3 4 2 3 0 4 2 1
0 1 0 4 4 2 4 2 0 4 3 3 1 4 3 1 3 4 1 4 3 1 4 2 2 4 0 2 0 4 1 0 0 1 4 1 4 0 4 1 1 4 1 2 3 0 4 3 1 2 3 2 0 4 4 3 0 1 2 0 0 3 0 2 0 1 3 1 1 4 4 3 3 0 2 4 2 1 2 1 1 2 3 1 4 2 1 4 3 4 0 0 2 0 2 4 4 0 2 0 2 1 0 0 4 3 1 1 1 4 2 2 3 0 1 2 4 4 2 2 3 4 2 3 1 1 4 0 2 2 3 1 0 3 1 4 1 0 1 3 4 3 2 2 1 0 2 0 0 1 0 3 0 4 3 3 1 3 1 0 0 4 1 0 2 4 2 4 4 3 4 0 3 3 0 1 4 2 2 4 0 4 4 2 3
3 0 1 1 1 1 3 2 4 0 0 1 2 1 0 2 0 3 3 3 3 4 4 2 3 3 2 2 0 4 3 3 1 4 1 0 3 1 2 4 3 2 0 3 0 3 0 2 1 3 3 4 3 2 3 1 3 0 1 3 1 4 3 4 0 4 4 3 2 4 3 0 3 3 0 4 1 1 1 4 1 1 3 1 4 1 0 2 3 1 2 1 0 0 1 0 1 2 1 3 1 1 0 0 1 1 1 0 4 4 4 0 1 0 2 2 3 2 1 2 0 3 0 2 3 3 4 1 1 0 1 4 1 3 1 0 4 2 0 0 4 4 3 0 4 2 2 0 1 3 2 1 3 4 3 3 3 2 4 4 0 0 3 3 3 2 3 0 4 3 0 3 0 0 0 1 2 4 1 3 4 0 1 2 0
4 0 3 4 4 4 1 4 4 4 0 1 3 0 3 3 0 3 0 3 4 2 0 3 3 1 0 4 2 2 1 4 3 1 0 4 2 1 1 3 0 1 0 0 1 0 1 3 3 1 1 4 3 2 0 4 3 0 0 2 2 1 1 2 4 1 2 1 4 3 4 0 1 1 2 2 3 0 0 4 2 4 0 2 1 0 1 1 2 3 0 0 1 4 4 0 0 3 3 2 3 0 2 4 3 1 1 2 2 4 3 1 3 3 3 1 4 2 4 1 0 4 3 2 0 0 4 1 3 0 3 4 0 2 0 3 0 2 2 4 3 0 0 3 1 4 1 0 3 0 3 0 1 4 2 2 1 4 0 1 4 0 0 1 4 1 1 4 0 4 1 0 1 1 3 2 2 4 4 0 1 0 1 2 1
0 1 2 1 3 3 2 3 1 3 4 4 0 1 4 1 2 1 4 3 4 4 3 0 0 0 1 0 1 0 3 4 4 2 2 2 1 0 3 4 3 2 3 0 3 4 1 0 0 1 1 1 0 4 1 2 1 2 3 3 4 3 4 3 1 3 1 4 3 1 0 4 3 3 4 4 4 1 1 4 4 4 2 1 0 3 3 2 2 3 2 1 4 3 0 0 1 3 1 0 1 1 4 4 4 3 0 0 1 2 1 2 3 3 0 4 1 4 1 3 4 3 1 3 1 1 0 2 1 1 4 2 2 3 4 3 4 4 3 2 3 4 0 4 2 2 3 0 1 4 3 3 4 0 3 2 3 4 1 2 0 1 1 0 1 0 3 2 2 2 0 2 3 2 1 1 4 1 1 3 2 2 3 1 4
1 0 4 2 2 1 0 0 3 0 3 0 0 1 4 2 3 2 3 2 0 1 3 2 4 1 4 1 1 3 2 3 3 2 2 2 3 2 2 3 2 3 4 3 4 3 2 4 2 0 1 3 3 4 2 3 3 1 1 4 1 4 4 0 1 4 4 1 1 2 0 1 2 4 4 1 4 3 2 2 1 3 2 4 4 4 4 4 2 1 4 4 0 0 1 3 4 0 4 3 4 4 4 1 0 0 4 0 3 1 4 1 4 1 3 1 2 2 0 4 3 1 0 0 2 1 3 3 2 3 1 1 4 2 0 0 2 4 0 3 1 4 4 2 2 4 3 4 2 4 0 2 0 1 0 4 2 3 3 1 3 1 0 3 4 0 3 3 1 0 1 2 1 3 0 3 2 3 4 1 2 4 4 0 2
4 4 2 4 2 3 0 1 0 3 2 2 3 0 4 3 2 3 1 2 3 1 4 4 0 1 1 1 2 1 1 3 1 3 4 0 3 4 3 4 2 0 3 2 1 2 0 0 1 1 2 1 4 1 0 4 4 4 3 3 0 4 1 3 4 1 1 2 2 4 3 0 0 2 2 3 1 0 3 4 3 2 3 3 0 3 4 0 2 4 0 0 3 2 0 4 0 1 2 2 3 0 4 0 4 4 3 3 1 3 2 1 2 0 1 2 1 1 4 3 2 0 0 3 4 1 2 1 4 4 0 2 2 2 4 1 1 4 4 4 2 4 0 1 1 2 4 2 0 0 3 2 2 3 0 3 4 3 4 1 4 0 0 1 2 0 0 0 4 1 1 4 0 1 0 2 0 1 1 0 4 4 0 1 3
2 2 4 0 1 0 2 3 1 3 2 3 3 4 2 2 0 1 2 4 4 1 4 2 3 2 1 2 2 0 2 4 2 2 2 3 4 4 4 2 4 3 0 0 3 0 2 3 3 1 2 2 3 4 0 3 1 3 0 0 3 3 4 2 2 3 1 1 4 2 1 4 0 1 4 3 1 3 4 0 4 3 4 4 4 1 2 0 0 3 0 0 3 2 3 2 2 1 0 2 3 1 3 0 3 4 1 1 2 2 1 1 0 3 1 0 4 0 2 4 3 0 2 3 4 0 2 1 1 3 0 1 4 3 3 4 2 4 1 4 1 4 3 4 2 1 4 2 1 3 3 2 3 2 2 2 2 0 1 0 0 1 3 4 0 2 1 2 1 2 4 0 3 4 4 1 2 0 0 0 3 0 2 2 3
2 1 2 2 2 3 4 4 3 3 4 0 1 3 4 3 4 4 4 0 3 2 2 3 4 3 3 4 2 0 4 4 2 4 3 1 4 2 0 2 3 1 3 1 2 4 0 3 3 1 1 3 3 0 3 2 3 1 3 3 4 3 4 3 2 0 4 1 4 2 0 4 3 3 1 2 2 3 3 2 4 4 2 2 4 0 4 0 2 4 3 1 2 4 4 1 4 0 4 4 2 0 3 3 0 4 0 0 2 3 2 3 2 0 0 4 0 1 4 4 1 2 2 0 1 3 2 3 4 1 2 3 3 2 1 4 4 2 4 3 2 3 2 2 3 2 1 1 1 0 2 2 4 0 2 2 0 1 0 4 0 4 3 3 4 1 4 0 0 3 3 3 2 0 2 2 0 0 0 1 0 0 0 1 2
4 0 2 1 1 4 3 2 2 1 3 0 1 3 1 1 2 1 0 4 3 0 4 3 0 2 0 2 2 1 4 2 1 2 0 4 1 3 4 0 1 4 0 4 3 1 1 2 2 3 1 2 3 3 0 1 2 0 3 2 3 0 1 2 2 1 3 0 1 2 0 2 2 0 4 2 4 0 4 3 0 2 1 1 2 3 2 0 1 2 2 4 2 3 3 1 1 2 1 2 1 1 1 0 4 0 4 0 2 0 3 3 3 1 1 2 0 3 2 1 2 1 2 2 1 1 3 4 0 0 3 3 3 0 4 4 2 3 4 0 4 0 0 4 1 1 3 3 1 3 1 0 4 4 4 3 2 3 4 2 0 3 2 0 0 1 0 2 2 1 4 3 3 1 4 2 4 2 0 2 0 2 3 2 3
2 2 0 2 1 4 4 4 1 0 4 0 2 4 4 3 3 2 2 0 3 4 4 0 1 2 3 3 2 0 3 1 2 3 4 0 4 0 0 1 0 1 3 2 0 2 3 4 1 0 1 4 1 0 1 4 4 4 3 3 1 1 0 0 2 1 1 1 1 1 4 4 2 2 3 3 1 1 4 2 3 0 1 1 2 3 1 2 4 4 0 1 2 2 1 1 0 2 0 4 0 4 3 0 4 1 0 0 3 4 3 3 4 1 0 3 4 1 0 4 2 3 2 4 2 3 3 3 3 3 4 3 4 2 3 0 0 3 1 3 4 1 4 0 2 4 4 4 0 1 0 2 1 2 3 1 2 1 1 0 1 0 1 3 2 1 3 2 2 1 3 1 2 2 4 2 1 0 3 3 1 3 0 0 2
0 1 1 4 2 4 2 2 0 0 1 3 4 0 0 2 0 4 0 2 0 4 0 0 2 0 1 2 2 1 4 3 4 2 2 3 1 4 2 3 2 3 2 3 1 4 0 1 0 2 1 0 1 1 0 0 4 4 2 1 2 3 4 2 1 3 0 4 0 3 3 2 3 2 0 4 3 2 1 4 0 4 1 3 2 2 4 1 3 3 3 0 2 4 4 0 3 2 4 3 0 4 2 0 3 2 2 2 4 0 3 1 4 4 0 1 3 4 3 1 4 3 4 1 2 3 3 2 0 0 0 2 1 4 3 0 1 2 4 3 2 4 4 1 0 1 2 1 2 2 2 2 0 3 0 0 2 4 2 4 4 0 2 2 4 2 2 3 4 3 1 1 2 2 4 0 1 3 1 3 3 3 2 0 4
3 0 1 4 0 2 0 0 4 2 1 3 2 4 2 0 2 0 0 2 1 0 3 2 1 3 0 1 1 0 0 4 3 3 3 3 1 0 3 2 2 1 1 4 1 0 0 3 3 2 0 1 2 0 3 3 4 3 4 2 4 2 1 2 0 1 2 3 1 2 1 0 3 4 0 4 1 2 0 4 4 2 3 1 3 1 1 4 0 2 1 1 4 4 0 2 2 2 2 0 4 3 0 2 4 0 2 1 4 4 2 3 1 0 1 1 4 2 0 4 2 1 2 3 2 2 2 4 4 0 4 0 0 0 2 0 2 1 3 2 0 2 0 4 3 2 0 4 1 1 0 0 4 2 4 2 4 1 1 0 1 1 2 2 3 1 4 0 3 2 2 0 4 3 1 4 2 2 3 0 0 3 1 1 2
0 3 1 3 2 3 2 0 2 4 3 4 3 0 2 2 3 4 3 3 1 3 2 0 3 2 2 2 0 3 1 2 2 3 1 1 3 3 1 1 4 1 2 4 1 1 1 4 0 4 2 3 4 1 0 3 4 2 2 4 1 3 2 0 3 0 1 4 3 2 2 4 0 4 3 1 0 1 1 2 2 0 1 2 2 3 2 3 1 4 2 4 4 1 4 3 1 0 4 1 4 1 0 4 0 0 2 2 1 3 4 4 1 2 1 0 1 0 3 4 4 2 3 0 1 2 0 2 4 4 1 0 2 3 1 4 4 3 1 0 4 1 1 0 0 4 2 1 4 0 2 3 4 0 4 0 4 1 0 3 1 1 0 3 4 1 3 0 0 1 1 4 4 4 1 0 4 3 3 3 0 1 4 4 1
0 2 1 1 2 1 2 0 4 3 1 0 3 2 2 1 0 3 1 4 1 1 3 4 1 4 1 2 3 3 1 3 0 4 4 2 0 4 4 1 2 0 2 2 2 1 3 4 0 1 1 1 2 4 3 1 3 4 3 3 2 4 1 4 3 1 1 1 2 0 2 1 3 1 3 2 0 3 2 0 0 3 3 4 4 3 0 0 0 4 3 2 0 0 4 1 3 0 4 0 3 3 1 3 2 1 0 2 4 4 4 1 2 2 1 4 3 1 4 3 2 2 2 0 4 1 3 4 4 2 1 4 0 4 2 2 0 2 1 2 2 0 3 1 0 4 0 3 3 1 1 2 1 0 2 2 2 0 2 1 4 3 2 0 0 4 4 0 3 1 4 2 1 0 4 3 4 1 1 4 0 4 2 1 0
1 3 4 4 2 2 3 3 4 0 3 3 0 0 3 3 2 1 1 2 2 0 1 0 3 3 0 3 2 1 0 3 2 4 2 1 3 1 4 2 1 4 2 3 0 2 1 2 3 3 4 2 0 2 3 3 0 0 3 2 4 3 3 1 4 2 2 2 0 4 1 4 3 0 2 0 3 1 2 3 1 3 1 1 3 4 4 0 4 3 0 0 3 3 1 0 0 1 4 1 2 1 0 0 3 4 1 1 0 0 0 3 1 3 4 4 4 1 4 0 1 4 1 4 4 2 4 2 0 4 0 2 2 2 0 0 1 3 4 4 3 1 2 1 4 4 0 3 0 2 3 1 3 4 2 3 4 4 2 4 0 2 4 2 4 4 4 2 2 0 3 2 1 1 4 0 0 1 0 2 3 4 3 4 3
2 4 4 1 1 1 1 3 0 0 4 1 0 1 0 0 0 2 4 3 3 4 0 0 0 2 0 1 2 4 1 4 3 1 3 1 2 4 4 4 0 0 2 2 2 2 4 4 4 3 4 0 0 4 0 2 3 2 3 0 2 1 1 2 2 1 4 1 1 0 2 3 1 4 2 0 1 1 4 3 0 3 3 2 4 0 4 2 2 4 4 1 2 2 4 0 4 3 3 2 0 3 0 1 2 2 1 1 0 2 4 2 0 4 4 4 4 0 1 3 1 2 0 4 0 4 1 4 4 1 1 4 4 3 3 4 2 4 0 4 2 1 2 4 2 3 1 1 1 4 4 2 2 1 3 2 2 1 3 1 3 1 3 4 1 3 3 3 4 0 4 1 1 1 3 3 2 4 1 3 3 3 2 0 4
3 4 2 4 2 0 4 3 0 4 1 3 2 4 3 0 1 1 1 4 4 2 1 0 0 1 4 3 4 1 0 4 3 4 3 0 4 3 1 2 2 2 2 1 4 0 1 0 4 0 1 0 4 3 1 4 4 2 0 0 0 0 4 3 1 0 1 2 3 4 4 2 1 2 0 2 4 2 4 3 4 1 4 3 1 0 2 2 4 4 3 4 4 4 0 0 4 1 3 4 0 4 3 3 1 4 3 3 3 2 1 2 0 0 2 1 2 1 4 3 1 4 3 2 3 3 0 0 1 3 1 1 4 0 1 3 4 4 1 4 4 2 3 4 0 0 3 4 1 2 3 2 3 3 0 3 1 0 3 2 0 2 0 1 2 1 4 3 1 0 2 0 3 2 1 0 2 4 4 3 3 2 3 1 0
0 2 3 2 0 2 4 4 4 0 1 1 0 1 4 2 0 1 2 2 2 2 4 4 2 0 2 1 0 1 4 2 3 4 4 0 2 0 0 1 0 3 4 2 2 0 2 2 1 4 2 1 2 3 2 1 3 4 4 0 2 3 2 2 3 1 0 2 3 0 0 4 0 0 3 2 2 0 2 4 2 1 2 4 4 4 2 3 0 1 0 3 0 3 2 0 1 2 2 0 4 4 1 2 1 4 1 4 2 3 3 4 4 2 0 4 1 2 4 1 3 1 1 0 4 4 0 1 3 4 3 3 4 4 0 0 0 1 4 2 2 4 3 3 1 3 4 4 0 0 3 1 2 4 1 1 0 4 4 4 3 2 4 4 1 1 2 2 4 3 1 1 0 2 0 3 0 1 3 3 2 1 4 4 2
2 2 0 1 2 1 2 1 0 3 0 3 0 4 2 4 2 4 4 4 1 4 0 4 2 0 1 0 1 2 0 3 0 0 2 4 1 4 0 3 4 2 1 0 1 3 1 4 4 2 0 2 1 0 2 1 2 3 1 3 1 1 2 3 1 1 2 4 2 4 2 1 2 3 3 0 4 4 1 3 3 2 1 0 4 0 1 2 3 4 0 1 3 4 4 1 2 3 1 4 3 0 1 2 1 4 2 0 1 1 0 4 0 3 1 4 3 4 3 2 4 1 0 4 2 0 0 0 3 3 4 3 4 2 0 2 4 0 2 2 3 2 1 3 3 3 4 1 4 3 0 3 1 1 4 3 1 0 0 1 0 2 2 1 4 2 3 0 4 2 2 2 2 1 0 0 1 0 1 0 0 2 1 1 3
0 1 1 2 2 4 3 4 1 1 0 1 0 3 0 2 2 3 4 3 0 4 4 0 3 2 2 0 3 3 0 3 2 1 3 1 2 3 0 4 4 2 2 4 0 2 4 0 2 0 3 3 2 0 3 0 2 3 2 0 3 2 0 0 0 0 1 4 3 3 0 3 3 2 4 0 0 0 0 2 1 4 0 0 1 1 0 3 1 4 0 4 3 2 0 0 3 3 4 1 4 0 1 2 2 1 2 4 1 3 4 4 4 1 4 0 4 1 0 0 2 0 0 0 2 2 2 2 2 2 4 1 4 2 3 3 3 3 3 2 1 2 3 2 0 0 4 0 1 4 0 1 1 2 1 3 4 4 3 2 3 4 0 2 1 1 0 0 4 0 4 2 4 2 4 0 4 3 0 3 4 2 4 0 0
2 0 4 3 3 3 1 2 4 0 4 0 3 1 1 3 0 3 0 4 4 2 4 4 4 2 3 1 3 3 1 0 3 3 4 2 3 2 1 4 3 0 1 3 3 2 3 3 2 3 0 1 0 1 0 4 0 3 3 3 1 1 0 2 4 4 1 0 2 2 4 2 3 3 0 1 0 3 2 3 4 4 1 1 2 2 1 2 2 1 2 4 2 2 3 4 4 4 4 3 1 0 0 1 3 2 0 1 2 4 4 1 3 2 3 0 4 1 4 2 2 3 3 1 2 1 0 1 2 1 4 3 2 4 2 2 3 2 3 1 1 4 2 1 2 2 3 1 3 4 0 2 2 0 1 4 1 1 3 0 3 2 4 2 4 3 4 2 0 3 3 3 2 3 4 4 0 2 3 1 1 3 0 0 4
1 1 2 0 4 3 0 2 4 2 3 2 1 0 4 1 1 2 4 1 1 0 3 0 3 1 3 4 4 3 0 2 4 4 2 1 2 4 3 3 1 3 2 0 0 1 3 3 3 4 4 4 0 3 1 0 1 4 1 0 2 1 3 4 1 2 0 0 2 0 4 0 3 3 0 3 0 1 2 3 0 3 0 0 3 1 3 0 1 4 0 0 3 0 4 4 3 1 1 2 1 2 2 1 1 0 2 1 1 4 1 1 4 1 4 3 3 2 0 1 3 0 1 1 3 3 2 3 4 4 0 1 3 4 2 4 4 4 0 2 0 4 4 2 0 0 0 0 2 0 1 2 2 0 4 2 3 1 0 4 2 0 0 1 2 0 2 1 1 0 4 4 4 0 1 4 2 1 2 4 3 3 1 0 0
2 3 0 1 0 0 3 3 2 1 0 2 4 3 4 4 4 3 3 4 4 4 1 2 1 2 0 2 1 2 2 3 2 0 1 0 0 0 3 2 3 3 2 2 1 3 3 1 3 3 2 4 3 1 1 1 0 3 3 1 2 3 2 2 3 3 2 0 0 0 4 1 0 1 3 1 4 4 4 2 2 4 1 2 0 4 4 0 4 4 4 2 4 3 4 2 3 3 4 4 3 4 0 3 2 0 1 4 1 3 3 1 2 2 3 2 3 4 4 3 1 0 0 0 3 1 0 2 4 4 3 4 0 0 4 0 2 0 4 4 0 4 0 2 1 0 1 0 2 3 3 3 3 0 3 2 3 0 1 4 0 1 3 2 1 2 4 0 4 3 4 0 0 1 4 1 4 3 3 3 1 3 1 4 0
1 3 3 2 4 2 4 0 2 3 3 4 3 4 4 3 0 1 3 4 2 2 0 0 0 3 1 1 1 1 1 2 1 2 1 1 1 2 3 4 1 4 3 4 0 4 4 2 2 3 3 0 0 3 2 2 1 4 3 4 2 2 2 3 1 0 1 2 3 2 1 4 3 2 0 3 3 4 0 3 2 4 3 4 4 0 4 3 1 4 2 3 1 1 4 2 2 0 2 0 4 0 1 2 2 1 0 3 2 3 1 2 4 4 1 3 1 2 1 0 2 1 3 3 2 4 3 4 2 0 1 1 2 2 4 0 0 1 3 0 4 1 2 0 2 0 1 3 3 2 0 0 3 1 0 3 0 0 2 2 2 4 4 0 3 0 0 1 1 0 1 3 1 3 0 3 0 1 3 3 1 4 0 4 0
1 4 2 1 2 0 4 3 1 1 1 1 1 2 4 3 0 2 1 3 3 1 1 1 1 1 2 2 2 4 4 0 3 2 3 0 2 4 3 0 0 2 1 3 1 0 3 2 0 1 2 0 2 3 1 1 0 4 3 4 3 3 1 1 0 4 4 4 1 4 4 1 1 2 2 3 4 0 2 4 2 4 4 1 0 3 2 0 4 3 1 2 1 2 0 3 3 1 4 4 1 0 3 4 2 2 4 1 2 1 1 1 3 2 0 3 2 2 0 1 0 1 0 3 0 1 3 3 4 2 0 0 2 0 2 4 2 1 3 1 0 1 0 3 0 0 1 3 4 1 4 2 4 0 0 4 3 4 4 4 3 4 2 1 4 4 2 3 2 0 0 2 1 2 2 4 2 3 2 3 1 3 0 0 0
3 1 0 2 1 0 2 0 2 3 2 1 1 2 3 3 2 3 2 1 0 1 3 1 0 2 4 3 4 0 4 2 3 4 1 4 4 4 2 3 2 4 4 0 1 0 1 1 3 3 4 0 1 3 1 1 2 3 4 3 0 0 1 3 2 2 3 1 1 0 2 1 1 1 3 4 3 4 2 3 4 2 4 0 2 2 3 1 0 3 4 0 0 0 1 2 0 4 1 3 1 3 4 4 1 0 3 0 4 3 3 4 0 4 1 4 4 0 0 1 0 1 4 0 4 0 3 4 1 1 4 2 4 4 3 0 1 1 2 0 1 3 1 3 4 0 2 3 2 4 2 2 3 1 4 2 1 4 3 4 0 2 1 4 3 1 2 4 4 4 0 1 2 3 4 2 3 4 2 0 0 4 4 3 0
4 2 3 3 0 2 4 3 0 0 1 1 2 3 1 4 3 4 1 3 0 0 4 4 3 1 2 2 1 2 0 2 0 0 2 2 3 3 0 0 4 4 4 3 2 2 2 2 1 1 2 3 1 1 3 1 3 2 1 1 4 1 3 1 1 2 4 1 1 4 4 0 0 0 0 4 2 0 1 0 1 1 3 4 2 3 1 2 0 2 3 2 0 3 3 3 1 2 0 4 4 1 1 4 1 1 1 0 1 4 2 2 0 0 4 3 1 0 2 3 2 3 0 4 3 1 2 1 3 4 0 4 0 1 1 3 3 2 0 1 1 2 1 4 0 0 2 1 0 1 1 4 4 2 3 3 0 0 4 0 0 0 0 2 3 3 1 1 0 3 3 3 1 4 2 1 1 1 4 1 3 0 2 4 4
0 4 4 2 1 2 2 3 2 2 1 0 3 3 2 1 3 0 4 4 0 2 0 1 1 3 1 4 0 1 3 2 0 0 4 3 2 4 1 1 1 3 3 1 3 2 4 1 4 4 2 4 1 4 3 0 4 4 4 1 2 4 3 0 1 4 3 0 3 0 3 1 3 1 2 1 0 4 4 0 0 3 4 3 2 2 3 3 4 4 4 1 4 2 1 2 3 0 3 4 0 1 0 0 0 0 3 0 4 4 0 1 2 2 4 1 1 3 4 0 2 3 4 3 2 0 1 0 2 1 1 4 2 2 4 2 4 4 0 0 3 0 1 2 4 0 3 1 0 2 3 0 2 2 3 1 0 1 4 2 4 0 2 4 4 3 3 3 0 3 0 3 1 1 1 0 4 1 3 4 1 2 4 3 1
0 2 1 3 1 1 0 1 0 4 3 0 2 1 0 1 4 4 2 0 2 4 1 3 3 1 4 2 2 0 0 4 2 4 0 0 2 0 1 2 4 1 2 1 0 3 4 4 4 3 1 3 3 3 1 3 1 3 2 0 3 4 0 2 3 2 2 0 2 0 4 3 2 2 4 2 2 1 3 3 4 4 3 4 4 4 2 2 4 1 3 4 1 0 1 4 2 0 2 1 1 1 4 0 0 0 4 4 1 2 2 3 3 0 2 0 2 2 2 3 3 2 3 1 2 1 3 1 4 0 4 2 3 3 2 4 1 3 3 2 2 3 2 0 0 2 0 4 4 0 3 4 2 3 1 0 1 4 3 0 1 3 2 4 3 4 3 4 4 4 4 1 4 1 2 4 3 4 1 4 4 4 1 2 4
2 4 0 3 4 1 4 2 0 3 1 2 4 0 1 0 1 3 4 3 2 0 3 1 1 0 3 2 1 2 1 0 1 2 3 2 0 4 0 0 4 3 2 3 0 4 0 2 4 4 2 1 2 2 4 3 2 2 1 0 1 4 0 4 3 3 2 3 4 2 1 4 2 0 2 2 1 3 1 0 4 3 3 1 3 3 2 0 2 3 3 4 4 3 0 3 4 2 3 3 1 1 2 3 2 2 3 3 2 4 1 1 0 4 0 3 4 2 0 2 2 3 3 1 4 3 4 3 3 0 3 4 1 1 0 3 0 3 4 2 4 2 0 4 1 0 2 3 4 0 0 1 3 0 0 2 3 1 2 1 1 1 3 0 4 3 0 4 3 1 1 2 3 3 2 2 1 1 0 0 1 2 4 2 2
4 1 2 2 4 1 4 2 4 1 1 4 1 0 2 3 3 4 1 1 3 3 2 0 0 3 3 2 4 2 1 3 1 4 2 0 0 1 2 1 2 0 0 1 0 4 4 3 3 0 4 4 1 2 1 1 2 1 1 3 4 2 3 0 1 0 2 3 4 1 1 1 1 1 2 1 2 3 1 3 1 0 2 2 4 3 0 3 4 1 1 0 4 4 2 2 2 4 3 1 2 4 4 3 1 2 1 0 2 2 3 3 0 0 0 1 0 3 2 2 4 0 4 0 0 2 0 4 3 3 0 1 2 4 1 0 3 0 1 1 4 4 4 1 2 2 3 2 0 2 4 1 2 4 4 4 3 4 3 1 2 3 4 4 3 3 0 1 3 3 4 4 2 4 1 4 3 1 4 0 3 0 1 0 1
0 0 4 4 0 3 3 4 2 3 4 2 0 2 2 3 2 2 2 3 0 4 3 1 3 3 1 3 4 1 0 2 3 1 3 1 4 2 0 4 2 1 1 2 3 1 2 2 3 4 0 0 3 3 1 3 1 2 4 3 0 4 2 1 0 0 2 2 4 4 1 1 2 4 0 0 0 2 3 0 4 0 0 4 4 3 3 2 2 2 2 3 3 4 1 0 2 0 2 1 1 0 0 3 2 0 0 2 0 3 3 1 1 0 0 2 4 0 1 1 2 4 1 2 0 4 0 2 4 4 1 0 0 3 0 2 3 1 1 0 1 1 1 2 2 4 1 3 4 3 4 4 2 1 1 4 0 1 2 2 1 0 4 3 3 0 2 3 3 3 1 1 0 2 1 4 3 2 2 3 0 3 2 4 1
0 4 2 4 3 1 2 0 0 0 0 2 4 0 2 2 1 4 4 1 0 0 4 4 2 2 2 1 1 1 2 2 2 1 1 2 4 0 2 0 2 2 4 1 3 4 0 1 3 0 2 0 0 4 1 0 3 3 3 0 2 0 2 1 4 0 4 3 2 3 0 4 1 2 0 1 1 0 4 1 2 4 3 0 3 4 0 1 0 3 1 4 0 0 0 1 2 4 0 4 3 2 0 1 4 0 4 2 3 0 3 0 4 3 0 2 0 2 1 0 2 4 4 3 0 1 4 4 1 1 1 1 4 1 4 0 4 0 0 2 0 3 4 0 4 0 4 4 4 0 1 2 0 2 2 2 3 1 3 1 0 4 2 1 1 3 1 2 3 1 4 4 2 3 1 3 0 0 2 0 3 0 4 0 2
1 2 0 4 0 4 4 2 3 0 0 2 4 2 2 2 3 1 1 1 4 4 4 0 3 1 3 3 0 0 0 3 2 3 2 4 2 2 3 0 4 3 4 0 2 2 0 0 0 3 4 0 3 3 0 3 1 0 4 3 0 1 1 4 4 3 0 3 2 4 1 2 4 0 4 2 4 4 2 0 3 1 0 3 1 2 3 2 4 2 0 1 4 1 0 0 2 2 4 4 1 2 1 1 2 1 3 2 2 2 4 0 4 4 0 2 3 4 0 2 1 2 3 0 4 3 1 1 2 2 0 4 4 4 2 3 2 2 2 1 4 1 4 0 2 4 3 0 3 0 2 2 2 2 4 3 0 2 1 3 1 4 4 0 3 3 1 2 0 3 3 1 2 2 2 4 4 2 2 4 2 1 1 1 4
3 0 1 0 1 1 2 0 0 4 0 0 0 4 0 1 0 2 3 4 1 4 3 0 1 3 2 3 1 0 2 4 0 0 2 4 2 1 1 2 0 2 0 3 3 0 4 3 4 2 3 2 1 1 2 0 1 1 3 3 2 2 4 4 2 3 3 4 4 0 4 0 4 4 3 2 1 4 3 3 1 1 0 4 4 0 4 1 3 4 1 0 1 2 2 1 1 0 2 0 2 3 2 3 4 2 3 3 1 1 1 2 4 3 4 0 3 3 3 2 3 4 4 1 4 1 4 2 4 4 2 3 2 2 4 4 4 2 2 3 0 0 2 1 3 1 1 4 0 0 3 0 1 4 1 0 3 3 2 4 2 2 2 1 1 3 0 0 2 4 0 2 4 3 3 0 4 0 4 1 0 4 1 1 3
0 4 1 3 3 0 2 0 0 3 1 3 4 4 3 3 1 0 0 4 1 0 1 3 4 2 0 3 1 1 3 3 2 0 3 1 2 0 3 4 3 2 0 4 1 3 3 4 0 3 4 1 3 2 4 4 1 4 4 2 3 2 0 2 4 3 3 4 0 4 0 4 1 0 3 4 0 3 3 1 3 4 2 1 1 4 2 3 0 3 0 0 3 3 3 4 3 3 3 4 2 4 0 3 1 0 2 2 4 1 3 2 0 2 1 4 1 0 2 4 4 4 4 2 4 2 1 0 1 2 1 3 3 1 4 4 1 1 3 2 4 1 0 2 1 3 1 4 3 0 3 4 4 3 3 1 2 2 1 0 4 2 1 4 0 0 0 3 3 4 1 0 2 3 2 0 3 0 0 1 0 3 3 1 3
1 2 3 3 0 3 4 2 1 0 2 1 1 1 2 2 4 2 1 2 4 2 0 1 4 3 3 2 1 4 3 0 4 3 0 4 1 0 4 0 2 1 1 0 4 0 2 3 2 1 2 3 0 4 4 4 3 2 3 1 4 1 3 0 4 4 4 3 1 3 0 3 2 1 4 3 4 3 4 1 4 1 0 4 1 1 0 1 1 4 4 2 2 3 2 4 2 3 4 0 4 4 3 1 2 4 1 1 3 0 3 4 2 0 1 0 3 1 3 1 0 2 3 3 0 2 2 4 3 1 1 2 0 0 0 4 1 1 1 4 2 1 1 1 1 2 1 1 0 4 3 3 3 3 3 1 3 2 2 1 3 4 3 0 4 3 4 2 1 2 2 3 3 0 1 1 4 2 3 4 3 3 2 4 1
2 0 4 4 2 0 2 1 0 4 2 0 1 0 2 0 4 2 4 4 4 0 0 3 0 4 2 3 4 1 2 1 3 3 1 0 1 0 4 1 2 3 2 0 3 1 0 4 3 1 0 2 2 0 1 4 2 0 3 1 3 2 4 1 2 2 3 3 0 2 2 2 1 1 4 1 2 4 1 0 3 1 0 0 4 1 1 1 3 1 4 1 3 0 2 1 3 0 1 3 0 0 2 3 1 1 4 0 2 2 3 2 1 3 4 0 1 1 1 4 2 0 0 3 0 4 1 0 1 2 0 1 3 2 4 1 0 1 2 0 3 2 2 4 0 4 4 1 0 2 0 2 4 2 0 2 1 1 4 2 1 0 1 1 4 2 2 2 3 1 2 4 3 1 3 3 0 0 1 2 4 3 0 4 2
2 3 3 1 2 3 2 2 1 0 2 3 2 4 4 1 3 3 4 1 3 0 4 0 1 1 0 2 3 1 4 3 4 0 4 3 0 3 3 1 3 2 1 2 3 0 3 1 0 3 4 4 0 0 4 3 2 1 0 2 4 2 0 3 2 1 4 2 4 2 3 4 4 1 4 2 2 2 0 2 2 1 3 2 2 0 1 1 1 3 3 1 0 1 1 2 2 2 1 4 4 1 3 0 3 4 2 0 2 4 4 1 1 0 4 3 0 2 1 3 0 4 1 1 0 3 0 0 0 2 4 2 0 4 2 3 4 2 0 3 1 2 4 4 2 3 4 2 2 0 0 3 2 2 1 4 2 3 4 4 2 0 3 3 0 1 1 1 0 2 4 1 1 3 3 3 4 2 0 1 3 2 1 2 1
4 1 3 3 3 0 0 3 3 3 3 1 2 4 1 1 3 0 2 4 3 0 3 2 2 1 2 4 0 4 1 4 1 1 4 4 1 2 2 2 2 3 3 4 4 2 2 3 2 1 4 2 1 2 4 3 0 2 0 0 1 3 2 4 4 1 0 3 0 0 0 3 3 0 4 4 2 2 4 4 3 3 1 2 2 1 2 3 0 4 0 1 2 2 1 4 1 3 2 1 3 4 4 3 4 1 3 2 0 2 3 0 1 2 4 3 0 2 3 0 1 4 3 1 1 1 0 2 0 2 1 3 3 2 4 2 3 2 1 3 1 0 1 2 4 0 3 4 2 1 1 1 0 4 4 4 1 4 1 3 3 2 3 1 0 2 0 0 4 2 1 1 4 2 0 3 2 3 4 2 2 0 3 2 1
4 3 4 3 0 2 3 4 1 1 1 3 1 4 0 3 0 3 4 2 3 2 4 4 1 1 1 3 1 0 0 0 4 1 0 1 4 0 2 0 1 1 0 0 0 0 0 0 3 0 4 4 4 3 0 1 2 1 1 0 3 3 3 4 0 3 2 4 1 2 1 4 3 1 4 0 4 2 0 4 2 1 0 1 1 0 4 3 3 3 4 4 1 4 3 3 2 1 2 0 3 0 0 3 4 4 3 0 3 0 4 0 1 0 4 2 0 0 3 1 3 4 0 2 3 3 0 2 1 0 3 1 0 3 1 1 4 4 1 3 1 1 0 2 3 4 2 0 2 0 1 0 1 1 4 4 2 0 1 0 0 4 2 2 4 3 4 4 0 0 4 1 3 4 1 3 1 3 4 0 0 0 2 1 4
2 0 1 2 3 1 4 0 0 1 4 1 2 0 1 0 1 4 0 3 0 4 1 0 3 1 2 0 3 3 1 2 0 2 4 1 1 0 1 3 4 2 4 1 0 2 3 1 4 4 4 1 0 0 4 0 3 1 0 4 2 4 1 4 3 3 0 1 3 3 0 2 1 1 1 1 1 4 2 0 0 4 3 0 1 2 2 2 1 0 1 3 4 4 2 2 2 0 4 1 3 4 0 4 2 3 2 3 3 2 0 0 3 4 3 4 3 0 1 4 0 4 4 4 4 2 4 1 4 3 4 2 4 2 4 1 0 1 2 0 0 2 3 3 3 1 3 2 3 1 3 4 3 3 0 2 2 1 0 1 4 2 3 0 4 4 4 1 3 1 2 3 0 0 2 4 3 2 3 1 0 3 2 3 1
0 2 3 1 3 1 3 2 2 3 1 1 2 2 4 0 1 3 1 3 2 2 1 1 2 0 1 0 2 0 2 4 4 2 1 4 4 1 1 1 4 4 2 4 4 4 4 0 4 2 1 1 1 2 2 3 4 0 4 4 2 3 3 2 2 1 1 1 2 0 4 2 4 4 3 3 3 4 1 2 4 2 0 0 1 4 1 1 1 2 0 4 0 0 1 4 2 4 1 4 4 0 3 4 4 1 4 4 3 0 3 2 4 0 4 1 4 0 4 1 2 1 2 4 1 3 4 3 4 2 3 1 4 3 0 4 2 1 0 0 2 4 2 1 4 1 4 1 4 3 4 1 4 1 3 1 1 2 1 2 4 1 3 3 0 0 4 2 2 2 4 1 1 3 4 2 1 4 3 0 4 4 2 1 0
0 4 3 4 0 1 0 4 4 3 4 0 0 3 4 2 4 0 0 2 4 2 3 0 3 4 0 4 3 3 0 3 2 0 4 2 1 4 1 3 4 2 0 1 2 4 3 3 4 0 0 0 0 4 1 3 0 3 2 3 1 4 3 3 2 2 2 0 3 1 3 2 0 3 4 0 4 4 3 0 0 4 1 0 0 4 0 0 2 4 0 0 1 3 0 3 2 4 3 0 0 4 4 3 4 0 3 4 0 3 4 2 2 2 2 4 1 4 1 0 3 1 0 1 1 2 4 0 2 0 2 4 4 2 2 0 2 0 4 4 1 1 1 3 3 0 0 2 4 1 2 0 0 0 1 1 2 1 4 1 3 1 1 4 0 3 4 0 1 4 4 2 2 3 2 0 3 2 4 3 1 2 0 1 4
1 4 1 4 3 3 2 2 1 1 2 4 1 4 0 2 4 4 4 4 2 1 2 1 3 2 2 0 2 0 1 1 0 2 0 0 2 0 4 3 1 2 0 4 1 2 3 2 2 4 1 4 1 1 2 4 0 0 1 0 0 2 1 2 1 3 0 1 3 4 1 2 3 3 1 0 1 0 4 3 4 3 4 2 1 1 3 1 1 1 1 4 0 4 3 2 3 3 0 1 0 3 3 3 2 2 0 3 4 2 1 0 0 2 0 3 3 0 4 2 2 3 3 2 2 1 1 2 2 3 4 2 2 4 2 1 1 3 4 2 0 2 3 2 4 0 0 4 0 1 1 2 4 4 2 4 3 0 1 2 4 2 1 3 2 3 4 0 1 0 3 1 2 3 3 3 3 0 2 3 2 1 3 1 2
0 2 2 2 4 4 3 1 0 3 0 1 4 1 2 4 1 1 3 4 1 3 4 2 3 4 4 4 2 2 3 4 0 1 2 1 2 2 4 0 1 0 1 0 3 3 2 4 1 2 0 3 1 4 0 4 3 4 0 3 3 3 2 3 4 1 1 2 1 1 2 2 3 3 4 1 3 3 0 0 1 2 3 2 1 0 3 1 1 3 1 4 1 4 0 1 2 1 0 3 4 2 2 2 2 4 0 2 2 0 2 3 4 2 2 2 4 0 4 0 3 2 0 0 1 2 3 1 0 3 1 2 2 1 4 1 0 2 3 2 4 3 3 4 0 2 1 2 3 2 2 1 0 4 3 3 1 1 4 4 4 3 1 1 4 2 2 1 4 3 0 4 1 3 0 3 1 1 0 1 1 3 2 1 4
1 4 3 4 1 2 4 1 0 2 0 4 2 1 4 0 3 0 3 2 2 1 0 3 4 3 4 2 0 2 3 3 2 1 0 0 0 4 1 0 3 3 0 2 1 1 4 4 3 2 3 0 1 0 0 0 3 0 4 1 2 2 4 1 4 1 3 1 0 4 2 1 4 4 3 0 0 0 2 3 2 0 3 0 1 3 0 1 0 4 2 0 4 4 3 0 0 2 1 3 3 0 4 3 4 4 0 4 1 4 4 4 0 2 4 3 3 2 4 0 3 4 0 2 3 1 4 3 3 3 3 3 3 2 3 3 4 1 2 0 0 2 1 0 1 3 0 1 2 2 2 0 1 4 0 1 0 1 4 0 4 3 1 3 2 4 1 3 0 0 1 1 4 4 3 3 4 4 4 1 3 3 4 1 0
1 2 2 2 3 3 2 3 1 2 3 0 3 1 1 0 4 4 0 4 2 3 0 3 4 4 1 3 3 4 3 4 1 0 3 0 0 0 3 1 2 1 4 2 0 2 3 4 1 0 0 3 0 3 4 4 2 2 4 0 2 4 1 3 2 4 0 4 2 4 1 4 2 2 4 4 4 4 1 0 4 3 0 1 1 4 0 3 4 2 0 1 1 1 1 3 3 2 3 0 3 1 1 0 3 0 2 2 4 3 2 0 1 4 1 3 4 4 3 3 1 4 1 2 2 2 3 0 4 3 2 2 4 4 0 4 1 2 1 1 2 0 3 3 4 2 3 0 1 2 0 4 3 1 3 0 4 1 3 0 1 0 0 0 4 0 4 1 4 2 4 3 4 4 1 4 1 2 1 4 4 2 3 4 3
2 4 4 0 2 0 2 0 0 4 4 2 1 2 3 3 3 1 0 3 4 4 4 1 0 4 2 4 4 1 3 3 3 4 4 2 4 3 2 1 4 4 0 0 1 3 1 2 1 1 0 1 2 1 4 4 2 2 4 2 0 4 0 3 3 1 1 0 1 3 3 3 2 4 3 1 2 1 0 1 4 0 4 1 1 3 3 1 2 2 3 3 3 0 1 3 4 2 0 2 3 4 0 2 3 1 0 2 2 0 3 4 0 2 0 4 3 0 0 0 2 0 0 2 2 2 1 3 1 3 1 4 2 3 2 2 4 2 0 4 0 0 3 0 0 0 1 0 1 3 0 0 0 3 3 3 0 1 3 3 4 4 3 4 0 2 1 4 1 3 3 1 1 3 4 3 4 0 3 0 1 0 0 1 3
0 1 3 1 0 2 3 1 2 2 1 1 0 3 2 1 3 4 2 2 0 0 1 2 3 3 3 0 3 0 4 4 3 4 2 0 3 0 2 0 4 0 1 0 0 1 1 4 0 0 1 2 0 4 4 0 2 3 0 2 0 4 3 0 1 1 1 4 3 0 0 3 0 3 0 1 4 3 2 1 3 0 3 0 4 3 0 3 3 2 2 0 4 1 0 0 4 1 4 2 1 1 2 4 0 2 0 4 0 4 3 0 4 1 0 0 1 2 0 1 2 2 1 1 3 2 3 4 0 4 2 2 1 4 1 1 4 3 2 1 2 2 2 3 4 4 3 2 4 3 4 1 0 2 4 1 4 2 2 0 1 4 4 4 1 0 2 0 0 0 1 4 4 0 2 0 0 2 3 4 0 4 2 2 1
1 0 3 3 3 0 1 2 4 1 0 1 3 2 3 0 1 2 0 1 1 0 3 3 0 4 3 1 1 0 3 2 3 3 2 1 3 1 0 4 2 1 2 2 3 0 0 4 2 0 3 0 2 3 3 0 3 1 1 1 3 1 1 1 4 0 2 4 1 3 0 0 1 2 0 1 2 0 1 1 0 1 1 4 4 4 4 4 2 1 1 3 4 2 4 4 4 4 0 1 4 1 3 0 3 3 1 3 3 4 1 0 2 0 2 4 1 1 3 4 4 1 2 4 0 3 0 0 4 0 3 3 3 1 0 4 0 4 2 0 3 0 3 3 0 0 2 2 3 0 3 0 4 2 4 4 0 1 4 2 3 4 0 2 1 3 1 3 2 0 0 2 0 3 0 1 3 2 0 4 0 3 4 4 2
0 0 4 1 2 1 4 1 4 1 2 2 4 2 4 4 3 3 0 1 4 3 2 3 0 1 3 3 0 4 0 0 0 4 1 2 3 2 0 2 1 0 4 0 2 0 0 0 3 2 4 4 0 1 3 0 4 1 0 4 3 2 1 3 3 4 2 1 1 2 0 4 2 4 0 2 1 0 4 0 2 3 1 4 1 4 1 0 1 1 1 4 0 4 4 3 3 3 2 2 2 2 1 2 4 1 4 0 3 3 2 2 4 4 1 0 3 4 3 1 2 4 2 2 4 3 3 4 1 2 1 4 4 0 1 0 3 2 3 2 2 2 4 1 1 3 4 2 4 2 0 2 3 0 4 4 3 4 4 2 1 2 1 3 4 4 0 3 1 3 2 0 1 3 2 4 1 1 3 1 0 4 0 3 4
1 0 4 1 4 1 4 3 4 4 0 0 0 3 3 0 0 4 3 3 1 3 2 4 1 0 4 2 2 4 3 3 4 3 4 0 1 1 1 1 2 1 1 4 1 0 0 3 1 3 3 2 3 0 3 0 2 4 4 4 0 3 0 2 3 4 4 4 2 0 2 0 3 1 4 4 3 1 2 4 2 1 3 0 3 1 2 3 2 2 4 2 2 4 4 0 1 4 1 3 1 4 0 0 2 2 1 0 3 4 4 2 2 4 3 2 2 2 0 4 1 2 3 3 1 3 0 4 4 4 3 0 3 0 2 2 2 4 2 3 0 3 2 2 2 0 1 1 0 2 0 1 1 3 2 2 3 2 2 2 1 2 3 1 4 0 3 4 1 2 2 1 2 4 0 4 2 2 2 2 4 2 0 0 3
2 4 1 0 3 1 3 0 1 2 2 3 0 1 0 0 0 1 2 1 2 4 3 4 1 2 0 1 3 2 4 0 3 2 2 2 3 1 4 4 3 1 3 0 2 3 2 2 1 0 4 3 1 4 4 2 4 4 3 2 3 4 4 2 2 2 4 2 0 3 2 0 2 2 2 4 2 0 4 3 2 0 2 3 4 3 2 0 3 1 2 3 2 4 0 4 3 4 2 0 0 1 0 2 3 4 3 0 1 2 0 3 2 4 3 4 3 1 4 3 4 4 1 1 0 2 3 3 3 2 3 0 3 0 2 3 4 3 0 1 0 0 1 0 0 0 1 3 3 2 3 2 3 4 0 3 3 3 1 2 2 1 2 0 3 2 0 0 0 2 3 2 3 4 4 0 4 2 3 2 0 1 1 3 2
2 2 1 2 0 0 0 4 2 2 2 1 3 2 1 0 0 1 0 2 0 0 3 3 0 3 0 3 4 3 1 3 2 2 1 0 2 1 1 1 3 0 3 3 0 1 1 0 2 1 4 3 2 3 3 2 3 3 1 2 3 4 3 3 3 4 3 0 2 1 3 2 1 3 1 1 0 2 4 2 0 3 2 2 3 0 2 1 3 0 1 4 4 4 2 2 3 2 4 2 3 2 4 4 1 2 1 3 4 0 0 2 3 3 4 2 0 3 0 4 3 1 3 4 0 2 1 0 4 2 2 2 2 4 1 0 1 2 3 3 4 3 0 3 3 1 2 4 0 2 0 0 1 0 0 1 2 3 2 1 3 1 0 0 0 1 0 2 1 0 0 0 0 0 0 4 1 2 0 3 2 2 4 3 2
1 1 1 1 3 4 4 2 4 4 2 2 1 1 3 1 1 1 4 3 1 0 2 1 0 0 0 2 1 0 1 2 1 2 4 2 1 3 4 0 0 3 4 3 0 3 0 3 1 1 2 2 1 1 0 1 1 0 0 0 0 1 2 4 3 3 1 4 4 2 1 4 0 0 4 0 0 4 1 1 0 3 1 3 1 1 4 2 4 4 4 4 0 2 3 0 2 1 1 1 3 4 2 4 2 2 1 4 3 2 3 1 2 4 4 3 2 4 3 1 0 2 3 3 1 3 0 4 0 2 2 0 3 0 1 0 4 3 0 2 2 3 0 0 4 0 3 3 1 3 0 3 1 0 3 4 0 4 3 2 3 3 3 1 0 4 2 4 4 4 3 2 4 4 2 0 4 2 3 2 1 0 0 4 0
4 3 1 0 4 0 3 2 3 4 2 0 3 3 4 4 1 1 3 0 0 3 1 0 4 0 1 4 3 2 2 4 2 3 4 1 0 2 0 4 3 4 4 4 2 0 3 1 4 2 3 4 2 2 4 1 2 2 1 0 1 3 4 4 3 0 0 3 4 3 4 3 4 0 2 2 3 2 0 2 4 3 3 4 0 0 0 0 4 3 0 1 3 2 0 3 2 2 4 2 0 3 2 0 1 1 4 4 3 1 1 0 4 1 4 2 1 1 2 3 2 4 4 0 1 4 4 1 1 0 0 4 0 4 1 1 0 0 0 0 1 3 0 2 2 4 1 0 3 3 3 0 0 2 2 3 3 3 4 2 3 1 1 4 0 4 0 2 1 3 3 4 3 0 1 0 2 3 1 0 3 4 0 3 4
2 2 2 1 3 4 1 2 2 0 2 1 3 2 2 1 0 1 1 2 0 4 4 0 0 4 3 1 1 4 0 1 3 0 4 1 1 0 3 4 1 3 2 1 2 0 4 4 3 0 1 3 4 1 3 1 0 4 3 4 3 0 0 1 2 4 4 4 4 0 0 2 0 2 0 2 4 4 1 3 0 2 1 1 3 2 0 1 1 3 0 4 0 0 2 0 1 3 4 2 0 1 2 0 3 2 2 3 2 0 1 4 0 4 2 3 1 2 1 2 2 1 3 0 3 2 0 4 1 1 2 1 2 4 4 0 3 3 0 0 4 3 4 4 3 4 4 1 1 1 4 4 2 4 4 3 2 4 2 0 0 1 1 4 2 0 4 1 4 2 3 0 0 0 4 3 4 3 0 0 1 1 4 1 2
0 4 4 4 3 4 1 2 3 0 4 3 2 2 4 1 1 4 1 1 0 2 2 1 4 2 2 2 4 3 4 4 4 4 1 3 0 2 0 3 0 1 4 4 4 0 0 2 0 1 0 2 0 2 3 4 1 3 1 2 3 3 2 3 2 3 1 4 2 3 3 4 4 4 3 0 4 0 4 1 2 1 4 4 0 4 4 2 2 2 4 3 0 3 1 4 3 4 4 3 2 4 2 3 3 3 1 2 3 2 4 2 4 3 2 4 4 3 1 2 2 3 2 0 3 3 1 2 4 0 0 1 4 4 1 4 2 4 2 3 2 1 2 1 1 1 0 0 4 4 4 4 4 1 4 2 1 0 4 0 3 1 3 4 1 2 4 0 1 3 3 3 4 3 1 2 4 2 4 4 3 1 0 2 2
1 4 1 3 1 1 1 2 2 3 0 4 2 1 0 2 1 4 1 4 2 0 1 4 4 2 4 0 2 1 0 3 3 1 1 1 4 0 3 1 0 1 0 2 2 1 4 0 2 2 2 4 4 3 1 3 0 0 1 4 4 1 2 2 2 0 3 3 2 3 0 2 4 2 1 3 0 2 1 4 4 0 4 3 3 2 4 0 4 0 4 3 1 3 2 0 3 2 0 3 3 0 0 4 0 2 0 0 4 1 0 1 1 1 1 1 3 2 3 4 2 4 3 0 2 2 2 2 2 3 0 0 0 3 4 0 0 4 1 1 2 3 4 0 4 1 1 4 3 1 3 3 0 3 0 2 1 3 2 0 1 2 0 3 0 1 4 2 3 2 4 0 2 3 3 1 1 1 2 2 3 0 0 3 1
0 3 2 0 0 4 3 4 4 2 2 2 3 4 0 2 0 3 4 1 1 2 2 2 4 4 0 1 1 1 2 4 4 1 1 4 0 0 0 4 4 2 4 2 2 4 1 4 2 0 0 0 4 3 3 3 4 0 4 3 1 4 4 0 0 0 1 1 2 4 2 1 1 1 3 0 3 4 0 2 1 0 3 0 0 3 0 2 3 2 2 0 1 1 2 1 3 1 4 1 0 4 2 1 0 1 4 0 2 4 3 1 1 3 1 2 1 2 4 4 1 1 4 2 4 4 0 2 0 2 3 2 1 1 3 3 4 2 4 3 3 4 4 0 2 3 2 3 2 3 2 3 1 4 2 2 0 2 4 2 4 0 4 2 3 2 1 4 2 2 2 2 1 4 2 3 2 1 3 4 1 2 2 4 3
4 1 3 3 3 0 0 0 4 2 3 4 0 4 3 2 1 0 3 2 3 3 4 1 1 3 3 4 2 2 4 3 1 3 2 4 0 4 4 0 1 4 1 4 3 4 1 1 4 2 4 4 2 0 1 4 4 4 0 3 3 4 2 4 4 4 0 0 0 1 2 1 2 3 2 2 2 4 1 3 3 2 0 0 2 1 1 3 2 3 2 2 0 1 4 4 2 4 1 2 3 3 0 0 1 3 0 0 4 1 1 2 3 1 4 2 4 1 1 3 4 0 0 4 1 4 1 3 4 2 0 4 1 0 4 4 3 4 2 4 2 3 3 0 1 3 3 0 1 1 3 2 1 0 4 4 0 0 2 1 2 4 0 0 1 1 2 2 3 4 1 2 4 0 3 0 3 3 2 1 1 2 3 2 4
