5 186 13
606984460 912454642 1072817447 322097570 251300930 350065788 277729952 270085251 344443217 489564680 862273973 50446094 327049392 451747787 1206603811 231586262 1208832219 86705965 1153472522 990843625 635645376 227322446 641173294 849745642 1193868484 404445296 290023243 321501431 562700171 2968106 991079947 323896458 165684046 600588612 646855623 780231210 832542220 427762136 930046623 1112450583 902716872 1163219559 17466164 66273835 200287755 819346691 526637567 302181516 73467208 995687992 1015620852 326031199 495974649 322946941 131893022 47501989 769971 766528420 241077231 48176230 1086170792 339280157 447573435 1020072652 1210323833 80437685 46970491 432962253 462071898 633420579 138886596 175005528 817399509 812510898 582544873 963413680 870547027 88801586 696195663 293706876 501201711 1090338678 195594625 162715860 654839016 653244750 927070625 92869683 414216790 435462738 441151827 1092618573 484308318 111589313 973665394 1215564558 313794786 139570465 1075645354 1208783307 589509584 727363175 167683790 925326535 293979415 861308340 1214529669 276590999 1134087303 479169195 1205373269 503690251 793255660 218986461 197285158 788024722 78338003 595120921 1205853848 267751058 1007086891 873529665 628861144 842221621 656180480 772764392 966982524 411901768 1096860047 756213899 812538370 93200748 455297590 566069459 621106043 600007720 670989825 543304711 681777643 1160114322 813462262 932388312 289583095 716904752 176925832 342789935 1115737412 847731509 277586751 1142571710 1204263361 973433279 724589515 261907398 270240563 662200217 428198518 174858635 1102628974 1033828764 185326408 972814401 119901834 253179659 121217930 694823244 39446223 1113851431 74960959 28288463 315846265 1003615686 107571002 624982871 435013916 795261999 288790305 788305329 73379193 966624160 522105946 27636923 108043847 730266551 458205615 628566123
4 3 4 3 0 1 4 3 3 4 1 3 1 2 0 2 2 4 4 4 2 1 1 4 4 3 1 2 2 3 4 3 4 0 3 1 4 4 4 4 3 2 2 0 0 2 4 4 3 0 4 0 3 0 4 2 3 3 1 2 3 0 2 4 3 0 1 2 4 0 3 0 3 1 2 0 0 3 4 1 3 3 1 4 1 3 1 1 3 3 1 3 0 3 3 0 4 4 4 0 1 3 0 1 1 2 1 3 0 3 4 1 3 1 0 4 1 3 3 4 3 4 2 1 2 2 3 3 3 3 4 0 1 1 1 2 1 0 0 3 3 2 4 1 3 1 3 4 2 1 0 2 0 4 3 4 2 2 3 0 2 4 0 3 0 4 2 1 1 4 0 4 1 1 2 1 0 2 2 2 0 2 4 0 2 0
2 4 4 0 1 1 4 2 4 1 3 3 0 4 2 2 0 1 0 4 2 0 4 2 2 4 4 4 2 3 4 4 4 3 4 1 1 0 0 0 3 0 0 0 4 4 2 1 0 3 2 0 3 1 2 3 1 3 4 3 4 3 4 3 3 0 4 4 2 1 1 0 1 3 1 2 2 0 0 0 0 3 0 1 4 4 4 2 4 3 2 3 3 1 2 3 1 3 4 3 0 0 1 3 3 4 1 2 4 1 2 0 1 4 1 1 3 2 0 0 2 3 3 0 1 2 0 3 1 4 3 3 1 4 3 1 3 4 3 0 3 1 0 4 0 3 2 1 0 0 1 2 0 4 4 1 4 1 1 2 0 0 0 1 1 3 2 2 0 2 2 0 3 4 1 4 2 4 2 4 4 3 1 4 4 2
2 3 3 4 0 0 1 2 3 4 3 2 1 0 4 3 0 3 4 3 4 1 2 3 0 3 1 3 4 2 2 4 3 2 3 3 2 1 3 2 0 1 4 2 3 1 2 0 1 2 3 0 0 3 3 1 3 1 1 3 3 4 2 3 1 2 2 1 3 2 3 3 0 0 2 3 1 0 0 2 4 3 4 4 1 2 2 0 0 4 0 0 3 4 4 4 1 3 0 4 0 1 4 0 1 2 0 2 4 0 4 0 0 3 4 2 2 2 4 4 1 4 4 4 0 0 0 1 3 3 2 0 4 3 2 2 2 2 4 1 4 0 1 0 3 3 4 2 0 0 1 3 1 0 4 1 3 4 2 1 4 1 4 3 4 1 0 2 1 1 0 0 1 4 2 1 2 3 3 4 3 4 2 1 2 1
2 0 2 1 1 2 2 2 2 4 4 0 1 0 1 3 2 0 2 2 1 1 2 0 0 1 4 2 2 1 3 2 3 3 3 2 0 3 4 2 2 3 2 0 0 1 3 0 1 3 2 2 4 4 4 0 2 4 4 2 2 0 4 1 3 2 0 3 2 4 2 4 0 2 4 0 3 0 0 1 3 4 3 4 1 3 4 0 4 4 2 3 4 3 1 4 3 1 2 0 1 4 0 1 3 1 3 1 1 1 2 1 2 3 1 3 3 2 1 4 3 3 2 2 4 4 1 2 2 0 2 3 2 4 1 0 1 2 4 4 3 3 1 0 3 4 1 1 1 2 2 0 2 0 4 1 1 3 3 0 0 3 1 2 2 2 0 3 4 4 0 4 4 3 2 3 2 3 4 0 2 2 2 4 4 4
1 2 2 1 2 4 4 3 4 2 3 4 2 4 0 2 4 4 0 3 2 4 1 4 0 3 3 4 4 4 3 2 1 2 4 0 2 0 1 1 4 4 2 2 0 2 1 1 3 2 4 1 3 2 2 0 0 0 0 2 4 0 4 2 3 0 4 2 1 0 0 0 1 2 4 4 4 1 0 2 0 2 0 3 4 2 1 2 4 1 4 3 1 3 2 1 4 4 3 0 4 3 2 3 0 2 2 1 0 4 1 2 1 3 0 1 1 3 3 2 4 2 3 3 2 0 4 1 4 3 3 1 3 3 1 4 2 3 2 2 2 0 4 1 4 1 4 2 0 2 4 1 1 2 4 0 0 4 4 1 2 4 2 2 2 3 1 4 3 1 1 3 3 2 1 2 4 0 1 1 4 3 2 2 2 2
2 2 3 1 1 2 1 0 4 0 1 3 0 4 4 3 4 2 1 0 2 2 0 0 3 1 3 2 3 1 1 1 0 4 4 1 1 2 4 1 3 0 4 3 1 0 1 1 4 4 3 3 1 1 4 1 2 2 1 1 0 2 4 3 2 3 1 3 1 0 1 4 0 2 4 4 2 2 0 2 2 0 2 0 1 1 4 4 1 0 2 1 2 1 1 1 4 3 2 2 0 3 1 1 1 2 2 0 0 4 4 4 4 2 1 1 3 2 2 4 2 4 3 2 0 1 3 1 4 2 4 0 1 2 3 4 0 0 4 2 4 4 3 0 1 4 3 1 4 0 1 1 1 1 0 1 2 1 0 4 3 4 1 4 1 1 3 3 1 0 0 2 4 0 2 0 2 3 1 1 3 4 2 0 2 0
3 2 1 3 3 4 4 4 1 1 0 1 1 3 1 4 2 0 4 1 2 1 4 1 2 3 2 2 0 0 2 0 4 3 1 2 4 0 3 2 3 3 4 0 3 0 4 0 3 3 1 2 2 3 3 4 3 1 1 3 3 0 0 2 0 1 1 0 2 4 4 0 4 3 2 2 1 1 4 1 2 2 3 4 0 2 0 3 0 2 3 3 4 4 2 0 0 0 2 4 4 1 2 0 2 4 4 3 3 3 4 0 2 2 1 3 1 1 1 1 0 2 4 2 1 3 2 1 3 4 3 4 2 0 4 4 4 0 4 4 3 3 1 3 3 2 1 4 1 4 1 3 1 2 0 4 3 4 1 3 0 1 3 3 1 4 4 2 0 4 2 0 2 3 3 2 3 1 2 1 1 0 1 4 4 4
4 4 3 2 3 1 3 1 4 1 2 3 3 2 2 0 0 2 1 3 4 1 0 3 4 3 0 0 4 0 4 3 4 0 2 4 1 0 0 2 1 0 2 2 2 2 4 4 4 0 3 0 3 0 4 2 0 4 0 4 1 1 0 3 3 2 2 4 0 3 3 1 3 1 3 2 3 3 2 2 0 2 4 1 4 3 3 1 0 0 0 1 2 2 4 0 0 4 2 2 2 0 0 2 3 1 1 1 4 0 0 1 2 0 2 3 0 3 4 0 0 2 4 4 4 0 0 1 4 4 3 3 1 4 2 0 0 1 3 1 1 4 4 1 1 4 4 1 4 1 4 4 3 0 4 4 2 1 1 2 2 1 2 3 0 0 0 2 3 4 0 4 3 0 2 1 4 4 2 3 0 3 4 0 3 0
4 1 1 2 0 3 4 4 4 1 1 4 4 4 3 4 4 3 1 1 4 0 0 4 0 2 2 0 2 3 0 2 1 4 4 3 4 0 2 3 2 4 3 3 3 3 2 4 2 4 3 1 1 0 2 4 3 0 1 0 0 3 4 1 2 1 4 2 3 1 0 0 2 0 0 1 4 0 2 3 1 0 4 2 1 2 1 4 4 4 1 4 3 3 0 0 1 1 4 4 4 2 2 2 4 2 0 3 2 2 1 3 3 3 3 1 2 1 2 3 1 0 2 4 3 4 1 1 2 3 1 1 0 0 0 4 2 0 0 2 0 3 2 0 1 0 1 0 4 0 3 0 0 2 1 4 1 4 0 0 2 3 2 2 3 2 4 3 0 1 0 2 4 4 4 3 0 0 3 4 2 4 1 2 1 4
3 0 3 1 0 1 4 4 0 0 4 4 3 1 2 0 3 2 1 2 0 1 4 0 2 1 1 0 3 3 4 4 0 3 0 0 4 4 2 4 1 1 1 4 2 3 1 0 2 3 4 4 1 3 2 1 1 3 3 1 3 3 0 3 3 0 1 2 2 3 3 3 4 1 0 3 2 3 3 4 3 4 4 0 2 3 3 0 1 1 1 0 1 4 0 4 4 3 1 1 3 2 2 4 3 2 2 0 0 2 2 1 1 3 3 0 1 1 0 4 4 2 1 1 3 2 0 2 2 4 1 1 3 0 0 1 2 3 4 4 0 3 0 4 1 3 4 2 1 0 1 1 4 3 4 2 2 4 1 4 0 4 2 3 4 3 2 1 3 3 3 0 1 0 4 2 1 1 1 2 3 4 0 2 4 4
1 3 1 4 0 3 4 2 4 3 2 1 2 0 1 2 3 2 2 4 1 0 0 4 0 3 3 0 2 0 2 3 3 0 3 0 0 4 3 4 2 0 2 4 3 3 1 1 0 1 0 1 1 1 2 1 1 1 4 4 3 3 4 3 3 4 4 3 3 2 0 1 4 2 2 4 1 1 0 3 2 3 2 0 1 4 2 2 2 3 1 0 1 3 4 4 2 0 4 1 4 4 4 0 2 1 0 0 4 0 3 1 0 0 4 1 0 1 4 2 1 2 0 2 0 1 3 3 1 4 1 0 4 0 0 3 3 0 0 3 3 3 1 3 4 0 0 1 3 1 0 4 3 0 1 1 1 1 4 4 1 2 1 2 2 2 0 2 4 0 0 4 0 4 0 1 4 2 2 3 3 0 4 3 0 3
4 4 4 0 3 0 4 0 4 3 4 1 1 0 1 3 0 4 2 2 0 4 4 0 2 4 0 3 4 2 1 1 1 3 3 2 0 3 2 0 1 3 1 4 3 0 3 0 4 2 2 1 1 3 1 0 4 3 4 4 1 0 0 4 3 3 1 4 3 0 4 0 0 2 4 4 2 4 1 1 2 1 3 3 4 1 4 4 2 3 0 0 0 2 4 1 0 3 0 1 0 1 1 1 3 2 2 3 2 3 4 1 4 4 4 1 3 0 0 0 0 2 2 1 4 3 2 1 1 4 2 4 2 0 2 2 0 4 0 2 2 2 0 4 3 1 0 3 2 2 3 2 4 2 0 3 1 4 4 4 0 4 3 4 4 0 2 4 1 4 3 1 3 3 0 4 0 0 2 4 2 3 3 3 0 4
1 1 0 2 1 1 1 1 0 1 4 4 2 0 1 1 1 1 1 3 0 3 0 0 2 2 3 1 2 0 2 0 2 2 3 0 3 1 3 1 2 2 2 2 3 3 3 1 2 1 0 2 0 0 4 2 0 2 0 4 3 2 0 2 0 3 4 0 4 2 1 4 0 4 1 0 4 1 3 1 4 0 1 4 3 0 4 0 0 4 4 0 4 4 4 4 2 3 4 4 2 3 0 4 4 1 1 0 4 0 2 3 0 0 0 0 2 4 0 4 0 0 4 4 4 0 0 4 3 2 0 3 0 0 2 4 3 4 4 2 4 3 2 1 0 2 2 0 3 4 4 4 4 1 0 1 1 1 2 2 3 2 0 0 4 2 1 2 3 2 1 2 3 3 1 0 3 0 0 3 4 2 2 4 3 0
2 1 3 4 3 1 3 0 3 2 0 4 4 3 3 0 3 1 0 4 2 0 1 4 4 0 1 3 1 1 3 0 3 1 4 3 4 2 1 4 1 1 0 0 4 4 2 4 2 0 0 4 0 1 1 4 4 2 0 2 4 3 3 4 2 4 4 3 4 0 3 0 1 3 1 3 4 0 4 2 0 0 3 1 3 4 2 2 4 2 0 3 3 0 4 2 4 3 0 3 4 0 4 2 1 2 2 0 4 2 2 0 2 3 3 2 2 2 0 1 2 2 1 2 4 0 4 3 1 1 4 2 4 0 4 0 4 2 0 3 1 0 0 0 3 0 2 0 3 4 4 2 1 2 4 0 3 0 1 1 3 0 3 2 2 2 4 1 1 0 4 2 0 2 4 0 2 2 0 0 1 1 4 0 4 3
2 4 0 3 0 1 0 3 3 2 2 3 3 4 0 0 3 2 2 0 2 1 2 4 4 0 1 3 2 0 4 0 1 4 3 1 2 1 1 1 3 3 1 4 4 3 4 0 0 3 0 2 4 4 1 0 1 4 4 4 1 3 4 2 4 4 0 2 0 1 0 1 2 3 0 3 1 1 3 1 1 0 0 2 4 3 3 3 0 2 2 1 2 3 1 3 2 3 2 0 0 4 1 4 2 3 2 0 1 1 3 2 3 0 4 0 4 4 3 1 3 2 2 2 0 0 1 4 4 0 1 1 0 4 0 4 2 4 0 3 2 3 2 1 4 4 1 0 3 4 1 4 1 0 1 3 1 4 2 2 0 4 0 0 3 2 4 3 1 1 3 4 2 1 0 3 0 1 3 0 2 1 4 0 1 1
3 4 0 2 3 2 3 3 2 4 0 4 2 2 2 2 1 4 3 3 2 3 1 2 4 3 3 3 0 0 1 0 1 2 2 0 1 3 0 4 2 1 0 1 0 2 3 3 4 2 1 1 2 4 4 3 4 4 4 4 4 0 4 3 4 3 0 1 1 0 2 3 1 2 4 1 1 0 1 2 2 2 1 1 1 2 0 0 1 4 1 3 4 0 1 1 1 1 2 2 1 4 3 0 3 4 3 1 4 0 4 3 4 0 0 1 2 0 3 0 1 2 3 2 4 4 3 0 2 0 3 1 1 3 1 1 2 4 3 2 1 4 2 1 1 2 4 0 4 4 0 2 1 4 0 1 0 3 1 0 1 1 1 2 4 4 4 2 0 4 1 2 3 3 3 1 3 4 1 4 3 1 2 0 2 2
1 0 2 4 0 3 1 1 1 0 2 2 4 2 1 2 4 1 3 4 2 1 3 0 2 2 3 4 2 1 3 0 1 1 4 3 4 0 1 2 3 3 1 4 0 4 2 2 0 0 3 4 3 2 1 0 1 0 2 0 1 0 0 4 3 1 2 0 4 0 4 2 3 1 3 0 0 2 2 3 4 1 4 2 0 1 0 3 1 2 0 4 4 2 3 0 3 2 0 2 2 4 1 2 0 0 2 3 2 2 3 2 0 2 1 2 0 1 0 1 0 0 0 2 2 0 2 2 4 4 0 3 3 1 2 1 3 0 1 3 4 4 0 4 3 3 1 4 2 3 0 4 0 3 3 2 0 0 4 2 1 1 0 2 0 3 3 3 0 4 1 4 0 3 0 3 4 3 2 1 1 0 0 1 3 4
0 0 1 1 2 0 3 3 2 0 3 0 3 0 1 2 4 3 2 1 1 1 4 1 4 0 1 2 3 1 3 3 1 1 4 4 1 4 4 3 4 2 0 0 2 3 4 3 1 3 4 3 2 3 4 1 0 2 3 3 3 3 1 4 0 2 3 1 4 4 0 3 3 2 0 2 1 4 0 2 0 1 2 2 1 3 3 1 0 4 1 3 2 2 0 4 2 0 1 1 0 3 1 3 0 2 1 1 3 3 4 0 2 3 2 3 2 3 2 4 4 3 0 3 3 0 3 0 0 4 3 0 2 4 4 2 3 2 4 4 0 0 4 2 0 4 3 2 2 0 4 1 0 4 4 3 4 2 0 4 3 0 2 0 2 3 0 0 0 1 1 2 1 3 2 1 2 2 1 4 2 2 2 4 1 3
3 2 3 0 3 1 1 0 4 3 3 4 0 0 0 2 0 3 0 4 1 4 1 4 3 0 1 2 4 4 0 4 1 0 0 0 2 3 2 3 1 3 4 1 3 1 0 0 4 2 1 2 1 2 4 1 4 2 0 4 2 3 0 0 3 0 0 2 3 3 0 1 1 4 0 1 0 2 4 1 0 0 1 3 0 0 0 4 4 2 0 1 0 1 2 4 1 4 1 2 4 2 0 0 3 0 4 1 0 0 2 0 0 0 0 0 2 2 2 2 0 2 3 0 3 2 4 2 2 1 4 1 0 1 4 0 4 0 1 4 0 1 4 2 1 4 0 4 2 2 3 4 1 1 4 0 1 4 2 0 2 3 3 4 4 4 4 3 4 3 2 1 4 3 4 2 0 1 3 4 0 1 3 1 0 2
1 3 3 0 3 2 0 1 1 2 1 3 2 2 3 2 4 4 0 0 1 2 1 2 3 3 0 1 4 2 1 3 0 4 3 0 4 4 2 2 3 0 0 0 2 3 2 3 4 3 3 3 2 1 0 1 4 2 4 4 0 0 4 0 2 2 1 1 3 0 3 1 0 1 2 4 1 1 3 1 1 3 4 4 0 1 0 1 3 4 2 3 2 1 1 4 1 4 2 4 1 2 3 3 3 2 2 2 3 0 3 0 1 4 1 1 0 3 4 0 4 2 1 1 0 4 2 1 3 1 3 1 4 1 4 4 0 1 1 3 4 1 0 0 0 1 3 2 4 2 3 4 1 4 2 4 0 2 0 3 3 0 1 2 1 0 4 3 3 0 4 2 2 4 4 4 3 4 2 4 4 2 0 0 3 3
4 3 0 2 3 0 2 4 3 1 4 2 1 4 4 0 2 1 0 3 1 0 3 0 4 2 2 0 4 0 0 1 3 2 0 1 2 2 0 0 0 1 4 2 0 1 4 4 4 1 0 0 1 3 2 1 2 4 3 1 4 3 4 4 0 4 2 2 4 2 0 1 0 1 0 3 2 0 2 2 1 4 4 3 2 4 1 4 3 1 3 0 4 2 1 1 4 4 0 3 3 0 4 4 4 0 4 3 0 3 2 3 3 4 3 0 3 1 2 3 2 2 0 1 1 2 4 0 3 0 3 1 2 0 2 1 2 1 2 4 0 4 2 0 0 1 0 3 2 4 4 2 3 4 3 0 3 0 0 1 0 1 0 2 3 2 1 0 1 3 4 3 4 3 3 0 1 0 0 1 2 4 3 0 1 3
0 1 3 3 3 0 1 0 3 1 2 1 1 0 1 2 3 2 0 3 2 2 4 0 3 3 1 3 3 2 1 1 4 0 1 4 0 4 1 0 0 0 3 1 1 1 0 1 4 0 0 3 4 1 3 4 4 2 2 4 4 4 0 0 1 3 1 3 2 2 1 2 3 4 0 1 3 0 2 2 1 4 2 2 2 3 2 3 0 1 3 1 2 0 4 0 1 2 4 3 0 2 3 0 3 3 3 1 4 0 0 2 2 3 4 1 1 3 0 3 0 0 4 4 2 3 0 3 1 4 4 3 1 2 0 1 0 3 3 1 0 3 3 4 1 0 1 4 0 3 2 2 3 4 2 2 4 2 3 2 3 2 0 1 1 2 2 3 0 0 0 1 1 0 2 4 2 3 4 3 1 3 0 1 2 2
1 2 1 4 4 4 3 2 0 4 4 3 2 2 0 4 0 1 0 2 1 4 1 2 2 4 0 0 3 0 2 4 2 4 0 3 3 3 2 1 4 2 1 3 1 1 0 1 0 2 3 3 1 1 0 4 3 2 4 1 2 3 2 1 4 2 0 3 2 2 1 3 1 2 1 4 0 1 0 2 3 1 0 2 2 2 3 2 0 2 3 4 2 0 1 2 4 3 2 3 2 3 1 4 2 3 3 2 1 1 0 2 2 2 4 1 0 2 4 2 1 4 1 0 0 2 2 1 0 4 0 3 4 1 4 1 1 4 1 0 2 3 4 4 0 0 1 2 4 2 1 2 1 3 2 3 2 0 0 0 1 2 0 1 0 1 2 2 0 3 4 3 3 3 4 4 0 2 3 4 4 0 1 1 0 3
1 2 0 1 4 2 0 4 3 1 0 2 0 3 3 4 3 1 4 2 2 4 0 1 0 1 3 3 4 3 3 1 2 4 4 2 3 0 1 3 1 2 0 1 0 0 2 0 2 1 2 1 2 4 2 4 1 0 2 2 0 0 3 3 1 3 0 4 3 1 4 4 0 0 2 2 0 4 2 4 2 2 1 1 1 0 0 4 3 4 2 3 1 2 1 3 0 3 4 0 0 4 1 2 1 3 2 3 4 4 3 1 1 1 2 0 1 4 1 1 3 3 0 0 3 3 0 0 4 1 1 1 2 2 3 0 3 0 4 2 2 4 4 0 0 3 0 3 3 2 2 1 2 2 3 2 2 0 3 1 2 4 2 1 1 3 2 1 0 1 4 2 2 3 3 4 1 3 4 4 2 1 3 2 0 3
4 3 4 2 1 3 1 1 1 0 1 3 1 1 1 2 4 0 0 2 4 4 2 4 0 2 0 3 4 1 4 0 1 3 3 4 3 1 0 4 3 1 0 2 3 3 4 4 4 2 3 3 1 0 2 1 2 0 2 3 1 3 1 4 3 4 3 1 2 1 2 3 4 4 2 4 3 1 3 2 0 1 2 1 4 0 0 3 0 4 2 3 2 3 2 0 4 2 3 3 3 2 1 3 2 3 2 0 2 3 4 4 4 1 1 3 3 3 2 0 4 1 0 3 1 4 0 2 2 3 0 2 2 4 0 4 4 0 1 3 3 0 3 4 4 1 0 2 4 4 0 0 2 0 3 3 0 3 0 2 3 2 4 0 1 2 2 1 4 0 4 4 3 4 3 2 0 0 1 1 4 1 1 1 4 4
1 4 4 1 3 4 1 4 2 2 1 4 0 2 4 2 1 2 1 2 1 4 2 0 0 4 1 2 2 2 3 4 1 0 2 4 4 3 1 1 3 4 2 0 2 4 4 3 3 3 2 0 2 0 2 2 1 3 4 3 1 0 2 4 0 0 1 4 0 2 3 3 1 2 4 0 1 0 1 0 3 3 2 0 0 4 3 1 4 4 2 2 4 4 4 1 1 0 3 2 4 1 2 2 3 1 3 2 2 4 4 2 2 1 3 0 2 1 3 3 2 0 1 2 0 2 3 1 2 3 0 1 4 3 0 0 1 3 2 0 4 1 3 4 4 1 4 3 4 2 1 1 3 4 0 0 1 1 3 0 4 4 3 1 2 4 1 0 4 0 1 4 3 4 3 4 2 2 2 1 1 0 4 1 2 0
1 3 1 0 1 2 4 4 3 3 3 1 3 3 1 1 2 1 0 2 0 2 1 4 0 2 2 0 4 4 0 0 2 3 2 3 0 3 0 4 3 3 0 2 3 4 0 2 0 1 4 3 0 0 4 3 0 1 3 4 0 0 1 0 0 4 0 0 4 0 1 3 1 4 2 1 0 2 4 2 3 0 2 1 3 2 4 3 3 4 4 1 1 0 1 1 1 3 3 3 1 2 1 2 3 3 3 3 0 4 2 1 0 0 2 0 2 3 3 2 4 2 3 0 4 1 3 3 2 1 1 3 0 4 2 3 2 0 3 2 2 3 3 4 3 2 4 2 2 2 1 1 1 2 3 2 3 1 2 2 0 3 0 0 4 2 1 1 0 1 1 2 4 1 3 2 4 2 1 3 1 3 2 2 0 0
1 0 4 4 3 4 4 3 1 4 3 2 0 0 1 3 4 0 0 2 3 1 4 1 4 2 4 1 1 4 4 2 0 3 1 0 4 3 0 0 2 3 0 4 3 1 3 4 1 3 1 1 4 2 3 0 4 4 2 0 4 3 0 1 1 1 1 2 4 1 2 3 0 4 3 0 2 3 2 1 3 3 4 2 3 4 4 4 4 3 0 0 1 0 1 4 3 2 1 0 3 1 3 0 0 3 3 0 1 0 1 4 0 0 3 3 2 3 3 1 3 0 1 0 2 2 4 2 1 3 2 4 4 3 2 1 1 2 1 0 2 4 1 4 0 0 3 2 0 3 0 3 0 1 0 2 0 2 1 1 0 4 2 4 4 1 2 2 3 4 2 2 3 1 4 0 1 4 4 3 2 1 3 4 2 4
3 4 1 4 2 1 0 0 2 4 3 4 2 4 0 1 3 4 2 2 1 0 1 3 0 0 4 4 4 4 0 2 3 3 2 1 1 2 3 3 4 3 4 3 2 0 1 1 1 4 3 2 1 0 0 2 0 2 3 2 1 0 4 4 3 1 2 4 1 0 4 2 4 3 0 3 0 1 4 1 2 3 1 4 0 3 3 2 0 3 4 1 3 4 1 3 2 3 4 0 1 3 2 2 3 2 0 4 1 0 2 3 0 3 4 2 2 2 1 2 2 1 1 0 2 2 0 1 2 4 2 0 4 1 2 3 1 0 4 2 0 1 0 2 0 0 4 2 4 0 1 2 3 2 4 2 1 2 4 4 1 3 1 1 4 4 1 2 4 0 4 1 1 2 0 1 4 1 0 0 1 2 2 2 1 4
4 3 1 0 4 4 0 0 2 2 1 3 4 2 3 4 0 0 3 0 3 2 1 4 2 0 3 2 4 4 3 0 4 1 1 3 0 3 1 3 0 4 3 0 4 2 1 1 4 4 2 2 1 0 1 0 2 4 2 3 1 0 4 0 3 2 1 4 0 4 4 1 3 2 1 4 1 2 1 0 3 0 3 4 2 4 4 0 1 4 0 2 1 4 2 0 1 3 4 4 2 0 0 3 4 3 2 1 2 0 1 0 0 1 1 0 1 0 0 2 4 0 4 3 2 3 3 0 2 4 4 1 4 4 4 3 4 4 1 1 1 0 3 4 1 4 4 2 2 4 1 3 1 2 1 0 1 4 1 0 3 0 1 2 2 3 3 3 4 1 2 0 1 0 4 3 0 3 2 2 4 4 0 3 1 4
0 4 3 1 4 2 4 3 1 3 1 1 3 2 3 0 2 4 1 4 2 3 4 2 2 1 1 2 1 4 1 1 1 2 0 0 4 4 3 2 4 1 4 2 3 2 3 3 3 1 4 3 4 0 0 1 1 3 0 2 4 4 1 0 1 1 1 2 0 1 4 1 0 0 3 0 4 3 0 3 4 4 1 0 2 3 1 3 1 4 3 0 3 4 1 1 0 4 0 2 2 1 0 2 2 0 0 1 4 0 1 0 2 4 1 4 2 4 2 3 3 2 1 3 3 4 1 3 0 1 2 2 3 2 2 2 3 4 3 4 4 0 4 1 4 2 0 4 4 0 4 4 4 0 3 3 1 1 3 1 3 3 1 3 0 0 0 0 4 0 1 3 2 3 2 4 2 4 3 1 4 2 1 1 0 1
4 1 2 2 0 2 2 1 2 0 1 2 0 2 0 4 0 2 2 2 3 1 4 1 3 0 1 4 1 3 0 0 4 4 0 1 2 2 2 1 2 0 1 0 2 1 1 0 0 0 4 4 1 3 2 4 4 0 0 2 3 0 0 3 2 2 4 4 1 4 0 4 1 1 1 1 4 4 3 0 4 2 1 2 3 3 2 4 4 2 1 2 0 3 2 2 0 4 3 2 0 0 3 3 4 4 4 3 0 4 0 4 4 3 1 2 4 0 3 0 0 1 4 2 0 2 4 0 3 4 2 0 4 0 3 0 1 0 1 1 4 1 2 3 2 1 2 1 3 2 1 3 4 0 0 4 4 1 1 2 0 1 4 2 1 3 2 0 0 0 1 1 4 1 2 1 4 1 2 2 4 3 1 0 0 3
1 0 0 2 4 0 3 4 4 2 4 4 2 4 4 0 2 3 1 4 1 0 1 3 0 2 3 1 2 4 4 3 4 1 0 3 4 1 2 3 3 3 2 2 2 4 2 0 4 1 1 1 3 4 4 3 1 0 1 3 4 1 3 0 2 1 3 1 2 3 2 2 1 1 4 1 2 1 3 2 4 4 3 3 1 4 3 2 4 0 3 0 3 3 0 2 4 1 4 3 1 3 0 2 4 1 0 2 0 3 1 4 0 4 4 1 0 3 0 2 3 0 2 3 4 0 0 3 1 1 2 2 4 4 1 1 1 2 0 3 2 1 2 2 2 2 0 2 2 3 1 2 3 1 0 2 1 0 3 4 2 2 3 1 1 4 4 4 3 4 2 1 2 2 0 4 1 3 4 3 1 0 2 4 1 2
4 4 2 2 3 1 4 3 0 2 3 4 4 3 1 3 4 3 0 2 3 1 0 4 1 1 4 3 2 3 0 3 4 0 0 0 3 1 3 3 1 3 0 2 2 1 0 3 4 1 0 4 2 0 3 1 3 0 4 3 0 2 1 4 4 4 4 2 2 3 3 0 1 3 2 0 1 3 4 2 1 4 2 3 2 2 1 2 2 1 0 2 3 4 2 4 0 3 1 4 1 4 0 0 4 4 0 0 2 1 3 3 1 0 4 3 4 0 0 2 3 3 4 3 4 3 2 4 2 1 3 0 0 3 2 2 0 0 2 2 1 0 3 2 2 4 2 2 1 0 1 2 0 2 0 4 1 0 3 0 1 1 0 3 2 0 0 4 0 3 3 1 0 1 1 0 2 0 4 1 0 0 3 0 2 0
4 0 0 4 0 3 3 3 2 2 3 2 1 0 2 4 3 0 3 1 2 0 2 1 3 4 3 3 0 0 4 1 3 1 1 0 0 1 3 4 3 3 3 4 0 1 3 4 3 3 2 0 1 4 1 4 4 1 3 1 3 4 2 1 2 0 2 2 1 2 3 1 3 2 0 3 3 1 4 3 4 2 3 0 3 1 2 2 2 2 3 0 1 3 4 3 0 1 3 4 0 1 0 0 3 3 1 3 4 0 1 0 4 1 3 0 2 2 2 4 4 3 2 2 3 1 2 3 4 2 2 1 1 3 2 1 1 3 0 2 3 3 4 0 0 4 0 4 1 4 1 2 4 3 4 2 1 4 1 0 1 3 1 4 3 0 1 1 3 1 0 2 1 0 4 3 4 1 3 3 0 4 0 0 4 2
4 0 1 0 2 4 1 0 4 1 1 0 3 1 3 3 3 1 0 4 0 2 2 0 0 3 4 2 0 0 4 1 2 2 2 1 4 0 3 0 1 1 2 1 3 2 2 3 3 2 3 0 1 0 0 1 0 1 1 2 1 0 4 3 0 3 4 1 0 0 1 3 1 3 2 4 0 4 3 0 3 1 1 0 3 3 3 1 0 4 0 1 2 1 2 4 1 3 0 1 3 1 0 0 1 2 1 3 3 4 3 3 2 1 3 3 0 4 4 2 3 4 0 2 3 2 1 4 3 1 1 3 4 3 0 0 2 2 3 2 1 4 0 1 2 4 4 2 0 0 1 0 1 2 3 4 4 4 4 4 3 2 3 4 0 3 0 4 2 0 1 4 1 1 2 4 2 1 3 2 1 0 3 2 4 3
4 3 4 3 0 2 0 0 4 2 3 4 3 3 1 4 4 0 2 1 1 0 2 1 4 0 1 4 4 2 2 3 3 4 3 3 1 0 3 2 2 3 1 0 1 0 1 0 2 4 1 3 1 0 4 0 2 3 2 2 0 1 2 3 0 1 3 4 1 1 1 1 0 0 3 3 0 0 4 4 1 2 2 2 3 3 4 2 3 1 4 4 0 2 4 0 0 3 4 3 1 1 4 3 1 0 2 3 2 3 2 3 2 1 2 2 1 3 0 0 2 4 1 2 3 0 2 0 0 2 4 2 0 0 2 1 0 4 1 4 4 0 4 2 1 3 4 2 2 4 2 1 1 0 3 1 1 2 2 3 1 1 2 1 3 0 4 1 4 2 0 1 2 2 3 3 0 2 3 4 4 2 0 0 3 3
1 1 1 3 1 4 1 4 1 2 4 2 3 0 0 0 1 2 2 1 3 0 1 3 4 0 0 0 0 0 0 3 1 3 4 3 3 2 4 1 4 3 3 4 0 0 2 2 3 1 0 3 1 1 1 3 1 1 0 3 4 0 4 0 1 3 0 4 2 4 2 2 4 0 3 0 3 0 4 1 4 4 1 2 3 2 0 4 0 0 0 4 3 4 2 4 4 2 0 1 4 2 3 0 4 4 2 2 1 3 0 0 0 1 3 3 0 0 4 1 3 4 0 3 3 2 4 2 2 4 4 3 3 4 0 4 0 3 4 2 1 4 4 1 3 4 4 3 2 1 4 0 0 2 3 1 1 2 0 3 3 1 3 3 1 4 2 3 2 1 2 0 3 4 4 1 3 0 1 0 1 1 2 2 0 2
3 1 1 0 0 4 2 0 4 0 4 4 3 3 2 1 1 0 0 0 3 0 0 0 3 2 3 2 1 3 0 1 4 1 1 1 3 3 2 4 3 3 3 2 2 1 0 3 3 2 0 4 4 0 4 2 4 4 0 0 4 2 1 3 0 0 2 0 3 4 0 2 4 0 1 1 3 3 1 2 0 1 1 4 4 2 4 3 3 1 4 2 3 2 0 0 2 4 3 3 0 3 2 0 0 3 3 4 1 0 3 3 3 1 2 2 3 3 1 1 4 2 3 4 1 0 0 1 0 3 4 2 3 1 2 0 1 1 4 2 3 4 0 1 0 4 4 3 3 2 1 4 4 1 4 0 4 1 1 4 1 2 3 4 3 1 1 4 4 1 3 2 0 0 3 1 2 2 1 0 4 0 1 0 1 0
3 0 1 4 1 2 4 0 3 2 3 0 4 2 3 4 4 0 0 2 3 2 2 0 4 3 0 0 4 3 3 2 4 4 3 0 4 2 2 4 2 0 4 3 2 2 2 1 3 2 1 3 1 3 3 2 1 0 0 2 4 3 4 0 4 0 2 0 4 0 0 1 2 4 4 0 4 4 3 4 3 4 2 0 4 3 4 1 3 4 0 4 4 0 4 4 0 2 4 4 4 4 3 1 1 4 3 2 3 2 1 4 3 0 4 0 3 0 3 4 2 3 3 1 3 0 2 0 4 4 2 3 0 2 1 1 1 0 3 2 4 1 1 4 2 2 4 2 2 2 1 4 1 2 3 1 2 0 4 1 4 1 1 0 3 4 3 1 1 4 0 2 0 1 2 4 0 3 2 0 1 0 4 4 2 4
0 4 0 4 2 1 2 0 3 2 0 2 4 1 1 4 4 3 3 3 0 3 1 2 3 4 2 0 3 0 1 4 1 3 0 4 0 3 4 3 0 1 2 1 0 0 3 1 4 1 4 1 1 2 3 2 2 2 2 2 4 3 3 1 2 4 2 4 4 3 4 4 2 4 3 2 4 1 0 0 4 4 1 2 3 1 4 2 1 3 0 0 4 3 3 3 4 2 2 3 1 3 0 0 2 3 2 4 1 2 4 2 3 3 4 3 4 4 1 0 4 3 3 3 1 1 1 1 4 0 1 2 1 1 4 3 1 3 2 4 0 4 1 0 2 1 0 1 2 1 4 1 4 2 0 3 3 3 1 4 4 2 3 0 1 2 0 2 0 0 2 2 4 3 4 1 1 0 4 3 3 3 2 3 0 2
3 1 0 4 0 1 3 1 3 4 3 4 4 1 1 3 3 0 3 3 1 0 0 0 0 3 1 2 3 1 4 1 4 2 0 0 0 1 3 1 0 1 2 4 4 3 2 3 3 1 3 1 3 3 1 3 3 4 1 2 1 2 3 0 1 1 2 4 2 0 0 4 4 2 1 3 0 3 3 0 1 3 1 1 1 4 0 2 4 3 4 2 2 4 4 4 2 2 3 1 4 0 1 0 4 4 1 4 2 4 1 1 3 2 2 1 1 4 3 2 2 4 4 0 4 1 1 3 3 1 0 4 1 3 2 0 2 3 1 1 4 2 2 4 1 2 3 4 1 3 2 1 3 3 3 4 4 4 2 4 2 2 1 0 2 3 0 4 3 3 1 4 2 0 1 3 2 4 4 1 2 3 2 2 4 2
1 3 1 4 0 3 3 3 3 1 3 0 2 3 0 3 2 2 4 3 2 3 4 1 1 4 0 0 1 1 2 0 4 3 1 1 3 4 1 3 2 4 0 0 4 0 0 2 4 1 2 3 2 4 2 3 3 4 4 4 0 1 1 4 2 2 3 2 4 1 3 1 1 3 3 2 1 1 4 0 2 4 1 1 3 3 0 3 2 4 4 2 2 1 3 1 3 3 4 2 0 2 1 3 2 1 0 3 2 0 1 2 1 2 3 1 0 0 4 4 1 3 1 4 4 4 2 3 3 1 2 3 0 3 1 3 2 3 3 4 3 1 3 1 3 2 2 0 2 3 1 1 2 2 0 1 4 2 1 2 1 1 2 3 4 0 3 1 3 2 3 4 3 3 2 4 2 2 1 2 0 3 3 2 2 3
1 1 2 4 0 0 0 4 4 2 4 2 0 0 1 0 1 0 4 3 1 1 0 2 3 3 2 1 0 0 1 3 1 1 0 2 1 0 1 0 4 3 0 0 0 1 2 3 3 1 1 4 3 4 4 3 4 3 0 1 3 3 0 2 4 0 1 1 2 4 3 4 2 0 4 4 2 1 2 2 0 1 2 0 2 3 3 1 1 0 2 2 1 4 4 0 4 2 3 4 1 4 3 1 4 4 0 3 2 0 1 2 1 0 4 3 3 3 1 1 0 3 0 1 3 1 4 4 3 2 0 0 3 3 3 3 4 0 1 2 0 4 1 1 4 1 1 2 1 2 1 3 3 1 2 1 3 1 2 3 0 3 3 4 3 1 4 3 2 2 2 4 2 0 3 1 3 4 1 1 4 4 0 2 0 2
0 0 0 2 4 0 0 4 1 1 3 2 4 2 0 3 1 4 3 4 0 2 1 3 3 0 2 0 4 0 4 4 2 4 3 1 2 4 3 0 2 1 3 3 3 3 1 1 2 1 3 4 0 4 3 1 1 2 3 0 4 3 4 2 2 2 3 1 3 3 2 2 4 0 0 4 3 3 1 2 0 4 1 2 0 1 3 1 1 2 1 0 2 2 2 1 1 3 3 2 1 0 4 1 2 0 2 2 3 3 4 0 4 2 3 4 1 3 2 2 2 3 2 4 2 0 1 1 0 1 3 1 1 2 4 3 4 2 0 0 2 1 2 4 0 2 0 1 1 3 3 0 3 1 2 1 3 3 2 3 1 2 4 2 1 4 2 3 3 4 3 0 2 2 4 2 0 0 4 3 0 2 0 3 0 2
1 3 2 0 1 3 2 3 2 4 4 1 4 2 0 2 4 4 4 4 2 1 1 1 4 1 0 0 1 1 4 3 1 2 3 0 0 3 3 0 4 4 1 3 1 4 2 0 3 3 1 0 0 4 3 1 0 1 3 2 4 0 2 0 2 2 0 4 0 0 4 1 1 3 4 4 2 3 2 0 2 3 3 4 3 3 2 0 4 3 4 3 3 1 1 0 4 3 1 1 1 3 0 2 1 4 2 3 0 4 0 2 4 3 3 4 2 0 2 3 3 1 4 3 0 0 0 1 3 2 4 1 2 4 4 3 1 3 3 1 4 3 0 3 4 3 0 3 0 4 1 1 0 0 4 2 2 0 0 1 4 0 4 1 4 3 4 0 3 4 3 2 2 3 3 1 3 0 1 4 4 3 2 1 0 1
4 3 3 4 1 2 1 0 3 3 1 4 0 4 3 4 2 3 4 0 1 3 2 3 4 1 1 1 2 3 4 1 1 3 3 4 2 4 0 1 2 1 2 3 2 1 4 4 1 3 1 2 3 3 0 2 1 3 0 4 2 0 2 3 0 0 0 4 2 0 2 1 3 0 1 0 3 2 2 4 1 0 1 4 1 4 4 2 2 1 3 4 3 1 0 3 3 0 3 0 2 0 4 0 2 2 2 0 0 1 1 1 4 0 2 2 4 3 1 1 0 0 3 3 3 3 4 1 0 2 4 2 4 3 4 4 2 3 1 2 0 3 0 1 3 3 3 4 3 1 0 3 3 0 2 1 3 1 3 0 0 2 2 1 2 1 0 4 2 4 4 2 2 4 0 2 4 0 3 3 1 0 1 0 1 0
1 4 3 1 2 0 3 4 2 2 3 4 4 0 0 3 4 4 2 4 1 4 4 1 2 2 2 0 2 3 3 1 4 1 2 1 2 3 3 1 2 1 2 1 1 3 1 2 2 1 1 1 0 2 4 4 1 1 4 1 1 4 2 1 1 1 4 0 1 2 3 4 3 2 2 1 2 4 3 2 0 1 0 2 0 4 1 2 1 2 3 2 2 2 0 0 0 0 0 2 2 0 3 3 2 0 1 0 1 0 4 3 3 4 2 1 3 3 3 1 3 3 1 0 2 3 0 2 3 2 1 3 2 1 3 1 4 4 3 0 1 2 1 0 3 3 1 2 4 1 0 2 1 3 2 0 2 4 4 2 1 1 2 0 4 0 3 3 0 4 4 3 3 2 3 2 0 1 1 4 4 1 1 2 0 0
2 4 4 4 1 2 2 4 4 1 1 0 0 3 4 1 2 2 3 2 4 0 1 0 2 2 4 3 0 1 1 4 0 2 0 3 2 2 4 1 4 1 1 1 1 0 2 3 0 0 1 4 2 4 2 4 1 1 0 3 4 1 3 4 0 3 4 2 3 4 4 2 2 2 3 0 0 2 4 0 4 2 1 1 1 3 1 2 1 3 1 0 4 1 1 1 1 1 4 4 2 0 3 1 2 3 1 4 0 2 4 4 4 1 3 2 1 1 2 3 4 0 3 0 1 2 1 2 0 0 4 4 0 2 0 0 1 3 4 3 3 1 3 2 2 3 2 3 4 4 3 3 4 4 3 2 1 4 1 1 2 0 0 2 0 2 4 3 2 4 1 0 0 1 0 4 4 2 4 3 3 3 3 2 4 1
4 2 3 2 3 0 3 0 4 0 4 4 3 3 0 4 4 2 3 1 1 2 3 2 3 3 2 1 0 1 0 1 3 3 0 3 3 3 0 4 3 1 3 1 0 0 3 1 2 1 2 0 0 0 3 0 0 0 4 2 4 4 0 4 4 0 3 4 4 0 3 4 2 2 3 2 2 3 3 2 1 0 2 1 2 2 2 2 0 1 4 4 2 4 3 1 4 3 0 0 4 3 2 1 2 2 0 2 0 0 4 1 0 3 4 4 1 1 3 1 4 4 2 3 3 2 1 4 1 1 2 2 2 1 3 1 3 0 0 3 0 4 4 2 3 3 3 1 2 1 2 3 0 1 4 0 3 0 1 4 4 0 1 3 1 1 4 4 3 0 4 3 1 3 2 1 4 0 2 3 1 1 3 3 2 2
3 1 3 2 2 4 2 1 2 4 4 3 0 3 3 0 3 2 0 1 3 1 3 3 4 0 1 0 0 4 2 1 2 2 3 1 1 0 4 0 1 4 4 2 2 4 4 2 1 4 0 2 3 4 2 2 1 3 2 1 4 2 2 3 4 2 0 3 3 4 3 1 0 4 0 4 4 4 2 2 1 2 4 4 3 1 3 4 2 3 3 1 0 2 0 1 0 2 1 0 3 2 1 4 1 2 3 0 3 2 0 1 2 4 2 0 3 1 2 0 4 2 3 1 4 3 4 4 2 3 4 1 0 3 0 3 0 0 4 0 3 4 2 2 0 4 2 0 2 1 0 3 3 4 4 3 4 1 2 2 4 4 3 1 2 0 4 4 0 0 4 0 1 3 2 2 0 2 2 4 3 0 3 2 1 4
2 2 0 1 1 1 0 1 2 4 1 2 3 4 2 0 1 4 0 1 3 2 3 2 2 3 4 0 2 0 4 4 0 2 3 1 3 3 3 1 0 1 0 0 2 2 0 4 1 3 0 4 0 0 4 4 3 3 4 3 1 1 4 1 3 2 4 3 3 4 1 3 1 1 3 3 4 1 4 2 1 1 4 3 1 3 3 2 1 4 2 2 2 1 0 2 4 0 1 2 4 2 2 2 4 0 1 0 3 2 2 4 4 1 0 2 1 3 1 0 4 3 2 2 0 0 4 1 0 0 3 1 0 0 4 4 2 2 4 1 4 3 2 0 2 2 0 3 2 1 3 2 2 3 4 2 3 3 0 0 1 3 3 1 0 2 2 2 1 1 0 3 1 0 0 3 4 0 2 4 2 2 1 4 2 2
3 0 2 3 2 3 3 1 4 0 0 3 2 4 4 0 2 1 2 2 1 3 3 3 2 2 3 3 3 0 2 1 3 0 1 0 3 1 3 0 1 1 3 0 0 0 2 2 3 4 1 4 3 1 0 2 3 0 3 1 0 0 4 0 0 2 3 1 3 1 3 4 2 3 0 4 3 2 3 3 4 0 0 4 1 0 1 0 2 4 3 2 0 0 3 2 2 1 0 1 4 3 0 4 2 2 3 2 2 2 3 1 4 3 0 0 0 1 2 2 3 3 1 0 3 4 2 0 2 0 1 4 3 4 3 2 3 3 0 0 2 0 1 1 3 1 4 3 0 1 0 0 1 1 0 4 3 4 0 2 4 3 3 0 2 1 2 3 2 4 3 4 4 0 3 4 3 4 2 0 2 4 0 4 3 2
3 3 4 3 2 0 2 1 0 1 4 0 4 1 1 0 3 1 0 3 0 0 2 0 3 4 1 0 3 1 3 4 4 4 2 2 4 1 0 0 0 4 0 1 3 1 1 1 4 3 4 2 1 3 4 4 4 0 1 3 2 4 2 3 0 1 2 0 0 2 0 2 4 2 3 2 0 2 3 0 2 4 4 3 4 3 4 3 0 1 3 4 2 2 0 3 4 2 3 1 2 0 3 1 2 3 3 4 0 3 1 0 4 0 3 3 0 3 1 3 1 2 2 3 4 4 3 0 2 1 1 1 3 1 4 2 0 2 2 2 2 3 2 1 4 3 1 1 3 4 4 4 1 4 4 1 3 3 1 2 1 0 3 2 1 2 4 3 1 1 1 3 0 0 1 1 3 2 2 1 2 4 2 0 3 2
1 1 2 0 4 0 0 4 4 1 2 4 0 0 2 3 4 2 3 2 0 4 0 0 2 4 4 0 4 4 4 3 2 3 3 3 0 0 3 0 3 2 4 0 2 1 3 3 1 4 1 3 0 3 3 2 4 4 2 0 0 3 3 3 1 3 1 2 3 1 4 4 3 3 4 3 1 0 3 2 1 1 1 1 4 1 3 3 3 3 4 3 1 4 1 0 0 0 4 0 1 3 4 2 3 4 2 4 1 0 4 2 2 2 3 1 3 3 2 1 1 3 2 0 4 3 2 4 3 1 2 2 1 1 4 4 2 1 0 3 1 4 0 0 1 0 4 2 4 3 0 0 1 2 2 2 1 4 4 1 2 1 3 3 2 2 4 2 0 0 0 4 1 3 4 3 3 0 2 2 3 2 0 4 2 2
4 3 4 3 1 1 4 0 2 1 4 3 0 2 3 3 1 2 1 2 0 1 3 4 1 1 1 1 3 3 0 2 3 1 0 2 0 4 4 2 2 3 0 3 2 1 1 3 3 4 3 0 0 1 1 1 2 2 4 2 3 2 4 3 3 4 0 3 0 4 0 3 0 3 3 2 1 4 3 1 3 1 3 0 4 4 2 3 3 3 1 1 0 0 2 4 2 4 4 2 1 2 0 1 0 0 0 3 4 0 4 4 3 2 0 2 3 4 1 1 4 2 0 0 4 2 1 1 3 0 4 4 2 1 2 4 2 3 2 3 0 3 0 4 2 2 1 0 3 4 2 2 3 2 4 3 1 0 4 1 3 0 1 0 4 3 2 3 3 1 3 4 0 3 0 2 0 3 0 0 3 2 3 1 1 2
1 4 3 3 0 3 0 3 0 1 4 2 4 2 4 0 3 1 0 0 3 3 4 0 3 4 4 1 2 2 4 4 3 4 4 1 4 4 4 4 1 3 2 2 3 1 2 1 4 0 2 2 3 3 0 1 4 4 0 1 2 4 2 0 0 1 1 4 1 3 3 4 1 2 1 4 0 1 3 4 1 2 4 4 2 4 0 1 3 0 2 2 1 0 0 3 3 3 4 4 1 0 3 0 2 2 4 3 3 4 2 4 1 3 3 3 2 0 1 3 3 4 0 1 1 2 2 4 1 1 1 2 1 1 2 1 3 4 4 1 3 3 2 2 2 2 2 1 3 4 4 3 0 2 1 1 4 3 2 0 0 3 0 3 2 4 4 0 3 0 4 4 1 1 3 0 4 2 3 4 3 3 4 3 2 0
1 1 4 1 4 1 4 1 1 1 0 3 4 1 3 3 0 1 1 0 3 2 2 2 3 3 2 2 1 4 0 0 2 4 1 1 2 2 2 3 1 0 1 0 1 2 0 3 0 1 3 4 1 2 3 4 0 0 2 4 4 2 4 3 3 2 0 2 4 4 0 0 1 4 0 2 1 2 2 3 1 2 4 2 0 2 1 2 2 0 3 3 4 2 4 4 4 1 1 1 2 2 1 4 3 4 1 1 1 1 4 4 3 4 1 3 1 0 3 1 0 1 1 2 1 0 1 2 1 3 3 4 2 2 0 2 1 3 3 4 4 2 4 3 3 2 3 2 2 1 0 0 0 1 4 1 4 0 0 2 0 4 3 4 3 3 1 4 2 1 0 1 4 1 1 4 1 0 1 0 1 1 2 1 0 1
4 1 4 0 0 4 1 4 1 4 4 2 0 3 1 2 2 0 4 3 1 2 3 0 2 2 1 0 3 3 1 0 1 0 0 2 2 3 3 3 2 2 2 2 1 3 1 3 0 0 1 4 4 2 4 2 4 2 2 4 1 0 4 4 1 1 1 0 4 4 3 3 4 2 2 2 3 4 0 3 1 3 2 1 0 1 3 1 1 2 1 2 4 2 3 0 1 0 2 2 1 2 1 2 0 3 4 0 4 4 0 1 0 3 4 2 1 4 4 2 3 2 1 2 1 0 0 2 2 2 0 0 0 3 3 2 1 2 2 3 4 4 1 1 2 0 3 1 1 4 0 4 1 4 1 3 1 3 2 0 1 2 0 3 0 3 2 4 3 1 4 2 0 0 3 0 2 3 1 3 3 3 4 1 4 2
1 0 1 4 0 2 3 1 2 1 1 4 2 4 0 1 3 0 1 3 0 0 2 3 3 0 4 4 1 3 1 0 1 2 4 3 4 4 1 1 0 3 2 2 4 2 3 3 0 1 1 2 1 3 3 1 0 2 0 4 2 2 4 0 1 0 4 1 4 0 4 2 0 2 4 0 1 0 0 1 1 3 1 0 4 4 3 4 3 4 0 2 3 4 3 4 1 2 2 1 4 4 0 0 3 4 0 4 4 2 3 3 0 4 0 4 0 3 1 3 4 3 0 4 0 3 1 1 2 0 4 2 4 4 2 2 1 4 4 0 1 2 0 3 3 2 0 3 1 3 1 2 1 3 2 1 2 3 3 1 3 4 3 0 4 2 2 0 1 3 2 4 0 0 0 0 2 0 3 0 3 1 3 1 0 0
3 4 0 3 2 0 2 1 0 3 3 0 3 2 3 3 3 1 3 3 3 2 3 2 3 3 0 3 0 2 0 0 3 0 3 1 2 2 4 0 1 4 2 1 1 2 4 0 3 4 0 4 4 4 3 2 2 3 0 4 3 0 4 1 2 2 4 1 2 3 1 3 3 3 4 1 1 1 3 1 2 4 0 1 0 3 0 4 4 2 4 2 4 0 0 3 0 0 0 2 0 1 0 0 2 1 2 3 4 2 1 2 3 2 0 3 2 3 3 1 2 4 0 2 4 1 0 4 3 2 1 3 4 3 1 1 2 3 1 1 2 2 0 1 1 3 1 1 3 1 2 0 0 0 2 2 3 0 1 3 2 0 1 3 0 2 1 2 2 4 1 2 2 3 0 0 1 1 1 4 3 1 0 0 1 4
2 1 1 1 4 1 1 2 4 3 2 3 3 4 2 4 3 1 2 3 2 1 2 3 0 0 4 2 2 2 2 0 0 3 1 4 4 4 2 1 2 4 1 2 0 3 1 1 0 1 4 4 2 3 2 2 0 4 0 3 3 4 3 4 4 1 0 1 0 4 4 4 0 0 2 1 3 0 4 0 1 0 4 3 4 4 3 4 3 0 2 3 4 2 4 3 3 0 1 0 4 0 2 0 0 1 3 1 1 2 1 0 2 1 3 1 0 3 3 0 3 0 3 2 3 3 3 3 0 1 4 4 2 3 4 4 4 4 0 2 1 2 2 1 0 3 4 2 1 2 2 0 3 2 4 3 2 4 3 2 1 4 2 0 2 3 4 3 3 0 1 1 4 0 4 1 3 4 3 2 1 0 4 1 4 3
1 2 0 0 4 1 4 3 3 4 2 2 2 2 4 0 0 0 1 0 1 1 1 4 3 4 1 2 1 1 3 4 0 3 4 1 1 1 0 4 2 4 1 1 3 3 2 3 3 0 0 0 1 1 4 0 1 3 2 4 1 0 3 1 0 0 2 1 3 4 0 2 3 4 3 1 2 0 0 2 0 2 2 4 1 4 4 2 4 3 3 0 1 1 3 1 3 0 0 3 0 2 0 0 1 4 2 0 1 4 3 4 1 2 3 2 3 4 1 2 2 4 2 0 3 0 2 3 3 2 2 0 4 4 0 3 0 2 0 2 3 0 3 2 3 3 1 1 4 3 4 1 4 3 2 4 1 1 3 4 0 2 1 1 1 1 1 2 1 2 1 4 2 1 3 2 4 0 4 3 3 0 1 4 0 0
4 1 3 2 0 3 4 3 2 2 0 3 4 3 0 2 4 0 3 3 2 4 3 3 4 3 3 1 2 4 3 1 2 2 3 0 2 4 3 1 2 3 0 3 3 2 1 3 2 1 1 2 1 1 0 0 4 1 3 1 2 4 3 4 3 3 4 2 0 3 4 2 3 1 2 2 3 0 2 3 2 3 0 0 4 2 2 0 3 3 1 0 2 1 2 2 0 1 4 0 1 0 4 0 1 3 4 0 4 1 0 3 1 0 3 2 4 2 2 3 0 0 0 4 2 4 1 2 1 3 4 4 3 3 4 0 1 0 2 2 3 2 0 4 4 0 3 3 0 2 3 0 3 1 2 0 0 0 4 3 0 3 3 4 3 4 1 1 2 3 4 0 2 1 2 1 4 2 1 4 0 0 1 3 1 0
3 3 1 2 2 1 2 2 2 0 1 3 1 3 3 2 1 0 4 3 3 0 0 0 1 0 0 2 0 3 0 0 1 1 4 0 4 1 2 2 1 4 2 0 4 3 2 0 0 3 0 4 0 3 4 1 0 1 1 1 4 1 3 2 4 3 3 3 4 0 2 3 1 2 0 3 0 4 3 0 3 1 1 3 4 0 2 1 3 3 2 4 4 3 2 0 1 2 3 2 4 3 2 1 2 2 4 2 2 4 4 2 2 1 2 3 3 4 0 2 4 4 3 3 2 2 0 3 4 4 3 4 4 0 2 1 3 3 0 2 4 1 4 4 4 1 2 3 3 2 2 2 4 0 3 1 3 3 2 4 4 0 0 3 2 4 1 0 4 3 4 4 0 3 0 4 2 2 4 2 2 1 4 1 4 2
4 4 1 1 3 2 3 1 3 1 0 1 3 0 0 3 1 2 3 1 3 2 0 0 4 4 3 4 0 2 3 0 3 1 3 4 4 2 0 2 3 2 3 1 2 0 4 0 2 0 3 3 2 1 3 2 0 1 1 3 1 4 3 4 3 3 3 2 0 0 1 3 3 4 0 2 2 1 0 1 1 3 4 4 1 4 1 2 1 4 0 4 0 0 0 3 3 4 2 4 1 3 4 4 3 1 2 0 3 2 1 1 2 3 2 4 2 0 3 0 4 0 4 2 2 0 2 0 1 0 1 2 3 3 4 3 4 3 0 4 0 4 3 4 2 0 0 4 1 0 2 2 0 3 4 2 3 2 0 1 4 3 1 2 1 0 1 3 3 1 4 0 0 2 1 4 3 2 1 4 4 3 1 0 1 3
4 2 2 1 0 1 2 1 3 0 3 1 3 1 0 0 3 0 2 0 2 2 4 3 1 3 1 0 0 4 3 2 1 0 0 2 3 2 0 1 3 4 3 3 2 0 3 1 2 1 3 4 3 2 2 2 2 0 4 0 0 4 2 3 4 2 2 4 2 3 0 0 4 0 3 1 0 2 4 3 0 2 4 0 1 2 2 1 4 1 1 1 0 0 0 1 4 4 0 1 4 3 1 3 0 2 2 3 1 1 3 1 1 2 1 2 1 1 0 1 4 1 4 2 3 4 0 3 1 3 4 0 1 3 1 3 0 3 1 1 4 4 4 2 2 2 2 0 3 2 3 0 1 3 2 4 4 2 2 0 2 4 3 3 2 4 4 4 2 0 2 3 0 1 1 4 0 3 1 4 0 0 1 1 3 3
3 2 2 0 0 0 4 3 0 3 2 4 2 1 0 4 4 2 2 0 3 3 0 4 4 1 1 0 4 4 0 4 4 2 0 4 4 1 4 0 0 1 1 2 2 3 4 3 0 3 4 0 3 4 2 4 2 3 1 4 3 1 3 4 1 0 0 2 2 4 2 2 2 1 1 1 4 2 4 2 1 0 2 1 2 4 1 4 3 2 0 3 4 1 4 2 1 4 4 3 3 4 2 0 0 1 1 4 3 2 3 1 3 1 3 0 2 4 1 2 3 2 2 4 3 1 1 1 0 3 0 3 2 4 0 4 0 3 0 4 1 4 2 1 2 0 1 4 1 4 2 2 3 1 1 1 3 0 0 3 3 2 4 2 1 4 1 2 0 1 3 1 0 0 4 2 3 2 4 1 1 3 3 0 4 0
3 2 0 3 3 0 0 2 2 4 3 3 1 3 1 1 1 4 3 2 3 1 4 2 3 3 2 3 3 2 3 3 1 0 4 1 2 1 0 4 0 4 4 3 4 1 4 3 2 3 0 0 1 2 0 1 0 2 0 3 1 0 3 0 3 2 1 0 4 2 0 4 3 4 3 4 2 4 4 1 4 0 2 1 2 4 4 2 1 4 2 0 2 2 0 0 0 3 0 1 2 0 2 0 2 0 2 1 2 1 3 1 3 2 4 2 1 4 4 4 0 3 4 2 1 1 2 3 0 3 4 2 0 1 0 4 4 4 1 3 0 1 4 1 3 1 3 1 2 0 2 2 3 4 2 1 0 4 1 2 4 0 2 2 4 4 1 3 3 4 1 0 2 2 1 2 0 0 3 2 0 1 0 0 0 2
4 2 3 0 2 0 1 4 2 2 3 0 0 3 0 3 3 4 2 0 2 3 0 0 0 2 3 2 4 0 1 3 0 0 4 2 2 2 3 4 1 3 4 3 1 1 1 4 1 0 4 0 0 1 2 3 0 3 0 0 3 4 3 0 1 4 4 3 3 2 2 4 0 3 2 1 2 0 3 0 3 2 0 3 1 2 1 1 0 4 1 1 0 2 1 1 3 3 4 2 0 1 3 3 1 3 1 3 0 4 0 3 4 0 2 0 0 0 3 2 1 0 3 1 4 2 2 2 0 1 1 2 4 2 0 3 0 4 3 0 3 4 4 4 1 3 4 1 0 0 4 2 0 2 0 1 1 0 3 3 3 2 1 3 4 3 3 4 2 1 1 3 0 2 2 2 0 4 0 3 4 4 2 1 4 2
2 0 2 2 1 1 4 2 1 0 0 4 1 0 2 3 3 3 0 2 2 3 3 2 3 2 2 0 0 3 4 4 0 2 2 1 0 3 3 3 1 1 4 2 3 1 0 3 1 3 0 3 3 1 3 1 0 0 1 1 0 0 2 0 4 1 2 1 0 2 1 1 0 0 0 3 4 1 3 0 1 4 1 4 2 4 2 2 1 3 3 1 0 3 3 0 4 0 3 1 0 0 4 2 0 0 3 4 3 1 2 4 2 3 0 4 2 2 2 0 2 2 1 2 0 4 4 0 2 3 1 4 3 1 1 0 1 4 2 1 1 4 0 3 4 2 3 3 1 2 3 3 4 1 0 0 0 2 2 4 2 0 3 0 1 0 2 4 1 1 2 2 2 2 3 1 1 3 4 2 0 4 0 4 0 3
1 3 2 0 2 4 1 1 4 4 3 3 1 4 0 3 2 2 3 2 1 4 0 0 4 0 2 4 1 2 4 0 0 1 0 3 0 3 1 1 3 1 0 1 0 2 4 4 4 4 1 0 4 1 3 3 1 0 4 0 4 1 0 0 2 2 0 3 1 3 1 1 4 3 4 4 0 3 1 2 0 2 2 1 1 2 1 4 4 0 4 4 3 1 1 1 4 3 1 2 3 2 0 2 1 4 3 3 4 4 0 4 4 0 0 2 2 1 1 4 4 1 0 2 4 1 0 3 1 1 0 4 1 0 3 4 4 1 4 1 3 0 0 4 0 3 1 4 4 4 0 0 2 0 0 2 3 0 0 4 4 3 0 2 0 3 3 2 2 2 3 2 2 0 3 4 3 1 1 0 0 1 0 3 4 2
0 2 0 2 4 4 2 4 3 3 0 1 2 4 0 2 1 0 2 4 1 1 0 2 1 2 1 3 0 0 1 2 4 1 2 3 2 4 0 2 4 2 3 3 1 0 0 4 0 3 0 2 1 2 1 2 4 4 2 2 1 3 4 1 1 3 4 0 0 1 2 1 3 2 0 4 3 0 0 0 0 0 4 1 2 3 3 2 2 3 4 4 3 0 0 0 1 1 0 1 3 0 2 3 2 4 3 0 0 3 1 2 1 2 4 3 0 4 2 3 2 3 4 1 1 4 3 2 2 0 3 2 0 2 1 3 2 4 0 4 4 3 1 0 1 2 1 1 2 3 1 1 2 0 2 3 1 0 2 4 1 2 1 3 4 2 1 3 3 2 4 0 2 3 2 3 0 3 2 4 4 3 1 1 4 0
1 0 3 3 1 4 0 3 2 1 2 1 2 1 0 3 1 2 1 0 1 4 4 3 0 3 3 3 1 2 4 4 0 2 2 1 3 4 1 2 2 4 3 4 2 3 0 0 3 1 0 4 2 4 4 3 4 2 1 2 2 2 1 4 4 0 2 2 1 4 0 4 0 0 0 2 1 0 2 4 4 4 0 3 4 1 1 0 0 0 0 4 2 1 3 4 2 1 1 0 2 3 4 2 1 2 1 2 4 0 3 3 4 0 2 0 1 0 3 3 2 3 3 0 4 1 1 3 4 2 4 1 3 0 0 1 4 3 0 4 3 3 4 0 3 1 0 1 4 3 4 1 1 2 3 3 1 4 3 0 4 2 4 4 0 1 0 4 0 0 0 0 3 0 0 3 3 1 1 2 1 0 4 0 0 4
3 3 4 1 3 3 1 4 2 3 1 2 4 1 4 0 1 2 0 4 2 3 0 3 3 3 0 4 3 2 3 3 0 2 2 1 2 0 0 4 3 3 3 4 4 2 4 3 1 1 2 3 2 4 3 0 4 1 4 3 0 4 1 1 2 0 4 4 0 1 1 3 0 1 3 1 4 4 1 2 3 0 3 0 4 3 2 1 4 3 4 0 2 2 3 1 3 4 1 0 0 4 4 0 0 4 4 1 0 0 4 3 1 4 0 2 2 4 3 4 2 4 4 2 4 4 3 2 3 1 4 0 0 3 3 3 4 2 4 2 2 0 0 0 4 3 3 2 2 3 3 0 3 2 4 2 3 4 1 3 1 0 3 3 1 3 3 2 0 0 4 3 0 2 3 2 0 3 1 2 2 4 4 2 3 3
4 3 3 2 1 1 4 1 1 0 0 0 0 2 0 4 0 2 1 1 4 1 1 2 1 0 1 0 2 4 4 3 4 4 0 0 2 2 4 0 4 1 2 4 3 2 1 1 2 2 4 3 1 0 1 2 3 4 2 0 1 3 4 0 4 1 3 3 0 2 4 0 0 1 4 0 1 0 1 3 0 2 3 3 0 4 2 3 4 1 3 0 0 4 0 1 3 3 2 3 2 1 3 2 4 0 0 2 0 3 0 2 1 4 0 1 0 4 4 4 1 4 1 3 1 4 4 4 2 3 4 2 4 0 1 1 0 1 3 2 0 1 0 3 2 2 4 2 2 0 4 3 1 2 1 2 1 2 3 1 1 3 3 2 3 4 0 0 3 1 2 3 2 2 1 1 2 2 0 1 4 4 4 0 4 2
0 0 1 3 1 4 3 1 4 3 1 4 3 1 0 1 4 4 0 2 0 4 1 1 0 0 2 1 0 1 3 0 4 2 1 2 1 1 4 2 0 2 4 0 3 4 3 4 1 1 3 3 0 4 4 1 4 4 4 1 2 3 4 3 2 0 1 0 3 2 3 3 4 2 1 4 3 4 3 1 2 1 0 3 0 4 1 1 0 0 2 3 0 1 3 2 3 4 0 2 1 3 2 2 2 3 1 2 0 1 4 2 4 4 2 1 0 3 2 1 4 0 1 4 3 4 4 2 1 4 4 4 4 3 2 1 2 0 0 4 4 4 1 3 3 4 2 1 4 4 4 3 1 0 0 2 1 1 4 4 2 0 4 1 3 3 4 2 3 4 1 2 4 0 3 4 4 0 0 3 1 4 4 0 1 1
2 0 2 1 4 1 3 3 2 1 1 3 1 2 2 2 1 3 2 4 0 3 1 0 4 0 2 3 0 0 1 2 0 3 0 2 4 3 2 3 1 4 1 2 3 0 2 4 1 4 1 1 0 4 1 4 4 0 2 4 1 0 3 3 3 3 0 4 3 3 4 2 4 2 1 2 4 3 3 0 0 1 1 2 1 0 1 2 0 0 4 3 0 2 2 0 3 2 1 1 0 0 0 4 4 2 3 3 2 4 4 4 0 2 1 3 2 2 1 0 2 0 3 4 4 0 4 2 0 0 1 2 2 1 4 1 0 4 2 3 3 1 2 4 3 1 2 3 3 0 3 3 2 1 2 2 4 4 1 1 1 2 3 4 1 4 2 1 4 4 1 2 2 1 1 3 2 1 1 2 3 4 2 1 2 2
0 3 1 1 1 2 1 2 3 2 1 1 0 0 2 2 3 0 0 1 3 2 4 1 1 0 2 4 3 1 1 3 2 2 1 3 1 2 0 0 1 4 1 4 4 0 3 4 0 3 3 0 2 4 3 3 4 0 2 2 4 0 2 1 4 4 1 1 3 2 1 2 1 4 1 2 4 1 2 2 4 2 4 1 1 3 1 3 0 1 2 4 1 0 2 1 1 4 4 4 3 2 3 4 3 1 3 4 2 2 3 1 4 3 4 3 3 1 3 0 2 0 2 0 2 4 3 3 0 2 0 3 1 3 4 4 2 3 1 4 2 4 3 2 2 2 2 2 0 0 3 4 2 2 0 0 3 0 3 4 0 3 2 1 4 4 3 1 4 4 2 1 3 0 0 3 0 4 2 0 4 2 2 4 4 4
4 3 4 2 4 4 3 1 3 4 2 1 2 1 2 4 0 2 2 0 2 2 0 0 4 1 2 1 0 4 0 1 4 2 1 3 1 1 1 4 0 4 2 4 2 4 3 2 2 0 0 4 4 2 1 4 0 4 2 3 0 0 4 4 2 0 4 3 3 0 0 0 1 2 4 4 4 3 3 1 0 3 2 2 2 4 3 3 0 0 1 0 2 0 1 4 3 2 0 3 2 2 4 1 1 3 2 0 1 0 3 4 1 1 1 0 0 4 3 2 1 4 2 4 2 0 0 2 4 2 0 3 4 4 4 1 3 1 3 1 4 2 2 2 3 3 2 0 4 3 2 3 4 1 4 3 3 4 0 2 4 3 0 3 4 2 1 2 0 0 1 4 4 3 3 2 4 3 4 0 1 1 3 2 4 2
1 2 4 1 4 3 1 1 3 1 3 0 3 4 2 1 0 3 2 1 0 3 4 1 3 2 2 4 4 3 3 0 0 2 4 1 2 0 4 1 1 3 3 2 4 2 0 1 0 2 2 2 0 3 3 1 0 2 0 2 0 0 4 2 3 3 3 2 1 2 0 4 2 3 3 3 2 4 0 2 3 4 1 4 3 1 2 0 3 4 2 0 4 2 2 4 2 0 2 0 0 2 0 2 3 3 1 0 2 3 0 1 2 1 2 0 3 4 1 3 0 0 4 4 4 1 4 4 4 1 4 4 0 4 1 3 0 4 4 2 2 4 0 0 2 4 2 2 0 0 1 0 3 0 0 2 3 1 3 2 2 3 1 2 4 0 1 4 1 2 4 4 3 4 1 0 1 0 3 1 1 4 2 4 1 4
3 4 0 2 2 4 0 0 3 1 2 1 1 4 3 0 0 1 1 3 4 4 3 4 1 1 3 0 0 1 4 1 2 1 3 1 0 0 2 0 3 4 2 4 0 2 1 0 1 0 3 0 4 4 4 2 0 4 2 3 2 3 1 4 4 4 1 1 1 0 2 1 1 1 1 2 3 4 2 1 1 3 1 3 2 2 0 4 3 3 4 0 1 0 0 3 1 3 1 4 3 0 1 4 1 4 1 2 3 1 3 2 1 2 0 0 1 0 4 0 0 1 2 4 1 2 2 3 2 3 2 2 4 0 2 2 4 0 1 0 3 0 2 4 4 2 4 0 4 1 2 0 2 0 4 0 4 1 0 2 1 3 4 2 3 3 2 0 1 3 0 4 0 2 1 4 1 2 2 0 0 4 0 4 1 4
0 1 2 0 0 1 0 1 0 1 2 2 1 3 1 1 4 1 0 0 3 1 0 0 1 0 1 4 0 0 3 0 3 3 2 3 1 3 1 1 4 0 4 0 0 2 3 0 0 3 2 3 4 2 0 2 3 2 1 3 4 2 0 2 2 2 0 3 0 3 4 1 4 0 3 4 4 1 1 0 1 4 3 0 3 4 0 1 3 1 1 2 3 3 4 0 1 1 0 3 1 2 0 0 2 3 2 2 2 3 2 3 4 2 1 3 3 1 1 1 4 0 0 0 3 1 2 4 4 3 0 1 0 2 3 4 0 0 3 4 1 0 3 2 0 1 0 3 4 4 2 3 4 2 3 2 4 1 4 0 1 4 1 1 1 0 2 3 2 1 3 0 3 3 3 3 4 0 4 3 4 1 3 3 3 4
1 4 2 2 0 3 1 3 1 4 0 3 4 0 1 4 0 0 2 0 0 3 1 4 3 0 0 4 4 1 3 2 2 0 4 4 3 2 3 1 3 0 1 2 0 3 2 1 3 1 1 0 0 4 0 0 0 0 4 1 3 2 0 1 4 1 2 4 3 0 0 1 1 2 0 3 2 2 4 0 4 3 0 1 4 2 3 1 0 3 2 3 2 4 1 2 0 4 1 0 1 4 3 4 3 4 3 0 3 4 2 4 4 4 0 4 2 1 0 2 4 0 2 3 1 4 2 2 0 4 2 3 0 1 3 3 0 3 3 0 2 0 0 4 4 2 0 1 3 2 0 4 4 3 3 1 4 0 3 4 1 0 4 1 3 2 4 0 0 2 1 0 4 1 1 4 0 1 2 4 0 3 3 0 1 3
1 2 1 1 3 2 3 2 1 2 2 0 4 2 0 0 4 4 3 2 0 4 0 3 3 1 3 3 1 1 2 4 3 3 0 1 2 0 0 3 2 2 1 2 2 3 4 1 2 3 1 0 2 1 0 2 2 3 0 0 4 4 1 2 4 3 0 2 4 0 2 3 3 3 0 0 1 2 3 1 0 4 3 4 3 3 1 2 1 1 0 0 3 1 4 2 2 4 1 1 4 4 4 4 4 2 1 3 4 0 1 1 1 4 0 1 2 1 4 0 4 4 0 2 2 4 2 4 0 3 2 1 2 2 1 4 1 4 2 2 1 3 3 3 2 0 1 1 1 0 1 2 1 3 2 1 2 4 0 4 2 3 0 2 2 3 1 0 3 3 2 4 1 2 4 0 2 1 3 0 3 4 2 2 2 4
3 1 0 0 0 3 3 0 0 2 1 1 2 4 4 1 0 2 3 0 4 2 3 2 4 1 3 2 3 0 3 1 1 4 4 3 4 2 0 4 2 1 2 1 2 3 0 3 0 3 3 1 3 1 0 2 4 3 1 3 3 2 1 1 3 0 1 2 0 1 3 4 3 0 0 0 3 0 3 0 1 3 1 1 4 1 3 4 1 0 4 1 4 2 2 2 0 3 4 0 1 2 4 1 4 1 4 2 4 4 2 2 3 0 3 4 3 1 0 4 3 1 0 2 4 4 4 4 4 0 1 0 4 2 4 3 3 3 0 4 2 4 1 2 4 4 4 2 1 1 1 1 3 3 4 4 2 0 3 1 1 1 4 0 3 3 4 3 1 1 3 0 1 4 0 0 1 1 3 4 2 1 0 2 0 4
1 4 0 1 1 1 2 2 3 2 0 4 1 3 1 1 0 2 0 2 4 3 3 4 2 3 3 3 0 0 2 2 4 4 0 2 2 3 4 3 0 4 2 3 4 3 4 0 2 2 2 2 0 3 3 3 1 1 1 1 1 0 0 1 2 1 0 4 4 0 2 1 1 2 2 1 0 1 1 0 3 0 4 1 0 2 4 1 4 2 3 2 2 0 0 1 1 1 1 2 1 0 1 2 2 3 3 0 4 1 0 0 4 1 1 4 3 2 3 4 4 3 2 3 3 4 0 0 0 3 4 1 3 0 1 3 3 1 0 0 3 0 0 4 3 3 0 1 0 3 3 4 1 2 4 0 1 4 2 2 2 1 0 3 4 1 1 2 3 1 4 3 3 1 4 1 1 4 4 1 3 4 2 1 1 2
3 3 1 0 2 1 4 2 4 3 1 0 2 4 3 4 4 3 0 3 4 2 2 0 0 2 0 0 1 1 2 4 1 0 2 0 1 1 3 0 1 4 2 0 0 2 4 4 0 2 2 1 1 1 2 3 1 4 3 2 2 0 1 1 3 3 1 4 1 1 2 2 0 1 0 2 4 1 1 1 3 0 3 1 2 2 0 3 1 3 2 0 1 3 1 4 4 0 3 0 1 2 0 4 4 0 1 0 1 3 1 2 0 1 3 4 3 0 4 1 1 1 2 2 0 0 1 4 0 1 1 2 1 1 1 0 1 4 2 3 4 3 2 0 2 2 4 0 3 4 2 4 2 1 3 2 3 4 3 4 2 0 3 3 3 1 0 0 0 2 0 0 3 2 0 0 1 1 2 1 2 4 2 0 2 0
4 1 1 3 2 4 0 0 4 3 1 0 0 1 4 2 1 2 4 3 4 3 2 2 4 4 3 2 1 3 4 1 4 1 1 1 0 3 3 4 1 4 1 4 2 1 1 1 0 3 4 0 1 3 4 2 0 4 1 1 2 1 2 3 2 3 1 4 1 4 0 0 3 2 4 3 3 2 4 0 0 0 2 3 4 1 1 4 1 2 0 3 0 3 4 2 3 0 3 0 0 4 2 0 1 1 3 1 0 2 3 1 3 1 1 4 2 4 3 0 4 0 1 4 0 0 2 4 0 0 1 2 1 3 3 4 1 3 0 1 3 1 4 3 2 1 4 4 0 2 0 4 4 1 4 0 3 3 1 3 0 2 3 4 0 3 3 1 1 1 4 1 2 4 4 4 0 0 0 0 4 2 2 4 3 3
1 3 3 2 2 3 1 0 4 3 3 3 1 1 4 0 0 1 4 1 2 4 2 2 2 1 0 1 0 0 4 3 4 2 2 3 2 3 0 2 1 0 0 2 3 1 0 3 4 4 0 1 1 2 3 3 3 0 4 1 1 0 4 2 2 2 2 1 2 2 3 1 2 0 3 0 1 0 1 0 0 1 3 1 3 4 1 3 4 2 1 2 4 1 1 1 0 3 4 4 0 3 0 4 0 4 2 4 1 3 1 1 4 0 4 4 4 2 4 0 1 1 0 0 4 3 3 1 2 3 0 4 3 1 1 3 2 3 2 3 3 4 2 4 4 3 3 0 1 4 2 4 0 4 0 1 3 0 2 2 3 3 1 1 1 4 2 3 2 4 1 2 0 0 1 1 4 1 3 0 1 1 4 3 0 1
0 0 2 2 2 2 2 1 1 3 0 3 1 0 4 0 2 0 0 4 3 4 0 2 1 1 3 3 0 0 1 2 1 0 4 0 3 4 1 4 2 2 4 1 2 0 3 4 2 3 3 1 0 1 3 3 4 3 1 1 3 3 3 1 0 3 2 3 2 3 4 1 0 0 4 2 1 2 4 3 3 4 1 3 0 4 1 0 2 0 1 3 0 0 4 0 0 3 1 4 2 0 2 4 1 2 4 4 4 3 4 2 2 1 2 0 0 1 2 0 1 3 3 3 0 4 3 2 3 4 3 0 2 1 4 0 0 3 4 4 3 0 4 3 1 1 3 4 2 0 4 0 0 2 3 3 1 4 2 1 0 1 1 2 2 3 4 2 3 3 3 2 4 4 2 2 1 0 1 0 2 0 3 2 4 3
2 3 4 0 4 0 3 3 4 2 1 4 1 1 4 4 3 3 4 0 3 2 2 4 4 4 2 4 4 3 3 3 1 2 3 3 4 3 1 4 0 4 3 1 0 2 1 1 3 2 3 1 1 1 2 0 2 4 2 3 3 0 2 1 4 2 4 4 1 2 3 1 1 1 3 4 0 1 0 3 0 3 1 3 1 1 0 1 0 2 4 0 2 3 4 2 1 0 3 4 0 1 2 3 4 0 2 1 3 2 0 0 3 3 3 1 4 4 2 2 1 4 4 1 2 0 0 0 1 3 4 3 1 2 1 0 4 4 1 0 3 3 0 3 4 1 0 0 2 4 2 0 3 4 1 1 4 3 1 2 1 1 2 2 0 4 4 4 0 3 4 3 3 2 2 2 3 4 3 2 3 2 2 2 3 4
0 0 4 1 4 1 4 2 0 1 1 2 1 3 0 2 1 0 1 0 3 1 1 3 3 0 2 1 4 1 2 4 1 1 2 0 4 4 4 2 0 2 4 3 0 1 3 2 1 4 4 1 1 1 4 4 3 2 0 4 0 2 3 1 1 2 3 0 3 3 2 4 2 3 4 3 1 2 2 3 4 1 1 0 4 3 1 2 2 2 1 2 1 1 0 4 1 3 0 4 3 4 0 1 3 2 1 4 1 3 4 0 4 1 0 1 4 2 0 3 1 4 0 4 0 0 4 3 0 4 0 1 0 0 4 0 2 0 0 1 3 1 1 4 4 4 0 0 1 3 3 4 2 3 3 4 0 2 3 1 3 3 4 1 0 3 1 0 0 1 1 3 0 2 4 4 1 2 0 4 0 0 0 2 4 4
1 4 3 1 2 4 1 1 0 2 1 1 2 1 0 0 1 2 4 1 1 1 3 3 2 3 4 3 2 0 4 3 1 2 2 4 3 3 2 3 0 1 2 4 2 2 1 1 4 1 2 2 2 2 3 1 2 2 4 4 4 0 4 0 3 1 4 3 0 4 2 2 0 1 4 4 0 0 0 1 1 4 0 0 3 3 4 0 2 3 1 1 4 1 2 4 4 3 4 1 2 1 4 4 4 0 4 4 0 1 0 4 3 1 1 3 1 0 4 4 1 2 0 2 0 2 3 0 1 2 1 0 1 0 0 0 0 1 2 3 2 4 4 2 2 0 1 4 3 2 3 4 4 0 1 0 0 1 0 3 3 3 3 4 4 0 2 1 1 4 1 1 3 0 3 1 3 4 2 1 3 2 2 3 2 3
0 2 1 2 0 4 0 1 1 1 1 3 0 3 4 3 4 4 1 2 2 4 4 4 2 2 1 4 2 1 4 4 3 0 1 1 1 4 2 2 0 3 2 2 1 3 1 2 3 4 2 0 3 1 2 2 0 3 1 0 4 2 4 0 2 3 1 3 2 0 3 4 3 2 4 2 1 2 4 4 1 1 1 1 4 3 3 2 4 1 2 0 3 3 0 0 3 3 0 2 3 0 4 4 3 3 1 4 2 2 0 3 1 1 4 2 0 4 4 4 0 3 1 3 4 2 0 2 2 2 2 1 3 1 0 3 1 3 4 3 0 4 1 1 0 2 4 2 3 0 3 3 1 0 3 0 4 0 4 1 2 1 2 2 2 4 2 3 2 1 3 0 0 1 3 3 0 4 0 3 0 4 3 1 1 1
3 0 1 2 1 1 4 1 0 3 0 3 4 0 4 2 0 2 4 3 0 4 3 2 0 0 3 3 3 4 0 1 4 3 3 1 1 4 2 2 3 4 2 4 1 3 1 1 0 2 2 2 4 2 2 4 2 0 4 0 0 4 1 1 0 1 2 3 3 1 0 3 3 4 2 4 3 0 3 0 3 0 3 4 2 0 0 4 2 4 1 2 1 4 4 1 2 3 1 0 2 2 0 0 3 2 1 1 0 4 4 3 1 2 4 3 4 4 4 3 3 2 1 4 1 2 2 1 2 4 3 4 3 4 1 1 3 0 0 3 4 4 3 3 3 2 1 4 1 3 2 2 2 0 1 1 4 1 2 2 0 0 3 0 1 0 1 0 2 3 3 3 4 2 1 2 1 0 3 3 3 1 2 2 3 3
3 3 1 0 2 1 3 0 3 4 2 2 4 4 0 0 3 0 2 4 4 3 4 3 3 4 1 0 2 1 1 2 4 2 3 1 1 3 4 1 2 1 3 4 1 4 4 4 1 3 0 2 3 0 0 4 1 3 4 0 0 2 3 1 2 3 0 0 1 4 1 0 2 0 4 3 1 0 4 4 3 0 1 2 2 4 3 0 2 2 1 4 2 4 3 1 2 0 3 0 1 4 0 3 1 2 4 4 2 3 3 3 0 2 2 4 1 0 0 3 4 1 0 3 2 3 4 1 0 2 1 1 4 3 4 2 2 3 4 2 4 2 0 1 4 4 1 2 4 3 1 0 1 3 4 3 3 3 4 3 3 2 4 4 2 0 1 2 1 0 4 0 0 1 3 1 0 1 4 1 4 2 1 0 0 0
3 0 1 4 0 4 3 1 3 3 1 1 0 2 4 4 4 4 0 0 2 2 1 1 3 1 3 4 1 0 0 2 2 3 3 2 2 2 3 2 0 0 0 2 4 4 1 1 0 3 1 3 0 2 4 0 0 0 4 4 2 1 1 0 4 4 2 3 3 3 2 0 0 3 2 1 2 0 2 3 0 0 1 2 0 2 2 0 2 2 4 2 0 2 2 2 4 1 0 4 1 3 0 1 1 4 3 0 2 2 0 2 3 1 0 3 4 2 0 3 1 2 0 4 1 4 1 0 3 1 0 4 1 2 1 2 3 4 0 0 1 0 3 1 4 0 1 0 2 2 3 1 1 1 0 2 0 1 3 3 4 0 0 1 2 1 0 0 2 0 3 3 3 1 0 2 3 3 2 2 0 2 3 1 0 0
4 3 1 4 3 3 4 3 4 3 4 1 0 1 2 3 2 2 1 4 4 4 2 3 2 3 2 2 1 3 3 2 1 1 3 4 4 4 3 0 2 4 2 0 3 1 3 0 3 0 4 4 1 3 4 3 1 1 3 0 4 1 4 2 4 3 4 4 2 4 1 2 3 3 2 1 1 2 3 4 4 2 0 1 1 4 1 4 1 4 1 2 0 1 0 0 1 4 1 0 0 2 4 3 3 1 2 4 4 0 1 0 0 1 1 3 3 3 2 4 2 1 3 3 4 0 0 0 1 1 2 1 0 2 0 3 0 4 0 1 4 1 2 4 4 3 2 2 1 2 3 1 0 2 4 4 2 1 1 1 4 3 2 4 2 2 0 3 1 0 4 3 3 1 4 2 0 2 2 3 1 0 4 1 4 0
2 4 1 3 0 0 3 2 2 1 2 4 4 0 4 0 3 4 2 3 1 4 2 3 2 0 1 4 3 0 4 0 4 3 0 4 0 0 4 2 3 1 1 2 1 2 0 2 1 2 2 0 1 1 3 0 3 1 4 1 2 4 3 1 2 0 3 2 0 2 2 4 3 0 3 1 0 0 3 3 2 2 3 0 3 4 1 1 0 2 4 2 3 2 1 0 4 4 0 2 1 4 1 1 1 1 2 1 2 3 0 1 0 0 2 1 4 0 2 0 4 2 4 3 1 0 3 1 1 0 3 2 1 1 0 3 4 3 1 3 1 1 0 3 2 4 4 3 1 4 0 0 3 0 3 4 2 4 2 1 1 2 0 0 0 1 3 2 4 1 0 2 3 2 0 2 3 2 2 1 1 3 2 4 0 2
0 4 3 0 0 2 2 1 2 0 2 0 2 3 3 4 2 3 4 4 0 4 1 0 1 2 3 0 3 0 4 1 4 3 1 2 0 0 0 2 0 2 4 4 2 2 1 4 1 0 3 3 4 2 3 2 1 3 2 0 0 2 1 2 2 4 4 4 4 4 1 2 3 2 1 0 4 2 1 2 4 1 3 1 3 1 3 0 2 3 0 2 2 3 4 1 2 0 0 1 1 3 3 4 0 2 1 1 1 2 4 3 4 4 4 2 0 4 4 4 4 4 4 1 4 0 2 1 1 4 0 2 2 0 4 2 4 0 1 1 0 2 4 1 1 0 3 3 4 3 3 4 4 2 2 1 4 2 4 2 1 4 0 4 2 1 3 1 3 4 4 3 1 3 4 4 0 0 3 0 0 1 1 1 0 3
2 1 2 2 4 4 3 1 0 0 2 3 4 0 0 3 4 3 4 0 3 4 0 1 1 2 4 4 4 1 0 1 2 2 0 1 3 4 2 3 1 4 4 2 2 1 1 1 4 2 3 2 3 1 0 2 3 4 1 2 0 3 1 0 1 3 1 1 2 4 0 1 0 1 3 2 2 1 0 3 0 4 1 4 0 3 3 0 0 4 3 0 0 1 0 1 4 4 4 4 3 4 0 3 2 0 1 1 4 1 0 4 2 1 0 2 1 3 3 1 0 3 4 0 1 1 3 2 0 2 1 3 4 3 4 1 1 2 3 0 3 3 4 3 1 2 0 4 0 0 1 0 0 0 2 1 1 0 4 4 3 2 2 4 1 3 2 4 0 0 4 1 0 0 4 3 2 1 3 3 4 1 0 4 1 3
3 4 0 2 3 0 1 3 4 4 1 2 3 4 4 2 0 2 0 1 2 2 2 0 2 1 3 0 3 4 0 1 1 0 0 4 1 1 4 2 1 3 4 1 2 1 1 4 3 1 0 0 0 4 3 0 3 1 0 3 3 0 4 1 0 1 2 3 2 2 1 0 0 0 4 2 3 0 3 1 3 0 4 3 4 4 3 4 0 0 2 0 0 3 3 3 4 1 1 4 3 2 4 0 0 3 2 3 0 2 2 3 2 1 4 3 0 4 3 2 0 2 0 0 1 3 0 2 4 2 1 4 1 3 4 3 3 3 4 4 0 1 4 2 4 3 1 4 3 1 3 3 0 3 0 1 4 1 1 3 0 2 0 1 0 4 2 4 3 1 0 3 2 4 3 1 3 1 2 1 2 2 1 4 3 1
3 2 4 4 2 4 1 2 3 4 2 0 3 2 1 0 2 0 4 0 3 2 1 2 0 0 4 1 2 2 0 0 1 4 4 4 4 2 1 4 1 0 4 1 2 2 1 0 4 1 2 4 0 1 1 1 3 2 4 0 2 1 0 3 1 1 2 2 4 1 1 0 3 2 2 3 1 0 0 0 3 2 4 4 0 0 2 1 4 3 1 1 0 4 0 3 0 4 0 4 2 3 2 1 0 1 4 1 1 4 3 0 3 2 1 1 4 3 2 3 3 0 0 3 4 2 1 2 1 3 3 4 1 0 2 3 3 1 1 0 2 4 2 2 3 3 3 2 3 2 3 3 3 0 2 4 2 0 1 0 4 0 1 2 2 3 3 1 1 4 3 0 1 2 3 4 2 3 4 2 1 2 0 1 2 2
0 1 0 2 3 1 4 0 3 1 0 3 4 4 3 4 4 1 1 4 0 3 0 4 0 3 1 1 4 0 0 4 3 0 1 2 1 2 4 2 1 4 0 0 0 0 2 2 1 3 3 2 4 3 3 1 1 2 2 2 2 0 2 3 2 0 0 4 3 4 3 1 0 3 1 3 4 0 0 2 4 3 1 0 4 0 1 0 2 1 0 1 3 2 4 0 4 4 1 4 0 4 0 3 0 2 1 1 4 1 3 0 1 0 0 0 0 4 3 4 0 3 0 0 2 2 0 1 3 2 1 4 3 1 2 3 0 0 4 0 3 0 2 4 0 3 0 2 2 0 3 4 3 0 4 2 2 1 0 1 0 1 2 4 0 1 4 2 1 4 4 4 1 2 0 3 2 0 2 1 2 0 0 2 0 1
4 0 4 0 1 0 3 0 1 3 1 0 3 2 1 2 3 2 4 3 0 1 1 2 2 3 4 4 1 0 2 0 0 4 2 3 4 1 3 2 1 4 2 4 3 4 2 3 1 3 1 4 2 4 3 1 3 3 3 1 0 0 3 0 1 1 0 2 2 3 4 3 4 2 0 4 1 2 2 4 0 0 3 4 0 2 1 3 2 4 4 2 1 2 2 3 0 4 0 2 4 0 3 3 4 0 2 0 2 1 1 4 1 2 4 1 1 0 4 3 4 0 0 0 0 4 0 0 3 1 0 2 3 0 2 2 0 1 4 2 2 0 3 3 4 4 2 0 4 3 3 0 4 3 3 1 2 3 1 2 1 1 1 4 1 3 3 1 4 4 0 3 0 4 4 4 0 1 0 0 4 0 2 0 4 2
3 3 1 0 3 4 3 4 1 2 3 4 0 4 4 1 3 1 2 2 2 2 0 4 4 1 0 2 4 1 1 2 1 2 2 4 4 3 4 0 0 4 1 0 3 2 3 3 3 0 2 3 0 2 2 4 4 4 3 3 2 0 2 4 4 0 0 3 0 4 0 0 0 2 0 1 4 1 1 0 1 4 3 1 3 2 3 4 4 3 4 3 0 2 2 0 4 0 0 4 4 1 1 2 0 3 3 1 4 4 1 1 0 1 4 4 1 4 3 2 3 3 0 3 2 0 0 1 0 1 2 1 4 3 3 1 1 3 2 1 0 1 2 0 4 3 1 0 0 2 2 3 2 3 3 4 3 4 2 0 2 4 1 3 2 0 4 3 0 3 4 0 4 3 3 4 4 1 1 4 3 4 4 0 4 2
1 4 3 3 4 0 2 2 3 4 4 4 0 0 3 4 2 4 0 0 0 4 2 2 0 0 3 4 3 4 1 4 0 2 0 1 2 4 3 3 4 3 4 1 3 4 2 0 4 2 3 4 3 0 1 3 2 1 4 2 0 3 4 0 0 4 1 4 3 0 4 4 3 4 2 3 3 0 0 2 4 3 4 3 0 0 3 0 4 0 2 4 3 3 0 3 4 1 2 0 3 2 4 3 3 2 1 1 4 2 1 3 2 0 3 3 2 2 3 1 2 2 1 2 1 3 0 0 1 4 0 0 3 2 3 1 1 0 0 0 4 1 0 1 3 4 1 0 3 4 4 2 4 2 4 0 0 1 2 1 2 3 1 1 2 2 4 0 4 4 2 3 0 2 1 3 1 3 1 4 4 0 1 3 2 2
0 4 3 3 0 1 3 4 4 2 1 3 2 2 3 4 0 0 3 3 1 0 3 2 1 0 4 0 3 3 4 1 2 3 4 4 1 2 0 0 1 3 3 3 0 3 4 2 4 2 3 0 4 1 4 1 1 3 3 2 3 2 3 0 2 4 1 3 3 4 0 4 2 1 2 0 4 1 2 0 0 2 2 0 4 1 3 2 1 1 1 4 0 4 1 3 0 3 1 3 4 4 2 1 0 1 3 1 4 3 2 0 0 4 0 4 3 3 4 4 1 0 4 1 2 0 4 2 0 3 1 4 2 0 3 4 2 1 0 1 4 4 1 0 4 3 1 4 3 2 3 1 3 2 3 2 0 4 1 0 4 4 2 3 0 0 2 2 3 0 0 3 4 4 0 0 2 3 4 3 1 3 4 4 2 2
3 2 4 4 0 3 1 4 4 1 1 3 0 4 3 2 4 3 1 4 0 1 3 0 4 4 0 3 0 4 3 0 4 4 1 1 2 2 0 3 3 1 2 0 0 0 3 2 0 1 1 1 2 1 3 1 2 0 2 2 4 0 4 3 4 1 4 3 3 1 2 4 2 4 1 0 1 4 2 2 1 0 0 0 2 0 2 4 0 4 4 1 1 3 0 2 1 1 0 0 3 4 1 2 0 2 4 4 4 1 3 2 4 3 2 1 3 1 2 0 2 3 1 0 4 3 2 0 0 0 2 0 1 0 2 4 0 4 3 4 0 1 3 1 4 2 4 4 4 2 1 3 2 2 4 1 3 3 4 3 0 3 0 2 4 4 1 4 3 1 0 1 2 3 2 3 0 2 4 1 1 0 2 3 4 3
2 2 1 3 2 4 1 2 1 2 4 4 1 2 2 1 3 4 1 3 4 4 0 3 2 1 0 4 1 1 2 3 1 1 1 3 0 0 3 3 2 2 4 4 1 1 2 2 2 1 0 1 0 0 1 2 3 3 4 4 4 3 3 0 4 1 1 1 1 1 4 4 3 0 0 1 1 4 3 0 0 3 3 2 0 4 2 3 4 1 3 4 4 3 1 1 1 4 2 3 0 4 4 0 4 1 2 1 0 0 3 3 1 2 0 1 1 2 0 3 0 0 4 2 0 0 3 1 0 2 1 2 1 0 3 1 3 2 4 4 2 2 2 0 4 2 2 3 2 4 1 4 1 0 1 1 2 1 2 4 4 4 2 0 1 2 3 0 4 2 1 3 2 3 4 1 2 3 1 1 4 4 1 0 4 2
1 4 4 0 0 0 4 2 0 1 1 1 3 0 3 4 1 2 4 0 4 1 0 2 0 4 2 1 1 3 0 2 2 1 2 3 1 4 2 4 2 1 0 0 1 0 1 2 3 0 4 4 3 1 1 3 0 0 4 1 4 2 0 3 3 0 3 0 1 1 4 3 2 1 3 0 1 1 0 1 1 1 0 4 3 4 3 0 4 4 4 3 1 1 2 0 1 0 2 2 3 1 2 2 2 2 0 0 3 0 2 4 3 2 4 1 3 4 2 3 0 3 1 2 4 0 4 3 3 1 0 3 4 0 1 3 2 1 3 1 3 0 0 1 0 1 0 3 2 4 3 3 2 0 0 1 2 1 4 2 4 2 1 0 2 2 3 1 0 3 2 0 1 0 1 1 1 1 1 4 0 0 4 4 2 1
1 1 2 2 4 3 1 0 3 0 4 1 2 1 4 4 1 2 4 2 0 3 1 2 4 3 4 3 3 3 4 1 4 3 0 0 1 2 2 1 2 1 2 1 2 3 3 3 1 4 3 1 2 1 0 3 4 1 3 4 4 4 0 1 2 1 1 0 0 4 1 4 2 0 1 0 1 4 0 2 3 0 0 3 1 3 3 3 4 2 2 4 1 0 0 1 3 1 3 3 2 0 2 0 2 0 2 3 1 2 2 2 0 3 2 3 1 0 1 2 4 1 1 3 3 3 4 1 0 4 4 4 1 3 4 4 1 1 2 2 1 0 1 3 0 3 1 3 1 0 0 0 1 2 3 4 2 4 0 4 4 1 4 0 1 3 4 2 2 4 2 0 1 0 3 1 4 4 1 0 4 1 0 2 0 1
3 3 0 0 2 4 1 1 0 0 2 1 4 4 2 3 1 3 4 4 4 3 3 0 0 0 4 2 2 4 3 1 4 4 1 2 0 0 0 2 2 4 4 1 3 3 0 1 2 1 0 3 1 4 1 1 4 0 0 3 1 4 4 1 0 3 0 0 0 0 3 2 0 4 0 0 2 2 2 1 3 2 0 4 3 1 2 4 1 3 3 2 4 4 0 4 2 0 1 4 3 4 1 0 0 2 2 0 1 4 1 0 4 1 1 4 2 1 4 0 1 2 3 0 1 0 1 1 1 2 0 1 4 4 1 1 3 3 1 4 0 0 1 1 1 0 0 1 1 1 1 4 0 1 4 4 2 2 0 0 4 2 3 0 3 4 2 1 4 3 3 4 0 4 2 4 4 0 0 2 1 3 1 2 2 2
1 1 4 3 1 1 2 4 1 1 0 3 4 4 4 2 1 4 2 0 3 3 0 0 3 2 4 1 1 3 4 4 4 0 4 0 1 1 1 3 4 3 3 4 4 2 1 2 4 0 3 4 1 3 0 4 2 1 0 0 4 4 4 3 2 0 0 3 4 3 3 3 3 4 4 2 3 3 0 2 3 3 4 4 3 1 3 1 2 1 1 3 0 3 3 4 0 0 3 4 3 3 0 3 4 4 0 3 2 0 2 3 0 1 2 4 2 3 2 1 4 0 4 1 0 4 1 1 4 1 0 4 1 0 2 1 0 3 4 4 0 1 2 3 0 0 2 2 0 1 1 4 1 0 0 2 2 3 3 1 4 3 1 1 1 0 4 3 0 3 2 1 1 0 1 3 2 3 1 2 1 4 3 2 4 0
1 1 4 1 0 3 0 3 1 3 3 0 1 4 0 3 2 4 0 3 2 2 3 0 1 4 4 4 3 1 2 2 4 1 3 4 1 0 4 0 3 3 2 4 4 0 0 1 4 0 1 3 0 1 1 1 2 0 3 2 3 0 4 0 3 3 1 4 3 1 4 4 4 4 3 0 4 3 1 3 4 4 3 1 2 4 2 4 2 2 1 0 4 3 2 2 1 4 4 1 0 0 0 1 4 1 1 3 1 4 3 2 3 2 3 0 1 1 1 0 0 2 3 0 0 0 4 3 4 3 2 1 1 4 2 0 0 3 1 2 4 4 4 2 3 3 4 2 1 2 2 3 2 0 0 2 3 0 3 2 0 0 1 1 4 3 4 2 4 0 1 3 1 0 3 0 0 4 2 3 2 4 2 4 2 4
3 0 4 3 4 0 3 0 3 0 1 2 4 2 4 0 0 1 2 0 1 0 0 3 3 2 4 2 3 3 2 1 3 3 0 0 0 0 2 4 2 3 3 1 2 3 3 3 4 1 3 0 1 0 0 4 4 1 4 2 0 1 1 0 1 1 0 2 3 0 1 3 0 1 4 3 4 0 3 0 1 1 2 2 4 2 3 3 1 4 1 1 2 2 3 4 0 1 1 0 1 4 3 1 0 0 4 0 0 2 0 3 1 3 0 0 2 0 3 3 0 1 1 4 0 0 3 2 1 4 3 2 0 3 0 1 0 2 3 0 4 0 3 2 0 0 4 0 3 0 0 0 3 2 4 4 4 3 1 0 4 1 4 2 2 1 3 2 3 3 0 0 3 0 2 1 1 4 1 1 4 1 1 2 0 0
3 4 0 2 1 2 3 0 4 2 2 4 2 2 4 2 2 2 2 2 0 0 1 1 3 0 0 4 4 0 2 3 0 4 0 1 3 0 4 4 0 3 3 2 0 2 4 3 2 3 0 2 1 3 1 4 0 1 4 4 1 3 4 3 2 1 2 3 2 1 2 2 1 3 4 1 2 0 1 4 3 3 4 4 1 0 4 1 3 0 3 1 3 2 0 2 4 2 0 3 0 3 2 1 3 3 2 0 3 1 0 3 4 1 0 1 3 1 4 1 1 2 4 1 2 4 0 3 3 1 1 3 1 0 4 1 3 4 1 1 0 3 1 1 4 1 2 4 2 4 2 0 1 2 1 0 1 4 3 2 2 1 0 0 1 2 1 4 3 2 2 0 1 4 1 2 2 4 2 2 0 4 2 3 3 1
4 2 0 2 4 2 1 1 2 2 3 3 2 1 2 1 1 3 0 3 1 0 4 0 2 4 1 1 2 0 2 3 2 2 3 3 1 4 4 0 1 3 0 0 1 3 2 0 1 4 0 4 4 1 1 3 0 3 0 4 0 2 0 2 2 3 2 0 2 1 1 0 4 1 1 3 4 0 3 3 4 0 2 1 1 4 4 3 4 1 4 4 1 4 3 0 2 0 0 1 1 3 2 3 0 0 1 1 0 1 4 4 1 4 2 2 3 4 0 4 0 4 3 1 1 1 1 3 1 4 0 4 2 4 2 2 4 0 1 4 1 0 0 4 4 3 1 4 2 3 0 4 0 3 1 1 1 4 4 4 0 1 4 3 0 3 2 1 4 3 0 2 1 1 2 2 1 3 4 3 4 4 2 4 0 0
0 1 2 1 3 4 0 2 4 2 2 2 4 1 2 1 4 0 4 1 0 2 1 4 0 0 0 0 1 0 2 3 4 1 2 2 3 2 1 2 1 3 1 2 0 4 1 1 1 0 4 1 3 0 2 0 3 3 2 4 0 2 0 4 0 2 1 3 1 2 1 4 3 2 2 0 3 3 1 0 0 0 3 0 2 1 3 0 4 2 2 1 4 4 1 0 1 4 3 4 2 1 3 2 4 2 2 2 2 3 4 3 0 3 0 2 1 3 0 2 3 4 3 2 3 4 4 1 4 0 0 3 1 0 0 2 0 4 2 2 2 1 2 4 1 3 3 2 3 3 1 1 4 0 1 2 1 0 0 2 0 2 0 2 0 2 1 0 1 3 2 0 0 0 4 3 0 3 3 0 3 4 4 3 4 2
2 3 2 0 0 0 2 3 4 2 0 0 2 4 4 2 4 4 4 1 4 1 1 2 3 4 2 2 4 3 4 4 1 4 4 2 4 1 0 3 1 2 0 0 3 4 4 3 0 3 1 0 4 2 2 0 3 4 2 3 0 4 2 1 0 1 0 4 4 2 4 2 0 4 3 3 1 4 3 1 3 4 1 4 3 1 4 2 2 4 0 2 0 4 1 0 0 1 4 1 4 0 4 1 1 4 1 2 3 0 4 3 1 2 3 2 0 4 4 3 0 1 2 0 0 3 0 2 0 1 3 1 1 4 4 3 3 0 2 4 2 1 2 1 1 2 3 1 4 2 1 4 3 4 0 0 2 0 2 4 4 0 2 0 2 1 0 0 4 3 1 1 1 4 2 2 3 0 1 2 4 4 2 2 3 4
2 3 1 1 4 0 2 2 3 1 0 3 1 4 1 0 1 3 4 3 2 2 1 0 2 0 0 1 0 3 0 4 3 3 1 3 1 0 0 4 1 0 2 4 2 4 4 3 4 0 3 3 0 1 4 2 2 4 0 4 4 2 3 3 0 1 1 1 1 3 2 4 0 0 1 2 1 0 2 0 3 3 3 3 4 4 2 3 3 2 2 0 4 3 3 1 4 1 0 3 1 2 4 3 2 0 3 0 3 0 2 1 3 3 4 3 2 3 1 3 0 1 3 1 4 3 4 0 4 4 3 2 4 3 0 3 3 0 4 1 1 1 4 1 1 3 1 4 1 0 2 3 1 2 1 0 0 1 0 1 2 1 3 1 1 0 0 1 1 1 0 4 4 4 0 1 0 2 2 3 2 1 2 0 3 0
2 3 3 4 1 1 0 1 4 1 3 1 0 4 2 0 0 4 4 3 0 4 2 2 0 1 3 2 1 3 4 3 3 3 2 4 4 0 0 3 3 3 2 3 0 4 3 0 3 0 0 0 1 2 4 1 3 4 0 1 2 0 4 0 3 4 4 4 1 4 4 4 0 1 3 0 3 3 0 3 0 3 4 2 0 3 3 1 0 4 2 2 1 4 3 1 0 4 2 1 1 3 0 1 0 0 1 0 1 3 3 1 1 4 3 2 0 4 3 0 0 2 2 1 1 2 4 1 2 1 4 3 4 0 1 1 2 2 3 0 0 4 2 4 0 2 1 0 1 1 2 3 0 0 1 4 4 0 0 3 3 2 3 0 2 4 3 1 1 2 2 4 3 1 3 3 3 1 4 2 4 1 0 4 3 2
0 0 4 1 3 0 3 4 0 2 0 3 0 2 2 4 3 0 0 3 1 4 1 0 3 0 3 0 1 4 2 2 1 4 0 1 4 0 0 1 4 1 1 4 0 4 1 0 1 1 3 2 2 4 4 0 1 0 1 2 1 0 1 2 1 3 3 2 3 1 3 4 4 0 1 4 1 2 1 4 3 4 4 3 0 0 0 1 0 1 0 3 4 4 2 2 2 1 0 3 4 3 2 3 0 3 4 1 0 0 1 1 1 0 4 1 2 1 2 3 3 4 3 4 3 1 3 1 4 3 1 0 4 3 3 4 4 4 1 1 4 4 4 2 1 0 3 3 2 2 3 2 1 4 3 0 0 1 3 1 0 1 1 4 4 4 3 0 0 1 2 1 2 3 3 0 4 1 4 1 3 4 3 1 3 1
1 0 2 1 1 4 2 2 3 4 3 4 4 3 2 3 4 0 4 2 2 3 0 1 4 3 3 4 0 3 2 3 4 1 2 0 1 1 0 1 0 3 2 2 2 0 2 3 2 1 1 4 1 1 3 2 2 3 1 4 1 0 4 2 2 1 0 0 3 0 3 0 0 1 4 2 3 2 3 2 0 1 3 2 4 1 4 1 1 3 2 3 3 2 2 2 3 2 2 3 2 3 4 3 4 3 2 4 2 0 1 3 3 4 2 3 3 1 1 4 1 4 4 0 1 4 4 1 1 2 0 1 2 4 4 1 4 3 2 2 1 3 2 4 4 4 4 4 2 1 4 4 0 0 1 3 4 0 4 3 4 4 4 1 0 0 4 0 3 1 4 1 4 1 3 1 2 2 0 4 3 1 0 0 2 1
3 3 2 3 1 1 4 2 0 0 2 4 0 3 1 4 4 2 2 4 3 4 2 4 0 2 0 1 0 4 2 3 3 1 3 1 0 3 4 0 3 3 1 0 1 2 1 3 0 3 2 3 4 1 2 4 4 0 2 4 4 2 4 2 3 0 1 0 3 2 2 3 0 4 3 2 3 1 2 3 1 4 4 0 1 1 1 2 1 1 3 1 3 4 0 3 4 3 4 2 0 3 2 1 2 0 0 1 1 2 1 4 1 0 4 4 4 3 3 0 4 1 3 4 1 1 2 2 4 3 0 0 2 2 3 1 0 3 4 3 2 3 3 0 3 4 0 2 4 0 0 3 2 0 4 0 1 2 2 3 0 4 0 4 4 3 3 1 3 2 1 2 0 1 2 1 1 4 3 2 0 0 3 4 1 2
1 4 4 0 2 2 2 4 1 1 4 4 4 2 4 0 1 1 2 4 2 0 0 3 2 2 3 0 3 4 3 4 1 4 0 0 1 2 0 0 0 4 1 1 4 0 1 0 2 0 1 1 0 4 4 0 1 3 2 2 4 0 1 0 2 3 1 3 2 3 3 4 2 2 0 1 2 4 4 1 4 2 3 2 1 2 2 0 2 4 2 2 2 3 4 4 4 2 4 3 0 0 3 0 2 3 3 1 2 2 3 4 0 3 1 3 0 0 3 3 4 2 2 3 1 1 4 2 1 4 0 1 4 3 1 3 4 0 4 3 4 4 4 1 2 0 0 3 0 0 3 2 3 2 2 1 0 2 3 1 3 0 3 4 1 1 2 2 1 1 0 3 1 0 4 0 2 4 3 0 2 3 4 0 2 1
1 3 0 1 4 3 3 4 2 4 1 4 1 4 3 4 2 1 4 2 1 3 3 2 3 2 2 2 2 0 1 0 0 1 3 4 0 2 1 2 1 2 4 0 3 4 4 1 2 0 0 0 3 0 2 2 3 2 1 2 2 2 3 4 4 3 3 4 0 1 3 4 3 4 4 4 0 3 2 2 3 4 3 3 4 2 0 4 4 2 4 3 1 4 2 0 2 3 1 3 1 2 4 0 3 3 1 1 3 3 0 3 2 3 1 3 3 4 3 4 3 2 0 4 1 4 2 0 4 3 3 1 2 2 3 3 2 4 4 2 2 4 0 4 0 2 4 3 1 2 4 4 1 4 0 4 4 2 0 3 3 0 4 0 0 2 3 2 3 2 0 0 4 0 1 4 4 1 2 2 0 1 3 2 3 4
1 2 3 3 2 1 4 4 2 4 3 2 3 2 2 3 2 1 1 1 0 2 2 4 0 2 2 0 1 0 4 0 4 3 3 4 1 4 0 0 3 3 3 2 0 2 2 0 0 0 1 0 0 0 1 2 4 0 2 1 1 4 3 2 2 1 3 0 1 3 1 1 2 1 0 4 3 0 4 3 0 2 0 2 2 1 4 2 1 2 0 4 1 3 4 0 1 4 0 4 3 1 1 2 2 3 1 2 3 3 0 1 2 0 3 2 3 0 1 2 2 1 3 0 1 2 0 2 2 0 4 2 4 0 4 3 0 2 1 1 2 3 2 0 1 2 2 4 2 3 3 1 1 2 1 2 1 1 1 0 4 0 4 0 2 0 3 3 3 1 1 2 0 3 2 1 2 1 2 2 1 1 3 4 0 0
3 3 3 0 4 4 2 3 4 0 4 0 0 4 1 1 3 3 1 3 1 0 4 4 4 3 2 3 4 2 0 3 2 0 0 1 0 2 2 1 4 3 3 1 4 2 4 2 0 2 0 2 3 2 3 2 2 0 2 1 4 4 4 1 0 4 0 2 4 4 3 3 2 2 0 3 4 4 0 1 2 3 3 2 0 3 1 2 3 4 0 4 0 0 1 0 1 3 2 0 2 3 4 1 0 1 4 1 0 1 4 4 4 3 3 1 1 0 0 2 1 1 1 1 1 4 4 2 2 3 3 1 1 4 2 3 0 1 1 2 3 1 2 4 4 0 1 2 2 1 1 0 2 0 4 0 4 3 0 4 1 0 0 3 4 3 3 4 1 0 3 4 1 0 4 2 3 2 4 2 3 3 3 3 3 4
3 4 2 3 0 0 3 1 3 4 1 4 0 2 4 4 4 0 1 0 2 1 2 3 1 2 1 1 0 1 0 1 3 2 1 3 2 2 1 3 1 2 2 4 2 1 0 3 3 1 3 0 0 2 0 1 1 4 2 4 2 2 0 0 1 3 4 0 0 2 0 4 0 2 0 4 0 0 2 0 1 2 2 1 4 3 4 2 2 3 1 4 2 3 2 3 2 3 1 4 0 1 0 2 1 0 1 1 0 0 4 4 2 1 2 3 4 2 1 3 0 4 0 3 3 2 3 2 0 4 3 2 1 4 0 4 1 3 2 2 4 1 3 3 3 0 2 4 4 0 3 2 4 3 0 4 2 0 3 2 2 2 4 0 3 1 4 4 0 1 3 4 3 1 4 3 4 1 2 3 3 2 0 0 0 2
1 4 3 0 1 2 4 3 2 4 4 1 0 1 2 1 2 2 2 2 0 3 0 0 2 4 2 4 4 0 2 2 4 2 2 3 4 3 1 1 2 2 4 0 1 3 1 3 3 3 2 0 4 3 0 1 4 0 2 0 0 4 2 1 3 2 4 2 0 2 0 0 2 1 0 3 2 1 3 0 1 1 0 0 4 3 3 3 3 1 0 3 2 2 1 1 4 1 0 0 3 3 2 0 1 2 0 3 3 4 3 4 2 4 2 1 2 0 1 2 3 1 2 1 0 3 4 0 4 1 2 0 4 4 2 3 1 3 1 1 4 0 2 1 1 4 4 0 2 2 2 2 0 4 3 0 2 4 0 2 1 4 4 2 3 1 0 1 1 4 2 0 4 2 1 2 3 2 2 2 4 4 0 4 0 0
0 2 0 2 1 3 2 0 2 0 4 3 2 0 4 1 1 0 0 4 2 4 2 4 1 1 0 1 1 2 2 3 1 4 0 3 2 2 0 4 3 1 4 2 2 3 0 0 3 1 1 2 0 3 1 3 2 3 2 0 2 4 3 4 3 0 2 2 3 4 3 3 1 3 2 0 3 2 2 2 0 3 1 2 2 3 1 1 3 3 1 1 4 1 2 4 1 1 1 4 0 4 2 3 4 1 0 3 4 2 2 4 1 3 2 0 3 0 1 4 3 2 2 4 0 4 3 1 0 1 1 2 2 0 1 2 2 3 2 3 1 4 2 4 4 1 4 3 1 0 4 1 4 1 0 4 0 0 2 2 1 3 4 4 1 2 1 0 1 0 3 4 4 2 3 0 1 2 0 2 4 4 1 0 2 3
1 4 4 3 1 0 4 1 1 0 0 4 2 1 4 0 2 3 4 0 4 0 4 1 0 3 1 1 0 3 4 1 3 0 0 1 1 4 4 4 1 0 4 3 3 3 0 1 4 4 1 0 2 1 1 2 1 2 0 4 3 1 0 3 2 2 1 0 3 1 4 1 1 3 4 1 4 1 2 3 3 1 3 0 4 4 2 0 4 4 1 2 0 2 2 2 1 3 4 0 1 1 1 2 4 3 1 3 4 3 3 2 4 1 4 3 1 1 1 2 0 2 1 3 1 3 2 0 3 2 0 0 3 3 4 4 3 0 0 0 4 3 2 0 0 4 1 3 0 4 0 3 3 1 3 2 1 0 2 4 4 4 1 2 2 1 4 3 1 4 3 2 2 2 0 4 1 3 4 4 2 1 4 0 4 2
2 0 2 1 2 2 0 3 1 0 4 0 3 3 1 1 2 1 0 2 2 2 0 2 1 4 3 2 0 0 4 4 0 3 1 4 2 1 0 4 3 4 1 1 4 0 4 2 1 0 1 3 4 4 2 2 3 3 4 0 3 3 0 0 3 3 2 1 1 2 2 0 1 0 3 3 0 3 2 1 0 3 2 4 2 1 3 1 4 2 1 4 2 3 0 2 1 2 3 3 4 2 0 2 3 3 0 0 3 2 4 3 3 1 4 2 2 2 0 4 1 4 3 0 2 0 3 1 2 3 1 3 1 1 3 4 4 0 4 3 0 0 3 3 1 0 0 1 4 1 2 1 0 0 3 4 1 1 0 0 0 3 1 3 4 4 4 1 4 0 1 4 1 4 4 2 4 2 0 4 0 2 2 2 0 0
1 3 4 4 3 1 2 1 4 4 0 3 0 2 3 1 3 4 2 3 4 4 2 4 0 2 4 2 4 4 4 2 2 0 3 2 1 1 4 0 0 1 0 2 3 4 3 4 3 2 4 4 1 1 1 1 3 0 0 4 1 0 1 0 0 0 2 4 3 3 4 0 0 0 2 0 1 2 4 1 4 3 1 3 1 2 4 4 4 0 0 2 2 2 2 4 4 4 3 4 0 0 4 0 2 3 2 3 0 2 1 1 2 2 1 4 1 1 0 2 3 1 4 2 0 1 1 4 3 0 3 3 2 4 0 4 2 2 4 4 1 2 2 4 0 4 3 3 2 0 3 0 1 2 2 1 1 0 2 4 2 0 4 4 4 4 0 1 3 1 2 0 4 0 4 1 4 4 1 1 4 4 3 3 4 2
4 0 4 2 1 2 4 2 3 1 1 1 4 4 2 2 1 3 2 2 1 3 1 3 1 3 4 1 3 3 3 4 0 4 1 1 1 3 3 2 4 1 3 3 3 2 0 4 3 4 2 4 2 0 4 3 0 4 1 3 2 4 3 0 1 1 1 4 4 2 1 0 0 1 4 3 4 1 0 4 3 4 3 0 4 3 1 2 2 2 2 1 4 0 1 0 4 0 1 0 4 3 1 4 4 2 0 0 0 0 4 3 1 0 1 2 3 4 4 2 1 2 0 2 4 2 4 3 4 1 4 3 1 0 2 2 4 4 3 4 4 4 0 0 4 1 3 4 0 4 3 3 1 4 3 3 3 2 1 2 0 0 2 1 2 1 4 3 1 4 3 2 3 3 0 0 1 3 1 1 4 0 1 3 4 4
1 4 4 2 3 4 0 0 3 4 1 2 3 2 3 3 0 3 1 0 3 2 0 2 0 1 2 1 4 3 1 0 2 0 3 2 1 0 2 4 4 3 3 2 3 1 0 0 2 3 2 0 2 4 4 4 0 1 1 0 1 4 2 0 1 2 2 2 2 4 4 2 0 2 1 0 1 4 2 3 4 4 0 2 0 0 1 0 3 4 2 2 0 2 2 1 4 2 1 2 3 2 1 3 4 4 0 2 3 2 2 3 1 0 2 3 0 0 4 0 0 3 2 2 0 2 4 2 1 2 4 4 4 2 3 0 1 0 3 0 3 2 0 1 2 2 0 4 4 1 2 1 4 1 4 2 3 3 4 4 2 0 4 1 2 4 1 3 1 1 0 4 4 0 1 3 4 3 3 4 4 0 0 0 1 4
2 2 4 3 3 1 3 4 4 0 0 3 1 2 4 1 1 0 4 4 4 3 2 4 4 1 1 2 2 4 3 1 1 0 2 0 3 0 1 3 3 2 1 4 4 2 2 2 0 1 2 1 2 1 0 3 0 3 0 4 2 4 2 4 4 4 1 4 0 4 2 0 1 0 1 2 0 3 0 0 2 4 1 4 0 3 4 2 1 0 1 3 1 4 4 2 0 2 1 0 2 1 2 3 1 3 1 1 2 3 1 1 2 4 2 4 2 1 2 3 3 0 4 4 1 3 3 2 1 0 4 0 1 2 3 4 0 1 3 4 4 1 2 3 1 4 3 0 1 2 1 4 2 0 1 1 0 4 0 3 1 4 3 4 3 2 4 1 0 4 2 0 0 0 3 3 4 3 4 2 0 2 4 0 2 2
3 2 1 3 3 3 4 1 4 3 0 3 1 1 4 3 1 0 0 1 0 2 2 1 4 2 3 0 4 2 2 2 2 1 0 0 1 0 1 0 0 2 1 1 3 0 1 1 2 2 4 3 4 1 1 0 1 0 3 0 2 2 3 4 3 0 4 4 0 3 2 2 0 3 3 0 3 2 1 3 1 2 3 0 4 4 2 2 4 0 2 4 0 2 0 3 3 2 0 3 0 2 3 2 0 3 2 0 0 0 0 1 4 3 3 0 3 3 2 4 0 0 0 0 2 1 4 0 0 1 1 0 3 1 4 0 4 3 2 0 0 3 3 4 1 4 0 1 2 2 1 2 4 1 3 4 4 4 1 4 0 4 1 0 0 2 0 0 0 2 2 2 2 2 2 4 1 4 2 3 3 3 3 3 2 1
2 3 2 0 0 4 0 1 4 0 1 1 2 1 3 4 4 3 2 3 4 0 2 1 1 0 0 4 0 4 2 4 2 4 0 4 3 0 3 4 2 4 0 0 2 0 4 3 3 3 1 2 4 0 4 0 3 1 1 3 0 3 0 4 4 2 4 4 4 2 3 1 3 3 1 0 3 3 4 2 3 2 1 4 3 0 1 3 3 2 3 3 2 3 0 1 0 1 0 4 0 3 3 3 1 1 0 2 4 4 1 0 2 2 4 2 3 3 0 1 0 3 2 3 4 4 1 1 2 2 1 2 2 1 2 4 2 2 3 4 4 4 4 3 1 0 0 1 3 2 0 1 2 4 4 1 3 2 3 0 4 1 4 2 2 3 3 1 2 1 0 1 2 1 4 3 2 4 2 2 3 2 3 1 1 4
2 1 2 2 3 1 3 4 0 2 2 0 1 4 1 1 3 0 3 2 4 2 4 3 4 2 0 3 3 3 2 3 4 4 0 2 3 1 1 3 0 0 4 1 1 2 0 4 3 0 2 4 2 3 2 1 0 4 1 1 2 4 1 1 0 3 0 3 1 3 4 4 3 0 2 4 4 2 1 2 4 3 3 1 3 2 0 0 1 3 3 3 4 4 4 0 3 1 0 1 4 1 0 2 1 3 4 1 2 0 0 2 0 4 0 3 3 0 3 0 1 2 3 0 3 0 0 3 1 3 0 1 4 0 0 3 0 4 4 3 1 1 2 1 2 2 1 1 0 2 1 1 4 1 1 4 1 4 3 3 2 0 1 3 0 1 1 3 3 2 3 4 4 0 1 3 4 2 4 4 4 0 2 0 4 4
2 0 0 0 0 2 0 1 2 2 0 4 2 3 1 0 4 2 0 0 1 2 0 2 1 1 0 4 4 4 0 1 4 2 1 2 4 3 3 1 0 0 2 3 0 1 0 0 3 3 2 1 0 2 4 3 4 4 4 3 3 4 4 4 1 2 1 2 0 2 1 2 2 3 2 0 1 0 0 0 3 2 3 3 2 2 1 3 3 1 3 3 2 4 3 1 1 1 0 3 3 1 2 3 2 2 3 3 2 0 0 0 4 1 0 1 3 1 4 4 4 2 2 4 1 2 0 4 4 0 4 4 4 2 4 3 4 2 3 3 4 4 3 4 0 3 2 0 1 4 1 3 3 1 2 2 3 2 3 4 4 3 1 0 0 0 3 1 0 2 4 4 3 4 0 0 4 0 2 0 4 4 0 4 0 2
1 0 1 0 2 3 3 3 3 0 3 2 3 0 1 4 0 1 3 2 1 2 4 0 4 3 4 0 0 1 4 1 4 3 3 3 1 3 1 4 0 1 3 3 2 4 2 4 0 2 3 3 4 3 4 4 3 0 1 3 4 2 2 0 0 0 3 1 1 1 1 1 2 1 2 1 1 1 2 3 4 1 4 3 4 0 4 4 2 2 3 3 0 0 3 2 2 1 4 3 4 2 2 2 3 1 0 1 2 3 2 1 4 3 2 0 3 3 4 0 3 2 4 3 4 4 0 4 3 1 4 2 3 1 1 4 2 2 0 2 0 4 0 1 2 2 1 0 3 2 3 1 2 4 4 1 3 1 2 1 0 2 1 3 3 2 4 3 4 2 0 1 1 2 2 4 0 0 1 3 0 4 1 2 0 2
0 1 3 3 2 0 0 3 1 0 3 0 0 2 2 2 4 4 0 3 0 0 1 1 0 1 3 1 3 0 3 0 1 3 3 1 4 0 4 0 1 4 2 1 2 0 4 3 1 1 1 1 1 2 4 3 0 2 1 3 3 1 1 1 1 1 2 2 2 4 4 0 3 2 3 0 2 4 3 0 0 2 1 3 1 0 3 2 0 1 2 0 2 3 1 1 0 4 3 4 3 3 1 1 0 4 4 4 1 4 4 1 1 2 2 3 4 0 2 4 2 4 4 1 0 3 2 0 4 3 1 2 1 2 0 3 3 1 4 4 1 0 3 4 2 2 4 1 2 1 1 1 3 2 0 3 2 2 0 1 0 1 0 3 0 1 3 3 4 2 0 0 2 0 2 4 2 1 3 1 0 1 0 3 0 0
1 3 4 1 4 2 4 0 0 4 3 4 4 4 3 4 2 1 4 4 2 3 2 0 0 2 1 2 2 4 2 3 2 3 1 3 0 0 0 3 1 0 2 1 0 2 0 2 3 2 1 1 2 3 3 2 3 2 1 0 1 3 1 0 2 4 3 4 0 4 2 3 4 1 4 4 4 2 3 2 4 4 0 1 0 1 1 3 3 4 0 1 3 1 1 2 3 4 3 0 0 1 3 2 2 3 1 1 0 2 1 1 1 3 4 3 4 2 3 4 2 4 0 2 2 3 1 0 3 4 0 0 0 1 2 0 4 1 3 1 3 4 4 1 0 3 0 4 3 3 4 0 4 1 4 4 0 0 1 0 1 4 0 4 0 3 4 1 1 4 2 4 4 3 0 1 1 2 0 1 3 1 3 4 0 2
3 2 4 2 2 3 1 4 2 1 4 3 4 0 2 1 4 3 1 2 4 4 4 0 1 2 3 4 2 3 4 2 0 0 4 4 3 0 4 2 3 3 0 2 4 3 0 0 1 1 2 3 1 4 3 4 1 3 0 0 4 4 3 1 2 2 1 2 0 2 0 0 2 2 3 3 0 0 4 4 4 3 2 2 2 2 1 1 2 3 1 1 3 1 3 2 1 1 4 1 3 1 1 2 4 1 1 4 4 0 0 0 0 4 2 0 1 0 1 1 3 4 2 3 1 2 0 2 3 2 0 3 3 3 1 2 0 4 4 1 1 4 1 1 1 0 1 4 2 2 0 0 4 3 1 0 2 3 2 3 0 4 3 1 2 1 3 4 0 4 0 1 1 3 3 2 0 1 1 2 1 4 0 0 2 1
0 1 1 4 4 2 3 3 0 0 4 0 0 0 0 2 3 3 1 1 0 3 3 3 1 4 2 1 1 1 4 1 3 0 2 4 4 0 4 4 2 1 2 2 3 2 2 1 0 3 3 2 1 3 0 4 4 0 2 0 1 1 3 1 4 0 1 3 2 0 0 4 3 2 4 1 1 1 3 3 1 3 2 4 1 4 4 2 4 1 4 3 0 4 4 4 1 2 4 3 0 1 4 3 0 3 0 3 1 3 1 2 1 0 4 4 0 0 3 4 3 2 2 3 3 4 4 4 1 4 2 1 2 3 0 3 4 0 1 0 0 0 0 3 0 4 4 0 1 2 2 4 1 1 3 4 0 2 3 4 3 2 0 1 0 2 1 1 4 2 2 4 2 4 4 0 0 3 0 1 2 4 0 3 1 0
2 3 0 2 2 3 1 0 1 4 2 4 0 2 4 4 3 3 3 0 3 0 3 1 1 1 0 4 1 3 4 1 2 4 3 1 0 2 1 3 1 1 0 1 0 4 3 0 2 1 0 1 4 4 2 0 2 4 1 3 3 1 4 2 2 0 0 4 2 4 0 0 2 0 1 2 4 1 2 1 0 3 4 4 4 3 1 3 3 3 1 3 1 3 2 0 3 4 0 2 3 2 2 0 2 0 4 3 2 2 4 2 2 1 3 3 4 4 3 4 4 4 2 2 4 1 3 4 1 0 1 4 2 0 2 1 1 1 4 0 0 0 4 4 1 2 2 3 3 0 2 0 2 2 2 3 3 2 3 1 2 1 3 1 4 0 4 2 3 3 2 4 1 3 3 2 2 3 2 0 0 2 0 4 4 0
3 4 2 3 1 0 1 4 3 0 1 3 2 4 3 4 3 4 4 4 4 1 4 1 2 4 3 4 1 4 4 4 1 2 4 2 4 0 3 4 1 4 2 0 3 1 2 4 0 1 0 1 3 4 3 2 0 3 1 1 0 3 2 1 2 1 0 1 2 3 2 0 4 0 0 4 3 2 3 0 4 0 2 4 4 2 1 2 2 4 3 2 2 1 0 1 4 0 4 3 3 2 3 4 2 1 4 2 0 2 2 1 3 1 0 4 3 3 1 3 3 2 0 2 3 3 4 4 3 0 3 4 2 3 3 1 1 2 3 2 2 3 3 2 4 1 1 0 4 0 3 4 2 0 2 2 3 3 1 4 3 4 3 3 0 3 4 1 1 0 3 0 3 4 2 4 2 0 4 1 0 2 3 4 0 0
1 3 0 0 2 3 1 2 1 1 1 3 0 4 3 0 4 3 1 1 2 3 3 2 2 1 1 0 0 1 2 4 2 2 4 1 2 2 4 1 4 2 4 1 1 4 1 0 2 3 3 4 1 1 3 3 2 0 0 3 3 2 4 2 1 3 1 4 2 0 0 1 2 1 2 0 0 1 0 4 4 3 3 0 4 4 1 2 1 1 2 1 1 3 4 2 3 0 1 0 2 3 4 1 1 1 1 1 2 1 2 3 1 3 1 0 2 2 4 3 0 3 4 1 1 0 4 4 2 2 2 4 3 1 2 4 4 3 1 2 1 0 2 2 3 3 0 0 0 1 0 3 2 2 4 0 4 0 0 2 0 4 3 3 0 1 2 4 1 0 3 0 1 1 4 4 4 1 2 2 3 2 0 2 4 1
2 4 4 4 3 4 3 1 2 3 4 4 3 3 0 1 3 3 4 4 2 4 1 4 3 1 4 0 3 0 1 0 1 0 0 4 4 0 3 3 4 2 3 4 2 0 2 2 3 2 2 2 3 0 4 3 1 3 3 1 3 4 1 0 2 3 1 3 1 4 2 0 4 2 1 1 2 3 1 2 2 3 4 0 0 3 3 1 3 1 2 4 3 0 4 2 1 0 0 2 2 4 4 1 1 2 4 0 0 0 2 3 0 4 0 0 4 4 3 3 2 2 2 2 3 3 4 1 0 2 0 2 1 1 0 0 3 2 0 0 2 0 3 3 1 1 0 0 2 4 0 1 1 2 4 1 2 0 4 0 2 4 4 1 0 0 3 0 2 3 1 1 0 1 1 1 2 2 4 1 3 4 3 4 4 2
1 1 4 0 1 2 2 1 0 4 3 3 0 2 3 3 3 1 1 0 2 1 4 3 2 2 3 0 3 2 4 1 0 4 2 4 3 1 2 0 0 0 0 2 4 0 2 2 1 4 4 1 0 0 4 4 2 2 2 1 1 1 2 2 2 1 1 2 4 0 2 0 2 2 4 1 3 4 0 1 3 0 2 0 0 4 1 0 3 3 3 0 2 0 2 1 4 0 4 3 2 3 0 4 1 2 0 1 1 0 4 1 2 4 3 0 3 4 0 1 0 3 1 4 0 0 0 1 2 4 0 4 3 2 0 1 4 0 4 2 3 0 3 0 4 3 0 2 0 2 1 0 2 4 4 3 0 1 4 4 1 1 1 1 4 1 4 0 4 0 0 2 0 3 4 0 4 0 4 4 4 0 1 2 0 2
2 2 3 1 3 1 0 4 2 1 1 3 1 2 3 1 4 4 2 3 1 3 0 0 2 0 3 0 4 0 2 1 2 0 4 0 4 4 2 3 0 0 2 4 2 2 2 3 1 1 1 4 4 4 0 3 1 3 3 0 0 0 3 2 3 2 4 2 2 3 0 4 3 4 0 2 2 0 0 0 3 4 0 3 3 0 3 1 0 4 3 0 1 1 4 4 3 0 3 2 4 1 2 4 0 4 2 4 4 2 0 3 1 0 3 1 2 3 2 4 2 0 1 4 1 0 0 2 2 4 4 1 2 1 1 2 1 3 2 2 2 4 0 4 4 0 2 3 4 0 2 1 2 3 0 4 3 1 1 2 2 0 4 4 4 2 3 2 2 2 1 4 1 4 0 2 4 3 0 3 0 2 2 2 2 4
3 0 2 1 3 1 4 4 0 3 3 1 2 0 3 3 1 2 2 2 4 4 2 2 4 2 1 1 1 4 3 0 1 0 1 1 2 0 0 4 0 0 0 4 0 1 0 2 3 4 1 4 3 0 1 3 2 3 1 0 2 4 0 0 2 4 2 1 1 2 0 2 0 3 3 0 4 3 4 2 3 2 1 1 2 0 1 1 3 3 2 2 4 4 2 3 3 4 4 0 4 0 4 4 3 2 1 4 3 3 1 1 0 4 4 0 4 1 3 4 1 0 1 2 2 1 1 0 2 0 2 3 2 3 4 2 3 3 1 1 1 2 4 3 4 0 3 3 3 2 3 4 4 1 4 1 4 2 4 4 2 3 2 2 4 4 4 2 2 3 0 0 2 1 3 1 1 4 0 0 3 0 1 4 1 0
3 3 2 4 2 2 2 1 1 3 0 0 2 4 0 2 4 3 3 0 4 0 4 1 0 4 1 1 3 0 4 1 3 3 0 2 0 0 3 1 3 4 4 3 3 1 0 0 4 1 0 1 3 4 2 0 3 1 1 3 3 2 0 3 1 2 0 3 4 3 2 0 4 1 3 3 4 0 3 4 1 3 2 4 4 1 4 4 2 3 2 0 2 4 3 3 4 0 4 0 4 1 0 3 4 0 3 3 1 3 4 2 1 1 4 2 3 0 3 0 0 3 3 3 4 3 3 3 4 2 4 0 3 1 0 2 2 4 1 3 2 0 2 1 4 1 0 2 4 4 4 4 2 4 2 1 0 1 2 1 3 3 1 4 4 1 1 3 2 4 1 0 2 1 3 1 4 3 0 3 4 4 3 3 1 2
2 1 0 4 2 1 4 0 0 0 3 3 4 1 0 2 3 2 0 3 0 0 1 0 3 3 1 3 1 2 3 3 0 3 4 2 1 0 2 1 1 1 2 2 4 2 1 2 4 2 0 1 4 3 3 2 1 4 3 0 4 3 0 4 1 0 4 0 2 1 1 0 4 0 2 3 2 1 2 3 0 4 4 4 3 2 3 1 4 1 3 0 4 4 4 3 1 3 0 3 2 1 4 3 4 3 4 1 4 1 0 4 1 1 0 1 1 4 4 2 2 3 2 4 2 3 4 0 4 4 3 1 2 4 1 1 3 0 3 4 2 0 1 0 3 1 3 1 0 2 3 3 0 2 2 4 3 1 1 2 0 0 0 4 1 1 1 4 2 1 1 1 1 2 1 1 0 4 3 3 3 3 3 1 3 2
2 1 3 4 3 0 4 3 4 2 1 2 2 3 3 0 1 1 4 2 3 4 3 3 2 4 1 2 0 4 4 2 0 2 1 0 4 2 0 1 0 2 0 4 2 4 4 4 0 0 3 0 4 2 3 4 1 2 1 3 3 1 0 1 0 4 1 2 3 2 0 3 1 0 4 3 1 0 2 2 0 1 4 2 0 3 1 3 2 4 1 2 2 3 3 0 2 2 2 1 1 4 1 2 4 1 0 3 1 0 0 4 1 1 1 3 1 4 1 3 0 2 1 3 0 1 3 0 0 2 3 1 1 4 0 2 2 3 2 1 3 4 0 1 1 1 4 2 0 0 3 0 4 1 0 1 2 0 1 3 2 4 1 0 1 2 0 3 2 2 4 0 4 4 1 0 2 0 2 4 2 0 2 1 1 4
2 1 0 1 1 4 2 2 2 3 1 2 4 3 1 3 3 0 0 1 2 4 3 0 4 2 2 3 3 1 2 3 2 2 1 0 2 3 2 4 4 1 3 3 4 1 3 0 4 0 1 1 0 2 3 1 4 3 4 0 4 3 0 3 3 1 3 2 1 2 3 0 3 1 0 3 4 4 0 0 4 3 2 1 0 2 4 2 0 3 2 1 4 2 4 2 3 4 4 1 4 2 2 2 0 2 2 1 3 2 2 0 1 1 1 3 3 1 0 1 1 2 2 2 1 4 4 1 3 0 3 4 2 0 2 4 4 1 1 0 4 3 0 2 1 3 0 4 1 1 0 3 0 0 0 2 4 2 0 4 2 3 4 2 0 3 1 2 4 4 2 3 4 2 2 0 0 3 2 2 1 4 2 3 4 4
2 0 3 3 0 1 1 1 0 2 4 1 1 3 3 3 4 2 0 1 3 2 1 2 1 4 1 3 3 3 0 0 3 3 3 3 1 2 4 1 1 3 0 2 4 3 0 3 2 2 1 2 4 0 4 1 4 1 1 4 4 1 2 2 2 2 3 3 4 4 2 2 3 2 1 4 2 1 2 4 3 0 2 0 0 1 3 2 4 4 1 0 3 0 0 0 3 3 0 4 4 2 2 4 4 3 3 1 2 2 1 2 3 0 4 0 1 2 2 1 4 1 3 2 1 3 4 4 3 4 1 3 2 0 2 3 0 1 2 4 3 0 2 3 0 1 4 3 1 1 1 0 2 0 2 1 3 3 2 4 2 3 2 1 3 1 0 1 2 4 0 3 4 2 1 1 1 0 4 4 4 1 4 1 3 3
2 3 1 0 2 0 0 4 2 1 1 4 2 0 3 2 3 4 2 2 0 3 2 1 4 3 4 3 0 2 3 4 1 1 1 3 1 4 0 3 0 3 4 2 3 2 4 4 1 1 1 3 1 0 0 0 4 1 0 1 4 0 2 0 1 1 0 0 0 0 0 0 3 0 4 4 4 3 0 1 2 1 1 0 3 3 3 4 0 3 2 4 1 2 1 4 3 1 4 0 4 2 0 4 2 1 0 1 1 0 4 3 3 3 4 4 1 4 3 3 2 1 2 0 3 0 0 3 4 4 3 0 3 0 4 0 1 0 4 2 0 0 3 1 3 4 0 2 3 3 0 2 1 0 3 1 0 3 1 1 4 4 1 3 1 1 0 2 3 4 2 0 2 0 1 0 1 1 4 4 2 0 1 0 0 4
2 2 4 3 4 4 0 0 4 1 3 4 1 3 1 3 4 0 0 0 2 1 4 2 0 1 2 3 1 4 0 0 1 4 1 2 0 1 0 1 4 0 3 0 4 1 0 3 1 2 0 3 3 1 2 0 2 4 1 1 0 1 3 4 2 4 1 0 2 3 1 4 4 4 1 0 0 4 0 3 1 0 4 2 4 1 4 3 3 0 1 3 3 0 2 1 1 1 1 1 4 2 0 0 4 3 0 1 2 2 2 1 0 1 3 4 4 2 2 2 0 4 1 3 4 0 4 2 3 2 3 3 2 0 0 3 4 3 4 3 0 1 4 0 4 4 4 4 2 4 1 4 3 4 2 4 2 4 1 0 1 2 0 0 2 3 3 3 1 3 2 3 1 3 4 3 3 0 2 2 1 0 1 4 2 3
0 4 4 4 1 3 1 2 3 0 0 2 4 3 2 3 1 0 3 2 3 1 0 2 3 1 3 1 3 2 2 3 1 1 2 2 4 0 1 3 1 3 2 2 1 1 2 0 1 0 2 0 2 4 4 2 1 4 4 1 1 1 4 4 2 4 4 4 4 0 4 2 1 1 1 2 2 3 4 0 4 4 2 3 3 2 2 1 1 1 2 0 4 2 4 4 3 3 3 4 1 2 4 2 0 0 1 4 1 1 1 2 0 4 0 0 1 4 2 4 1 4 4 0 3 4 4 1 4 4 3 0 3 2 4 0 4 1 4 0 4 1 2 1 2 4 1 3 4 3 4 2 3 1 4 3 0 4 2 1 0 0 2 4 2 1 4 1 4 1 4 3 4 1 4 1 3 1 1 2 1 2 4 1 3 3
0 0 4 2 2 2 4 1 1 3 4 2 1 4 3 0 4 4 2 1 0 0 4 3 4 0 1 0 4 4 3 4 0 0 3 4 2 4 0 0 2 4 2 3 0 3 4 0 4 3 3 0 3 2 0 4 2 1 4 1 3 4 2 0 1 2 4 3 3 4 0 0 0 0 4 1 3 0 3 2 3 1 4 3 3 2 2 2 0 3 1 3 2 0 3 4 0 4 4 3 0 0 4 1 0 0 4 0 0 2 4 0 0 1 3 0 3 2 4 3 0 0 4 4 3 4 0 3 4 0 3 4 2 2 2 2 4 1 4 1 0 3 1 0 1 1 2 4 0 2 0 2 4 4 2 2 0 2 0 4 4 1 1 1 3 3 0 0 2 4 1 2 0 0 0 1 1 2 1 4 1 3 1 1 4 0
3 4 0 1 4 4 2 2 3 2 0 3 2 4 3 1 2 0 1 4 1 4 1 4 3 3 2 2 1 1 2 4 1 4 0 2 4 4 4 4 2 1 2 1 3 2 2 0 2 0 1 1 0 2 0 0 2 0 4 3 1 2 0 4 1 2 3 2 2 4 1 4 1 1 2 4 0 0 1 0 0 2 1 2 1 3 0 1 3 4 1 2 3 3 1 0 1 0 4 3 4 3 4 2 1 1 3 1 1 1 1 4 0 4 3 2 3 3 0 1 0 3 3 3 2 2 0 3 4 2 1 0 0 2 0 3 3 0 4 2 2 3 3 2 2 1 1 2 2 3 4 2 2 4 2 1 1 3 4 2 0 2 3 2 4 0 0 4 0 1 1 2 4 4 2 4 3 0 1 2 4 2 1 3 2 3
4 0 1 0 3 1 2 3 3 3 3 0 2 3 2 1 3 1 2 0 2 2 2 4 4 3 1 0 3 0 1 4 1 2 4 1 1 3 4 1 3 4 2 3 4 4 4 2 2 3 4 0 1 2 1 2 2 4 0 1 0 1 0 3 3 2 4 1 2 0 3 1 4 0 4 3 4 0 3 3 3 2 3 4 1 1 2 1 1 2 2 3 3 4 1 3 3 0 0 1 2 3 2 1 0 3 1 1 3 1 4 1 4 0 1 2 1 0 3 4 2 2 2 2 4 0 2 2 0 2 3 4 2 2 2 4 0 4 0 3 2 0 0 1 2 3 1 0 3 1 2 2 1 4 1 0 2 3 2 4 3 3 4 0 2 1 2 3 2 2 1 0 4 3 3 1 1 4 4 4 3 1 1 4 2 2
1 4 3 0 4 1 3 0 3 1 1 0 1 1 3 2 1 4 1 4 3 4 1 2 4 1 0 2 0 4 2 1 4 0 3 0 3 2 2 1 0 3 4 3 4 2 0 2 3 3 2 1 0 0 0 4 1 0 3 3 0 2 1 1 4 4 3 2 3 0 1 0 0 0 3 0 4 1 2 2 4 1 4 1 3 1 0 4 2 1 4 4 3 0 0 0 2 3 2 0 3 0 1 3 0 1 0 4 2 0 4 4 3 0 0 2 1 3 3 0 4 3 4 4 0 4 1 4 4 4 0 2 4 3 3 2 4 0 3 4 0 2 3 1 4 3 3 3 3 3 3 2 3 3 4 1 2 0 0 2 1 0 1 3 0 1 2 2 2 0 1 4 0 1 0 1 4 0 4 3 1 3 2 4 1 3
0 0 1 1 4 4 3 3 4 4 4 1 3 3 4 1 0 1 2 2 2 3 3 2 3 1 2 3 0 3 1 1 0 4 4 0 4 2 3 0 3 4 4 1 3 3 4 3 4 1 0 3 0 0 0 3 1 2 1 4 2 0 2 3 4 1 0 0 3 0 3 4 4 2 2 4 0 2 4 1 3 2 4 0 4 2 4 1 4 2 2 4 4 4 4 1 0 4 3 0 1 1 4 0 3 4 2 0 1 1 1 1 3 3 2 3 0 3 1 1 0 3 0 2 2 4 3 2 0 1 4 1 3 4 4 3 3 1 4 1 2 2 2 3 0 4 3 2 2 4 4 0 4 1 2 1 1 2 0 3 3 4 2 3 0 1 2 0 4 3 1 3 0 4 1 3 0 1 0 0 0 4 0 4 1 4
2 4 3 4 4 1 4 1 2 1 4 4 2 3 4 3 2 4 4 0 2 0 2 0 0 4 4 2 1 2 3 3 3 1 0 3 4 4 4 1 0 4 2 4 4 1 3 3 3 4 4 2 4 3 2 1 4 4 0 0 1 3 1 2 1 1 0 1 2 1 4 4 2 2 4 2 0 4 0 3 3 1 1 0 1 3 3 3 2 4 3 1 2 1 0 1 4 0 4 1 1 3 3 1 2 2 3 3 3 0 1 3 4 2 0 2 3 4 0 2 3 1 0 2 2 0 3 4 0 2 0 4 3 0 0 0 2 0 0 2 2 2 1 3 1 3 1 4 2 3 2 2 4 2 0 4 0 0 3 0 0 0 1 0 1 3 0 0 0 3 3 3 0 1 3 3 4 4 3 4 0 2 1 4 1 3
3 1 1 3 4 3 4 0 3 0 1 0 0 1 3 0 1 3 1 0 2 3 1 2 2 1 1 0 3 2 1 3 4 2 2 0 0 1 2 3 3 3 0 3 0 4 4 3 4 2 0 3 0 2 0 4 0 1 0 0 1 1 4 0 0 1 2 0 4 4 0 2 3 0 2 0 4 3 0 1 1 1 4 3 0 0 3 0 3 0 1 4 3 2 1 3 0 3 0 4 3 0 3 3 2 2 0 4 1 0 0 4 1 4 2 1 1 2 4 0 2 0 4 0 4 3 0 4 1 0 0 1 2 0 1 2 2 1 1 3 2 3 4 0 4 2 2 1 4 1 1 4 3 2 1 2 2 2 3 4 4 3 2 4 3 4 1 0 2 4 1 4 2 2 0 1 4 4 4 1 0 2 0 0 0 1
4 4 0 2 0 0 2 3 4 0 4 2 2 1 1 0 3 3 3 0 1 2 4 1 0 1 3 2 3 0 1 2 0 1 1 0 3 3 0 4 3 1 1 0 3 2 3 3 2 1 3 1 0 4 2 1 2 2 3 0 0 4 2 0 3 0 2 3 3 0 3 1 1 1 3 1 1 1 4 0 2 4 1 3 0 0 1 2 0 1 2 0 1 1 0 1 1 4 4 4 4 4 2 1 1 3 4 2 4 4 4 4 0 1 4 1 3 0 3 3 1 3 3 4 1 0 2 0 2 4 1 1 3 4 4 1 2 4 0 3 0 0 4 0 3 3 3 1 0 4 0 4 2 0 3 0 3 3 0 0 2 2 3 0 3 0 4 2 4 4 0 1 4 2 3 4 0 2 1 3 1 3 2 0 0 2
0 3 0 1 3 2 0 4 0 3 4 4 2 0 0 4 1 2 1 4 1 4 1 2 2 4 2 4 4 3 3 0 1 4 3 2 3 0 1 3 3 0 4 0 0 0 4 1 2 3 2 0 2 1 0 4 0 2 0 0 0 3 2 4 4 0 1 3 0 4 1 0 4 3 2 1 3 3 4 2 1 1 2 0 4 2 4 0 2 1 0 4 0 2 3 1 4 1 4 1 0 1 1 1 4 0 4 4 3 3 3 2 2 2 2 1 2 4 1 4 0 3 3 2 2 4 4 1 0 3 4 3 1 2 4 2 2 4 3 3 4 1 2 1 4 4 0 1 0 3 2 3 2 2 2 4 1 1 3 4 2 4 2 0 2 3 0 4 4 3 4 4 2 1 2 1 3 4 4 0 3 1 3 2 0 1
3 2 4 1 1 3 1 0 4 0 3 4 1 0 4 1 4 1 4 3 4 4 0 0 0 3 3 0 0 4 3 3 1 3 2 4 1 0 4 2 2 4 3 3 4 3 4 0 1 1 1 1 2 1 1 4 1 0 0 3 1 3 3 2 3 0 3 0 2 4 4 4 0 3 0 2 3 4 4 4 2 0 2 0 3 1 4 4 3 1 2 4 2 1 3 0 3 1 2 3 2 2 4 2 2 4 4 0 1 4 1 3 1 4 0 0 2 2 1 0 3 4 4 2 2 4 3 2 2 2 0 4 1 2 3 3 1 3 0 4 4 4 3 0 3 0 2 2 2 4 2 3 0 3 2 2 2 0 1 1 0 2 0 1 1 3 2 2 3 2 2 2 1 2 3 1 4 0 3 4 1 2 2 1 2 4
0 4 2 2 2 2 4 2 0 0 3 2 4 1 0 3 1 3 0 1 2 2 3 0 1 0 0 0 1 2 1 2 4 3 4 1 2 0 1 3 2 4 0 3 2 2 2 3 1 4 4 3 1 3 0 2 3 2 2 1 0 4 3 1 4 4 2 4 4 3 2 3 4 4 2 2 2 4 2 0 3 2 0 2 2 2 4 2 0 4 3 2 0 2 3 4 3 2 0 3 1 2 3 2 4 0 4 3 4 2 0 0 1 0 2 3 4 3 0 1 2 0 3 2 4 3 4 3 1 4 3 4 4 1 1 0 2 3 3 3 2 3 0 3 0 2 3 4 3 0 1 0 0 1 0 0 0 1 3 3 2 3 2 3 4 0 3 3 3 1 2 2 1 2 0 3 2 0 0 0 2 3 2 3 4 4
0 4 2 3 2 0 1 1 3 2 2 2 1 2 0 0 0 4 2 2 2 1 3 2 1 0 0 1 0 2 0 0 3 3 0 3 0 3 4 3 1 3 2 2 1 0 2 1 1 1 3 0 3 3 0 1 1 0 2 1 4 3 2 3 3 2 3 3 1 2 3 4 3 3 3 4 3 0 2 1 3 2 1 3 1 1 0 2 4 2 0 3 2 2 3 0 2 1 3 0 1 4 4 4 2 2 3 2 4 2 3 2 4 4 1 2 1 3 4 0 0 2 3 3 4 2 0 3 0 4 3 1 3 4 0 2 1 0 4 2 2 2 2 4 1 0 1 2 3 3 4 3 0 3 3 1 2 4 0 2 0 0 1 0 0 1 2 3 2 1 3 1 0 0 0 1 0 2 1 0 0 0 0 0 0 4
1 2 0 3 2 2 4 3 2 1 1 1 1 3 4 4 2 4 4 2 2 1 1 3 1 1 1 4 3 1 0 2 1 0 0 0 2 1 0 1 2 1 2 4 2 1 3 4 0 0 3 4 3 0 3 0 3 1 1 2 2 1 1 0 1 1 0 0 0 0 1 2 4 3 3 1 4 4 2 1 4 0 0 4 0 0 4 1 1 0 3 1 3 1 1 4 2 4 4 4 4 0 2 3 0 2 1 1 1 3 4 2 4 2 2 1 4 3 2 3 1 2 4 4 3 2 4 3 1 0 2 3 3 1 3 0 4 0 2 2 0 3 0 1 0 4 3 0 2 2 3 0 0 4 0 3 3 1 3 0 3 1 0 3 4 0 4 3 2 3 3 3 1 0 4 2 4 4 4 3 2 4 4 2 0 4
2 3 2 1 0 0 4 0 4 3 1 0 4 0 3 2 3 4 2 0 3 3 4 4 1 1 3 0 0 3 1 0 4 0 1 4 3 2 2 4 2 3 4 1 0 2 0 4 3 4 4 4 2 0 3 1 4 2 3 4 2 2 4 1 2 2 1 0 1 3 4 4 3 0 0 3 4 3 4 3 4 0 2 2 3 2 0 2 4 3 3 4 0 0 0 0 4 3 0 1 3 2 0 3 2 2 4 2 0 3 2 0 1 1 4 4 3 1 1 0 4 1 4 2 1 1 2 3 2 4 4 0 1 4 4 1 1 0 0 4 0 4 1 1 0 0 0 0 1 3 0 2 2 4 1 0 3 3 3 0 0 2 2 3 3 3 4 2 3 1 1 4 0 4 0 2 1 3 3 4 3 0 1 0 2 3
1 0 3 4 0 3 4 2 2 2 1 3 4 1 2 2 0 2 1 3 2 2 1 0 1 1 2 0 4 4 0 0 4 3 1 1 4 0 1 3 0 4 1 1 0 3 4 1 3 2 1 2 0 4 4 3 0 1 3 4 1 3 1 0 4 3 4 3 0 0 1 2 4 4 4 4 0 0 2 0 2 0 2 4 4 1 3 0 2 1 1 3 2 0 1 1 3 0 4 0 0 2 0 1 3 4 2 0 1 2 0 3 2 2 3 2 0 1 4 0 4 2 3 1 2 1 2 2 1 3 0 3 2 0 4 1 1 2 1 2 4 4 0 3 3 0 0 4 3 4 4 3 4 4 1 1 1 4 4 2 4 4 3 2 4 2 0 0 1 1 4 2 0 4 1 4 2 3 0 0 0 4 3 4 3 0
0 1 1 4 1 2 0 4 4 4 3 4 1 2 3 0 4 3 2 2 4 1 1 4 1 1 0 2 2 1 4 2 2 2 4 3 4 4 4 4 1 3 0 2 0 3 0 1 4 4 4 0 0 2 0 1 0 2 0 2 3 4 1 3 1 2 3 3 2 3 2 3 1 4 2 3 3 4 4 4 3 0 4 0 4 1 2 1 4 4 0 4 4 2 2 2 4 3 0 3 1 4 3 4 4 3 2 4 2 3 3 3 1 2 3 2 4 2 4 3 2 4 4 3 1 2 2 3 2 0 3 3 1 2 4 0 0 1 4 4 1 4 2 4 2 3 2 1 2 1 1 1 0 0 4 4 4 4 4 1 4 2 1 0 4 0 3 1 3 4 1 2 4 0 1 3 3 3 4 3 1 2 4 2 4 4
3 1 0 2 2 1 4 1 3 1 1 1 2 2 3 0 4 2 1 0 2 1 4 1 4 2 0 1 4 4 2 4 0 2 1 0 3 3 1 1 1 4 0 3 1 0 1 0 2 2 1 4 0 2 2 2 4 4 3 1 3 0 0 1 4 4 1 2 2 2 0 3 3 2 3 0 2 4 2 1 3 0 2 1 4 4 0 4 3 3 2 4 0 4 0 4 3 1 3 2 0 3 2 0 3 3 0 0 4 0 2 0 0 4 1 0 1 1 1 1 1 3 2 3 4 2 4 3 0 2 2 2 2 2 3 0 0 0 3 4 0 0 4 1 1 2 3 4 0 4 1 1 4 3 1 3 3 0 3 0 2 1 3 2 0 1 2 0 3 0 1 4 2 3 2 4 0 2 3 3 1 1 1 2 2 3
0 0 3 1 0 3 2 0 0 4 3 4 4 2 2 2 3 4 0 2 0 3 4 1 1 2 2 2 4 4 0 1 1 1 2 4 4 1 1 4 0 0 0 4 4 2 4 2 2 4 1 4 2 0 0 0 4 3 3 3 4 0 4 3 1 4 4 0 0 0 1 1 2 4 2 1 1 1 3 0 3 4 0 2 1 0 3 0 0 3 0 2 3 2 2 0 1 1 2 1 3 1 4 1 0 4 2 1 0 1 4 0 2 4 3 1 1 3 1 2 1 2 4 4 1 1 4 2 4 4 0 2 0 2 3 2 1 1 3 3 4 2 4 3 3 4 4 0 2 3 2 3 2 3 2 3 1 4 2 2 0 2 4 2 4 0 4 2 3 2 1 4 2 2 2 2 1 4 2 3 2 1 3 4 1 2
2 4 3 4 1 3 3 3 0 0 0 4 2 3 4 0 4 3 2 1 0 3 2 3 3 4 1 1 3 3 4 2 2 4 3 1 3 2 4 0 4 4 0 1 4 1 4 3 4 1 1 4 2 4 4 2 0 1 4 4 4 0 3 3 4 2 4 4 4 0 0 0 1 2 1 2 3 2 2 2 4 1 3 3 2 0 0 2 1 1 3 2 3 2 2 0 1 4 4 2 4 1 2 3 3 0 0 1 3 0 0 4 1 1 2 3 1 4 2 4 1 1 3 4 0 0 4 1 4 1 3 4 2 0 4 1 0 4 4 3 4 2 4 2 3 3 0 1 3 3 0 1 1 3 2 1 0 4 4 0 0 2 1 2 4 0 0 1 1 2 2 3 4 1 2 4 0 3 0 3 3 2 1 1 2 3
2 4 2 3 4 2 2 2 2 1 2 4 4 1 1 1 1 2 3 3 1 0 3 3 0 1 2 1 2 1 4 1 1 2 1 0 1 3 3 0 1 2 0 1 0 3 2 1 1 2 2 4 4 0 3 4 4 2 2 3 4 2 2 0 1 3 0 4 4 0 0 0 0 2 1 2 0 1 1 3 0 3 3 0 0 1 1 4 3 4 0 4 3 2 4 4 2 2 3 1 2 0 4 4 2 0 2 0 3 3 3 4 3 1 1 3 4 2 0 0 1 0 4 1 4 4 0 1 1 1 0 0 3 4 2 1 1 4 1 0 4 4 1 2 3 4 2 2 1 2 2 0 2 4 1 3 3 4 0 1 2 2 3 0 1 0 3 4 1 4 4 0 1 2 4 1 1 2 3 0 1 3 0 4 2 3
4 2 2 1 3 1 3 3 2 1 4 0 1 0 2 2 3 0 2 4 1 3 3 4 0 0 4 0 1 1 1 0 0 0 2 3 2 0 2 4 4 3 1 0 0 3 4 0 3 1 0 4 2 3 1 2 3 0 0 4 4 1 0 4 3 4 0 2 1 4 1 0 4 0 2 4 3 2 0 4 0 0 0 2 0 3 2 4 1 2 0 0 0 2 1 0 1 3 3 0 2 1 0 1 1 0 3 2 4 3 3 4 0 3 4 0 4 3 1 0 0 4 2 2 3 3 4 2 2 2 2 1 4 2 3 2 4 1 4 3 1 2 0 3 3 4 3 2 2 2 2 4 3 1 3 1 4 2 3 3 2 0 0 3 0 0 0 1 3 2 0 4 1 0 2 4 1 2 3 0 1 2 1 4 3 4
3 3 3 1 3 2 4 3 0 1 3 1 2 3 3 4 2 1 4 1 1 0 4 1 0 2 4 1 2 4 2 2 4 1 0 3 3 1 1 1 2 2 2 2 0 2 1 0 0 3 1 1 3 2 0 1 2 1 2 1 0 2 3 0 0 3 3 0 0 1 1 4 0 0 3 3 2 2 3 3 0 1 1 0 1 3 1 3 4 1 4 0 3 4 2 3 2 0 0 4 1 2 4 4 2 4 2 2 1 2 2 3 3 0 4 1 4 2 1 0 3 0 2 3 4 4 3 4 4 4 3 3 3 4 2 0 4 1 4 2 3 1 1 1 4 0 0 0 2 1 0 3 2 3 3 3 4 2 4 4 3 3 4 1 4 3 3 3 4 3 1 2 1 2 0 0 4 0 2 3 2 3 1 1 3 0
1 4 4 1 3 2 1 4 0 0 2 3 1 1 1 4 0 0 3 1 2 4 3 0 2 0 0 4 3 0 1 2 4 0 3 0 4 1 4 4 3 4 4 1 2 3 0 3 3 0 1 0 4 4 2 2 2 2 3 0 2 1 2 4 1 2 4 2 0 3 3 4 4 2 0 2 0 3 2 3 3 3 1 3 2 3 2 1 3 2 2 0 3 1 4 4 1 0 3 1 1 1 2 0 3 0 2 1 3 1 4 3 4 2 3 4 3 0 0 1 2 4 3 0 1 3 1 4 0 1 2 1 2 2 2 3 2 1 4 2 3 0 0 4 0 4 3 3 1 4 4 1 3 2 3 1 2 2 2 3 3 0 4 3 4 3 3 1 2 4 3 0 4 0 4 1 1 0 4 0 4 3 1 4 3 1
