5 187 13
439498904 960408101 299159114 826070894 505171372 866265952 233376583 224209009 1077569738 1205951432 248211833 129765672 764615932 413023271 1028247461 104028148 1027663181 906259721 112771715 703834900 808288230 1035019525 270442419 595396571 837712124 238639290 1024204140 1215342588 172122681 1139638902 31884758 511962057 652351107 1209830151 1099085732 757082511 459076086 4583142 937596749 1159380611 156639513 1099183569 1126489037 816353662 586401373 609865788 271817764 582533444 471182086 1199085514 942002369 837312522 584320846 824655121 905733256 258664 67260829 920569051 1062774548 958578264 4271380 498051221 460124782 864225482 1019930383 1050287137 563541225 336574436 696833359 534022062 25711155 125140293 25316516 437196772 446755705 123481003 409578391 917138163 404474467 174703079 375197820 926171797 943663546 774187304 722397084 765989891 278734810 616643893 900901817 1188015473 1218993051 1203900073 210523933 1057455094 1198615116 142530049 867432119 230328087 611755301 674868212 400276987 784818844 725025527 722084447 196472416 32671035 772587730 554805023 524369703 607723548 599440709 845050758 298098307 809550056 407166510 951602307 652807545 454467896 1208630781 78910673 1214565858 1047028339 1159281417 129373519 949493370 158460598 788376233 70651358 210923785 854984942 394149988 768072658 590717236 831390382 667363829 354551395 637473779 1092147926 687780965 1070012438 88639848 1057801688 1077914191 941133676 897804658 1074142237 496742903 1160833713 228127299 138081503 351495512 268019471 388024677 1060954819 674226344 837817126 543816465 1135351182 833396859 465574662 523858698 380439964 432729466 88309224 692773909 31842935 312619110 868233054 551291794 939637757 1076286449 1021581862 1044156817 464945666 158464059 332392797 441111441 1100569441 626778855 768785543 455503341 142111054 1164588668 486768141 915553062 726559656 401053978
2 1 1 1 2 1 3 0 2 4 2 2 3 2 4 2 1 0 3 3 0 0 2 4 2 3 3 2 3 2 2 0 0 0 3 3 2 1 0 4 0 4 3 0 1 2 4 2 4 3 2 4 0 0 0 2 0 4 4 3 3 3 0 3 3 4 3 0 2 0 1 3 4 4 0 1 3 0 0 3 0 3 4 0 0 0 2 2 1 3 2 4 1 2 4 1 3 3 2 1 3 3 1 0 0 1 1 3 3 3 3 3 1 3 3 3 0 2 0 1 2 2 2 0 2 1 2 0 1 4 3 2 4 4 2 1 3 0 2 1 3 0 2 2 0 2 0 0 2 3 3 4 2 0 0 4 2 4 2 0 0 0 2 4 2 4 3 0 4 0 3 0 2 2 2 3 0 4 3 2 2 4 3 2 4 0 1
3 4 0 4 4 1 3 1 3 0 1 0 4 1 0 4 3 3 3 3 3 3 2 2 2 3 0 4 2 1 3 3 2 3 4 4 4 2 2 4 2 3 4 4 1 0 0 4 0 4 3 3 4 2 0 1 0 2 3 4 0 1 2 3 4 1 4 1 1 1 0 3 4 2 4 0 4 0 1 4 1 1 4 0 3 1 3 0 3 1 0 4 2 4 4 4 3 3 0 4 1 2 4 0 4 4 2 0 1 0 1 2 2 0 4 2 1 2 3 2 4 0 1 3 1 2 2 4 2 4 0 3 2 2 0 3 3 2 1 4 2 2 3 4 3 2 2 1 4 2 3 0 2 1 1 0 3 0 0 0 0 2 0 4 4 0 4 2 2 0 3 2 0 1 3 0 3 2 1 0 4 2 2 3 3 3 4
4 4 4 1 1 3 2 2 3 2 1 0 2 4 4 4 4 2 4 4 1 2 2 3 1 4 0 0 3 4 1 4 0 2 2 3 0 4 0 3 4 1 1 1 2 2 2 1 4 3 0 2 0 3 0 2 4 1 4 4 2 0 3 4 4 1 2 4 2 2 0 1 0 1 4 3 0 3 1 1 2 4 1 2 4 1 1 3 4 2 3 3 4 3 2 3 1 4 3 4 3 3 2 4 1 4 4 1 4 0 4 1 4 0 1 3 4 4 2 0 2 2 4 1 0 3 0 2 3 0 3 3 3 0 2 1 1 3 4 1 4 3 2 0 1 0 4 0 2 3 0 4 0 1 2 2 0 4 4 0 4 4 3 4 0 3 0 3 3 1 4 2 0 2 3 1 4 4 3 1 2 0 2 4 2 2 1
4 1 3 1 3 2 1 4 4 4 2 3 0 3 2 2 0 1 2 3 3 3 1 4 2 2 4 1 1 1 3 0 4 1 3 4 0 4 4 2 1 3 0 1 1 4 0 4 1 3 2 4 3 4 0 1 3 1 2 4 4 2 1 4 0 4 0 1 3 4 3 4 4 0 0 3 4 1 2 2 1 4 3 1 3 1 2 1 2 0 2 2 4 3 3 0 4 3 3 0 0 1 4 1 3 2 4 4 0 1 2 3 1 0 4 1 3 2 0 3 4 2 2 3 3 0 0 4 0 3 4 2 1 1 4 4 3 3 4 0 2 3 3 3 0 4 1 4 1 1 2 2 1 4 3 1 1 3 0 1 2 0 1 0 1 0 0 1 0 1 1 2 4 1 0 4 0 4 0 4 0 2 3 3 3 1 4
4 2 0 3 1 2 4 1 0 1 3 1 1 4 4 4 0 2 1 0 2 0 0 3 3 0 2 1 3 3 1 0 2 3 0 3 0 4 0 0 0 3 3 3 0 4 2 0 1 4 0 0 4 3 1 4 0 3 1 0 3 4 0 1 2 0 4 2 1 1 4 3 2 4 2 2 3 1 2 1 0 0 3 2 3 4 1 0 4 4 0 0 3 3 3 0 3 4 4 2 1 0 2 3 4 1 0 4 3 4 2 3 4 1 2 4 2 1 4 4 0 0 4 1 3 2 3 3 1 0 2 2 0 2 2 2 3 4 1 1 4 4 2 3 2 1 3 4 2 4 3 0 4 4 1 4 1 4 0 0 4 4 2 2 1 2 4 0 1 2 3 0 3 0 4 0 4 4 2 1 3 2 1 0 2 2 1
0 4 3 0 0 3 0 2 4 2 1 4 3 4 3 1 2 0 2 0 4 1 2 3 1 1 4 3 3 4 2 4 0 0 4 0 3 4 3 3 3 1 4 2 2 4 0 2 0 2 2 1 3 1 4 1 4 1 2 3 2 4 4 4 4 0 4 0 2 4 3 0 1 4 4 0 4 4 2 1 1 1 4 1 4 4 0 4 2 2 4 1 3 3 0 2 0 1 4 2 1 2 3 4 2 4 1 3 4 4 4 2 2 3 1 4 4 3 0 3 0 4 4 3 4 1 2 4 3 2 4 1 1 2 0 0 3 1 3 4 2 4 4 2 3 0 3 4 3 3 3 0 4 4 0 0 1 4 4 1 3 3 2 0 2 4 2 3 0 3 2 0 2 1 4 2 1 2 4 1 0 2 3 1 3 3 1
1 3 2 2 3 1 1 0 0 0 3 3 3 3 1 3 2 4 2 0 3 4 1 4 1 3 0 2 3 3 0 0 3 2 4 2 0 1 2 1 1 2 1 4 0 4 4 3 4 3 0 2 4 1 3 0 1 3 4 1 4 1 3 2 4 3 1 4 4 1 0 2 0 4 4 3 3 0 3 2 4 0 1 3 3 0 1 1 3 2 2 4 4 1 4 0 4 0 4 0 3 2 4 4 1 0 4 1 1 2 1 2 2 2 2 0 2 0 1 3 0 0 4 1 1 3 1 2 4 0 2 4 4 4 0 2 4 4 4 2 1 0 4 0 2 2 2 2 2 0 2 2 1 1 3 2 0 1 2 1 2 1 0 3 0 1 1 2 2 0 4 1 2 4 1 1 3 4 3 2 1 2 0 2 4 0 2
1 2 4 2 1 0 4 1 3 2 2 0 0 4 4 1 1 0 4 3 3 0 3 1 2 3 3 4 4 0 3 0 4 2 4 2 0 0 4 3 3 1 0 0 3 1 1 4 2 2 4 2 3 0 0 0 3 0 1 4 1 0 4 2 4 0 0 4 0 1 4 3 2 1 0 2 3 1 4 2 1 0 1 4 0 2 1 0 2 4 4 0 1 0 0 1 0 0 2 1 1 4 1 0 0 2 3 0 0 2 2 1 2 4 2 0 3 0 2 2 0 2 3 1 4 3 4 0 0 4 3 3 3 1 3 0 3 3 1 1 2 0 4 2 4 2 4 4 4 1 2 4 0 0 3 0 0 4 2 2 3 2 0 1 3 0 4 4 1 0 0 3 0 4 2 2 3 1 1 3 3 0 4 0 0 4 2
2 4 4 1 2 1 1 4 2 4 3 1 0 0 1 3 2 2 1 1 3 4 3 3 4 3 2 0 1 2 2 0 3 4 2 0 2 0 1 4 4 1 0 4 1 3 0 1 3 3 2 1 2 2 4 2 3 3 4 1 2 3 1 0 2 0 1 0 1 4 1 2 1 2 4 4 2 4 0 0 4 0 1 3 2 2 0 0 3 1 1 0 0 0 3 2 0 1 4 3 0 1 3 3 0 2 3 2 3 0 0 4 0 1 2 3 1 0 0 4 1 2 1 1 2 1 4 4 2 0 0 0 1 3 3 3 2 3 3 0 4 3 4 1 1 3 4 2 3 2 3 0 4 0 1 3 1 2 2 1 3 4 1 1 2 1 2 4 0 0 1 1 3 2 4 4 1 1 4 4 3 2 4 2 4 3 2
3 0 1 4 3 1 2 2 3 3 4 0 0 4 1 3 4 4 3 3 2 4 4 1 2 2 1 1 1 1 0 4 1 1 0 2 2 2 4 3 3 0 3 0 1 1 4 0 2 2 0 4 3 0 1 2 4 4 0 0 0 0 2 3 1 2 0 4 2 1 4 0 1 2 0 2 0 1 4 3 0 2 2 3 2 0 2 1 1 2 3 1 2 2 0 4 2 2 0 4 4 4 1 2 3 1 2 3 0 1 3 0 3 3 1 2 3 3 0 0 1 1 3 0 3 0 4 0 0 1 4 4 0 0 1 0 4 3 1 1 2 4 1 2 4 2 2 3 3 2 0 1 3 0 1 4 3 3 4 3 4 1 4 2 3 2 2 4 3 0 0 2 2 2 4 1 1 1 1 1 1 3 2 4 1 1 3
1 4 0 1 3 1 0 0 4 4 0 4 4 2 1 1 4 3 3 3 2 4 4 0 0 0 0 2 1 1 2 2 0 4 3 0 0 0 3 2 4 0 1 4 2 4 2 4 0 0 2 2 2 3 4 2 3 4 1 4 0 1 3 2 0 1 0 3 3 3 0 0 0 3 4 2 2 3 3 2 4 0 1 1 4 1 0 4 2 4 4 0 0 4 2 2 3 4 0 1 4 0 1 4 0 2 4 3 1 2 0 2 3 4 3 4 0 0 3 4 4 4 4 1 4 4 4 2 3 1 0 3 4 4 4 4 1 3 2 4 1 0 3 4 4 1 3 1 4 3 0 3 3 2 2 2 1 3 1 1 4 3 1 3 2 1 3 4 4 2 0 0 4 4 4 0 2 4 3 1 3 1 2 1 3 1 0
1 4 3 2 3 1 4 4 4 0 4 0 4 3 0 2 3 1 1 3 4 3 4 2 3 0 1 1 0 2 1 1 1 1 3 2 2 4 3 3 4 2 3 1 0 1 3 0 2 1 1 3 1 0 1 4 2 4 0 2 2 3 3 0 4 3 4 4 3 2 2 4 4 3 0 2 4 0 2 3 2 0 2 3 0 0 0 4 4 2 1 3 1 4 4 2 3 0 3 1 3 1 0 4 4 3 1 0 3 1 3 2 1 2 3 4 2 0 3 4 2 0 4 3 1 3 3 4 4 1 2 4 4 0 3 0 3 0 0 3 3 4 3 1 1 3 2 1 3 3 2 2 0 1 1 1 2 1 3 3 2 0 2 2 0 0 2 0 2 0 1 2 1 4 4 4 4 1 0 2 1 4 1 1 1 2 3
3 0 1 1 3 1 0 2 4 2 1 4 0 3 0 2 4 1 3 4 0 2 1 4 3 1 1 0 2 0 3 2 1 1 0 1 4 0 0 3 2 3 0 4 2 2 4 1 4 2 0 1 1 4 1 0 0 4 2 4 4 2 1 2 3 1 0 4 3 2 3 0 1 0 2 0 2 1 1 1 0 4 3 2 3 1 4 0 0 3 4 1 0 0 1 0 3 3 4 1 1 2 3 2 4 0 2 2 3 0 3 4 1 3 3 1 1 4 1 3 2 2 0 2 2 3 2 2 1 3 3 2 3 4 1 2 4 0 4 3 3 0 4 4 0 4 3 2 3 4 0 0 2 2 4 1 0 3 1 4 1 4 1 4 3 0 2 0 2 3 0 0 3 4 0 4 3 0 1 3 4 3 0 3 1 4 2
3 4 3 2 0 4 1 2 0 1 1 0 3 4 2 4 0 3 1 1 3 1 2 1 2 2 1 3 3 2 0 2 1 0 4 1 4 0 0 4 3 1 1 2 3 0 3 3 3 1 4 1 4 3 2 1 0 0 1 1 2 1 3 3 3 4 2 3 2 2 4 0 4 3 4 2 3 2 2 4 3 1 0 2 1 0 1 1 0 2 4 3 1 2 3 4 4 0 4 1 3 4 1 4 4 1 3 2 0 0 3 1 3 4 0 1 1 1 4 1 1 4 1 2 1 0 3 2 2 3 3 0 2 2 1 3 0 4 2 0 1 1 3 1 2 4 2 3 2 4 1 3 3 3 2 4 0 3 2 4 1 2 0 0 4 3 3 4 0 0 2 3 1 0 0 3 1 4 3 4 3 0 4 1 0 4 3
2 2 2 1 0 1 3 2 1 2 0 2 2 2 1 0 1 2 2 1 0 4 0 1 4 2 1 3 2 2 3 1 1 2 2 3 3 1 0 4 0 2 4 4 4 0 1 2 4 1 1 0 2 1 1 1 0 4 1 2 1 4 0 4 1 2 2 0 0 2 1 2 1 0 1 3 3 0 0 2 1 1 4 3 4 1 1 4 2 3 3 1 2 3 0 1 3 0 1 3 4 4 3 1 0 1 4 3 1 4 2 4 3 2 4 2 0 1 4 2 1 2 3 0 1 4 1 1 1 4 1 0 4 4 1 1 1 0 4 4 2 3 4 0 0 0 4 0 3 3 3 4 1 3 2 4 4 3 2 0 3 3 1 4 3 2 0 1 0 1 0 4 4 1 4 2 2 0 2 0 4 2 2 2 3 4 3
2 4 0 3 4 0 1 3 3 0 3 1 0 4 2 4 1 0 0 3 2 1 2 0 2 2 2 1 0 3 4 4 2 1 4 2 1 0 0 2 1 1 3 3 2 2 0 3 3 2 3 0 0 1 0 2 0 4 3 2 2 4 1 2 0 1 4 4 3 1 1 1 2 4 2 0 2 2 3 0 4 4 2 0 2 0 4 2 1 3 4 4 4 2 1 0 0 2 4 4 3 2 2 1 3 4 3 0 3 3 2 3 2 2 0 4 2 1 1 3 1 2 4 1 2 2 3 2 4 2 3 0 1 1 3 4 2 1 2 1 4 4 1 2 3 3 1 0 4 0 1 1 4 2 4 1 0 2 1 1 1 1 3 2 4 1 1 2 2 0 0 2 0 1 1 0 4 4 1 0 1 4 3 1 1 2 4
3 4 2 0 2 1 3 1 0 2 0 4 4 0 4 3 0 2 1 1 1 1 4 2 2 0 0 0 1 0 0 2 1 4 4 4 0 2 0 3 1 0 4 1 1 4 1 3 1 3 1 0 4 2 4 3 2 1 4 1 1 1 3 3 0 2 4 3 1 4 1 3 0 0 1 3 1 2 1 0 0 0 2 1 2 1 0 2 4 1 3 1 2 3 1 4 2 0 4 0 4 2 3 1 0 1 1 1 1 0 3 3 0 0 0 2 3 2 1 3 0 4 1 2 4 4 3 1 4 3 2 0 0 2 4 0 4 2 4 2 2 2 0 2 0 0 2 0 4 3 0 4 0 3 3 4 2 2 3 3 2 2 1 4 4 2 0 0 4 1 2 2 0 3 4 0 0 3 3 2 4 3 1 1 2 2 0
1 4 0 0 3 2 3 2 4 0 4 4 4 0 4 3 1 4 0 3 4 3 1 1 4 0 0 0 4 2 3 2 3 3 4 3 3 2 0 2 2 0 3 4 0 4 2 3 3 2 2 3 3 3 1 2 0 3 3 1 2 1 4 2 4 3 0 4 3 3 1 2 3 2 1 0 1 1 1 0 0 3 0 3 3 3 1 1 4 4 2 3 2 3 1 3 4 3 3 2 1 1 4 1 0 3 4 2 1 0 4 1 0 1 0 3 4 3 1 0 4 1 4 1 4 0 4 0 3 4 2 2 3 4 3 3 4 2 0 0 2 4 1 2 0 3 3 2 1 4 2 0 0 1 3 2 3 3 2 4 4 2 1 2 3 4 1 2 4 3 4 3 0 0 1 2 1 1 4 2 2 4 3 3 2 3 2
1 1 4 0 3 3 3 0 1 4 3 0 3 2 4 2 2 2 0 4 3 3 1 0 0 0 0 0 2 4 2 0 2 2 2 2 2 0 3 4 2 3 4 0 2 4 4 4 3 1 1 1 4 4 3 0 4 4 0 3 0 3 1 4 2 3 2 1 1 2 0 3 2 2 0 0 3 0 1 1 1 2 2 3 3 0 3 2 1 0 3 3 0 1 0 4 4 2 1 2 1 1 2 3 3 0 3 1 0 2 4 3 1 1 1 0 4 1 2 2 2 2 1 4 3 1 4 0 0 0 4 3 1 2 1 2 2 2 0 4 4 0 4 0 3 3 0 2 1 0 0 0 4 3 0 0 1 4 0 1 4 4 1 2 3 2 4 2 1 2 3 2 2 0 0 0 0 2 0 1 4 2 2 4 0 2 4
3 1 1 1 0 2 2 2 3 1 4 2 3 1 1 2 0 3 4 2 3 2 2 4 1 1 1 2 3 0 3 1 1 4 2 3 2 4 3 2 1 4 4 1 0 2 0 2 0 0 4 3 2 4 0 0 2 3 0 1 4 3 2 2 0 2 1 4 1 1 1 4 0 0 2 2 3 3 4 0 0 3 4 2 4 1 4 2 4 1 3 0 0 2 3 0 4 4 1 3 0 2 4 2 2 2 4 2 2 3 3 2 3 4 1 3 0 2 2 1 4 2 2 1 1 0 3 1 1 4 1 3 1 0 0 0 4 4 3 1 2 1 0 0 0 1 0 0 1 4 3 0 3 0 1 0 2 4 3 3 0 4 1 1 1 1 1 1 0 4 4 2 2 2 0 2 3 2 4 4 4 3 1 2 0 4 2
3 0 0 1 0 1 3 1 3 1 0 1 2 1 2 1 4 4 3 3 0 3 3 1 2 3 3 4 3 2 2 1 0 4 0 0 3 0 4 3 1 4 4 3 0 3 2 1 0 0 0 0 3 0 3 2 3 1 2 3 1 1 2 1 2 2 3 0 2 2 3 3 1 4 4 4 0 3 2 0 0 2 2 1 2 0 3 2 4 2 1 2 3 3 0 3 0 3 3 4 1 4 4 4 0 0 3 0 3 3 0 1 0 2 2 0 3 2 2 4 0 0 1 0 3 1 3 0 4 4 1 2 3 1 2 3 3 2 1 4 0 1 0 3 1 4 3 1 1 2 0 3 0 3 4 3 4 4 1 0 3 4 0 3 2 2 2 1 1 0 2 4 3 2 2 4 3 2 2 1 1 4 0 1 2 1 2
3 0 0 1 1 4 1 4 2 0 3 0 3 3 2 2 2 1 1 3 1 0 3 2 2 2 4 0 2 2 4 2 3 4 0 4 1 1 0 0 3 4 0 2 2 4 1 1 0 3 0 1 0 3 0 2 2 2 0 1 4 4 1 2 1 1 3 2 0 4 4 3 3 1 2 2 0 1 4 2 1 1 0 1 1 0 4 3 2 1 2 2 0 3 1 3 4 2 2 1 1 1 2 1 2 1 0 4 2 4 1 3 2 1 0 3 4 1 4 1 2 1 0 4 1 4 0 2 1 2 4 4 1 3 2 3 4 2 0 2 4 1 0 1 3 2 2 2 0 1 0 2 4 3 4 2 2 4 4 0 3 0 4 4 3 3 0 3 0 0 2 1 1 4 3 1 2 2 0 2 3 3 2 4 1 3 1
0 4 2 0 2 3 1 4 3 4 1 3 1 1 0 3 4 2 3 3 1 0 3 3 0 3 2 1 1 2 2 1 1 1 3 1 1 1 2 0 0 3 0 4 1 3 2 0 0 2 0 1 2 4 1 4 4 1 0 1 3 4 2 2 0 3 0 2 4 2 2 2 2 4 1 3 2 0 0 2 2 1 3 4 2 0 0 1 1 0 2 1 4 2 3 4 0 0 1 1 4 0 3 1 0 1 1 4 1 4 2 3 2 0 4 4 2 4 2 0 4 0 2 0 4 2 0 4 3 3 2 4 1 1 3 3 2 4 2 1 0 4 4 2 2 1 1 1 0 4 2 2 1 1 4 0 3 4 1 3 0 3 3 3 4 1 1 4 2 0 0 3 2 1 0 1 2 4 2 0 0 4 4 1 0 3 3
1 0 4 4 0 2 4 0 4 0 1 0 3 3 2 3 0 3 0 1 3 1 1 0 1 2 4 4 3 2 4 1 2 3 0 4 3 0 4 4 2 2 4 2 1 1 0 3 1 3 0 1 4 3 1 3 0 0 2 0 3 4 1 2 2 2 2 2 4 1 1 3 4 2 1 2 0 3 0 4 1 2 0 3 0 4 1 1 4 0 1 4 4 3 2 4 2 1 3 3 2 0 1 3 4 2 0 0 3 1 4 4 3 1 4 4 0 0 0 2 3 3 1 2 1 0 3 0 1 2 3 1 4 2 4 3 4 0 0 4 1 1 4 1 3 3 0 0 1 2 2 4 3 1 3 4 3 4 2 0 1 2 1 0 4 2 0 1 2 1 0 0 2 1 2 2 2 2 0 3 2 2 4 0 0 4 1
4 3 3 1 1 3 4 3 2 1 1 3 4 2 1 4 1 2 1 1 4 1 1 4 0 0 0 2 1 0 3 2 0 4 3 4 4 4 2 1 0 3 2 4 2 3 1 1 0 4 2 2 2 3 1 4 0 4 1 1 4 2 0 1 3 0 0 2 4 0 0 0 0 2 1 3 0 4 1 3 4 3 0 3 3 3 3 3 4 1 2 0 3 2 2 3 0 4 0 4 4 1 4 2 0 3 2 1 2 3 1 3 1 3 2 1 3 2 4 3 0 3 3 4 3 2 4 3 2 2 2 3 0 4 0 0 2 2 3 1 2 4 0 3 4 4 1 3 3 3 1 3 1 4 4 1 2 4 4 1 1 4 4 1 0 2 3 4 1 2 0 4 1 2 4 1 1 1 1 4 4 2 3 2 3 2 4
2 3 0 0 1 1 2 2 3 4 1 2 2 0 3 1 3 0 3 1 4 4 2 3 0 1 3 2 2 3 3 1 1 1 2 0 4 4 2 3 0 0 0 2 2 3 1 1 1 4 2 0 3 2 0 0 3 1 2 0 4 3 2 2 4 1 2 3 0 2 3 0 4 4 4 2 4 0 3 0 4 2 2 4 4 3 4 3 1 4 0 0 2 4 4 3 0 4 3 0 1 2 2 2 3 2 4 2 4 4 3 4 2 2 3 1 2 0 1 3 4 2 0 3 3 0 3 4 1 1 1 4 0 4 1 3 3 3 1 2 2 1 3 1 0 4 3 3 4 1 1 0 0 4 3 4 1 1 3 2 4 4 3 0 0 4 0 3 4 1 3 2 4 3 3 0 2 3 0 3 2 3 3 2 2 1 3
3 2 1 2 2 3 0 4 3 2 4 4 1 3 4 0 4 2 1 1 2 4 1 0 3 0 4 3 4 0 1 0 0 3 2 4 3 0 3 3 2 4 4 0 4 3 1 4 3 2 0 0 3 2 2 2 4 1 0 3 4 3 3 1 3 3 0 1 0 0 0 4 1 4 4 1 0 2 0 0 4 0 0 0 4 2 2 3 1 4 4 0 2 4 3 3 4 3 4 4 0 1 3 1 3 0 2 3 2 2 3 2 0 0 4 1 4 1 0 2 2 1 4 1 0 2 4 2 0 1 1 0 2 2 4 2 2 1 0 1 1 0 0 3 2 4 4 4 2 1 1 4 2 1 3 0 3 4 4 4 0 0 1 0 4 2 2 3 4 0 0 2 2 0 0 0 2 1 4 4 3 0 1 2 1 4 4
0 0 3 1 1 4 4 3 0 4 0 4 0 0 1 2 3 3 4 0 0 0 1 0 0 1 3 3 0 2 2 2 4 3 0 2 4 1 0 4 0 1 0 0 3 1 2 3 0 3 0 2 1 1 2 1 3 2 1 0 1 1 2 1 4 2 3 3 0 4 2 1 2 0 1 2 1 1 1 3 1 3 1 2 0 0 1 0 3 2 0 4 0 4 0 4 3 1 4 3 0 4 4 4 4 3 1 0 4 4 1 0 3 4 0 3 4 1 0 4 0 0 4 1 1 1 2 4 2 2 2 4 1 4 3 0 2 0 2 3 4 0 0 4 4 0 4 4 3 4 0 4 1 4 2 2 3 4 3 2 3 1 2 4 2 2 1 1 2 1 4 4 1 1 3 1 4 3 2 2 4 2 3 1 4 2 3
4 4 4 1 2 0 0 4 4 3 2 0 0 3 1 1 2 4 0 0 3 0 4 3 4 3 3 0 2 1 1 1 0 0 0 4 2 0 3 1 3 3 3 1 3 1 2 2 0 2 2 1 2 3 4 4 2 4 4 1 0 2 0 2 2 0 4 1 0 4 4 1 2 2 2 1 0 4 3 1 4 3 4 3 1 3 2 3 2 2 2 0 1 2 4 4 2 3 2 4 3 2 0 2 1 4 3 2 4 4 0 3 2 4 1 0 4 1 1 3 3 3 0 1 0 0 2 4 0 0 3 0 2 1 3 0 2 1 2 1 2 4 1 1 0 0 2 1 1 3 0 1 3 2 2 3 4 0 2 0 2 2 0 1 0 3 1 3 2 1 1 1 0 0 3 3 0 2 4 1 0 1 4 0 4 1 3
3 3 2 0 0 1 1 1 4 1 0 2 0 1 0 2 3 0 0 1 0 2 1 3 4 4 2 4 3 1 4 4 1 3 4 2 1 2 0 0 4 2 4 1 3 0 3 4 2 0 0 0 4 3 0 0 3 3 1 3 1 2 2 2 0 4 1 4 1 4 4 2 1 1 4 2 3 4 1 0 2 3 0 1 2 1 2 2 1 0 0 4 3 0 1 0 4 0 4 0 1 1 0 2 2 4 1 0 3 2 0 2 1 3 4 0 1 3 2 4 3 4 3 3 1 1 4 0 1 0 3 2 1 3 2 0 4 0 0 4 3 3 2 1 3 1 3 4 1 0 3 1 1 1 0 3 4 1 3 1 1 3 0 0 1 4 0 2 0 3 2 0 1 4 3 1 2 1 0 3 1 0 4 4 3 4 2
2 0 3 0 4 3 1 4 0 2 1 2 2 4 1 4 2 0 2 3 2 3 3 0 1 0 2 1 3 1 0 3 4 3 3 3 2 1 4 4 4 0 3 3 2 0 3 4 2 0 3 0 1 3 2 2 4 4 3 4 3 1 2 2 4 1 2 3 2 1 4 3 3 3 2 0 0 0 0 2 2 0 4 3 3 4 3 2 3 1 2 1 4 4 0 4 2 2 4 2 0 4 0 1 4 2 1 1 4 3 0 4 3 2 4 2 1 2 1 4 1 3 3 0 0 3 1 2 3 1 4 3 2 2 1 3 1 3 1 1 3 1 2 4 0 1 3 1 4 4 3 0 3 1 0 0 1 2 2 4 0 4 0 4 3 1 4 4 1 0 2 2 3 4 1 4 1 4 0 2 3 3 2 3 1 4 3
0 3 3 4 0 4 1 4 2 0 3 3 1 3 1 0 4 0 1 3 3 2 0 2 3 1 1 1 4 1 2 4 1 2 4 2 1 2 1 0 2 2 3 1 0 1 1 1 4 0 4 4 2 2 2 2 3 3 4 2 1 3 2 3 0 3 0 3 0 3 0 0 0 0 3 3 2 4 4 1 1 1 0 1 3 2 3 3 3 4 2 4 4 4 2 4 4 4 4 2 3 1 2 0 2 2 3 4 3 0 2 0 1 2 3 1 2 1 1 0 3 3 4 2 3 4 4 4 3 3 1 3 0 0 4 4 2 4 3 1 1 0 3 4 4 1 0 1 4 1 3 2 2 0 2 2 4 1 1 4 1 0 3 3 0 4 2 0 0 2 3 2 2 1 1 4 4 4 2 3 2 1 3 4 1 2 1
2 3 3 3 1 3 3 0 0 2 2 2 3 0 2 2 4 3 3 0 4 2 3 0 0 1 3 4 4 0 1 1 0 1 1 1 1 0 1 3 2 1 1 2 3 3 4 4 4 0 0 0 4 0 0 4 1 0 1 0 2 4 3 2 0 4 1 3 1 4 1 4 0 4 3 0 3 0 0 4 0 2 1 4 2 2 1 0 2 2 2 2 3 0 1 0 1 2 3 3 4 4 4 1 4 4 2 4 4 4 0 4 1 1 1 3 3 4 3 3 3 0 0 1 2 3 1 0 3 4 0 2 3 1 3 4 1 2 3 0 1 3 2 2 0 0 2 0 4 2 3 2 4 0 0 3 1 1 4 4 0 1 1 0 3 1 0 1 4 0 3 0 4 0 0 1 2 2 1 1 2 2 0 1 4 0 0
2 3 1 1 0 4 4 1 4 1 3 0 0 0 4 2 4 1 2 2 1 2 1 2 1 0 0 2 4 2 4 2 1 2 0 1 2 0 4 3 1 4 4 3 0 0 0 1 3 0 4 4 4 0 4 0 2 4 4 1 3 1 0 4 3 1 3 2 3 2 1 4 4 2 4 4 2 1 2 2 3 1 2 2 3 1 4 0 2 1 4 0 4 1 2 2 4 0 2 2 4 0 3 0 2 2 1 1 1 4 3 4 2 2 4 1 0 0 3 4 1 4 2 0 1 4 0 0 1 4 0 2 4 3 0 3 3 1 4 1 0 4 0 3 4 1 1 4 2 4 1 0 1 3 1 2 4 3 4 2 4 1 1 3 0 1 1 0 3 2 3 3 1 3 3 2 2 4 2 4 4 3 4 2 3 2 4
2 2 0 1 1 2 2 4 4 4 2 1 4 4 4 2 3 4 3 0 1 2 4 0 3 4 2 0 2 4 4 1 2 2 2 0 4 2 0 3 3 4 4 2 4 0 1 4 4 4 1 1 2 1 3 0 0 0 3 0 2 4 3 4 1 3 4 0 0 1 0 3 1 1 2 2 1 3 3 1 3 4 4 2 2 2 4 0 3 2 0 0 2 0 1 0 3 2 3 3 1 3 3 2 2 0 1 3 4 1 1 4 0 0 3 0 3 2 0 3 2 2 3 1 2 4 1 1 3 1 1 4 2 0 3 4 0 1 4 1 2 1 2 0 3 0 0 3 3 2 1 2 4 4 0 3 0 1 4 4 0 3 0 2 3 4 1 0 0 2 4 3 0 1 0 4 2 2 2 2 4 1 4 3 2 4 3
3 2 3 4 4 3 1 1 3 0 4 3 3 2 2 1 2 1 3 3 3 0 3 0 4 4 1 4 1 2 2 1 1 2 2 1 0 4 4 0 4 4 4 2 3 3 0 0 4 0 1 2 0 4 4 1 0 2 2 1 1 2 0 3 4 2 1 2 3 0 2 0 4 3 2 2 2 0 0 3 2 1 3 3 2 4 1 2 2 4 0 3 1 0 3 2 0 4 1 3 2 4 3 1 4 3 1 3 3 3 2 2 1 2 0 0 1 4 2 3 3 2 4 1 0 2 3 0 4 0 3 1 1 2 4 0 0 2 4 0 2 3 2 3 0 0 3 1 1 2 2 4 2 3 0 2 2 0 2 1 0 2 4 1 1 1 4 1 3 0 3 1 3 3 1 0 0 0 3 1 4 0 2 1 0 2 3
3 4 2 1 0 0 3 3 1 4 2 0 4 2 0 2 2 3 4 2 3 1 1 1 0 3 3 2 4 2 2 4 2 0 0 2 2 3 2 0 4 0 0 4 4 1 1 2 1 2 1 2 3 2 3 1 1 2 0 2 4 2 1 1 4 1 0 1 2 3 2 3 0 4 2 1 2 1 3 4 3 2 1 4 4 1 2 2 3 2 1 0 4 2 3 1 1 1 2 0 4 1 3 1 1 3 2 3 4 3 4 4 0 2 0 1 4 2 1 4 1 2 4 1 0 0 2 3 1 1 3 2 3 1 3 1 1 2 1 0 0 3 2 0 0 4 4 4 2 0 4 3 2 0 1 4 0 0 2 1 4 0 3 2 4 3 0 0 1 3 3 1 1 2 4 2 1 3 3 0 0 2 1 2 3 4 2
0 0 1 2 4 2 2 3 3 1 0 0 4 3 0 0 0 2 1 4 1 1 2 3 1 0 4 4 0 1 3 2 3 4 4 4 3 4 2 3 2 4 4 1 2 1 3 4 1 2 3 2 3 1 0 0 3 2 1 3 3 1 0 1 0 2 0 1 3 4 4 0 0 3 3 2 2 1 4 3 3 2 0 4 3 2 1 3 1 4 1 4 0 4 2 0 3 4 1 3 0 3 3 0 1 3 0 0 4 4 3 0 3 3 1 4 3 2 2 4 1 1 1 3 2 3 3 0 0 2 3 0 0 3 3 3 1 3 4 2 4 2 4 2 3 2 1 1 4 4 0 2 2 1 0 4 2 1 1 2 0 4 4 2 4 2 0 0 2 1 4 1 1 1 4 1 3 2 2 3 3 4 2 0 3 0 4
2 1 0 1 3 1 0 0 0 0 2 2 2 1 4 1 2 0 2 0 3 4 2 3 3 3 3 0 3 3 0 0 1 2 1 4 4 4 1 1 4 0 1 3 1 2 4 0 2 1 0 2 3 4 3 1 3 1 1 3 1 3 4 4 3 2 0 4 3 1 2 2 1 3 3 0 0 2 0 4 1 1 4 4 0 2 2 0 0 0 1 1 1 0 0 4 4 0 3 3 3 0 2 1 1 0 1 3 0 2 3 3 0 2 2 2 1 1 0 1 3 1 2 4 3 4 3 4 1 3 2 1 1 2 2 4 2 4 2 4 3 2 2 0 1 1 2 2 4 2 3 3 0 2 2 3 1 3 0 4 3 2 0 1 4 3 0 4 4 3 0 4 2 0 4 4 1 1 1 3 1 2 1 3 1 0 4
0 0 4 4 4 3 0 0 3 0 1 4 1 1 4 0 3 4 4 2 3 2 1 3 0 0 4 1 1 1 0 1 2 4 1 1 2 3 3 2 0 1 3 1 2 0 1 3 1 2 0 4 1 3 2 4 3 3 0 2 0 0 3 4 1 1 0 0 4 0 0 1 2 3 2 1 3 0 4 0 4 0 1 1 0 1 2 1 1 2 3 1 4 3 2 0 0 2 0 1 0 0 3 2 1 2 3 4 3 3 1 4 0 0 2 2 1 4 3 2 1 3 1 0 2 3 2 2 3 0 0 3 2 3 2 3 3 2 0 3 2 1 2 2 1 0 0 4 4 0 4 3 4 0 3 1 0 1 0 0 1 0 0 3 1 4 4 4 2 4 2 4 2 1 4 1 1 4 0 3 1 4 1 2 1 1 0
4 2 0 1 0 3 2 1 1 1 0 0 3 1 4 0 3 0 4 4 4 0 2 2 1 1 3 1 0 4 1 1 4 4 2 1 2 4 2 0 3 4 0 3 0 1 3 1 1 2 0 0 2 4 4 1 3 4 2 3 1 0 1 2 4 3 3 3 0 3 3 3 2 0 1 0 1 2 3 0 4 0 0 4 0 2 2 3 1 4 3 2 1 4 4 1 2 0 4 2 3 0 0 2 0 4 4 2 1 2 2 2 3 4 1 3 1 3 3 0 4 1 4 1 0 1 4 2 1 0 0 1 0 2 0 1 3 0 0 4 4 4 2 2 3 0 2 2 4 0 4 0 1 3 3 1 1 4 1 4 0 3 0 2 0 1 0 4 3 0 0 2 4 2 2 0 3 1 4 4 2 0 1 0 0 2 4
2 1 0 1 1 3 2 4 3 0 4 4 0 2 0 2 3 4 1 0 4 3 1 0 0 1 2 0 2 4 1 1 2 1 2 4 4 1 0 0 3 1 1 3 0 1 1 4 3 2 4 2 0 3 0 2 4 2 0 3 3 1 4 0 0 4 1 4 2 3 1 1 2 3 4 2 1 2 1 4 2 3 4 4 1 4 4 2 3 4 3 1 2 2 3 2 3 2 4 1 2 0 2 4 3 3 2 0 1 0 1 0 3 0 4 1 1 3 4 4 4 4 2 4 1 3 1 2 2 0 3 4 3 0 4 1 0 1 3 1 1 0 3 2 2 3 3 4 3 4 0 0 3 0 4 2 3 2 4 0 0 4 1 3 1 0 4 1 3 0 0 2 0 3 4 4 3 4 0 2 1 1 4 1 3 3 0
1 0 1 3 0 0 4 3 1 2 0 0 2 2 0 4 2 3 0 3 4 0 4 1 3 2 0 4 0 0 0 3 0 1 3 3 2 4 3 0 1 0 0 4 2 0 0 1 1 1 0 0 1 4 3 4 1 0 0 3 0 0 1 2 4 4 2 3 3 1 3 2 1 1 1 1 3 1 2 4 4 2 1 0 3 1 1 1 3 4 4 0 4 2 3 0 1 2 3 2 0 2 4 2 3 2 0 1 3 2 3 0 2 1 2 0 3 4 4 3 3 3 4 4 1 4 0 4 1 3 1 2 2 0 1 2 2 1 1 3 3 1 3 2 2 0 3 2 1 2 1 1 2 2 3 0 1 0 0 4 0 3 1 3 1 4 2 3 0 3 3 1 1 3 3 1 1 3 3 4 2 1 3 0 0 1 0
1 3 2 1 3 1 4 3 2 4 1 2 1 1 3 4 3 1 3 1 4 3 4 4 1 3 4 1 3 2 3 2 0 1 0 0 4 4 4 3 3 2 2 2 3 0 1 3 4 1 4 3 0 1 4 1 1 0 4 1 2 4 0 4 2 0 0 1 0 4 1 0 1 4 2 1 4 1 2 0 2 3 1 4 1 2 2 4 3 1 1 2 3 1 2 0 2 2 2 4 3 3 1 4 4 1 2 4 2 1 4 4 0 2 4 3 0 1 3 3 0 1 0 3 4 2 3 3 1 2 2 4 3 4 0 2 0 3 3 4 4 0 3 1 2 4 0 2 3 0 0 0 1 3 3 0 2 3 4 4 3 3 3 3 4 4 0 4 4 1 3 0 1 4 4 3 0 1 1 3 1 3 0 4 3 0 4
1 4 0 2 4 1 2 2 0 3 4 2 2 0 2 0 1 1 4 0 4 0 3 4 3 3 0 2 2 0 3 0 1 4 4 0 0 1 4 2 2 4 4 1 4 2 1 1 0 2 3 4 2 3 1 0 1 1 4 0 1 3 2 0 4 1 0 1 0 0 3 4 4 3 0 0 2 4 1 4 1 1 1 4 4 2 1 3 3 1 3 1 1 3 1 0 4 4 1 1 4 4 0 0 4 3 2 1 2 1 1 3 2 4 4 2 1 3 2 1 1 0 2 2 3 1 2 0 0 3 3 1 2 1 3 4 4 0 0 3 1 3 1 4 2 3 3 0 1 0 1 2 2 1 1 3 2 3 0 2 1 3 3 0 1 1 1 0 3 2 0 0 2 2 1 2 2 1 4 3 3 1 2 0 4 3 0
1 3 0 3 1 1 3 3 2 1 0 0 4 4 0 4 3 4 2 2 1 3 2 1 1 0 0 4 4 0 4 0 3 2 0 1 3 3 0 0 4 0 0 0 1 3 0 4 2 2 2 1 3 4 2 4 4 0 0 3 0 2 0 1 4 0 2 2 3 2 4 4 4 2 4 0 0 1 0 4 1 2 0 4 3 0 0 2 0 1 2 2 0 2 3 4 4 1 3 2 0 4 3 0 1 4 2 3 1 2 3 2 1 3 3 4 0 3 3 0 1 2 0 3 1 3 4 0 1 2 4 4 4 2 1 0 2 3 4 0 3 4 4 4 4 2 1 0 2 1 2 1 4 2 1 0 1 1 3 4 3 2 3 2 0 4 0 4 0 1 1 3 0 0 4 4 4 2 1 3 4 4 1 0 1 3 2
4 4 0 1 4 0 4 4 0 1 1 1 1 2 2 1 4 4 0 0 3 0 2 3 1 3 0 1 1 0 0 1 4 3 2 0 3 3 4 0 4 0 1 2 4 0 3 3 4 1 1 4 1 0 4 2 3 4 0 4 1 2 0 0 0 4 1 0 3 2 0 4 3 3 2 2 3 2 3 4 0 4 0 1 4 0 0 4 1 0 3 3 0 1 3 2 2 1 3 0 4 0 2 4 4 1 3 4 0 1 1 1 2 1 2 3 1 3 2 0 0 3 3 2 1 1 0 3 0 3 1 1 0 3 0 4 1 3 1 1 2 4 2 1 0 0 0 4 0 4 4 2 4 2 0 0 0 2 4 2 2 0 3 2 0 3 4 1 4 0 2 1 1 0 2 1 2 4 2 2 1 3 1 0 0 3 1
3 0 0 0 2 0 4 2 0 4 1 1 3 3 0 4 4 0 4 2 2 3 0 1 4 3 3 0 1 3 3 1 4 3 1 3 0 2 0 2 4 3 0 2 1 0 4 0 1 3 3 0 3 3 2 0 3 2 2 1 0 0 2 1 0 1 2 0 0 4 4 4 3 4 2 4 4 3 0 2 1 0 3 1 0 2 3 0 4 0 2 4 2 4 3 2 2 0 4 3 4 3 2 2 2 1 2 4 4 4 1 2 1 1 4 1 3 2 1 2 0 0 4 2 0 2 2 4 4 1 2 3 0 2 3 4 3 2 3 0 1 2 2 4 3 3 2 4 3 0 3 3 1 4 2 3 1 4 2 2 1 2 1 3 4 4 2 2 1 3 4 4 0 2 0 0 2 2 1 0 2 0 0 0 4 3 3
3 4 3 0 2 0 3 0 1 4 0 0 2 3 0 1 0 2 3 2 1 0 4 2 0 1 4 0 2 2 1 2 4 1 0 1 1 3 2 2 0 2 2 2 2 4 1 2 3 4 4 0 0 0 4 0 1 3 2 4 3 3 1 2 4 1 3 2 2 0 1 2 4 1 4 1 0 2 0 4 2 0 1 4 0 0 4 4 3 3 3 1 4 1 3 3 0 4 3 2 1 4 1 1 2 2 4 3 0 0 4 4 2 0 3 4 2 2 3 0 2 3 4 1 2 2 2 2 3 0 1 0 1 4 3 4 1 2 4 3 4 0 2 3 0 0 3 2 4 3 4 2 4 3 0 1 3 2 3 1 2 1 1 1 0 1 0 3 4 1 2 0 1 1 4 3 4 2 2 3 2 1 2 1 2 3 2
0 0 2 3 0 0 2 1 0 3 3 1 2 1 3 3 2 1 4 0 0 1 4 4 3 0 3 0 2 3 4 4 1 2 3 1 2 2 4 0 0 4 1 0 0 1 0 4 4 4 4 0 2 0 1 0 0 4 2 0 0 4 1 1 3 1 4 2 3 0 2 4 4 0 1 1 3 1 0 3 0 1 3 2 1 1 4 3 2 4 0 2 3 2 3 1 3 2 3 4 2 3 0 3 3 1 4 4 2 4 2 4 2 0 3 3 3 2 2 0 3 2 3 1 1 1 4 2 1 0 1 0 0 3 4 0 4 0 4 3 2 1 2 4 3 0 0 1 4 4 4 3 3 2 1 0 0 3 2 3 3 0 4 0 3 0 0 4 0 0 2 2 3 4 2 4 4 2 2 3 1 1 3 1 3 0 1
1 3 0 4 3 2 3 3 0 3 0 1 1 2 3 3 1 2 2 2 3 4 4 4 2 1 2 4 1 4 2 2 2 3 2 2 2 2 0 0 3 3 1 4 0 0 2 3 2 0 0 3 1 0 4 1 1 1 2 2 3 4 2 0 4 1 0 2 3 0 2 3 0 0 2 1 0 2 4 0 4 0 3 2 2 2 0 3 0 2 2 3 4 1 1 0 2 1 2 1 3 1 1 4 2 1 0 4 0 1 4 1 1 2 3 3 1 4 3 4 3 3 2 2 4 3 3 2 1 2 0 0 1 3 4 0 4 1 4 4 2 4 0 1 3 1 1 2 2 2 1 0 0 3 0 1 4 0 0 0 4 2 0 0 1 1 2 0 2 2 2 2 3 4 3 3 0 1 0 2 3 3 0 0 2 0 2
3 2 2 0 1 2 3 4 3 4 1 0 4 0 2 1 0 2 1 4 2 2 1 2 3 0 2 3 4 4 2 2 1 0 4 2 2 2 3 2 2 0 2 3 2 0 1 3 4 2 4 3 1 2 0 1 2 4 0 3 3 2 0 1 4 2 1 3 4 4 0 3 1 0 1 4 0 2 4 1 1 0 4 0 2 2 1 0 3 3 3 2 1 1 0 0 3 1 1 4 3 1 3 4 1 4 0 3 4 4 1 2 1 3 2 4 0 1 1 0 4 1 2 0 4 0 3 4 1 4 4 4 2 2 1 1 3 1 1 4 3 3 2 4 3 4 0 0 0 1 0 2 0 0 2 4 0 2 1 3 3 0 0 1 4 1 4 4 2 0 4 2 0 1 4 0 2 4 0 0 3 1 2 3 1 1 4
3 4 2 1 2 4 1 0 3 2 4 0 2 2 4 4 4 2 0 0 1 0 2 1 3 3 0 3 1 4 4 4 0 2 1 2 1 4 0 2 2 1 2 1 0 3 2 2 2 3 2 3 3 4 2 3 0 4 3 1 3 2 1 3 1 4 3 3 3 0 2 2 1 1 3 4 4 3 1 3 1 0 3 1 4 0 4 1 2 4 3 2 3 1 1 0 0 1 0 3 1 2 3 4 0 1 3 4 4 4 4 2 4 2 3 1 0 4 2 2 3 2 1 2 3 2 4 3 0 1 4 1 0 2 1 0 0 1 1 2 3 0 4 2 2 0 0 4 4 3 3 0 2 0 2 1 4 3 1 0 4 2 1 4 1 4 4 4 3 0 1 1 2 2 0 1 4 1 1 4 1 1 4 3 1 3 1
1 3 3 3 2 2 4 3 4 1 4 3 4 4 1 2 1 0 2 2 0 3 0 1 1 2 2 2 3 0 3 1 3 3 4 2 1 1 2 0 4 1 0 0 0 3 2 3 3 1 2 0 2 0 1 3 2 3 0 2 0 4 1 0 4 2 2 0 3 1 2 4 2 2 4 4 2 3 2 1 0 2 3 2 2 0 0 1 0 3 3 1 4 1 3 3 4 3 4 4 4 3 4 2 1 3 1 3 2 1 1 4 3 2 1 2 2 3 3 4 1 3 2 2 0 1 1 1 4 2 0 3 0 4 2 3 0 4 4 2 0 2 1 0 4 4 2 3 2 2 3 1 0 2 3 2 3 4 3 4 3 4 0 1 0 2 4 0 3 3 4 0 3 2 0 2 1 4 3 1 3 1 2 4 0 2 3
4 2 2 0 2 3 0 3 0 0 3 1 0 3 2 1 3 2 3 1 0 0 4 1 3 2 0 4 2 3 3 3 2 2 4 4 2 1 3 2 3 3 0 4 3 0 0 2 2 0 0 2 0 1 4 4 3 4 3 2 2 3 3 1 0 4 1 4 0 1 2 1 1 4 0 1 4 2 0 1 2 0 4 3 1 0 4 1 1 4 1 1 3 4 2 0 3 3 2 0 1 1 1 2 0 1 1 2 3 1 3 3 4 4 3 2 4 2 4 1 3 2 2 3 1 4 1 4 0 3 1 3 4 3 3 1 1 4 3 0 0 2 0 4 3 3 4 3 2 3 1 0 0 0 4 3 1 2 4 3 0 0 2 4 0 0 0 2 4 1 4 1 3 4 3 3 2 2 1 1 2 4 1 4 1 2 4
3 4 3 3 1 0 0 2 1 0 0 3 1 1 2 0 1 1 0 4 0 4 3 1 1 4 4 2 1 4 1 1 0 4 4 2 4 0 1 2 2 1 0 1 4 4 1 0 0 1 0 2 0 0 0 3 4 2 0 0 1 1 1 1 2 1 0 3 3 2 1 0 0 1 1 0 1 4 0 3 0 2 3 2 2 3 2 2 0 4 2 3 0 1 0 4 2 2 3 0 4 4 2 0 2 4 0 0 3 2 4 1 0 4 0 2 4 0 4 2 4 4 0 0 0 2 1 2 0 4 4 1 3 1 1 3 2 3 3 3 1 4 4 1 3 1 0 3 1 2 0 1 1 2 3 1 0 4 0 0 1 1 1 1 2 0 4 2 0 3 0 1 2 1 4 3 4 0 1 1 4 3 4 0 0 4 1
2 0 3 4 1 4 1 3 3 3 2 0 3 0 0 2 0 3 1 3 3 3 1 1 2 4 0 4 1 1 2 4 1 0 3 3 1 1 1 0 1 3 0 0 1 3 4 3 3 0 3 1 1 4 2 0 0 4 0 1 0 2 2 2 0 3 0 1 4 3 1 1 3 4 3 1 4 4 4 2 4 4 4 2 3 3 3 3 0 0 2 2 2 4 4 2 2 1 4 4 1 2 2 0 1 0 3 0 1 3 3 0 2 4 0 3 4 0 1 1 0 0 4 4 0 0 4 2 4 0 1 0 2 0 2 1 2 1 1 3 4 1 1 3 2 1 3 4 1 2 0 3 2 1 2 2 2 3 2 1 3 0 3 3 1 1 4 3 2 2 2 3 1 3 3 0 1 2 4 2 4 2 2 1 3 1 1
2 0 0 0 0 0 4 0 3 0 4 2 2 4 1 0 2 1 3 2 2 2 2 1 1 1 3 0 1 1 3 4 1 3 4 4 3 3 4 2 0 1 1 2 0 2 4 2 3 3 1 0 2 3 3 4 1 1 1 3 2 4 2 1 2 3 2 2 4 1 1 4 2 2 4 4 1 3 3 4 3 0 1 1 0 4 2 2 2 0 2 2 4 1 3 3 4 0 2 0 3 4 0 3 1 4 2 3 4 3 4 3 3 3 1 0 2 3 4 2 3 1 4 4 4 4 4 4 1 1 1 4 0 1 4 4 2 4 4 2 2 0 2 2 3 3 4 3 3 4 2 3 2 1 2 2 2 1 3 3 4 4 4 2 3 4 1 0 0 2 4 2 4 3 1 3 3 0 3 1 4 0 4 4 3 3 1
0 1 4 0 1 3 4 3 1 0 1 4 0 0 0 4 4 4 0 4 2 1 4 1 2 4 2 1 4 1 4 4 4 0 1 0 4 3 0 2 3 1 3 1 3 4 2 3 0 3 4 2 1 4 0 0 0 3 4 0 1 0 1 0 1 3 3 2 3 3 1 3 2 0 4 0 1 2 0 1 2 0 0 0 1 1 2 1 1 1 3 2 2 2 4 3 2 2 2 0 1 3 3 0 3 0 2 4 4 3 2 1 0 3 3 1 1 0 4 2 4 3 4 3 0 0 3 2 3 0 4 1 3 2 1 4 2 0 3 1 3 3 4 3 1 4 1 2 0 1 1 1 1 0 4 1 0 2 0 0 4 4 1 2 3 4 1 3 0 2 1 0 2 1 1 3 0 4 2 2 0 3 3 1 0 4 4
2 3 1 3 2 2 1 2 1 3 0 1 0 4 2 0 1 0 3 4 1 3 3 0 0 1 1 2 3 2 3 1 1 0 1 3 2 4 2 0 2 3 1 4 2 4 0 4 4 0 0 2 0 4 3 1 2 1 3 3 3 1 4 1 3 2 2 1 1 4 1 1 2 3 0 2 4 2 1 3 3 3 1 3 4 1 4 2 4 4 0 2 3 1 4 1 3 1 4 1 2 1 2 0 1 3 2 0 0 0 3 3 3 1 4 3 4 0 2 3 0 4 1 0 0 2 1 0 0 1 1 2 4 4 4 0 2 3 0 4 3 0 0 4 2 4 4 1 4 3 2 1 2 0 1 4 2 3 4 4 1 2 3 0 3 3 0 2 3 2 2 2 4 2 3 3 1 4 2 2 2 4 4 4 4 0 3
3 0 4 2 1 3 2 3 2 2 0 4 1 2 1 0 4 0 3 2 3 2 4 1 1 3 2 0 2 4 0 2 0 1 1 3 4 4 2 3 1 4 3 2 4 1 2 3 4 2 0 2 1 0 0 2 0 2 4 0 2 1 2 4 2 4 2 4 0 1 2 3 1 2 1 0 1 0 3 0 0 3 2 1 0 3 4 1 2 3 1 4 2 0 3 4 4 3 0 1 4 3 0 0 2 3 2 3 3 0 3 3 1 3 2 1 3 1 4 0 1 2 0 3 3 0 0 4 3 0 1 0 0 1 2 3 1 0 3 1 2 4 2 3 2 4 2 0 2 1 0 0 1 2 1 4 0 1 3 0 3 4 0 4 2 3 4 3 0 4 2 2 3 4 1 0 3 0 2 0 3 0 0 4 2 3 3
4 4 2 0 0 3 2 1 3 0 2 1 2 1 3 0 0 4 1 2 2 3 0 4 1 0 2 1 4 0 1 4 2 3 1 2 4 3 3 2 1 0 0 3 3 1 3 3 0 1 1 3 4 3 4 3 3 1 1 4 2 2 0 1 3 1 3 2 2 3 4 3 0 4 3 3 2 4 4 3 2 2 3 4 0 2 2 0 4 3 4 3 0 2 4 3 3 4 2 0 4 1 0 4 3 4 4 2 0 3 0 2 0 3 1 2 3 3 2 4 3 4 4 1 1 3 4 1 4 4 4 3 2 1 2 2 0 1 0 2 2 0 0 4 1 1 2 4 2 1 0 0 2 4 1 0 2 3 4 3 2 3 1 1 4 0 4 2 3 4 4 2 4 1 2 2 0 4 3 2 2 3 4 0 2 3 2
1 3 1 4 2 4 2 3 1 4 2 3 3 1 4 2 3 1 4 2 1 0 1 0 3 4 4 0 2 4 2 0 2 4 0 4 0 4 3 1 4 2 1 4 4 1 1 4 4 1 1 0 1 2 0 1 4 1 1 3 1 1 3 3 2 0 0 4 0 0 3 4 2 4 0 1 2 1 0 1 4 4 3 3 1 0 1 0 2 3 3 0 1 4 0 0 4 0 4 4 0 2 0 3 2 0 1 1 4 4 3 0 3 1 3 1 2 0 4 1 0 4 1 3 3 3 3 3 4 2 4 1 2 0 1 1 2 0 2 3 4 2 4 4 1 2 0 0 4 4 1 1 4 4 4 4 2 4 2 3 4 2 0 1 4 3 2 1 3 1 0 2 4 1 3 0 0 4 0 0 0 3 3 1 4 3 1
1 2 0 2 1 4 2 4 3 2 3 2 1 0 4 0 4 0 4 1 0 0 3 0 0 3 1 4 2 4 2 0 3 2 2 2 2 1 3 0 4 2 4 0 2 3 2 3 3 1 4 4 1 4 1 4 2 2 3 1 3 2 1 4 4 4 1 1 2 4 4 1 1 0 3 0 4 1 3 2 4 4 3 3 0 0 2 2 4 2 0 3 4 2 2 0 3 0 2 0 4 3 4 3 3 2 0 4 0 4 2 0 0 0 3 1 2 2 0 2 4 1 0 0 0 4 0 3 4 4 0 0 4 4 0 0 2 1 4 4 0 1 4 2 4 4 3 3 1 4 0 2 2 2 2 2 1 0 0 0 4 0 3 4 0 3 1 4 4 0 3 1 4 0 4 0 4 2 3 1 3 4 0 0 1 3 2
0 0 4 2 4 2 0 0 4 4 1 3 3 2 3 2 3 3 1 3 0 0 1 3 1 2 3 1 1 3 1 1 3 2 3 0 4 1 0 3 0 4 3 0 3 2 4 1 2 0 1 2 3 2 0 4 0 1 2 3 4 0 4 0 3 4 0 4 0 2 0 2 1 0 0 4 4 4 2 2 2 3 1 0 3 4 1 0 0 3 3 1 1 4 1 1 3 3 0 1 1 2 0 2 3 2 4 2 2 3 1 1 4 0 1 2 4 4 2 1 2 2 4 0 1 1 1 1 4 4 4 2 1 0 0 1 2 1 1 1 1 4 2 0 4 0 2 0 4 1 3 4 3 3 1 1 4 3 3 0 2 2 3 0 4 0 4 4 3 0 2 4 1 2 0 1 2 2 1 4 1 0 0 1 3 1 3
4 1 3 1 0 2 4 1 2 1 2 3 4 4 0 4 0 2 4 1 2 3 0 3 4 2 0 3 2 3 1 3 0 4 4 0 3 1 3 2 2 0 0 4 4 3 3 0 2 4 1 1 2 3 1 4 0 1 2 4 0 3 2 0 4 2 2 4 0 1 2 4 1 2 3 1 2 3 3 0 2 1 1 0 0 3 1 2 1 3 2 1 3 4 3 4 3 1 3 3 2 0 0 0 0 3 3 2 2 1 2 4 3 1 1 0 1 2 2 2 2 4 1 0 1 4 4 1 2 0 2 1 0 2 2 0 0 0 0 4 4 4 1 2 0 4 2 1 2 1 1 4 1 2 2 4 3 3 0 1 3 2 4 4 4 1 1 2 4 1 3 0 1 4 4 3 4 1 2 3 4 3 4 2 2 1 1
0 0 4 3 0 1 3 4 3 1 3 0 0 1 0 2 4 0 1 3 1 4 0 4 4 0 0 1 2 2 3 2 4 2 1 4 0 1 1 3 2 1 0 0 2 1 2 2 3 4 2 4 3 2 0 2 4 0 1 1 4 1 0 0 0 3 2 0 4 3 1 2 1 3 2 3 1 4 2 1 0 4 0 4 3 2 3 2 3 4 0 2 0 1 3 0 4 2 3 1 0 4 3 3 4 2 1 1 3 4 2 4 0 0 0 4 2 0 1 0 0 2 0 2 0 0 3 1 2 1 2 4 2 2 2 1 4 0 4 0 1 4 1 2 4 1 1 3 1 4 1 3 3 1 1 3 3 1 0 0 2 4 1 1 2 3 4 3 0 4 3 2 3 4 4 4 2 0 4 1 1 0 4 0 3 2 0
1 3 2 3 0 2 1 3 1 1 3 4 2 2 0 4 2 4 0 3 4 2 4 0 3 0 1 3 0 4 4 4 2 1 4 0 0 1 3 1 2 1 1 4 0 1 0 4 2 0 4 1 2 4 3 3 4 0 1 1 4 2 0 1 1 0 1 1 3 0 3 0 3 1 2 4 4 4 0 3 2 0 2 4 4 2 2 0 2 1 1 3 3 4 0 1 1 3 3 4 0 3 1 4 1 3 0 2 0 0 2 2 2 4 3 1 2 3 3 1 1 2 0 4 1 2 3 4 0 1 3 1 1 4 2 2 0 2 1 0 4 3 4 2 0 2 0 2 2 4 0 3 3 0 0 4 2 3 3 0 1 3 3 2 4 0 1 4 4 2 1 3 2 2 2 2 0 0 1 4 1 2 3 4 4 3 0
4 3 0 4 4 3 2 1 2 4 4 4 3 1 0 3 0 3 3 3 0 3 4 4 4 3 4 0 3 4 0 4 2 0 3 1 3 2 4 0 1 3 1 1 1 2 4 2 2 4 0 2 2 1 3 3 0 3 3 3 4 3 2 2 3 2 3 3 1 0 1 4 3 2 0 2 1 1 4 3 1 1 2 0 4 1 4 4 1 2 4 0 3 3 4 3 2 0 2 3 0 0 2 0 2 4 2 4 3 3 4 4 1 2 4 1 0 0 2 3 0 2 0 3 0 0 3 3 0 2 3 2 2 3 2 0 2 2 1 0 2 0 1 1 4 3 2 4 3 4 2 3 3 0 3 1 0 4 4 2 1 4 4 4 2 1 1 2 0 2 4 3 4 1 4 4 4 3 3 4 4 3 0 3 3 0 4
0 4 0 2 1 4 1 0 4 4 1 1 0 0 0 0 4 3 1 0 4 4 1 4 3 4 4 3 4 4 2 1 4 4 3 2 1 1 2 0 0 0 3 2 0 0 4 1 4 0 2 0 1 3 4 2 4 0 0 0 0 0 1 1 4 1 0 2 2 2 2 4 4 2 4 4 3 3 2 4 4 4 4 2 4 1 4 0 1 0 0 3 2 3 1 3 4 1 1 3 0 3 3 4 3 2 0 1 2 0 2 3 4 3 1 1 1 0 1 3 2 4 3 4 2 2 3 4 3 1 2 1 1 0 0 4 4 3 2 4 3 4 2 4 0 3 0 1 1 4 1 3 0 0 0 2 2 0 1 2 1 4 3 2 1 1 2 3 4 4 2 2 1 4 3 1 0 1 4 1 0 1 1 0 1 3 4
0 3 3 2 1 4 3 4 0 4 3 0 3 4 2 2 0 4 2 3 4 3 3 2 0 1 0 2 4 4 2 4 2 2 3 4 1 1 0 1 0 3 2 0 2 1 4 0 0 2 0 4 0 0 3 1 1 4 3 0 3 2 4 2 4 0 1 0 1 3 4 2 1 3 4 1 4 4 1 2 1 1 3 1 2 2 4 0 1 0 1 4 2 2 1 4 2 0 1 4 3 0 3 2 0 2 3 2 1 4 4 4 2 2 1 1 1 2 2 2 2 0 3 2 4 2 1 2 2 2 3 2 0 3 4 2 0 4 4 4 3 0 3 3 0 1 1 1 4 3 1 1 0 4 3 0 1 1 4 0 4 2 3 1 0 4 3 2 4 0 1 4 0 0 4 0 3 1 4 2 1 0 1 2 4 4 4
3 3 3 3 4 0 3 0 2 0 3 4 4 0 3 0 1 3 0 3 1 1 4 1 4 4 2 1 1 3 2 1 1 0 4 0 2 0 0 4 0 1 1 1 3 4 1 4 4 3 0 2 1 4 3 1 1 0 4 4 1 2 0 2 2 1 0 0 1 2 1 3 3 2 1 4 1 3 3 0 3 0 0 0 2 3 1 3 1 0 2 4 2 2 1 0 0 1 2 4 4 3 2 4 1 4 3 4 4 4 0 2 1 2 4 3 0 0 1 3 3 0 2 0 4 1 2 0 4 4 4 0 3 3 2 4 4 2 3 0 1 0 0 0 2 4 3 0 0 2 0 0 2 0 0 4 1 3 1 0 2 2 1 2 0 3 3 2 2 2 2 4 4 2 1 4 2 4 1 4 1 1 4 1 3 1 2
4 4 3 0 4 0 3 3 2 3 2 4 0 1 4 1 0 1 2 1 0 4 4 1 0 3 2 3 1 4 0 1 0 0 3 1 2 3 0 0 1 2 1 3 3 0 2 0 4 4 4 1 3 3 3 1 1 2 1 3 1 2 1 4 4 4 0 2 4 2 4 2 4 2 0 4 3 2 2 4 4 1 0 4 4 0 2 3 3 4 3 1 3 4 2 2 0 0 1 4 2 0 1 4 3 3 3 3 3 2 2 2 3 4 3 3 2 3 3 2 4 1 3 2 0 3 1 0 3 3 1 0 0 2 1 3 0 2 3 3 4 2 2 3 2 3 3 1 1 1 3 2 2 3 1 4 1 2 1 1 2 2 4 0 4 0 3 1 2 2 0 2 1 2 2 3 2 0 1 3 3 1 2 2 0 3 3
3 3 4 0 2 1 4 2 2 1 3 3 4 0 3 3 1 3 2 2 0 4 0 1 2 2 3 1 4 4 4 4 2 0 4 4 3 0 2 0 2 0 3 3 2 4 3 0 4 0 4 1 4 0 4 3 4 3 1 3 2 0 2 1 2 4 0 0 1 4 0 0 4 0 0 3 1 3 4 0 0 0 2 1 0 1 1 1 1 2 4 0 4 4 1 1 0 4 1 1 3 1 2 0 4 2 3 0 3 2 1 0 3 0 2 0 3 3 4 2 3 0 4 2 4 3 4 4 2 0 3 2 4 2 2 3 1 1 0 1 0 3 2 0 0 1 3 4 1 2 3 4 2 4 2 4 2 3 0 1 0 3 4 1 0 3 1 4 1 2 0 2 0 2 4 1 3 2 2 0 4 2 1 4 1 3 3
4 3 3 2 4 4 3 0 1 2 2 0 0 1 1 2 1 0 4 4 1 1 1 3 3 3 4 4 0 0 2 1 3 0 3 4 4 2 2 3 1 1 3 1 2 1 1 3 2 0 3 0 3 1 3 3 0 4 2 2 4 4 3 0 2 3 1 3 2 3 1 3 1 2 0 3 3 3 4 2 3 2 2 3 0 2 2 0 4 1 4 0 1 4 2 0 3 4 0 0 4 2 4 1 4 1 4 4 4 3 2 4 2 1 4 3 1 1 0 0 0 0 0 1 4 3 3 2 4 3 0 3 2 1 1 1 2 1 3 3 1 0 4 4 3 3 4 4 2 4 1 2 4 4 0 1 4 0 0 3 3 0 3 1 3 0 4 0 3 2 0 4 2 1 0 3 2 4 4 4 1 1 3 2 2 0 3
1 0 1 1 3 3 4 1 2 1 1 4 4 3 0 1 3 3 3 1 0 0 2 1 1 3 4 3 0 1 4 3 1 0 4 2 0 1 3 2 2 1 2 4 0 4 2 0 2 0 3 3 2 0 4 3 1 1 4 3 4 3 2 3 0 1 0 0 2 0 0 2 2 2 3 4 1 2 4 3 4 2 3 2 4 0 0 0 1 4 4 2 4 1 0 1 4 0 4 4 3 4 1 0 1 1 4 4 3 0 4 2 4 3 4 3 3 2 4 1 3 3 3 0 1 4 3 0 1 2 4 4 3 2 1 1 3 2 0 3 2 0 3 1 3 4 0 3 1 4 4 2 4 4 2 0 3 2 2 2 0 2 1 0 4 3 2 0 0 4 0 0 1 3 1 1 3 3 4 1 4 0 0 3 0 4 0
3 2 3 0 2 2 4 4 1 4 1 3 4 3 4 1 4 4 3 1 4 1 0 3 1 1 3 1 1 3 4 1 0 2 4 4 4 0 3 2 4 2 3 0 0 2 2 4 3 0 0 3 3 3 1 1 4 4 0 2 4 4 3 1 1 4 0 2 4 1 1 3 0 4 1 0 3 3 1 2 0 4 0 3 2 3 2 1 4 2 3 1 3 3 2 1 0 3 3 4 1 4 0 1 4 1 3 2 4 4 1 1 3 1 4 0 1 3 3 3 2 3 4 0 4 1 1 4 1 4 0 2 1 2 0 0 3 3 4 4 0 1 0 0 4 2 3 3 0 1 1 3 2 0 0 1 3 2 2 0 3 2 4 4 0 0 1 0 0 1 2 0 4 2 3 3 1 1 1 2 2 4 2 1 1 4 2
0 1 4 2 0 4 1 4 1 3 3 1 4 4 3 1 0 3 1 3 4 2 2 3 2 3 2 3 0 2 1 0 0 2 2 0 3 0 2 4 1 0 3 2 1 3 3 1 3 2 1 0 4 3 3 1 2 3 0 4 2 3 1 2 2 0 0 1 0 2 2 1 4 0 3 0 1 4 3 4 1 4 4 2 0 0 4 4 3 1 3 2 4 4 1 3 4 1 4 1 0 2 3 4 4 3 1 0 4 4 2 2 1 1 0 1 1 4 0 1 2 3 0 3 2 2 1 3 3 3 4 1 0 4 2 1 0 1 4 4 0 1 2 1 2 4 4 1 0 4 4 2 2 0 0 1 2 3 4 2 1 1 3 3 2 1 0 2 4 4 4 1 2 3 3 4 2 4 2 2 4 2 1 1 2 1 0
4 4 1 3 1 2 2 1 0 0 1 2 4 2 3 0 4 1 0 1 3 0 3 2 1 2 3 2 4 1 4 0 1 1 4 4 0 1 0 0 3 4 0 4 3 3 4 0 2 2 1 0 4 1 0 0 4 3 4 0 0 4 1 3 2 0 4 2 3 1 0 3 2 2 2 1 0 3 1 4 2 4 0 1 2 0 3 3 0 3 4 2 4 0 0 1 2 1 0 2 3 0 0 2 2 2 3 0 2 1 4 0 2 1 1 0 3 0 0 1 0 4 3 4 1 1 2 3 2 2 2 2 0 2 0 2 1 0 4 4 4 1 4 3 2 2 3 3 2 1 4 4 0 2 3 2 3 0 2 3 0 0 0 0 4 2 4 1 0 1 0 4 2 1 2 1 3 3 4 3 4 3 2 1 3 1 0
3 3 0 1 0 0 4 2 1 1 2 2 3 0 4 4 2 0 2 3 4 2 0 4 3 0 1 1 0 4 2 4 0 2 0 0 4 1 0 0 0 4 0 3 4 4 3 3 2 2 1 3 1 3 2 4 1 0 2 1 0 4 0 2 3 3 4 2 4 4 0 4 3 2 0 2 3 3 0 0 2 4 0 3 4 4 4 0 0 1 2 2 1 4 4 1 2 3 1 4 0 1 0 3 0 0 3 3 0 0 1 2 4 1 2 1 1 1 1 3 0 0 0 3 0 4 4 2 4 0 3 4 3 4 3 3 4 3 4 2 3 0 1 0 3 4 1 1 2 4 4 2 0 1 0 2 0 0 1 2 0 0 1 4 4 1 4 0 1 3 2 0 3 4 0 4 3 3 0 0 4 2 3 1 3 3 3
1 0 0 3 1 0 1 2 4 0 1 1 1 0 4 3 0 3 0 1 3 3 4 3 3 1 3 4 1 4 0 2 4 0 2 2 2 1 4 3 1 3 4 4 3 3 3 0 3 3 2 1 4 3 2 4 4 2 0 0 1 0 0 3 0 4 0 4 0 2 2 3 0 2 3 0 2 1 2 1 1 1 4 0 4 3 4 0 1 0 3 4 2 3 2 0 4 0 4 0 4 2 3 1 1 3 3 0 1 0 1 3 4 3 3 3 1 0 1 2 2 4 4 4 4 3 1 3 3 1 0 4 0 4 0 3 4 0 3 1 1 2 4 2 0 4 2 3 1 3 1 3 2 0 0 1 3 3 2 4 4 2 0 1 3 3 1 3 3 0 4 1 4 0 3 1 4 1 4 1 4 2 1 4 2 3 2
3 2 4 4 3 4 1 0 2 4 3 2 3 0 1 1 4 1 0 0 3 3 2 4 4 4 2 0 4 1 3 4 3 4 3 1 3 4 3 3 1 2 0 4 2 4 2 4 0 4 4 0 4 1 4 4 3 2 4 2 3 4 1 3 4 1 1 4 0 0 2 1 4 0 2 1 4 2 0 1 1 2 2 1 0 3 2 3 0 3 2 0 3 3 0 2 1 2 3 4 2 1 2 1 3 2 4 2 4 2 3 2 4 2 3 1 1 2 0 1 1 4 4 4 0 4 3 1 3 1 0 0 4 3 3 2 0 0 1 4 2 0 1 3 2 2 4 0 1 4 4 2 1 3 3 1 4 1 2 3 0 3 0 4 1 1 4 3 1 0 2 3 2 0 1 2 4 2 2 1 2 1 3 3 1 2 1
1 0 3 1 2 1 1 4 4 2 3 2 0 0 1 0 3 2 3 2 3 1 4 4 0 3 0 0 4 4 1 2 1 4 3 4 3 2 3 2 1 3 0 2 3 3 2 3 0 1 0 4 4 2 0 4 2 2 4 1 1 0 1 3 4 1 4 2 3 2 2 0 0 4 4 3 2 1 4 3 4 4 4 3 3 1 4 0 4 3 4 2 3 0 0 0 1 1 4 0 3 1 2 3 0 1 4 3 4 3 3 1 4 4 4 3 0 4 3 1 4 2 4 3 4 1 0 1 3 4 3 3 1 0 2 3 3 3 3 2 1 1 3 2 2 0 0 3 1 1 1 0 3 2 0 0 1 0 1 4 2 1 2 0 3 1 3 3 1 2 0 4 0 1 2 3 1 2 3 4 3 4 4 4 4 2 4
0 4 2 4 1 0 3 1 0 2 2 3 0 4 3 0 1 1 2 4 4 1 2 3 2 4 0 1 3 2 2 3 1 1 4 0 3 4 1 3 3 0 1 4 1 1 4 3 3 3 2 2 4 2 3 1 3 0 2 3 2 1 1 0 4 2 2 2 1 1 0 2 1 1 1 3 0 2 1 0 0 0 2 4 4 2 1 2 2 0 2 1 4 3 4 3 2 1 1 1 2 3 3 1 2 1 4 2 3 2 2 3 4 1 4 4 1 0 3 3 3 1 2 4 1 1 2 4 2 0 0 2 1 0 3 3 1 4 2 4 1 4 4 2 2 3 3 3 1 2 4 1 0 1 0 3 2 4 4 1 0 1 3 1 1 3 1 4 2 3 0 0 4 4 3 1 0 1 2 3 0 1 4 2 2 4 3
4 0 2 0 2 4 1 0 2 1 1 2 1 4 4 1 0 4 1 2 1 0 4 4 2 0 3 0 4 4 3 3 4 0 0 2 1 3 2 1 0 1 0 3 2 4 4 3 0 3 0 1 0 1 0 2 3 0 2 2 4 2 2 1 0 4 3 1 3 2 4 0 3 4 3 1 4 4 1 4 4 1 1 4 4 3 2 2 4 1 1 0 4 3 1 4 2 1 2 2 4 2 4 4 3 2 2 2 4 3 4 3 1 2 3 0 0 2 4 1 3 2 2 2 0 3 3 0 0 1 4 1 0 4 0 3 1 0 1 2 3 2 1 2 4 1 4 4 0 4 1 3 1 3 1 4 3 1 1 3 2 0 4 2 4 2 3 3 2 1 0 2 3 3 1 2 1 1 3 1 2 4 0 0 4 3 4
3 4 2 3 4 3 0 1 2 4 1 2 3 2 3 0 0 1 4 2 3 0 1 4 2 2 1 4 4 4 1 2 1 3 2 0 1 2 3 1 3 0 3 1 2 3 4 3 0 3 2 0 3 0 1 2 3 3 3 2 4 4 1 0 3 0 0 1 3 4 2 1 4 3 0 1 1 4 1 3 2 1 0 2 1 2 1 4 2 4 3 3 4 1 4 4 2 1 0 2 0 0 0 1 0 0 0 3 1 1 4 3 2 4 2 1 3 3 2 2 0 1 1 1 4 0 0 1 1 2 0 4 4 1 0 1 3 0 0 0 4 4 0 3 0 3 4 4 3 2 1 0 0 2 1 1 4 3 3 3 1 0 2 2 3 4 4 2 2 1 2 1 0 4 1 0 2 3 1 3 2 3 3 4 2 0 0
4 3 0 2 1 1 4 1 4 0 0 1 2 1 0 0 3 0 2 0 4 2 2 2 4 2 3 3 4 3 3 3 3 4 2 2 2 3 3 1 4 0 0 3 3 2 4 3 4 3 3 1 0 2 3 4 4 3 4 1 3 2 1 2 3 4 1 0 4 1 4 3 1 4 2 1 3 3 1 3 1 4 4 1 4 4 2 3 3 1 4 1 0 3 0 1 2 1 3 3 4 2 2 2 3 1 3 2 4 4 2 0 1 1 3 0 0 0 0 0 3 2 4 0 0 4 1 4 3 0 2 2 4 1 0 0 2 0 4 3 2 1 3 0 2 1 2 4 3 2 0 3 1 1 4 1 0 0 2 0 2 2 3 4 3 0 4 3 0 3 1 4 4 2 4 3 0 1 4 1 1 1 4 2 2 3 1
3 4 0 0 3 2 3 2 3 0 3 3 3 1 4 2 2 3 4 2 4 0 2 2 3 3 1 1 1 0 4 1 1 4 1 1 4 2 4 2 2 2 0 2 1 1 0 0 2 4 3 3 1 0 0 0 0 1 3 1 3 4 4 4 3 1 1 2 3 2 1 2 1 1 0 4 0 2 0 2 3 0 0 4 0 0 1 2 3 1 4 2 0 3 3 1 1 1 3 1 3 0 4 2 3 1 1 0 3 1 2 3 1 4 4 3 1 1 1 0 4 2 4 2 2 4 3 4 1 1 0 1 3 1 3 4 4 2 4 4 3 4 2 2 3 2 2 2 0 3 4 4 2 3 1 0 4 4 1 0 3 3 4 3 2 4 4 1 1 4 1 2 0 3 4 3 2 3 2 2 2 1 2 1 4 0 3
1 2 1 1 0 0 2 0 4 4 0 0 0 1 3 4 1 4 0 1 1 4 4 4 3 0 3 4 2 0 0 3 2 1 1 4 1 4 0 0 0 2 3 0 3 1 2 1 0 2 2 4 1 3 0 4 4 3 1 1 3 1 1 3 2 2 2 1 3 4 3 3 1 3 1 1 0 3 4 2 0 2 3 4 0 3 3 1 3 1 4 2 2 0 2 2 0 4 3 3 1 3 4 4 2 2 1 4 0 2 3 2 4 2 1 2 0 2 0 4 3 0 3 3 0 0 0 2 1 0 1 2 3 2 2 2 4 0 1 1 2 0 3 4 2 0 3 4 2 3 3 2 3 3 0 1 3 0 3 2 2 1 4 1 0 3 3 4 0 2 0 3 2 4 4 1 1 4 0 0 2 4 2 3 2 3 4
3 0 4 0 3 3 1 1 3 2 1 0 2 3 0 2 0 1 1 1 4 0 2 4 0 3 2 3 0 2 4 0 2 0 2 2 3 4 3 2 1 0 4 3 3 4 3 1 3 4 2 2 2 1 4 4 4 1 2 2 3 3 4 2 3 2 0 4 1 3 3 4 0 2 4 4 3 2 0 3 4 4 1 1 1 2 0 2 3 4 1 3 4 1 2 2 3 4 3 1 3 1 2 0 3 1 4 2 4 1 0 3 1 3 1 4 0 3 3 0 4 0 0 3 1 3 2 1 2 1 2 2 2 4 3 3 2 4 2 1 1 2 1 4 3 4 0 0 4 3 1 0 3 1 3 1 1 3 2 1 1 4 0 3 0 0 3 3 0 0 1 3 3 0 4 3 4 4 3 1 2 4 1 3 3 2 4
1 0 2 2 1 3 0 1 4 0 2 4 0 2 0 0 2 0 1 0 2 0 4 3 0 0 1 0 0 3 4 4 0 3 3 3 2 3 2 3 4 4 4 1 1 4 4 1 2 0 1 1 1 2 1 3 0 2 3 2 3 4 1 0 3 0 4 2 3 3 2 4 2 1 1 0 2 0 1 4 2 0 2 3 4 3 3 4 3 1 4 1 3 0 1 1 2 2 3 3 0 0 2 4 3 0 0 0 2 3 0 0 0 2 0 0 3 1 1 1 2 2 4 2 3 2 3 2 2 3 0 2 0 0 2 3 2 4 4 2 4 1 4 2 0 1 2 3 2 0 1 2 3 2 4 3 0 3 2 2 3 3 1 4 0 0 2 4 1 3 1 1 4 0 3 0 2 2 0 4 4 2 3 4 4 3 2
1 3 2 0 1 0 2 0 2 2 0 1 4 0 0 2 0 2 2 2 1 1 2 3 0 4 1 2 1 4 4 4 2 1 0 1 3 2 1 2 1 3 1 0 4 3 4 1 0 3 3 2 4 0 0 2 2 1 4 0 3 0 4 2 4 4 3 4 1 2 2 3 0 0 0 1 3 2 4 3 0 2 2 0 0 2 2 2 1 1 2 1 1 1 3 2 1 2 2 4 4 4 4 1 4 0 0 4 4 4 2 4 4 2 1 4 1 0 3 2 3 0 0 2 3 4 4 1 3 1 1 4 2 0 0 3 2 2 2 3 2 2 3 3 4 1 2 0 2 0 0 2 2 0 4 2 1 4 4 4 2 0 3 0 2 1 3 0 3 1 0 2 3 3 0 4 2 4 4 1 1 1 3 0 2 3 3
3 4 2 0 1 4 0 3 1 1 2 3 2 3 4 4 3 4 2 2 1 3 3 2 0 0 1 2 4 1 0 4 0 4 4 3 3 2 2 0 3 1 0 0 4 4 2 4 1 1 3 2 4 3 2 1 0 0 4 4 1 1 1 3 1 2 3 1 4 2 1 3 3 4 0 4 0 4 3 1 0 3 1 0 2 3 1 4 0 2 4 1 4 0 1 2 2 4 3 4 2 2 2 0 1 4 0 1 4 0 0 4 1 1 1 3 1 3 2 1 0 3 4 1 0 2 3 0 3 2 4 0 4 3 3 2 2 0 3 3 2 0 3 3 1 4 3 4 4 3 2 2 3 3 0 4 0 4 4 4 3 0 1 4 3 1 1 2 1 1 1 1 2 1 4 0 2 0 0 4 3 4 1 1 3 3 0
0 2 1 4 2 3 1 1 1 4 2 4 3 1 2 4 3 3 0 3 2 0 0 1 3 2 4 2 2 3 4 2 2 1 2 0 4 0 3 3 4 3 4 2 4 1 3 2 1 4 2 3 4 0 2 0 4 1 2 1 1 1 3 4 4 0 1 1 2 4 4 4 4 3 3 3 1 2 2 2 3 2 2 4 4 1 4 3 3 3 4 1 2 4 2 1 2 3 2 4 0 3 3 1 3 4 0 1 3 4 0 1 1 3 0 2 4 2 0 4 2 1 3 4 1 0 1 3 1 0 4 3 1 0 4 1 4 4 3 4 1 3 0 4 3 2 2 0 4 4 4 2 1 4 3 4 0 4 4 1 2 0 4 3 0 0 4 1 2 4 0 3 3 2 2 1 0 4 1 1 1 3 0 4 2 4 3
2 0 4 0 2 4 1 2 2 2 4 0 4 3 3 4 1 0 3 0 2 0 1 4 1 1 1 0 4 0 0 3 1 4 1 0 0 2 3 4 1 2 0 2 0 0 1 4 0 2 4 3 2 2 4 3 4 0 3 0 1 3 3 4 4 4 4 1 4 2 1 2 1 3 0 2 3 3 3 0 0 2 0 2 1 4 2 0 2 0 2 0 0 1 4 1 2 3 0 3 3 3 1 4 1 3 3 1 3 3 3 1 0 4 0 4 0 3 1 2 0 4 2 3 2 3 1 1 4 1 0 2 4 3 3 2 3 4 3 3 2 4 4 0 3 0 1 0 0 2 3 2 1 2 0 3 1 4 0 2 0 2 1 2 0 1 4 0 0 0 3 0 4 3 2 4 0 3 4 0 2 4 4 4 2 0 2
0 4 4 2 1 1 3 3 1 4 3 1 2 0 2 4 4 0 3 3 2 3 4 4 0 4 3 4 1 0 4 1 1 3 0 3 0 3 3 3 4 1 2 1 3 4 2 2 4 0 2 3 3 2 2 4 1 0 0 4 1 4 2 2 3 2 2 0 2 1 3 3 4 0 2 3 4 4 2 0 2 2 3 0 1 0 1 4 3 2 3 1 3 2 3 1 1 3 1 3 4 0 3 0 2 0 3 2 2 3 2 4 0 3 4 3 3 3 2 1 0 0 2 0 2 3 2 3 3 0 3 2 2 1 4 0 4 0 4 1 3 1 0 0 4 1 3 0 1 0 3 3 2 3 4 4 3 1 4 1 3 4 0 1 0 4 3 1 4 2 4 4 0 1 4 2 3 4 2 4 4 2 0 1 0 4 2
3 2 1 1 0 0 1 3 3 3 3 1 2 0 1 4 3 2 3 0 2 3 2 4 4 4 4 1 2 3 0 0 0 2 2 2 4 0 1 4 3 4 1 3 2 4 2 0 1 2 0 4 2 4 0 2 3 4 0 2 2 0 3 4 4 2 1 1 4 2 0 0 4 3 3 1 2 2 1 1 1 1 2 4 0 2 3 0 1 3 3 0 0 3 4 0 2 0 1 3 0 3 3 4 4 3 0 3 0 3 4 4 4 1 3 1 3 3 3 1 1 3 1 3 1 2 3 0 3 1 4 0 2 4 4 1 3 1 4 0 1 1 4 0 2 4 3 3 2 1 1 3 2 0 4 0 2 4 1 2 1 2 2 0 1 3 3 1 1 4 2 2 0 1 4 0 1 4 0 0 3 1 4 0 1 0 0
4 4 3 3 0 0 1 2 4 1 0 2 3 0 4 2 2 3 2 2 1 1 4 1 4 1 2 4 4 2 2 0 2 0 4 4 3 2 2 4 3 4 1 1 1 1 4 4 1 3 3 2 1 3 3 1 1 3 2 0 0 1 1 2 2 2 4 2 4 3 1 2 2 4 1 4 0 2 0 3 0 0 2 3 3 1 1 4 1 4 2 1 2 0 1 4 2 0 3 3 3 4 0 2 1 3 3 1 0 3 2 2 4 4 1 4 2 2 1 3 3 3 2 1 0 0 2 2 0 3 0 0 4 2 4 0 1 3 4 3 3 1 1 4 0 4 4 0 1 2 3 2 0 0 0 2 0 2 1 2 0 3 4 0 0 1 0 3 4 4 2 4 2 0 4 3 4 0 3 2 2 3 4 4 1 4 1
3 4 2 1 4 0 2 1 2 3 4 3 4 3 0 4 3 0 0 1 4 0 1 3 2 1 3 3 2 2 4 1 1 3 4 3 0 1 1 4 2 0 2 3 1 2 2 4 4 2 2 0 4 3 4 1 4 4 4 4 1 0 0 0 3 4 0 0 2 1 0 1 2 2 0 0 2 4 4 3 4 1 1 3 1 0 0 2 4 1 1 2 4 3 4 4 4 4 0 4 1 2 0 0 1 2 0 3 4 1 4 3 2 0 1 0 2 3 4 3 2 3 0 1 1 0 0 3 1 0 2 2 4 4 4 1 4 1 1 3 2 0 1 1 2 2 1 4 3 3 2 0 1 0 1 4 0 1 4 1 4 1 1 3 3 2 1 2 4 3 0 1 3 1 3 1 0 1 2 0 4 0 0 2 0 3 4
2 2 3 0 1 2 3 1 0 1 3 2 2 3 4 3 1 2 3 4 2 0 2 3 1 4 0 1 1 4 0 0 1 3 2 4 2 1 2 2 4 2 1 1 0 0 1 4 2 0 3 2 2 2 2 3 3 4 4 1 3 1 1 1 2 4 0 4 2 0 4 1 2 0 4 0 3 0 4 2 2 4 1 4 4 0 0 2 0 4 1 0 3 2 2 0 3 4 4 0 4 3 3 4 1 4 4 4 2 3 1 4 4 0 1 3 0 1 3 0 2 1 1 0 3 3 0 4 2 2 1 4 0 0 3 1 1 4 2 3 4 4 0 3 4 1 4 1 4 4 2 3 0 3 4 0 3 1 4 2 3 1 1 4 3 1 2 4 0 0 0 4 1 0 0 2 3 4 3 4 3 0 2 3 0 1 3
3 0 0 3 3 1 1 4 1 3 2 0 0 4 2 0 0 4 0 4 2 1 2 1 4 0 1 4 0 4 4 1 4 4 1 3 2 2 4 3 0 1 1 3 0 3 3 2 3 0 1 2 1 1 1 2 1 2 1 3 1 2 1 1 4 2 1 1 0 0 0 2 4 1 0 1 1 0 4 4 0 2 2 3 3 3 0 4 0 3 0 3 1 1 1 0 4 2 3 1 0 3 3 1 1 1 2 0 1 3 4 4 1 3 2 1 1 0 3 3 3 3 4 1 4 0 3 3 0 2 1 0 0 0 3 4 3 0 4 1 4 0 0 2 4 0 3 2 2 1 3 2 1 2 4 1 2 2 1 2 4 3 4 2 0 2 3 3 0 2 4 1 4 2 3 3 4 3 3 1 2 1 3 3 3 4 4
2 2 3 2 3 1 3 0 1 3 3 1 3 2 2 4 2 1 4 2 2 2 0 0 1 1 1 0 1 0 1 4 4 4 1 3 0 4 0 3 2 1 1 2 3 4 1 2 2 2 0 0 2 2 0 3 1 1 3 2 2 0 1 1 4 4 1 2 4 2 0 3 3 2 1 3 3 4 3 0 4 0 0 1 2 3 4 3 4 0 1 3 2 4 2 3 4 3 0 0 2 3 3 2 2 1 1 0 3 4 2 2 4 0 3 3 3 4 2 2 4 0 1 1 1 3 0 0 3 2 0 1 0 1 3 4 4 1 1 2 2 4 4 3 1 2 2 4 2 1 1 3 3 4 2 4 4 2 0 3 1 2 1 4 3 1 3 0 3 0 2 2 1 2 1 4 1 3 3 0 1 1 1 4 3 3 0
2 0 0 2 3 0 3 2 0 2 1 0 0 3 3 2 1 2 0 0 0 0 0 1 1 1 2 2 1 2 3 4 2 0 3 2 2 4 0 3 1 3 3 3 3 3 2 1 2 3 1 3 3 3 4 2 1 3 4 3 0 4 2 4 2 2 1 4 1 3 2 2 1 3 0 1 3 3 2 1 3 0 4 1 3 0 3 0 0 0 3 2 4 2 3 3 4 4 3 3 0 2 2 3 0 0 0 1 0 2 2 3 3 3 4 1 0 0 3 0 0 3 2 1 0 0 0 2 1 0 2 3 2 4 2 0 4 2 1 4 4 0 2 2 3 4 1 3 4 4 0 1 0 4 4 0 4 1 4 2 1 1 3 4 3 0 1 2 2 2 2 3 2 1 3 2 0 1 0 1 2 2 4 2 1 1 0
2 2 4 4 1 3 4 2 3 4 3 0 3 0 4 4 4 3 2 1 3 0 3 2 2 0 3 0 1 4 0 3 4 1 4 0 1 4 2 4 0 2 2 4 2 1 0 3 4 4 4 0 4 2 4 1 2 2 3 0 4 0 3 3 2 4 3 0 0 2 0 1 4 2 2 3 0 2 1 2 1 2 2 0 4 1 3 3 0 4 0 4 4 0 2 3 4 2 4 0 1 1 1 2 0 3 0 0 2 3 2 3 0 1 0 1 4 0 4 0 4 1 1 4 1 1 2 1 3 3 3 2 4 4 4 4 4 2 0 3 2 4 1 3 1 3 4 2 3 1 2 3 2 4 4 4 2 3 2 2 2 0 4 3 1 1 3 0 3 0 3 0 1 1 0 2 1 2 0 4 3 4 4 2 0 3 3
2 4 0 0 1 0 1 1 1 2 4 3 2 1 3 3 3 4 0 2 0 2 4 2 2 4 1 0 1 2 3 4 3 1 1 1 1 2 2 0 2 2 3 4 3 2 4 3 3 0 1 1 4 0 0 2 4 3 4 3 2 4 4 0 0 0 1 4 4 4 4 1 3 4 3 3 3 2 2 2 4 3 0 4 3 0 3 0 3 2 3 1 1 4 3 2 4 0 1 0 1 2 4 4 1 4 2 0 1 1 4 3 4 1 2 0 1 0 2 1 4 2 4 0 1 3 4 2 3 2 4 4 4 3 0 3 2 4 0 1 1 4 4 2 0 3 4 3 0 1 4 4 0 1 4 1 4 4 3 2 3 0 3 0 3 0 3 3 4 3 1 2 4 2 2 1 0 1 1 0 0 2 1 0 3 0 4
2 1 4 1 0 4 4 0 0 4 0 0 1 0 1 3 4 3 2 2 0 4 3 2 1 2 3 3 1 0 2 3 2 4 2 4 3 1 1 0 3 3 0 1 3 3 1 4 3 4 1 3 0 1 2 1 3 0 1 1 1 1 0 0 0 2 1 0 0 4 1 0 2 1 1 0 2 0 1 0 4 2 4 1 0 1 2 0 4 0 2 0 1 4 2 1 3 3 2 0 2 0 1 4 3 4 1 0 4 2 1 0 1 2 1 3 0 0 3 4 3 0 1 4 1 0 3 4 3 2 0 2 2 3 3 0 4 4 3 1 3 4 3 1 3 0 4 3 2 3 3 0 0 1 2 4 2 0 3 2 2 0 0 4 0 3 1 0 0 1 1 0 0 4 2 3 1 1 4 1 1 4 3 4 0 0 0
4 0 0 2 4 1 4 3 3 4 2 3 4 3 1 2 1 3 4 1 1 2 0 2 1 4 3 2 2 3 2 1 1 2 0 0 0 4 1 4 4 3 4 0 3 3 2 1 1 3 3 4 3 0 4 1 0 2 3 4 2 2 2 3 1 0 4 2 4 0 3 0 0 2 3 0 2 0 2 3 1 0 0 1 2 4 2 4 3 2 3 0 1 3 4 2 3 0 1 4 2 4 0 4 4 3 4 1 0 3 2 3 0 2 4 3 3 3 2 1 0 1 1 1 1 2 1 4 2 2 3 1 2 0 0 3 3 0 4 1 3 1 4 4 0 4 2 3 2 1 4 0 2 3 3 0 0 4 4 0 4 3 1 3 3 2 1 4 4 0 0 4 2 4 0 4 0 4 3 0 1 4 0 0 2 3 1
0 0 0 2 4 0 0 4 1 4 0 2 3 0 2 0 4 3 0 4 1 0 4 1 1 3 1 3 1 1 4 3 3 2 0 2 4 0 3 0 0 3 2 0 4 1 0 0 2 1 1 3 3 0 4 1 4 2 4 2 3 1 0 2 3 2 1 2 2 0 0 4 3 4 0 4 3 2 2 0 0 3 0 3 1 4 4 0 3 1 4 1 4 4 0 2 3 4 1 2 4 3 2 4 3 4 1 3 1 3 3 2 3 0 0 4 4 2 1 2 0 2 0 4 1 3 3 1 2 1 4 1 2 1 2 2 0 3 0 3 3 0 0 4 0 3 0 4 2 4 3 4 1 0 3 0 3 3 1 0 1 0 3 3 3 1 0 0 1 0 4 2 2 1 1 2 4 1 1 3 2 1 2 4 4 2 4
2 2 0 0 4 3 3 4 1 1 2 2 0 4 1 2 2 4 0 4 1 3 3 4 1 4 4 0 0 1 4 0 4 1 0 0 4 0 1 1 4 3 0 4 3 3 3 0 2 3 4 3 3 2 3 4 4 4 1 4 0 0 4 1 4 1 3 3 2 0 1 1 3 1 2 1 1 0 1 4 0 1 2 3 0 2 0 4 1 1 1 4 4 0 0 3 2 1 3 1 1 2 4 4 0 1 3 2 3 4 1 3 2 0 3 0 0 3 4 3 2 0 2 1 3 0 4 2 1 4 3 2 1 2 3 2 0 1 4 3 1 2 3 0 2 1 0 2 2 2 1 1 4 0 2 2 0 3 1 1 2 4 0 1 3 4 0 3 0 4 3 3 1 1 4 0 0 1 0 4 3 3 0 0 3 2 4
4 2 1 2 1 2 0 2 3 4 2 1 1 3 0 0 1 3 1 4 0 2 4 4 3 2 4 3 0 3 2 1 2 0 1 4 3 1 3 1 0 1 4 3 1 1 3 0 0 4 4 0 4 3 2 4 2 1 4 4 2 3 1 4 4 4 3 2 0 4 0 2 0 4 0 3 3 1 3 0 2 2 0 1 2 4 2 4 3 1 4 0 0 2 1 1 1 2 0 1 1 0 0 3 1 2 1 4 3 0 4 1 4 2 4 2 1 2 1 4 0 0 1 0 2 0 3 0 2 3 3 3 3 3 3 2 3 4 3 1 1 3 4 3 2 1 0 0 3 3 2 3 1 3 1 0 3 1 1 2 0 4 2 0 0 0 2 3 2 1 1 0 1 3 3 0 4 0 0 4 1 2 4 2 3 2 4
3 4 0 1 4 2 3 4 4 4 4 4 3 2 2 3 3 0 4 0 1 4 0 0 2 0 0 4 3 2 4 3 1 1 4 2 0 0 2 4 4 3 0 4 0 3 2 0 0 3 0 2 0 2 2 2 2 4 2 2 2 3 1 0 1 2 3 4 2 2 0 3 0 1 2 0 1 2 0 1 0 2 0 0 4 0 3 2 4 2 1 3 2 4 4 0 2 4 4 4 1 0 0 3 1 2 0 2 1 2 0 2 4 1 4 3 3 4 2 2 1 1 3 0 0 4 1 4 3 0 4 1 0 1 1 3 3 1 2 0 3 3 4 4 1 3 4 4 0 2 3 1 0 1 4 0 0 0 0 0 0 1 3 3 2 4 1 2 2 4 4 2 4 3 1 0 4 1 1 4 0 4 2 0 3 1 0
0 1 2 3 4 0 1 2 4 3 3 2 0 4 1 3 3 2 1 0 1 2 1 2 2 3 4 4 3 1 0 3 4 4 3 3 2 2 0 1 0 1 3 2 0 2 2 1 4 4 1 2 3 3 4 3 3 0 2 1 3 4 1 3 4 0 3 1 2 1 4 4 2 0 3 4 2 1 0 3 2 4 2 2 4 1 0 2 3 3 0 2 2 3 2 3 3 0 1 2 3 1 3 2 1 2 2 0 3 4 3 2 0 0 4 4 3 0 3 3 0 0 0 4 4 4 3 4 2 1 2 0 4 0 3 2 4 2 2 2 3 2 1 4 4 1 0 4 3 4 3 0 4 0 4 0 0 4 0 2 1 4 2 2 1 2 0 1 4 2 0 3 2 2 4 1 0 4 1 0 3 4 0 0 1 4 0
1 1 0 0 2 1 0 1 3 2 1 4 4 1 4 2 3 3 1 4 3 0 2 3 1 3 3 3 0 0 3 3 1 1 1 0 2 1 1 2 3 0 1 2 1 3 1 4 1 4 0 2 2 3 0 0 3 1 3 3 3 3 4 1 4 0 1 4 1 4 1 1 4 3 1 0 3 4 1 4 4 2 1 3 2 4 3 0 2 1 1 2 4 0 3 1 0 4 0 1 0 1 4 0 1 0 2 4 2 4 1 1 3 4 4 0 0 4 2 4 0 3 1 1 3 4 2 3 0 4 1 1 1 3 3 4 0 0 1 2 1 4 3 4 0 4 4 1 3 2 0 0 2 4 2 1 3 1 1 4 1 0 2 2 3 0 3 3 0 1 1 2 0 1 3 1 3 0 2 1 2 4 2 1 3 1 2
4 2 4 0 3 1 2 2 4 2 1 4 4 2 0 3 0 4 2 1 2 2 0 3 1 1 2 2 2 0 0 1 3 1 1 1 2 3 1 3 2 2 2 1 1 0 0 1 4 4 4 1 1 1 1 2 3 1 1 0 1 3 1 4 4 2 3 3 2 4 3 4 3 1 2 1 3 4 0 2 3 4 0 4 1 3 3 1 4 0 1 1 3 4 2 0 1 2 0 0 1 4 1 1 2 3 3 0 3 3 4 1 4 4 3 0 2 1 1 4 1 4 0 2 3 4 2 1 2 2 1 0 3 2 2 2 3 0 2 1 0 3 4 4 2 2 2 2 4 0 1 2 0 3 4 0 4 3 2 1 3 0 2 1 0 1 1 3 3 3 1 3 4 0 4 3 3 1 0 4 4 3 3 1 3 0 1
3 3 3 1 1 1 0 0 1 1 1 1 4 1 2 4 2 2 4 1 2 2 1 3 1 2 2 2 2 2 4 0 2 4 2 1 0 4 3 3 1 1 4 2 2 1 2 0 1 1 3 3 3 1 2 0 3 1 4 1 0 3 3 4 0 2 0 0 2 3 1 3 1 0 0 4 2 4 1 3 0 1 3 1 2 2 3 1 3 2 4 0 1 4 0 1 2 2 3 4 3 4 4 4 2 1 0 4 1 3 4 3 4 2 4 2 2 2 3 2 0 4 3 3 3 0 1 0 2 1 1 0 3 2 0 0 4 0 1 2 4 0 0 3 4 2 0 3 4 0 1 1 1 4 1 0 1 2 2 3 1 4 1 4 3 3 1 2 3 2 1 4 4 2 0 0 4 2 4 0 0 0 2 1 1 0 1
2 0 1 2 1 2 3 2 0 3 3 3 2 0 1 3 1 3 0 1 4 3 2 0 3 4 4 1 0 4 0 4 4 1 4 0 3 4 4 3 3 2 3 2 4 0 0 2 0 3 4 0 1 3 0 1 3 4 4 0 0 4 0 0 0 1 2 3 0 4 4 0 1 4 2 3 4 0 0 0 3 1 2 1 0 2 4 3 3 3 0 0 3 0 2 3 3 0 4 4 4 0 1 2 4 4 0 1 4 3 3 4 4 0 2 1 4 1 1 4 4 2 4 4 4 2 0 3 4 1 4 0 1 0 2 2 1 0 3 0 0 1 1 1 3 3 3 2 1 1 1 3 3 3 2 3 0 2 3 4 0 4 1 1 4 3 1 1 0 4 3 0 3 2 2 1 0 2 1 4 3 2 2 4 0 4 4
2 4 2 3 1 1 4 0 2 0 1 3 2 2 4 3 0 1 2 4 3 1 0 2 1 4 4 0 2 1 4 4 2 3 3 3 4 4 3 2 4 1 2 2 4 1 2 4 4 1 0 3 4 0 2 0 0 4 1 2 2 2 3 4 1 1 4 2 3 0 4 4 1 4 3 0 2 0 2 2 3 2 2 4 3 4 0 0 0 3 4 2 2 2 3 3 1 3 1 4 3 2 3 4 1 2 2 4 4 4 3 0 1 0 4 1 1 1 1 2 1 0 4 4 0 3 2 1 3 3 0 3 3 0 4 4 4 1 0 4 0 0 1 4 2 0 0 4 4 4 3 0 4 4 4 4 2 2 2 2 2 4 0 0 0 0 2 4 1 4 0 4 0 1 3 2 2 0 3 1 4 1 3 1 1 3 2
0 0 0 0 4 4 0 2 1 0 4 1 4 0 1 3 2 3 3 2 2 0 0 0 0 4 3 3 2 1 0 4 3 2 4 0 2 0 2 3 2 3 1 1 0 0 1 3 3 1 0 2 2 2 4 2 1 2 0 0 1 2 0 1 0 1 3 4 1 0 4 1 0 1 2 1 1 1 4 1 2 1 0 4 3 4 3 2 1 0 4 4 0 4 3 0 1 1 1 4 4 0 0 4 3 0 0 4 1 1 2 0 2 2 2 3 1 0 2 0 3 1 1 0 1 4 0 4 3 3 0 2 3 3 1 2 3 4 3 1 0 3 1 0 2 3 3 1 1 0 1 1 1 4 1 4 1 3 0 4 1 1 1 1 1 4 0 4 3 1 0 1 4 3 1 1 2 4 2 0 1 0 1 4 2 4 4
3 2 1 2 0 2 0 1 0 1 2 4 0 3 1 1 4 0 4 0 4 3 0 1 1 2 4 0 4 3 4 2 2 1 1 2 0 3 0 1 0 2 2 2 2 4 0 1 1 4 4 2 4 1 3 0 3 4 0 0 2 2 2 1 0 1 3 2 1 3 3 3 3 3 2 0 4 2 4 2 3 3 4 2 4 4 2 4 3 0 4 2 2 4 3 2 2 1 4 3 1 0 2 1 0 4 2 4 4 3 1 2 3 2 2 2 3 4 3 1 1 3 3 0 4 3 2 1 4 4 4 2 1 3 4 3 0 3 2 1 1 0 0 4 4 2 3 2 2 3 0 0 1 0 1 2 3 0 3 4 1 0 3 2 0 2 2 0 2 4 3 0 1 4 4 2 1 4 1 0 3 1 1 1 3 2 4
3 4 2 2 1 4 1 0 0 0 3 2 0 4 1 0 1 0 0 0 3 1 2 4 4 0 2 1 4 4 2 2 0 1 2 1 1 0 2 1 2 0 3 2 1 1 3 2 1 0 0 0 1 2 1 3 4 3 4 3 4 3 3 4 4 2 1 0 2 0 1 1 2 2 4 3 3 4 3 2 4 3 4 0 2 0 3 1 0 4 2 4 4 0 3 4 2 1 4 1 1 3 2 0 2 3 4 0 2 4 4 1 4 0 4 1 0 4 4 0 1 1 1 0 3 0 4 0 3 4 3 2 4 3 2 1 1 3 3 4 4 0 0 3 0 4 4 3 1 1 0 2 2 2 2 1 4 2 3 2 3 4 4 2 2 4 0 3 2 0 2 2 0 0 2 3 1 4 1 2 0 1 4 2 0 2 0
4 4 1 4 4 0 3 3 2 2 3 2 2 0 0 1 1 0 3 4 3 2 2 1 4 0 0 2 1 4 4 0 0 0 4 4 2 0 2 4 4 2 2 3 3 4 4 1 1 0 2 4 4 4 0 4 4 3 3 0 2 2 3 3 0 4 2 2 1 2 4 1 1 3 4 4 2 1 2 0 3 4 4 2 0 2 1 0 0 4 2 2 4 2 2 1 4 2 0 0 4 4 1 0 4 3 2 3 1 4 3 4 1 0 1 1 2 0 3 2 4 3 1 0 0 1 1 4 3 2 0 2 3 3 4 3 3 1 1 1 3 2 0 4 2 4 2 4 4 1 3 0 4 1 1 4 2 4 1 0 3 3 4 2 3 4 2 2 2 0 3 0 2 1 1 1 0 4 2 4 0 0 1 1 4 4 2
3 4 3 1 2 3 0 1 2 1 0 1 1 3 1 1 2 2 0 4 4 4 1 0 1 4 2 2 0 1 4 3 2 0 4 2 3 2 0 2 0 1 3 1 4 0 0 1 4 0 2 4 1 4 1 4 0 3 1 0 2 2 3 4 4 0 1 0 4 2 2 4 0 1 3 1 3 3 4 2 0 2 3 3 1 0 2 1 0 0 3 2 4 3 2 4 3 0 4 4 4 3 1 4 4 4 0 2 4 0 2 1 2 0 4 0 2 1 3 3 1 1 2 0 4 1 1 0 2 2 1 1 1 2 3 0 3 0 0 2 0 4 0 4 1 4 1 4 2 4 4 3 2 1 1 4 3 2 1 2 0 2 0 1 0 3 3 3 4 0 3 1 4 0 1 1 0 2 0 2 4 1 3 3 2 4 2
0 3 3 2 3 1 3 1 3 3 0 3 2 0 3 4 2 4 2 3 1 4 0 3 0 1 3 4 3 2 1 1 1 2 0 1 0 0 3 3 4 0 3 3 2 2 2 4 1 1 4 2 3 4 2 3 2 1 2 1 0 1 4 3 0 4 2 0 0 0 0 1 2 3 4 4 0 4 4 3 0 3 2 3 0 2 4 2 0 3 0 0 1 4 1 1 1 3 3 3 0 3 4 2 4 0 1 1 4 2 0 2 3 4 0 3 1 4 2 1 0 3 4 1 4 2 3 2 0 1 0 0 2 1 4 1 2 2 2 1 0 4 3 0 4 1 0 2 2 2 1 2 2 0 4 4 2 4 1 4 0 2 1 4 3 0 0 0 2 0 4 4 1 4 4 0 0 4 3 3 4 4 2 1 1 1 0
0 2 4 1 0 1 2 4 1 4 2 4 3 4 0 3 0 4 4 1 0 4 1 0 3 2 4 1 0 3 4 0 0 3 3 0 1 0 2 4 1 4 3 4 3 3 4 0 0 4 1 0 0 4 2 0 3 3 1 3 1 2 0 2 0 3 4 3 0 1 3 1 2 3 3 0 4 2 1 4 3 4 1 3 1 0 3 1 3 0 0 0 4 2 4 2 3 3 0 3 2 0 2 4 1 0 2 0 4 0 4 3 1 0 1 2 0 2 4 0 2 1 0 3 0 4 0 3 0 1 4 2 3 3 1 4 0 3 4 4 3 0 4 0 2 3 4 4 0 0 0 4 1 0 2 4 2 3 2 2 1 3 4 4 1 2 1 1 3 0 3 1 3 2 3 0 2 3 0 2 3 2 1 2 2 4 1
1 4 0 3 0 4 4 1 2 4 2 1 2 0 4 3 3 3 4 0 1 2 0 0 2 2 2 1 2 1 2 3 0 0 4 2 1 0 3 3 4 3 1 1 3 2 2 1 3 1 1 1 0 4 1 2 3 3 4 2 1 3 3 3 3 2 0 1 2 1 2 4 4 3 2 2 1 4 0 4 2 3 0 2 4 1 2 0 2 3 2 3 1 0 4 2 4 4 0 4 2 2 3 3 1 0 0 4 2 2 3 4 3 0 4 2 3 1 4 0 1 2 1 4 4 0 1 1 1 4 0 4 1 0 2 2 2 0 1 4 4 1 1 2 3 0 2 2 3 1 4 4 0 0 3 2 0 2 3 4 1 0 0 4 0 4 2 4 4 0 1 1 4 2 0 2 4 4 4 2 1 1 3 3 1 3 2
4 0 0 3 3 2 3 3 4 2 2 4 4 4 0 0 3 2 2 3 3 2 4 2 0 0 0 3 2 3 1 1 1 3 1 1 1 4 1 2 3 3 1 2 3 1 4 3 0 4 1 3 1 1 0 1 1 2 1 3 3 4 1 4 0 2 2 3 3 4 0 2 2 2 1 2 0 3 1 3 2 4 1 0 0 4 3 2 3 4 2 1 1 1 2 1 0 0 4 4 4 4 3 3 3 1 1 4 1 4 2 0 3 0 0 4 1 0 3 0 2 2 1 3 0 4 1 1 1 0 2 0 1 2 3 0 3 1 1 2 2 0 2 1 2 0 2 4 2 2 1 4 1 2 2 2 3 0 3 4 0 0 1 4 2 2 1 2 3 4 1 3 4 4 4 1 1 3 2 3 2 3 3 3 3 2 2
1 3 0 3 0 2 4 4 1 1 2 1 2 1 2 0 0 3 1 4 4 1 1 0 0 2 0 3 0 2 3 3 2 0 1 0 3 3 4 1 1 4 4 3 0 2 0 3 2 3 2 4 4 0 4 4 4 4 0 4 3 0 0 3 0 3 3 0 1 2 2 0 3 3 0 4 2 1 2 0 4 1 4 1 1 3 2 3 4 4 2 4 4 4 2 0 3 0 0 1 3 4 1 3 3 2 2 2 0 4 2 1 2 3 4 1 3 2 4 2 3 3 2 3 3 4 0 1 0 0 4 0 2 1 3 2 0 3 4 0 4 4 3 2 2 3 3 1 2 4 3 0 2 2 3 0 4 3 3 4 1 3 1 3 1 1 2 3 4 1 0 4 0 3 1 0 3 1 1 0 0 1 1 2 4 1 0
3 2 0 4 3 0 2 3 1 3 0 1 3 3 1 4 1 2 2 1 0 3 4 1 0 0 4 4 1 0 4 1 2 0 2 2 0 4 0 4 3 2 0 3 3 4 4 1 1 1 4 1 4 3 4 4 0 3 3 2 1 0 0 3 2 3 1 4 2 3 0 2 3 3 2 3 2 1 4 0 2 3 1 3 3 3 4 3 1 0 2 2 2 3 3 4 1 1 3 0 1 1 3 4 4 2 2 3 1 3 3 0 1 1 4 4 4 0 3 3 2 0 2 4 0 2 3 1 3 4 2 0 0 2 1 1 4 1 4 2 4 2 3 3 0 4 4 0 4 4 0 2 2 2 3 2 0 2 4 0 3 3 2 0 0 1 3 1 2 2 4 3 1 2 3 1 3 3 3 2 2 3 1 4 3 0 2
0 4 3 0 4 1 3 4 3 4 2 4 3 1 0 3 2 4 2 0 2 2 4 2 4 4 0 1 2 0 0 2 4 3 0 0 1 3 4 4 4 3 0 4 4 1 2 3 2 1 4 2 3 0 4 3 4 4 1 4 2 1 1 3 4 3 4 2 3 3 1 2 4 1 3 3 4 1 4 4 2 3 1 1 0 2 1 4 1 2 0 3 3 4 2 4 2 3 1 1 3 4 0 2 2 4 3 4 0 2 3 4 2 4 2 2 1 3 3 4 0 4 0 0 3 4 1 2 2 4 3 0 3 4 3 1 3 3 2 0 0 0 1 4 1 4 3 4 2 1 0 0 2 0 2 2 4 4 0 3 3 0 1 4 4 4 2 4 4 4 1 4 1 3 3 2 4 3 3 1 4 3 3 4 1 1 3
2 2 3 1 0 4 2 1 0 3 3 2 2 4 0 3 0 0 3 4 4 1 4 3 2 3 1 1 4 2 0 1 4 0 4 2 1 3 0 4 1 4 3 0 0 3 3 3 1 1 2 0 4 2 3 2 2 0 0 3 4 0 4 1 3 1 0 4 4 0 0 3 1 3 3 2 4 4 0 0 2 4 2 2 3 1 4 0 3 1 0 4 4 0 0 2 3 0 3 2 1 4 0 2 2 4 1 1 0 3 3 2 3 1 4 3 4 0 1 2 2 1 3 1 3 4 0 1 1 3 1 4 2 1 4 2 2 0 0 2 1 4 0 4 2 1 4 1 2 0 3 1 2 3 4 0 4 4 4 1 4 0 2 4 1 1 1 1 4 3 0 0 4 2 1 1 4 0 2 3 1 2 1 0 1 0 0
0 1 4 3 0 1 1 4 0 4 2 1 3 1 3 0 0 1 1 2 0 2 4 0 0 2 1 0 0 3 2 0 4 4 4 1 0 2 1 0 1 0 3 0 1 2 0 4 3 4 1 0 1 2 0 3 1 3 3 1 3 0 4 4 4 0 0 0 2 3 2 3 4 1 0 2 3 3 1 3 2 4 3 0 2 0 3 0 3 3 4 3 3 0 2 0 0 2 2 2 1 4 2 2 0 0 4 0 3 1 3 2 2 3 4 1 3 4 2 3 2 3 1 2 3 3 4 3 1 1 2 4 3 1 3 0 1 2 1 1 0 1 3 3 0 4 4 3 3 3 2 2 1 0 2 4 4 1 4 2 0 1 3 3 0 1 3 1 3 1 3 1 3 3 1 0 0 0 3 0 1 2 3 4 3 2 1
4 3 0 1 0 4 4 3 4 2 4 2 2 0 2 3 0 1 4 0 3 2 1 3 0 3 3 4 3 0 0 2 1 1 0 1 2 1 0 1 3 1 3 1 1 1 1 2 4 3 4 2 0 0 2 0 4 1 1 2 1 2 2 2 0 2 1 2 4 1 3 4 2 3 0 0 1 4 4 0 2 4 4 4 4 4 1 0 0 2 0 3 4 2 3 4 1 4 1 2 2 1 2 1 2 4 1 3 3 3 1 0 2 0 1 1 1 2 4 1 0 4 2 4 1 0 1 4 4 4 2 3 3 4 4 0 3 2 3 4 0 4 1 2 2 3 1 3 0 0 2 0 4 4 2 2 1 0 3 2 4 0 0 2 4 1 4 0 3 3 4 4 4 2 3 3 0 4 4 3 1 3 0 0 4 2 4
0 4 3 4 4 0 4 3 2 2 3 2 0 3 3 4 4 2 3 0 3 4 4 1 1 2 3 3 1 3 0 3 2 0 2 3 0 3 2 2 0 2 1 0 2 4 2 3 4 2 3 2 3 4 0 4 3 3 0 4 1 0 4 4 0 1 4 0 1 3 0 1 0 1 4 4 3 3 3 2 0 3 4 3 3 1 0 1 1 0 3 3 0 2 4 2 1 3 4 4 2 4 1 4 1 2 1 4 0 1 1 2 4 2 2 4 3 4 3 1 4 3 4 1 2 0 0 3 1 0 0 0 4 3 1 0 0 2 4 2 0 2 1 0 4 0 1 4 0 1 3 1 4 2 0 2 0 0 2 3 0 2 3 0 0 4 2 2 4 4 4 4 1 0 1 3 1 3 4 3 4 2 4 1 2 4 3
4 0 2 2 2 0 0 4 0 1 2 0 0 1 4 0 4 2 1 4 0 1 1 3 3 3 4 4 2 4 4 1 1 1 3 0 1 0 0 4 2 4 4 4 0 0 4 1 4 3 3 4 1 4 4 4 2 1 0 2 2 4 0 3 3 4 0 1 1 0 2 0 4 3 0 1 4 1 0 0 4 3 2 1 2 1 2 1 2 0 3 4 1 4 4 4 0 0 1 3 2 0 4 2 4 4 0 0 2 0 0 4 3 2 2 0 1 4 2 0 4 2 2 1 3 3 2 3 0 0 4 3 1 3 2 0 4 2 2 1 0 4 0 3 4 2 1 0 4 0 2 0 4 4 1 3 0 1 3 0 1 2 3 2 0 0 4 1 0 3 3 0 3 0 0 2 0 1 4 4 3 3 4 3 0 3 1
0 4 4 0 0 4 4 0 1 1 1 3 3 0 3 0 3 3 1 2 3 4 3 4 3 1 4 3 1 4 4 3 3 0 4 0 4 0 2 3 3 4 1 2 4 4 2 4 4 0 3 0 0 1 4 0 4 0 3 3 4 4 1 4 4 0 2 1 0 4 1 1 0 2 3 4 3 2 0 2 3 3 2 0 1 4 0 1 4 0 4 1 4 2 2 0 3 4 3 0 1 4 1 1 1 1 3 4 1 3 4 4 4 1 1 2 2 3 0 2 3 1 0 2 4 2 2 4 4 1 4 2 0 3 3 4 1 3 0 2 4 4 3 0 3 4 2 0 2 3 4 0 1 4 4 0 4 4 4 0 0 1 2 2 1 2 3 2 1 4 0 0 0 3 0 3 0 4 1 4 4 0 2 1 2 1 3
1 0 0 1 2 1 3 2 4 2 0 1 3 1 1 3 2 2 0 2 4 0 3 3 4 4 2 0 1 4 1 4 1 1 2 4 4 2 3 3 4 0 4 3 2 3 3 1 2 4 3 1 4 4 1 0 0 4 1 1 0 4 2 3 0 4 2 4 1 2 4 0 3 0 0 0 3 4 3 2 3 3 3 4 2 2 4 2 3 2 0 0 1 2 3 3 3 3 4 4 0 3 2 3 4 2 0 4 3 3 2 3 2 2 2 4 1 4 4 4 3 4 1 0 4 0 0 2 3 0 4 3 0 3 2 4 0 4 1 4 3 3 2 2 2 2 3 4 3 2 0 1 4 2 3 3 2 4 2 2 4 1 0 4 4 4 1 2 4 4 3 4 2 2 1 1 1 1 2 4 4 3 1 3 2 4 3
1 3 0 3 4 4 0 1 0 0 4 2 1 3 2 2 2 0 0 3 1 1 3 1 0 1 4 0 0 3 0 1 4 1 1 0 2 1 3 2 3 2 0 4 2 4 3 4 4 3 0 3 0 0 1 2 1 0 0 3 3 0 4 4 3 2 2 0 3 0 3 2 0 0 3 2 4 2 4 4 0 1 4 2 1 0 2 4 0 2 2 0 4 3 2 3 0 4 3 3 1 1 2 1 1 1 4 3 3 0 4 0 1 3 3 4 3 0 3 0 4 2 2 3 0 4 1 2 3 2 2 0 3 0 3 2 1 4 2 1 4 1 1 2 4 1 1 4 3 1 1 2 3 3 3 0 3 4 4 3 1 2 0 2 4 1 1 2 0 3 3 2 1 1 4 0 3 3 1 1 4 4 1 0 2 4 0
2 0 0 3 4 4 0 1 3 1 4 2 4 4 2 1 0 3 2 2 3 0 3 0 2 4 1 2 1 0 2 1 2 4 1 1 0 1 4 3 0 3 2 4 2 4 0 2 0 2 4 3 0 4 3 2 3 1 1 2 3 3 3 1 0 1 2 0 2 2 1 2 2 3 3 0 0 0 4 0 0 1 3 0 2 4 4 1 2 0 0 1 0 0 4 2 1 3 3 0 0 1 3 0 1 3 2 1 4 1 1 4 4 2 1 2 3 0 0 0 2 2 3 2 2 2 0 0 1 0 0 3 1 0 0 2 4 2 1 0 1 4 1 0 1 2 4 4 4 1 2 1 3 0 0 2 0 2 2 3 4 3 3 2 0 4 2 4 1 3 1 2 2 2 0 4 4 4 0 0 3 2 1 1 0 4 4
0 3 1 3 0 1 1 2 2 2 4 3 4 2 0 3 2 2 0 3 4 0 3 4 0 3 3 1 0 4 2 0 2 1 0 2 2 3 2 1 3 1 2 2 1 4 2 3 1 3 1 2 0 1 2 0 1 0 3 1 4 1 3 3 2 0 3 1 1 2 0 4 3 2 3 1 1 0 1 4 3 4 2 0 3 4 0 4 1 4 1 2 0 1 0 4 2 0 2 0 2 2 4 3 1 4 1 2 4 3 4 0 4 1 0 2 2 3 2 0 2 0 2 4 3 4 0 2 0 2 2 4 0 3 4 1 2 1 1 4 1 0 4 0 3 1 3 2 4 2 2 3 4 4 4 2 3 4 0 0 2 4 2 4 3 1 2 2 2 0 1 0 2 2 1 0 4 1 2 0 0 1 4 4 0 0 1
1 0 3 1 4 3 0 0 1 2 4 0 1 0 2 2 2 4 0 0 0 3 4 1 3 1 2 2 3 2 0 4 4 1 3 0 4 3 0 2 2 2 2 1 2 1 3 1 1 0 3 3 3 0 4 3 3 3 2 1 3 2 1 4 3 1 0 4 1 2 1 4 4 1 0 3 2 0 0 0 2 0 4 0 0 3 0 3 4 2 0 2 4 3 3 0 4 3 4 0 3 3 1 2 4 1 1 3 3 3 4 0 3 3 2 4 3 2 4 2 4 4 1 1 4 0 1 3 0 2 1 3 0 4 3 1 1 4 2 1 4 1 2 2 4 4 3 4 4 3 4 3 4 0 4 4 2 2 4 0 0 2 3 2 2 3 1 0 4 3 1 3 1 0 3 2 2 3 1 1 3 0 4 0 3 1 1
2 3 2 2 0 0 3 0 4 1 1 1 1 1 2 1 2 0 1 4 2 0 2 0 3 3 1 0 3 2 1 0 3 4 3 0 4 1 0 0 4 3 1 2 1 0 4 0 0 0 1 4 0 4 4 1 4 1 1 2 3 0 2 3 4 2 4 0 0 1 0 0 2 3 2 3 3 3 4 1 4 0 0 1 1 0 4 0 3 3 2 3 3 2 2 4 1 3 4 2 4 1 2 1 4 1 2 4 2 1 0 1 3 3 4 0 0 1 0 3 4 0 1 4 4 3 3 0 3 4 2 0 2 1 1 1 0 0 2 2 1 0 0 2 3 1 2 3 2 4 1 3 1 2 2 0 3 2 3 1 3 2 1 0 1 0 3 1 0 1 0 4 1 2 3 1 3 0 4 1 1 2 4 3 1 4 0
4 3 3 3 4 1 4 4 2 1 3 0 4 1 2 0 4 4 3 0 2 0 1 0 1 3 2 4 4 1 0 1 1 0 4 0 1 0 0 0 4 0 2 3 3 4 0 2 0 3 4 0 3 0 0 1 3 2 1 4 0 3 0 2 0 1 4 2 2 1 4 3 1 4 3 1 0 3 3 1 1 2 1 1 4 3 2 2 1 0 4 3 0 4 0 1 3 2 0 2 3 4 0 2 0 3 3 1 1 4 2 4 1 0 2 3 3 4 0 4 2 1 3 2 3 0 0 1 2 0 3 3 2 0 0 2 3 3 3 1 2 2 2 1 2 4 4 1 0 1 2 2 3 2 2 1 0 2 4 4 0 2 2 2 4 2 1 4 3 0 2 0 4 4 3 4 0 2 2 0 1 4 0 1 4 4 2
1 3 3 0 3 2 0 2 1 4 4 0 2 1 2 0 0 3 3 4 3 3 1 3 1 3 0 2 4 4 1 0 3 4 0 3 1 0 1 4 0 0 4 4 1 3 4 3 1 0 0 4 0 3 4 1 1 2 3 0 1 1 2 1 0 3 0 3 0 3 2 2 3 3 2 1 3 1 4 4 3 4 0 3 3 1 4 1 3 4 4 2 0 1 3 2 1 0 2 2 3 4 4 3 4 3 4 2 2 1 3 0 0 0 1 0 4 0 4 2 2 0 1 4 1 0 4 3 2 1 2 1 3 3 1 4 2 1 2 4 2 2 1 4 0 2 2 4 0 3 3 4 3 0 3 4 2 2 4 1 1 3 4 4 2 1 3 1 2 2 2 1 2 3 2 4 3 4 3 3 2 3 2 0 0 2 2
4 2 3 1 3 2 0 4 4 3 4 2 2 2 4 3 1 4 1 0 2 2 0 2 0 0 4 2 1 4 1 2 1 0 3 4 2 1 3 3 1 2 0 4 1 4 2 4 3 0 4 3 3 1 0 3 2 2 2 0 1 4 2 2 4 3 3 1 1 3 1 2 2 1 1 1 2 1 0 0 1 2 3 4 0 1 4 2 3 2 4 1 3 2 3 2 2 3 0 3 1 3 2 0 4 1 1 1 2 4 3 3 3 4 0 3 0 4 1 3 3 2 1 3 4 1 0 3 4 2 3 2 0 1 2 1 2 1 2 4 2 1 4 0 0 4 3 2 1 1 2 1 4 3 0 0 4 2 4 0 0 2 2 2 0 1 4 2 4 3 3 1 1 3 1 3 4 0 0 0 1 4 2 2 2 4 3
3 1 4 3 3 1 0 1 4 4 2 1 3 2 0 2 4 0 3 2 4 0 0 2 2 4 1 4 2 0 4 0 1 3 1 0 2 1 3 1 2 0 2 3 2 4 0 3 4 0 1 1 1 3 3 3 2 4 4 1 4 1 4 0 4 0 2 3 3 0 4 1 2 4 1 2 0 1 0 0 1 3 1 2 3 4 2 1 3 4 4 4 0 3 1 1 0 4 0 4 1 4 2 4 0 3 1 1 1 3 3 4 4 4 4 2 0 3 0 0 2 0 1 4 0 2 1 1 1 3 0 3 4 4 4 0 4 2 3 2 2 1 1 1 2 0 1 2 1 1 4 3 1 0 0 2 2 1 3 1 4 0 1 3 1 0 0 0 4 3 2 1 4 0 3 1 3 4 0 4 0 1 2 4 3 4 1
3 0 1 4 1 3 2 2 4 4 2 1 3 3 3 4 2 3 2 1 1 3 3 2 1 2 2 0 0 1 3 3 2 1 4 0 4 1 4 0 0 2 1 3 0 1 3 4 1 2 2 0 1 3 2 2 0 4 4 0 1 2 4 0 3 0 2 4 2 2 4 4 4 2 0 1 0 0 2 1 2 2 1 0 0 1 4 0 0 3 0 3 2 1 3 2 2 3 1 1 0 2 2 1 1 2 4 1 4 1 0 4 0 1 1 0 4 1 0 0 1 3 0 1 1 4 3 0 4 2 3 4 1 3 0 3 2 4 1 2 2 1 1 3 0 2 0 4 0 3 4 4 3 2 0 4 3 0 2 2 2 0 1 4 3 1 4 1 2 0 0 1 2 3 1 2 2 2 1 3 0 3 4 0 0 1 4
3 1 3 0 1 1 1 0 1 4 1 2 3 1 4 4 3 2 3 0 0 0 2 0 2 2 4 2 2 2 3 2 3 4 2 1 0 0 3 1 1 4 1 4 1 0 0 4 3 3 2 0 0 1 0 4 3 1 3 2 3 4 4 3 3 1 0 3 3 3 1 4 3 2 0 4 0 0 0 0 1 4 0 3 0 0 3 0 3 3 2 1 2 1 4 0 4 4 0 2 3 2 3 3 4 3 4 4 4 1 1 2 1 1 2 1 3 0 4 1 1 1 4 3 0 4 4 1 0 4 4 3 3 4 3 3 3 2 4 4 4 1 1 2 4 3 0 0 1 4 1 2 3 3 0 3 2 1 1 2 3 0 3 1 0 3 1 0 1 3 4 2 1 0 1 0 0 1 0 1 3 4 0 1 2 3 1
1 1 2 0 1 0 3 3 2 2 1 2 0 4 1 4 2 3 0 3 3 3 0 2 1 1 2 2 0 2 3 1 4 1 2 0 3 2 0 0 1 4 2 1 0 3 2 3 3 2 3 1 3 3 3 4 0 3 2 2 2 2 4 3 0 3 1 3 0 3 3 2 2 2 0 0 2 0 3 0 2 1 2 0 1 2 2 3 2 4 1 2 3 0 0 4 0 3 4 0 2 0 4 1 2 2 1 0 2 1 2 1 2 1 4 1 4 1 4 3 2 2 2 0 2 3 1 4 1 3 0 0 3 1 2 2 0 3 4 2 2 2 1 4 0 0 2 4 3 2 0 2 4 2 4 4 2 1 3 1 1 0 1 1 4 0 0 1 1 0 1 3 4 2 4 4 4 2 1 4 1 3 1 2 2 0 3
0 3 4 3 4 1 4 0 2 2 1 4 3 3 0 1 4 2 2 3 3 4 1 2 2 4 3 0 2 3 0 4 2 4 2 1 1 1 4 3 3 2 2 3 2 4 4 1 1 2 1 1 3 3 3 1 2 1 3 1 2 3 0 4 0 2 2 1 1 3 1 1 2 1 0 4 0 1 2 4 0 4 2 1 4 1 2 1 4 2 0 1 2 0 2 2 0 0 0 1 0 2 2 3 0 4 4 2 1 2 3 3 1 1 4 0 4 3 3 0 0 0 2 3 1 1 0 1 3 1 4 4 0 1 4 2 3 3 4 4 0 0 2 3 1 4 0 2 2 1 2 0 1 1 3 4 3 0 2 1 3 1 2 0 0 1 2 3 0 4 4 2 4 3 1 0 2 1 2 0 4 4 0 1 1 0 0
1 2 3 4 1 1 2 1 1 3 1 4 0 0 3 3 4 2 1 1 1 4 0 1 4 1 3 0 4 0 2 0 3 2 0 1 4 4 4 0 4 0 2 0 0 0 0 1 4 1 2 1 0 2 4 1 4 0 1 3 0 1 1 3 3 1 1 4 0 1 0 4 1 2 1 4 4 3 0 4 4 0 2 2 4 1 3 3 1 2 4 2 0 2 2 0 3 4 0 0 0 0 1 3 4 0 2 3 3 0 4 3 2 1 2 1 0 2 2 1 1 3 0 1 0 3 2 0 4 2 0 1 4 3 1 3 3 4 3 2 1 0 2 3 1 4 1 1 3 3 0 0 1 0 1 1 0 0 1 1 2 3 2 3 2 4 3 0 0 2 4 3 2 1 3 0 2 4 4 1 3 4 1 1 1 4 3
4 2 1 0 1 0 3 0 4 4 3 1 1 2 1 4 1 2 2 4 2 1 3 3 1 4 1 3 2 2 3 1 4 4 2 1 1 2 3 2 1 3 4 2 1 0 3 2 4 0 1 1 3 1 1 2 2 4 2 0 2 0 1 3 1 3 1 0 2 4 2 3 3 1 2 1 3 0 3 3 2 2 1 3 0 3 0 3 2 2 3 1 4 1 0 0 2 3 0 4 3 0 3 3 1 2 4 0 3 4 0 2 3 1 0 1 4 2 4 4 4 4 0 3 0 2 1 2 1 3 4 4 3 2 4 2 1 0 4 1 4 4 4 0 2 4 1 4 4 2 3 3 1 0 4 3 3 2 3 4 0 2 0 1 1 1 0 2 1 4 4 2 0 0 2 4 4 0 3 0 2 3 4 0 4 0 4
2 2 4 3 4 1 3 2 4 1 2 3 2 3 2 4 0 4 4 0 1 1 0 1 1 4 2 1 3 2 2 2 1 1 0 3 4 0 0 0 1 0 4 0 3 3 4 1 3 0 1 4 2 3 0 0 2 3 1 2 2 1 1 4 4 3 4 1 3 1 1 1 1 2 1 2 1 3 3 1 0 1 0 4 4 2 4 4 2 3 3 0 4 0 1 3 3 2 4 4 3 3 0 0 0 4 4 3 4 2 4 1 0 1 1 1 1 2 0 3 0 4 0 1 1 3 0 4 0 1 3 4 1 1 4 2 2 0 2 1 2 4 2 4 0 0 0 3 0 3 4 0 4 4 2 0 3 4 4 3 2 0 4 4 1 0 3 3 0 0 1 2 4 0 3 2 1 4 0 1 2 4 3 3 1 2 3
4 3 2 4 1 2 4 2 0 4 0 3 0 2 4 4 2 0 3 4 3 4 1 1 3 3 1 1 4 4 4 0 4 3 4 0 3 0 4 3 2 4 4 4 2 0 0 1 0 0 0 0 4 3 1 4 1 3 0 0 4 1 0 3 0 2 1 0 4 0 0 3 2 4 4 4 0 0 0 2 2 2 3 4 0 1 3 4 1 4 4 2 2 2 1 4 1 2 4 0 4 2 1 1 3 0 0 3 2 2 3 0 1 3 4 4 1 2 3 3 3 4 0 3 1 3 2 2 2 2 0 2 1 1 3 4 3 1 0 1 0 3 3 2 3 2 3 4 1 1 4 2 0 0 0 2 0 2 1 3 1 3 0 2 4 0 4 0 3 4 1 4 4 4 3 2 3 1 1 1 2 1 3 4 3 0 3
3 3 2 1 1 0 3 1 2 4 0 2 2 1 0 3 0 4 1 2 4 4 0 0 3 3 4 3 1 4 3 2 4 0 0 3 1 1 1 3 2 1 0 1 2 2 0 2 1 3 1 2 3 1 2 3 0 3 3 3 0 2 2 1 2 3 4 3 4 0 3 1 3 0 2 2 2 4 1 0 0 2 2 3 1 2 3 1 0 2 1 2 4 4 4 1 4 0 2 0 1 2 3 1 3 0 4 2 2 2 3 2 2 2 2 3 4 0 1 2 2 2 4 3 3 3 2 2 4 1 2 2 3 0 0 3 3 1 1 0 4 1 4 1 3 1 1 0 3 2 2 3 4 3 1 0 2 3 2 3 1 0 2 0 2 4 3 2 1 1 4 2 2 3 0 3 1 1 3 0 3 0 0 4 0 1 4
2 2 4 2 3 1 1 0 3 1 4 1 4 2 2 3 0 1 3 3 4 1 3 4 1 0 4 2 0 3 2 0 0 3 2 0 4 1 1 4 4 2 2 3 4 0 1 1 3 1 4 2 2 2 2 0 4 3 2 0 3 1 0 0 4 4 1 3 0 4 0 4 1 2 4 2 4 2 4 2 3 3 0 2 3 4 2 4 4 2 4 3 3 4 3 3 1 1 3 1 0 3 3 3 3 2 1 2 2 0 0 2 0 0 2 0 4 1 0 3 3 4 3 2 1 2 0 2 0 0 0 1 4 3 4 4 3 0 1 2 2 1 4 3 3 1 3 4 3 0 0 1 0 3 0 3 2 0 0 3 3 2 4 4 3 0 3 1 3 4 3 0 3 4 0 1 3 1 3 1 1 3 4 3 1 0 1
1 2 3 4 0 1 0 1 4 0 4 2 0 1 2 3 4 1 3 2 4 4 0 2 1 0 4 4 4 1 3 0 3 1 4 1 4 4 2 0 1 4 2 4 0 4 2 1 3 0 0 4 2 1 4 0 1 3 1 2 4 1 2 4 3 1 2 4 2 2 0 1 1 2 0 3 4 2 4 4 4 1 0 3 2 4 0 1 4 2 3 0 3 3 2 3 4 1 3 4 3 3 2 1 2 2 4 3 1 0 2 2 2 0 1 1 4 1 4 1 0 0 3 1 3 0 1 4 2 1 3 2 1 0 4 4 4 0 4 0 3 2 0 2 2 1 0 3 4 2 1 2 2 0 0 0 2 1 1 1 0 2 1 1 4 0 2 4 2 2 1 2 4 1 1 3 4 2 3 1 4 0 3 3 2 3 0
4 1 1 3 1 0 4 0 0 1 2 1 3 4 2 3 0 1 4 3 2 3 2 3 4 4 1 2 1 1 4 0 0 1 0 3 3 4 3 3 0 1 4 1 2 4 1 3 2 2 1 4 1 0 3 2 1 1 0 2 0 1 0 0 4 0 0 3 2 4 1 2 2 3 0 4 2 1 2 4 4 1 0 2 3 3 4 0 2 1 4 2 3 4 4 2 2 4 2 4 0 4 3 4 2 4 1 1 2 3 2 3 1 2 2 2 3 2 4 2 0 3 4 0 0 0 0 2 1 2 1 4 1 1 3 0 0 4 3 0 0 0 0 3 0 3 2 0 2 1 2 4 2 3 0 2 0 0 1 1 2 2 0 1 0 1 3 1 2 2 3 2 4 0 3 1 0 0 3 2 2 2 4 1 0 4 3
0 1 4 4 0 3 1 3 3 2 2 1 0 1 1 4 0 2 2 4 2 3 2 2 2 2 1 3 2 2 3 0 0 4 1 0 2 2 4 2 0 1 1 2 4 2 1 1 1 4 0 1 4 0 0 1 2 3 1 1 0 4 3 0 3 4 2 2 2 1 1 4 4 2 1 3 2 4 0 0 3 0 1 4 2 3 0 1 1 3 3 3 2 3 3 2 3 3 4 0 4 1 1 4 0 2 4 2 1 4 3 2 2 1 1 4 0 4 3 3 2 3 2 2 1 2 4 4 0 1 1 2 4 2 3 4 1 2 2 0 2 2 2 4 0 0 0 2 4 0 1 4 3 0 1 0 2 2 1 0 3 3 2 2 2 0 2 4 2 1 4 1 0 3 2 0 3 0 0 3 0 1 2 4 1 0 4
0 2 2 2 3 0 4 2 0 1 4 1 1 2 0 2 2 0 0 0 3 0 0 3 0 3 2 1 1 2 2 3 2 0 1 2 2 2 4 2 4 1 0 0 3 0 4 3 2 1 0 1 3 2 4 4 0 2 2 3 1 0 1 3 2 2 0 4 0 2 4 1 3 4 3 1 2 2 1 4 4 1 2 2 3 2 3 0 1 3 3 2 3 0 3 2 4 0 3 1 2 2 2 0 4 2 4 3 0 0 4 1 4 2 0 4 4 1 0 2 4 0 4 4 0 4 1 2 0 4 3 4 4 3 0 3 2 1 3 2 1 2 0 0 4 1 2 0 2 2 2 3 2 4 2 0 3 3 4 0 2 4 0 3 4 2 1 2 3 1 4 4 4 2 2 3 0 4 1 4 3 0 2 2 4 4 2
3 4 3 3 3 3 0 2 2 2 0 4 0 2 1 2 1 3 4 1 0 0 4 4 0 0 1 2 4 2 2 4 1 0 0 1 0 0 3 3 3 4 2 0 3 0 2 1 0 3 2 0 0 4 4 0 4 2 0 3 4 2 0 2 4 0 4 0 0 4 0 0 3 4 3 3 0 0 4 2 4 4 3 1 3 4 2 2 2 2 2 3 1 2 1 2 2 2 4 0 1 4 2 0 4 0 0 1 1 0 3 2 4 3 3 2 3 2 1 2 1 3 0 4 3 3 4 2 0 3 2 2 0 0 4 4 2 4 2 3 4 2 2 0 1 3 4 1 2 2 3 1 3 3 0 1 4 1 3 4 0 3 1 0 0 0 1 2 0 0 3 1 2 2 4 0 2 0 1 0 3 4 3 1 0 3 2
4 0 2 0 2 0 2 2 2 4 0 0 1 0 0 0 2 2 4 3 2 4 1 2 2 3 0 0 0 0 2 1 2 2 1 1 4 3 3 2 0 0 4 1 0 1 1 0 0 2 0 2 2 1 1 1 4 3 2 4 4 1 0 3 3 4 0 3 4 0 2 4 1 3 1 3 4 4 3 4 2 3 4 4 2 0 2 3 4 4 3 0 1 0 3 1 1 0 4 1 1 3 0 4 1 3 2 0 3 3 2 2 3 1 1 0 1 0 4 2 0 4 2 3 1 1 4 3 3 1 1 4 4 1 3 3 2 3 0 2 1 2 4 4 0 2 2 4 2 1 1 2 2 4 0 3 2 2 3 0 3 4 2 2 1 2 0 0 0 1 2 3 0 3 3 1 0 2 2 2 3 3 2 2 4 4 0
3 1 4 1 4 3 3 4 1 0 1 3 3 4 2 1 2 0 1 3 0 3 2 0 3 0 2 0 2 3 3 0 0 4 1 1 4 1 2 3 4 4 1 4 0 1 2 2 1 4 2 4 4 4 4 0 0 3 2 4 1 2 4 3 1 3 2 1 1 4 1 2 0 4 1 1 0 4 3 2 0 3 3 1 2 4 1 4 4 1 3 2 3 0 1 0 0 3 3 1 4 4 1 0 0 2 3 1 3 3 0 3 1 3 0 4 4 3 3 3 4 4 0 0 4 3 0 4 3 0 2 3 1 3 0 1 3 3 4 1 1 4 0 3 4 2 2 0 2 2 3 4 1 4 4 0 2 1 1 1 3 4 1 4 4 1 2 2 1 2 1 2 3 3 0 0 0 4 0 4 4 4 0 0 0 4 3
4 2 4 2 0 0 3 4 2 1 4 4 2 1 0 0 1 3 2 1 0 4 2 2 3 3 2 0 3 4 3 4 1 0 2 4 0 2 0 4 4 4 4 1 2 1 3 4 2 3 0 4 2 4 3 2 2 1 2 2 0 3 2 3 3 4 2 0 1 3 0 2 2 1 4 0 4 4 1 3 2 1 3 1 1 1 0 0 4 0 3 1 3 2 0 3 1 4 3 4 2 3 2 2 1 3 4 1 2 0 4 2 3 4 0 1 3 1 2 2 3 2 4 1 4 1 4 2 0 4 3 0 0 0 2 1 0 3 2 0 0 4 4 3 3 4 0 3 2 4 1 0 3 2 3 4 3 2 1 0 4 4 0 4 2 4 0 4 2 0 4 2 4 3 1 4 0 3 3 4 4 1 0 2 3 3 1
3 3 4 3 2 0 4 1 4 3 3 4 3 3 0 2 4 1 0 1 1 3 4 0 4 0 2 1 0 3 4 3 3 3 1 0 4 2 3 3 3 3 4 3 2 0 0 3 1 1 4 4 4 0 1 1 0 1 2 2 4 4 0 2 2 4 4 3 3 4 4 3 2 0 1 1 0 2 0 3 3 1 4 4 2 3 0 4 4 0 2 3 4 4 2 3 0 1 4 4 0 0 4 4 0 1 3 3 3 0 3 3 1 3 4 0 3 0 0 2 2 2 0 3 3 4 1 4 0 2 0 2 2 4 3 3 2 1 3 2 1 1 0 0 1 2 0 4 2 0 1 1 4 3 4 0 2 2 4 4 0 1 1 4 2 2 2 0 3 0 2 2 4 0 2 0 2 4 0 1 2 3 2 3 2 3 3
4 0 2 1 0 0 2 0 3 4 4 3 0 2 0 2 3 2 1 3 4 2 0 0 4 4 4 3 1 2 1 2 3 1 0 0 1 3 2 1 4 4 4 1 1 2 3 4 4 1 4 1 4 0 1 0 1 1 3 4 3 2 3 3 0 4 4 3 4 3 0 3 2 1 0 0 3 0 1 0 4 3 1 3 3 4 0 1 0 4 0 1 3 3 4 3 2 0 1 1 1 3 2 3 0 4 1 0 1 2 0 0 0 3 0 0 3 1 1 3 2 1 1 2 2 3 0 1 0 3 3 1 4 2 2 4 3 3 4 4 0 2 0 3 0 2 3 3 3 2 4 2 0 2 4 2 2 4 4 3 0 4 4 4 1 1 0 1 1 1 0 4 0 2 2 1 0 2 1 3 4 2 1 2 2 2 4
4 4 3 2 4 4 4 0 2 2 0 3 4 3 4 3 4 1 2 2 1 4 0 2 1 3 0 3 2 2 4 1 1 0 4 2 4 0 4 2 2 1 2 3 0 1 3 1 0 0 3 3 0 3 2 3 3 2 3 0 2 2 2 0 2 3 0 2 3 4 1 2 1 3 1 3 2 4 4 2 2 2 2 4 0 0 2 1 4 0 1 3 2 3 4 0 3 1 4 3 0 0 1 3 3 4 1 2 0 2 4 4 4 4 3 2 4 0 3 0 2 1 4 2 2 0 4 0 1 3 4 3 0 2 2 0 3 0 3 0 3 4 0 4 3 3 1 4 1 1 0 0 3 1 2 0 3 1 2 4 1 3 2 1 2 1 4 2 4 2 3 2 1 0 1 2 0 0 1 3 3 3 4 3 1 3 0
4 2 3 3 3 3 3 2 1 1 1 3 0 0 3 2 3 3 1 0 1 3 2 4 1 2 0 0 4 4 0 3 3 0 4 1 4 4 0 0 0 3 0 1 3 4 0 2 4 3 4 2 1 3 4 3 1 4 0 2 0 2 0 3 3 1 2 2 0 2 4 1 3 1 4 1 2 1 0 2 0 0 1 3 3 0 3 1 2 3 3 2 1 1 3 1 2 0 0 3 4 4 1 2 2 2 4 0 3 1 2 0 3 0 4 4 1 2 0 3 3 1 2 1 2 0 2 1 0 2 1 0 3 2 4 0 1 0 0 2 2 4 2 2 0 3 1 1 3 4 1 1 0 3 2 4 4 1 0 1 3 4 3 3 3 3 3 0 3 4 2 2 3 1 0 0 0 3 3 0 2 4 1 4 3 0 3
4 3 1 0 3 0 1 1 3 1 4 0 4 3 2 4 4 1 1 1 1 4 0 1 2 4 4 1 4 1 2 0 4 3 3 2 0 4 3 0 0 4 1 1 3 0 2 4 1 3 0 4 3 2 2 2 4 3 0 0 4 4 1 0 4 1 4 4 2 4 2 4 4 3 0 4 0 0 0 2 3 2 3 3 0 1 2 1 4 0 1 1 4 4 1 4 0 3 0 2 2 2 1 1 2 4 2 3 4 2 2 4 0 0 0 2 3 2 3 3 4 4 1 4 1 2 3 1 2 0 1 0 3 4 3 0 0 3 0 1 0 2 1 2 0 3 4 3 2 4 3 2 4 4 1 0 4 1 3 1 1 1 3 4 1 4 2 1 2 4 0 4 2 3 2 4 1 3 4 3 0 3 0 1 2 1 1
3 4 1 0 1 3 0 2 1 4 4 4 3 4 4 3 3 2 2 4 3 2 3 4 2 1 4 3 1 3 1 1 2 0 3 3 0 4 3 1 0 2 0 1 3 0 1 3 4 3 2 3 2 3 2 2 1 3 2 4 1 1 1 1 1 4 1 1 0 4 2 1 2 4 2 2 4 3 3 4 3 0 4 2 0 3 4 2 1 4 1 0 0 2 1 1 4 2 2 4 4 1 0 3 0 4 0 2 4 3 3 2 1 2 2 3 2 3 0 3 2 4 0 2 3 3 3 2 3 2 2 2 0 4 0 1 1 2 0 0 3 3 0 4 2 2 4 4 2 0 4 0 4 0 2 4 3 3 2 3 0 1 0 3 2 0 4 0 0 1 1 3 4 3 4 1 2 3 2 4 3 1 4 4 1 4 1
2 2 3 0 4 1 3 2 0 0 3 1 0 1 4 3 0 4 2 3 1 1 0 2 1 4 4 3 2 3 4 4 2 4 2 3 0 0 1 0 0 1 3 3 3 2 1 0 1 4 1 4 2 1 2 3 0 1 3 3 1 2 4 3 1 3 1 3 0 4 1 3 3 4 1 3 4 2 0 0 3 1 2 0 0 4 1 0 2 1 0 0 4 2 3 2 0 1 1 1 3 2 4 1 3 0 1 2 4 1 0 3 0 2 0 0 3 3 0 2 2 3 2 1 0 0 0 2 3 1 3 1 0 4 4 4 1 2 1 1 1 3 1 1 0 3 1 3 4 3 0 1 3 2 4 3 4 4 3 0 1 1 3 3 3 0 2 4 2 1 0 0 4 3 1 2 2 4 2 3 3 3 4 1 2 3 2
4 2 0 1 0 3 4 1 1 1 3 1 1 1 3 1 3 4 0 0 3 4 2 1 4 2 0 3 2 0 0 1 4 2 4 2 2 3 3 4 0 3 2 3 2 2 4 0 1 4 2 4 1 1 0 0 4 2 3 3 4 0 1 1 4 0 3 2 0 1 3 2 1 0 0 3 4 0 3 3 1 2 2 2 4 0 3 0 4 3 3 1 4 4 2 3 4 0 2 1 3 0 4 4 2 4 0 2 1 0 0 3 3 4 2 4 1 0 4 1 1 2 2 0 3 4 0 4 1 3 0 1 0 4 0 3 1 2 2 2 3 4 0 1 0 3 0 2 0 1 0 1 0 4 3 3 3 4 4 1 4 4 2 4 1 4 4 2 2 3 4 0 2 2 3 3 2 0 2 4 1 2 1 1 1 1 1
1 2 0 4 1 1 1 3 4 2 4 3 4 3 0 1 2 2 4 2 1 4 4 0 0 3 1 3 4 0 4 2 2 1 1 4 0 4 4 4 2 0 3 1 3 3 0 3 2 4 2 3 4 2 0 1 2 4 2 4 4 1 1 1 0 0 2 0 4 1 1 3 2 4 2 2 4 2 2 3 1 0 3 2 4 4 1 1 3 3 2 2 4 1 3 1 1 1 1 2 4 3 1 3 4 3 3 4 0 0 4 3 2 3 1 1 2 2 0 0 0 4 2 1 0 2 0 3 0 1 1 0 1 4 3 1 4 1 2 1 4 1 4 1 4 2 0 3 4 2 0 1 1 2 0 4 2 0 2 2 3 0 4 0 1 3 3 0 1 0 1 2 3 1 1 0 3 3 3 0 0 4 3 3 3 0 2
2 2 2 2 1 4 1 3 1 4 1 1 3 3 0 2 1 1 3 3 1 1 4 3 3 0 2 2 0 4 1 3 2 0 0 3 0 3 1 1 3 4 4 3 2 4 0 0 2 4 4 4 2 0 4 1 0 3 0 2 3 3 2 0 4 4 0 4 3 3 2 3 2 1 1 4 1 3 1 3 4 2 4 2 2 4 0 4 2 0 2 2 0 1 4 4 1 4 0 4 4 2 2 1 4 0 2 2 3 4 0 0 1 2 2 1 1 2 2 0 4 1 0 4 3 4 1 4 1 1 0 0 1 4 4 0 1 1 4 1 2 1 1 1 3 0 2 1 4 4 2 3 1 4 0 1 3 3 2 1 4 2 2 0 3 1 2 4 4 3 2 2 0 4 3 3 4 2 0 1 1 4 1 4 3 1 2
3 1 4 0 1 3 4 3 1 2 3 2 1 1 2 0 1 3 3 2 4 0 2 0 4 3 2 0 1 0 3 1 2 4 1 0 3 2 0 1 4 0 1 3 2 3 3 0 1 4 4 0 1 3 3 2 1 0 3 2 2 3 4 4 2 2 4 0 0 2 4 1 2 0 1 1 0 0 4 3 1 3 0 2 2 3 0 3 0 0 3 3 3 4 2 2 1 4 3 3 3 4 2 0 4 3 2 1 0 3 4 3 1 4 1 0 3 3 1 3 0 4 3 3 0 1 0 3 2 0 4 0 4 1 2 0 1 4 1 4 4 0 2 3 2 0 3 0 3 1 0 3 2 4 3 2 2 1 1 1 3 2 1 0 3 3 0 1 0 4 0 4 1 3 2 3 3 3 0 4 1 1 4 4 2 3 1
1 1 4 2 4 1 3 4 1 3 2 3 0 1 0 0 2 0 4 1 4 4 3 0 1 4 4 0 3 2 3 4 0 0 1 0 3 1 1 2 2 3 2 2 1 2 2 1 3 4 4 4 3 2 4 1 4 3 3 2 3 2 4 3 4 0 0 4 4 2 1 1 2 3 3 4 1 3 2 1 2 1 0 2 3 4 1 4 4 4 2 2 3 1 3 4 3 3 4 4 2 0 0 0 4 1 1 2 4 0 3 3 1 0 2 1 4 3 1 0 0 0 3 3 3 3 3 1 1 2 1 1 4 3 1 3 4 4 2 0 4 0 3 2 0 1 0 1 1 1 2 1 1 2 2 1 0 0 3 3 4 1 4 3 1 2 4 1 3 1 1 4 4 2 3 1 0 4 0 1 0 4 0 4 1 2 0
3 2 0 1 3 3 3 1 0 2 2 3 1 1 1 2 0 3 1 3 3 0 3 2 2 2 2 3 0 4 1 0 3 1 2 1 2 2 4 4 4 4 2 2 0 3 0 2 4 3 0 2 3 1 1 0 0 3 1 3 4 2 3 2 0 2 0 2 4 2 1 1 1 3 0 3 4 2 0 3 0 2 2 3 0 4 1 1 2 2 4 2 4 2 1 1 0 2 4 1 4 2 4 2 3 0 0 2 2 2 2 3 4 4 3 0 3 1 3 1 0 2 0 1 1 1 3 3 0 2 0 1 1 1 3 4 1 0 3 1 2 0 1 2 0 4 4 3 3 2 1 3 1 3 0 4 2 3 3 2 2 0 4 0 1 4 0 0 0 3 1 2 4 2 1 1 3 0 1 1 4 3 2 2 3 2 2
0 2 2 3 1 4 4 3 2 3 3 4 3 4 0 1 0 4 4 1 3 2 4 1 3 2 3 1 3 0 0 3 4 4 1 2 0 0 1 2 1 1 2 4 0 4 2 2 4 2 0 2 4 0 3 2 4 4 0 2 4 0 1 1 1 4 0 1 2 1 1 3 3 3 2 0 4 2 3 3 4 3 2 3 0 3 2 0 2 3 2 3 0 0 1 2 0 2 3 4 3 4 2 3 4 1 4 4 3 4 4 2 4 4 2 0 2 0 0 1 0 2 4 0 0 3 2 0 0 3 4 0 4 3 4 4 4 0 0 0 1 4 4 0 3 2 0 2 4 2 3 1 0 0 1 2 3 1 2 0 1 3 0 0 3 4 4 2 1 1 4 2 3 4 3 3 1 0 1 2 3 1 3 0 3 1 2
3 2 1 3 3 1 4 1 4 0 2 3 2 4 3 1 2 2 1 2 0 2 0 4 2 4 2 2 2 3 1 1 3 2 4 3 3 0 4 4 1 2 2 0 3 2 3 2 1 0 4 1 4 2 0 1 1 4 0 3 0 1 1 0 0 3 3 0 3 0 1 1 4 3 3 2 1 2 1 2 4 2 1 3 4 3 1 0 0 3 1 0 1 2 0 1 2 0 3 1 2 4 2 1 4 3 0 0 0 3 0 4 1 3 4 2 1 0 3 1 0 1 3 1 3 0 2 1 3 2 4 0 1 3 4 0 1 1 3 3 2 0 2 3 0 3 0 3 0 0 2 0 1 0 1 2 3 0 0 1 2 1 1 0 4 2 3 3 1 3 1 3 3 1 1 0 4 3 3 2 1 0 2 4 1 1 3
4 1 3 2 1 1 0 3 1 3 1 1 4 4 2 4 4 0 2 4 2 2 3 4 3 3 3 3 1 4 1 2 3 2 4 1 3 0 4 1 0 3 2 1 2 2 0 4 4 4 0 1 1 3 2 0 4 1 0 2 2 3 2 2 2 1 3 3 3 3 4 0 3 4 3 0 3 0 1 4 4 2 3 1 2 0 3 1 3 3 1 1 3 3 3 1 1 4 4 2 4 0 4 2 1 3 4 4 3 1 1 0 3 4 1 2 4 4 1 3 4 2 1 2 0 1 3 3 0 4 2 4 0 2 1 1 0 3 3 0 4 4 0 4 3 3 1 4 2 2 4 1 4 0 1 1 4 4 2 1 1 4 3 3 1 1 4 3 4 4 1 3 0 1 2 0 0 1 0 4 3 4 3 0 2 4 3
1 0 0 4 1 2 2 4 3 4 1 4 3 2 0 4 3 3 1 3 3 4 0 0 0 0 3 0 4 4 0 2 4 3 1 1 0 4 2 0 0 0 4 3 3 1 2 1 0 1 1 0 2 2 0 2 4 0 2 3 4 0 0 4 3 3 2 3 4 4 0 4 0 2 0 0 3 4 1 3 0 4 4 0 1 1 2 2 2 2 0 1 2 2 2 2 1 4 0 0 1 2 2 3 4 2 3 3 1 1 3 4 0 4 4 4 1 1 3 3 0 4 1 4 3 4 1 1 0 3 4 1 1 1 1 0 3 1 0 1 2 1 0 0 0 4 1 1 3 4 1 0 0 3 0 4 4 1 2 4 0 1 3 1 4 4 3 4 3 1 1 0 2 3 2 2 0 3 1 3 0 2 0 0 2 0 1
3 4 1 3 4 4 3 2 4 4 2 0 2 3 1 0 2 0 2 0 2 3 1 2 0 0 2 0 0 3 4 3 4 0 3 3 4 1 2 0 1 4 1 3 0 4 3 2 1 3 4 3 3 2 0 3 3 3 0 3 3 4 3 2 1 2 2 3 3 4 3 4 0 1 0 2 1 0 0 4 0 1 3 3 4 0 3 2 3 4 2 3 0 2 2 4 4 4 2 0 0 2 1 3 4 1 0 2 4 2 1 1 4 4 2 3 0 0 2 0 1 1 4 4 3 1 3 0 3 2 0 0 4 1 3 0 0 4 2 4 3 4 0 2 0 2 0 2 0 4 3 1 0 4 2 1 2 0 1 2 4 1 3 4 4 1 4 4 2 4 3 1 3 1 3 3 0 1 1 0 0 1 4 3 2 1 1
4 4 2 2 0 0 0 4 4 3 1 4 1 0 4 2 0 0 0 3 1 3 1 3 4 4 2 4 1 1 0 3 2 4 0 2 4 2 2 0 0 0 4 1 2 1 0 2 1 1 2 4 1 1 3 2 0 2 1 4 3 3 2 0 2 2 0 3 1 2 4 1 4 0 0 1 3 0 0 0 3 2 1 0 3 4 2 1 4 1 0 2 4 2 0 4 1 0 2 2 4 3 0 0 1 2 1 4 0 3 1 3 0 3 0 4 4 0 2 3 1 2 3 2 4 3 1 0 0 1 4 1 1 1 1 2 1 4 2 1 2 3 1 2 3 2 3 3 4 0 1 0 4 1 4 3 1 3 0 1 4 1 2 2 0 0 0 1 4 4 2 3 4 3 3 3 2 3 3 1 1 1 3 0 3 3 1
4 3 3 3 4 0 2 1 0 3 1 1 4 2 0 0 2 3 3 2 3 1 0 4 4 3 0 0 1 3 3 3 3 1 1 2 1 0 3 3 3 2 4 0 4 1 0 3 0 0 0 0 3 2 4 3 1 4 0 4 4 3 2 4 4 0 1 1 1 0 4 1 2 1 1 3 2 3 2 4 3 2 4 2 2 1 0 3 2 0 2 4 3 2 3 4 2 0 0 0 2 2 2 1 0 0 4 4 4 3 1 2 1 2 1 3 3 1 3 3 3 2 4 3 4 2 3 4 4 0 4 3 2 1 1 4 4 1 1 3 4 2 0 2 4 2 2 0 0 0 0 4 0 4 4 4 3 2 3 0 3 0 0 2 3 2 2 2 0 0 0 4 2 3 4 3 2 1 0 4 4 2 0 4 1 0 0
2 2 1 4 2 1 4 0 1 1 4 4 1 4 1 3 3 4 4 1 3 2 4 3 1 1 0 2 0 0 0 2 0 1 1 2 4 2 2 0 4 1 1 2 2 3 0 0 4 4 4 0 4 3 3 0 4 0 0 1 1 0 3 1 3 1 0 4 4 3 4 0 1 3 2 4 1 0 4 2 1 3 2 0 3 2 3 0 3 0 1 1 0 2 2 0 3 4 4 4 2 0 4 1 3 4 2 1 4 3 4 0 2 1 3 2 4 1 2 4 1 1 0 3 3 4 0 1 3 4 3 3 1 2 4 2 1 1 3 2 4 2 0 3 1 3 3 2 1 0 1 2 1 3 2 1 2 2 3 0 3 3 3 1 2 4 3 4 2 2 3 4 1 3 4 4 3 2 1 4 0 4 3 1 2 0 3
1 4 3 2 4 3 2 1 0 4 1 1 1 3 0 2 2 3 2 1 4 4 3 3 4 4 2 3 4 4 3 0 1 3 2 2 1 2 3 1 3 0 3 4 0 3 2 2 3 1 1 2 0 1 3 0 0 0 3 4 1 1 0 4 4 4 2 2 3 2 3 1 4 3 3 0 1 0 4 2 1 0 1 3 3 4 3 4 1 3 0 0 1 0 4 2 2 1 4 0 4 0 2 3 3 0 0 2 2 2 4 0 4 2 0 3 2 4 2 0 4 4 0 3 2 0 0 4 3 2 1 2 2 0 3 2 2 0 4 4 2 0 1 2 3 2 0 2 3 4 4 4 0 2 2 2 2 0 3 2 2 0 2 1 0 2 3 3 2 0 4 0 0 3 4 0 2 1 4 0 2 1 1 2 3 4 0
2 4 3 4 3 0 1 4 3 3 4 1 3 1 2 0 2 2 4 4 4 2 1 1 4 4 3 1 2 2 3 4 3 4 0 3 1 4 4 4 4 3 2 2 0 0 2 4 4 3 0 4 0 3 0 4 2 3 3 1 2 3 0 2 4 3 0 1 2 4 0 3 0 3 1 2 0 0 3 4 1 3 3 1 4 1 3 1 1 3 3 1 3 0 3 3 0 4 4 4 0 1 3 0 1 1 2 1 3 0 3 4 1 3 1 0 4 1 3 3 4 3 4 2 1 2 2 3 3 3 3 4 0 1 1 1 2 1 0 0 3 3 2 4 1 3 1 3 4 2 1 0 2 0 4 3 4 2 2 3 0 2 4 0 3 0 4 2 1 1 4 0 4 1 1 2 1 0 2 2 2 0 2 4 0 2 0
2 4 4 0 1 1 4 2 4 1 3 3 0 4 2 2 0 1 0 4 2 0 4 2 2 4 4 4 2 3 4 4 4 3 4 1 1 0 0 0 3 0 0 0 4 4 2 1 0 3 2 0 3 1 2 3 1 3 4 3 4 3 4 3 3 0 4 4 2 1 1 0 1 3 1 2 2 0 0 0 0 3 0 1 4 4 4 2 4 3 2 3 3 1 2 3 1 3 4 3 0 0 1 3 3 4 1 2 4 1 2 0 1 4 1 1 3 2 0 0 2 3 3 0 1 2 0 3 1 4 3 3 1 4 3 1 3 4 3 0 3 1 0 4 0 3 2 1 0 0 1 2 0 4 4 1 4 1 1 2 0 0 0 1 1 3 2 2 0 2 2 0 3 4 1 4 2 4 2 4 4 3 1 4 4 2 2
