5 188 13
850243436 566994004 190752020 1192290199 990690737 277053977 1211646110 760527066 581526637 1074459750 786237580 179760120 103941931 929712423 1150498702 371078958 1132238264 721873215 704261448 410864494 484940075 538458074 110104259 480001074 14236060 309724435 460465662 1082407306 437791040 300518700 611530799 1083957117 124024506 893056776 503426856 880868444 302656352 503618365 175553930 87038579 299476324 944698649 241440036 379292241 532708356 660544895 937451567 454582813 179889850 821833246 677112810 747590656 833806014 119259091 926709380 1195442560 531415150 1206328511 658409493 527787158 1105939948 1066252229 252218564 151532977 146548879 17821886 90207979 662967700 869238052 96138965 802195036 974024896 1173702926 836855456 15020728 758343122 219950514 696719971 1022936213 173236396 769679001 1193636295 857316905 851243804 844276680 319333516 11975030 1049374912 830294848 97529116 1002792614 114393387 688556398 1191640596 1142821018 44651174 174257691 397988586 572316122 52021631 1054089102 434353112 811489520 961420623 781316339 1148351904 983943727 670289426 401909659 26616174 135934252 605489266 991498051 499527043 485856718 473337845 357030376 127042821 525344880 986605660 1019147051 759828795 207785052 965862748 654372826 320423296 879497414 57782380 769596996 127132139 860559031 737877058 1068039715 948944063 962960964 251757520 83743167 1208900863 987518119 298323961 779100705 415261953 411398374 277912569 854467010 180846595 246472371 287195189 1150225770 658310188 1024927786 747191858 1020490369 88533021 390391126 678397189 825477019 626135270 702514153 685789109 738332078 770486455 1073617351 687290625 636290414 225952935 1157904832 1051382870 854495941 779537567 651876353 1095285516 797151821 198202297 1069908636 1063685182 1037885368 89363709 782145409 999474054 5902225 191475689 337361703 279819383 868520538 488702055 1053194869 655402134
2 4 4 3 4 2 3 4 2 4 0 2 4 4 0 3 2 4 1 4 0 3 3 4 4 4 3 2 1 2 4 0 2 0 1 1 4 4 2 2 0 2 1 1 3 2 4 1 3 2 2 0 0 0 0 2 4 0 4 2 3 0 4 2 1 0 0 0 1 2 4 4 4 1 0 2 0 2 0 3 4 2 1 2 4 1 4 3 1 3 2 1 4 4 3 0 4 3 2 3 0 2 2 1 0 4 1 2 1 3 0 1 1 3 3 2 4 2 3 3 2 0 4 1 4 3 3 1 3 3 1 4 2 3 2 2 2 0 4 1 4 1 4 2 0 2 4 1 1 2 4 0 0 4 4 1 2 4 2 2 2 3 1 4 3 1 1 3 3 2 1 2 4 0 1 1 4 3 2 2 2 2 2 2 3 1 1 2
1 0 4 0 1 3 0 4 4 3 4 2 1 0 2 2 0 0 3 1 3 2 3 1 1 1 0 4 4 1 1 2 4 1 3 0 4 3 1 0 1 1 4 4 3 3 1 1 4 1 2 2 1 1 0 2 4 3 2 3 1 3 1 0 1 4 0 2 4 4 2 2 0 2 2 0 2 0 1 1 4 4 1 0 2 1 2 1 1 1 4 3 2 2 0 3 1 1 1 2 2 0 0 4 4 4 4 2 1 1 3 2 2 4 2 4 3 2 0 1 3 1 4 2 4 0 1 2 3 4 0 0 4 2 4 4 3 0 1 4 3 1 4 0 1 1 1 1 0 1 2 1 0 4 3 4 1 4 1 1 3 3 1 0 0 2 4 0 2 0 2 3 1 1 3 4 2 0 2 0 3 2 1 3 3 4 4 4
1 1 0 1 1 3 1 4 2 0 4 1 2 1 4 1 2 3 2 2 0 0 2 0 4 3 1 2 4 0 3 2 3 3 4 0 3 0 4 0 3 3 1 2 2 3 3 4 3 1 1 3 3 0 0 2 0 1 1 0 2 4 4 0 4 3 2 2 1 1 4 1 2 2 3 4 0 2 0 3 0 2 3 3 4 4 2 0 0 0 2 4 4 1 2 0 2 4 4 3 3 3 4 0 2 2 1 3 1 1 1 1 0 2 4 2 1 3 2 1 3 4 3 4 2 0 4 4 4 0 4 4 3 3 1 3 3 2 1 4 1 4 1 3 1 2 0 4 3 4 1 3 0 1 3 3 1 4 4 2 0 4 2 0 2 3 3 2 3 1 2 1 1 0 1 4 4 4 4 4 3 2 3 1 3 1 4 1
2 3 3 2 2 0 0 2 1 3 4 1 0 3 4 3 0 0 4 0 4 3 4 0 2 4 1 0 0 2 1 0 2 2 2 2 4 4 4 0 3 0 3 0 4 2 0 4 0 4 1 1 0 3 3 2 2 4 0 3 3 1 3 1 3 2 3 3 2 2 0 2 4 1 4 3 3 1 0 0 0 1 2 2 4 0 0 4 2 2 2 0 0 2 3 1 1 1 4 0 0 1 2 0 2 3 0 3 4 0 0 2 4 4 4 0 0 1 4 4 3 3 1 4 2 0 0 1 3 1 1 4 4 1 1 4 4 1 4 1 4 4 3 0 4 4 2 1 1 2 2 1 2 3 0 0 0 2 3 4 0 4 3 0 2 1 4 4 2 3 0 3 4 0 3 0 4 1 1 2 0 3 4 4 4 1 1 4
4 4 3 4 4 3 1 1 4 0 0 4 0 2 2 0 2 3 0 2 1 4 4 3 4 0 2 3 2 4 3 3 3 3 2 4 2 4 3 1 1 0 2 4 3 0 1 0 0 3 4 1 2 1 4 2 3 1 0 0 2 0 0 1 4 0 2 3 1 0 4 2 1 2 1 4 4 4 1 4 3 3 0 0 1 1 4 4 4 2 2 2 4 2 0 3 2 2 1 3 3 3 3 1 2 1 2 3 1 0 2 4 3 4 1 1 2 3 1 1 0 0 0 4 2 0 0 2 0 3 2 0 1 0 1 0 4 0 3 0 0 2 1 4 1 4 0 0 2 3 2 2 3 2 4 3 0 1 0 2 4 4 4 3 0 0 3 4 2 4 1 2 1 4 3 0 3 1 0 1 4 4 0 0 4 4 3 1
2 0 3 2 1 2 0 1 4 0 2 1 1 0 3 3 4 4 0 3 0 0 4 4 2 4 1 1 1 4 2 3 1 0 2 3 4 4 1 3 2 1 1 3 3 1 3 3 0 3 3 0 1 2 2 3 3 3 4 1 0 3 2 3 3 4 3 4 4 0 2 3 3 0 1 1 1 0 1 4 0 4 4 3 1 1 3 2 2 4 3 2 2 0 0 2 2 1 1 3 3 0 1 1 0 4 4 2 1 1 3 2 0 2 2 4 1 1 3 0 0 1 2 3 4 4 0 3 0 4 1 3 4 2 1 0 1 1 4 3 4 2 2 4 1 4 0 4 2 3 4 3 2 1 3 3 3 0 1 0 4 2 1 1 1 2 3 4 0 2 4 4 1 3 1 4 0 3 4 2 4 3 2 1 2 0 1 2
3 2 2 4 1 0 0 4 0 3 3 0 2 0 2 3 3 0 3 0 0 4 3 4 2 0 2 4 3 3 1 1 0 1 0 1 1 1 2 1 1 1 4 4 3 3 4 3 3 4 4 3 3 2 0 1 4 2 2 4 1 1 0 3 2 3 2 0 1 4 2 2 2 3 1 0 1 3 4 4 2 0 4 1 4 4 4 0 2 1 0 0 4 0 3 1 0 0 4 1 0 1 4 2 1 2 0 2 0 1 3 3 1 4 1 0 4 0 0 3 3 0 0 3 3 3 1 3 4 0 0 1 3 1 0 4 3 0 1 1 1 1 4 4 1 2 1 2 2 2 0 2 4 0 0 4 0 4 0 1 4 2 2 3 3 0 4 3 0 3 4 4 4 0 3 0 4 0 4 3 4 1 1 0 1 3 0 4
2 2 0 4 4 0 2 4 0 3 4 2 1 1 1 3 3 2 0 3 2 0 1 3 1 4 3 0 3 0 4 2 2 1 1 3 1 0 4 3 4 4 1 0 0 4 3 3 1 4 3 0 4 0 0 2 4 4 2 4 1 1 2 1 3 3 4 1 4 4 2 3 0 0 0 2 4 1 0 3 0 1 0 1 1 1 3 2 2 3 2 3 4 1 4 4 4 1 3 0 0 0 0 2 2 1 4 3 2 1 1 4 2 4 2 0 2 2 0 4 0 2 2 2 0 4 3 1 0 3 2 2 3 2 4 2 0 3 1 4 4 4 0 4 3 4 4 0 2 4 1 4 3 1 3 3 0 4 0 0 2 4 2 3 3 3 0 4 1 1 0 2 1 1 1 1 0 1 4 4 2 0 1 1 1 1 1 3
0 3 0 0 2 2 3 1 2 0 2 0 2 2 3 0 3 1 3 1 2 2 2 2 3 3 3 1 2 1 0 2 0 0 4 2 0 2 0 4 3 2 0 2 0 3 4 0 4 2 1 4 0 4 1 0 4 1 3 1 4 0 1 4 3 0 4 0 0 4 4 0 4 4 4 4 2 3 4 4 2 3 0 4 4 1 1 0 4 0 2 3 0 0 0 0 2 4 0 4 0 0 4 4 4 0 0 4 3 2 0 3 0 0 2 4 3 4 4 2 4 3 2 1 0 2 2 0 3 4 4 4 4 1 0 1 1 1 2 2 3 2 0 0 4 2 1 2 3 2 1 2 3 3 1 0 3 0 0 3 4 2 2 4 3 0 2 1 3 4 3 1 3 0 3 2 0 4 4 3 3 0 3 1 0 4 2 0
1 4 4 0 1 3 1 1 3 0 3 1 4 3 4 2 1 4 1 1 0 0 4 4 2 4 2 0 0 4 0 1 1 4 4 2 0 2 4 3 3 4 2 4 4 3 4 0 3 0 1 3 1 3 4 0 4 2 0 0 3 1 3 4 2 2 4 2 0 3 3 0 4 2 4 3 0 3 4 0 4 2 1 2 2 0 4 2 2 0 2 3 3 2 2 2 0 1 2 2 1 2 4 0 4 3 1 1 4 2 4 0 4 0 4 2 0 3 1 0 0 0 3 0 2 0 3 4 4 2 1 2 4 0 3 0 1 1 3 0 3 2 2 2 4 1 1 0 4 2 0 2 4 0 2 2 0 0 1 1 4 0 4 3 2 4 0 3 0 1 0 3 3 2 2 3 3 4 0 0 3 2 2 0 2 1 2 4
4 0 1 3 2 0 4 0 1 4 3 1 2 1 1 1 3 3 1 4 4 3 4 0 0 3 0 2 4 4 1 0 1 4 4 4 1 3 4 2 4 4 0 2 0 1 0 1 2 3 0 3 1 1 3 1 1 0 0 2 4 3 3 3 0 2 2 1 2 3 1 3 2 3 2 0 0 4 1 4 2 3 2 0 1 1 3 2 3 0 4 0 4 4 3 1 3 2 2 2 0 0 1 4 4 0 1 1 0 4 0 4 2 4 0 3 2 3 2 1 4 4 1 0 3 4 1 4 1 0 1 3 1 4 2 2 0 4 0 0 3 2 4 3 1 1 3 4 2 1 0 3 0 1 3 0 2 1 4 0 1 1 3 4 0 2 3 2 3 3 2 4 0 4 2 2 2 2 1 4 3 3 2 3 1 2 4 3
3 3 0 0 1 0 1 2 2 0 1 3 0 4 2 1 0 1 0 2 3 3 4 2 1 1 2 4 4 3 4 4 4 4 4 0 4 3 4 3 0 1 1 0 2 3 1 2 4 1 1 0 1 2 2 2 1 1 1 2 0 0 1 4 1 3 4 0 1 1 1 1 2 2 1 4 3 0 3 4 3 1 4 0 4 3 4 0 0 1 2 0 3 0 1 2 3 2 4 4 3 0 2 0 3 1 1 3 1 1 2 4 3 2 1 4 2 1 1 2 4 0 4 4 0 2 1 4 0 1 0 3 1 0 1 1 1 2 4 4 4 2 0 4 1 2 3 3 3 1 3 4 1 4 3 1 2 0 2 2 1 0 2 4 0 3 1 1 1 0 2 2 4 2 1 2 4 1 3 4 2 1 3 0 2 2 3 4
2 1 3 0 1 1 4 3 4 0 1 2 3 3 1 4 0 4 2 2 0 0 3 4 3 2 1 0 1 0 2 0 1 0 0 4 3 1 2 0 4 0 4 2 3 1 3 0 0 2 2 3 4 1 4 2 0 1 0 3 1 2 0 4 4 2 3 0 3 2 0 2 2 4 1 2 0 0 2 3 2 2 3 2 0 2 1 2 0 1 0 1 0 0 0 2 2 0 2 2 4 4 0 3 3 1 2 1 3 0 1 3 4 4 0 4 3 3 1 4 2 3 0 4 0 3 3 2 0 0 4 2 1 1 0 2 0 3 3 3 0 4 1 4 0 3 0 3 4 3 2 1 1 0 0 1 3 4 0 0 1 1 2 0 3 3 2 0 3 0 3 0 1 2 4 3 2 1 1 1 4 1 4 0 1 2 3 1
3 3 1 1 4 4 1 4 4 3 4 2 0 0 2 3 4 3 1 3 4 3 2 3 4 1 0 2 3 3 3 3 1 4 0 2 3 1 4 4 0 3 3 2 0 2 1 4 0 2 0 1 2 2 1 3 3 1 0 4 1 3 2 2 0 4 2 0 1 1 0 3 1 3 0 2 1 1 3 3 4 0 2 3 2 3 2 3 2 4 4 3 0 3 3 0 3 0 0 4 3 0 2 4 4 2 3 2 4 4 0 0 4 2 0 4 3 2 2 0 4 1 0 4 4 3 4 2 0 4 3 0 2 0 2 3 0 0 0 1 1 2 1 3 2 1 2 2 1 4 2 2 2 4 1 3 3 2 3 0 3 1 1 0 4 3 3 4 0 0 0 2 0 3 0 4 1 4 1 4 3 0 1 2 4 4 0 4
1 0 0 0 2 3 2 3 1 3 4 1 3 1 0 0 4 2 1 2 1 2 4 1 4 2 0 4 2 3 0 0 3 0 0 2 3 3 0 1 1 4 0 1 0 2 4 1 0 0 1 3 0 0 0 4 4 2 0 1 0 1 2 4 1 4 1 2 4 2 0 0 3 0 4 1 0 0 2 0 0 0 0 0 2 2 2 2 0 2 3 0 3 2 4 2 2 1 4 1 0 1 4 0 4 0 1 4 0 1 4 2 1 4 0 4 2 2 3 4 1 1 4 0 1 4 2 0 2 3 3 4 4 4 4 3 4 3 2 1 4 3 4 2 0 1 3 4 0 1 3 1 0 2 1 3 3 0 3 2 0 1 1 2 1 3 2 2 3 2 4 4 0 0 1 2 1 2 3 3 0 1 4 2 1 3 0 4
3 0 4 4 2 2 3 0 0 0 2 3 2 3 4 3 3 3 2 1 0 1 4 2 4 4 0 0 4 0 2 2 1 1 3 0 3 1 0 1 2 4 1 1 3 1 1 3 4 4 0 1 0 1 3 4 2 3 2 1 1 4 1 4 2 4 1 2 3 3 3 2 2 2 3 0 3 0 1 4 1 1 0 3 4 0 4 2 1 1 0 4 2 1 3 1 3 1 4 1 4 4 0 1 1 3 4 1 0 0 0 1 3 2 4 2 3 4 1 4 2 4 0 2 0 3 3 0 1 2 1 0 4 3 3 0 4 2 2 4 4 4 3 4 2 4 4 2 0 0 3 3 4 3 0 2 3 0 2 4 3 1 4 2 1 4 4 0 2 1 0 3 1 0 3 0 4 2 2 0 4 0 0 1 3 2 0 1
2 2 0 0 0 1 4 2 0 1 4 4 4 1 0 0 1 3 2 1 2 4 3 1 4 3 4 4 0 4 2 2 4 2 0 1 0 1 0 3 2 0 2 2 1 4 4 3 2 4 1 4 3 1 3 0 4 2 1 1 4 4 0 3 3 0 4 4 4 0 4 3 0 3 2 3 3 4 3 0 3 1 2 3 2 2 0 1 1 2 4 0 3 0 3 1 2 0 2 1 2 1 2 4 0 4 2 0 0 1 0 3 2 4 4 2 3 4 3 0 3 0 0 1 0 1 0 2 3 2 1 0 1 3 4 3 4 3 3 0 1 0 0 1 2 4 3 0 1 3 0 1 3 3 3 0 1 0 3 1 2 1 1 0 1 2 3 2 0 3 2 2 4 0 3 3 1 3 3 2 1 1 4 0 1 4 0 4
1 0 0 0 3 1 1 1 0 1 4 0 0 3 4 1 3 4 4 2 2 4 4 4 0 0 1 3 1 3 2 2 1 2 3 4 0 1 3 0 2 2 1 4 2 2 2 3 2 3 0 1 3 1 2 0 4 0 1 2 4 3 0 2 3 0 3 3 3 1 4 0 0 2 2 3 4 1 1 3 0 3 0 0 4 4 2 3 0 3 1 4 4 3 1 2 0 1 0 3 3 1 0 3 3 4 1 0 1 4 0 3 2 2 3 4 2 2 4 2 3 2 3 2 0 1 1 2 2 3 0 0 0 1 1 0 2 4 2 3 4 3 1 3 0 1 2 2 1 2 1 4 4 4 3 2 0 4 4 3 2 2 0 4 0 1 0 2 1 4 1 2 2 4 0 0 3 0 2 4 2 4 0 3 3 3 2 1
4 2 1 3 1 1 0 1 0 2 3 3 1 1 0 4 3 2 4 1 2 3 2 1 4 2 0 3 2 2 1 3 1 2 1 4 0 1 0 2 3 1 0 2 2 2 3 2 0 2 3 4 2 0 1 2 4 3 2 3 2 3 1 4 2 3 3 2 1 1 0 2 2 2 4 1 0 2 4 2 1 4 1 0 0 2 2 1 0 4 0 3 4 1 4 1 1 4 1 0 2 3 4 4 0 0 1 2 4 2 1 2 1 3 2 3 2 0 0 0 1 2 0 1 0 1 2 2 0 3 4 3 3 3 4 4 0 2 3 4 4 0 1 1 0 3 1 2 0 1 4 2 0 4 3 1 0 2 0 3 3 4 3 1 4 2 2 4 0 1 0 1 3 3 4 3 3 1 2 4 4 2 3 0 1 3 1 2
0 1 0 0 2 0 2 1 2 1 2 4 2 4 1 0 2 2 0 0 3 3 1 3 0 4 3 1 4 4 0 0 2 2 0 4 2 4 2 2 1 1 1 0 0 4 3 4 2 3 1 2 1 3 0 3 4 0 0 4 1 2 1 3 2 3 4 4 3 1 1 1 2 0 1 4 1 1 3 3 0 0 3 3 0 0 4 1 1 1 2 2 3 0 3 0 4 2 2 4 4 0 0 3 0 3 3 2 2 1 2 2 3 2 2 0 3 1 2 4 2 1 1 3 2 1 0 1 4 2 2 3 3 4 1 3 4 4 2 1 3 2 0 3 4 3 4 2 1 3 1 1 1 0 1 3 1 1 1 2 4 0 0 2 4 4 2 4 0 2 0 3 4 1 4 0 1 3 3 4 3 1 0 4 3 1 0 2
3 3 4 4 4 2 3 3 1 0 2 1 2 0 2 3 1 3 1 4 3 4 3 1 2 1 2 3 4 4 2 4 3 1 3 2 0 1 2 1 4 0 0 3 0 4 2 3 2 3 2 0 4 2 3 3 3 2 1 3 2 3 2 0 2 3 4 4 4 1 1 3 3 3 2 0 4 1 0 3 1 4 0 2 2 3 0 2 2 4 0 4 4 0 1 3 3 0 3 4 4 1 0 2 4 4 0 0 2 0 3 3 0 3 0 2 3 2 4 0 1 2 2 1 4 0 4 4 3 4 3 2 0 0 1 1 4 1 1 1 4 4 1 4 4 1 3 4 1 4 2 2 1 4 0 2 4 2 1 2 1 2 1 4 2 0 0 4 1 2 2 2 3 4 1 0 2 4 4 3 1 1 3 4 2 0 2 4
4 3 3 3 2 0 2 0 2 2 1 3 4 3 1 0 2 4 0 0 1 4 0 2 3 3 1 2 4 0 1 0 1 0 3 3 2 0 0 4 3 1 4 4 2 2 4 4 4 1 1 0 3 2 4 1 2 2 3 1 3 2 2 4 4 2 2 1 3 0 2 1 3 3 2 0 1 2 0 2 3 1 2 3 0 1 4 3 0 0 1 3 2 0 4 1 3 4 4 1 4 3 4 2 1 1 3 4 0 0 1 1 3 0 4 4 3 1 2 4 1 0 4 0 1 4 3 4 3 4 2 2 2 1 1 0 4 1 2 0 1 3 1 0 1 2 4 4 3 3 3 1 3 3 1 1 2 1 0 2 0 2 1 4 0 2 2 0 4 4 0 0 2 3 2 3 0 3 0 4 3 3 0 2 3 4 0 2
0 1 4 3 0 0 4 3 0 1 3 4 0 0 1 0 0 4 0 0 4 0 1 3 1 4 2 1 0 2 4 2 3 0 2 1 3 2 4 3 3 4 4 1 1 0 1 1 1 3 3 3 1 2 1 2 3 3 3 3 0 4 2 1 0 0 2 0 2 3 3 2 4 2 3 0 4 1 3 3 2 1 1 3 0 4 2 3 2 0 3 2 2 3 3 4 3 2 4 2 2 2 1 1 1 2 3 2 3 1 2 2 0 3 0 0 4 2 1 1 0 1 1 2 4 1 3 2 4 2 1 3 1 3 2 2 0 0 1 0 4 4 3 4 4 3 1 4 3 2 0 0 1 3 4 0 0 2 3 1 4 1 4 2 4 1 1 4 4 2 0 3 1 0 4 3 0 0 2 3 0 4 3 1 3 4 1 3
1 1 4 2 3 0 4 4 2 0 4 3 0 1 1 1 1 2 4 1 2 3 0 4 3 0 2 3 2 1 3 3 4 2 3 4 4 4 4 3 0 0 1 0 1 4 3 2 1 0 3 1 3 0 0 3 3 0 1 0 1 4 0 0 3 3 2 3 3 1 3 0 1 0 2 2 4 2 1 3 2 4 4 3 2 1 1 2 1 0 2 4 1 4 0 0 3 2 0 3 0 3 0 1 0 2 0 2 1 1 0 4 2 4 4 1 2 2 3 4 2 2 3 1 4 0 1 4 4 3 2 1 3 4 2 4 3 4 1 4 2 1 0 0 2 4 3 4 2 4 0 1 3 4 2 2 1 0 1 3 0 0 4 4 4 4 0 2 3 3 2 1 1 2 3 3 4 3 4 3 2 0 1 1 1 4 3 2
1 0 0 2 0 2 3 2 1 0 4 4 3 1 2 4 1 0 4 2 4 3 0 3 0 1 4 1 2 3 1 4 0 3 3 2 0 3 4 1 3 4 1 3 2 3 4 0 1 3 2 2 3 2 0 4 1 0 2 3 0 3 4 2 2 2 1 2 2 1 1 0 2 2 0 1 2 4 2 0 4 1 2 3 1 0 4 2 0 1 0 2 0 0 4 2 4 0 1 2 3 2 4 2 1 2 4 4 1 3 1 1 4 4 1 2 4 0 4 1 1 2 0 1 4 1 0 0 1 2 2 2 1 4 4 3 1 0 4 4 0 0 2 2 1 3 4 2 3 4 0 0 3 0 3 2 1 4 2 0 3 2 4 4 3 0 4 1 1 3 0 3 1 3 0 4 3 0 4 2 1 1 4 4 2 2 1 0
1 0 2 4 2 3 1 0 4 0 3 2 1 4 0 4 4 1 3 2 1 4 1 2 1 0 3 0 3 4 2 4 4 0 1 4 0 2 1 4 2 0 1 3 4 4 2 0 0 3 4 3 2 1 2 0 1 0 0 1 1 0 1 0 0 2 4 0 4 3 2 3 3 0 2 4 4 1 4 4 4 3 4 4 1 1 1 0 3 4 1 4 4 2 2 4 1 3 1 2 1 0 1 4 1 0 3 0 1 2 2 3 3 3 4 1 2 0 1 0 4 3 0 3 2 2 4 4 0 3 1 4 0 4 3 1 4 2 4 3 1 3 1 1 3 2 3 0 2 4 1 4 2 3 4 2 2 1 1 2 1 4 1 1 1 2 0 0 4 4 3 2 4 1 4 2 3 2 3 3 3 1 4 3 4 0 0 1
1 3 0 2 4 4 1 0 1 1 1 2 0 1 4 1 0 0 3 0 4 3 0 3 4 4 1 0 2 3 1 3 1 4 3 0 3 4 1 1 0 4 0 2 2 1 0 2 2 0 0 1 4 0 1 0 2 4 1 4 2 4 2 3 3 2 1 3 3 4 1 3 0 1 2 2 3 2 2 2 3 4 3 4 4 0 4 1 4 2 0 4 4 0 4 4 4 0 3 3 1 1 3 1 3 3 1 3 0 0 0 0 4 0 1 3 2 3 2 4 2 4 3 1 4 2 1 1 0 1 4 1 2 2 0 2 2 1 2 0 1 2 0 2 0 4 0 2 2 2 3 1 4 1 3 0 1 4 1 3 0 0 4 4 0 1 2 2 2 1 2 0 1 0 2 1 1 0 0 0 4 4 1 3 2 4 4 0
0 2 3 0 0 3 2 2 4 4 1 4 0 4 1 1 1 1 4 4 3 0 4 2 1 2 3 3 2 4 4 2 1 2 0 3 2 2 0 4 3 2 0 0 3 3 4 4 4 3 0 4 0 4 4 3 1 2 4 0 3 0 0 1 4 2 0 2 4 0 3 4 2 0 4 0 3 0 1 0 1 1 4 1 2 3 2 1 2 1 3 2 1 3 4 0 0 4 4 1 1 2 0 1 4 2 1 3 2 0 0 0 1 1 4 1 2 1 4 1 2 2 4 3 1 0 0 3 1 0 0 2 4 0 3 4 4 2 4 4 2 4 4 0 2 3 1 4 1 0 1 3 0 2 3 1 2 4 4 3 4 1 0 3 4 1 2 3 3 3 2 2 2 4 2 0 4 1 1 1 3 4 4 3 1 0 1 3
4 1 3 0 2 1 3 1 2 3 2 2 1 1 4 1 2 1 3 2 4 4 3 3 1 4 3 2 4 0 3 0 3 3 0 2 4 1 4 3 1 3 0 2 4 1 0 2 0 3 1 4 0 4 4 1 0 3 0 2 3 0 2 3 4 0 0 3 1 1 2 2 4 4 1 1 1 2 0 3 2 1 2 2 2 2 0 2 2 3 1 2 3 1 0 2 1 0 3 4 2 2 3 1 1 4 4 4 3 4 2 1 2 2 0 4 1 3 4 3 1 0 2 4 1 2 4 4 2 2 3 1 4 3 0 2 3 4 4 3 1 3 4 3 0 2 3 1 0 4 1 1 4 3 2 3 0 3 4 0 0 0 3 1 3 3 1 3 0 2 2 1 0 3 4 1 0 4 2 0 3 1 3 0 4 3 0 2
1 4 4 4 4 2 2 3 3 0 1 3 2 0 1 3 4 2 1 4 2 3 2 2 1 2 2 1 0 2 3 4 2 4 0 3 1 4 1 4 0 0 4 4 0 0 2 1 3 3 1 0 4 3 4 0 0 2 3 3 4 3 4 3 2 4 2 1 3 0 0 3 2 2 0 0 2 2 1 0 3 2 2 4 2 2 1 0 1 2 0 2 0 4 1 0 3 0 1 1 0 3 2 0 0 4 0 3 3 1 0 1 1 0 2 0 4 1 0 0 3 0 2 0 4 0 0 4 0 3 3 3 2 2 3 2 1 0 2 4 3 0 3 1 2 0 2 1 3 4 3 3 0 0 4 1 3 1 1 0 0 1 3 4 3 3 3 4 0 1 3 4 3 3 2 0 1 4 1 4 4 1 3 1 3 4 2 1
2 0 2 2 1 2 3 1 3 2 0 3 3 1 4 3 4 2 3 0 3 1 2 2 2 2 3 0 1 3 4 3 0 1 3 4 0 1 0 0 3 3 1 3 4 0 1 0 4 1 3 0 2 2 2 4 4 3 2 2 3 1 2 3 4 2 2 1 1 3 2 1 1 3 0 2 3 3 4 0 0 4 0 4 1 4 1 2 4 3 4 2 1 4 1 0 1 3 1 4 3 0 1 1 3 1 0 2 1 0 4 3 4 1 3 3 0 4 0 0 4 2 4 0 1 0 2 4 1 0 4 1 1 0 3 1 3 3 3 1 0 4 0 2 2 0 0 3 4 2 0 0 4 1 2 2 2 1 4 0 3 0 1 1 2 1 3 2 2 3 3 2 3 0 1 0 0 1 0 1 1 2 1 0 4 3 0 3
4 1 0 0 1 3 1 3 2 4 0 4 3 0 3 1 1 0 3 3 3 1 0 4 0 1 2 1 2 4 1 3 0 1 3 1 0 0 1 2 1 3 3 4 3 3 2 1 3 3 0 4 4 2 3 4 0 2 3 2 1 4 3 1 1 3 4 3 0 0 2 2 3 2 1 4 0 1 2 4 4 2 0 0 1 0 1 2 3 4 4 4 4 4 3 2 3 4 0 3 0 4 2 0 1 4 1 1 2 4 2 1 3 2 1 0 3 2 4 3 4 3 4 3 0 2 0 0 4 2 3 4 3 3 1 4 4 0 2 1 1 0 2 1 4 0 1 4 4 2 2 3 3 4 3 3 1 0 3 2 2 3 1 0 1 0 1 0 2 4 1 3 1 0 4 0 2 3 2 2 0 1 2 3 0 1 3 4
1 1 1 1 0 0 3 3 0 0 4 4 1 2 2 2 3 3 4 2 3 1 4 4 0 2 4 0 0 3 4 3 1 1 4 3 1 0 2 3 2 3 2 3 2 1 2 2 1 3 0 0 2 4 1 2 3 0 2 0 0 2 4 2 0 0 2 1 0 4 1 4 4 0 4 2 1 3 4 2 2 4 2 1 1 0 3 1 1 2 2 3 1 1 2 1 3 0 4 1 4 2 0 1 2 2 3 3 0 2 3 4 4 2 0 0 3 3 1 1 1 3 1 4 1 4 1 2 4 2 3 0 0 0 1 2 2 1 3 0 1 3 4 0 0 0 0 0 0 3 1 3 4 3 3 2 4 1 4 3 3 4 0 0 2 2 3 1 0 3 1 1 1 3 1 1 0 3 4 0 4 0 1 3 0 4 2 4
2 2 4 0 3 0 3 0 4 1 4 4 1 2 3 2 0 4 0 0 0 4 3 4 2 4 4 2 0 1 4 2 3 0 4 4 2 2 1 3 0 0 0 1 3 3 0 0 4 1 3 4 0 3 3 2 4 2 2 4 4 3 3 4 0 4 0 3 4 2 1 4 4 1 3 4 4 3 2 1 4 0 0 2 3 1 1 2 0 3 3 1 3 3 1 4 2 3 2 1 2 0 3 4 4 1 3 0 1 0 1 1 2 2 0 2 3 1 1 0 0 4 2 0 4 0 4 4 3 3 2 1 1 0 0 0 3 0 0 0 3 2 3 2 1 3 0 1 4 1 1 1 3 3 2 4 3 3 3 2 2 1 0 3 3 2 0 4 4 0 4 2 4 4 0 0 4 2 1 3 0 0 2 0 3 4 0 2
4 0 1 1 3 3 1 2 0 1 1 4 4 2 4 3 3 1 4 2 3 2 0 0 2 4 3 3 0 3 2 0 0 3 3 4 1 0 3 3 3 1 2 2 3 3 1 1 4 2 3 4 1 0 0 1 0 3 4 2 3 1 2 0 1 1 4 2 3 4 0 1 0 4 4 3 3 2 1 4 4 1 4 0 4 1 1 4 1 2 3 4 3 1 1 4 4 1 3 2 0 0 3 1 2 2 1 0 4 0 1 0 1 0 3 0 1 4 1 2 4 0 3 2 3 0 4 2 3 4 4 0 0 2 3 2 2 0 4 3 0 0 4 3 3 2 4 4 3 0 4 2 2 4 2 0 4 3 2 2 2 1 3 2 1 3 1 3 3 2 1 0 0 2 4 3 4 0 4 0 2 0 4 0 0 1 2 4
4 0 4 4 3 4 3 4 2 0 4 3 4 1 3 4 0 4 4 0 4 4 0 2 4 4 4 4 3 1 1 4 3 2 3 2 1 4 3 0 4 0 3 0 3 4 2 3 3 1 3 0 2 0 4 4 2 3 0 2 1 1 1 0 3 2 4 1 1 4 2 2 4 2 2 2 1 4 1 2 3 1 2 0 4 1 4 1 1 0 3 4 3 1 1 4 0 2 0 1 2 4 0 3 2 0 1 0 4 4 2 4 0 4 0 4 2 1 2 0 3 2 0 2 4 1 1 4 4 3 3 3 0 3 1 2 3 4 2 0 3 0 1 4 1 3 0 4 0 3 4 3 0 1 2 1 0 0 3 1 4 1 4 1 1 2 3 2 2 2 2 2 4 3 3 1 2 4 2 4 4 3 4 4 2 4 3 2
4 1 0 0 4 4 1 2 3 1 4 2 1 3 0 0 4 3 3 3 4 2 2 3 1 3 0 0 2 3 2 4 1 2 4 2 3 3 4 3 4 4 1 0 4 3 3 3 1 1 1 1 4 0 1 2 1 1 4 3 1 3 2 4 0 4 1 0 2 1 0 1 2 1 4 1 4 2 0 3 3 3 1 4 4 2 3 0 1 2 0 2 0 0 2 2 4 3 4 1 1 0 4 3 3 3 2 3 0 2 3 1 0 4 0 1 3 1 3 4 3 4 4 1 1 3 3 0 3 3 1 0 0 0 0 3 1 2 3 1 4 1 4 2 0 0 0 1 3 1 0 1 2 4 4 3 2 3 3 1 3 1 3 3 1 3 3 4 1 2 1 2 3 0 1 1 2 4 2 0 0 4 4 2 1 3 0 3
3 0 1 3 1 1 1 4 0 2 4 3 4 2 2 4 4 4 2 2 3 1 4 0 1 0 4 4 1 4 2 4 1 1 3 2 2 1 1 4 3 2 2 4 4 0 4 1 1 3 3 1 0 4 1 3 2 0 2 3 1 1 4 2 2 4 1 2 3 4 1 3 2 1 3 3 3 4 4 4 2 4 2 2 1 0 2 3 0 4 3 3 1 4 2 0 1 3 2 4 4 1 2 3 2 2 4 2 1 3 1 4 0 3 3 3 3 1 3 0 2 3 0 3 2 2 4 3 2 3 4 1 1 4 0 0 1 1 2 0 4 3 1 1 3 4 1 3 2 4 0 0 4 0 0 2 4 1 2 3 2 4 2 3 3 4 4 4 0 1 1 4 2 2 3 2 4 1 3 1 1 3 3 2 1 1 4 0
2 4 1 1 3 3 0 3 2 4 4 2 2 1 3 1 3 3 4 2 0 2 1 3 2 1 0 3 2 0 1 2 1 2 3 1 0 0 4 4 1 3 1 4 4 4 2 3 3 1 2 3 0 3 1 3 2 3 3 4 3 1 3 1 3 2 2 0 2 3 1 1 2 2 0 1 4 2 1 2 1 1 2 3 4 0 3 1 3 2 3 4 3 3 2 4 2 2 1 2 0 3 3 2 2 3 1 1 2 4 0 0 0 4 4 2 4 2 0 0 1 0 1 0 4 3 1 1 0 2 3 3 2 1 0 0 1 3 1 1 0 2 1 0 1 0 4 3 0 0 0 1 2 3 3 1 1 4 3 4 4 3 4 3 0 1 3 3 0 2 4 0 1 1 2 4 3 4 2 0 4 4 2 1 2 2 0 1
2 0 2 3 3 1 1 0 2 2 1 4 4 0 4 2 3 4 1 4 3 1 4 4 0 3 2 0 1 2 1 0 4 3 3 3 1 1 0 3 0 1 3 1 4 4 3 2 0 0 3 3 3 3 4 0 1 2 0 4 1 1 4 1 1 2 1 2 1 3 3 1 2 1 3 1 2 3 0 3 3 4 3 1 4 3 2 2 2 4 2 0 3 1 3 4 1 1 4 4 0 2 0 2 0 0 0 2 4 0 0 4 1 1 3 2 4 2 0 3 1 4 3 4 0 2 1 3 3 0 2 0 4 0 4 4 2 4 3 1 2 4 3 0 2 1 3 3 3 3 1 1 2 1 3 4 0 4 3 1 1 2 3 0 4 3 4 2 2 2 3 1 3 3 2 2 4 0 0 4 3 3 1 2 0 4 1 2
0 1 3 1 1 2 1 0 2 2 2 1 1 3 3 2 1 0 4 1 2 0 2 2 3 3 4 0 4 2 3 4 1 3 2 2 2 3 2 4 2 0 1 1 0 1 3 1 1 2 4 3 4 2 0 0 2 1 2 4 0 2 0 1 1 3 3 0 3 1 2 1 3 3 2 3 1 2 4 2 1 4 2 3 3 4 3 0 2 2 4 2 0 0 4 3 0 2 0 3 0 2 1 3 2 0 1 3 2 3 2 4 4 1 4 2 0 2 4 4 4 4 2 1 1 1 4 1 0 0 1 1 4 3 1 2 3 0 0 3 3 0 4 4 1 3 1 4 2 0 3 3 1 0 0 4 3 1 0 1 3 2 4 0 2 0 2 2 0 4 0 0 4 1 1 3 4 4 2 3 2 0 2 3 3 4 3 3
2 0 4 3 4 3 3 1 1 0 4 3 1 1 1 3 0 2 1 4 2 3 0 4 0 2 4 3 3 4 2 0 2 3 3 1 4 3 0 0 0 1 3 2 4 1 2 4 4 3 1 3 3 1 4 3 0 3 4 3 0 3 0 4 1 1 0 0 4 2 2 0 0 1 4 0 4 1 4 3 4 0 3 4 3 2 2 3 3 1 3 0 1 4 4 3 2 1 0 1 4 3 3 4 1 2 1 0 3 3 1 4 0 4 3 4 2 3 4 0 1 3 2 3 4 1 1 1 2 3 4 1 1 3 3 4 2 4 0 1 2 1 2 3 2 1 4 4 1 3 1 2 3 3 0 2 1 3 0 4 2 0 2 3 0 0 0 4 2 0 2 1 3 0 1 0 3 2 2 4 1 0 1 4 1 4 4 2
2 1 3 4 3 1 0 3 3 0 3 0 2 0 4 0 2 2 2 0 0 1 1 1 4 0 2 2 4 3 1 1 0 0 3 3 3 3 4 1 0 2 4 2 4 3 4 4 2 3 1 2 0 3 0 1 3 3 3 4 3 1 0 3 3 0 2 1 3 1 3 0 0 2 2 1 2 1 0 4 2 4 4 2 2 4 0 2 4 0 3 3 1 0 1 0 1 0 1 4 3 1 2 0 3 4 2 2 3 4 4 0 0 3 4 4 2 4 1 4 4 1 2 2 2 0 2 3 3 1 4 1 2 1 2 3 3 1 2 1 2 1 1 3 1 2 2 1 1 1 0 2 4 4 1 1 4 1 1 4 2 1 1 1 4 0 1 2 3 4 3 2 2 1 2 4 3 2 0 1 0 2 0 4 1 2 1 2
3 2 2 2 0 0 0 0 0 2 2 0 3 3 2 0 1 0 1 0 4 3 3 4 2 1 3 3 3 1 3 3 1 0 2 3 0 2 3 2 1 3 2 1 3 1 4 4 3 0 1 2 1 0 3 3 1 2 4 1 0 2 1 3 2 0 2 4 4 2 1 1 2 0 4 0 3 3 0 4 4 3 3 2 3 2 0 1 1 4 4 1 1 2 0 0 2 4 4 4 1 2 2 4 4 1 1 0 0 3 4 1 2 2 3 2 4 0 1 0 2 2 4 3 0 1 1 4 0 2 0 3 2 2 4 1 4 1 1 1 1 0 2 3 0 0 1 4 2 4 2 4 1 1 0 3 4 1 3 4 0 3 4 2 3 4 4 2 2 2 3 0 0 2 4 0 4 2 1 1 1 3 1 2 1 3 1 0
4 1 1 1 1 1 4 4 2 0 3 1 2 3 1 4 0 2 4 4 4 1 3 2 1 1 2 3 4 0 3 0 1 2 1 2 0 0 4 4 0 2 0 0 1 3 4 3 3 1 3 2 2 3 2 3 4 4 3 3 4 4 3 2 1 4 1 1 2 0 0 2 0 2 4 3 2 4 1 0 0 1 0 4 4 2 4 3 3 3 3 2 4 1 4 2 3 2 3 0 3 0 4 0 4 4 3 3 0 4 4 2 3 1 1 2 3 2 3 3 2 1 0 1 0 1 3 3 0 3 3 3 0 4 3 1 3 1 0 0 3 1 2 1 2 0 0 0 3 0 0 0 4 2 4 4 0 4 4 0 3 4 4 0 3 4 2 2 3 2 2 3 3 2 1 0 2 1 2 2 2 2 0 1 4 4 2 4
3 1 4 3 0 0 4 3 2 1 2 2 0 2 0 0 4 1 0 3 4 4 1 1 3 1 4 4 2 3 3 2 1 4 1 1 2 2 2 1 3 1 3 0 0 3 0 4 4 2 3 3 3 1 2 1 2 3 0 1 4 0 3 0 1 4 4 0 1 3 1 1 4 4 3 0 4 3 1 3 2 1 4 0 2 3 1 1 3 3 2 2 3 1 3 2 2 4 2 1 2 4 4 3 0 3 3 0 3 2 0 1 3 1 3 3 4 0 1 0 0 4 2 1 2 2 3 1 1 0 4 0 1 4 4 2 2 4 4 2 1 4 0 2 3 4 2 2 1 3 2 1 4 2 2 3 4 2 0 3 3 4 3 1 0 4 0 4 4 4 2 2 1 2 4 4 3 1 3 4 2 3 3 1 0 2 0 1
0 2 1 0 3 2 1 4 1 2 3 0 3 2 0 1 2 4 2 0 3 1 2 0 4 2 3 1 4 3 4 4 2 3 4 1 0 3 0 3 0 0 4 0 3 4 2 2 0 4 2 0 2 1 0 3 3 4 4 3 4 1 2 2 4 4 3 1 2 0 4 4 0 0 4 0 1 3 2 2 0 2 2 4 3 0 3 2 1 4 2 2 0 1 1 1 0 1 2 4 1 2 3 4 2 0 1 4 0 1 3 2 3 2 2 3 4 0 2 0 4 4 0 2 3 1 3 3 3 1 0 1 0 0 2 2 0 4 1 3 0 4 0 0 4 4 3 3 4 3 1 1 4 1 3 2 4 3 3 4 1 3 1 1 3 3 4 1 4 2 1 1 4 3 1 3 3 2 1 4 2 2 2 1 0 2 4 0
1 2 4 2 2 2 4 0 1 0 3 2 2 4 4 1 0 2 1 3 1 0 4 3 2 2 0 0 4 1 0 0 3 1 0 0 4 4 2 2 4 1 4 3 2 0 2 2 0 3 2 1 3 2 2 3 4 2 3 3 0 0 1 3 3 1 0 2 2 2 1 1 0 3 1 0 0 3 4 0 2 4 2 2 1 4 2 2 3 0 2 3 2 3 3 1 4 0 0 3 2 4 4 0 2 1 2 2 1 3 3 3 2 2 3 3 3 0 2 1 3 0 1 0 3 1 3 0 1 1 3 0 0 0 2 2 3 4 1 4 3 1 0 2 3 0 3 1 0 0 4 0 0 2 3 1 3 1 3 4 2 3 0 4 3 2 3 3 4 0 0 4 1 0 1 0 2 4 3 2 0 0 3 2 2 1 0 1
4 3 0 4 2 2 3 2 2 2 3 1 4 3 0 0 0 1 2 2 3 3 1 0 3 4 2 0 2 0 1 4 3 4 3 2 3 3 0 0 2 0 1 1 3 1 4 3 0 1 0 0 1 1 0 4 3 4 0 2 4 3 3 0 2 1 2 3 2 4 3 4 4 0 3 4 3 4 2 0 2 4 0 4 3 2 3 3 4 3 2 0 2 1 0 1 4 0 4 1 1 0 3 1 0 3 0 0 2 0 3 4 1 0 3 1 3 4 4 4 2 2 4 1 0 0 0 4 0 1 3 1 1 1 4 3 4 2 1 3 4 4 4 0 1 3 2 4 2 3 0 1 2 0 0 2 0 2 4 2 3 2 0 2 3 0 2 4 4 3 4 3 4 3 0 1 3 4 2 2 0 3 4 2 3 1 2 0
3 1 2 3 3 4 0 3 1 0 4 0 3 3 0 3 1 3 1 2 2 3 4 4 3 0 2 1 1 1 3 1 4 2 0 2 2 2 2 3 2 1 4 3 1 1 3 4 4 4 1 4 4 1 3 3 1 2 1 0 3 2 1 2 4 3 1 1 1 3 0 0 1 1 3 2 2 1 2 4 2 0 3 2 1 1 2 0 4 0 0 4 4 1 2 4 0 0 2 3 4 2 3 2 0 4 0 0 2 4 4 0 4 4 4 3 2 3 3 3 0 0 3 0 3 2 4 0 2 1 3 3 1 4 1 3 0 3 3 2 4 4 2 0 0 3 3 3 1 3 1 2 3 1 4 4 3 3 4 3 1 0 3 2 1 1 1 1 4 1 3 3 3 3 4 3 1 4 1 0 0 0 4 0 1 3 4 2
3 4 2 4 1 0 4 2 2 2 3 1 3 3 2 1 1 3 2 0 4 3 2 4 3 1 2 2 1 1 4 4 2 1 0 3 1 4 0 0 1 0 4 2 4 3 0 0 1 2 2 2 1 4 4 1 2 1 3 3 2 2 4 2 0 0 0 4 1 3 4 3 3 0 2 2 3 2 0 4 2 2 4 3 4 3 1 1 4 0 2 1 4 3 0 2 3 3 1 2 1 2 0 1 3 4 1 1 1 1 3 3 0 2 3 1 0 2 0 4 4 2 2 3 0 3 2 1 1 3 3 4 3 0 0 1 1 1 2 2 4 2 3 2 4 3 3 4 0 3 0 4 0 3 0 3 3 2 1 4 3 1 3 1 3 0 4 4 2 3 3 3 1 1 0 0 2 4 2 4 4 2 1 2 0 1 0 0
0 3 4 0 4 4 3 2 0 2 3 4 1 1 4 2 0 0 4 2 1 1 3 0 4 4 2 1 2 4 2 3 2 3 0 3 0 4 2 2 1 0 3 4 2 2 3 2 4 3 1 0 4 1 3 0 1 0 4 3 2 3 3 1 3 4 0 3 0 2 0 3 0 0 3 2 3 1 1 2 1 4 3 3 0 3 0 3 0 1 4 2 4 2 4 0 3 1 0 0 3 3 4 0 3 4 4 1 2 2 4 4 3 4 4 1 4 4 4 4 1 3 2 2 3 1 2 1 4 0 2 2 3 3 0 1 4 4 0 1 2 4 2 0 0 1 1 4 1 3 3 4 1 2 1 4 0 1 3 4 1 2 4 4 2 4 0 1 3 0 2 2 1 0 0 3 3 3 4 4 1 0 3 0 2 2 4 3
3 4 2 4 1 3 3 3 2 0 1 3 3 4 0 1 1 2 2 4 1 1 1 2 1 1 2 1 3 4 4 1 3 3 2 2 2 2 2 1 3 4 4 3 0 2 1 1 4 3 2 0 0 3 0 3 2 4 4 0 3 0 4 4 1 1 3 0 4 2 3 4 3 3 4 3 2 0 1 1 4 1 4 1 4 1 1 1 0 3 4 1 3 3 0 1 1 0 3 2 2 2 3 3 2 2 1 4 0 0 2 4 1 1 2 2 2 3 1 0 1 0 1 2 0 3 0 1 3 4 1 2 3 4 0 0 2 4 4 2 4 3 3 2 0 2 4 4 0 0 1 4 0 2 1 2 2 3 1 2 4 2 0 2 1 2 2 0 3 3 4 2 4 4 4 1 1 1 2 2 1 4 3 4 1 1 1 1
4 4 3 4 1 3 1 0 3 1 0 1 1 2 1 0 1 2 1 3 3 4 2 2 0 2 1 3 3 4 4 2 4 3 3 2 3 2 2 1 0 0 0 1 4 1 4 0 0 2 0 4 3 4 3 3 1 4 2 1 0 1 4 1 1 4 1 0 1 0 1 1 2 1 0 1 4 1 4 0 0 4 1 4 1 4 4 2 0 3 1 2 2 0 4 3 1 2 3 0 2 2 1 0 3 3 1 0 1 0 0 2 2 3 3 3 2 2 2 2 1 3 1 3 0 0 1 4 4 2 4 2 4 2 2 4 1 0 4 4 1 1 1 0 4 4 3 3 4 2 2 2 3 4 0 3 1 3 2 1 0 1 3 1 1 2 1 2 4 2 3 0 1 0 2 2 1 2 1 2 0 3 4 0 4 4 0 1
0 3 4 2 1 4 4 2 3 2 1 2 1 0 0 2 2 2 0 0 0 3 3 2 1 2 2 3 4 4 1 1 2 0 3 1 1 4 0 4 1 4 1 3 1 3 2 0 1 2 0 3 0 3 2 4 3 1 4 2 0 0 3 0 2 3 1 3 3 3 4 1 4 2 1 0 1 4 0 2 3 1 2 1 1 4 2 4 0 1 3 0 1 3 0 0 2 3 3 0 4 4 1 3 1 0 1 2 4 3 4 4 1 1 0 3 2 2 4 2 3 3 0 1 1 2 1 3 3 1 0 2 0 4 2 2 4 0 1 0 4 1 4 0 4 2 0 2 4 0 1 0 0 1 1 3 1 0 4 4 3 4 3 4 0 2 3 4 3 4 1 2 2 1 4 4 0 0 3 4 0 4 4 2 3 3 0 4
0 4 0 3 1 3 4 3 0 4 0 3 1 1 2 0 4 2 4 4 2 2 1 4 4 0 1 2 0 3 3 2 0 3 1 3 1 2 1 3 2 1 2 3 3 1 3 4 3 0 4 2 2 0 1 3 2 4 0 0 0 0 2 0 3 0 3 1 3 1 0 0 3 4 0 3 2 0 2 1 0 3 3 0 3 2 3 3 3 1 3 3 3 2 3 2 3 3 0 3 0 2 0 0 3 0 3 1 2 2 4 0 1 4 2 1 1 2 4 0 3 4 0 4 4 4 3 2 2 3 0 4 3 0 4 1 2 2 4 1 2 3 1 3 3 3 4 1 1 1 3 1 2 4 0 1 0 3 0 4 4 2 4 2 4 0 0 3 0 0 0 2 0 1 0 0 2 1 2 3 4 2 1 2 3 2 0 3
2 3 3 1 2 4 0 2 4 1 0 4 3 2 1 3 4 3 1 1 2 3 1 1 2 2 0 1 1 3 1 1 3 1 2 0 0 0 2 2 3 0 1 3 2 0 1 3 0 2 1 2 2 4 1 2 2 3 0 0 1 1 1 4 3 1 0 0 1 4 2 1 1 1 4 1 1 2 4 3 2 3 3 4 2 4 3 1 2 3 2 1 2 3 0 0 4 2 2 2 2 0 0 3 1 4 4 4 2 1 2 4 1 2 0 3 1 1 0 1 4 4 2 3 2 2 0 4 0 3 3 4 3 4 4 1 0 1 0 4 4 4 0 0 2 1 3 0 4 0 1 0 4 3 4 4 3 4 3 0 2 3 4 2 4 3 3 0 1 0 4 0 2 0 0 1 3 1 1 2 1 0 2 1 3 1 0 3
3 0 3 0 3 2 3 3 3 3 0 1 4 4 2 3 4 4 4 4 0 2 1 2 2 1 0 3 4 2 1 2 2 0 3 2 4 3 2 4 3 2 1 4 2 0 2 3 4 3 3 0 1 1 4 0 4 1 3 4 3 2 1 0 4 1 4 3 1 2 0 0 4 1 4 3 3 4 2 2 2 2 4 0 0 0 1 0 1 1 1 4 3 4 1 2 1 1 3 4 0 3 4 1 1 1 0 4 2 4 1 1 3 3 2 3 3 0 0 0 1 1 4 0 1 3 2 4 1 0 3 1 0 0 2 1 3 4 0 2 3 4 3 1 2 0 0 2 0 2 2 4 1 4 4 2 4 3 3 0 1 1 3 1 3 0 0 3 0 2 0 0 1 4 2 0 1 4 3 4 1 2 3 2 3 4 1 2
2 4 2 0 3 0 2 3 3 2 2 0 4 4 0 3 0 2 0 2 3 0 3 2 3 3 1 1 4 3 4 1 4 3 2 4 1 1 3 4 0 2 1 1 1 1 1 2 1 2 1 4 2 1 3 2 4 0 4 3 3 0 1 4 0 0 4 1 3 2 0 3 4 3 2 2 0 3 4 3 0 2 4 0 3 3 2 4 3 3 4 3 3 1 2 4 3 1 2 2 3 0 2 4 3 1 2 3 0 3 3 2 1 3 2 1 1 2 1 1 0 0 4 1 3 1 2 4 3 4 3 3 4 2 0 3 4 2 3 1 2 2 3 0 2 3 2 3 0 0 4 2 2 0 3 3 1 0 2 1 2 2 0 1 4 0 1 0 4 0 1 3 4 0 4 1 0 3 1 0 3 2 4 2 2 3 0 0
0 4 2 4 1 2 1 3 4 4 3 3 4 0 1 0 2 2 3 2 0 4 4 0 3 3 0 2 3 0 3 1 2 0 0 0 4 3 0 3 3 4 3 4 1 1 2 3 4 0 2 1 2 1 4 2 1 4 0 0 1 3 1 0 3 3 1 2 2 1 2 2 2 0 1 3 1 3 3 2 1 0 4 3 3 0 0 0 1 0 0 2 0 3 0 0 1 1 4 0 4 1 2 2 1 4 2 0 4 3 2 0 0 3 0 4 0 3 4 1 0 1 1 1 4 1 3 2 4 3 3 3 4 0 2 3 1 2 0 3 0 4 3 0 3 1 1 3 4 0 2 1 3 3 2 4 4 3 2 0 1 2 3 2 4 3 2 1 2 2 4 2 2 4 4 2 2 1 2 3 3 4 0 2 4 4 3 3
2 2 0 3 4 4 3 4 4 0 2 1 3 3 0 2 4 1 4 4 4 1 2 3 3 2 2 2 4 0 3 1 3 3 2 4 4 0 0 3 2 4 1 0 4 3 4 4 0 3 0 4 2 2 4 2 2 1 4 1 4 2 4 4 1 1 3 2 3 1 3 1 0 1 3 0 0 3 1 2 3 1 3 2 0 0 4 4 3 4 0 2 3 0 3 1 3 4 4 2 0 2 3 2 3 1 2 0 4 0 2 0 3 3 2 1 3 2 0 1 1 3 1 4 3 4 3 3 3 2 0 0 1 3 3 4 0 2 2 1 0 1 1 3 4 4 1 4 1 2 1 4 0 4 0 0 0 3 3 4 2 4 1 3 4 4 3 1 2 0 3 2 1 1 2 3 2 4 2 0 3 0 4 0 4 2 2 0
2 0 1 0 1 2 3 3 4 3 4 3 0 4 0 4 3 4 2 0 0 4 1 0 2 2 0 3 4 2 3 2 0 1 4 3 1 2 1 0 1 3 3 1 4 0 0 2 1 4 3 2 1 4 4 3 1 0 1 3 4 2 2 1 0 1 2 1 3 0 3 1 3 1 0 0 3 0 2 0 2 2 4 3 1 3 1 0 0 4 3 2 1 0 0 2 3 2 0 1 3 4 3 3 2 0 3 1 2 1 3 4 3 2 2 2 2 0 4 0 0 4 2 3 4 2 2 4 2 3 0 0 4 0 3 1 0 2 4 3 0 2 4 0 1 2 2 1 4 1 1 1 0 0 0 1 4 4 0 1 4 3 1 3 0 2 2 3 1 1 3 1 1 2 1 2 1 1 0 1 4 1 4 2 3 4 0 3
1 3 4 0 1 3 1 3 0 3 1 1 4 4 4 2 2 2 2 0 3 2 3 0 1 3 2 4 4 2 2 0 2 4 3 3 2 4 4 4 2 0 2 3 0 1 1 4 0 3 1 4 0 0 1 1 3 3 3 2 2 0 0 0 4 3 0 3 2 4 2 1 0 4 4 2 2 0 3 3 0 4 4 1 1 0 4 4 0 4 4 2 0 4 4 1 4 0 0 1 1 2 2 3 4 3 0 3 4 0 3 4 2 4 2 3 1 4 3 1 3 4 1 0 0 2 2 4 2 2 2 1 1 1 4 2 4 2 1 0 2 1 2 4 1 4 3 2 0 3 4 1 4 2 1 4 4 3 3 4 2 0 0 1 1 4 3 2 3 1 3 1 3 0 2 4 1 2 3 2 2 4 3 1 1 1 0 3
0 3 2 4 0 4 0 3 0 4 1 4 2 1 2 0 1 4 1 4 2 2 3 1 1 1 3 0 0 3 3 2 4 2 1 4 1 2 0 1 3 1 0 0 4 2 3 2 4 1 1 3 3 0 4 0 3 2 0 3 3 0 0 2 2 4 3 3 1 3 1 1 1 4 3 2 3 1 4 2 3 3 2 3 3 2 3 3 1 0 4 1 2 1 0 4 0 4 4 3 4 1 4 3 2 3 0 0 1 2 0 1 0 2 0 3 1 0 3 0 3 2 1 0 4 2 0 4 3 4 3 4 2 4 4 1 4 0 2 1 2 4 4 2 1 4 2 0 2 2 0 0 0 3 0 1 2 0 2 0 2 0 2 1 2 1 3 1 3 2 4 2 1 4 4 4 0 3 4 2 1 1 2 3 0 3 4 2
0 1 0 4 4 4 1 3 0 1 4 1 3 1 3 1 2 0 2 2 3 4 2 1 0 4 1 2 4 0 2 2 4 4 1 3 3 4 1 0 2 2 1 2 0 0 3 2 0 1 0 0 0 2 4 2 3 0 2 0 1 4 2 2 3 0 0 3 0 3 3 4 2 0 2 3 0 0 0 2 3 2 4 0 1 3 0 0 4 2 2 2 3 4 1 3 4 3 1 1 1 4 1 0 4 0 0 1 2 3 0 3 0 0 3 4 3 0 1 4 4 3 3 2 2 4 0 3 2 1 2 0 3 0 3 2 0 3 1 2 1 1 0 4 1 1 0 2 1 1 3 3 4 2 0 1 3 3 1 3 1 3 0 4 0 3 4 0 2 0 0 0 3 2 1 0 3 1 4 2 2 2 0 1 1 2 4 2
0 3 0 4 3 0 3 4 4 4 1 3 4 1 0 0 4 2 0 2 0 1 1 0 3 3 3 2 1 3 4 3 3 4 2 1 1 3 0 2 2 2 0 4 0 3 4 4 2 1 4 2 2 0 2 2 1 1 4 2 1 0 0 4 1 0 2 3 3 3 0 2 2 3 3 2 3 2 2 0 0 3 4 4 0 2 2 1 0 3 3 3 1 1 4 2 3 1 0 3 1 3 0 3 3 1 3 1 0 0 1 1 0 0 2 0 4 1 2 1 0 2 1 1 0 0 0 3 4 1 3 0 1 4 1 4 2 4 2 2 1 3 3 1 0 3 3 0 4 0 3 1 0 0 4 2 0 0 3 4 3 1 2 4 2 3 0 4 2 2 2 0 2 2 1 2 0 4 4 0 2 3 1 4 3 1 1 0
1 4 2 1 1 4 0 3 4 2 3 3 1 2 3 3 4 1 0 0 0 2 2 4 2 0 3 0 1 0 2 4 1 1 2 2 2 2 3 1 1 3 4 2 0 4 0 4 0 3 1 3 2 0 2 4 1 1 4 4 3 3 1 4 0 3 2 2 3 2 1 4 0 0 4 0 2 4 1 2 4 0 0 1 0 3 0 3 1 1 3 1 0 1 0 2 4 4 4 4 1 0 4 1 3 3 1 0 4 0 4 1 0 0 2 2 0 3 1 3 1 1 4 3 4 4 0 3 1 2 0 2 2 1 1 2 1 4 4 0 4 4 3 1 1 1 4 3 1 2 3 2 0 2 1 4 3 3 4 4 0 4 4 0 0 2 2 1 1 4 4 1 0 2 4 1 0 3 1 1 0 4 1 0 3 4 4 1
4 1 3 0 0 4 0 3 1 4 4 4 0 0 2 0 0 2 3 0 0 4 4 3 0 2 0 3 3 2 2 2 3 2 2 0 3 4 3 1 1 0 0 1 0 3 4 2 0 2 0 2 4 4 2 4 3 3 0 1 2 4 0 2 1 0 2 4 1 1 0 2 1 2 1 3 0 0 1 2 4 1 2 3 2 4 0 2 4 2 3 3 1 0 0 4 0 3 0 2 1 2 1 2 4 4 2 2 1 3 4 1 1 3 4 0 0 1 2 1 3 2 0 4 3 0 0 0 0 0 4 1 2 3 3 2 2 3 4 4 3 0 0 0 1 1 0 1 3 0 2 3 2 4 3 0 0 3 1 2 1 2 4 3 0 4 2 3 2 3 4 1 1 4 3 2 2 0 3 2 0 2 1 3 2 4 0 4
4 3 1 0 1 2 1 1 2 3 1 1 2 0 2 3 1 0 2 4 1 2 1 3 4 2 1 3 3 2 4 0 2 3 2 3 0 3 2 4 4 3 1 1 4 0 1 0 3 3 1 4 0 3 2 1 2 1 2 1 0 3 1 2 1 0 1 4 4 3 0 3 3 3 1 2 4 4 0 2 2 1 3 4 1 2 2 4 3 4 2 3 0 0 3 1 0 4 2 4 4 3 4 2 1 2 2 2 1 4 4 0 2 2 1 4 0 4 0 0 0 2 1 0 2 4 4 4 0 3 4 1 1 0 0 0 0 4 2 1 3 4 2 1 1 0 2 3 4 2 1 2 1 2 4 0 3 3 4 0 2 0 1 0 3 3 2 3 3 0 4 1 1 3 4 2 4 1 3 0 0 1 4 3 0 4 3 3
4 0 3 1 0 1 4 3 4 1 1 2 3 3 1 4 3 0 4 2 4 4 0 1 0 4 0 0 0 0 3 0 0 3 3 1 1 2 1 0 4 0 0 4 3 3 4 1 3 3 1 4 2 3 1 2 4 1 4 0 1 2 0 4 2 3 0 3 3 3 0 4 3 2 3 3 0 2 2 1 2 0 0 4 3 3 3 4 4 2 4 3 1 1 2 3 2 4 3 0 4 1 4 3 0 4 1 1 2 0 4 4 0 1 1 3 0 1 3 1 4 4 1 2 3 0 3 0 4 3 2 1 4 3 4 0 2 2 3 1 3 4 1 0 0 4 4 0 0 4 4 1 0 0 4 3 1 4 0 2 2 4 3 4 2 4 4 2 4 4 3 2 3 1 4 0 0 3 3 3 4 2 4 2 2 0 0 0
4 3 3 2 2 3 3 0 3 2 4 2 3 4 1 3 1 0 3 3 1 3 3 2 0 0 4 3 0 2 3 2 0 3 1 2 2 4 4 2 3 3 4 3 3 2 1 1 4 1 1 0 0 0 0 2 0 4 0 2 1 1 4 1 1 2 1 0 1 0 2 4 4 3 4 4 0 0 2 2 4 0 4 1 2 4 3 2 1 1 2 2 4 3 1 0 1 2 3 4 2 0 1 3 4 0 4 1 3 3 0 2 4 0 0 1 4 0 1 0 1 3 0 2 3 3 0 4 2 3 4 1 3 0 0 4 0 1 3 3 2 3 2 1 3 2 4 0 0 2 0 3 0 2 1 4 0 1 0 4 4 4 1 4 1 3 1 4 4 4 2 3 4 2 4 0 1 1 0 1 3 2 0 1 0 3 2 2
4 2 2 0 4 3 1 2 1 2 1 2 3 1 1 3 3 2 3 4 0 0 3 1 2 3 2 2 1 1 2 2 0 1 4 4 4 0 4 2 0 0 1 3 1 4 3 1 4 3 1 4 3 1 0 1 4 4 0 2 0 4 1 1 0 0 2 1 0 1 3 0 4 2 1 2 1 1 4 2 0 2 4 0 3 4 3 4 1 1 3 3 0 4 4 1 4 4 4 1 2 3 4 3 2 0 1 0 3 2 3 3 4 2 1 4 3 4 3 1 2 1 0 3 0 4 1 1 0 0 2 3 0 1 3 2 3 4 0 2 1 3 2 2 2 3 1 2 0 1 4 2 4 4 2 1 0 3 2 1 4 0 1 4 3 4 4 2 1 4 4 4 4 3 2 1 2 0 0 4 4 4 1 3 3 4 2 1
4 4 4 3 1 0 0 2 1 1 4 4 2 0 4 1 3 3 4 2 3 4 1 2 4 0 3 4 4 0 0 3 1 4 4 0 1 1 2 0 2 1 4 1 3 3 2 1 1 3 1 2 2 2 1 3 2 4 0 3 1 0 4 0 2 3 0 0 1 2 0 3 0 2 4 3 2 3 1 4 1 2 3 0 2 4 1 4 1 1 0 4 1 4 4 0 2 4 1 0 3 3 3 3 0 4 3 3 4 2 4 2 1 2 4 3 3 0 0 1 1 2 1 0 1 2 0 0 4 3 0 2 2 0 3 2 1 1 0 0 0 4 4 2 3 3 2 4 4 4 0 2 1 3 2 2 1 0 2 0 3 4 4 0 4 2 0 0 1 2 2 1 4 1 0 4 2 3 3 1 2 4 3 1 2 3 3 0
3 3 2 1 2 2 4 4 1 1 1 2 3 4 1 4 2 1 4 4 1 2 2 1 1 3 2 1 1 2 3 4 2 1 2 2 0 3 1 1 1 2 1 2 3 2 1 1 0 0 2 2 3 0 0 1 3 2 4 1 1 0 2 4 3 1 1 3 2 2 1 3 1 2 0 0 1 4 1 4 4 0 3 4 0 3 3 0 2 4 3 3 4 0 2 2 4 0 2 1 4 4 1 1 3 2 1 2 1 4 1 2 4 1 2 2 4 2 4 1 1 3 1 3 0 1 2 4 1 0 2 1 1 4 4 4 3 2 3 4 3 1 3 4 2 2 3 1 4 3 4 3 3 1 3 0 2 0 2 0 2 4 3 3 0 2 0 3 1 3 4 4 2 3 1 4 2 4 3 2 2 2 2 2 0 0 3 4
2 2 0 0 3 0 3 4 0 3 2 1 4 4 3 1 4 4 2 1 3 0 0 3 0 4 2 0 4 2 2 4 4 4 4 3 4 2 4 4 3 1 3 4 2 1 2 1 2 4 0 2 2 0 2 2 0 0 4 1 2 1 0 4 0 1 4 2 1 3 1 1 1 4 0 4 2 4 2 4 3 2 2 0 0 4 4 2 1 4 0 4 2 3 0 0 4 4 2 0 4 3 3 0 0 0 1 2 4 4 4 3 3 1 0 3 2 2 2 4 3 3 0 0 1 0 2 0 1 4 3 2 0 3 2 2 4 1 1 3 2 0 1 0 3 4 1 1 1 0 0 4 3 2 1 4 2 4 2 0 0 2 4 2 0 3 4 4 4 1 3 1 3 1 4 2 2 2 3 3 2 0 4 3 2 3 4 1
4 3 3 4 0 2 4 3 0 3 4 2 1 2 0 0 1 4 4 3 3 2 4 3 4 0 1 1 3 2 4 2 1 2 4 1 4 3 1 1 3 1 3 0 3 4 2 1 0 3 2 1 0 3 4 1 3 2 2 4 4 3 3 0 0 2 4 1 2 0 4 1 1 3 3 2 4 2 0 1 0 2 2 2 0 3 3 1 0 2 0 2 0 0 4 2 3 3 3 2 1 2 0 4 2 3 3 3 2 4 0 2 3 4 1 4 3 1 2 0 3 4 2 0 4 2 2 4 2 0 2 0 0 2 0 2 3 3 1 0 2 3 0 1 2 1 2 0 3 4 1 3 0 0 4 4 4 1 4 4 4 1 4 4 0 4 1 3 0 4 4 2 2 4 0 0 2 4 2 2 0 0 1 0 3 0 0 2
3 1 3 2 2 3 1 2 4 0 1 4 1 2 4 4 3 4 1 0 1 0 3 1 1 4 2 4 1 4 3 4 0 2 2 4 0 0 3 1 2 1 1 4 3 0 0 1 1 3 4 4 3 4 1 1 3 0 0 1 4 1 2 1 3 1 0 0 2 0 3 4 2 4 0 2 1 0 1 0 3 0 4 4 4 2 0 4 2 3 2 3 1 4 4 4 1 1 1 0 2 1 1 1 1 2 3 4 2 1 1 3 1 3 2 2 0 4 3 3 4 0 1 0 0 3 1 3 1 4 3 0 1 4 1 4 1 2 3 1 3 2 1 2 0 0 1 0 4 0 0 1 2 4 1 2 2 3 2 3 2 2 4 0 2 2 4 0 1 0 3 0 2 4 4 2 4 0 4 1 2 0 2 0 4 0 4 1
0 2 1 3 4 2 3 3 2 0 1 3 0 4 0 2 1 4 1 2 2 0 0 4 0 4 1 4 0 1 2 0 0 1 0 1 0 1 2 2 1 3 1 1 4 1 0 0 3 1 0 0 1 0 1 4 0 0 3 0 3 3 2 3 1 3 1 1 4 0 4 0 0 2 3 0 0 3 2 3 4 2 0 2 3 2 1 3 4 2 0 2 2 2 0 3 0 3 4 1 4 0 3 4 4 1 1 0 1 4 3 0 3 4 0 1 3 1 1 2 3 3 4 0 1 1 0 3 1 2 0 0 2 3 2 2 2 3 2 3 4 2 1 3 3 1 1 1 4 0 0 0 3 1 2 4 4 3 0 1 0 2 3 4 0 0 3 4 1 0 3 2 0 1 0 3 4 4 2 3 4 2 3 2 4 1 4 0
1 4 1 1 1 0 2 3 2 1 3 0 3 3 3 3 4 0 4 3 4 1 3 3 3 4 1 4 2 2 0 3 1 3 1 4 0 3 4 0 1 4 0 0 2 0 0 3 1 4 3 0 0 4 4 1 3 2 2 0 4 4 3 2 3 1 3 0 1 2 0 3 2 1 3 1 1 0 0 4 0 0 0 0 4 1 3 2 0 1 4 1 2 4 3 0 0 1 1 2 0 3 2 2 4 0 4 3 0 1 4 2 3 1 0 3 2 3 2 4 1 2 0 4 1 0 1 4 3 4 3 4 3 0 3 4 2 4 4 4 0 4 2 1 0 2 4 0 2 3 1 4 2 2 0 4 2 3 0 1 3 3 0 3 3 0 2 0 0 4 4 2 0 1 3 2 0 4 4 3 3 1 4 0 3 4 1 0
4 1 3 2 4 0 0 2 1 0 4 1 1 4 0 1 2 4 0 3 3 0 1 3 1 2 1 1 3 2 3 2 1 2 2 0 4 2 0 0 4 4 3 2 0 4 0 3 3 1 3 3 1 1 2 4 3 3 0 1 2 0 0 3 2 2 1 2 2 3 4 1 2 3 1 0 2 1 0 2 2 3 0 0 4 4 1 2 4 3 0 2 4 0 2 3 3 3 0 0 1 2 3 1 0 4 3 4 3 3 1 2 1 1 0 0 3 1 4 2 2 4 1 1 4 4 4 4 4 2 1 3 4 0 1 1 1 4 0 1 2 1 4 0 4 4 0 2 2 4 2 4 0 3 2 1 2 2 1 4 1 4 2 2 1 3 3 3 2 0 1 1 1 0 1 2 1 3 2 1 2 4 0 4 2 3 0 2
2 3 1 0 3 3 2 4 1 2 4 0 2 1 3 0 3 4 2 2 2 4 3 1 0 0 0 3 3 0 0 2 1 1 2 4 4 1 0 2 3 0 4 2 3 2 4 1 3 2 3 0 3 1 1 4 4 3 4 2 0 4 2 1 2 1 2 3 0 3 0 3 3 1 3 1 0 2 4 3 1 3 3 2 1 1 3 0 1 2 0 1 3 4 3 0 0 0 3 0 3 0 1 3 1 1 4 1 3 4 1 0 4 1 4 2 2 2 0 3 4 0 1 2 4 1 4 1 4 2 4 4 2 2 3 0 3 4 3 1 0 4 3 1 0 2 4 4 4 4 4 0 1 0 4 2 4 3 3 3 0 4 2 4 1 2 4 4 4 2 1 1 1 1 3 3 4 4 2 0 3 1 1 1 4 0 3 3
4 3 1 1 3 0 1 4 0 0 1 1 3 4 2 1 0 2 0 4 1 4 0 1 1 1 2 2 3 2 0 4 1 3 1 1 0 2 0 2 4 3 3 4 2 3 3 3 0 0 2 2 4 4 0 2 2 3 4 3 0 4 2 3 4 3 4 0 2 2 2 2 0 3 3 3 1 1 1 1 1 0 0 1 2 1 0 4 4 0 2 1 1 2 2 1 0 1 1 0 3 0 4 1 0 2 4 1 4 2 3 2 2 0 0 1 1 1 1 2 1 0 1 2 2 3 3 0 4 1 0 0 4 1 1 4 3 2 3 4 4 3 2 3 3 4 0 0 0 3 4 1 3 0 1 3 3 1 0 0 3 0 0 4 3 3 0 1 0 3 3 4 1 2 4 0 1 4 2 2 2 1 0 3 4 1 1 2
3 1 4 3 3 1 4 1 1 4 4 1 3 4 2 1 1 2 3 3 1 0 2 1 4 2 4 3 1 0 2 4 3 4 4 3 0 3 4 2 2 0 0 2 0 0 1 1 2 4 1 0 2 0 1 1 3 0 1 4 2 0 0 2 4 4 0 2 2 1 1 1 2 3 1 4 3 2 2 0 1 1 3 3 1 4 1 1 2 2 0 1 0 2 4 1 1 1 3 0 3 1 2 2 0 3 1 3 2 0 1 3 1 4 4 0 3 0 1 2 0 4 4 0 1 0 1 3 1 2 0 1 3 4 3 0 4 1 1 1 2 2 0 0 1 4 0 1 1 2 1 1 1 0 1 4 2 3 4 3 2 0 2 2 4 0 3 4 2 4 2 1 3 2 3 4 3 4 2 0 3 3 3 1 0 0 0 2
0 0 3 2 0 0 1 1 2 1 2 4 2 0 2 0 4 1 1 3 2 4 0 0 4 3 1 0 0 1 4 2 1 2 4 3 4 3 2 2 4 4 3 2 1 3 4 1 4 1 1 1 0 3 3 4 1 4 1 4 2 1 1 1 0 3 4 0 1 3 4 2 0 4 1 1 2 1 2 3 2 3 1 4 1 4 0 0 3 2 4 3 3 2 4 0 0 0 2 3 4 1 1 4 1 2 0 3 0 3 4 2 3 0 3 0 0 4 2 0 1 1 3 1 0 2 3 1 3 1 1 4 2 4 3 0 4 0 1 4 0 0 2 4 0 0 1 2 1 3 3 4 1 3 0 1 3 1 4 3 2 1 4 4 0 2 0 4 4 1 4 0 3 3 1 3 0 2 3 4 0 3 3 1 1 1 4 1
2 4 4 4 0 0 0 0 4 2 2 4 3 3 1 3 3 2 2 3 1 0 4 3 3 3 1 1 4 0 0 1 4 1 2 4 2 2 2 1 0 1 0 0 4 3 4 2 2 3 2 3 0 2 1 0 0 2 3 1 0 3 4 4 0 1 1 2 3 3 3 0 4 1 1 0 4 2 2 2 2 1 2 2 3 1 2 0 3 0 1 0 1 0 0 1 3 1 3 4 1 3 4 2 1 2 4 1 1 1 0 3 4 4 0 3 0 4 0 4 2 4 1 3 1 1 4 0 4 4 4 2 4 0 1 1 0 0 4 3 3 1 2 3 0 4 3 1 1 3 2 3 2 3 3 4 2 4 4 3 3 0 1 4 2 4 0 4 0 1 3 0 2 2 3 3 1 1 1 4 2 3 2 4 1 2 0 0
1 1 4 1 3 0 1 1 4 3 0 1 0 0 2 2 2 2 2 1 1 3 0 3 1 0 4 0 2 0 0 4 3 4 0 2 1 1 3 3 0 0 1 2 1 0 4 0 3 4 1 4 2 2 4 1 2 0 3 4 2 3 3 1 0 1 3 3 4 3 1 1 3 3 3 1 0 3 2 3 2 3 4 1 0 0 4 2 1 2 4 3 3 4 1 3 0 4 1 0 2 0 1 3 0 0 4 0 0 3 1 4 2 0 2 4 1 2 4 4 4 3 4 2 2 1 2 0 0 1 2 0 1 3 3 3 0 4 3 2 3 4 3 0 2 1 4 0 0 3 4 4 3 0 4 3 1 1 3 4 2 0 4 0 0 2 3 3 1 4 2 1 0 1 1 2 2 3 4 2 3 3 3 2 4 4 2 2
1 0 1 0 2 0 3 2 4 3 2 3 4 0 4 0 3 3 4 2 1 4 1 1 4 4 3 3 4 0 3 2 2 4 4 4 2 4 4 3 3 3 1 2 3 3 4 3 1 4 0 4 3 1 0 2 1 1 3 2 3 1 1 1 2 0 2 4 2 3 3 0 2 1 4 2 4 4 1 2 3 1 1 1 3 4 0 1 0 3 0 3 1 3 1 1 0 1 0 2 4 0 2 3 4 2 1 0 3 4 0 1 2 3 4 0 2 1 3 2 0 0 3 3 3 1 4 4 2 2 1 4 4 1 2 0 0 0 1 3 4 3 1 2 1 0 4 4 1 0 3 3 0 3 4 1 0 0 2 4 2 0 3 4 1 1 4 3 1 2 1 1 2 2 0 4 4 4 0 3 4 3 3 2 2 2 3 4
3 2 3 2 2 2 3 4 0 0 4 1 4 1 4 2 0 1 1 2 1 3 0 2 1 0 1 0 3 1 1 3 3 0 2 1 4 1 2 4 1 1 2 0 4 4 4 2 0 2 4 3 0 1 3 2 1 4 4 1 1 1 4 4 3 2 0 4 0 2 3 1 1 2 3 0 3 3 2 4 2 3 4 3 1 2 2 3 4 1 1 0 4 3 1 2 2 2 1 2 1 1 0 4 1 3 0 4 3 4 0 1 3 2 1 4 1 3 4 0 4 1 0 1 4 2 0 3 1 4 0 4 0 0 4 3 0 4 0 1 0 0 4 0 2 0 0 1 3 1 1 4 4 4 0 0 1 3 3 4 2 3 3 4 0 2 3 1 3 3 4 1 0 3 1 0 0 1 1 3 0 2 4 4 1 2 0 4
0 0 0 2 4 4 1 4 3 1 2 4 1 1 0 2 1 1 2 1 0 0 1 2 4 1 1 1 3 3 2 3 4 3 2 0 4 3 1 2 2 4 3 3 2 3 0 1 2 4 2 2 1 1 4 1 2 2 2 2 3 1 2 2 4 4 4 0 4 0 3 1 4 3 0 4 2 2 0 1 4 4 0 0 0 1 1 4 0 0 3 3 4 0 2 3 1 1 4 1 2 4 4 3 4 1 2 1 4 4 4 0 4 4 0 1 0 4 3 1 1 3 1 0 4 4 1 2 0 2 0 2 3 0 1 2 1 0 1 0 0 0 0 1 2 3 2 4 4 2 2 0 1 4 3 2 3 4 4 0 1 0 0 1 0 3 3 3 3 4 4 0 2 1 1 4 1 1 3 0 3 1 3 4 2 1 3 2
2 3 2 3 0 2 1 2 0 4 0 1 1 1 1 3 0 3 4 3 4 4 1 2 2 4 4 4 2 2 1 4 2 1 4 4 3 0 1 1 1 4 2 2 0 3 2 2 1 3 1 2 3 4 2 0 3 1 2 2 0 3 1 0 4 2 4 0 2 3 1 3 2 0 3 4 3 2 4 2 1 2 4 4 1 1 1 1 4 3 3 2 4 1 2 0 3 3 0 0 3 3 0 2 3 0 4 4 3 3 1 4 2 2 0 3 1 1 4 2 0 4 4 4 0 3 1 3 4 2 0 2 2 2 2 1 3 1 0 3 1 3 4 3 0 4 1 1 0 2 4 2 3 0 3 3 1 0 3 0 4 0 4 1 2 1 2 2 2 4 2 3 2 1 3 0 0 1 3 3 0 4 0 3 0 4 3 1
1 1 3 0 1 2 1 1 4 1 0 3 0 3 4 0 4 2 0 2 4 3 0 4 3 2 0 0 3 3 3 4 0 1 4 3 3 1 1 4 2 2 3 4 2 4 1 3 1 1 0 2 2 2 4 2 2 4 2 0 4 0 0 4 1 1 0 1 2 3 3 1 0 3 3 4 2 4 3 0 3 0 3 0 3 4 2 0 0 4 2 4 1 2 1 4 4 1 2 3 1 0 2 2 0 0 3 2 1 1 0 4 4 3 1 2 4 3 4 4 4 3 3 2 1 4 1 2 2 1 2 4 3 4 3 4 1 1 3 0 0 3 4 4 3 3 3 2 1 4 1 3 2 2 2 0 1 1 4 1 2 2 0 0 3 0 1 0 1 0 2 3 3 3 4 2 1 2 1 0 3 3 3 1 2 2 3 3
3 3 1 0 2 1 3 0 3 4 2 2 4 4 0 0 3 0 2 4 4 3 4 3 3 4 1 0 2 1 1 2 4 2 3 1 1 3 4 1 2 1 3 4 1 4 4 4 1 3 0 2 3 0 0 4 1 3 4 0 0 2 3 1 2 3 0 0 1 4 1 0 2 0 4 3 1 0 4 4 3 0 1 2 2 4 3 0 2 2 1 4 2 4 3 1 2 0 3 0 1 4 0 3 1 2 4 4 2 3 3 3 0 2 2 4 1 0 0 3 4 1 0 3 2 3 4 1 0 2 1 1 4 3 4 2 2 3 4 2 4 2 0 1 4 4 1 2 4 3 1 0 1 3 4 3 3 3 4 3 3 2 4 4 2 0 1 2 1 0 4 0 0 1 3 1 0 1 4 1 4 2 1 0 0 0 3 0
1 4 0 4 3 1 3 3 1 1 0 2 4 4 4 4 0 0 2 2 1 1 3 1 3 4 1 0 0 2 2 3 3 2 2 2 3 2 0 0 0 2 4 4 1 1 0 3 1 3 0 2 4 0 0 0 4 4 2 1 1 0 4 4 2 3 3 3 2 0 0 3 2 1 2 0 2 3 0 0 1 2 0 2 2 0 2 2 4 2 0 2 2 2 4 1 0 4 1 3 0 1 1 4 3 0 2 2 0 2 3 1 0 3 4 2 0 3 1 2 0 4 1 4 1 0 3 1 0 4 1 2 1 2 3 4 0 0 1 0 3 1 4 0 1 0 2 2 3 1 1 1 0 2 0 1 3 3 4 0 0 1 2 1 0 0 2 0 3 3 3 1 0 2 3 3 2 2 0 2 3 1 0 0 4 3 1 4
3 3 4 3 4 3 4 1 0 1 2 3 2 2 1 4 4 4 2 3 2 3 2 2 1 3 3 2 1 1 3 4 4 4 3 0 2 4 2 0 3 1 3 0 3 0 4 4 1 3 4 3 1 1 3 0 4 1 4 2 4 3 4 4 2 4 1 2 3 3 2 1 1 2 3 4 4 2 0 1 1 4 1 4 1 4 1 2 0 1 0 0 1 4 1 0 0 2 4 3 3 1 2 4 4 0 1 0 0 1 1 3 3 3 2 4 2 1 3 3 4 0 0 0 1 1 2 1 0 2 0 3 0 4 0 1 4 1 2 4 4 3 2 2 1 2 3 1 0 2 4 4 2 1 1 1 4 3 2 4 2 2 0 3 1 0 4 3 3 1 4 2 0 2 2 3 1 0 4 1 4 0 2 4 1 3 0 0
3 2 2 1 2 4 4 0 4 0 3 4 2 3 1 4 2 3 2 0 1 4 3 0 4 0 4 3 0 4 0 0 4 2 3 1 1 2 1 2 0 2 1 2 2 0 1 1 3 0 3 1 4 1 2 4 3 1 2 0 3 2 0 2 2 4 3 0 3 1 0 0 3 3 2 2 3 0 3 4 1 1 0 2 4 2 3 2 1 0 4 4 0 2 1 4 1 1 1 1 2 1 2 3 0 1 0 0 2 1 4 0 2 0 4 2 4 3 1 0 3 1 1 0 3 2 1 1 0 3 4 3 1 3 1 1 0 3 2 4 4 3 1 4 0 0 3 0 3 4 2 4 2 1 1 2 0 0 0 1 3 2 4 1 0 2 3 2 0 2 3 2 2 1 1 3 2 4 0 2 0 4 3 0 0 2 2 1
2 0 2 0 2 3 3 4 2 3 4 4 0 4 1 0 1 2 3 0 3 0 4 1 4 3 1 2 0 0 0 2 0 2 4 4 2 2 1 4 1 0 3 3 4 2 3 2 1 3 2 0 0 2 1 2 2 4 4 4 4 4 1 2 3 2 1 0 4 2 1 2 4 1 3 1 3 1 3 0 2 3 0 2 2 3 4 1 2 0 0 1 1 3 3 4 0 2 1 1 1 2 4 3 4 4 4 2 0 4 4 4 4 4 4 1 4 0 2 1 1 4 0 2 2 0 4 2 4 0 1 1 0 2 4 1 1 0 3 3 4 3 3 4 4 2 2 1 4 2 4 2 1 4 0 4 2 1 3 1 3 4 4 3 1 3 4 4 0 0 3 0 0 1 1 1 0 3 2 1 2 2 4 4 3 1 0 0
2 3 4 0 0 3 4 3 4 0 3 4 0 1 1 2 4 4 4 1 0 1 2 2 0 1 3 4 2 3 1 4 4 2 2 1 1 1 4 2 3 2 3 1 0 2 3 4 1 2 0 3 1 0 1 3 1 1 2 4 0 1 0 1 3 2 2 1 0 3 0 4 1 4 0 3 3 0 0 4 3 0 0 1 0 1 4 4 4 4 3 4 0 3 2 0 1 1 4 1 0 4 2 1 0 2 1 3 3 1 0 3 4 0 1 1 3 2 0 2 1 3 4 3 4 1 1 2 3 0 3 3 4 3 1 2 0 4 0 0 1 0 0 0 2 1 1 0 4 4 3 2 2 4 1 3 2 4 0 0 4 1 0 0 4 3 2 1 3 3 4 1 0 4 1 3 3 4 0 2 3 0 1 3 4 4 1 2
3 4 4 2 0 2 0 1 2 2 2 0 2 1 3 0 3 4 0 1 1 0 0 4 1 1 4 2 1 3 4 1 2 1 1 4 3 1 0 0 0 4 3 0 3 1 0 3 3 0 4 1 0 1 2 3 2 2 1 0 0 0 4 2 3 0 3 1 3 0 4 3 4 4 3 4 0 0 2 0 0 3 3 3 4 1 1 4 3 2 4 0 0 3 2 3 0 2 2 3 2 1 4 3 0 4 3 2 0 2 0 0 1 3 0 2 4 2 1 4 1 3 4 3 3 3 4 4 0 1 4 2 4 3 1 4 3 1 3 3 0 3 0 1 4 1 1 3 0 2 0 1 0 4 2 4 3 1 0 3 2 4 3 1 3 1 2 1 2 2 1 4 3 1 3 2 4 4 2 4 1 2 3 4 2 0 3 2
1 0 2 0 4 0 3 2 1 2 0 0 4 1 2 2 0 0 1 4 4 4 4 2 1 4 1 0 4 1 2 2 1 0 4 1 2 4 0 1 1 1 3 2 4 0 2 1 0 3 1 1 2 2 4 1 1 0 3 2 2 3 1 0 0 0 3 2 4 4 0 0 2 1 4 3 1 1 0 4 0 3 0 4 0 4 2 3 2 1 0 1 4 1 1 4 3 0 3 2 1 1 4 3 2 3 3 0 0 3 4 2 1 2 1 3 3 4 1 0 2 3 3 1 1 0 2 4 2 2 3 3 3 2 3 2 3 3 3 0 2 4 2 0 1 0 4 0 1 2 2 3 3 1 1 4 3 0 1 2 3 4 2 3 4 2 1 2 0 1 2 2 0 1 0 2 3 1 4 0 3 1 0 3 4 4 3 4
4 1 1 4 0 3 0 4 0 3 1 1 4 0 0 4 3 0 1 2 1 2 4 2 1 4 0 0 0 0 2 2 1 3 3 2 4 3 3 1 1 2 2 2 2 0 2 3 2 0 0 4 3 4 3 1 0 3 1 3 4 0 0 2 4 3 1 0 4 0 1 0 2 1 0 1 3 2 4 0 4 4 1 4 0 4 0 3 0 2 1 1 4 1 3 0 1 0 0 0 0 4 3 4 0 3 0 0 2 2 0 1 3 2 1 4 3 1 2 3 0 0 4 0 3 0 2 4 0 3 0 2 2 0 3 4 3 0 4 2 2 1 0 1 0 1 2 4 0 1 4 2 1 4 4 4 1 2 0 3 2 0 2 1 2 0 0 2 0 1 4 0 4 0 1 0 3 0 1 3 1 0 3 2 1 2 3 2
4 3 0 1 1 2 2 3 4 4 1 0 2 0 0 4 2 3 4 1 3 2 1 4 2 4 3 4 2 3 1 3 1 4 2 4 3 1 3 3 3 1 0 0 3 0 1 1 0 2 2 3 4 3 4 2 0 4 1 2 2 4 0 0 3 4 0 2 1 3 2 4 4 2 1 2 2 3 0 4 0 2 4 0 3 3 4 0 2 0 2 1 1 4 1 2 4 1 1 0 4 3 4 0 0 0 0 4 0 0 3 1 0 2 3 0 2 2 0 1 4 2 2 0 3 3 4 4 2 0 4 3 3 0 4 3 3 1 2 3 1 2 1 1 1 4 1 3 3 1 4 4 0 3 0 4 4 4 0 1 0 0 4 0 2 0 4 2 3 3 1 0 3 4 3 4 1 2 3 4 0 4 4 1 3 1 2 2
2 2 0 4 4 1 0 2 4 1 1 2 1 2 2 4 4 3 4 0 0 4 1 0 3 2 3 3 3 0 2 3 0 2 2 4 4 4 3 3 2 0 2 4 4 0 0 3 0 4 0 0 0 2 0 1 4 1 1 0 1 4 3 1 3 2 3 4 4 3 4 3 0 2 2 0 4 0 0 4 4 1 1 2 0 3 3 1 4 4 1 1 0 1 4 4 1 4 3 2 3 3 0 3 2 0 0 1 0 1 2 1 4 3 3 1 1 3 2 1 0 1 2 0 4 3 1 0 0 2 2 3 2 3 3 4 3 4 2 0 2 4 1 3 2 0 4 3 0 3 4 0 4 3 3 4 4 1 1 4 3 4 4 0 4 2 1 4 3 3 4 0 2 2 3 4 4 4 0 0 3 4 2 4 0 0 0 4
2 2 0 0 3 4 3 4 1 4 0 2 0 1 2 4 3 3 4 3 4 1 3 4 2 0 4 2 3 4 3 0 1 3 2 1 4 2 0 3 4 0 0 4 1 4 3 0 4 4 3 4 2 3 3 0 0 2 4 3 4 3 0 0 3 0 4 0 2 4 3 3 0 3 4 1 2 0 3 2 4 3 3 2 1 1 4 2 1 3 2 0 3 3 2 2 3 1 2 2 1 2 1 3 0 0 1 4 0 0 3 2 3 1 1 0 0 0 4 1 0 1 3 4 1 0 3 4 4 2 4 2 4 0 0 1 2 1 2 3 1 1 2 2 4 0 4 4 2 3 0 2 1 3 1 3 1 4 4 0 1 3 2 2 0 4 3 3 0 1 3 4 4 2 1 3 2 2 3 4 0 0 3 3 1 0 3 2
1 0 4 0 3 3 4 1 2 3 4 4 1 2 0 0 1 3 3 3 0 3 4 2 4 2 3 0 4 1 4 1 1 3 3 2 3 2 3 0 2 4 1 3 3 4 0 4 2 1 2 0 4 1 2 0 0 2 2 0 4 1 3 2 1 1 1 4 0 4 1 3 0 3 1 3 4 4 2 1 0 1 3 1 4 3 2 0 0 4 0 4 3 3 4 4 1 0 4 1 2 0 4 2 0 3 1 4 2 0 3 4 2 1 0 1 4 4 1 0 4 3 1 4 3 2 3 1 3 2 3 2 0 4 1 0 4 4 2 3 0 0 2 2 3 0 0 3 4 4 0 0 2 3 4 3 1 3 4 4 2 2 3 2 4 4 0 3 1 4 4 1 1 3 0 4 3 2 4 3 1 4 0 1 3 0 4 4
0 3 0 4 3 0 4 4 1 1 2 2 0 3 3 1 2 0 0 0 3 2 0 1 1 1 2 1 3 1 2 0 2 2 4 0 4 3 4 1 4 3 3 1 2 4 2 4 1 0 1 4 2 2 1 0 0 0 2 0 2 4 0 4 4 1 1 3 0 2 1 1 0 0 3 4 1 2 0 2 4 4 4 1 3 2 4 3 2 1 3 1 2 0 2 3 1 0 4 3 2 0 0 0 2 0 1 0 2 4 0 4 3 4 0 1 3 1 4 2 4 4 4 2 1 3 2 2 4 1 3 3 4 3 0 3 0 2 4 4 1 4 3 1 0 1 2 3 2 3 0 2 4 1 1 0 2 3 4 3 2 2 1 3 2 4 1 2 1 2 4 4 1 2 2 1 3 4 1 3 4 4 0 3 2 1 0 4
1 1 2 3 1 1 1 3 0 0 3 3 2 2 4 4 1 1 2 2 2 1 0 1 0 0 1 2 3 3 4 4 4 3 3 0 4 1 1 1 1 1 4 4 3 0 0 1 1 4 3 0 0 3 3 2 0 4 2 3 4 1 3 4 4 3 1 1 1 4 2 3 0 4 4 0 4 1 2 1 0 0 3 3 1 2 0 1 1 2 0 3 0 0 4 2 0 0 3 1 0 2 1 2 1 0 3 1 3 2 4 4 2 2 2 0 4 2 2 3 2 4 1 4 1 0 1 1 2 1 2 4 4 4 2 0 1 2 3 0 4 2 1 3 2 3 4 1 2 3 1 1 4 4 1 0 4 2 1 4 4 0 0 0 4 2 0 1 1 1 3 0 3 4 1 2 4 0 4 1 0 2 0 4 2 1 1 3
0 2 2 1 2 3 1 4 2 4 2 1 0 0 1 0 1 2 3 0 4 4 3 1 1 3 0 0 4 1 4 2 0 3 3 0 3 0 1 1 4 3 2 1 3 0 1 1 0 1 1 1 0 4 3 4 3 0 4 4 4 3 1 1 2 0 1 0 2 2 3 1 2 2 2 2 0 0 3 0 2 4 3 2 4 1 3 4 2 3 0 3 1 2 4 0 4 3 3 1 0 3 4 0 1 3 2 1 3 1 3 0 0 1 0 1 0 3 2 4 3 3 2 0 0 1 2 1 4 2 4 2 1 0 2 2 3 1 0 3 2 0 1 0 1 1 1 1 1 4 0 0 4 4 2 1 1 1 2 2 4 3 1 0 3 0 4 1 2 1 4 4 1 2 4 2 0 3 1 2 4 3 4 3 3 3 4 1
4 3 0 0 1 2 2 1 2 1 2 1 2 3 3 3 1 4 3 1 2 1 0 3 4 1 3 4 4 4 0 1 2 1 1 0 0 4 1 4 2 0 1 0 1 4 0 2 3 0 0 3 1 3 3 3 4 2 2 4 1 0 0 1 3 1 3 3 2 0 2 0 2 0 2 3 1 2 2 2 0 3 2 3 1 0 1 2 4 1 1 3 3 3 4 1 0 4 4 4 1 3 4 4 1 1 2 2 1 0 1 3 0 3 1 3 1 0 0 0 1 2 3 4 2 4 0 4 4 1 4 0 1 3 4 2 2 4 2 0 1 0 3 1 4 4 1 0 4 1 0 2 0 1 3 3 0 0 2 4 1 1 0 0 2 1 4 4 2 3 1 3 4 4 4 3 3 0 0 0 4 2 2 4 3 1 4 4
1 2 0 0 0 2 2 4 4 1 3 3 0 1 2 1 0 3 1 4 1 1 4 0 0 3 1 4 4 1 0 3 0 0 0 0 3 2 0 4 0 0 2 2 2 1 3 2 0 4 3 1 2 4 1 3 3 2 4 4 0 4 2 0 1 4 3 4 1 0 0 2 2 0 1 4 1 0 4 1 1 4 2 1 4 0 1 2 3 0 1 0 1 1 1 2 0 1 4 4 1 1 3 3 1 4 0 0 1 1 1 0 0 1 1 1 1 4 0 1 4 4 2 2 0 0 4 2 3 0 3 4 2 1 4 3 3 4 0 4 2 4 4 0 0 2 1 3 1 2 2 2 1 1 4 3 1 1 2 4 1 1 0 3 4 4 4 2 1 4 2 0 3 3 0 0 3 2 4 1 1 3 4 4 4 0 4 0
1 1 1 3 4 3 3 4 4 2 1 2 4 0 3 4 1 3 0 4 2 1 0 0 4 4 4 3 2 0 0 3 4 3 3 3 3 4 4 2 3 3 0 2 3 3 4 4 3 1 3 1 2 1 1 3 0 3 3 4 0 0 3 4 3 3 0 3 4 4 0 3 2 0 2 3 0 1 2 4 2 3 2 1 4 0 4 1 0 4 1 1 4 1 0 4 1 0 2 1 0 3 4 4 0 1 2 3 0 0 2 2 0 1 1 4 1 0 0 2 2 3 3 1 4 3 1 1 1 0 4 3 0 3 2 1 1 0 1 3 2 3 1 2 1 4 3 2 4 0 1 1 4 1 0 3 0 3 1 3 3 0 1 4 0 3 2 4 0 3 2 2 3 0 1 4 4 4 3 1 2 2 4 1 3 4 1 0
4 0 3 3 2 4 4 0 0 1 4 0 1 3 0 1 1 1 2 0 3 2 3 0 4 0 3 3 1 4 3 1 4 4 4 4 3 0 4 3 1 3 4 4 3 1 2 4 2 4 2 2 1 0 4 3 2 2 1 4 4 1 0 0 0 1 4 1 1 3 1 4 3 2 3 2 3 0 1 1 1 0 0 2 3 0 0 0 4 3 4 3 2 1 1 4 2 0 0 3 1 2 4 4 4 2 3 3 4 2 1 2 2 3 2 0 0 2 3 0 3 2 0 0 1 1 4 3 4 2 4 0 1 3 1 0 3 0 0 4 2 3 2 4 2 4 2 4 3 0 4 3 4 0 3 0 3 0 1 2 4 2 4 0 0 1 2 0 1 0 0 3 3 2 4 2 3 3 2 1 3 3 0 0 0 0 2 4
2 3 3 1 2 3 3 3 4 1 3 0 1 0 0 4 4 1 4 2 0 1 1 0 1 1 0 2 3 0 1 3 0 1 4 3 4 0 3 0 1 1 2 2 4 2 3 3 1 4 1 1 2 2 3 4 0 1 1 0 1 4 3 1 0 0 4 0 0 2 0 3 1 3 0 0 2 0 3 3 0 1 1 4 0 0 3 2 1 4 3 2 0 3 0 1 0 2 3 0 4 0 3 2 0 0 4 0 3 0 0 0 3 2 4 4 4 3 1 0 4 1 4 2 2 1 3 2 3 3 0 0 3 0 2 1 1 4 1 1 4 1 1 2 0 0 3 4 0 2 1 2 3 0 4 2 2 4 2 2 4 2 2 2 2 2 0 0 1 1 3 0 0 4 4 0 2 3 0 4 0 1 3 0 4 4 0 3
3 2 0 2 4 3 2 3 0 2 1 3 1 4 0 1 4 4 1 3 4 3 2 1 2 3 2 1 2 2 1 3 4 1 2 0 1 4 3 3 4 4 1 0 4 1 3 0 3 1 3 2 0 2 4 2 0 3 0 3 2 1 3 3 2 0 3 1 0 3 4 1 0 1 3 1 4 1 1 2 4 1 2 4 0 3 3 1 1 3 1 0 4 1 3 4 1 1 0 3 1 1 4 1 2 4 2 4 2 0 1 2 1 0 1 4 3 2 2 1 0 0 1 2 1 4 3 2 2 0 1 4 1 2 2 4 2 2 0 4 2 3 3 1 4 2 0 2 4 2 1 1 2 2 3 3 2 1 2 1 1 3 0 3 1 0 4 0 2 4 1 1 2 0 2 3 2 2 3 3 1 4 4 0 1 3 0 0
1 3 2 0 1 4 0 4 4 1 1 3 0 3 0 4 0 2 0 2 2 3 2 0 2 1 1 0 4 1 1 3 4 0 3 3 4 0 2 1 1 4 4 3 4 1 4 4 1 4 3 0 2 0 0 1 1 3 2 3 0 0 1 1 0 1 4 4 1 4 2 2 3 4 0 4 0 4 3 1 1 1 1 3 1 4 0 4 2 4 2 2 4 0 1 4 1 0 0 4 4 3 1 4 2 3 0 4 0 3 1 1 1 4 4 4 0 1 4 3 0 3 2 1 4 3 0 2 1 1 2 2 1 3 4 3 4 4 2 4 0 0 0 1 2 1 3 4 0 2 4 2 2 2 4 1 2 1 4 0 4 1 0 2 1 4 0 0 0 0 1 0 2 3 4 1 2 2 3 2 1 2 1 3 1 2 0 4
1 1 1 0 4 1 3 0 2 0 3 3 2 4 0 2 0 4 0 2 1 3 1 2 1 4 3 2 2 0 3 3 1 0 0 0 3 0 2 1 3 0 4 2 2 1 4 4 1 0 1 4 3 4 2 1 3 2 4 2 2 2 2 3 4 3 0 3 0 2 1 3 0 2 3 4 3 2 3 4 4 1 4 0 0 3 1 0 0 2 0 4 2 2 2 1 2 4 1 3 3 2 3 3 1 1 4 0 1 2 1 0 0 2 0 2 0 2 0 2 1 0 1 3 2 0 0 0 4 3 0 3 3 0 3 4 4 3 4 2 2 3 2 0 0 0 2 3 4 2 0 0 2 4 4 2 4 4 4 1 4 1 1 2 3 4 2 2 4 3 4 4 1 4 4 2 4 1 0 3 1 2 0 0 3 4 4 3
0 3 1 0 4 2 2 0 3 4 2 3 0 4 2 1 0 1 0 4 4 2 4 2 0 4 3 3 1 4 3 1 3 4 1 4 3 1 4 2 2 4 0 2 0 4 1 0 0 1 4 1 4 0 4 1 1 4 1 2 3 0 4 3 1 2 3 2 0 4 4 3 0 1 2 0 0 3 0 2 0 1 3 1 1 4 4 3 3 0 2 4 2 1 2 1 1 2 3 1 4 2 1 4 3 4 0 0 2 0 2 4 4 0 2 0 2 1 0 0 4 3 1 1 1 4 2 2 3 0 1 2 4 4 2 2 3 4 2 3 1 1 4 0 2 2 3 1 0 3 1 4 1 0 1 3 4 3 2 2 1 0 2 0 0 1 0 3 0 4 3 3 1 3 1 0 0 4 1 0 2 4 2 4 4 3 4 0
3 3 0 1 4 2 2 4 0 4 4 2 3 3 0 1 1 1 1 3 2 4 0 0 1 2 1 0 2 0 3 3 3 3 4 4 2 3 3 2 2 0 4 3 3 1 4 1 0 3 1 2 4 3 2 0 3 0 3 0 2 1 3 3 4 3 2 3 1 3 0 1 3 1 4 3 4 0 4 4 3 2 4 3 0 3 3 0 4 1 1 1 4 1 1 3 1 4 1 0 2 3 1 2 1 0 0 1 0 1 2 1 3 1 1 0 0 1 1 1 0 4 4 4 0 1 0 2 2 3 2 1 2 0 3 0 2 3 3 4 1 1 0 1 4 1 3 1 0 4 2 0 0 4 4 3 0 4 2 2 0 1 3 2 1 3 4 3 3 3 2 4 4 0 0 3 3 3 2 3 0 4 3 0 3 0 0 0
1 2 4 1 3 4 0 1 2 0 4 0 3 4 4 4 1 4 4 4 0 1 3 0 3 3 0 3 0 3 4 2 0 3 3 1 0 4 2 2 1 4 3 1 0 4 2 1 1 3 0 1 0 0 1 0 1 3 3 1 1 4 3 2 0 4 3 0 0 2 2 1 1 2 4 1 2 1 4 3 4 0 1 1 2 2 3 0 0 4 2 4 0 2 1 0 1 1 2 3 0 0 1 4 4 0 0 3 3 2 3 0 2 4 3 1 1 2 2 4 3 1 3 3 3 1 4 2 4 1 0 4 3 2 0 0 4 1 3 0 3 4 0 2 0 3 0 2 2 4 3 0 0 3 1 4 1 0 3 0 3 0 1 4 2 2 1 4 0 1 4 0 0 1 4 1 1 4 0 4 1 0 1 1 3 2 2 4
4 0 1 0 1 2 1 0 1 2 1 3 3 2 3 1 3 4 4 0 1 4 1 2 1 4 3 4 4 3 0 0 0 1 0 1 0 3 4 4 2 2 2 1 0 3 4 3 2 3 0 3 4 1 0 0 1 1 1 0 4 1 2 1 2 3 3 4 3 4 3 1 3 1 4 3 1 0 4 3 3 4 4 4 1 1 4 4 4 2 1 0 3 3 2 2 3 2 1 4 3 0 0 1 3 1 0 1 1 4 4 4 3 0 0 1 2 1 2 3 3 0 4 1 4 1 3 4 3 1 3 1 1 0 2 1 1 4 2 2 3 4 3 4 4 3 2 3 4 0 4 2 2 3 0 1 4 3 3 4 0 3 2 3 4 1 2 0 1 1 0 1 0 3 2 2 2 0 2 3 2 1 1 4 1 1 3 2
2 3 1 4 1 0 4 2 2 1 0 0 3 0 3 0 0 1 4 2 3 2 3 2 0 1 3 2 4 1 4 1 1 3 2 3 3 2 2 2 3 2 2 3 2 3 4 3 4 3 2 4 2 0 1 3 3 4 2 3 3 1 1 4 1 4 4 0 1 4 4 1 1 2 0 1 2 4 4 1 4 3 2 2 1 3 2 4 4 4 4 4 2 1 4 4 0 0 1 3 4 0 4 3 4 4 4 1 0 0 4 0 3 1 4 1 4 1 3 1 2 2 0 4 3 1 0 0 2 1 3 3 2 3 1 1 4 2 0 0 2 4 0 3 1 4 4 2 2 4 3 4 2 4 0 2 0 1 0 4 2 3 3 1 3 1 0 3 4 0 3 3 1 0 1 2 1 3 0 3 2 3 4 1 2 4 4 0
2 4 4 2 4 2 3 0 1 0 3 2 2 3 0 4 3 2 3 1 2 3 1 4 4 0 1 1 1 2 1 1 3 1 3 4 0 3 4 3 4 2 0 3 2 1 2 0 0 1 1 2 1 4 1 0 4 4 4 3 3 0 4 1 3 4 1 1 2 2 4 3 0 0 2 2 3 1 0 3 4 3 2 3 3 0 3 4 0 2 4 0 0 3 2 0 4 0 1 2 2 3 0 4 0 4 4 3 3 1 3 2 1 2 0 1 2 1 1 4 3 2 0 0 3 4 1 2 1 4 4 0 2 2 2 4 1 1 4 4 4 2 4 0 1 1 2 4 2 0 0 3 2 2 3 0 3 4 3 4 1 4 0 0 1 2 0 0 0 4 1 1 4 0 1 0 2 0 1 1 0 4 4 0 1 3 2 2
4 0 1 0 2 3 1 3 2 3 3 4 2 2 0 1 2 4 4 1 4 2 3 2 1 2 2 0 2 4 2 2 2 3 4 4 4 2 4 3 0 0 3 0 2 3 3 1 2 2 3 4 0 3 1 3 0 0 3 3 4 2 2 3 1 1 4 2 1 4 0 1 4 3 1 3 4 0 4 3 4 4 4 1 2 0 0 3 0 0 3 2 3 2 2 1 0 2 3 1 3 0 3 4 1 1 2 2 1 1 0 3 1 0 4 0 2 4 3 0 2 3 4 0 2 1 1 3 0 1 4 3 3 4 2 4 1 4 1 4 3 4 2 1 4 2 1 3 3 2 3 2 2 2 2 0 1 0 0 1 3 4 0 2 1 2 1 2 4 0 3 4 4 1 2 0 0 0 3 0 2 2 3 2 1 2 2 2
3 4 4 3 3 4 0 1 3 4 3 4 4 4 0 3 2 2 3 4 3 3 4 2 0 4 4 2 4 3 1 4 2 0 2 3 1 3 1 2 4 0 3 3 1 1 3 3 0 3 2 3 1 3 3 4 3 4 3 2 0 4 1 4 2 0 4 3 3 1 2 2 3 3 2 4 4 2 2 4 0 4 0 2 4 3 1 2 4 4 1 4 0 4 4 2 0 3 3 0 4 0 0 2 3 2 3 2 0 0 4 0 1 4 4 1 2 2 0 1 3 2 3 4 1 2 3 3 2 1 4 4 2 4 3 2 3 2 2 3 2 1 1 1 0 2 2 4 0 2 2 0 1 0 4 0 4 3 3 4 1 4 0 0 3 3 3 2 0 2 2 0 0 0 1 0 0 0 1 2 4 0 2 1 1 4 3 2
2 1 3 0 1 3 1 1 2 1 0 4 3 0 4 3 0 2 0 2 2 1 4 2 1 2 0 4 1 3 4 0 1 4 0 4 3 1 1 2 2 3 1 2 3 3 0 1 2 0 3 2 3 0 1 2 2 1 3 0 1 2 0 2 2 0 4 2 4 0 4 3 0 2 1 1 2 3 2 0 1 2 2 4 2 3 3 1 1 2 1 2 1 1 1 0 4 0 4 0 2 0 3 3 3 1 1 2 0 3 2 1 2 1 2 2 1 1 3 4 0 0 3 3 3 0 4 4 2 3 4 0 4 0 0 4 1 1 3 3 1 3 1 0 4 4 4 3 2 3 4 2 0 3 2 0 0 1 0 2 2 1 4 3 3 1 4 2 4 2 0 2 0 2 3 2 3 2 2 0 2 1 4 4 4 1 0 4
0 2 4 4 3 3 2 2 0 3 4 4 0 1 2 3 3 2 0 3 1 2 3 4 0 4 0 0 1 0 1 3 2 0 2 3 4 1 0 1 4 1 0 1 4 4 4 3 3 1 1 0 0 2 1 1 1 1 1 4 4 2 2 3 3 1 1 4 2 3 0 1 1 2 3 1 2 4 4 0 1 2 2 1 1 0 2 0 4 0 4 3 0 4 1 0 0 3 4 3 3 4 1 0 3 4 1 0 4 2 3 2 4 2 3 3 3 3 3 4 3 4 2 3 0 0 3 1 3 4 1 4 0 2 4 4 4 0 1 0 2 1 2 3 1 2 1 1 0 1 0 1 3 2 1 3 2 2 1 3 1 2 2 4 2 1 0 3 3 1 3 0 0 2 0 1 1 4 2 4 2 2 0 0 1 3 4 0
0 2 0 4 0 2 0 4 0 0 2 0 1 2 2 1 4 3 4 2 2 3 1 4 2 3 2 3 2 3 1 4 0 1 0 2 1 0 1 1 0 0 4 4 2 1 2 3 4 2 1 3 0 4 0 3 3 2 3 2 0 4 3 2 1 4 0 4 1 3 2 2 4 1 3 3 3 0 2 4 4 0 3 2 4 3 0 4 2 0 3 2 2 2 4 0 3 1 4 4 0 1 3 4 3 1 4 3 4 1 2 3 3 2 0 0 0 2 1 4 3 0 1 2 4 3 2 4 4 1 0 1 2 1 2 2 2 2 0 3 0 0 2 4 2 4 4 0 2 2 4 2 2 3 4 3 1 1 2 2 4 0 1 3 1 3 3 3 2 0 4 3 0 1 4 0 2 0 0 4 2 1 3 2 4 2 0 2
0 0 2 1 0 3 2 1 3 0 1 1 0 0 4 3 3 3 3 1 0 3 2 2 1 1 4 1 0 0 3 3 2 0 1 2 0 3 3 4 3 4 2 4 2 1 2 0 1 2 3 1 2 1 0 3 4 0 4 1 2 0 4 4 2 3 1 3 1 1 4 0 2 1 1 4 4 0 2 2 2 2 0 4 3 0 2 4 0 2 1 4 4 2 3 1 0 1 1 4 2 0 4 2 1 2 3 2 2 2 4 4 0 4 0 0 0 2 0 2 1 3 2 0 2 0 4 3 2 0 4 1 1 0 0 4 2 4 2 4 1 1 0 1 1 2 2 3 1 4 0 3 2 2 0 4 3 1 4 2 2 3 0 0 3 1 1 2 0 3 1 3 2 3 2 0 2 4 3 4 3 0 2 2 3 4 3 3
1 3 2 0 3 2 2 2 0 3 1 2 2 3 1 1 3 3 1 1 4 1 2 4 1 1 1 4 0 4 2 3 4 1 0 3 4 2 2 4 1 3 2 0 3 0 1 4 3 2 2 4 0 4 3 1 0 1 1 2 2 0 1 2 2 3 2 3 1 4 2 4 4 1 4 3 1 0 4 1 4 1 0 4 0 0 2 2 1 3 4 4 1 2 1 0 1 0 3 4 4 2 3 0 1 2 0 2 4 4 1 0 2 3 1 4 4 3 1 0 4 1 1 0 0 4 2 1 4 0 2 3 4 0 4 0 4 1 0 3 1 1 0 3 4 1 3 0 0 1 1 4 4 4 1 0 4 3 3 3 0 1 4 4 1 0 2 1 1 2 1 2 0 4 3 1 0 3 2 2 1 0 3 1 4 1 1 3
4 1 4 1 2 3 3 1 3 0 4 4 2 0 4 4 1 2 0 2 2 2 1 3 4 0 1 1 1 2 4 3 1 3 4 3 3 2 4 1 4 3 1 1 1 2 0 2 1 3 1 3 2 0 3 2 0 0 3 3 4 4 3 0 0 0 4 3 2 0 0 4 1 3 0 4 0 3 3 1 3 2 1 0 2 4 4 4 1 2 2 1 4 3 1 4 3 2 2 2 0 4 1 3 4 4 2 1 4 0 4 2 2 0 2 1 2 2 0 3 1 0 4 0 3 3 1 1 2 1 0 2 2 2 0 2 1 4 3 2 0 0 4 4 0 3 1 4 2 1 0 4 3 4 1 1 4 0 4 2 1 0 1 3 4 4 2 2 3 3 4 0 3 3 0 0 3 3 2 1 1 2 2 0 1 0 3 3
0 3 2 1 0 3 2 4 2 1 3 1 4 2 1 4 2 3 0 2 1 2 3 3 4 2 0 2 3 3 0 0 3 2 4 3 3 1 4 2 2 2 0 4 1 4 3 0 2 0 3 1 2 3 1 3 1 1 3 4 4 0 4 3 0 0 3 3 1 0 0 1 4 1 2 1 0 0 3 4 1 1 0 0 0 3 1 3 4 4 4 1 4 0 1 4 1 4 4 2 4 2 0 4 0 2 2 2 0 0 1 3 4 4 3 1 2 1 4 4 0 3 0 2 3 1 3 4 2 3 4 4 2 4 0 2 4 2 4 4 4 2 2 0 3 2 1 1 4 0 0 1 0 2 3 4 3 4 3 2 4 4 1 1 1 1 3 0 0 4 1 0 1 0 0 0 2 4 3 3 4 0 0 0 2 0 1 2
4 1 4 3 1 3 1 2 4 4 4 0 0 2 2 2 2 4 4 4 3 4 0 0 4 0 2 3 2 3 0 2 1 1 2 2 1 4 1 1 0 2 3 1 4 2 0 1 1 4 3 0 3 3 2 4 0 4 2 2 4 4 1 2 2 4 0 4 3 3 2 0 3 0 1 2 2 1 1 0 2 4 2 0 4 4 4 4 0 1 3 1 2 0 4 0 4 1 4 4 1 1 4 4 3 3 4 2 4 0 4 2 1 2 4 2 3 1 1 1 4 4 2 2 1 3 2 2 1 3 1 3 1 3 4 1 3 3 3 4 0 4 1 1 1 3 3 2 4 1 3 3 3 2 0 4 3 4 2 4 2 0 4 3 0 4 1 3 2 4 3 0 1 1 1 4 4 2 1 0 0 1 4 3 4 1 0 4
3 4 3 0 4 3 1 2 2 2 2 1 4 0 1 0 4 0 1 0 4 3 1 4 4 2 0 0 0 0 4 3 1 0 1 2 3 4 4 2 1 2 0 2 4 2 4 3 4 1 4 3 1 0 2 2 4 4 3 4 4 4 0 0 4 1 3 4 0 4 3 3 1 4 3 3 3 2 1 2 0 0 2 1 2 1 4 3 1 4 3 2 3 3 0 0 1 3 1 1 4 0 1 3 4 4 1 4 4 2 3 4 0 0 3 4 1 2 3 2 3 3 0 3 1 0 3 2 0 2 0 1 2 1 4 3 1 0 2 0 3 2 1 0 2 4 4 3 3 2 3 1 0 0 2 3 2 0 2 4 4 4 0 1 1 0 1 4 2 0 1 2 2 2 2 4 4 2 0 2 1 0 1 4 2 3 4 4
0 2 0 0 1 0 3 4 2 2 0 2 2 1 4 2 1 2 3 2 1 3 4 4 0 2 3 2 2 3 1 0 2 3 0 0 4 0 0 3 2 2 0 2 4 2 1 2 4 4 4 2 3 0 1 0 3 0 3 2 0 1 2 2 0 4 4 1 2 1 4 1 4 2 3 3 4 4 2 0 4 1 2 4 1 3 1 1 0 4 4 0 1 3 4 3 3 4 4 0 0 0 1 4 2 2 4 3 3 1 3 4 4 0 0 3 1 2 4 1 1 0 4 4 4 3 2 4 4 1 1 2 2 4 3 1 1 0 2 0 3 0 1 3 3 2 1 4 4 2 2 2 0 1 2 1 2 1 0 3 0 3 0 4 2 4 2 4 4 4 1 4 0 4 2 0 1 0 1 2 0 3 0 0 2 4 1 4
0 3 4 2 1 0 1 3 1 4 4 2 0 2 1 0 2 1 2 3 1 3 1 1 2 3 1 1 2 4 2 4 2 1 2 3 3 0 4 4 1 3 3 2 1 0 4 0 1 2 3 4 0 1 3 4 4 1 2 3 1 4 3 0 1 2 1 4 2 0 1 1 0 4 0 3 1 4 3 4 3 2 4 1 0 4 2 0 0 0 3 3 4 3 4 2 0 2 4 0 2 2 3 2 1 3 3 3 4 1 4 3 0 3 1 1 4 3 1 0 0 1 0 2 2 1 4 2 3 0 4 2 2 2 2 1 0 0 1 0 1 0 0 2 1 1 3 0 1 1 2 2 4 3 4 1 1 0 1 0 3 0 2 2 3 4 3 0 4 4 0 3 2 2 0 3 3 0 3 2 1 3 1 2 3 0 4 4
2 2 4 0 2 4 0 2 0 3 3 2 0 3 0 2 3 2 0 3 2 0 0 0 0 1 4 3 3 0 3 3 2 4 0 0 0 0 2 1 4 0 0 1 1 0 3 1 4 0 4 3 2 0 0 3 3 4 1 4 0 1 2 2 1 2 4 1 3 4 4 4 1 4 0 4 1 0 0 2 0 0 0 2 2 2 2 2 2 4 1 4 2 3 3 3 3 3 2 1 2 3 2 0 0 4 0 1 4 0 1 1 2 1 3 4 4 3 2 3 4 0 2 1 1 0 0 4 0 4 2 4 2 4 0 4 3 0 3 4 2 4 0 0 2 0 4 3 3 3 1 2 4 0 4 0 3 1 1 3 0 3 0 4 4 2 4 4 4 2 3 1 3 3 1 0 3 3 4 2 3 2 1 4 3 0 1 3
3 2 3 3 2 3 0 1 0 1 0 4 0 3 3 3 1 1 0 2 4 4 1 0 2 2 4 2 3 3 0 1 0 3 2 3 4 4 1 1 2 2 1 2 2 1 2 4 2 2 3 4 4 4 4 3 1 0 0 1 3 2 0 1 2 4 4 1 3 2 3 0 4 1 4 2 2 3 3 1 2 1 0 1 2 1 4 3 2 4 2 2 3 2 3 1 1 4 2 1 2 2 3 1 3 4 0 2 2 0 1 4 1 1 3 0 3 2 4 2 4 3 4 2 0 3 3 3 2 3 4 4 0 2 3 1 1 3 0 0 4 1 1 2 0 4 3 0 2 4 2 3 2 1 0 4 1 1 2 4 1 1 0 3 0 3 1 3 4 4 3 0 2 4 4 2 1 2 4 3 3 1 3 2 0 0 1 3
3 3 4 4 4 0 3 1 0 1 4 1 0 2 1 3 4 1 2 0 0 2 0 4 0 3 3 0 3 0 1 2 3 0 3 0 0 3 1 3 0 1 4 0 0 3 0 4 4 3 1 1 2 1 2 2 1 1 0 2 1 1 4 1 1 4 1 4 3 3 2 0 1 3 0 1 1 3 3 2 3 4 4 0 1 3 4 2 4 4 4 0 2 0 4 4 2 0 0 0 0 2 0 1 2 2 0 4 2 3 1 0 4 2 0 0 1 2 0 2 1 1 0 4 4 4 0 1 4 2 1 2 4 3 3 1 0 0 2 3 0 1 0 0 3 3 2 1 0 2 4 3 4 4 4 3 3 4 4 4 1 2 1 2 0 2 1 2 2 3 2 0 1 0 0 0 3 2 3 3 2 2 1 3 3 1 3 3
2 4 3 1 1 1 0 3 3 1 2 3 2 2 3 3 2 0 0 0 4 1 0 1 3 1 4 4 4 2 2 4 1 2 0 4 4 0 4 4 4 2 4 3 4 2 3 3 4 4 3 4 0 3 2 0 1 4 1 3 3 1 2 2 3 2 3 4 4 3 1 0 0 0 3 1 0 2 4 4 3 4 0 0 4 0 2 0 4 4 0 4 0 2 1 0 1 0 2 3 3 3 3 0 3 2 3 0 1 4 0 1 3 2 1 2 4 0 4 3 4 0 0 1 4 1 4 3 3 3 1 3 1 4 0 1 3 3 2 4 2 4 0 2 3 3 4 3 4 4 3 0 1 3 4 2 2 0 0 0 3 1 1 1 1 1 2 1 2 1 1 1 2 3 4 1 4 3 4 0 4 4 2 2 3 3 0 0
3 2 2 1 4 3 4 2 2 2 3 1 0 1 2 3 2 1 4 3 2 0 3 3 4 0 3 2 4 3 4 4 0 4 3 1 4 2 3 1 1 4 2 2 0 2 0 4 0 1 2 2 1 0 3 2 3 1 2 4 4 1 3 1 2 1 0 2 1 3 3 2 4 3 4 2 0 1 1 2 2 4 0 0 1 3 0 4 1 2 0 2 0 1 3 3 2 0 0 3 1 0 3 0 0 2 2 2 4 4 0 3 0 0 1 1 0 1 3 1 3 0 3 0 1 3 3 1 4 0 4 0 1 4 2 1 2 0 4 3 1 1 1 1 1 2 4 3 0 2 1 3 3 1 1 1 1 1 2 2 2 4 4 0 3 2 3 0 2 4 3 0 0 2 1 3 1 0 3 2 0 1 2 0 2 3 1 1
0 4 3 4 3 3 1 1 0 4 4 4 1 4 4 1 1 2 2 3 4 0 2 4 2 4 4 1 0 3 2 0 4 3 1 2 1 2 0 3 3 1 4 4 1 0 3 4 2 2 4 1 2 1 1 1 3 2 0 3 2 2 0 1 0 1 0 3 0 1 3 3 4 2 0 0 2 0 2 4 2 1 3 1 0 1 0 3 0 0 1 3 4 1 4 2 4 0 0 4 3 4 4 4 3 4 2 1 4 4 2 3 2 0 0 2 1 2 2 4 2 3 2 3 1 3 0 0 0 3 1 0 2 1 0 2 0 2 3 2 1 1 2 3 3 2 3 2 1 0 1 3 1 0 2 4 3 4 0 4 2 3 4 1 4 4 4 2 3 2 4 4 0 1 0 1 1 3 3 4 0 1 3 1 1 2 3 4
3 0 0 1 3 2 2 3 1 1 0 2 1 1 1 3 4 3 4 2 3 4 2 4 0 2 2 3 1 0 3 4 0 0 0 1 2 0 4 1 3 1 3 4 4 1 0 3 0 4 3 3 4 0 4 1 4 4 0 0 1 0 1 4 0 4 0 3 4 1 1 4 2 4 4 3 0 1 1 2 0 1 3 1 3 4 0 2 3 2 4 2 2 3 1 4 2 1 4 3 4 0 2 1 4 3 1 2 4 4 4 0 1 2 3 4 2 3 4 2 0 0 4 4 3 0 4 2 3 3 0 2 4 3 0 0 1 1 2 3 1 4 3 4 1 3 0 0 4 4 3 1 2 2 1 2 0 2 0 0 2 2 3 3 0 0 4 4 4 3 2 2 2 2 1 1 2 3 1 1 3 1 3 2 1 1 4 1
3 1 1 2 4 1 1 4 4 0 0 0 0 4 2 0 1 0 1 1 3 4 2 3 1 2 0 2 3 2 0 3 3 3 1 2 0 4 4 1 1 4 1 1 1 0 1 4 2 2 0 0 4 3 1 0 2 3 2 3 0 4 3 1 2 1 3 4 0 4 0 1 1 3 3 2 0 1 1 2 1 4 0 0 2 1 0 1 1 4 4 2 3 3 0 0 4 0 0 0 0 2 3 3 1 1 0 3 3 3 1 4 2 1 1 1 4 1 3 0 2 4 4 0 4 4 2 1 2 2 3 2 2 1 0 3 3 2 1 3 0 4 4 0 2 0 1 1 3 1 4 0 1 3 2 0 0 4 3 2 4 1 1 1 3 3 1 3 2 4 1 4 4 2 4 1 4 3 0 4 4 4 1 2 4 3 0 1
4 3 0 3 0 3 1 3 1 2 1 0 4 4 0 0 3 4 3 2 2 3 3 4 4 4 1 4 2 1 2 3 0 3 4 0 1 0 0 0 0 3 0 4 4 0 1 2 2 4 1 1 3 4 0 2 3 4 3 2 0 1 0 2 1 1 4 2 2 4 2 4 4 0 0 3 0 1 2 4 0 3 1 0 2 3 0 2 2 3 1 0 1 4 2 4 0 2 4 4 3 3 3 0 3 0 3 1 1 1 0 4 1 3 4 1 2 4 3 1 0 2 1 3 1 1 0 1 0 4 3 0 2 1 0 1 4 4 2 0 2 4 1 3 3 1 4 2 2 0 0 4 2 4 0 0 2 0 1 2 4 1 2 1 0 3 4 4 4 3 1 3 3 3 1 3 1 3 2 0 3 4 0 2 3 2 2 0
2 0 4 3 2 2 4 2 2 1 3 3 4 4 3 4 4 4 2 2 4 1 3 4 1 0 1 4 2 0 2 1 1 1 4 0 0 0 4 4 1 2 2 3 3 0 2 0 2 2 2 3 3 2 3 1 2 1 3 1 4 0 4 2 3 3 2 4 1 3 3 2 2 3 2 0 0 2 0 4 4 0 3 4 2 3 1 0 1 4 3 0 1 3 2 4 3 4 3 4 4 4 4 1 4 1 2 4 3 4 1 4 4 4 1 2 4 2 4 0 3 4 1 4 2 0 3 1 2 4 0 1 0 1 3 4 3 2 0 3 1 1 0 3 2 1 2 1 0 1 2 3 2 0 4 0 0 4 3 2 3 0 4 0 2 4 4 2 1 2 2 4 3 2 2 1 0 1 4 0 4 3 3 2 3 4 2 1
4 2 0 2 2 1 3 1 0 4 3 3 1 3 3 2 0 2 3 3 4 4 3 0 3 4 2 3 3 1 1 2 3 2 2 3 3 2 4 1 1 0 4 0 3 4 2 0 2 2 3 3 1 4 3 4 3 3 0 3 4 1 1 0 3 0 3 4 2 4 2 0 4 1 0 2 3 4 0 0 1 3 0 0 2 3 1 2 1 1 1 3 0 4 3 0 4 3 1 1 2 3 3 2 2 1 1 0 0 1 2 4 2 2 4 1 2 2 4 1 4 2 4 1 1 4 1 0 2 3 3 4 1 1 3 3 2 0 0 3 3 2 4 2 1 3 1 4 2 0 0 1 2 1 2 0 0 1 0 4 4 3 3 0 4 4 1 2 1 1 2 1 1 3 4 2 3 0 1 0 2 3 4 1 1 1 1 1
2 1 2 3 1 3 1 0 2 2 4 3 0 3 4 1 1 0 4 4 2 2 2 4 3 1 2 4 4 3 1 2 1 0 2 2 3 3 0 0 0 1 0 3 2 2 4 0 4 0 0 2 0 4 3 3 0 1 2 4 1 0 3 0 1 1 4 4 4 1 2 2 3 2 0 2 4 1 2 4 4 4 3 4 3 1 2 3 4 4 3 3 0 1 3 3 4 4 2 4 1 4 3 1 4 0 3 0 1 0 1 0 0 4 4 0 3 3 4 2 3 4 2 0 2 2 3 2 2 2 3 0 4 3 1 3 3 1 3 4 1 0 2 3 1 3 1 4 2 0 4 2 1 1 2 3 1 2 2 3 4 0 0 3 3 1 3 1 2 4 3 0 4 2 1 0 0 2 2 4 4 1 1 2 4 0 0 0
2 3 0 4 0 0 4 4 3 3 2 2 2 2 3 3 4 1 0 2 0 2 1 1 0 0 3 2 0 0 2 0 3 3 1 1 0 0 2 4 0 1 1 2 4 1 2 0 4 0 2 4 4 1 0 0 3 0 2 3 1 1 0 1 1 1 2 2 4 1 3 4 3 4 4 2 1 1 4 0 1 2 2 1 0 4 3 3 0 2 3 3 3 1 1 0 2 1 4 3 2 2 3 0 3 2 4 1 0 4 2 4 3 1 2 0 0 0 0 2 4 0 2 2 1 4 4 1 0 0 4 4 2 2 2 1 1 1 2 2 2 1 1 2 4 0 2 0 2 2 4 1 3 4 0 1 3 0 2 0 0 4 1 0 3 3 3 0 2 0 2 1 4 0 4 3 2 3 0 4 1 2 0 1 1 0 4 1
2 4 3 0 3 4 0 1 0 3 1 4 0 0 0 1 2 4 0 4 3 2 0 1 4 0 4 2 3 0 3 0 4 3 0 2 0 2 1 0 2 4 4 3 0 1 4 4 1 1 1 1 4 1 4 0 4 0 0 2 0 3 4 0 4 0 4 4 4 0 1 2 0 2 2 2 3 1 3 1 0 4 2 1 1 3 1 2 3 1 4 4 2 3 1 3 0 0 2 0 3 0 4 0 2 1 2 0 4 0 4 4 2 3 0 0 2 4 2 2 2 3 1 1 1 4 4 4 0 3 1 3 3 0 0 0 3 2 3 2 4 2 2 3 0 4 3 4 0 2 2 0 0 0 3 4 0 3 3 0 3 1 0 4 3 0 1 1 4 4 3 0 3 2 4 1 2 4 0 4 2 4 4 2 0 3 1 0
3 1 2 3 2 4 2 0 1 4 1 0 0 2 2 4 4 1 2 1 1 2 1 3 2 2 2 4 0 4 4 0 2 3 4 0 2 1 2 3 0 4 3 1 1 2 2 0 4 4 4 2 3 2 2 2 1 4 1 4 0 2 4 3 0 3 0 2 2 2 2 4 3 0 2 1 3 1 4 4 0 3 3 1 2 0 3 3 1 2 2 2 4 4 2 2 4 2 1 1 1 4 3 0 1 0 1 1 2 0 0 4 0 0 0 4 0 1 0 2 3 4 1 4 3 0 1 3 2 3 1 0 2 4 0 0 2 4 2 1 1 2 0 2 0 3 3 0 4 3 4 2 3 2 1 1 2 0 1 1 3 3 2 2 4 4 2 3 3 4 4 0 4 0 4 4 3 2 1 4 3 3 1 1 0 4 4 0
4 1 3 4 1 0 1 2 2 1 1 0 2 0 2 3 2 3 4 2 3 3 1 1 1 2 4 3 4 0 3 3 3 2 3 4 4 1 4 1 4 2 4 4 2 3 2 2 4 4 4 2 2 3 0 0 2 1 3 1 1 4 0 0 3 0 1 4 1 0 3 3 2 4 2 2 2 1 1 3 0 0 2 4 0 2 4 3 3 0 4 0 4 1 0 4 1 1 3 0 4 1 3 3 0 2 0 0 3 1 3 4 4 3 3 1 0 0 4 1 0 1 3 4 2 0 3 1 1 3 3 2 0 3 1 2 0 3 4 3 2 0 4 1 3 3 4 0 3 4 1 3 2 4 4 1 4 4 2 3 2 0 2 4 3 3 4 0 4 0 4 1 0 3 4 0 3 3 1 3 4 2 1 1 4 2 3 0
3 0 0 3 3 3 4 3 3 3 4 2 4 0 3 1 0 2 2 4 1 3 2 0 2 1 4 1 0 2 4 4 4 4 2 4 2 1 0 1 2 1 3 3 1 4 4 1 1 3 2 4 1 0 2 1 3 1 4 3 0 3 4 4 3 3 1 2 2 1 0 4 2 1 4 0 0 0 3 3 4 1 0 2 3 2 0 3 0 0 1 0 3 3 1 3 1 2 3 3 0 3 4 2 1 0 2 1 1 1 2 2 4 2 1 2 4 2 0 1 4 3 3 2 1 4 3 0 4 3 0 4 1 0 4 0 2 1 1 0 4 0 2 3 2 1 2 3 0 4 4 4 3 2 3 1 4 1 3 0 4 4 4 3 1 3 0 3 2 1 4 3 4 3 4 1 4 1 0 4 1 1 0 1 1 4 4 2
2 3 2 4 2 3 4 0 4 4 3 1 2 4 1 1 3 0 3 4 2 0 1 0 3 1 3 1 0 2 3 3 0 2 2 4 3 1 1 2 0 0 0 4 1 1 1 4 2 1 1 1 1 2 1 1 0 4 3 3 3 3 3 1 3 2 2 1 3 4 3 0 4 3 4 2 1 2 2 3 3 0 1 1 4 2 3 4 3 3 2 4 1 2 0 4 4 2 0 2 1 0 4 2 0 1 0 2 0 4 2 4 4 4 0 0 3 0 4 2 3 4 1 2 1 3 3 1 0 1 0 4 1 2 3 2 0 3 1 0 4 3 1 0 2 2 0 1 4 2 0 3 1 3 2 4 1 2 2 3 3 0 2 2 2 1 1 4 1 2 4 1 0 3 1 0 0 4 1 1 1 3 1 4 1 3 0 2
1 3 0 1 3 0 0 2 3 1 1 4 0 2 2 3 2 1 3 4 0 1 1 1 4 2 0 0 3 0 4 1 0 1 2 0 1 3 2 4 1 0 1 2 0 3 2 2 4 0 4 4 1 0 2 0 2 4 2 0 2 1 1 4 2 1 0 1 1 4 2 2 2 3 1 2 4 3 1 3 3 0 0 1 2 4 3 0 4 2 2 3 3 1 2 3 2 2 1 0 2 3 2 4 4 1 3 3 4 1 3 0 4 0 1 1 0 2 3 1 4 3 4 0 4 3 0 3 3 1 3 2 1 2 3 0 3 1 0 3 4 4 0 0 4 3 2 1 0 2 4 2 0 3 2 1 4 2 4 2 3 4 4 1 4 2 2 2 0 2 2 1 3 2 2 0 1 1 1 3 3 1 0 1 1 2 2 2
1 4 4 1 3 0 3 4 2 0 2 4 4 1 1 0 4 3 0 2 1 3 0 4 1 1 0 3 0 0 0 2 4 2 0 4 2 3 4 2 0 3 1 2 4 4 2 3 4 2 2 0 0 3 2 2 1 4 2 3 4 4 2 0 3 3 0 1 1 1 0 2 4 1 1 3 3 3 4 2 0 1 3 2 1 2 1 4 1 3 3 3 0 0 3 3 3 3 1 2 4 1 1 3 0 2 4 3 0 3 2 2 1 2 4 0 4 1 4 1 1 4 4 1 2 2 2 2 3 3 4 4 2 2 3 2 1 4 2 1 2 4 3 0 2 0 0 1 3 2 4 4 1 0 3 0 0 0 3 3 0 4 4 2 2 4 4 3 3 1 2 2 1 2 3 0 4 0 1 2 2 1 4 1 3 2 1 3
4 4 3 4 1 3 2 0 2 3 0 1 2 4 3 0 2 3 0 1 4 3 1 1 1 0 2 0 2 1 3 3 2 4 2 3 2 1 3 1 0 1 2 4 0 3 4 2 1 1 1 0 4 4 4 1 4 1 3 3 2 3 1 0 2 0 0 4 2 1 1 4 2 0 3 2 3 4 2 2 0 3 2 1 4 3 4 3 0 2 3 4 1 1 1 3 1 4 0 3 0 3 4 2 3 2 4 4 1 1 1 3 1 0 0 0 4 1 0 1 4 0 2 0 1 1 0 0 0 0 0 0 3 0 4 4 4 3 0 1 2 1 1 0 3 3 3 4 0 3 2 4 1 2 1 4 3 1 4 0 4 2 0 4 2 1 0 1 1 0 4 3 3 3 4 4 1 4 3 3 2 1 2 0 3 0 0 3
4 4 3 0 3 0 4 0 1 0 4 2 0 0 3 1 3 4 0 2 3 3 0 2 1 0 3 1 0 3 1 1 4 4 1 3 1 1 0 2 3 4 2 0 2 0 1 0 1 1 4 4 2 0 1 0 0 4 2 2 4 3 4 4 0 0 4 1 3 4 1 3 1 3 4 0 0 0 2 1 4 2 0 1 2 3 1 4 0 0 1 4 1 2 0 1 0 1 4 0 3 0 4 1 0 3 1 2 0 3 3 1 2 0 2 4 1 1 0 1 3 4 2 4 1 0 2 3 1 4 4 4 1 0 0 4 0 3 1 0 4 2 4 1 4 3 3 0 1 3 3 0 2 1 1 1 1 1 4 2 0 0 4 3 0 1 2 2 2 1 0 1 3 4 4 2 2 2 0 4 1 3 4 0 4 2 3 2
3 3 2 0 0 3 4 3 4 3 0 1 4 0 4 4 4 4 2 4 1 4 3 4 2 4 2 4 1 0 1 2 0 0 2 3 3 3 1 3 2 3 1 3 4 3 3 0 2 2 1 0 1 4 2 3 0 4 4 4 1 3 1 2 3 0 0 2 4 3 2 3 1 0 3 2 3 1 0 2 3 1 3 1 3 2 2 3 1 1 2 2 4 0 1 3 1 3 2 2 1 1 2 0 1 0 2 0 2 4 4 2 1 4 4 1 1 1 4 4 2 4 4 4 4 0 4 2 1 1 1 2 2 3 4 0 4 4 2 3 3 2 2 1 1 1 2 0 4 2 4 4 3 3 3 4 1 2 4 2 0 0 1 4 1 1 1 2 0 4 0 0 1 4 2 4 1 4 4 0 3 4 4 1 4 4 3 0
3 2 4 0 4 1 4 0 4 1 2 1 2 4 1 3 4 3 4 2 3 1 4 3 0 4 2 1 0 0 2 4 2 1 4 1 4 1 4 3 4 1 4 1 3 1 1 2 1 2 4 1 3 3 0 0 4 2 2 2 4 1 1 3 4 2 1 4 3 0 4 4 2 1 0 0 4 3 4 0 1 0 4 4 3 4 0 0 3 4 2 4 0 0 2 4 2 3 0 3 4 0 4 3 3 0 3 2 0 4 2 1 4 1 3 4 2 0 1 2 4 3 3 4 0 0 0 0 4 1 3 0 3 2 3 1 4 3 3 2 2 2 0 3 1 3 2 0 3 4 0 4 4 3 0 0 4 1 0 0 4 0 0 2 4 0 0 1 3 0 3 2 4 3 0 0 4 4 3 4 0 3 4 0 3 4 2 2
2 2 4 1 4 1 0 3 1 0 1 1 2 4 0 2 0 2 4 4 2 2 0 2 0 4 4 1 1 1 3 3 0 0 2 4 1 2 0 0 0 1 1 2 1 4 1 3 1 1 4 0 3 4 0 1 4 4 2 2 3 2 0 3 2 4 3 1 2 0 1 4 1 4 1 4 3 3 2 2 1 1 2 4 1 4 0 2 4 4 4 4 2 1 2 1 3 2 2 0 2 0 1 1 0 2 0 0 2 0 4 3 1 2 0 4 1 2 3 2 2 4 1 4 1 1 2 4 0 0 1 0 0 2 1 2 1 3 0 1 3 4 1 2 3 3 1 0 1 0 4 3 4 3 4 2 1 1 3 1 1 1 1 4 0 4 3 2 3 3 0 1 0 3 3 3 2 2 0 3 4 2 1 0 0 2 0 3
3 0 4 2 2 3 3 2 2 1 1 2 2 3 4 2 2 4 2 1 1 3 4 2 0 2 3 2 4 0 0 4 0 1 1 2 4 4 2 4 3 0 1 2 4 2 1 3 2 3 4 0 1 0 3 1 2 3 3 3 3 0 2 3 2 1 3 1 2 0 2 2 2 4 4 3 1 0 3 0 1 4 1 2 4 1 1 3 4 1 3 4 2 3 4 4 4 2 2 3 4 0 1 2 1 2 2 4 0 1 0 1 0 3 3 2 4 1 2 0 3 1 4 0 4 3 4 0 3 3 3 2 3 4 1 1 2 1 1 2 2 3 3 4 1 3 3 0 0 1 2 3 2 1 0 3 1 1 3 1 4 1 4 0 1 2 1 0 3 4 2 2 2 2 4 0 2 2 0 2 3 4 2 2 2 4 0 4
0 3 2 0 0 1 2 3 1 0 3 1 2 2 1 4 1 0 2 3 2 4 3 3 4 0 2 1 2 3 2 2 1 0 4 3 3 1 1 4 4 4 3 1 1 4 2 2 1 4 3 0 4 1 3 0 3 1 1 0 1 1 3 2 1 4 1 4 3 4 1 2 4 1 0 2 0 4 2 1 4 0 3 0 3 2 2 1 0 3 4 3 4 2 0 2 3 3 2 1 0 0 0 4 1 0 3 3 0 2 1 1 4 4 3 2 3 0 1 0 0 0 3 0 4 1 2 2 4 1 4 1 3 1 0 4 2 1 4 4 3 0 0 0 2 3 2 0 3 0 1 3 0 1 0 4 2 0 4 4 3 0 0 2 1 3 3 0 4 3 4 4 0 4 1 4 4 4 0 2 4 3 3 2 4 0 3 4
0 2 3 1 4 3 3 3 3 3 3 2 3 3 4 1 2 0 0 2 1 0 1 3 0 1 2 2 2 0 1 4 0 1 0 1 4 0 4 3 1 3 2 4 1 3 0 0 1 1 4 4 3 3 4 4 4 1 3 3 4 1 0 1 2 2 2 3 3 2 3 1 2 3 0 3 1 1 0 4 4 0 4 2 3 0 3 4 4 1 3 3 4 3 4 1 0 3 0 0 0 3 1 2 1 4 2 0 2 3 4 1 0 0 3 0 3 4 4 2 2 4 0 2 4 1 3 2 4 0 4 2 4 1 4 2 2 4 4 4 4 1 0 4 3 0 1 1 4 0 3 4 2 0 1 1 1 1 3 3 2 3 0 3 1 1 0 3 0 2 2 4 3 2 0 1 4 1 3 4 4 3 3 1 4 1 2 2
2 3 0 4 3 2 2 4 4 0 4 1 2 1 1 2 0 3 3 4 2 3 0 1 2 0 4 3 1 3 0 4 1 3 0 1 0 0 0 4 0 4 1 4 2 4 3 4 4 1 4 1 2 1 4 4 2 3 4 3 2 4 4 0 2 0 2 0 0 4 4 2 1 2 3 3 3 1 0 3 4 4 4 1 0 4 2 4 4 1 3 3 3 4 4 2 4 3 2 1 4 4 0 0 1 3 1 2 1 1 0 1 2 1 4 4 2 2 4 2 0 4 0 3 3 1 1 0 1 3 3 3 2 4 3 1 2 1 0 1 4 0 4 1 1 3 3 1 2 2 3 3 3 0 1 3 4 2 0 2 3 4 0 2 3 1 0 2 2 0 3 4 0 2 0 4 3 0 0 0 2 0 0 2 2 2 1 3
1 3 1 4 2 3 2 2 4 2 0 4 0 0 3 0 0 0 1 0 1 3 0 0 0 3 3 3 0 1 3 3 4 4 3 4 0 2 1 4 1 3 3 1 1 3 4 3 4 0 3 0 1 0 0 1 3 0 1 3 1 0 2 3 1 2 2 1 1 0 3 2 1 3 4 2 2 0 0 1 2 3 3 3 0 3 0 4 4 3 4 2 0 3 0 2 0 4 0 1 0 0 1 1 4 0 0 1 2 0 4 4 0 2 3 0 2 0 4 3 0 1 1 1 4 3 0 0 3 0 3 0 1 4 3 2 1 3 0 3 0 4 3 0 3 3 2 2 0 4 1 0 0 4 1 4 2 1 1 2 4 0 2 0 4 0 4 3 0 4 1 0 0 1 2 0 1 2 2 1 1 3 2 3 4 0 4 2
2 1 4 1 1 4 3 2 1 2 2 2 3 4 4 3 2 4 3 4 1 0 2 4 1 4 2 2 0 1 4 4 4 1 0 2 0 0 0 1 4 4 0 2 0 0 2 3 4 0 4 2 2 1 1 0 3 3 3 0 1 2 4 1 0 1 3 2 3 0 1 2 0 1 1 0 3 3 0 4 3 1 1 0 3 2 3 3 2 1 3 1 0 4 2 1 2 2 3 0 0 4 2 0 3 0 2 3 3 0 3 1 1 1 3 1 1 1 4 0 2 4 1 3 0 0 1 2 0 1 2 0 1 1 0 1 1 4 4 4 4 4 2 1 1 3 4 2 4 4 4 4 0 1 4 1 3 0 3 3 1 3 3 4 1 0 2 0 2 4 1 1 3 4 4 1 2 4 0 3 0 0 4 0 3 3 3 1
0 4 0 4 2 0 3 0 3 3 0 0 2 2 3 0 3 0 4 2 4 4 0 1 4 2 3 4 0 2 1 3 1 3 2 0 0 2 0 3 0 1 3 2 0 4 0 3 4 4 2 0 0 4 1 2 1 4 1 4 1 2 2 4 2 4 4 3 3 0 1 4 3 2 3 0 1 3 3 0 4 0 0 0 4 1 2 3 2 0 2 1 0 4 0 2 0 0 0 3 2 4 4 0 1 3 0 4 1 0 4 3 2 1 3 3 4 2 1 1 2 0 4 2 4 0 2 1 0 4 0 2 3 1 4 1 4 1 0 1 1 1 4 0 4 4 3 3 3 2 2 2 2 1 2 4 1 4 0 3 3 2 2 4 4 1 0 3 4 3 1 2 4 2 2 4 3 3 4 1 2 1 4 4 0 1 0 3
2 3 2 2 2 4 1 1 3 4 2 4 2 0 2 3 0 4 4 3 4 4 2 1 2 1 3 4 4 0 3 1 3 2 0 1 3 2 4 1 1 3 1 0 4 0 3 4 1 0 4 1 4 1 4 3 4 4 0 0 0 3 3 0 0 4 3 3 1 3 2 4 1 0 4 2 2 4 3 3 4 3 4 0 1 1 1 1 2 1 1 4 1 0 0 3 1 3 3 2 3 0 3 0 2 4 4 4 0 3 0 2 3 4 4 4 2 0 2 0 3 1 4 4 3 1 2 4 2 1 3 0 3 1 2 3 2 2 4 2 2 4 4 0 1 4 1 3 1 4 0 0 2 2 1 0 3 4 4 2 2 4 3 2 2 2 0 4 1 2 3 3 1 3 0 4 4 4 3 0 3 0 2 2 2 4 2 3
0 3 2 2 2 0 1 1 0 2 0 1 1 3 2 2 3 2 2 2 1 2 3 1 4 0 3 4 1 2 2 1 2 4 0 4 2 2 2 2 4 2 0 0 3 2 4 1 0 3 1 3 0 1 2 2 3 0 1 0 0 0 1 2 1 2 4 3 4 1 2 0 1 3 2 4 0 3 2 2 2 3 1 4 4 3 1 3 0 2 3 2 2 1 0 4 3 1 4 4 2 4 4 3 2 3 4 4 2 2 2 4 2 0 3 2 0 2 2 2 4 2 0 4 3 2 0 2 3 4 3 2 0 3 1 2 3 2 4 0 4 3 4 2 0 0 1 0 2 3 4 3 0 1 2 0 3 2 4 3 4 3 1 4 3 4 4 1 1 0 2 3 3 3 2 3 0 3 0 2 3 4 3 0 1 0 0 1
0 0 0 1 3 3 2 3 2 3 4 0 3 3 3 1 2 2 1 2 0 3 2 0 0 0 2 3 2 3 4 4 0 4 2 3 2 0 1 1 3 2 2 2 1 2 0 0 0 4 2 2 2 1 3 2 1 0 0 1 0 2 0 0 3 3 0 3 0 3 4 3 1 3 2 2 1 0 2 1 1 1 3 0 3 3 0 1 1 0 2 1 4 3 2 3 3 2 3 3 1 2 3 4 3 3 3 4 3 0 2 1 3 2 1 3 1 1 0 2 4 2 0 3 2 2 3 0 2 1 3 0 1 4 4 4 2 2 3 2 4 2 3 2 4 4 1 2 1 3 4 0 0 2 3 3 4 2 0 3 0 4 3 1 3 4 0 2 1 0 4 2 2 2 2 4 1 0 1 2 3 3 4 3 0 3 3 1
2 4 0 2 0 0 1 0 0 1 2 3 2 1 3 1 0 0 0 1 0 2 1 0 0 0 0 0 0 4 1 2 0 3 2 2 4 3 2 1 1 1 1 3 4 4 2 4 4 2 2 1 1 3 1 1 1 4 3 1 0 2 1 0 0 0 2 1 0 1 2 1 2 4 2 1 3 4 0 0 3 4 3 0 3 0 3 1 1 2 2 1 1 0 1 1 0 0 0 0 1 2 4 3 3 1 4 4 2 1 4 0 0 4 0 0 4 1 1 0 3 1 3 1 1 4 2 4 4 4 4 0 2 3 0 2 1 1 1 3 4 2 4 2 2 1 4 3 2 3 1 2 4 4 3 2 4 3 1 0 2 3 3 1 3 0 4 0 2 2 0 3 0 1 0 4 3 0 2 2 3 0 0 4 0 3 3 1
3 0 3 1 0 3 4 0 4 3 2 3 3 3 1 0 4 2 4 4 4 3 2 4 4 2 0 4 2 3 2 1 0 0 4 0 4 3 1 0 4 0 3 2 3 4 2 0 3 3 4 4 1 1 3 0 0 3 1 0 4 0 1 4 3 2 2 4 2 3 4 1 0 2 0 4 3 4 4 4 2 0 3 1 4 2 3 4 2 2 4 1 2 2 1 0 1 3 4 4 3 0 0 3 4 3 4 3 4 0 2 2 3 2 0 2 4 3 3 4 0 0 0 0 4 3 0 1 3 2 0 3 2 2 4 2 0 3 2 0 1 1 4 4 3 1 1 0 4 1 4 2 1 1 2 3 2 4 4 0 1 4 4 1 1 0 0 4 0 4 1 1 0 0 0 0 1 3 0 2 2 4 1 0 3 3 3 0
0 2 2 3 3 3 4 2 3 1 1 4 0 4 0 2 1 3 3 4 3 0 1 0 2 3 1 0 3 4 0 3 4 2 2 2 1 3 4 1 2 2 0 2 1 3 2 2 1 0 1 1 2 0 4 4 0 0 4 3 1 1 4 0 1 3 0 4 1 1 0 3 4 1 3 2 1 2 0 4 4 3 0 1 3 4 1 3 1 0 4 3 4 3 0 0 1 2 4 4 4 4 0 0 2 0 2 0 2 4 4 1 3 0 2 1 1 3 2 0 1 1 3 0 4 0 0 2 0 1 3 4 2 0 1 2 0 3 2 2 3 2 0 1 4 0 4 2 3 1 2 1 2 2 1 3 0 3 2 0 4 1 1 2 1 2 4 4 0 3 3 0 0 4 3 4 4 3 4 4 1 1 1 4 4 2 4 4
3 2 4 2 0 0 1 1 4 2 0 4 1 4 2 3 0 0 0 4 3 4 3 0 0 1 1 4 1 2 0 4 4 4 3 4 1 2 3 0 4 3 2 2 4 1 1 4 1 1 0 2 2 1 4 2 2 2 4 3 4 4 4 4 1 3 0 2 0 3 0 1 4 4 4 0 0 2 0 1 0 2 0 2 3 4 1 3 1 2 3 3 2 3 2 3 1 4 2 3 3 4 4 4 3 0 4 0 4 1 2 1 4 4 0 4 4 2 2 2 4 3 0 3 1 4 3 4 4 3 2 4 2 3 3 3 1 2 3 2 4 2 4 3 2 4 4 3 1 2 2 3 2 0 3 3 1 2 4 0 0 1 4 4 1 4 2 4 2 3 2 1 2 1 1 1 0 0 4 4 4 4 4 1 4 2 1 0
4 0 3 1 3 4 1 2 4 0 1 3 3 3 4 3 1 2 4 2 4 4 3 1 0 2 2 1 4 1 3 1 1 1 2 2 3 0 4 2 1 0 2 1 4 1 4 2 0 1 4 4 2 4 0 2 1 0 3 3 1 1 1 4 0 3 1 0 1 0 2 2 1 4 0 2 2 2 4 4 3 1 3 0 0 1 4 4 1 2 2 2 0 3 3 2 3 0 2 4 2 1 3 0 2 1 4 4 0 4 3 3 2 4 0 4 0 4 3 1 3 2 0 3 2 0 3 3 0 0 4 0 2 0 0 4 1 0 1 1 1 1 1 3 2 3 4 2 4 3 0 2 2 2 2 2 3 0 0 0 3 4 0 0 4 1 1 2 3 4 0 4 1 1 4 3 1 3 3 0 3 0 2 1 3 2 0 1
2 0 3 0 1 4 2 3 2 4 0 2 3 3 1 1 1 2 2 3 0 0 3 1 0 3 2 0 0 4 3 4 4 2 2 2 3 4 0 2 0 3 4 1 1 2 2 2 4 4 0 1 1 1 2 4 4 1 1 4 0 0 0 4 4 2 4 2 2 4 1 4 2 0 0 0 4 3 3 3 4 0 4 3 1 4 4 0 0 0 1 1 2 4 2 1 1 1 3 0 3 4 0 2 1 0 3 0 0 3 0 2 3 2 2 0 1 1 2 1 3 1 4 1 0 4 2 1 0 1 4 0 2 4 3 1 1 3 1 2 1 2 4 4 1 1 4 2 4 4 0 2 0 2 3 2 1 1 3 3 4 2 4 3 3 4 4 0 2 3 2 3 2 3 2 3 1 4 2 2 0 2 4 2 4 0 4 2
3 2 1 4 2 2 2 2 1 4 2 3 2 1 3 4 1 2 2 4 3 4 1 3 3 3 0 0 0 4 2 3 4 0 4 3 2 1 0 3 2 3 3 4 1 1 3 3 4 2 2 4 3 1 3 2 4 0 4 4 0 1 4 1 4 3 4 1 1 4 2 4 4 2 0 1 4 4 4 0 3 3 4 2 4 4 4 0 0 0 1 2 1 2 3 2 2 2 4 1 3 3 2 0 0 2 1 1 3 2 3 2 2 0 1 4 4 2 4 1 2 3 3 0 0 1 3 0 0 4 1 1 2 3 1 4 2 4 1 1 3 4 0 0 4 1 4 1 3 4 2 0 4 1 0 4 4 3 4 2 4 2 3 3 0 1 3 3 0 1 1 3 2 1 0 4 4 0 0 2 1 2 4 0 0 1 1 2
2 3 4 1 2 4 0 3 0 3 3 2 1 1 2 3 2 4 2 3 4 2 2 2 2 1 2 4 4 1 1 1 1 2 3 3 1 0 3 3 0 1 2 1 2 1 4 1 1 2 1 0 1 3 3 0 1 2 0 1 0 3 2 1 1 2 2 4 4 0 3 4 4 2 2 3 4 2 2 0 1 3 0 4 4 0 0 0 0 2 1 2 0 1 1 3 0 3 3 0 0 1 1 4 3 4 0 4 3 2 4 4 2 2 3 1 2 0 4 4 2 0 2 0 3 3 3 4 3 1 1 3 4 2 0 0 1 0 4 1 4 4 0 1 1 1 0 0 3 4 2 1 1 4 1 0 4 4 1 2 3 4 2 2 1 2 2 0 2 4 1 3 3 4 0 1 2 2 3 0 1 0 3 4 1 4 4 0
1 2 4 1 1 2 3 0 1 3 0 4 2 3 4 2 2 1 3 1 3 3 2 1 4 0 1 0 2 2 3 0 2 4 1 3 3 4 0 0 4 0 1 1 1 0 0 0 2 3 2 0 2 4 4 3 1 0 0 3 4 0 3 1 0 4 2 3 1 2 3 0 0 4 4 1 0 4 3 4 0 2 1 4 1 0 4 0 2 4 3 2 0 4 0 0 0 2 0 3 2 4 1 2 0 0 0 2 1 0 1 3 3 0 2 1 0 1 1 0 3 2 4 3 3 4 0 3 4 0 4 3 1 0 0 4 2 2 3 3 4 2 2 2 2 1 4 2 3 2 4 1 4 3 1 2 0 3 3 4 3 2 2 2 2 4 3 1 3 1 4 2 3 3 2 0 0 3 0 0 0 1 3 2 0 4 1 0
2 4 1 2 3 0 1 2 1 4 3 4 3 3 3 1 3 2 4 3 0 1 3 1 2 3 3 4 2 1 4 1 1 0 4 1 0 2 4 1 2 4 2 2 4 1 0 3 3 1 1 1 2 2 2 2 0 2 1 0 0 3 1 1 3 2 0 1 2 1 2 1 0 2 3 0 0 3 3 0 0 1 1 4 0 0 3 3 2 2 3 3 0 1 1 0 1 3 1 3 4 1 4 0 3 4 2 3 2 0 0 4 1 2 4 4 2 4 2 2 1 2 2 3 3 0 4 1 4 2 1 0 3 0 2 3 4 4 3 4 4 4 3 3 3 4 2 0 4 1 4 2 3 1 1 1 4 0 0 0 2 1 0 3 2 3 3 3 4 2 4 4 3 3 4 1 4 3 3 3 4 3 1 2 1 2 0 0
4 0 2 3 2 3 1 1 3 0 1 4 4 1 3 2 1 4 0 0 2 3 1 1 1 4 0 0 3 1 2 4 3 0 2 0 0 4 3 0 1 2 4 0 3 0 4 1 4 4 3 4 4 1 2 3 0 3 3 0 1 0 4 4 2 2 2 2 3 0 2 1 2 4 1 2 4 2 0 3 3 4 4 2 0 2 0 3 2 3 3 3 1 3 2 3 2 1 3 2 2 0 3 1 4 4 1 0 3 1 1 1 2 0 3 0 2 1 3 1 4 3 4 2 3 4 3 0 0 1 2 4 3 0 1 3 1 4 0 1 2 1 2 2 2 3 2 1 4 2 3 0 0 4 0 4 3 3 1 4 4 1 3 2 3 1 2 2 2 3 3 0 4 3 4 3 3 1 2 4 3 0 4 0 4 1 1 0
4 0 4 3 1 4 3 1 3 0 0 0 0 1 2 2 1 1 2 4 4 4 3 4 1 4 0 3 1 3 3 2 3 4 1 1 3 1 0 3 1 0 4 4 1 3 1 2 2 3 3 1 3 3 1 1 3 3 4 1 1 4 3 2 3 1 0 4 2 0 2 1 1 3 0 4 2 1 4 4 1 2 2 1 1 3 3 1 3 4 4 2 4 2 1 2 1 1 3 0 2 1 1 0 1 1 4 3 4 3 4 3 1 2 4 4 2 4 0 3 4 1 0 0 0 1 4 1 2 3 2 1 4 0 1 0 4 1 1 0 1 2 3 4 4 0 3 4 1 0 2 2 1 2 2 2 0 2 0 4 0 4 1 1 0 2 3 4 0 1 4 2 4 0 1 3 0 2 4 1 2 1 4 1 0 3 0 0
0 2 2 2 2 3 0 4 2 4 3 3 2 4 0 1 1 1 2 3 0 1 0 3 3 1 1 0 1 1 3 4 3 0 1 2 0 4 1 2 0 1 0 2 1 2 4 4 1 3 3 1 4 0 4 4 3 2 2 4 3 0 3 4 0 2 1 2 3 3 4 3 4 0 0 2 4 1 4 0 1 2 2 3 2 3 4 2 1 1 1 1 1 2 0 3 1 4 0 4 4 2 2 0 4 4 0 3 3 4 4 4 1 1 2 0 4 2 2 2 3 0 4 2 4 1 2 0 0 3 1 4 2 3 0 1 0 2 4 3 1 3 2 4 1 0 1 3 4 3 0 2 0 1 1 0 3 4 0 3 4 2 0 1 2 2 2 4 4 3 2 0 4 2 1 0 4 2 0 3 2 3 0 2 4 2 2 2
3 0 1 2 4 1 3 3 0 2 3 4 0 0 1 4 2 2 2 1 4 4 4 1 2 2 3 2 1 3 4 4 0 0 3 4 3 1 2 3 0 0 4 0 3 0 2 2 2 1 4 3 0 0 1 3 4 2 0 2 0 4 3 0 2 1 1 2 4 3 3 4 1 2 2 4 3 1 1 2 2 2 3 2 0 4 0 4 1 2 4 3 4 2 0 1 4 1 0 0 2 3 2 3 3 4 4 3 0 0 0 2 0 0 1 0 0 4 1 3 1 0 2 0 3 2 3 4 1 1 1 3 4 3 1 2 2 0 2 4 2 3 3 2 3 0 4 0 1 1 4 2 3 3 0 1 2 0 2 3 1 4 1 3 4 4 2 4 1 0 3 4 3 2 3 3 4 3 1 0 1 2 4 4 0 4 3 4
0 2 3 3 3 1 1 3 3 4 2 4 4 0 3 4 4 4 4 0 2 0 0 3 4 0 4 1 1 2 1 3 0 1 2 3 4 3 3 2 4 0 2 3 3 2 4 4 1 4 0 0 1 2 3 3 4 0 4 1 4 2 1 4 3 3 0 0 4 0 2 3 3 1 4 1 4 0 2 0 4 2 1 3 2 1 1 1 3 2 2 3 0 4 4 0 4 1 0 0 2 0 1 0 1 2 3 2 2 0 0 4 0 3 2 2 1 0 3 0 2 3 3 2 4 4 3 3 1 0 1 0 0 2 0 2 4 0 1 1 2 1 0 2 4 4 1 1 4 0 1 4 0 1 1 4 0 1 4 3 2 0 3 4 2 0 3 1 2 0 0 0 1 0 4 1 2 1 4 1 3 2 0 3 0 4 2 2
2 3 1 4 4 1 1 1 2 4 0 1 4 0 1 3 2 1 1 4 2 0 3 2 2 0 0 4 4 4 1 2 2 2 3 1 4 4 0 3 1 2 4 2 2 3 0 1 4 1 3 3 3 1 0 2 1 2 1 3 1 3 2 3 0 0 2 1 2 4 1 0 1 3 2 3 1 3 1 2 4 4 0 0 0 2 2 4 4 4 2 2 2 4 2 4 1 4 1 0 3 4 0 4 2 3 4 3 1 3 0 2 2 2 4 0 1 2 1 2 1 3 4 0 4 2 4 2 3 2 3 4 2 0 0 1 3 2 0 1 0 2 1 2 2 0 4 3 2 0 1 0 0 2 0 1 1 2 4 0 1 4 4 0 4 1 2 3 3 4 1 3 1 2 3 3 3 2 4 2 3 0 3 0 4 0 2 1
4 1 1 1 2 2 3 1 3 0 4 4 4 3 2 3 0 0 3 0 0 2 3 0 4 3 0 4 0 4 0 0 0 3 3 4 0 1 1 0 4 2 4 3 0 4 3 1 1 2 3 1 4 1 1 1 4 4 0 2 3 0 2 1 3 0 0 0 3 1 2 2 1 4 3 1 3 1 4 4 0 3 3 0 4 4 1 1 0 3 3 1 0 2 2 0 4 4 0 2 3 4 2 4 3 2 2 1 0 2 3 1 2 1 3 1 2 1 4 3 4 4 1 4 3 3 4 2 4 1 2 2 0 1 3 1 3 3 2 3 0 2 4 2 3 2 0 1 0 2 1 4 3 2 0 2 2 1 1 1 2 3 1 0 4 1 1 4 4 0 3 1 3 4 0 3 4 3 4 4 0 2 1 3 4 1 2 3
3 4 2 2 4 0 4 1 3 0 0 3 3 0 1 3 2 2 1 3 0 3 2 2 0 0 2 2 2 0 2 2 1 4 4 0 1 4 1 0 1 4 3 1 4 1 1 3 3 3 1 0 3 1 2 0 1 0 4 0 2 2 2 3 3 4 0 0 0 2 0 3 3 0 0 2 1 3 3 2 1 4 2 1 0 0 2 4 2 3 4 4 0 4 4 1 3 4 1 3 3 3 3 1 0 0 1 1 4 4 3 2 0 3 4 1 0 3 2 2 1 1 3 4 0 2 0 0 3 3 0 2 1 4 0 1 4 1 4 3 0 0 1 3 3 2 4 0 0 1 2 1 4 2 0 0 1 2 2 4 0 3 3 3 2 4 1 3 0 1 2 3 3 0 1 3 2 2 3 4 0 0 0 4 4 3 1 0
2 4 4 3 4 0 3 1 4 0 4 1 3 3 1 1 0 4 1 4 3 4 3 3 1 1 0 0 1 3 0 3 4 1 3 3 3 2 1 4 4 3 1 2 3 4 0 4 4 1 0 4 0 1 3 1 4 0 3 0 0 0 0 0 3 4 0 2 3 4 1 2 2 2 4 0 4 4 1 0 2 2 4 2 0 4 0 4 4 0 4 2 0 1 4 3 0 1 0 0 0 2 2 2 1 1 0 2 2 1 2 1 0 2 0 0 3 0 1 0 2 2 2 2 4 1 3 1 2 0 2 0 2 4 2 1 3 4 0 2 1 3 4 3 2 4 1 0 2 2 0 4 0 4 4 1 2 2 2 2 2 4 2 2 4 4 0 4 4 2 1 2 2 2 2 4 4 0 2 1 0 4 2 0 1 3 3 3
