5 189 13
1166428845 423914656 772813777 494353564 500000678 504095404 1192824102 147911879 185653525 812366882 361177406 822504489 419132136 245564992 1041251849 704181432 713249904 560195237 803120341 1187506031 425188443 945138288 1068808600 142144730 1039535914 955013766 454493569 163806379 528989059 453758539 984022812 45290890 470392291 731977562 671638626 819814316 628713704 1211172200 820836540 22655728 276463627 422287074 310670438 881175510 404135905 319959446 1042041906 569684600 774894327 312612029 1145076761 782660994 487277130 125848207 400813184 523220107 309414889 1213654015 4224216 129516515 797164746 512716466 1036348399 725787177 454989645 118035548 265499557 957981547 357632218 849775560 1136449682 46260664 576638641 750195263 262584775 572746770 363976303 198324169 407401596 1130535010 645427321 243031363 1078433222 484320220 3925233 964014601 113345687 744216502 988578045 789005167 979204402 617439239 72548862 736179470 963499567 457425443 413567233 337834401 451431089 881391734 304658497 1160230426 1183404983 671133219 239180437 195147168 89143487 153579090 516635440 1004721393 499744675 434546827 174689550 676230619 1031939587 7233626 935375241 226478328 172812791 838266589 87361035 807985067 751171987 794073715 262820649 196336135 351992149 865861708 809937256 122480834 1216297624 1166240355 1048615440 846543999 55425529 340803616 513737929 1133831971 297127331 32473720 314218910 1123662310 901108217 5739596 1177471748 72720046 596781181 1033585825 744054415 1064477864 623443249 1155531252 667486715 792958319 905758352 543147554 1010833737 782746657 639458756 647592934 237570793 290855678 151332416 991565412 303508610 953423629 1037774040 183058605 771432595 124915873 1044188313 400974554 1205155539 913051230 1088209399 163419125 265378748 423538487 122100203 358818586 906920210 1132928248 8594796 852222281 558425881 191194153 53512721 235859205 1033403069
2 1 1 1 2 1 3 0 2 4 2 2 3 2 4 2 1 0 3 3 0 0 2 4 2 3 3 2 3 2 2 0 0 0 3 3 2 1 0 4 0 4 3 0 1 2 4 2 4 3 2 4 0 0 0 2 0 4 4 3 3 3 0 3 3 4 3 0 2 0 1 3 4 4 0 1 3 0 0 3 0 3 4 0 0 0 2 2 1 3 2 4 1 2 4 1 3 3 2 1 3 3 1 0 0 1 1 3 3 3 3 3 1 3 3 3 0 2 0 1 2 2 2 0 2 1 2 0 1 4 3 2 4 4 2 1 3 0 2 1 3 0 2 2 0 2 0 0 2 3 3 4 2 0 0 4 2 4 2 0 0 0 2 4 2 4 3 0 4 0 3 0 2 2 2 3 0 4 3 2 2 4 3 2 4 0 1 3 4
0 4 4 1 3 1 3 0 1 0 4 1 0 4 3 3 3 3 3 3 2 2 2 3 0 4 2 1 3 3 2 3 4 4 4 2 2 4 2 3 4 4 1 0 0 4 0 4 3 3 4 2 0 1 0 2 3 4 0 1 2 3 4 1 4 1 1 1 0 3 4 2 4 0 4 0 1 4 1 1 4 0 3 1 3 0 3 1 0 4 2 4 4 4 3 3 0 4 1 2 4 0 4 4 2 0 1 0 1 2 2 0 4 2 1 2 3 2 4 0 1 3 1 2 2 4 2 4 0 3 2 2 0 3 3 2 1 4 2 2 3 4 3 2 2 1 4 2 3 0 2 1 1 0 3 0 0 0 0 2 0 4 4 0 4 2 2 0 3 2 0 1 3 0 3 2 1 0 4 2 2 3 3 3 4 4 4 4 1
1 3 2 2 3 2 1 0 2 4 4 4 4 2 4 4 1 2 2 3 1 4 0 0 3 4 1 4 0 2 2 3 0 4 0 3 4 1 1 1 2 2 2 1 4 3 0 2 0 3 0 2 4 1 4 4 2 0 3 4 4 1 2 4 2 2 0 1 0 1 4 3 0 3 1 1 2 4 1 2 4 1 1 3 4 2 3 3 4 3 2 3 1 4 3 4 3 3 2 4 1 4 4 1 4 0 4 1 4 0 1 3 4 4 2 0 2 2 4 1 0 3 0 2 3 0 3 3 3 0 2 1 1 3 4 1 4 3 2 0 1 0 4 0 2 3 0 4 0 1 2 2 0 4 4 0 4 4 3 4 0 3 0 3 3 1 4 2 0 2 3 1 4 4 3 1 2 0 2 4 2 2 1 4 1 3 1 3 2
1 4 4 4 2 3 0 3 2 2 0 1 2 3 3 3 1 4 2 2 4 1 1 1 3 0 4 1 3 4 0 4 4 2 1 3 0 1 1 4 0 4 1 3 2 4 3 4 0 1 3 1 2 4 4 2 1 4 0 4 0 1 3 4 3 4 4 0 0 3 4 1 2 2 1 4 3 1 3 1 2 1 2 0 2 2 4 3 3 0 4 3 3 0 0 1 4 1 3 2 4 4 0 1 2 3 1 0 4 1 3 2 0 3 4 2 2 3 3 0 0 4 0 3 4 2 1 1 4 4 3 3 4 0 2 3 3 3 0 4 1 4 1 1 2 2 1 4 3 1 1 3 0 1 2 0 1 0 1 0 0 1 0 1 1 2 4 1 0 4 0 4 0 4 0 2 3 3 3 1 4 4 2 0 3 1 2 4 1
0 1 3 1 1 4 4 4 0 2 1 0 2 0 0 3 3 0 2 1 3 3 1 0 2 3 0 3 0 4 0 0 0 3 3 3 0 4 2 0 1 4 0 0 4 3 1 4 0 3 1 0 3 4 0 1 2 0 4 2 1 1 4 3 2 4 2 2 3 1 2 1 0 0 3 2 3 4 1 0 4 4 0 0 3 3 3 0 3 4 4 2 1 0 2 3 4 1 0 4 3 4 2 3 4 1 2 4 2 1 4 4 0 0 4 1 3 2 3 3 1 0 2 2 0 2 2 2 3 4 1 1 4 4 2 3 2 1 3 4 2 4 3 0 4 4 1 4 1 4 0 0 4 4 2 2 1 2 4 0 1 2 3 0 3 0 4 0 4 4 2 1 3 2 1 0 2 2 1 0 4 3 0 0 3 0 2 4 2
1 4 3 4 3 1 2 0 2 0 4 1 2 3 1 1 4 3 3 4 2 4 0 0 4 0 3 4 3 3 3 1 4 2 2 4 0 2 0 2 2 1 3 1 4 1 4 1 2 3 2 4 4 4 4 0 4 0 2 4 3 0 1 4 4 0 4 4 2 1 1 1 4 1 4 4 0 4 2 2 4 1 3 3 0 2 0 1 4 2 1 2 3 4 2 4 1 3 4 4 4 2 2 3 1 4 4 3 0 3 0 4 4 3 4 1 2 4 3 2 4 1 1 2 0 0 3 1 3 4 2 4 4 2 3 0 3 4 3 3 3 0 4 4 0 0 1 4 4 1 3 3 2 0 2 4 2 3 0 3 2 0 2 1 4 2 1 2 4 1 0 2 3 1 3 3 1 1 3 2 2 3 1 1 0 0 0 3 3
3 3 1 3 2 4 2 0 3 4 1 4 1 3 0 2 3 3 0 0 3 2 4 2 0 1 2 1 1 2 1 4 0 4 4 3 4 3 0 2 4 1 3 0 1 3 4 1 4 1 3 2 4 3 1 4 4 1 0 2 0 4 4 3 3 0 3 2 4 0 1 3 3 0 1 1 3 2 2 4 4 1 4 0 4 0 4 0 3 2 4 4 1 0 4 1 1 2 1 2 2 2 2 0 2 0 1 3 0 0 4 1 1 3 1 2 4 0 2 4 4 4 0 2 4 4 4 2 1 0 4 0 2 2 2 2 2 0 2 2 1 1 3 2 0 1 2 1 2 1 0 3 0 1 1 2 2 0 4 1 2 4 1 1 3 4 3 2 1 2 0 2 4 0 2 1 2 4 2 1 0 4 1 3 2 2 0 0 4
4 1 1 0 4 3 3 0 3 1 2 3 3 4 4 0 3 0 4 2 4 2 0 0 4 3 3 1 0 0 3 1 1 4 2 2 4 2 3 0 0 0 3 0 1 4 1 0 4 2 4 0 0 4 0 1 4 3 2 1 0 2 3 1 4 2 1 0 1 4 0 2 1 0 2 4 4 0 1 0 0 1 0 0 2 1 1 4 1 0 0 2 3 0 0 2 2 1 2 4 2 0 3 0 2 2 0 2 3 1 4 3 4 0 0 4 3 3 3 1 3 0 3 3 1 1 2 0 4 2 4 2 4 4 4 1 2 4 0 0 3 0 0 4 2 2 3 2 0 1 3 0 4 4 1 0 0 3 0 4 2 2 3 1 1 3 3 0 4 0 0 4 2 2 4 4 1 2 1 1 4 2 4 3 1 0 0 1 3
2 2 1 1 3 4 3 3 4 3 2 0 1 2 2 0 3 4 2 0 2 0 1 4 4 1 0 4 1 3 0 1 3 3 2 1 2 2 4 2 3 3 4 1 2 3 1 0 2 0 1 0 1 4 1 2 1 2 4 4 2 4 0 0 4 0 1 3 2 2 0 0 3 1 1 0 0 0 3 2 0 1 4 3 0 1 3 3 0 2 3 2 3 0 0 4 0 1 2 3 1 0 0 4 1 2 1 1 2 1 4 4 2 0 0 0 1 3 3 3 2 3 3 0 4 3 4 1 1 3 4 2 3 2 3 0 4 0 1 3 1 2 2 1 3 4 1 1 2 1 2 4 0 0 1 1 3 2 4 4 1 1 4 4 3 2 4 2 4 3 2 3 0 1 4 3 1 2 2 3 3 4 0 0 4 1 3 4 4
3 3 2 4 4 1 2 2 1 1 1 1 0 4 1 1 0 2 2 2 4 3 3 0 3 0 1 1 4 0 2 2 0 4 3 0 1 2 4 4 0 0 0 0 2 3 1 2 0 4 2 1 4 0 1 2 0 2 0 1 4 3 0 2 2 3 2 0 2 1 1 2 3 1 2 2 0 4 2 2 0 4 4 4 1 2 3 1 2 3 0 1 3 0 3 3 1 2 3 3 0 0 1 1 3 0 3 0 4 0 0 1 4 4 0 0 1 0 4 3 1 1 2 4 1 2 4 2 2 3 3 2 0 1 3 0 1 4 3 3 4 3 4 1 4 2 3 2 2 4 3 0 0 2 2 2 4 1 1 1 1 1 1 3 2 4 1 1 3 1 4 0 1 3 1 0 0 4 4 0 4 4 2 1 1 4 3 3 3
2 4 4 0 0 0 0 2 1 1 2 2 0 4 3 0 0 0 3 2 4 0 1 4 2 4 2 4 0 0 2 2 2 3 4 2 3 4 1 4 0 1 3 2 0 1 0 3 3 3 0 0 0 3 4 2 2 3 3 2 4 0 1 1 4 1 0 4 2 4 4 0 0 4 2 2 3 4 0 1 4 0 1 4 0 2 4 3 1 2 0 2 3 4 3 4 0 0 3 4 4 4 4 1 4 4 4 2 3 1 0 3 4 4 4 4 1 3 2 4 1 0 3 4 4 1 3 1 4 3 0 3 3 2 2 2 1 3 1 1 4 3 1 3 2 1 3 4 4 2 0 0 4 4 4 0 2 4 3 1 3 1 2 1 3 1 0 1 4 3 2 3 1 4 4 4 0 4 0 4 3 0 2 3 1 1 3 4 3
4 2 3 0 1 1 0 2 1 1 1 1 3 2 2 4 3 3 4 2 3 1 0 1 3 0 2 1 1 3 1 0 1 4 2 4 0 2 2 3 3 0 4 3 4 4 3 2 2 4 4 3 0 2 4 0 2 3 2 0 2 3 0 0 0 4 4 2 1 3 1 4 4 2 3 0 3 1 3 1 0 4 4 3 1 0 3 1 3 2 1 2 3 4 2 0 3 4 2 0 4 3 1 3 3 4 4 1 2 4 4 0 3 0 3 0 0 3 3 4 3 1 1 3 2 1 3 3 2 2 0 1 1 1 2 1 3 3 2 0 2 2 0 0 2 0 2 0 1 2 1 4 4 4 4 1 0 2 1 4 1 1 1 2 3 3 0 1 1 3 1 0 2 4 2 1 4 0 3 0 2 4 1 3 4 0 2 1 4
3 1 1 0 2 0 3 2 1 1 0 1 4 0 0 3 2 3 0 4 2 2 4 1 4 2 0 1 1 4 1 0 0 4 2 4 4 2 1 2 3 1 0 4 3 2 3 0 1 0 2 0 2 1 1 1 0 4 3 2 3 1 4 0 0 3 4 1 0 0 1 0 3 3 4 1 1 2 3 2 4 0 2 2 3 0 3 4 1 3 3 1 1 4 1 3 2 2 0 2 2 3 2 2 1 3 3 2 3 4 1 2 4 0 4 3 3 0 4 4 0 4 3 2 3 4 0 0 2 2 4 1 0 3 1 4 1 4 1 4 3 0 2 0 2 3 0 0 3 4 0 4 3 0 1 3 4 3 0 3 1 4 2 3 4 3 2 0 4 1 2 0 1 1 0 3 4 2 4 0 3 1 1 3 1 2 1 2 2
1 3 3 2 0 2 1 0 4 1 4 0 0 4 3 1 1 2 3 0 3 3 3 1 4 1 4 3 2 1 0 0 1 1 2 1 3 3 3 4 2 3 2 2 4 0 4 3 4 2 3 2 2 4 3 1 0 2 1 0 1 1 0 2 4 3 1 2 3 4 4 0 4 1 3 4 1 4 4 1 3 2 0 0 3 1 3 4 0 1 1 1 4 1 1 4 1 2 1 0 3 2 2 3 3 0 2 2 1 3 0 4 2 0 1 1 3 1 2 4 2 3 2 4 1 3 3 3 2 4 0 3 2 4 1 2 0 0 4 3 3 4 0 0 2 3 1 0 0 3 1 4 3 4 3 0 4 1 0 4 3 2 2 2 1 0 1 3 2 1 2 0 2 2 2 1 0 1 2 2 1 0 4 0 1 4 2 1 3
2 2 3 1 1 2 2 3 3 1 0 4 0 2 4 4 4 0 1 2 4 1 1 0 2 1 1 1 0 4 1 2 1 4 0 4 1 2 2 0 0 2 1 2 1 0 1 3 3 0 0 2 1 1 4 3 4 1 1 4 2 3 3 1 2 3 0 1 3 0 1 3 4 4 3 1 0 1 4 3 1 4 2 4 3 2 4 2 0 1 4 2 1 2 3 0 1 4 1 1 1 4 1 0 4 4 1 1 1 0 4 4 2 3 4 0 0 0 4 0 3 3 3 4 1 3 2 4 4 3 2 0 3 3 1 4 3 2 0 1 0 1 0 4 4 1 4 2 2 0 2 0 4 2 2 2 3 4 3 2 4 0 3 4 0 1 3 3 0 3 1 0 4 2 4 1 0 0 3 2 1 2 0 2 2 2 1 0 3
4 4 2 1 4 2 1 0 0 2 1 1 3 3 2 2 0 3 3 2 3 0 0 1 0 2 0 4 3 2 2 4 1 2 0 1 4 4 3 1 1 1 2 4 2 0 2 2 3 0 4 4 2 0 2 0 4 2 1 3 4 4 4 2 1 0 0 2 4 4 3 2 2 1 3 4 3 0 3 3 2 3 2 2 0 4 2 1 1 3 1 2 4 1 2 2 3 2 4 2 3 0 1 1 3 4 2 1 2 1 4 4 1 2 3 3 1 0 4 0 1 1 4 2 4 1 0 2 1 1 1 1 3 2 4 1 1 2 2 0 0 2 0 1 1 0 4 4 1 0 1 4 3 1 1 2 4 3 4 2 0 2 1 3 1 0 2 0 4 4 0 4 3 0 2 1 1 1 1 4 2 2 0 0 0 1 0 0 2
1 4 4 4 0 2 0 3 1 0 4 1 1 4 1 3 1 3 1 0 4 2 4 3 2 1 4 1 1 1 3 3 0 2 4 3 1 4 1 3 0 0 1 3 1 2 1 0 0 0 2 1 2 1 0 2 4 1 3 1 2 3 1 4 2 0 4 0 4 2 3 1 0 1 1 1 1 0 3 3 0 0 0 2 3 2 1 3 0 4 1 2 4 4 3 1 4 3 2 0 0 2 4 0 4 2 4 2 2 2 0 2 0 0 2 0 4 3 0 4 0 3 3 4 2 2 3 3 2 2 1 4 4 2 0 0 4 1 2 2 0 3 4 0 0 3 3 2 4 3 1 1 2 2 0 1 4 0 0 3 2 3 2 4 0 4 4 4 0 4 3 1 4 0 3 4 3 1 1 4 0 0 0 4 2 3 2 3 3
4 3 3 2 0 2 2 0 3 4 0 4 2 3 3 2 2 3 3 3 1 2 0 3 3 1 2 1 4 2 4 3 0 4 3 3 1 2 3 2 1 0 1 1 1 0 0 3 0 3 3 3 1 1 4 4 2 3 2 3 1 3 4 3 3 2 1 1 4 1 0 3 4 2 1 0 4 1 0 1 0 3 4 3 1 0 4 1 4 1 4 0 4 0 3 4 2 2 3 4 3 3 4 2 0 0 2 4 1 2 0 3 3 2 1 4 2 0 0 1 3 2 3 3 2 4 4 2 1 2 3 4 1 2 4 3 4 3 0 0 1 2 1 1 4 2 2 4 3 3 2 3 2 1 1 4 0 3 3 3 0 1 4 3 0 3 2 4 2 2 2 0 4 3 3 1 0 0 0 0 0 2 4 2 0 2 2 2 2
2 0 3 4 2 3 4 0 2 4 4 4 3 1 1 1 4 4 3 0 4 4 0 3 0 3 1 4 2 3 2 1 1 2 0 3 2 2 0 0 3 0 1 1 1 2 2 3 3 0 3 2 1 0 3 3 0 1 0 4 4 2 1 2 1 1 2 3 3 0 3 1 0 2 4 3 1 1 1 0 4 1 2 2 2 2 1 4 3 1 4 0 0 0 4 3 1 2 1 2 2 2 0 4 4 0 4 0 3 3 0 2 1 0 0 0 4 3 0 0 1 4 0 1 4 4 1 2 3 2 4 2 1 2 3 2 2 0 0 0 0 2 0 1 4 2 2 4 0 2 4 3 1 1 1 0 2 2 2 3 1 4 2 3 1 1 2 0 3 4 2 3 2 2 4 1 1 1 2 3 0 3 1 1 4 2 3 2 4
3 2 1 4 4 1 0 2 0 2 0 0 4 3 2 4 0 0 2 3 0 1 4 3 2 2 0 2 1 4 1 1 1 4 0 0 2 2 3 3 4 0 0 3 4 2 4 1 4 2 4 1 3 0 0 2 3 0 4 4 1 3 0 2 4 2 2 2 4 2 2 3 3 2 3 4 1 3 0 2 2 1 4 2 2 1 1 0 3 1 1 4 1 3 1 0 0 0 4 4 3 1 2 1 0 0 0 1 0 0 1 4 3 0 3 0 1 0 2 4 3 3 0 4 1 1 1 1 1 1 0 4 4 2 2 2 0 2 3 2 4 4 4 3 1 2 0 4 2 3 0 0 1 0 1 3 1 3 1 0 1 2 1 2 1 4 4 3 3 0 3 3 1 2 3 3 4 3 2 2 1 0 4 0 0 3 0 4 3
1 4 4 3 0 3 2 1 0 0 0 0 3 0 3 2 3 1 2 3 1 1 2 1 2 2 3 0 2 2 3 3 1 4 4 4 0 3 2 0 0 2 2 1 2 0 3 2 4 2 1 2 3 3 0 3 0 3 3 4 1 4 4 4 0 0 3 0 3 3 0 1 0 2 2 0 3 2 2 4 0 0 1 0 3 1 3 0 4 4 1 2 3 1 2 3 3 2 1 4 0 1 0 3 1 4 3 1 1 2 0 3 0 3 4 3 4 4 1 0 3 4 0 3 2 2 2 1 1 0 2 4 3 2 2 4 3 2 2 1 1 4 0 1 2 1 2 3 0 0 1 1 4 1 4 2 0 3 0 3 3 2 2 2 1 1 3 1 0 3 2 2 2 4 0 2 2 4 2 3 4 0 4 1 1 0 0 3 4
0 2 2 4 1 1 0 3 0 1 0 3 0 2 2 2 0 1 4 4 1 2 1 1 3 2 0 4 4 3 3 1 2 2 0 1 4 2 1 1 0 1 1 0 4 3 2 1 2 2 0 3 1 3 4 2 2 1 1 1 2 1 2 1 0 4 2 4 1 3 2 1 0 3 4 1 4 1 2 1 0 4 1 4 0 2 1 2 4 4 1 3 2 3 4 2 0 2 4 1 0 1 3 2 2 2 0 1 0 2 4 3 4 2 2 4 4 0 3 0 4 4 3 3 0 3 0 0 2 1 1 4 3 1 2 2 0 2 3 3 2 4 1 3 1 0 4 2 0 2 3 1 4 3 4 1 3 1 1 0 3 4 2 3 3 1 0 3 3 0 3 2 1 1 2 2 1 1 1 3 1 1 1 2 0 0 3 0 4
1 3 2 0 0 2 0 1 2 4 1 4 4 1 0 1 3 4 2 2 0 3 0 2 4 2 2 2 2 4 1 3 2 0 0 2 2 1 3 4 2 0 0 1 1 0 2 1 4 2 3 4 0 0 1 1 4 0 3 1 0 1 1 4 1 4 2 3 2 0 4 4 2 4 2 0 4 0 2 0 4 2 0 4 3 3 2 4 1 1 3 3 2 4 2 1 0 4 4 2 2 1 1 1 0 4 2 2 1 1 4 0 3 4 1 3 0 3 3 3 4 1 1 4 2 0 0 3 2 1 0 1 2 4 2 0 0 4 4 1 0 3 3 1 0 4 4 0 2 4 0 4 0 1 0 3 3 2 3 0 3 0 1 3 1 1 0 1 2 4 4 3 2 4 1 2 3 0 4 3 0 4 4 2 2 4 2 1 1
0 3 1 3 0 1 4 3 1 3 0 0 2 0 3 4 1 2 2 2 2 2 4 1 1 3 4 2 1 2 0 3 0 4 1 2 0 3 0 4 1 1 4 0 1 4 4 3 2 4 2 1 3 3 2 0 1 3 4 2 0 0 3 1 4 4 3 1 4 4 0 0 0 2 3 3 1 2 1 0 3 0 1 2 3 1 4 2 4 3 4 0 0 4 1 1 4 1 3 3 0 0 1 2 2 4 3 1 3 4 3 4 2 0 1 2 1 0 4 2 0 1 2 1 0 0 2 1 2 2 2 2 0 3 2 2 4 0 0 4 1 4 3 3 1 1 3 4 3 2 1 1 3 4 2 1 4 1 2 1 1 4 1 1 4 0 0 0 2 1 0 3 2 0 4 3 4 4 4 2 1 0 3 2 4 2 3 1 1
0 4 2 2 2 3 1 4 0 4 1 1 4 2 0 1 3 0 0 2 4 0 0 0 0 2 1 3 0 4 1 3 4 3 0 3 3 3 3 3 4 1 2 0 3 2 2 3 0 4 0 4 4 1 4 2 0 3 2 1 2 3 1 3 1 3 2 1 3 2 4 3 0 3 3 4 3 2 4 3 2 2 2 3 0 4 0 0 2 2 3 1 2 4 0 3 4 4 1 3 3 3 1 3 1 4 4 1 2 4 4 1 1 4 4 1 0 2 3 4 1 2 0 4 1 2 4 1 1 1 1 4 4 2 3 2 3 2 4 2 3 0 0 1 1 2 2 3 4 1 2 2 0 3 1 3 0 3 1 4 4 2 3 0 1 3 2 2 3 3 1 1 1 2 0 4 4 2 3 0 0 0 2 2 3 1 1 1 4
2 0 3 2 0 0 3 1 2 0 4 3 2 2 4 1 2 3 0 2 3 0 4 4 4 2 4 0 3 0 4 2 2 4 4 3 4 3 1 4 0 0 2 4 4 3 0 4 3 0 1 2 2 2 3 2 4 2 4 4 3 4 2 2 3 1 2 0 1 3 4 2 0 3 3 0 3 4 1 1 1 4 0 4 1 3 3 3 1 2 2 1 3 1 0 4 3 3 4 1 1 0 0 4 3 4 1 1 3 2 4 4 3 0 0 4 0 3 4 1 3 2 4 3 3 0 2 3 0 3 2 3 3 2 2 1 3 3 2 1 2 2 3 0 4 3 2 4 4 1 3 4 0 4 2 1 1 2 4 1 0 3 0 4 3 4 0 1 0 0 3 2 4 3 0 3 3 2 4 4 0 4 3 1 4 3 2 0 0
3 2 2 2 4 1 0 3 4 3 3 1 3 3 0 1 0 0 0 4 1 4 4 1 0 2 0 0 4 0 0 0 4 2 2 3 1 4 4 0 2 4 3 3 4 3 4 4 0 1 3 1 3 0 2 3 2 2 3 2 0 0 4 1 4 1 0 2 2 1 4 1 0 2 4 2 0 1 1 0 2 2 4 2 2 1 0 1 1 0 0 3 2 4 4 4 2 1 1 4 2 1 3 0 3 4 4 4 0 0 1 0 4 2 2 3 4 0 0 2 2 0 0 0 2 1 4 4 3 0 1 2 1 4 4 0 0 3 1 1 4 4 3 0 4 0 4 0 0 1 2 3 3 4 0 0 0 1 0 0 1 3 3 0 2 2 2 4 3 0 2 4 1 0 4 0 1 0 0 3 1 2 3 0 3 0 2 1 1
2 1 3 2 1 0 1 1 2 1 4 2 3 3 0 4 2 1 2 0 1 2 1 1 1 3 1 3 1 2 0 0 1 0 3 2 0 4 0 4 0 4 3 1 4 3 0 4 4 4 4 3 1 0 4 4 1 0 3 4 0 3 4 1 0 4 0 0 4 1 1 1 2 4 2 2 2 4 1 4 3 0 2 0 2 3 4 0 0 4 4 0 4 4 3 4 0 4 1 4 2 2 3 4 3 2 3 1 2 4 2 2 1 1 2 1 4 4 1 1 3 1 4 3 2 2 4 2 3 1 4 2 3 4 4 4 1 2 0 0 4 4 3 2 0 0 3 1 1 2 4 0 0 3 0 4 3 4 3 3 0 2 1 1 1 0 0 0 4 2 0 3 1 3 3 3 1 3 1 2 2 0 2 2 1 2 3 4 4
2 4 4 1 0 2 0 2 2 0 4 1 0 4 4 1 2 2 2 1 0 4 3 1 4 3 4 3 1 3 2 3 2 2 2 0 1 2 4 4 2 3 2 4 3 2 0 2 1 4 3 2 4 4 0 3 2 4 1 0 4 1 1 3 3 3 0 1 0 0 2 4 0 0 3 0 2 1 3 0 2 1 2 1 2 4 1 1 0 0 2 1 1 3 0 1 3 2 2 3 4 0 2 0 2 2 0 1 0 3 1 3 2 1 1 1 0 0 3 3 0 2 4 1 0 1 4 0 4 1 3 3 3 2 0 0 1 1 1 4 1 0 2 0 1 0 2 3 0 0 1 0 2 1 3 4 4 2 4 3 1 4 4 1 3 4 2 1 2 0 0 4 2 4 1 3 0 3 4 2 0 0 0 4 3 0 0 3 3
1 3 1 2 2 2 0 4 1 4 1 4 4 2 1 1 4 2 3 4 1 0 2 3 0 1 2 1 2 2 1 0 0 4 3 0 1 0 4 0 4 0 1 1 0 2 2 4 1 0 3 2 0 2 1 3 4 0 1 3 2 4 3 4 3 3 1 1 4 0 1 0 3 2 1 3 2 0 4 0 0 4 3 3 2 1 3 1 3 4 1 0 3 1 1 1 0 3 4 1 3 1 1 3 0 0 1 4 0 2 0 3 2 0 1 4 3 1 2 1 0 3 1 0 4 4 3 4 2 2 0 3 0 4 3 1 4 0 2 1 2 2 4 1 4 2 0 2 3 2 3 3 0 1 0 2 1 3 1 0 3 4 3 3 3 2 1 4 4 4 0 3 3 2 0 3 4 2 0 3 0 1 3 2 2 4 4 3 4
3 1 2 2 4 1 2 3 2 1 4 3 3 3 2 0 0 0 0 2 2 0 4 3 3 4 3 2 3 1 2 1 4 4 0 4 2 2 4 2 0 4 0 1 4 2 1 1 4 3 0 4 3 2 4 2 1 2 1 4 1 3 3 0 0 3 1 2 3 1 4 3 2 2 1 3 1 3 1 1 3 1 2 4 0 1 3 1 4 4 3 0 3 1 0 0 1 2 2 4 0 4 0 4 3 1 4 4 1 0 2 2 3 4 1 4 1 4 0 2 3 3 2 3 1 4 3 0 3 3 4 0 4 1 4 2 0 3 3 1 3 1 0 4 0 1 3 3 2 0 2 3 1 1 1 4 1 2 4 1 2 4 2 1 2 1 0 2 2 3 1 0 1 1 1 4 0 4 4 2 2 2 2 3 3 4 2 1 3
2 3 0 3 0 3 0 3 0 0 0 0 3 3 2 4 4 1 1 1 0 1 3 2 3 3 3 4 2 4 4 4 2 4 4 4 4 2 3 1 2 0 2 2 3 4 3 0 2 0 1 2 3 1 2 1 1 0 3 3 4 2 3 4 4 4 3 3 1 3 0 0 4 4 2 4 3 1 1 0 3 4 4 1 0 1 4 1 3 2 2 0 2 2 4 1 1 4 1 0 3 3 0 4 2 0 0 2 3 2 2 1 1 4 4 4 2 3 2 1 3 4 1 2 1 2 3 3 3 1 3 3 0 0 2 2 2 3 0 2 2 4 3 3 0 4 2 3 0 0 1 3 4 4 0 1 1 0 1 1 1 1 0 1 3 2 1 1 2 3 3 4 4 4 0 0 0 4 0 0 4 1 0 1 0 2 4 3 2
0 4 1 3 1 4 1 4 0 4 3 0 3 0 0 4 0 2 1 4 2 2 1 0 2 2 2 2 3 0 1 0 1 2 3 3 4 4 4 1 4 4 2 4 4 4 0 4 1 1 1 3 3 4 3 3 3 0 0 1 2 3 1 0 3 4 0 2 3 1 3 4 1 2 3 0 1 3 2 2 0 0 2 0 4 2 3 2 4 0 0 3 1 1 4 4 0 1 1 0 3 1 0 1 4 0 3 0 4 0 0 1 2 2 1 1 2 2 0 1 4 0 0 2 3 1 1 0 4 4 1 4 1 3 0 0 0 4 2 4 1 2 2 1 2 1 2 1 0 0 2 4 2 4 2 1 2 0 1 2 0 4 3 1 4 4 3 0 0 0 1 3 0 4 4 4 0 4 0 2 4 4 1 3 1 0 4 3 1
3 2 3 2 1 4 4 2 4 4 2 1 2 2 3 1 2 2 3 1 4 0 2 1 4 0 4 1 2 2 4 0 2 2 4 0 3 0 2 2 1 1 1 4 3 4 2 2 4 1 0 0 3 4 1 4 2 0 1 4 0 0 1 4 0 2 4 3 0 3 3 1 4 1 0 4 0 3 4 1 1 4 2 4 1 0 1 3 1 2 4 3 4 2 4 1 1 3 0 1 1 0 3 2 3 3 1 3 3 2 2 4 2 4 4 3 4 2 3 2 4 2 2 0 1 1 2 2 4 4 4 2 1 4 4 4 2 3 4 3 0 1 2 4 0 3 4 2 0 2 4 4 1 2 2 2 0 4 2 0 3 3 4 4 2 4 0 1 4 4 4 1 1 2 1 3 0 0 0 3 0 2 4 3 4 1 3 4 0
0 1 0 3 1 1 2 2 1 3 3 1 3 4 4 2 2 2 4 0 3 2 0 0 2 0 1 0 3 2 3 3 1 3 3 2 2 0 1 3 4 1 1 4 0 0 3 0 3 2 0 3 2 2 3 1 2 4 1 1 3 1 1 4 2 0 3 4 0 1 4 1 2 1 2 0 3 0 0 3 3 2 1 2 4 4 0 3 0 1 4 4 0 3 0 2 3 4 1 0 0 2 4 3 0 1 0 4 2 2 2 2 4 1 4 3 2 4 3 3 2 3 4 4 3 1 1 3 0 4 3 3 2 2 1 2 1 3 3 3 0 3 0 4 4 1 4 1 2 2 1 1 2 2 1 0 4 4 0 4 4 4 2 3 3 0 0 4 0 1 2 0 4 4 1 0 2 2 1 1 2 0 3 4 2 1 2 3 0
2 0 4 3 2 2 2 0 0 3 2 1 3 3 2 4 1 2 2 4 0 3 1 0 3 2 0 4 1 3 2 4 3 1 4 3 1 3 3 3 2 2 1 2 0 0 1 4 2 3 3 2 4 1 0 2 3 0 4 0 3 1 1 2 4 0 0 2 4 0 2 3 2 3 0 0 3 1 1 2 2 4 2 3 0 2 2 0 2 1 0 2 4 1 1 1 4 1 3 0 3 1 3 3 1 0 0 0 3 1 4 0 2 1 0 2 3 3 4 2 1 0 0 3 3 1 4 2 0 4 2 0 2 2 3 4 2 3 1 1 1 0 3 3 2 4 2 2 4 2 0 0 2 2 3 2 0 4 0 0 4 4 1 1 2 1 2 1 2 3 2 3 1 1 2 0 2 4 2 1 1 4 1 0 1 2 3 2 3
0 4 2 1 2 1 3 4 3 2 1 4 4 1 2 2 3 2 1 0 4 2 3 1 1 1 2 0 4 1 3 1 1 3 2 3 4 3 4 4 0 2 0 1 4 2 1 4 1 2 4 1 0 0 2 3 1 1 3 2 3 1 3 1 1 2 1 0 0 3 2 0 0 4 4 4 2 0 4 3 2 0 1 4 0 0 2 1 4 0 3 2 4 3 0 0 1 3 3 1 1 2 4 2 1 3 3 0 0 2 1 2 3 4 2 0 0 1 2 4 2 2 3 3 1 0 0 4 3 0 0 0 2 1 4 1 1 2 3 1 0 4 4 0 1 3 2 3 4 4 4 3 4 2 3 2 4 4 1 2 1 3 4 1 2 3 2 3 1 0 0 3 2 1 3 3 1 0 1 0 2 0 1 3 4 4 0 0 3
3 2 2 1 4 3 3 2 0 4 3 2 1 3 1 4 1 4 0 4 2 0 3 4 1 3 0 3 3 0 1 3 0 0 4 4 3 0 3 3 1 4 3 2 2 4 1 1 1 3 2 3 3 0 0 2 3 0 0 3 3 3 1 3 4 2 4 2 4 2 3 2 1 1 4 4 0 2 2 1 0 4 2 1 1 2 0 4 4 2 4 2 0 0 2 1 4 1 1 1 4 1 3 2 2 3 3 4 2 0 3 0 4 2 1 0 1 3 1 0 0 0 0 2 2 2 1 4 1 2 0 2 0 3 4 2 3 3 3 3 0 3 3 0 0 1 2 1 4 4 4 1 1 4 0 1 3 1 2 4 0 2 1 0 2 3 4 3 1 3 1 1 3 1 3 4 4 3 2 0 4 3 1 2 2 1 3 3 0
0 2 0 4 1 1 4 4 0 2 2 0 0 0 1 1 1 0 0 4 4 0 3 3 3 0 2 1 1 0 1 3 0 2 3 3 0 2 2 2 1 1 0 1 3 1 2 4 3 4 3 4 1 3 2 1 1 2 2 4 2 4 2 4 3 2 2 0 1 1 2 2 4 2 3 3 0 2 2 3 1 3 0 4 3 2 0 1 4 3 0 4 4 3 0 4 2 0 4 4 1 1 1 3 1 2 1 3 1 0 4 0 0 4 4 4 3 0 0 3 0 1 4 1 1 4 0 3 4 4 2 3 2 1 3 0 0 4 1 1 1 0 1 2 4 1 1 2 3 3 2 0 1 3 1 2 0 1 3 1 2 0 4 1 3 2 4 3 3 0 2 0 0 3 4 1 1 0 0 4 0 0 1 2 3 2 1 3 0
4 0 4 0 1 1 0 1 2 1 1 2 3 1 4 3 2 0 0 2 0 1 0 0 3 2 1 2 3 4 3 3 1 4 0 0 2 2 1 4 3 2 1 3 1 0 2 3 2 2 3 0 0 3 2 3 2 3 3 2 0 3 2 1 2 2 1 0 0 4 4 0 4 3 4 0 3 1 0 1 0 0 1 0 0 3 1 4 4 4 2 4 2 4 2 1 4 1 1 4 0 3 1 4 1 2 1 1 0 4 2 0 1 0 3 2 1 1 1 0 0 3 1 4 0 3 0 4 4 4 0 2 2 1 1 3 1 0 4 1 1 4 4 2 1 2 4 2 0 3 4 0 3 0 1 3 1 1 2 0 0 2 4 4 1 3 4 2 3 1 0 1 2 4 3 3 3 0 3 3 3 2 0 1 0 1 2 3 0
4 0 0 4 0 2 2 3 1 4 3 2 1 4 4 1 2 0 4 2 3 0 0 2 0 4 4 2 1 2 2 2 3 4 1 3 1 3 3 0 4 1 4 1 0 1 4 2 1 0 0 1 0 2 0 1 3 0 0 4 4 4 2 2 3 0 2 2 4 0 4 0 1 3 3 1 1 4 1 4 0 3 0 2 0 1 0 4 3 0 0 2 4 2 2 0 3 1 4 4 2 0 1 0 0 2 4 2 1 0 1 1 3 2 4 3 0 4 4 0 2 0 2 3 4 1 0 4 3 1 0 0 1 2 0 2 4 1 1 2 1 2 4 4 1 0 0 3 1 1 3 0 1 1 4 3 2 4 2 0 3 0 2 4 2 0 3 3 1 4 0 0 4 1 4 2 3 1 1 2 3 4 2 1 2 1 4 2 3
4 4 1 4 4 2 3 4 3 1 2 2 3 2 3 2 4 1 2 0 2 4 3 3 2 0 1 0 1 0 3 0 4 1 1 3 4 4 4 4 2 4 1 3 1 2 2 0 3 4 3 0 4 1 0 1 3 1 1 0 3 2 2 3 3 4 3 4 0 0 3 0 4 2 3 2 4 0 0 4 1 3 1 0 4 1 3 0 0 2 0 3 4 4 3 4 0 2 1 1 4 1 3 3 0 1 0 1 3 0 0 4 3 1 2 0 0 2 2 0 4 2 3 0 3 4 0 4 1 3 2 0 4 0 0 0 3 0 1 3 3 2 4 3 0 1 0 0 4 2 0 0 1 1 1 0 0 1 4 3 4 1 0 0 3 0 0 1 2 4 4 2 3 3 1 3 2 1 1 1 1 3 1 2 4 4 2 1 0
3 1 1 1 3 4 4 0 4 2 3 0 1 2 3 2 0 2 4 2 3 2 0 1 3 2 3 0 2 1 2 0 3 4 4 3 3 3 4 4 1 4 0 4 1 3 1 2 2 0 1 2 2 1 1 3 3 1 3 2 2 0 3 2 1 2 1 1 2 2 3 0 1 0 0 4 0 3 1 3 1 4 2 3 0 3 3 1 1 3 3 1 1 3 3 4 2 1 3 0 0 1 0 1 3 2 1 3 1 4 3 2 4 1 2 1 1 3 4 3 1 3 1 4 3 4 4 1 3 4 1 3 2 3 2 0 1 0 0 4 4 4 3 3 2 2 2 3 0 1 3 4 1 4 3 0 1 4 1 1 0 4 1 2 4 0 4 2 0 0 1 0 4 1 0 1 4 2 1 4 1 2 0 2 3 1 4 1 2
2 4 3 1 1 2 3 1 2 0 2 2 2 4 3 3 1 4 4 1 2 4 2 1 4 4 0 2 4 3 0 1 3 3 0 1 0 3 4 2 3 3 1 2 2 4 3 4 0 2 0 3 3 4 4 0 3 1 2 4 0 2 3 0 0 0 1 3 3 0 2 3 4 4 3 3 3 3 4 4 0 4 4 1 3 0 1 4 4 3 0 1 1 3 1 3 0 4 3 0 4 1 4 0 2 4 1 2 2 0 3 4 2 2 0 2 0 1 1 4 0 4 0 3 4 3 3 0 2 2 0 3 0 1 4 4 0 0 1 4 2 2 4 4 1 4 2 1 1 0 2 3 4 2 3 1 0 1 1 4 0 1 3 2 0 4 1 0 1 0 0 3 4 4 3 0 0 2 4 1 4 1 1 1 4 4 2 1 3
3 1 3 1 1 3 1 0 4 4 1 1 4 4 0 0 4 3 2 1 2 1 1 3 2 4 4 2 1 3 2 1 1 0 2 2 3 1 2 0 0 3 3 1 2 1 3 4 4 0 0 3 1 3 1 4 2 3 3 0 1 0 1 2 2 1 1 3 2 3 0 2 1 3 3 0 1 1 1 0 3 2 0 0 2 2 1 2 2 1 4 3 3 1 2 0 4 3 0 1 3 0 3 1 1 3 3 2 1 0 0 4 4 0 4 3 4 2 2 1 3 2 1 1 0 0 4 4 0 4 0 3 2 0 1 3 3 0 0 4 0 0 0 1 3 0 4 2 2 2 1 3 4 2 4 4 0 0 3 0 2 0 1 4 0 2 2 3 2 4 4 4 2 4 0 0 1 0 4 1 2 0 4 3 0 0 2 0 1
2 2 0 2 3 4 4 1 3 2 0 4 3 0 1 4 2 3 1 2 3 2 1 3 3 4 0 3 3 0 1 2 0 3 1 3 4 0 1 2 4 4 4 2 1 0 2 3 4 0 3 4 4 4 4 2 1 0 2 1 2 1 4 2 1 0 1 1 3 4 3 2 3 2 0 4 0 4 0 1 1 3 0 0 4 4 4 2 1 3 4 4 1 0 1 3 2 4 4 0 1 4 0 4 4 0 1 1 1 1 2 2 1 4 4 0 0 3 0 2 3 1 3 0 1 1 0 0 1 4 3 2 0 3 3 4 0 4 0 1 2 4 0 3 3 4 1 1 4 1 0 4 2 3 4 0 4 1 2 0 0 0 4 1 0 3 2 0 4 3 3 2 2 3 2 3 4 0 4 0 1 4 0 0 4 1 0 3 3
0 1 3 2 2 1 3 0 4 0 2 4 4 1 3 4 0 1 1 1 2 1 2 3 1 3 2 0 0 3 3 2 1 1 0 3 0 3 1 1 0 3 0 4 1 3 1 1 2 4 2 1 0 0 0 4 0 4 4 2 4 2 0 0 0 2 4 2 2 0 3 2 0 3 4 1 4 0 2 1 1 0 2 1 2 4 2 2 1 3 1 0 0 3 1 3 0 0 0 2 0 4 2 0 4 1 1 3 3 0 4 4 0 4 2 2 3 0 1 4 3 3 0 1 3 3 1 4 3 1 3 0 2 0 2 4 3 0 2 1 0 4 0 1 3 3 0 3 3 2 0 3 2 2 1 0 0 2 1 0 1 2 0 0 4 4 4 3 4 2 4 4 3 0 2 1 0 3 1 0 2 3 0 4 0 2 4 2 4
3 2 2 0 4 3 4 3 2 2 2 1 2 4 4 4 1 2 1 1 4 1 3 2 1 2 0 0 4 2 0 2 2 4 4 1 2 3 0 2 3 4 3 2 3 0 1 2 2 4 3 3 2 4 3 0 3 3 1 4 2 3 1 4 2 2 1 2 1 3 4 4 2 2 1 3 4 4 0 2 0 0 2 2 1 0 2 0 0 0 4 3 3 3 4 3 0 2 0 3 0 1 4 0 0 2 3 0 1 0 2 3 2 1 0 4 2 0 1 4 0 2 2 1 2 4 1 0 1 1 3 2 2 0 2 2 2 2 4 1 2 3 4 4 0 0 0 4 0 1 3 2 4 3 3 1 2 4 1 3 2 2 0 1 2 4 1 4 1 0 2 0 4 2 0 1 4 0 0 4 4 3 3 3 1 4 1 3 3
0 4 3 2 1 4 1 1 2 2 4 3 0 0 4 4 2 0 3 4 2 2 3 0 2 3 4 1 2 2 2 2 3 0 1 0 1 4 3 4 1 2 4 3 4 0 2 3 0 0 3 2 4 3 4 2 4 3 0 1 3 2 3 1 2 1 1 1 0 1 0 3 4 1 2 0 1 1 4 3 4 2 2 3 2 1 2 1 2 3 2 0 0 2 3 0 0 2 1 0 3 3 1 2 1 3 3 2 1 4 0 0 1 4 4 3 0 3 0 2 3 4 4 1 2 3 1 2 2 4 0 0 4 1 0 0 1 0 4 4 4 4 0 2 0 1 0 0 4 2 0 0 4 1 1 3 1 4 2 3 0 2 4 4 0 1 1 3 1 0 3 0 1 3 2 1 1 4 3 2 4 0 2 3 2 3 1 3 2
3 4 2 3 0 3 3 1 4 4 2 4 2 4 2 0 3 3 3 2 2 0 3 2 3 1 1 1 4 2 1 0 1 0 0 3 4 0 4 0 4 3 2 1 2 4 3 0 0 1 4 4 4 3 3 2 1 0 0 3 2 3 3 0 4 0 3 0 0 4 0 0 2 2 3 4 2 4 4 2 2 3 1 1 3 1 3 0 1 1 3 0 4 3 2 3 3 0 3 0 1 1 2 3 3 1 2 2 2 3 4 4 4 2 1 2 4 1 4 2 2 2 3 2 2 2 2 0 0 3 3 1 4 0 0 2 3 2 0 0 3 1 0 4 1 1 1 2 2 3 4 2 0 4 1 0 2 3 0 2 3 0 0 2 1 0 2 4 0 4 0 3 2 2 2 0 3 0 2 2 3 4 1 1 0 2 1 2 1
3 1 1 4 2 1 0 4 0 1 4 1 1 2 3 3 1 4 3 4 3 3 2 2 4 3 3 2 1 2 0 0 1 3 4 0 4 1 4 4 2 4 0 1 3 1 1 2 2 2 1 0 0 3 0 1 4 0 0 0 4 2 0 0 1 1 2 0 2 2 2 2 3 4 3 3 0 1 0 2 3 3 0 0 2 0 2 3 2 2 0 1 2 3 4 3 4 1 0 4 0 2 1 0 2 1 4 2 2 1 2 3 0 2 3 4 4 2 2 1 0 4 2 2 2 3 2 2 0 2 3 2 0 1 3 4 2 4 3 1 2 0 1 2 4 0 3 3 2 0 1 4 2 1 3 4 4 0 3 1 0 1 4 0 2 4 1 1 0 4 0 2 2 1 0 3 3 3 2 1 1 0 0 3 1 1 4 3 1
3 4 1 4 0 3 4 4 1 2 1 3 2 4 0 1 1 0 4 1 2 0 4 0 3 4 1 4 4 4 2 2 1 1 3 1 1 4 3 3 2 4 3 4 0 0 0 1 0 2 0 0 2 4 0 2 1 3 3 0 0 1 4 1 4 4 2 0 4 2 0 1 4 0 2 4 0 0 3 1 2 3 1 1 4 3 4 2 1 2 4 1 0 3 2 4 0 2 2 4 4 4 2 0 0 1 0 2 1 3 3 0 3 1 4 4 4 0 2 1 2 1 4 0 2 2 1 2 1 0 3 2 2 2 3 2 3 3 4 2 3 0 4 3 1 3 2 1 3 1 4 3 3 3 0 2 2 1 1 3 4 4 3 1 3 1 0 3 1 4 0 4 1 2 4 3 2 3 1 1 0 0 1 0 3 1 2 3 4
0 1 3 4 4 4 4 2 4 2 3 1 0 4 2 2 3 2 1 2 3 2 4 3 0 1 4 1 0 2 1 0 0 1 1 2 3 0 4 2 2 0 0 4 4 3 3 0 2 0 2 1 4 3 1 0 4 2 1 4 1 4 4 4 3 0 1 1 2 2 0 1 4 1 1 4 1 1 4 3 1 3 1 1 3 3 3 2 2 4 3 4 1 4 3 4 4 1 2 1 0 2 2 0 3 0 1 1 2 2 2 3 0 3 1 3 3 4 2 1 1 2 0 4 1 0 0 0 3 2 3 3 1 2 0 2 0 1 3 2 3 0 2 0 4 1 0 4 2 2 0 3 1 2 4 2 2 4 4 2 3 2 1 0 2 3 2 2 0 0 1 0 3 3 1 4 1 3 3 4 3 4 4 4 3 4 2 1 3
1 3 2 1 1 4 3 2 1 2 2 3 3 4 1 3 2 2 0 1 1 1 4 2 0 3 0 4 2 3 0 4 4 2 0 2 1 0 4 4 2 3 2 2 3 1 0 2 3 2 3 4 3 4 3 4 0 1 0 2 4 0 3 3 4 0 3 2 0 2 1 4 3 1 3 1 2 4 0 2 3 4 2 2 0 2 3 0 3 0 0 3 1 0 3 2 1 3 2 3 1 0 0 4 1 3 2 0 4 2 3 3 3 2 2 4 4 2 1 3 2 3 3 0 4 3 0 0 2 2 0 0 2 0 1 4 4 3 4 3 2 2 3 3 1 0 4 1 4 0 1 2 1 1 4 0 1 4 2 0 1 2 0 4 3 1 0 4 1 1 4 1 1 3 4 2 0 3 3 2 0 1 1 1 2 0 1 1 2
3 1 3 3 4 4 3 2 4 2 4 1 3 2 2 3 1 4 1 4 0 3 1 3 4 3 3 1 1 4 3 0 0 2 0 4 3 3 4 3 2 3 1 0 0 0 4 3 1 2 4 3 0 0 2 4 0 0 0 2 4 1 4 1 3 4 3 3 2 2 1 1 2 4 1 4 1 2 4 3 4 3 3 1 0 0 2 1 0 0 3 1 1 2 0 1 1 0 4 0 4 3 1 1 4 4 2 1 4 1 1 0 4 4 2 4 0 1 2 2 1 0 1 4 4 1 0 0 1 0 2 0 0 0 3 4 2 0 0 1 1 1 1 2 1 0 3 3 2 1 0 0 1 1 0 1 4 0 3 0 2 3 2 2 3 2 2 0 4 2 3 0 1 0 4 2 2 3 0 4 4 2 0 2 4 0 0 3 2
4 1 0 4 0 2 4 0 4 2 4 4 0 0 0 2 1 2 0 4 4 1 3 1 1 3 2 3 3 3 1 4 4 1 3 1 0 3 1 2 0 1 1 2 3 1 0 4 0 0 1 1 1 1 2 0 4 2 0 3 0 1 2 1 4 3 4 0 1 1 4 3 4 0 0 4 1 2 0 3 4 1 4 1 3 3 3 2 0 3 0 0 2 0 3 1 3 3 3 1 1 2 4 0 4 1 1 2 4 1 0 3 3 1 1 1 0 1 3 0 0 1 3 4 3 3 0 3 1 1 4 2 0 0 4 0 1 0 2 2 2 0 3 0 1 4 3 1 1 3 4 3 1 4 4 4 2 4 4 4 2 3 3 3 3 0 0 2 2 2 4 4 2 2 1 4 4 1 2 2 0 1 0 3 0 1 3 3 0
2 4 0 3 4 0 1 1 0 0 4 4 0 0 4 2 4 0 1 0 2 0 2 1 2 1 1 3 4 1 1 3 2 1 3 4 1 2 0 3 2 1 2 2 2 3 2 1 3 0 3 3 1 1 4 3 2 2 2 3 1 3 3 0 1 2 4 2 4 2 2 1 3 1 1 2 0 0 0 0 0 4 0 3 0 4 2 2 4 1 0 2 1 3 2 2 2 2 1 1 1 3 0 1 1 3 4 1 3 4 4 3 3 4 2 0 1 1 2 0 2 4 2 3 3 1 0 2 3 3 4 1 1 1 3 2 4 2 1 2 3 2 2 4 1 1 4 2 2 4 4 1 3 3 4 3 0 1 1 0 4 2 2 2 0 2 2 4 1 3 3 4 0 2 0 3 4 0 3 1 4 2 3 4 3 4 3 3 3
1 0 2 3 4 2 3 1 4 4 4 4 4 4 1 1 1 4 0 1 4 4 2 4 4 2 2 0 2 2 3 3 4 3 3 4 2 3 2 1 2 2 2 1 3 3 4 4 4 2 3 4 1 0 0 2 4 2 4 3 1 3 3 0 3 1 4 0 4 4 3 3 1 0 1 4 0 1 3 4 3 1 0 1 4 0 0 0 4 4 4 0 4 2 1 4 1 2 4 2 1 4 1 4 4 4 0 1 0 4 3 0 2 3 1 3 1 3 4 2 3 0 3 4 2 1 4 0 0 0 3 4 0 1 0 1 0 1 3 3 2 3 3 1 3 2 0 4 0 1 2 0 1 2 0 0 0 1 1 2 1 1 1 3 2 2 2 4 3 2 2 2 0 1 3 3 0 3 0 2 4 4 3 2 1 0 3 3 1
1 0 4 2 4 3 4 3 0 0 3 2 3 0 4 1 3 2 1 4 2 0 3 1 3 3 4 3 1 4 1 2 0 1 1 1 1 0 4 1 0 2 0 0 4 4 1 2 3 4 1 3 0 2 1 0 2 1 1 3 0 4 2 2 0 3 3 1 0 4 4 2 3 1 3 2 2 1 2 1 3 0 1 0 4 2 0 1 0 3 4 1 3 3 0 0 1 1 2 3 2 3 1 1 0 1 3 2 4 2 0 2 3 1 4 2 4 0 4 4 0 0 2 0 4 3 1 2 1 3 3 3 1 4 1 3 2 2 1 1 4 1 1 2 3 0 2 4 2 1 3 3 3 1 3 4 1 4 2 4 4 0 2 3 1 4 1 3 1 4 1 2 1 2 0 1 3 2 0 0 0 3 3 3 1 4 3 4 0
2 3 0 4 1 0 0 2 1 0 0 1 1 2 4 4 4 0 2 3 0 4 3 0 0 4 2 4 4 1 4 3 2 1 2 0 1 4 2 3 4 4 1 2 3 0 3 3 0 2 3 2 2 2 4 2 3 3 1 4 2 2 2 4 4 4 4 0 3 3 0 4 2 1 3 2 3 2 2 0 4 1 2 1 0 4 0 3 2 3 2 4 1 1 3 2 0 2 4 0 2 0 1 1 3 4 4 2 3 1 4 3 2 4 1 2 3 4 2 0 2 1 0 0 2 0 2 4 0 2 1 2 4 2 4 2 4 0 1 2 3 1 2 1 0 1 0 3 0 0 3 2 1 0 3 4 1 2 3 1 4 2 0 3 4 4 3 0 1 4 3 0 0 2 3 2 3 3 0 3 3 1 3 2 1 3 1 4 0
1 2 0 3 3 0 0 4 3 0 1 0 0 1 2 3 1 0 3 1 2 4 2 3 2 4 2 0 2 1 0 0 1 2 1 4 0 1 3 0 3 4 0 4 2 3 4 3 0 4 2 2 3 4 1 0 3 0 2 0 3 0 0 4 2 3 3 4 4 2 0 0 3 2 1 3 0 2 1 2 1 3 0 0 4 1 2 2 3 0 4 1 0 2 1 4 0 1 4 2 3 1 2 4 3 3 2 1 0 0 3 3 1 3 3 0 1 1 3 4 3 4 3 3 1 1 4 2 2 0 1 3 1 3 2 2 3 4 3 0 4 3 3 2 4 4 3 2 2 3 4 0 2 2 0 4 3 4 3 0 2 4 3 3 4 2 0 4 1 0 4 3 4 4 2 0 3 0 2 0 3 1 2 3 3 2 4 3 4
4 1 1 3 4 1 4 4 4 3 2 1 2 2 0 1 0 2 2 0 0 4 1 1 2 4 2 1 0 0 2 4 1 0 2 3 4 3 2 3 1 1 4 0 4 2 3 4 4 2 4 1 2 2 0 4 3 2 2 3 4 0 2 3 2 1 3 1 4 2 4 2 3 1 4 2 3 3 1 4 2 3 1 4 2 1 0 1 0 3 4 4 0 2 4 2 0 2 4 0 4 0 4 3 1 4 2 1 4 4 1 1 4 4 1 1 0 1 2 0 1 4 1 1 3 1 1 3 3 2 0 0 4 0 0 3 4 2 4 0 1 2 1 0 1 4 4 3 3 1 0 1 0 2 3 3 0 1 4 0 0 4 0 4 4 0 2 0 3 2 0 1 1 4 4 3 0 3 1 3 1 2 0 4 1 0 4 1 3
3 3 3 3 4 2 4 1 2 0 1 1 2 0 2 3 4 2 4 4 1 2 0 0 4 4 1 1 4 4 4 4 2 4 2 3 4 2 0 1 4 3 2 1 3 1 0 2 4 1 3 0 0 4 0 0 0 3 3 1 4 3 1 1 2 0 2 1 4 2 4 3 2 3 2 1 0 4 0 4 0 4 1 0 0 3 0 0 3 1 4 2 4 2 0 3 2 2 2 2 1 3 0 4 2 4 0 2 3 2 3 3 1 4 4 1 4 1 4 2 2 3 1 3 2 1 4 4 4 1 1 2 4 4 1 1 0 3 0 4 1 3 2 4 4 3 3 0 0 2 2 4 2 0 3 4 2 2 0 3 0 2 0 4 3 4 3 3 2 0 4 0 4 2 0 0 0 3 1 2 2 0 2 4 1 0 0 0 4
0 3 4 4 0 0 4 4 0 0 2 1 4 4 0 1 4 2 4 4 3 3 1 4 0 2 2 2 2 2 1 0 0 0 4 0 3 4 0 3 1 4 4 0 3 1 4 0 4 0 4 2 3 1 3 4 0 0 1 3 2 0 0 4 2 4 2 0 0 4 4 1 3 3 2 3 2 3 3 1 3 0 0 1 3 1 2 3 1 1 3 1 1 3 2 3 0 4 1 0 3 0 4 3 0 3 2 4 1 2 0 1 2 3 2 0 4 0 1 2 3 4 0 4 0 3 4 0 4 0 2 0 2 1 0 0 4 4 4 2 2 2 3 1 0 3 4 1 0 0 3 3 1 1 4 1 1 3 3 0 1 1 2 0 2 3 2 4 2 2 3 1 1 4 0 1 2 4 4 2 1 2 2 4 0 1 1 1 1
4 4 4 2 1 0 0 1 2 1 1 1 1 4 2 0 4 0 2 0 4 1 3 4 3 3 1 1 4 3 3 0 2 2 3 0 4 0 4 4 3 0 2 4 1 2 0 1 2 2 1 4 1 0 0 1 3 1 3 4 1 3 1 0 2 4 1 2 1 2 3 4 4 0 4 0 2 4 1 2 3 0 3 4 2 0 3 2 3 1 3 0 4 4 0 3 1 3 2 2 0 0 4 4 3 3 0 2 4 1 1 2 3 1 4 0 1 2 4 0 3 2 0 4 2 2 4 0 1 2 4 1 2 3 1 2 3 3 0 2 1 1 0 0 3 1 2 1 3 2 1 3 4 3 4 3 1 3 3 2 0 0 0 0 3 3 2 2 1 2 4 3 1 1 0 1 2 2 2 2 4 1 0 1 4 4 1 2 0
2 1 0 2 2 0 0 0 0 4 4 4 1 2 0 4 2 1 2 1 1 4 1 2 2 4 3 3 0 1 3 2 4 4 4 1 1 2 4 1 3 0 1 4 4 3 4 1 2 3 4 3 4 2 2 1 1 0 0 4 3 0 1 3 4 3 1 3 0 0 1 0 2 4 0 1 3 1 4 0 4 4 0 0 1 2 2 3 2 4 2 1 4 0 1 1 3 2 1 0 0 2 1 2 2 3 4 2 4 3 2 0 2 4 0 1 1 4 1 0 0 0 3 2 0 4 3 1 2 1 3 2 3 1 4 2 1 0 4 0 4 3 2 3 2 3 4 0 2 0 1 3 0 4 2 3 1 0 4 3 3 4 2 1 1 3 4 2 4 0 0 0 4 2 0 1 0 0 2 0 2 0 0 3 1 2 1 2 4
2 2 2 1 4 0 4 0 1 4 1 2 4 1 1 3 1 4 1 3 3 1 1 3 3 1 0 0 2 4 1 1 2 3 4 3 0 4 3 2 3 4 4 4 2 0 4 1 1 0 4 0 3 2 0 1 3 2 3 0 2 1 3 1 1 3 4 2 2 0 4 2 4 0 3 4 2 4 0 3 0 1 3 0 4 4 4 2 1 4 0 0 1 3 1 2 1 1 4 0 1 0 4 2 0 4 1 2 4 3 3 4 0 1 1 4 2 0 1 1 0 1 1 3 0 3 0 3 1 2 4 4 4 0 3 2 0 2 4 4 2 2 0 2 1 1 3 3 4 0 1 1 3 3 4 0 3 1 4 1 3 0 2 0 0 2 2 2 4 3 1 2 3 3 1 1 2 0 4 1 2 3 4 0 1 3 1 1 4
2 2 0 2 1 0 4 3 4 2 0 2 0 2 2 4 0 3 3 0 0 4 2 3 3 0 1 3 3 2 4 0 1 4 4 2 1 3 2 2 2 2 0 0 1 4 1 2 3 4 4 3 0 4 3 0 4 4 3 2 1 2 4 4 4 3 1 0 3 0 3 3 3 0 3 4 4 4 3 4 0 3 4 0 4 2 0 3 1 3 2 4 0 1 3 1 1 1 2 4 2 2 4 0 2 2 1 3 3 0 3 3 3 4 3 2 2 3 2 3 3 1 0 1 4 3 2 0 2 1 1 4 3 1 1 2 0 4 1 4 4 1 2 4 0 3 3 4 3 2 0 2 3 0 0 2 0 2 4 2 4 3 3 4 4 1 2 4 1 0 0 2 3 0 2 0 3 0 0 3 3 0 2 3 2 2 3 2 0
2 2 1 0 2 0 1 1 4 3 2 4 3 4 2 3 3 0 3 1 0 4 4 2 1 4 4 4 2 1 1 2 0 2 4 3 4 1 4 4 4 3 3 4 4 3 0 3 3 0 4 0 4 0 2 1 4 1 0 4 4 1 1 0 0 0 0 4 3 1 0 4 4 1 4 3 4 4 3 4 4 2 1 4 4 3 2 1 1 2 0 0 0 3 2 0 0 4 1 4 0 2 0 1 3 4 2 4 0 0 0 0 0 1 1 4 1 0 2 2 2 2 4 4 2 4 4 3 3 2 4 4 4 4 2 4 1 4 0 1 0 0 3 2 3 1 3 4 1 1 3 0 3 3 4 3 2 0 1 2 0 2 3 4 3 1 1 1 0 1 3 2 4 3 4 2 2 3 4 3 1 2 1 1 0 0 4 4 3
2 4 3 4 2 4 0 3 0 1 1 4 1 3 0 0 0 2 2 0 1 2 1 4 3 2 1 1 2 3 4 4 2 2 1 4 3 1 0 1 4 1 0 1 1 0 1 3 4 0 3 3 2 1 4 3 4 0 4 3 0 3 4 2 2 0 4 2 3 4 3 3 2 0 1 0 2 4 4 2 4 2 2 3 4 1 1 0 1 0 3 2 0 2 1 4 0 0 2 0 4 0 0 3 1 1 4 3 0 3 2 4 2 4 0 1 0 1 3 4 2 1 3 4 1 4 4 1 2 1 1 3 1 2 2 4 0 1 0 1 4 2 2 1 4 2 0 1 4 3 0 3 2 0 2 3 2 1 4 4 4 2 2 1 1 1 2 2 2 2 0 3 2 4 2 1 2 2 2 3 2 0 3 4 2 0 4 4 4
3 0 3 3 0 1 1 1 4 3 1 1 0 4 3 0 1 1 4 0 4 2 3 1 0 4 3 2 4 0 1 4 0 0 4 0 3 1 4 2 1 0 1 2 4 4 4 3 3 3 3 4 0 3 0 2 0 3 4 4 0 3 0 1 3 0 3 1 1 4 1 4 4 2 1 1 3 2 1 1 0 4 0 2 0 0 4 0 1 1 1 3 4 1 4 4 3 0 2 1 4 3 1 1 0 4 4 1 2 0 2 2 1 0 0 1 2 1 3 3 2 1 4 1 3 3 0 3 0 0 0 2 3 1 3 1 0 2 4 2 2 1 0 0 1 2 4 4 3 2 4 1 4 3 4 4 4 0 2 1 2 4 3 0 0 1 3 3 0 2 0 4 1 2 0 4 4 4 0 3 3 2 4 4 2 3 0 1 0
0 0 2 4 3 0 0 2 0 0 2 0 0 4 1 3 1 0 2 2 1 2 0 3 3 2 2 2 2 4 4 2 1 4 2 4 1 4 1 1 4 1 3 1 2 4 4 3 0 4 0 3 3 2 3 2 4 0 1 4 1 0 1 2 1 0 4 4 1 0 3 2 3 1 4 0 1 0 0 3 1 2 3 0 0 1 2 1 3 3 0 2 0 4 4 4 1 3 3 3 1 1 2 1 3 1 2 1 4 4 4 0 2 4 2 4 2 4 2 0 4 3 2 2 4 4 1 0 4 4 0 2 3 3 4 3 1 3 4 2 2 0 0 1 4 2 0 1 4 3 3 3 3 3 2 2 2 3 4 3 3 2 3 3 2 4 1 3 2 0 3 1 0 3 3 1 0 0 2 1 3 0 2 3 3 4 2 2 3
2 3 3 1 1 1 3 2 2 3 1 4 1 2 1 1 2 2 4 0 4 0 3 1 2 2 0 2 1 2 2 3 2 0 1 3 3 1 2 2 0 3 3 3 3 4 0 2 1 4 2 2 1 3 3 4 0 3 3 1 3 2 2 0 4 0 1 2 2 3 1 4 4 4 4 2 0 4 4 3 0 2 0 2 0 3 3 2 4 3 0 4 0 4 1 4 0 4 3 4 3 1 3 2 0 2 1 2 4 0 0 1 4 0 0 4 0 0 3 1 3 4 0 0 0 2 1 0 1 1 1 1 2 4 0 4 4 1 1 0 4 1 1 3 1 2 0 4 2 3 0 3 2 1 0 3 0 2 0 3 3 4 2 3 0 4 2 4 3 4 4 2 0 3 2 4 2 2 3 1 1 0 1 0 3 2 0 0 1
3 4 1 2 3 4 2 4 2 4 2 3 0 1 0 3 4 1 0 3 1 4 1 2 0 2 0 2 4 1 3 2 2 0 4 2 1 4 1 3 3 4 3 3 2 4 4 3 0 1 2 2 0 0 1 1 2 1 0 4 4 1 1 1 3 3 3 4 4 0 0 2 1 3 0 3 4 4 2 2 3 1 1 3 1 2 1 1 3 2 0 3 0 3 1 3 3 0 4 2 2 4 4 3 0 2 3 1 3 2 3 1 3 1 2 0 3 3 3 4 2 3 2 2 3 0 2 2 0 4 1 4 0 1 4 2 0 3 4 0 0 4 2 4 1 4 1 4 4 4 3 2 4 2 1 4 3 1 1 0 0 0 0 0 1 4 3 3 2 4 3 0 3 2 1 1 1 2 1 3 3 1 0 4 4 3 3 4 4
2 4 1 2 4 4 0 1 4 0 0 3 3 0 3 1 3 0 4 0 3 2 0 4 2 1 0 3 2 4 4 4 1 1 3 2 2 0 3 1 0 1 1 3 3 4 1 2 1 1 4 4 3 0 1 3 3 3 1 0 0 2 1 1 3 4 3 0 1 4 3 1 0 4 2 0 1 3 2 2 1 2 4 0 4 2 0 2 0 3 3 2 0 4 3 1 1 4 3 4 3 2 3 0 1 0 0 2 0 0 2 2 2 3 4 1 2 4 3 4 2 3 2 4 0 0 0 1 4 4 2 4 1 0 1 4 0 4 4 3 4 1 0 1 1 4 4 3 0 4 2 4 3 4 3 3 2 4 1 3 3 3 0 1 4 3 0 1 2 4 4 3 2 1 1 3 2 0 3 2 0 3 1 3 4 0 3 1 4
4 2 4 4 2 0 3 2 2 2 0 2 1 0 4 3 2 0 0 4 0 0 1 3 1 1 3 3 4 1 4 0 0 3 0 4 0 3 2 3 0 2 2 4 4 1 4 1 3 4 3 4 1 4 4 3 1 4 1 0 3 1 1 3 1 1 3 4 1 0 2 4 4 4 0 3 2 4 2 3 0 0 2 2 4 3 0 0 3 3 3 1 1 4 4 0 2 4 4 3 1 1 4 0 2 4 1 1 3 0 4 1 0 3 3 1 2 0 4 0 3 2 3 2 1 4 2 3 1 3 3 2 1 0 3 3 4 1 4 0 1 4 1 3 2 4 4 1 1 3 1 4 0 1 3 3 3 2 3 4 0 4 1 1 4 1 4 0 2 1 2 0 0 3 3 4 4 0 1 0 0 4 2 3 3 0 1 1 3
2 0 0 1 3 2 2 0 3 2 4 4 0 0 1 0 0 1 2 0 4 2 3 3 1 1 1 2 2 4 2 1 1 4 2 0 1 4 2 0 4 1 4 1 3 3 1 4 4 3 1 0 3 1 3 4 2 2 3 2 3 2 3 0 2 1 0 0 2 2 0 3 0 2 4 1 0 3 2 1 3 3 1 3 2 1 0 4 3 3 1 2 3 0 4 2 3 1 2 2 0 0 1 0 2 2 1 4 0 3 0 1 4 3 4 1 4 4 2 0 0 4 4 3 1 3 2 4 4 1 3 4 1 4 1 0 2 3 4 4 3 1 0 4 4 2 2 1 1 0 1 1 4 0 1 2 3 0 3 2 2 1 3 3 3 4 1 0 4 2 1 0 1 4 4 0 1 2 1 2 4 4 1 0 4 4 2 2 0
0 1 2 3 4 2 1 1 3 3 2 1 0 2 4 4 4 1 2 3 3 4 2 4 2 2 4 2 1 1 2 1 0 4 4 1 3 1 2 2 1 0 0 1 2 4 2 3 0 4 1 0 1 3 0 3 2 1 2 3 2 4 1 4 0 1 1 4 4 0 1 0 0 3 4 0 4 3 3 4 0 2 2 1 0 4 1 0 0 4 3 4 0 0 4 1 3 2 0 4 2 3 1 0 3 2 2 2 1 0 3 1 4 2 4 0 1 2 0 3 3 0 3 4 2 4 0 0 1 2 1 0 2 3 0 0 2 2 2 3 0 2 1 4 0 2 1 1 0 3 0 0 1 0 4 3 4 1 1 2 3 2 2 2 2 0 2 0 2 1 0 4 4 4 1 4 3 2 2 3 3 2 1 4 4 0 2 3 2
3 0 2 3 0 0 0 0 4 2 4 1 0 1 0 4 2 1 2 1 3 3 4 3 4 3 2 1 3 1 0 3 3 0 1 0 0 4 2 1 1 2 2 3 0 4 4 2 0 2 3 4 2 0 4 3 0 1 1 0 4 2 4 0 2 0 0 4 1 0 0 0 4 0 3 4 4 3 3 2 2 1 3 1 3 2 4 1 0 2 1 0 4 0 2 3 3 4 2 4 4 0 4 3 2 0 2 3 3 0 0 2 4 0 3 4 4 4 0 0 1 2 2 1 4 4 1 2 3 1 4 0 1 0 3 0 0 3 3 0 0 1 2 4 1 2 1 1 1 1 3 0 0 0 3 0 4 4 2 4 0 3 4 3 4 3 3 4 3 4 2 3 0 1 0 3 4 1 1 2 4 4 2 0 1 0 2 0 0
1 2 0 0 1 4 4 1 4 0 1 3 2 0 3 4 0 4 3 3 0 0 4 2 3 1 3 3 3 1 0 0 3 1 0 1 2 4 0 1 1 1 0 4 3 0 3 0 1 3 3 4 3 3 1 3 4 1 4 0 2 4 0 2 2 2 1 4 3 1 3 4 4 3 3 3 0 3 3 2 1 4 3 2 4 4 2 0 0 1 0 0 3 0 4 0 4 0 2 2 3 0 2 3 0 2 1 2 1 1 1 4 0 4 3 4 0 1 0 3 4 2 3 2 0 4 0 4 0 4 2 3 1 1 3 3 0 1 0 1 3 4 3 3 3 1 0 1 2 2 4 4 4 4 3 1 3 3 1 0 4 0 4 0 3 4 0 3 1 1 2 4 2 0 4 2 3 1 3 1 3 2 0 0 1 3 3 2 4
4 2 0 1 3 3 1 3 3 0 4 1 4 0 3 1 4 1 4 1 4 2 1 4 2 3 2 3 2 4 4 3 4 1 0 2 4 3 2 3 0 1 1 4 1 0 0 3 3 2 4 4 4 2 0 4 1 3 4 3 4 3 1 3 4 3 3 1 2 0 4 2 4 2 4 0 4 4 0 4 1 4 4 3 2 4 2 3 4 1 3 4 1 1 4 0 0 2 1 4 0 2 1 4 2 0 1 1 2 2 1 0 3 2 3 0 3 2 0 3 3 0 2 1 2 3 4 2 1 2 1 3 2 4 2 4 2 3 2 4 2 3 1 1 2 0 1 1 4 4 4 0 4 3 1 3 1 0 0 4 3 3 2 0 0 1 4 2 0 1 3 2 2 4 0 1 4 4 2 1 3 3 1 4 1 2 3 0 3
0 4 1 1 4 3 1 0 2 3 2 0 1 2 4 2 2 1 2 1 3 3 1 2 1 1 0 3 1 2 1 1 4 4 2 3 2 0 0 1 0 3 2 3 2 3 1 4 4 0 3 0 0 4 4 1 2 1 4 3 4 3 2 3 2 1 3 0 2 3 3 2 3 0 1 0 4 4 2 0 4 2 2 4 1 1 0 1 3 4 1 4 2 3 2 2 0 0 4 4 3 2 1 4 3 4 4 4 3 3 1 4 0 4 3 4 2 3 0 0 0 1 1 4 0 3 1 2 3 0 1 4 3 4 3 3 1 4 4 4 3 0 4 3 1 4 2 4 3 4 1 0 1 3 4 3 3 1 0 2 3 3 3 3 2 1 1 3 2 2 0 0 3 1 1 1 0 3 2 0 0 1 0 1 4 2 1 2 0
3 1 3 3 1 2 0 4 0 1 2 3 1 2 3 4 3 4 4 4 4 2 4 0 4 2 4 1 0 3 1 0 2 2 3 0 4 3 0 1 1 2 4 4 1 2 3 2 4 0 1 3 2 2 3 1 1 4 0 3 4 1 3 3 0 1 4 1 1 4 3 3 3 2 2 4 2 3 1 3 0 2 3 2 1 1 0 4 2 2 2 1 1 0 2 1 1 1 3 0 2 1 0 0 0 2 4 4 2 1 2 2 0 2 1 4 3 4 3 2 1 1 1 2 3 3 1 2 1 4 2 3 2 2 3 4 1 4 4 1 0 3 3 3 1 2 4 1 1 2 4 2 0 0 2 1 0 3 3 1 4 2 4 1 4 4 2 2 3 3 3 1 2 4 1 0 1 0 3 2 4 4 1 0 1 3 1 1 3
1 4 2 3 0 0 4 4 3 1 0 1 2 3 0 1 4 2 2 4 3 4 0 2 0 2 4 1 0 2 1 1 2 1 4 4 1 0 4 1 2 1 0 4 4 2 0 3 0 4 4 3 3 4 0 0 2 1 3 2 1 0 1 0 3 2 4 4 3 0 3 0 1 0 1 0 2 3 0 2 2 4 2 2 1 0 4 3 1 3 2 4 0 3 4 3 1 4 4 1 4 4 1 1 4 4 3 2 2 4 1 1 0 4 3 1 4 2 1 2 2 4 2 4 4 3 2 2 2 4 3 4 3 1 2 3 0 0 2 4 1 3 2 2 2 0 3 3 0 0 1 4 1 0 4 0 3 1 0 1 2 3 2 1 2 4 1 4 4 0 4 1 3 1 3 1 4 3 1 1 3 2 0 4 2 4 2 3 3
2 1 0 2 3 3 1 2 1 1 3 1 2 4 0 0 4 3 4 3 4 2 3 4 3 0 1 2 4 1 2 3 2 3 0 0 1 4 2 3 0 1 4 2 2 1 4 4 4 1 2 1 3 2 0 1 2 3 1 3 0 3 1 2 3 4 3 0 3 2 0 3 0 1 2 3 3 3 2 4 4 1 0 3 0 0 1 3 4 2 1 4 3 0 1 1 4 1 3 2 1 0 2 1 2 1 4 2 4 3 3 4 1 4 4 2 1 0 2 0 0 0 1 0 0 0 3 1 1 4 3 2 4 2 1 3 3 2 2 0 1 1 1 4 0 0 1 1 2 0 4 4 1 0 1 3 0 0 0 4 4 0 3 0 3 4 4 3 2 1 0 0 2 1 1 4 3 3 3 1 0 2 2 3 4 4 2 2 1
2 1 0 4 1 0 2 3 1 3 2 3 3 4 2 0 0 4 3 0 2 1 1 4 1 4 0 0 1 2 1 0 0 3 0 2 0 4 2 2 2 4 2 3 3 4 3 3 3 3 4 2 2 2 3 3 1 4 0 0 3 3 2 4 3 4 3 3 1 0 2 3 4 4 3 4 1 3 2 1 2 3 4 1 0 4 1 4 3 1 4 2 1 3 3 1 3 1 4 4 1 4 4 2 3 3 1 4 1 0 3 0 1 2 1 3 3 4 2 2 2 3 1 3 2 4 4 2 0 1 1 3 0 0 0 0 0 3 2 4 0 0 4 1 4 3 0 2 2 4 1 0 0 2 0 4 3 2 1 3 0 2 1 2 4 3 2 0 3 1 1 4 1 0 0 2 0 2 2 3 4 3 0 4 3 0 3 1 4
4 2 4 3 0 1 4 1 1 1 4 2 2 3 1 3 4 0 0 3 2 3 2 3 0 3 3 3 1 4 2 2 3 4 2 4 0 2 2 3 3 1 1 1 0 4 1 1 4 1 1 4 2 4 2 2 2 0 2 1 1 0 0 2 4 3 3 1 0 0 0 0 1 3 1 3 4 4 4 3 1 1 2 3 2 1 2 1 1 0 4 0 2 0 2 3 0 0 4 0 0 1 2 3 1 4 2 0 3 3 1 1 1 3 1 3 0 4 2 3 1 1 0 3 1 2 3 1 4 4 3 1 1 1 0 4 2 4 2 2 4 3 4 1 1 0 1 3 1 3 4 4 2 4 4 3 4 2 2 3 2 2 2 0 3 4 4 2 3 1 0 4 4 1 0 3 3 4 3 2 4 4 1 1 4 1 2 0 3
4 3 2 3 2 2 2 1 2 1 4 0 3 1 2 1 1 0 0 2 0 4 4 0 0 0 1 3 4 1 4 0 1 1 4 4 4 3 0 3 4 2 0 0 3 2 1 1 4 1 4 0 0 0 2 3 0 3 1 2 1 0 2 2 4 1 3 0 4 4 3 1 1 3 1 1 3 2 2 2 1 3 4 3 3 1 3 1 1 0 3 4 2 0 2 3 4 0 3 3 1 3 1 4 2 2 0 2 2 0 4 3 3 1 3 4 4 2 2 1 4 0 2 3 2 4 2 1 2 0 2 0 4 3 0 3 3 0 0 0 2 1 0 1 2 3 2 2 2 4 0 1 1 2 0 3 4 2 0 3 4 2 3 3 2 3 3 0 1 3 0 3 2 2 1 4 1 0 3 3 4 0 2 0 3 2 4 4 1
1 4 0 0 2 4 2 3 2 3 4 3 0 4 0 3 3 1 1 3 2 1 0 2 3 0 2 0 1 1 1 4 0 2 4 0 3 2 3 0 2 4 0 2 0 2 2 3 4 3 2 1 0 4 3 3 4 3 1 3 4 2 2 2 1 4 4 4 1 2 2 3 3 4 2 3 2 0 4 1 3 3 4 0 2 4 4 3 2 0 3 4 4 1 1 1 2 0 2 3 4 1 3 4 1 2 2 3 4 3 1 3 1 2 0 3 1 4 2 4 1 0 3 1 3 1 4 0 3 3 0 4 0 0 3 1 3 2 1 2 1 2 2 2 4 3 3 2 4 2 1 1 2 1 4 3 4 0 0 4 3 1 0 3 1 3 1 1 3 2 1 1 4 0 3 0 0 3 3 0 0 1 3 3 0 4 3 4 4
3 1 2 4 1 3 3 2 4 1 0 2 2 1 3 0 1 4 0 2 4 0 2 0 0 2 0 1 0 2 0 4 3 0 0 1 0 0 3 4 4 0 3 3 3 2 3 2 3 4 4 4 1 1 4 4 1 2 0 1 1 1 2 1 3 0 2 3 2 3 4 1 0 3 0 4 2 3 3 2 4 2 1 1 0 2 0 1 4 2 0 2 3 4 3 3 4 3 1 4 1 3 0 1 1 2 2 3 3 0 0 2 4 3 0 0 0 2 3 0 0 0 2 0 0 3 1 1 1 2 2 4 2 3 2 3 2 2 3 0 2 0 0 2 3 2 4 4 2 4 1 4 2 0 1 2 3 2 0 1 2 3 2 4 3 0 3 2 2 3 3 1 4 0 0 2 4 1 3 1 1 4 0 3 0 2 2 0 4
4 2 3 4 4 3 2 1 3 2 0 1 0 2 0 2 2 0 1 4 0 0 2 0 2 2 2 1 1 2 3 0 4 1 2 1 4 4 4 2 1 0 1 3 2 1 2 1 3 1 0 4 3 4 1 0 3 3 2 4 0 0 2 2 1 4 0 3 0 4 2 4 4 3 4 1 2 2 3 0 0 0 1 3 2 4 3 0 2 2 0 0 2 2 2 1 1 2 1 1 1 3 2 1 2 2 4 4 4 4 1 4 0 0 4 4 4 2 4 4 2 1 4 1 0 3 2 3 0 0 2 3 4 4 1 3 1 1 4 2 0 0 3 2 2 2 3 2 2 3 3 4 1 2 0 2 0 0 2 2 0 4 2 1 4 4 4 2 0 3 0 2 1 3 0 3 1 0 2 3 3 0 4 2 4 4 1 1 1
3 0 2 3 3 3 4 2 0 1 4 0 3 1 1 2 3 2 3 4 4 3 4 2 2 1 3 3 2 0 0 1 2 4 1 0 4 0 4 4 3 3 2 2 0 3 1 0 0 4 4 2 4 1 1 3 2 4 3 2 1 0 0 4 4 1 1 1 3 1 2 3 1 4 2 1 3 3 4 0 4 0 4 3 1 0 3 1 0 2 3 1 4 0 2 4 1 4 0 1 2 2 4 3 4 2 2 2 0 1 4 0 1 4 0 0 4 1 1 1 3 1 3 2 1 0 3 4 1 0 2 3 0 3 2 4 0 4 3 3 2 2 0 3 3 2 0 3 3 1 4 3 4 4 3 2 2 3 3 0 4 0 4 4 4 3 0 1 4 3 1 1 2 1 1 1 1 2 1 4 0 2 0 0 4 3 4 1 1
3 3 0 0 2 1 4 2 3 1 1 1 4 2 4 3 1 2 4 3 3 0 3 2 0 0 1 3 2 4 2 2 3 4 2 2 1 2 0 4 0 3 3 4 3 4 2 4 1 3 2 1 4 2 3 4 0 2 0 4 1 2 1 1 1 3 4 4 0 1 1 2 4 4 4 4 3 3 3 1 2 2 2 3 2 2 4 4 1 4 3 3 3 4 1 2 4 2 1 2 3 2 4 0 3 3 1 3 4 0 1 3 4 0 1 1 3 0 2 4 2 0 4 2 1 3 4 1 0 1 3 1 0 4 3 1 0 4 1 4 4 3 4 1 3 0 4 3 2 2 0 4 4 4 2 1 4 3 4 0 4 4 1 2 0 4 3 0 0 4 1 2 4 0 3 3 2 2 1 0 4 1 1 1 3 0 4 2 4
3 2 0 4 0 2 4 1 2 2 2 4 0 4 3 3 4 1 0 3 0 2 0 1 4 1 1 1 0 4 0 0 3 1 4 1 0 0 2 3 4 1 2 0 2 0 0 1 4 0 2 4 3 2 2 4 3 4 0 3 0 1 3 3 4 4 4 4 1 4 2 1 2 1 3 0 2 3 3 3 0 0 2 0 2 1 4 2 0 2 0 2 0 0 1 4 1 2 3 0 3 3 3 1 4 1 3 3 1 3 3 3 1 0 4 0 4 0 3 1 2 0 4 2 3 2 3 1 1 4 1 0 2 4 3 3 2 3 4 3 3 2 4 4 0 3 0 1 0 0 2 3 2 1 2 0 3 1 4 0 2 0 2 1 2 0 1 4 0 0 0 3 0 4 3 2 4 0 3 4 0 2 4 4 4 2 0 2 0
4 4 2 1 1 3 3 1 4 3 1 2 0 2 4 4 0 3 3 2 3 4 4 0 4 3 4 1 0 4 1 1 3 0 3 0 3 3 3 4 1 2 1 3 4 2 2 4 0 2 3 3 2 2 4 1 0 0 4 1 4 2 2 3 2 2 0 2 1 3 3 4 0 2 3 4 4 2 0 2 2 3 0 1 0 1 4 3 2 3 1 3 2 3 1 1 3 1 3 4 0 3 0 2 0 3 2 2 3 2 4 0 3 4 3 3 3 2 1 0 0 2 0 2 3 2 3 3 0 3 2 2 1 4 0 4 0 4 1 3 1 0 0 4 1 3 0 1 0 3 3 2 3 4 4 3 1 4 1 3 4 0 1 0 4 3 1 4 2 4 4 0 1 4 2 3 4 2 4 4 2 0 1 0 4 2 3 2 1
1 0 0 1 3 3 3 3 1 2 0 1 4 3 2 3 0 2 3 2 4 4 4 4 1 2 3 0 0 0 2 2 2 4 0 1 4 3 4 1 3 2 4 2 0 1 2 0 4 2 4 0 2 3 4 0 2 2 0 3 4 4 2 1 1 4 2 0 0 4 3 3 1 2 2 1 1 1 1 2 4 0 2 3 0 1 3 3 0 0 3 4 0 2 0 1 3 0 3 3 4 4 3 0 3 0 3 4 4 4 1 3 1 3 3 3 1 1 3 1 3 1 2 3 0 3 1 4 0 2 4 4 1 3 1 4 0 1 1 4 0 2 4 3 3 2 1 1 3 2 0 4 0 2 4 1 2 1 2 2 0 1 3 3 1 1 4 2 2 0 1 4 0 1 4 0 0 3 1 4 0 1 0 0 4 4 3 3 0
0 1 2 4 1 0 2 3 0 4 2 2 3 2 2 1 1 4 1 4 1 2 4 4 2 2 0 2 0 4 4 3 2 2 4 3 4 1 1 1 1 4 4 1 3 3 2 1 3 3 1 1 3 2 0 0 1 1 2 2 2 4 2 4 3 1 2 2 4 1 4 0 2 0 3 0 0 2 3 3 1 1 4 1 4 2 1 2 0 1 4 2 0 3 3 3 4 0 2 1 3 3 1 0 3 2 2 4 4 1 4 2 2 1 3 3 3 2 1 0 0 2 2 0 3 0 0 4 2 4 0 1 3 4 3 3 1 1 4 0 4 4 0 1 2 3 2 0 0 0 2 0 2 1 2 0 3 4 0 0 1 0 3 4 4 2 4 2 0 4 3 4 0 3 2 2 3 4 4 1 4 1 3 4 2 1 4 0 2
1 2 3 4 3 4 3 0 4 3 0 0 1 4 0 1 3 2 1 3 3 2 2 4 1 1 3 4 3 0 1 1 4 2 0 2 3 1 2 2 4 4 2 2 0 4 3 4 1 4 4 4 4 1 0 0 0 3 4 0 0 2 1 0 1 2 2 0 0 2 4 4 3 4 1 1 3 1 0 0 2 4 1 1 2 4 3 4 4 4 4 0 4 1 2 0 0 1 2 0 3 4 1 4 3 2 0 1 0 2 3 4 3 2 3 0 1 1 0 0 3 1 0 2 2 4 4 4 1 4 1 1 3 2 0 1 1 2 2 1 4 3 3 2 0 1 0 1 4 0 1 4 1 4 1 1 3 3 2 1 2 4 3 0 1 3 1 3 1 0 1 2 0 4 0 0 2 0 3 4 2 2 3 0 1 2 3 1 0
1 3 2 2 3 4 3 1 2 3 4 2 0 2 3 1 4 0 1 1 4 0 0 1 3 2 4 2 1 2 2 4 2 1 1 0 0 1 4 2 0 3 2 2 2 2 3 3 4 4 1 3 1 1 1 2 4 0 4 2 0 4 1 2 0 4 0 3 0 4 2 2 4 1 4 4 0 0 2 0 4 1 0 3 2 2 0 3 4 4 0 4 3 3 4 1 4 4 4 2 3 1 4 4 0 1 3 0 1 3 0 2 1 1 0 3 3 0 4 2 2 1 4 0 0 3 1 1 4 2 3 4 4 0 3 4 1 4 1 4 4 2 3 0 3 4 0 3 1 4 2 3 1 1 4 3 1 2 4 0 0 0 4 1 0 0 2 3 4 3 4 3 0 2 3 0 1 3 3 0 0 3 3 1 1 4 1 3 2
0 0 4 2 0 0 4 0 4 2 1 2 1 4 0 1 4 0 4 4 1 4 4 1 3 2 2 4 3 0 1 1 3 0 3 3 2 3 0 1 2 1 1 1 2 1 2 1 3 1 2 1 1 4 2 1 1 0 0 0 2 4 1 0 1 1 0 4 4 0 2 2 3 3 3 0 4 0 3 0 3 1 1 1 0 4 2 3 1 0 3 3 1 1 1 2 0 1 3 4 4 1 3 2 1 1 0 3 3 3 3 4 1 4 0 3 3 0 2 1 0 0 0 3 4 3 0 4 1 4 0 0 2 4 0 3 2 2 1 3 2 1 2 4 1 2 2 1 2 4 3 4 2 0 2 3 3 0 2 4 1 4 2 3 3 4 3 3 1 2 1 3 3 3 4 4 2 2 3 2 3 1 3 0 1 3 3 1 3
2 2 4 2 1 4 2 2 2 0 0 1 1 1 0 1 0 1 4 4 4 1 3 0 4 0 3 2 1 1 2 3 4 1 2 2 2 0 0 2 2 0 3 1 1 3 2 2 0 1 1 4 4 1 2 4 2 0 3 3 2 1 3 3 4 3 0 4 0 0 1 2 3 4 3 4 0 1 3 2 4 2 3 4 3 0 0 2 3 3 2 2 1 1 0 3 4 2 2 4 0 3 3 3 4 2 2 4 0 1 1 1 3 0 0 3 2 0 1 0 1 3 4 4 1 1 2 2 4 4 3 1 2 2 4 2 1 1 3 3 4 2 4 4 2 0 3 1 2 1 4 3 1 3 0 3 0 2 2 1 2 1 4 1 3 3 0 1 1 1 4 3 3 0 2 0 0 2 3 0 3 2 0 2 1 0 0 3 3
2 1 2 0 0 0 0 0 1 1 1 2 2 1 2 3 4 2 0 3 2 2 4 0 3 1 3 3 3 3 3 2 1 2 3 1 3 3 3 4 2 1 3 4 3 0 4 2 4 2 2 1 4 1 3 2 2 1 3 0 1 3 3 2 1 3 0 4 1 3 0 3 0 0 0 3 2 4 2 3 3 4 4 3 3 0 2 2 3 0 0 0 1 0 2 2 3 3 3 4 1 0 0 3 0 0 3 2 1 0 0 0 2 1 0 2 3 2 4 2 0 4 2 1 4 4 0 2 2 3 4 1 3 4 4 0 1 0 4 4 0 4 1 4 2 1 1 3 4 3 0 1 2 2 2 2 3 2 1 3 2 0 1 0 1 2 2 4 2 1 1 0 2 2 4 4 1 3 4 2 3 4 3 0 3 0 4 4 4
3 2 1 3 0 3 2 2 0 3 0 1 4 0 3 4 1 4 0 1 4 2 4 0 2 2 4 2 1 0 3 4 4 4 0 4 2 4 1 2 2 3 0 4 0 3 3 2 4 3 0 0 2 0 1 4 2 2 3 0 2 1 2 1 2 2 0 4 1 3 3 0 4 0 4 4 0 2 3 4 2 4 0 1 1 1 2 0 3 0 0 2 3 2 3 0 1 0 1 4 0 4 0 4 1 1 4 1 1 2 1 3 3 3 2 4 4 4 4 4 2 0 3 2 4 1 3 1 3 4 2 3 1 2 3 2 4 4 4 2 3 2 2 2 0 4 3 1 1 3 0 3 0 3 0 1 1 0 2 1 2 0 4 3 4 4 2 0 3 3 2 4 0 0 1 0 1 1 1 2 4 3 2 1 3 3 3 4 0
2 0 2 4 2 2 4 1 0 1 2 3 4 3 1 1 1 1 2 2 0 2 2 3 4 3 2 4 3 3 0 1 1 4 0 0 2 4 3 4 3 2 4 4 0 0 0 1 4 4 4 4 1 3 4 3 3 3 2 2 2 4 3 0 4 3 0 3 0 3 2 3 1 1 4 3 2 4 0 1 0 1 2 4 4 1 4 2 0 1 1 4 3 4 1 2 0 1 0 2 1 4 2 4 0 1 3 4 2 3 2 4 4 4 3 0 3 2 4 0 1 1 4 4 2 0 3 4 3 0 1 4 4 0 1 4 1 4 4 3 2 3 0 3 0 3 0 3 3 4 3 1 2 4 2 2 1 0 1 1 0 0 2 1 0 3 0 4 2 1 4 1 0 4 4 0 0 4 0 0 1 0 1 3 4 3 2 2 0
4 3 2 1 2 3 3 1 0 2 3 2 4 2 4 3 1 1 0 3 3 0 1 3 3 1 4 3 4 1 3 0 1 2 1 3 0 1 1 1 1 0 0 0 2 1 0 0 4 1 0 2 1 1 0 2 0 1 0 4 2 4 1 0 1 2 0 4 0 2 0 1 4 2 1 3 3 2 0 2 0 1 4 3 4 1 0 4 2 1 0 1 2 1 3 0 0 3 4 3 0 1 4 1 0 3 4 3 2 0 2 2 3 3 0 4 4 3 1 3 4 3 1 3 0 4 3 2 3 3 0 0 1 2 4 2 0 3 2 2 0 0 4 0 3 1 0 0 1 1 0 0 4 2 3 1 1 4 1 1 4 3 4 0 0 0 4 0 0 2 4 1 4 3 3 4 2 3 4 3 1 2 1 3 4 1 1 2 0
2 1 4 3 2 2 3 2 1 1 2 0 0 0 4 1 4 4 3 4 0 3 3 2 1 1 3 3 4 3 0 4 1 0 2 3 4 2 2 2 3 1 0 4 2 4 0 3 0 0 2 3 0 2 0 2 3 1 0 0 1 2 4 2 4 3 2 3 0 1 3 4 2 3 0 1 4 2 4 0 4 4 3 4 1 0 3 2 3 0 2 4 3 3 3 2 1 0 1 1 1 1 2 1 4 2 2 3 1 2 0 0 3 3 0 4 1 3 1 4 4 0 4 2 3 2 1 4 0 2 3 3 0 0 4 4 0 4 3 1 3 3 2 1 4 4 0 0 4 2 4 0 4 0 4 3 0 1 4 0 0 2 3 1 0 0 0 2 4 0 0 4 1 4 0 2 3 0 2 0 4 3 0 4 1 0 4 1 1
3 1 3 1 1 4 3 3 2 0 2 4 0 3 0 0 3 2 0 4 1 0 0 2 1 1 3 3 0 4 1 4 2 4 2 3 1 0 2 3 2 1 2 2 0 0 4 3 4 0 4 3 2 2 0 0 3 0 3 1 4 4 0 3 1 4 1 4 4 0 2 3 4 1 2 4 3 2 4 3 4 1 3 1 3 3 2 3 0 0 4 4 2 1 2 0 2 0 4 1 3 3 1 2 1 4 1 2 1 2 2 0 3 0 3 3 0 0 4 0 3 0 4 2 4 3 4 1 0 3 0 3 3 1 0 1 0 3 3 3 1 0 0 1 0 4 2 2 1 1 2 4 1 1 3 2 1 2 4 4 2 4 2 2 0 0 4 3 3 4 1 1 2 2 0 4 1 2 2 4 0 4 1 3 3 4 1 4 4
0 0 1 4 0 4 1 0 0 4 0 1 1 4 3 0 4 3 3 3 0 2 3 4 3 3 2 3 4 4 4 1 4 0 0 4 1 4 1 3 3 2 0 1 1 3 1 2 1 1 0 1 4 0 1 2 3 0 2 0 4 1 1 1 4 4 0 0 3 2 1 3 1 1 2 4 4 0 1 3 2 3 4 1 3 2 0 3 0 0 3 4 3 2 0 2 1 3 0 4 2 1 4 3 2 1 2 3 2 0 1 4 3 1 2 3 0 2 1 0 2 2 2 1 1 4 0 2 2 0 3 1 1 2 4 0 1 3 4 0 3 0 4 3 3 1 1 4 0 0 1 0 4 3 3 0 0 3 2 4 4 2 1 2 1 2 0 2 3 4 2 1 1 3 0 0 1 3 1 4 0 2 4 4 3 2 4 3 0
3 2 1 2 0 1 4 3 1 3 1 0 1 4 3 1 1 3 0 0 4 4 0 4 3 2 4 2 1 4 4 2 3 1 4 4 4 3 2 0 4 0 2 0 4 0 3 3 1 3 0 2 2 0 1 2 4 2 4 3 1 4 0 0 2 1 1 1 2 0 1 1 0 0 3 1 2 1 4 3 0 4 1 4 2 4 2 1 2 1 4 0 0 1 0 2 0 3 0 2 3 3 3 3 3 3 2 3 4 3 1 1 3 4 3 2 1 0 0 3 3 2 3 1 3 1 0 3 1 1 2 0 4 2 0 0 0 2 3 2 1 1 0 1 3 3 0 4 0 0 4 1 2 4 2 3 2 4 3 4 0 1 4 2 3 4 4 4 4 4 3 2 2 3 3 0 4 0 1 4 0 0 2 0 0 4 3 2 4
3 1 1 4 2 0 0 2 4 4 3 0 4 0 3 2 0 0 3 0 2 0 2 2 2 2 4 2 2 2 3 1 0 1 2 3 4 2 2 0 3 0 1 2 0 1 2 0 1 0 2 0 0 4 0 3 2 4 2 1 3 2 4 4 0 2 4 4 4 1 0 0 3 1 2 0 2 1 2 0 2 4 1 4 3 3 4 2 2 1 1 3 0 0 4 1 4 3 0 4 1 0 1 1 3 3 1 2 0 3 3 4 4 1 3 4 4 0 2 3 1 0 1 4 0 0 0 0 0 0 1 3 3 2 4 1 2 2 4 4 2 4 3 1 0 4 1 1 4 0 4 2 0 3 1 0 0 1 2 3 4 0 1 2 4 3 3 2 0 4 1 3 3 2 1 0 1 2 1 2 2 3 4 4 3 1 0 3 4
4 3 3 2 2 0 1 0 1 3 2 0 2 2 1 4 4 1 2 3 3 4 3 3 0 2 1 3 4 1 3 4 0 3 1 2 1 4 4 2 0 3 4 2 1 0 3 2 4 2 2 4 1 0 2 3 3 0 2 2 3 2 3 3 0 1 2 3 1 3 2 1 2 2 0 3 4 3 2 0 0 4 4 3 0 3 3 0 0 0 4 4 4 3 4 2 1 2 0 4 0 3 2 4 2 2 2 3 2 1 4 4 1 0 4 3 4 3 0 4 0 4 0 0 4 0 2 1 4 2 2 1 2 0 1 4 2 0 3 2 2 4 1 0 4 1 0 3 4 0 0 1 4 0 1 1 0 0 2 1 0 1 3 2 1 4 4 1 4 2 3 3 1 4 3 0 2 3 1 3 3 3 0 0 3 3 1 1 1
0 2 1 1 2 3 0 1 2 1 3 1 4 1 4 0 2 2 3 0 0 3 1 3 3 3 3 4 1 4 0 1 4 1 4 1 1 4 3 1 0 3 4 1 4 4 2 1 3 2 4 3 0 2 1 1 2 4 0 3 1 0 4 0 1 0 1 4 0 1 0 2 4 2 4 1 1 3 4 4 0 0 4 2 4 0 3 1 1 3 4 2 3 0 4 1 1 1 3 3 4 0 0 1 2 1 4 3 4 0 4 4 1 3 2 0 0 2 4 2 1 3 1 1 4 1 0 2 2 3 0 3 3 0 1 1 2 0 1 3 1 3 0 2 1 2 4 2 1 3 1 2 4 2 4 0 3 1 2 2 4 2 1 4 4 2 0 3 0 4 2 1 2 2 0 3 1 1 2 2 2 0 0 1 3 1 1 1 2
3 1 3 2 2 2 1 1 0 0 1 4 4 4 1 1 1 1 2 3 1 1 0 1 3 1 4 4 2 3 3 2 4 3 4 3 1 2 1 3 4 0 2 3 4 0 4 1 3 3 1 4 0 1 1 3 4 2 0 1 2 0 0 1 4 1 1 2 3 3 0 3 3 4 1 4 4 3 0 2 1 1 4 1 4 0 2 3 4 2 1 2 2 1 0 3 2 2 2 3 0 2 1 0 3 4 4 2 2 2 2 4 0 1 2 0 3 4 0 4 3 2 1 3 0 2 1 0 1 1 3 3 3 1 3 4 0 4 3 3 1 0 4 4 3 3 1 3 0 1 3 3 3 1 1 1 0 0 1 1 1 1 4 1 2 4 2 2 4 1 2 2 1 3 1 2 2 2 2 2 4 0 2 4 2 1 0 4 3
3 1 1 4 2 2 1 2 0 1 1 3 3 3 1 2 0 3 1 4 1 0 3 3 4 0 2 0 0 2 3 1 3 1 0 0 4 2 4 1 3 0 1 3 1 2 2 3 1 3 2 4 0 1 4 0 1 2 2 3 4 3 4 4 4 2 1 0 4 1 3 4 3 4 2 4 2 2 2 3 2 0 4 3 3 3 0 1 0 2 1 1 0 3 2 0 0 4 0 1 2 4 0 0 3 4 2 0 3 4 0 1 1 1 4 1 0 1 2 2 3 1 4 1 4 3 3 1 2 3 2 1 4 4 2 0 0 4 2 4 0 0 0 2 1 1 0 1 2 0 1 2 1 2 3 2 0 3 3 3 2 0 1 3 1 3 0 1 4 3 2 0 3 4 4 1 0 4 0 4 4 1 4 0 3 4 4 3 3
2 3 2 4 0 0 2 0 3 4 0 1 3 0 1 3 4 4 0 0 4 0 0 0 1 2 3 0 4 4 0 1 4 2 3 4 0 0 0 3 1 2 1 0 2 4 3 3 3 0 0 3 0 2 3 3 0 4 4 4 0 1 2 4 4 0 1 4 3 3 4 4 0 2 1 4 1 1 4 4 2 4 4 4 2 0 3 4 1 4 0 1 0 2 2 1 0 3 0 0 1 1 1 3 3 3 2 1 1 1 3 3 3 2 3 0 2 3 4 0 4 1 1 4 3 1 1 0 4 3 0 3 2 2 1 0 2 1 4 3 2 2 4 0 4 4 2 4 2 3 1 1 4 0 2 0 1 3 2 2 4 3 0 1 2 4 3 1 0 2 1 4 4 0 2 1 4 4 2 3 3 3 4 4 3 2 4 1 2
2 4 1 2 4 4 1 0 3 4 0 2 0 0 4 1 2 2 2 3 4 1 1 4 2 3 0 4 4 1 4 3 0 2 0 2 2 3 2 2 4 3 4 0 0 0 3 4 2 2 2 3 3 1 3 1 4 3 2 3 4 1 2 2 4 4 4 3 0 1 0 4 1 1 1 1 2 1 0 4 4 0 3 2 1 3 3 0 3 3 0 4 4 4 1 0 4 0 0 1 4 2 0 0 4 4 4 3 0 4 4 4 4 2 2 2 2 2 4 0 0 0 0 2 4 1 4 0 4 0 1 3 2 2 0 3 1 4 1 3 1 1 3 2 0 0 0 0 4 4 0 2 1 0 4 1 4 0 1 3 2 3 3 2 2 0 0 0 0 4 3 3 2 1 0 4 3 2 4 0 2 0 2 3 2 3 1 1 0
0 1 3 3 1 0 2 2 2 4 2 1 2 0 0 1 2 0 1 0 1 3 4 1 0 4 1 0 1 2 1 1 1 4 1 2 1 0 4 3 4 3 2 1 0 4 4 0 4 3 0 1 1 1 4 4 0 0 4 3 0 0 4 1 1 2 0 2 2 2 3 1 0 2 0 3 1 1 0 1 4 0 4 3 3 0 2 3 3 1 2 3 4 3 1 0 3 1 0 2 3 3 1 1 0 1 1 1 4 1 4 1 3 0 4 1 1 1 1 1 4 0 4 3 1 0 1 4 3 1 1 2 4 2 0 1 0 1 4 2 4 4 3 2 1 2 0 2 0 1 0 1 2 4 0 3 1 1 4 0 4 0 4 3 0 1 1 2 4 0 4 3 4 2 2 1 1 2 0 3 0 1 0 2 2 2 2 4 0
1 1 4 4 2 4 1 3 0 3 4 0 0 2 2 2 1 0 1 3 2 1 3 3 3 3 3 2 0 4 2 4 2 3 3 4 2 4 4 2 4 3 0 4 2 2 4 3 2 2 1 4 3 1 0 2 1 0 4 2 4 4 3 1 2 3 2 2 2 3 4 3 1 1 3 3 0 4 3 2 1 4 4 4 2 1 3 4 3 0 3 2 1 1 0 0 4 4 2 3 2 2 3 0 0 1 0 1 2 3 0 3 4 1 0 3 2 0 2 2 0 2 4 3 0 1 4 4 2 1 4 1 0 3 1 1 1 3 2 4 3 4 2 2 1 4 1 0 0 0 3 2 0 4 1 0 1 0 0 0 3 1 2 4 4 0 2 1 4 4 2 2 0 1 2 1 1 0 2 1 2 0 3 2 1 1 3 2 1
0 0 0 1 2 1 3 4 3 4 3 4 3 3 4 4 2 1 0 2 0 1 1 2 2 4 3 3 4 3 2 4 3 4 0 2 0 3 1 0 4 2 4 4 0 3 4 2 1 4 1 1 3 2 0 2 3 4 0 2 4 4 1 4 0 4 1 0 4 4 0 1 1 1 0 3 0 4 0 3 4 3 2 4 3 2 1 1 3 3 4 4 0 0 3 0 4 4 3 1 1 0 2 2 2 2 1 4 2 3 2 3 4 4 2 2 4 0 3 2 0 2 2 0 0 2 3 1 4 1 2 0 1 4 2 0 2 0 4 4 1 4 4 0 3 3 2 2 3 2 2 0 0 1 1 0 3 4 3 2 2 1 4 0 0 2 1 4 4 0 0 0 4 4 2 0 2 4 4 2 2 3 3 4 4 1 1 0 2
4 4 4 0 4 4 3 3 0 2 2 3 3 0 4 2 2 1 2 4 1 1 3 4 4 2 1 2 0 3 4 4 2 0 2 1 0 0 4 2 2 4 2 2 1 4 2 0 0 4 4 1 0 4 3 2 3 1 4 3 4 1 0 1 1 2 0 3 2 4 3 1 0 0 1 1 4 3 2 0 2 3 3 4 3 3 1 1 1 3 2 0 4 2 4 2 4 4 1 3 0 4 1 1 4 2 4 1 0 3 3 4 2 3 4 2 2 2 0 3 0 2 1 1 1 0 4 2 4 0 0 1 1 4 4 2 3 4 3 1 2 3 0 1 2 1 0 1 1 3 1 1 2 2 0 4 4 4 1 0 1 4 2 2 0 1 4 3 2 0 4 2 3 2 0 2 0 1 3 1 4 0 0 1 4 0 2 4 1
4 1 4 0 3 1 0 2 2 3 4 4 0 1 0 4 2 2 4 0 1 3 1 3 3 4 2 0 2 3 3 1 0 2 1 0 0 3 2 4 3 2 4 3 0 4 4 4 3 1 4 4 4 0 2 4 0 2 1 2 0 4 0 2 1 3 3 1 1 2 0 4 1 1 0 2 2 1 1 1 2 3 0 3 0 0 2 0 4 0 4 1 4 1 4 2 4 4 3 2 1 1 4 3 2 1 2 0 2 0 1 0 3 3 3 4 0 3 1 4 0 1 1 0 2 0 2 4 1 3 3 2 4 2 0 3 3 2 3 1 3 1 3 3 0 3 2 0 3 4 2 4 2 3 1 4 0 3 0 1 3 4 3 2 1 1 1 2 0 1 0 0 3 3 4 0 3 3 2 2 2 4 1 1 4 2 3 4 2
3 2 1 2 1 0 1 4 3 0 4 2 0 0 0 0 1 2 3 4 4 0 4 4 3 0 3 2 3 0 2 4 2 0 3 0 0 1 4 1 1 1 3 3 3 0 3 4 2 4 0 1 1 4 2 0 2 3 4 0 3 1 4 2 1 0 3 4 1 4 2 3 2 0 1 0 0 2 1 4 1 2 2 2 1 0 4 3 0 4 1 0 2 2 2 1 2 2 0 4 4 2 4 1 4 0 2 1 4 3 0 0 0 2 0 4 4 1 4 4 0 0 4 3 3 4 4 2 1 1 1 0 0 2 4 1 0 1 2 4 1 4 2 4 3 4 0 3 0 4 4 1 0 4 1 0 3 2 4 1 0 3 4 0 0 3 3 0 1 0 2 4 1 4 3 4 3 3 4 0 0 4 1 0 0 4 2 0 3
3 1 3 1 2 0 2 0 3 4 3 0 1 3 1 2 3 3 0 4 2 1 4 3 4 1 3 1 0 3 1 3 0 0 0 4 2 4 2 3 3 0 3 2 0 2 4 1 0 2 0 4 0 4 3 1 0 1 2 0 2 4 0 2 1 0 3 0 4 0 3 0 1 4 2 3 3 1 4 0 3 4 4 3 0 4 0 2 3 4 4 0 0 0 4 1 0 2 4 2 3 2 2 1 3 4 4 1 2 1 1 3 0 3 1 3 2 3 0 2 3 0 2 3 2 1 2 2 4 1 1 4 0 3 0 4 4 1 2 4 2 1 2 0 4 3 3 3 4 0 1 2 0 0 2 2 2 1 2 1 2 3 0 0 4 2 1 0 3 3 4 3 1 1 3 2 2 1 3 1 1 1 0 4 1 2 3 3 4
2 1 3 3 3 3 2 0 1 2 1 2 4 4 3 2 2 1 4 0 4 2 3 0 2 4 1 2 0 2 3 2 3 1 0 4 2 4 4 0 4 2 2 3 3 1 0 0 4 2 2 3 4 3 0 4 2 3 1 4 0 1 2 1 4 4 0 1 1 1 4 0 4 1 0 2 2 2 0 1 4 4 1 1 2 3 0 2 2 3 1 4 4 0 0 3 2 0 2 3 4 1 0 0 4 0 4 2 4 4 0 1 1 4 2 0 2 4 4 4 2 1 1 3 3 1 3 2 4 0 0 3 3 2 3 3 4 2 2 4 4 4 0 0 3 2 2 3 3 2 4 2 0 0 0 3 2 3 1 1 1 3 1 1 1 4 1 2 3 3 1 2 3 1 4 3 0 4 1 3 1 1 0 1 1 2 1 3 3
4 1 4 0 2 2 3 3 4 0 2 2 2 1 2 0 3 1 3 2 4 1 0 0 4 3 2 3 4 2 1 1 1 2 1 0 0 4 4 4 4 3 3 3 1 1 4 1 4 2 0 3 0 0 4 1 0 3 0 2 2 1 3 0 4 1 1 1 0 2 0 1 2 3 0 3 1 1 2 2 0 2 1 2 0 2 4 2 2 1 4 1 2 2 2 3 0 3 4 0 0 1 4 2 2 1 2 3 4 1 3 4 4 4 1 1 3 2 3 2 3 3 3 3 2 2 1 3 0 3 0 2 4 4 1 1 2 1 2 1 2 0 0 3 1 4 4 1 1 0 0 2 0 3 0 2 3 3 2 0 1 0 3 3 4 1 1 4 4 3 0 2 0 3 2 3 2 4 4 0 4 4 4 4 0 4 3 0 0
3 0 3 3 0 1 2 2 0 3 3 0 4 2 1 2 0 4 1 4 1 1 3 2 3 4 4 2 4 4 4 2 0 3 0 0 1 3 4 1 3 3 2 2 2 0 4 2 1 2 3 4 1 3 2 4 2 3 3 2 3 3 4 0 1 0 0 4 0 2 1 3 2 0 3 4 0 4 4 3 2 2 3 3 1 2 4 3 0 2 2 3 0 4 3 3 4 1 3 1 3 1 1 2 3 4 1 0 4 0 3 1 0 3 1 1 0 0 1 1 2 4 1 0 3 2 0 4 3 0 2 3 1 3 0 1 3 3 1 4 1 2 2 1 0 3 4 1 0 0 4 4 1 0 4 1 2 0 2 2 0 4 0 4 3 2 0 3 3 4 4 1 1 1 4 1 4 3 4 4 0 3 3 2 1 0 0 3 2
3 1 4 2 3 0 2 3 3 2 3 2 1 4 0 2 3 1 3 3 3 4 3 1 0 2 2 2 3 3 4 1 1 3 0 1 1 3 4 4 2 2 3 1 3 3 0 1 1 4 4 4 0 3 3 2 0 2 4 0 2 3 1 3 4 2 0 0 2 1 1 4 1 4 2 4 2 3 3 0 4 4 0 4 4 0 2 2 2 3 2 0 2 4 0 3 3 2 0 0 1 3 1 2 2 4 3 1 2 3 1 3 3 3 2 2 3 1 4 3 0 2 0 4 3 0 4 1 3 4 3 4 2 4 3 1 0 3 2 4 2 0 2 2 4 2 4 4 0 1 2 0 0 2 4 3 0 0 1 3 4 4 4 3 0 4 4 1 2 3 2 1 4 2 3 0 4 3 4 4 1 4 2 1 1 3 4 3 4
2 3 3 1 2 4 1 3 3 4 1 4 4 2 3 1 1 0 2 1 4 1 2 0 3 3 4 2 4 2 3 1 1 3 4 0 2 2 4 3 4 0 2 3 4 2 4 2 2 1 3 3 4 0 4 0 0 3 4 1 2 2 4 3 0 3 4 3 1 3 3 2 0 0 0 1 4 1 4 3 4 2 1 0 0 2 0 2 2 4 4 0 3 3 0 1 4 4 4 2 4 4 4 1 4 1 3 3 2 4 3 3 1 4 3 3 4 1 1 3 2 2 3 1 0 4 2 1 0 3 3 2 2 4 0 3 0 0 3 4 4 1 4 3 2 3 1 1 4 2 0 1 4 0 4 2 1 3 0 4 1 4 3 0 0 3 3 3 1 1 2 0 4 2 3 2 2 0 0 3 4 0 4 1 3 1 0 4 4
0 0 3 1 3 3 2 4 4 0 0 2 4 2 2 3 1 4 0 3 1 0 4 4 0 0 2 3 0 3 2 1 4 0 2 2 4 1 1 0 3 3 2 3 1 4 3 4 0 1 2 2 1 3 1 3 4 0 1 1 3 1 4 2 1 4 2 2 0 0 2 1 4 0 4 2 1 4 1 2 0 3 1 2 3 4 0 4 4 4 1 4 0 2 4 1 1 1 1 4 3 0 0 4 2 1 1 4 0 2 3 1 2 1 0 1 0 0 0 1 4 3 0 1 1 4 0 4 2 1 3 1 3 0 0 1 1 2 0 2 4 0 0 2 1 0 0 3 2 0 4 4 4 1 0 2 1 0 1 0 3 0 1 2 0 4 3 4 1 0 1 2 0 3 1 3 3 1 3 0 4 4 4 0 0 0 2 3 2
3 4 1 0 2 3 3 1 3 2 4 3 0 2 0 3 0 3 3 4 3 3 0 2 0 0 2 2 2 1 4 2 2 0 0 4 0 3 1 3 2 2 3 4 1 3 4 2 3 2 3 1 2 3 3 4 3 1 1 2 4 3 1 3 0 1 2 1 1 0 1 3 3 0 4 4 3 3 3 2 2 1 0 2 4 4 1 4 2 0 1 3 3 0 1 3 1 3 1 3 1 3 3 1 0 0 0 3 0 1 2 3 4 3 2 1 4 3 0 1 0 4 4 3 4 2 4 2 2 0 2 3 0 1 4 0 3 2 1 3 0 3 3 4 3 0 0 2 1 1 0 1 2 1 0 1 3 1 3 1 1 1 1 2 4 3 4 2 0 0 2 0 4 1 1 2 1 2 2 2 0 2 1 2 4 1 3 4 2
3 0 0 1 4 4 0 2 4 4 4 4 4 1 0 0 2 0 3 4 2 3 4 1 4 1 2 2 1 2 1 2 4 1 3 3 3 1 0 2 0 1 1 1 2 4 1 0 4 2 4 1 0 1 4 4 4 2 3 3 4 4 0 3 2 3 4 0 4 1 2 2 3 1 3 0 0 2 0 4 4 2 2 1 0 3 2 4 0 0 2 4 1 4 0 3 3 4 4 4 2 3 3 0 4 4 3 1 3 0 0 4 2 4 0 4 3 4 4 0 4 3 2 2 3 2 0 3 3 4 4 2 3 0 3 4 4 1 1 2 3 3 1 3 0 3 2 0 2 3 0 3 2 2 0 2 1 0 2 4 2 3 4 2 3 2 3 4 0 4 3 3 0 4 1 0 4 4 0 1 4 0 1 3 0 1 0 1 4
4 3 3 3 2 0 3 4 3 3 1 0 1 1 0 3 3 0 2 4 2 1 3 4 4 2 4 1 4 1 2 1 4 0 1 1 2 4 2 2 4 3 4 3 1 4 3 4 1 2 0 0 3 1 0 0 0 4 3 1 0 0 2 4 2 0 2 1 0 4 0 1 4 0 1 3 1 4 2 0 2 0 0 2 3 0 2 3 0 0 4 2 2 4 4 4 4 1 0 1 3 1 3 4 3 4 2 4 1 2 4 3 4 0 2 2 2 0 0 4 0 1 2 0 0 1 4 0 4 2 1 4 0 1 1 3 3 3 4 4 2 4 4 1 1 1 3 0 1 0 0 4 2 4 4 4 0 0 4 1 4 3 3 4 1 4 4 4 2 1 0 2 2 4 0 3 3 4 0 1 1 0 2 0 4 3 0 1 4
1 0 0 4 3 2 1 2 1 2 1 2 0 3 4 1 4 4 4 0 0 1 3 2 0 4 2 4 4 0 0 2 0 0 4 3 2 2 0 1 4 2 0 4 2 2 1 3 3 2 3 0 0 4 3 1 3 2 0 4 2 2 1 0 4 0 3 4 2 1 0 4 0 2 0 4 4 1 3 0 1 3 0 1 2 3 2 0 0 4 1 0 3 3 0 3 0 0 2 0 1 4 4 3 3 4 3 0 3 1 0 4 4 0 0 4 4 0 1 1 1 3 3 0 3 0 3 3 1 2 3 4 3 4 3 1 4 3 1 4 4 3 3 0 4 0 4 0 2 3 3 4 1 2 4 4 2 4 4 0 3 0 0 1 4 0 4 0 3 3 4 4 1 4 4 0 2 1 0 4 1 1 0 2 3 4 3 2 0
2 3 3 2 0 1 4 0 1 4 0 4 1 4 2 2 0 3 4 3 0 1 4 1 1 1 1 3 4 1 3 4 4 4 1 1 2 2 3 0 2 3 1 0 2 4 2 2 4 4 1 4 2 0 3 3 4 1 3 0 2 4 4 3 0 3 4 2 0 2 3 4 0 1 4 4 0 4 4 4 0 0 1 2 2 1 2 3 2 1 4 0 0 0 3 0 3 0 4 1 4 4 0 2 1 2 1 3 1 0 0 1 2 1 3 2 4 2 0 1 3 1 1 3 2 2 0 2 4 0 3 3 4 4 2 0 1 4 1 4 1 1 2 4 4 2 3 3 4 0 4 3 2 3 3 1 2 4 3 1 4 4 1 0 0 4 1 1 0 4 2 3 0 4 2 4 1 2 4 0 3 0 0 0 3 4 3 2 3
3 3 4 2 2 4 2 3 2 0 0 1 2 3 3 3 3 4 4 0 3 2 3 4 2 0 4 3 3 2 3 2 2 2 4 1 4 4 4 3 4 1 0 4 0 0 2 3 0 4 3 0 3 2 4 0 4 1 4 3 3 2 2 2 2 3 4 3 2 0 1 4 2 3 3 2 4 2 2 4 1 0 4 4 4 1 2 4 4 3 4 2 2 1 1 1 1 2 4 4 3 1 3 2 4 3 1 3 0 3 4 4 0 1 0 0 4 2 1 3 2 2 2 0 0 3 1 1 3 1 0 1 4 0 0 3 0 1 4 1 1 0 2 1 3 2 3 2 0 4 2 4 3 4 4 3 0 3 0 0 1 2 1 0 0 3 3 0 4 4 3 2 2 0 3 0 3 2 0 0 3 2 4 2 4 4 0 1 4
2 1 0 2 4 0 2 2 0 4 3 2 3 0 4 3 3 1 1 2 1 1 1 4 3 3 0 4 0 1 3 3 4 3 0 3 0 4 2 2 3 0 4 1 2 3 2 2 0 3 0 3 2 1 4 2 1 4 1 1 2 4 1 1 4 3 1 1 2 3 3 3 0 3 4 4 3 1 2 0 2 4 1 1 2 0 3 3 2 1 1 4 0 3 3 1 1 4 4 1 0 2 4 0 2 0 0 3 4 4 0 1 3 1 4 2 4 4 2 1 0 3 2 2 3 0 3 0 2 4 1 2 1 0 2 1 2 4 1 1 0 1 4 3 0 3 2 4 2 4 0 2 0 2 4 3 0 4 3 2 3 1 1 2 3 3 3 1 0 1 2 0 2 2 1 2 2 3 3 0 0 0 4 0 0 1 3 0 2
4 4 1 2 0 0 1 0 0 4 2 1 3 3 0 0 1 3 0 1 3 2 1 4 1 1 4 4 2 1 2 3 0 0 0 2 2 3 2 2 2 0 0 1 0 0 3 1 0 0 2 4 2 1 0 1 4 1 0 1 2 4 4 4 1 2 1 3 0 0 2 0 2 2 3 4 3 3 2 0 4 2 4 1 3 1 2 2 2 0 4 4 4 0 0 3 2 1 1 0 4 4 0 3 1 3 0 1 1 2 2 2 4 3 4 2 0 3 2 2 0 3 4 0 3 4 0 3 3 1 0 4 2 0 2 1 0 2 2 3 2 1 3 1 2 2 1 4 2 3 1 3 1 2 0 1 2 0 1 0 3 1 4 1 3 3 2 0 3 1 1 2 0 4 3 2 3 1 1 0 1 4 3 4 2 0 3 4 0
4 1 4 1 2 0 1 0 4 2 0 2 0 2 2 4 3 1 4 1 2 4 3 4 0 4 1 0 2 2 3 2 0 2 0 2 4 3 4 0 2 0 2 2 4 0 3 4 1 2 1 1 4 1 0 4 0 3 1 3 2 4 2 2 3 4 4 4 2 3 4 0 0 2 4 2 4 3 1 2 2 2 0 1 0 2 2 1 0 4 1 2 0 0 1 4 4 0 0 1 1 0 3 1 4 3 0 0 1 2 4 0 1 0 2 2 2 4 0 0 0 3 4 1 3 1 2 2 3 2 0 4 4 1 3 0 4 3 0 2 2 2 2 1 2 1 3 1 1 0 3 3 3 0 4 3 3 3 2 1 3 2 1 4 3 1 0 4 1 2 1 4 4 1 0 3 2 0 0 0 2 0 4 0 0 3 0 3 4
2 0 2 4 3 3 0 4 3 4 0 3 3 1 2 4 1 1 3 3 3 4 0 3 3 2 4 3 2 4 2 4 4 1 1 4 0 1 3 0 2 1 3 0 4 3 1 1 4 2 1 4 1 2 2 4 4 3 4 4 3 4 3 4 0 4 4 2 2 4 0 0 2 3 2 2 3 1 0 4 3 1 3 1 0 3 2 2 3 1 1 3 0 4 0 3 1 1 2 3 2 2 0 0 3 0 4 1 1 1 1 1 2 1 2 0 1 4 2 0 2 0 3 3 1 0 3 2 1 0 3 4 3 0 4 1 0 0 4 3 1 2 1 0 4 0 0 0 1 4 0 4 4 1 4 1 1 2 3 0 2 3 4 2 4 0 0 1 0 0 2 3 2 3 3 3 4 1 4 0 0 1 1 0 4 0 3 3 2
3 3 2 2 4 1 3 4 2 4 1 2 1 4 1 2 4 2 1 0 1 3 3 4 0 0 1 0 3 4 0 1 4 4 3 3 0 3 4 2 0 2 1 1 1 0 0 2 2 1 0 0 2 3 1 2 3 2 4 1 3 1 2 2 0 3 2 3 1 3 2 1 0 1 0 3 1 0 1 0 4 1 2 3 1 3 0 4 1 1 2 4 3 1 4 0 4 3 3 3 4 1 4 4 2 1 3 0 4 1 2 0 4 4 3 0 2 0 1 0 1 3 2 4 4 1 0 1 1 0 4 0 1 0 0 0 4 0 2 3 3 4 0 2 0 3 4 0 3 0 0 1 3 2 1 4 0 3 0 2 0 1 4 2 2 1 4 3 1 4 3 1 0 3 3 1 1 2 1 1 4 3 2 2 1 0 4 3 0
4 0 1 3 2 0 2 3 4 0 2 0 3 3 1 1 4 2 4 1 0 2 3 3 4 0 4 2 1 3 2 3 0 0 1 2 0 3 3 2 0 0 2 3 3 3 1 2 2 2 1 2 4 4 1 0 1 2 2 3 2 2 1 0 2 4 4 0 2 2 2 4 2 1 4 3 0 2 0 4 4 3 4 0 2 2 0 1 4 0 1 4 4 2 1 3 3 0 3 2 0 2 1 4 4 0 2 1 2 0 0 3 3 4 3 3 1 3 1 3 0 2 4 4 1 0 3 4 0 3 1 0 1 4 0 0 4 4 1 3 4 3 1 0 0 4 0 3 4 1 1 2 3 0 1 1 2 1 0 3 0 3 0 3 2 2 3 3 2 1 3 1 4 4 3 4 0 3 3 1 4 1 3 4 4 2 0 1 3
2 1 0 2 2 3 4 4 3 4 3 4 2 2 1 3 0 0 0 1 0 4 0 4 2 2 0 1 4 1 0 4 3 2 1 2 1 3 3 1 4 2 1 2 4 2 2 1 4 0 2 2 4 0 3 3 4 3 0 3 4 2 2 4 1 1 3 4 4 2 1 3 1 2 2 2 1 2 3 2 4 3 4 3 3 2 3 2 0 0 2 2 4 2 3 1 3 2 0 4 4 3 4 2 2 2 4 3 1 4 1 0 2 2 0 2 0 0 4 2 1 4 1 2 1 0 3 4 2 1 3 3 1 2 0 4 1 4 2 4 3 0 4 3 3 1 0 3 2 2 2 0 1 4 2 2 4 3 3 1 1 3 1 2 2 1 1 1 2 1 0 0 1 2 3 4 0 1 4 2 3 2 4 1 3 2 3 2 2
3 0 3 1 3 2 0 4 1 1 1 2 4 3 3 3 4 0 3 0 4 1 3 3 2 1 3 4 1 0 3 4 2 3 2 0 1 2 1 2 1 2 4 2 1 4 0 0 4 3 2 1 1 2 1 4 3 0 0 4 2 4 0 0 2 2 2 0 1 4 2 4 3 3 1 1 3 1 3 4 0 0 0 1 4 2 2 2 4 3 3 1 4 3 3 1 0 1 4 4 2 1 3 2 0 2 4 0 3 2 4 0 0 2 2 4 1 4 2 0 4 0 1 3 1 0 2 1 3 1 2 0 2 3 2 4 0 3 4 0 1 1 1 3 3 3 2 4 4 1 4 1 4 0 4 0 2 3 3 0 4 1 2 4 1 2 0 1 0 0 1 3 1 2 3 4 2 1 3 4 4 4 0 3 1 1 0 4 0
4 1 4 2 4 0 3 1 1 1 3 3 4 4 4 4 2 0 3 0 0 2 0 1 4 0 2 1 1 1 3 0 3 4 4 4 0 4 2 3 2 2 1 1 1 2 0 1 2 1 1 4 3 1 0 0 2 2 1 3 1 4 0 1 3 1 0 0 0 4 3 2 1 4 0 3 1 3 4 0 4 0 1 2 4 3 4 1 3 0 1 4 1 3 2 2 4 4 2 1 3 3 3 4 2 3 2 1 1 3 3 2 1 2 2 0 0 1 3 3 2 1 4 0 4 1 4 0 0 2 1 3 0 1 3 4 1 2 2 0 1 3 2 2 0 4 4 0 1 2 4 0 3 0 2 4 2 2 4 4 4 2 0 1 0 0 2 1 2 2 1 0 0 1 4 0 0 3 0 3 2 1 3 2 2 3 1 1 0
2 2 1 1 2 4 1 4 1 0 4 0 1 1 0 4 1 0 0 1 3 0 1 1 4 3 0 4 2 3 4 1 3 0 3 2 4 1 2 2 1 1 3 0 2 0 4 0 3 4 4 3 2 0 4 3 0 2 2 2 0 1 4 3 1 4 1 2 0 0 1 2 3 1 2 2 2 1 3 0 3 4 0 0 1 4 3 1 3 0 1 1 1 0 1 4 1 2 3 1 4 4 3 2 3 0 0 0 2 0 2 2 4 2 2 2 3 2 3 4 2 1 0 0 3 1 1 4 1 4 1 0 0 4 3 3 2 0 0 1 0 4 3 1 3 2 3 4 4 3 3 1 0 3 3 3 1 4 3 2 0 4 0 0 0 0 1 4 0 3 0 0 3 0 3 3 2 1 2 1 4 0 4 4 0 2 3 2 3
3 4 3 4 4 4 1 1 2 1 1 2 1 3 0 4 1 1 1 4 3 0 4 4 1 0 4 4 3 3 4 3 3 3 2 4 4 4 1 1 2 4 3 0 0 1 4 1 2 3 3 0 3 2 1 1 2 3 0 3 1 0 3 1 0 1 3 4 2 1 0 1 0 0 1 0 1 3 4 0 1 2 3 1 1 1 2 0 1 0 3 3 2 2 1 2 0 4 1 4 2 3 0 3 3 3 0 2 1 1 2 2 0 2 3 1 4 1 2 0 3 2 0 0 1 4 2 1 0 3 2 3 3 2 3 1 3 3 3 4 0 3 2 2 2 2 4 3 0 3 1 3 0 3 3 2 2 2 0 0 2 0 3 0 2 1 2 0 1 2 2 3 2 4 1 2 3 0 0 4 0 3 4 0 2 0 4 1 2
2 1 0 2 1 2 1 2 1 4 1 4 1 4 3 2 2 2 0 2 3 1 4 1 3 0 0 3 1 2 2 0 3 4 2 2 2 1 4 0 0 2 4 3 2 0 2 4 2 4 4 2 1 3 1 1 0 1 1 4 0 0 1 1 0 1 3 4 2 4 4 4 2 1 4 1 3 1 2 2 0 3 0 3 4 3 4 1 4 0 2 2 1 4 3 3 0 1 4 2 2 3 3 4 1 2 2 4 3 0 2 3 0 4 2 4 2 1 1 1 4 3 3 2 2 3 2 4 4 1 1 2 1 1 3 3 3 1 2 1 3 1 2 3 0 4 0 2 2 1 1 3 1 1 2 1 0 4 0 1 2 4 0 4 2 1 4 1 2 1 4 2 0 1 2 0 2 2 0 0 0 1 0 2 2 3 0 4 4
2 1 2 3 3 1 1 4 0 4 3 3 0 0 0 2 3 1 1 0 1 3 1 4 4 0 1 4 2 3 3 4 4 0 0 2 3 1 4 0 2 2 1 2 0 1 1 3 4 3 0 2 1 3 1 2 0 0 1 2 3 0 4 4 2 4 3 1 0 2 1 2 0 4 4 0 1 1 0 0 1 2 3 4 1 1 2 1 1 3 1 4 0 0 3 3 4 2 1 1 1 4 0 1 4 1 3 0 4 0 2 0 3 2 0 1 4 4 4 0 4 0 2 0 0 0 0 1 4 1 2 1 0 2 4 1 4 0 1 3 0 1 1 3 3 1 1 4 0 1 0 4 1 2 1 4 4 3 0 4 4 0 2 2 4 1 3 3 1 2 4 2 0 2 2 0 3 4 0 0 0 0 1 3 4 0 2 3 3
0 4 3 2 1 2 1 0 2 2 1 1 3 0 1 0 3 2 0 4 2 0 1 4 3 1 3 3 4 3 2 1 0 2 3 1 4 1 1 3 3 0 0 1 0 1 1 0 0 1 1 2 3 2 3 2 4 3 0 0 2 4 3 2 1 3 0 2 4 4 1 3 4 1 1 1 4 3 4 2 1 0 1 0 3 0 4 4 3 1 1 2 1 4 1 2 2 4 2 1 3 3 1 4 1 3 2 2 3 1 4 4 2 1 1 2 3 2 1 3 4 2 1 0 3 2 4 0 1 1 3 1 1 2 2 4 2 0 2 0 1 3 1 3 1 0 2 4 2 3 3 1 2 1 3 0 3 3 2 2 1 3 0 3 0 3 2 2 3 1 4 1 0 0 2 3 0 4 3 0 3 3 1 2 4 0 3 4 0
2 3 1 0 1 4 2 4 4 4 4 0 3 0 2 1 2 1 3 4 4 3 2 4 2 1 0 4 1 4 4 4 0 2 4 1 4 4 2 3 3 1 0 4 3 3 2 3 4 0 2 0 1 1 1 0 2 1 4 4 2 0 0 2 4 4 0 3 0 2 3 4 0 4 0 4 2 2 4 3 4 1 3 2 4 1 2 3 2 3 2 4 0 4 4 0 1 1 0 1 1 4 2 1 3 2 2 2 1 1 0 3 4 0 0 0 1 0 4 0 3 3 4 1 3 0 1 4 2 3 0 0 2 3 1 2 2 1 1 4 4 3 4 1 3 1 1 1 1 2 1 2 1 3 3 1 0 1 0 4 4 2 4 4 2 3 3 0 4 0 1 3 3 2 4 4 3 3 0 0 0 4 4 3 4 2 4 1 0
1 1 1 1 2 0 3 0 4 0 1 1 3 0 4 0 1 3 4 1 1 4 2 2 0 2 1 2 4 2 4 0 0 0 3 0 3 4 0 4 4 2 0 3 4 4 3 2 0 4 4 1 0 3 3 0 0 1 2 4 0 3 2 1 4 0 1 2 4 3 3 1 2 3 4 3 2 4 1 2 4 2 0 4 0 3 0 2 4 4 2 0 3 4 3 4 1 1 3 3 1 1 4 4 4 0 4 3 4 0 3 0 4 3 2 4 4 4 2 0 0 1 0 0 0 0 4 3 1 4 1 3 0 0 4 1 0 3 0 2 1 0 4 0 0 3 2 4 4 4 0 0 0 2 2 2 3 4 0 1 3 4 1 4 4 2 2 2 1 4 1 2 4 0 4 2 1 1 3 0 0 3 2 2 3 0 1 3 4
4 1 2 3 3 3 4 0 3 1 3 2 2 2 2 0 2 1 1 3 4 3 1 0 1 0 3 3 2 3 2 3 4 1 1 4 2 0 0 0 2 0 2 1 3 1 3 0 2 4 0 4 0 3 4 1 4 4 4 3 2 3 1 1 1 2 1 3 4 3 0 3 3 3 2 1 1 0 3 1 2 4 0 2 2 1 0 3 0 4 1 2 4 4 0 0 3 3 4 3 1 4 3 2 4 0 0 3 1 1 1 3 2 1 0 1 2 2 0 2 1 3 1 2 3 1 2 3 0 3 3 3 0 2 2 1 2 3 4 3 4 0 3 1 3 0 2 2 2 4 1 0 0 2 2 3 1 2 3 1 0 2 1 2 4 4 4 1 4 0 2 0 1 2 3 1 3 0 4 2 2 2 3 2 2 2 2 3 4
0 1 2 2 2 4 3 3 3 2 2 4 1 2 2 3 0 0 3 3 1 1 0 4 1 4 1 3 1 1 0 3 2 2 3 4 3 1 0 2 3 2 3 1 0 2 0 2 4 3 2 1 1 4 2 2 3 0 3 1 1 3 0 3 0 0 4 0 1 4 2 2 4 2 3 1 1 0 3 1 4 1 4 2 2 3 0 1 3 3 4 1 3 4 1 0 4 2 0 3 2 0 0 3 2 0 4 1 1 4 4 2 2 3 4 0 1 1 3 1 4 2 2 2 2 0 4 3 2 0 3 1 0 0 4 4 1 3 0 4 0 4 1 2 4 2 4 2 4 2 3 3 0 2 3 4 2 4 4 2 4 3 3 4 3 3 1 1 3 1 0 3 3 3 3 2 1 2 2 0 0 2 0 0 2 0 4 1 0
3 3 4 3 2 1 2 0 2 0 0 0 1 4 3 4 4 3 0 1 2 2 1 4 3 3 1 3 4 3 0 0 1 0 3 0 3 2 0 0 3 3 2 4 4 3 0 3 1 3 4 3 0 3 4 0 1 3 1 3 1 1 3 4 3 1 0 1 1 2 3 4 0 1 0 1 4 0 4 2 0 1 2 3 4 1 3 2 4 4 0 2 1 0 4 4 4 1 3 0 3 1 4 1 4 4 2 0 1 4 2 4 0 4 2 1 3 0 0 4 2 1 4 0 1 3 1 2 4 1 2 4 3 1 2 4 2 2 0 1 1 2 0 3 4 2 4 4 4 1 0 3 2 4 0 1 4 2 3 0 3 3 2 3 4 1 3 4 3 3 2 1 2 2 4 3 1 0 2 2 2 0 1 1 4 1 4 1 0
0 3 1 3 0 1 4 2 1 3 2 1 0 4 4 4 0 4 0 3 2 0 2 2 1 0 3 4 2 1 2 2 0 0 0 2 1 1 1 0 2 1 1 4 0 2 4 2 2 1 2 4 1 1 3 4 2 3 1 4 0 3 3 2 3 0 4 1 1 3 1 0 4 0 0 1 2 1 3 4 2 3 0 1 4 3 2 3 2 3 4 4 1 2 1 1 4 0 0 1 0 3 3 4 3 3 0 1 4 1 2 4 1 3 2 2 1 4 1 0 3 2 1 1 0 2 0 1 0 0 4 0 0 3 2 4 1 2 2 3 0 4 2 1 2 4 4 1 0 2 3 3 4 0 2 1 4 2 3 4 4 2 2 4 2 4 0 4 3 4 2 4 1 1 2 3 2 3 1 2 2 2 3 2 4 2 0 3 4
0 0 0 0 2 1 2 1 4 1 1 3 0 0 4 3 0 0 0 0 3 0 3 2 0 2 1 2 4 2 3 0 2 0 0 1 1 2 2 0 1 0 1 3 1 2 2 3 2 4 0 3 1 0 0 3 2 2 2 4 1 0 4 3 0 1 4 4 0 3 1 3 3 2 2 1 0 1 1 4 0 2 2 4 2 3 2 2 2 2 1 3 2 2 3 0 0 4 1 0 2 2 4 2 0 1 1 2 4 2 1 1 1 4 0 1 4 0 0 1 2 3 1 1 0 4 3 0 3 4 2 2 2 1 1 4 4 2 1 3 2 4 0 0 3 0 1 4 2 3 0 1 1 3 3 3 2 3 3 2 3 3 4 0 4 1 1 4 0 2 4 2 1 4 3 2 2 1 1 4 0 4 3 3 2 3 2 2 1
2 4 4 0 1 1 2 4 2 3 4 1 2 2 0 2 2 2 4 0 0 0 2 4 0 1 4 3 0 1 0 2 2 1 0 3 3 2 2 2 0 2 4 2 1 4 1 0 3 2 0 3 0 0 3 0 1 2 4 1 0 4 0 2 2 2 3 0 4 2 0 1 4 1 1 2 0 2 2 0 0 0 3 0 0 3 0 3 2 1 1 2 2 3 2 0 1 2 2 2 4 2 4 1 0 0 3 0 4 3 2 1 0 1 3 2 4 4 0 2 2 3 1 0 1 3 2 2 0 4 0 2 4 1 3 4 3 1 2 2 1 4 4 1 2 2 3 2 3 0 1 3 3 2 3 0 3 2 4 0 3 1 2 2 2 0 4 2 4 3 0 0 4 1 4 2 0 4 4 1 0 2 4 0 4 4 0 4 1
2 0 4 3 4 4 3 0 3 2 1 3 2 1 2 0 0 4 1 2 0 2 2 2 3 2 4 2 0 3 3 4 0 2 4 0 3 4 2 1 2 3 1 4 4 4 2 2 3 0 4 1 4 3 0 2 2 4 4 2 3 4 3 3 3 3 0 2 2 2 0 4 0 2 1 2 1 3 4 1 0 0 4 4 0 0 1 2 4 2 2 4 1 0 0 1 0 0 3 3 3 4 2 0 3 0 2 1 0 3 2 0 0 4 4 0 4 2 0 3 4 2 0 2 4 0 4 0 0 4 0 0 3 4 3 3 0 0 4 2 4 4 3 1 3 4 2 2 2 2 2 3 1 2 1 2 2 2 4 0 1 4 2 0 4 0 0 1 1 0 3 2 4 3 3 2 3 2 1 2 1 3 0 4 3 3 4 2 0
3 2 2 0 0 4 4 2 4 2 3 4 2 2 0 1 3 4 1 2 2 3 1 3 3 0 1 4 1 3 4 0 3 1 0 0 0 1 2 0 0 3 1 2 2 4 0 2 0 1 0 3 4 3 1 0 3 2 4 0 2 0 2 0 2 2 2 4 0 0 1 0 0 0 2 2 4 3 2 4 1 2 2 3 0 0 0 0 2 1 2 2 1 1 4 3 3 2 0 0 4 1 0 1 1 0 0 2 0 2 2 1 1 1 4 3 2 4 4 1 0 3 3 4 0 3 4 0 2 4 1 3 1 3 4 4 3 4 2 3 4 4 2 0 2 3 4 4 3 0 1 0 3 1 1 0 4 1 1 3 0 4 1 3 2 0 3 3 2 2 3 1 1 0 1 0 4 2 0 4 2 3 1 1 4 3 3 1 1
4 4 1 3 3 2 3 0 2 1 2 4 4 0 2 2 4 2 1 1 2 2 4 0 3 2 2 3 0 3 4 2 2 1 2 0 0 0 1 2 3 0 3 3 1 0 2 2 2 3 3 2 2 4 4 0 3 1 4 1 4 3 3 4 1 0 1 3 3 4 2 1 2 0 1 3 0 3 2 0 3 0 2 0 2 3 3 0 0 4 1 1 4 1 2 3 4 4 1 4 0 1 2 2 1 4 2 4 4 4 4 0 0 3 2 4 1 2 4 3 1 3 2 1 1 4 1 2 0 4 1 1 0 4 3 2 0 3 3 1 2 4 1 4 4 1 3 2 3 0 1 0 0 3 3 1 4 4 1 0 0 2 3 1 3 3 0 3 1 3 0 4 4 3 3 3 4 4 0 0 4 3 0 4 3 0 2 3 1
3 0 1 3 3 4 1 1 4 0 3 4 2 2 0 2 2 3 4 1 4 4 0 2 1 1 1 3 4 1 4 4 1 2 2 1 2 1 2 3 3 0 0 0 4 0 4 4 4 0 0 0 4 3 4 2 4 2 0 0 3 4 2 1 4 4 2 1 0 0 1 3 2 1 0 4 2 2 3 3 2 0 3 4 3 4 1 0 2 4 0 2 0 4 4 4 4 1 2 1 3 4 2 3 0 4 2 4 3 2 2 1 2 2 0 3 2 3 3 4 2 0 1 3 0 2 2 1 4 0 4 4 1 3 2 1 3 1 1 1 0 0 4 0 3 1 3 2 0 3 1 4 3 4 2 3 2 2 1 3 4 1 2 0 4 2 3 4 0 1 3 1 2 2 3 2 4 1 4 1 4 2 0 4 3 0 0 0 2
1 0 3 2 0 0 4 4 3 3 4 0 3 2 4 1 0 3 2 3 4 3 2 1 0 4 4 0 4 2 4 0 4 2 0 4 2 4 3 1 4 0 3 3 4 4 1 0 2 3 3 1 3 3 4 3 2 0 4 1 4 3 3 4 3 3 0 2 4 1 0 1 1 3 4 0 4 0 2 1 0 3 4 3 3 3 1 0 4 2 3 3 3 3 4 3 2 0 0 3 1 1 4 4 4 0 1 1 0 1 2 2 4 4 0 2 2 4 4 3 3 4 4 3 2 0 1 1 0 2 0 3 3 1 4 4 2 3 0 4 4 0 2 3 4 4 2 3 0 1 4 4 0 0 4 4 0 1 3 3 3 0 3 3 1 3 4 0 3 0 0 2 2 2 0 3 3 4 1 4 0 2 0 2 2 4 3 3 2
1 3 2 1 1 0 0 1 2 0 4 2 0 1 1 4 3 4 0 2 2 4 4 0 1 1 4 2 2 2 0 3 0 2 2 4 0 2 0 2 4 0 1 2 3 2 3 2 3 3 4 0 2 1 0 0 2 0 3 4 4 3 0 2 0 2 3 2 1 3 4 2 0 0 4 4 4 3 1 2 1 2 3 1 0 0 1 3 2 1 4 4 4 1 1 2 3 4 4 1 4 1 4 0 1 0 1 1 3 4 3 2 3 3 0 4 4 3 4 3 0 3 2 1 0 0 3 0 1 0 4 3 1 3 3 4 0 1 0 4 0 1 3 3 4 3 2 0 1 1 1 3 2 3 0 4 1 0 1 2 0 0 0 3 0 0 3 1 1 3 2 1 1 2 2 3 0 1 0 3 3 1 4 2 2 4 3 3 4
4 0 2 0 3 0 2 3 3 3 2 4 2 0 2 4 2 2 4 4 3 0 4 4 4 1 1 0 1 1 1 0 4 0 2 2 1 0 2 1 3 4 2 1 2 2 2 4 4 4 3 2 4 4 4 0 2 2 0 3 4 3 4 3 4 1 2 2 1 4 0 2 1 3 0 3 2 2 4 1 1 0 4 2 4 0 4 2 2 1 2 3 0 1 3 1 0 0 3 3 0 3 2 3 3 2 3 0 2 2 2 0 2 3 0 2 3 4 1 2 1 3 1 3 2 4 4 2 2 2 2 4 0 0 2 1 4 0 1 3 2 3 4 0 3 1 4 3 0 0 1 3 3 4 1 2 0 2 4 4 4 4 3 2 4 0 3 0 2 1 4 2 2 0 4 0 1 3 4 3 0 2 2 0 3 0 3 0 3
4 0 4 3 3 1 4 1 1 0 0 3 1 2 0 3 1 2 4 1 3 2 1 2 1 4 2 4 2 3 2 1 0 1 2 0 0 1 3 3 3 4 3 1 3 0 4 2 3 3 3 3 3 2 1 1 1 3 0 0 3 2 3 3 1 0 1 3 2 4 1 2 0 0 4 4 0 3 3 0 4 1 4 4 0 0 0 3 0 1 3 4 0 2 4 3 4 2 1 3 4 3 1 4 0 2 0 2 0 3 3 1 2 2 0 2 4 1 3 1 4 1 2 1 0 2 0 0 1 3 3 0 3 1 2 3 3 2 1 1 3 1 2 0 0 3 4 4 1 2 2 2 4 0 3 1 2 0 3 0 4 4 1 2 0 3 3 1 2 1 2 0 2 1 0 2 1 0 3 2 4 0 1 0 0 2 2 4 2
2 0 3 1 1 3 4 1 1 0 3 2 4 4 1 0 1 3 4 3 3 3 3 3 0 3 4 2 2 3 1 0 0 0 3 3 0 2 4 1 4 3 0 3 4 3 1 0 3 0 1 1 3 1 4 0 4 3 2 4 4 1 1 1 1 4 0 1 2 4 4 1 4 1 2 0 4 3 3 2 0 4 3 0 0 4 1 1 3 0 2 4 1 3 0 4 3 2 2 2 4 3 0 0 4 4 1 0 4 1 4 4 2 4 2 4 4 3 0 4 0 0 0 2 3 2 3 3 0 1 2 1 4 0 1 1 4 4 1 4 0 3 0 2 2 2 1 1 2 4 2 3 4 2 2 4 0 0 0 2 3 2 3 3 4 4 1 4 1 2 3 1 2 0 1 0 3 4 3 0 0 3 0 1 0 2 1 2 0
3 4 3 2 4 3 2 4 4 1 0 4 1 3 1 1 1 3 4 1 4 2 1 2 4 0 4 2 3 2 4 1 3 4 3 0 3 0 1 2 1 1 3 4 1 0 1 3 0 2 1 4 4 4 3 4 4 3 3 2 2 4 3 2 3 4 2 1 4 3 1 3 1 1 2 0 3 3 0 4 3 1 0 2 0 1 3 0 1 3 4 3 2 3 2 3 2 2 1 3 2 4 1 1 1 1 1 4 1 1 0 4 2 1 2 4 2 2 4 3 3 4 3 0 4 2 0 3 4 2 1 4 1 0 0 2 1 1 4 2 2 4 4 1 0 3 0 4 0 2 4 3 3 2 1 2 2 3 2 3 0 3 2 4 0 2 3 3 3 2 3 2 2 2 0 4 0 1 1 2 0 0 3 3 0 4 2 2 4
4 2 0 4 0 4 0 2 4 3 3 2 3 0 1 0 3 2 0 4 0 0 1 1 3 4 3 4 1 2 3 2 4 3 1 4 4 1 4 1 2 2 3 0 4 1 3 2 0 0 3 1 0 1 4 3 0 4 2 3 1 1 0 2 1 4 4 3 2 3 4 4 2 4 2 3 0 0 1 0 0 1 3 3 3 2 1 0 1 4 1 4 2 1 2 3 0 1 3 3 1 2 4 3 1 3 1 3 0 4 1 3 3 4 1 3 4 2 0 0 3 1 2 0 0 4 1 0 2 1 0 0 4 2 3 2 0 1 1 1 3 2 4 1 3 0 1 2 4 1 0 3 0 2 0 0 3 3 0 2 2 3 2 1 0 0 0 2 3 1 3 1 0 4 4 4 1 2 1 1 1 3 1 1 0 3 1 3 4
3 0 1 3 2 4 3 4 4 3 0 1 1 3 3 3 0 2 4 2 1 0 0 4 3 1 2 2 4 2 3 3 3 4 1 2 3 2 4 2 0 1 0 3 4 1 1 1 3 1 1 1 3 1 3 4 0 0 3 4 2 1 4 2 0 3 2 0 0 1 4 2 4 2 2 3 3 4 0 3 2 3 2 2 4 0 1 4 2 4 1 1 0 0 4 2 3 3 4 0 1 1 4 0 3 2 0 1 3 2 1 0 0 3 4 0 3 3 1 2 2 2 4 0 3 0 4 3 3 1 4 4 2 3 4 0 2 1 3 0 4 4 2 4 0 2 1 0 0 3 3 4 2 4 1 0 4 1 1 2 2 0 3 4 0 4 1 3 0 1 0 4 0 3 1 2 2 2 3 4 0 1 0 3 0 2 0 1 0
1 0 4 3 3 3 4 4 1 4 4 2 4 1 4 4 2 2 3 4 0 2 2 3 3 2 0 2 4 1 2 1 1 1 1 1 1 2 0 4 1 1 1 3 4 2 4 3 4 3 0 1 2 2 4 2 1 4 4 0 0 3 1 3 4 0 4 2 2 1 1 4 0 4 4 4 2 0 3 1 3 3 0 3 2 4 2 3 4 2 0 1 2 4 2 4 4 1 1 1 0 0 2 0 4 1 1 3 2 4 2 2 4 2 2 3 1 0 3 2 4 4 1 1 3 3 2 2 4 1 3 1 1 1 1 2 4 3 1 3 4 3 3 4 0 0 4 3 2 3 1 1 2 2 0 0 0 4 2 1 0 2 0 3 0 1 1 0 1 4 3 1 4 1 2 1 4 1 4 1 4 2 0 3 4 2 0 1 1
2 0 4 2 0 2 2 3 0 4 0 1 3 3 0 1 0 1 2 3 1 1 0 3 3 3 0 0 4 3 3 3 0 2 2 2 2 2 1 4 1 3 1 4 1 1 3 3 0 2 1 1 3 3 1 1 4 3 3 0 2 2 0 4 1 3 2 0 0 3 0 3 1 1 3 4 4 3 2 4 0 0 2 4 4 4 2 0 4 1 0 3 0 2 3 3 2 0 4 4 0 4 3 3 2 3 2 1 1 4 1 3 1 3 4 2 4 2 2 4 0 4 2 0 2 2 0 1 4 4 1 4 0 4 4 2 2 1 4 0 2 2 3 4 0 0 1 2 2 1 1 2 2 0 4 1 0 4 3 4 1 4 1 1 0 0 1 4 4 0 1 1 4 1 2 1 1 1 3 0 2 1 4 4 2 3 1 4 0
1 3 3 2 1 4 2 2 0 3 1 2 4 4 3 2 2 0 4 3 3 4 2 0 1 1 4 1 4 3 1 2 3 1 4 0 1 3 4 3 1 2 3 2 1 1 2 0 1 3 3 2 4 0 2 0 4 3 2 0 1 0 3 1 2 4 1 0 3 2 0 1 4 0 1 3 2 3 3 0 1 4 4 0 1 3 3 2 1 0 3 2 2 3 4 4 2 2 4 0 0 2 4 1 2 0 1 1 0 0 4 3 1 3 0 2 2 3 0 3 0 0 3 3 3 4 2 2 1 4 3 3 3 4 2 0 4 3 2 1 0 3 4 3 1 4 1 0 3 3 1 3 0 4 3 3 0 1 0 3 2 0 4 0 4 1 2 0 1 4 1 4 4 0 2 3 2 0 3 0 3 1 0 3 2 4 3 2 2
1 1 1 3 2 1 0 3 3 0 1 0 4 0 4 1 3 2 3 3 3 0 4 1 1 4 4 2 3 1 1 1 4 2 4 1 3 4 1 3 2 3 0 1 0 0 2 0 4 1 4 4 3 0 1 4 4 0 3 2 3 4 0 0 1 0 3 1 1 2 2 3 2 2 1 2 2 1 3 4 4 4 3 2 4 1 4 3 3 2 3 2 4 3 4 0 0 4 4 2 1 1 2 3 3 4 1 3 2 1 2 1 0 2 3 4 1 4 4 4 2 2 3 1 3 4 3 3 4 4 2 0 0 0 4 1 1 2 4 0 3 3 1 0 2 1 4 3 1 0 0 0 3 3 3 3 3 1 1 2 1 1 4 3 1 3 4 4 2 0 4 0 3 2 0 1 0 1 1 1 2 1 1 2 2 1 0 0 3
3 4 1 4 3 1 2 4 1 3 1 1 4 4 2 3 1 0 4 0 1 0 4 0 4 1 2 0 3 2 0 1 3 3 3 1 0 2 2 3 1 1 1 2 0 3 1 3 3 0 3 2 2 2 2 3 0 4 1 0 3 1 2 1 2 2 4 4 4 4 2 2 0 3 0 2 4 3 0 2 3 1 1 0 0 3 1 3 4 2 3 2 0 2 0 2 4 2 1 1 1 3 0 3 4 2 0 3 0 2 2 3 0 4 1 1 2 2 4 2 4 2 1 1 0 2 4 1 4 2 4 2 3 0 0 2 2 2 2 3 4 4 3 0 3 1 3 1 0 2 0 1 1 1 3 3 0 2 0 1 1 1 3 4 1 0 3 1 2 0 1 2 0 4 4 3 3 2 1 3 1 3 0 4 2 3 3 2 2
0 4 0 1 4 0 0 0 3 1 2 4 2 1 1 3 0 1 1 4 3 2 2 3 2 2 0 2 2 3 1 4 4 3 2 3 3 4 3 4 0 1 0 4 4 1 3 2 4 1 3 2 3 1 3 0 0 3 4 4 1 2 0 0 1 2 1 1 2 4 0 4 2 2 4 2 0 2 4 0 3 2 4 4 0 2 4 0 1 1 1 4 0 1 2 1 1 3 3 3 2 0 4 2 3 3 4 3 2 3 0 3 2 0 2 3 2 3 0 0 1 2 0 2 3 4 3 4 2 3 4 1 4 4 3 4 4 2 4 4 2 0 2 0 0 1 0 2 4 0 0 3 2 0 0 3 4 0 4 3 4 4 4 0 0 0 1 4 4 0 3 2 0 2 4 2 3 1 0 0 1 2 3 1 2 0 1 3 0
0 3 4 4 2 1 1 4 2 3 4 3 3 1 0 1 2 3 1 3 0 3 1 2 3 2 1 3 3 1 4 1 4 0 2 3 2 4 3 1 2 2 1 2 0 2 0 4 2 4 2 2 2 3 1 1 3 2 4 3 3 0 4 4 1 2 2 0 3 2 3 2 1 0 4 1 4 2 0 1 1 4 0 3 0 1 1 0 0 3 3 0 3 0 1 1 4 3 3 2 1 2 1 2 4 2 1 3 4 3 1 0 0 3 1 0 1 2 0 1 2 0 3 1 2 4 2 1 4 3 0 0 0 3 0 4 1 3 4 2 1 0 3 1 0 1 3 1 3 0 2 1 3 2 4 0 1 3 4 0 1 1 3 3 2 0 2 3 0 3 0 3 0 0 2 0 1 0 1 2 3 0 0 1 2 1 1 0 4
2 3 3 1 3 1 3 3 1 1 0 4 3 3 2 1 0 2 4 1 1 3 4 1 3 2 1 1 0 3 1 3 1 1 4 4 2 4 4 0 2 4 2 2 3 4 3 3 3 3 1 4 1 2 3 2 4 1 3 0 4 1 0 3 2 1 2 2 0 4 4 4 0 1 1 3 2 0 4 1 0 2 2 3 2 2 2 1 3 3 3 3 4 0 3 4 3 0 3 0 1 4 4 2 3 1 2 0 3 1 3 3 1 1 3 3 3 1 1 4 4 2 4 0 4 2 1 3 4 4 3 1 1 0 3 4 1 2 4 4 1 3 4 2 1 2 0 1 3 3 0 4 2 4 0 2 1 1 0 3 3 0 4 4 0 4 3 3 1 4 2 2 4 1 4 0 1 1 4 4 2 1 1 4 3 3 1 1 4
3 4 4 1 3 0 1 2 0 0 1 0 4 3 4 3 0 2 4 3 1 0 0 4 1 2 2 4 3 4 1 4 3 2 0 4 3 3 1 3 3 4 0 0 0 0 3 0 4 4 0 2 4 3 1 1 0 4 2 0 0 0 4 3 3 1 2 1 0 1 1 0 2 2 0 2 4 0 2 3 4 0 0 4 3 3 2 3 4 4 0 4 0 2 0 0 3 4 1 3 0 4 4 0 1 1 2 2 2 2 0 1 2 2 2 2 1 4 0 0 1 2 2 3 4 2 3 3 1 1 3 4 0 4 4 4 1 1 3 3 0 4 1 4 3 4 1 1 0 3 4 1 1 1 1 0 3 1 0 1 2 1 0 0 0 4 1 1 3 4 1 0 0 3 0 4 4 1 2 4 0 1 3 1 4 4 3 4 3
1 1 0 2 3 2 2 0 3 1 3 0 2 0 0 2 0 1 3 4 1 3 4 4 3 2 4 4 2 0 2 3 1 0 2 0 2 0 2 3 1 2 0 0 2 0 0 3 4 3 4 0 3 3 4 1 2 0 1 4 1 3 0 4 3 2 1 3 4 3 3 2 0 3 3 3 0 3 3 4 3 2 1 2 2 3 3 4 3 4 0 1 0 2 1 0 0 4 0 1 3 3 4 0 3 2 3 4 2 3 0 2 2 4 4 4 2 0 0 2 1 3 4 1 0 2 4 2 1 1 4 4 2 3 0 0 2 0 1 1 4 4 3 1 3 0 3 2 0 0 4 1 3 0 0 4 2 4 3 4 0 2 0 2 0 2 0 4 3 1 0 4 2 1 2 0 1 2 4 1 3 4 4 1 4 4 2 4 3
1 3 1 3 3 0 1 1 0 0 1 4 3 2 1 1 4 4 2 2 0 0 0 4 4 3 1 4 1 0 4 2 0 0 0 3 1 3 1 3 4 4 2 4 1 1 0 3 2 4 0 2 4 2 2 0 0 0 4 1 2 1 0 2 1 1 2 4 1 1 3 2 0 2 1 4 3 3 2 0 2 2 0 3 1 2 4 1 4 0 0 1 3 0 0 0 3 2 1 0 3 4 2 1 4 1 0 2 4 2 0 4 1 0 2 2 4 3 0 0 1 2 1 4 0 3 1 3 0 3 0 4 4 0 2 3 1 2 3 2 4 3 1 0 0 1 4 1 1 1 1 2 1 4 2 1 2 3 1 2 3 2 3 3 4 0 1 0 4 1 4 3 1 3 0 1 4 1 2 2 0 0 0 1 4 4 2 3 4
3 3 3 2 3 3 1 1 1 3 0 3 3 1 4 3 3 3 4 0 2 1 0 3 1 1 4 2 0 0 2 3 3 2 3 1 0 4 4 3 0 0 1 3 3 3 3 1 1 2 1 0 3 3 3 2 4 0 4 1 0 3 0 0 0 0 3 2 4 3 1 4 0 4 4 3 2 4 4 0 1 1 1 0 4 1 2 1 1 3 2 3 2 4 3 2 4 2 2 1 0 3 2 0 2 4 3 2 3 4 2 0 0 0 2 2 2 1 0 0 4 4 4 3 1 2 1 2 1 3 3 1 3 3 3 2 4 3 4 2 3 4 4 0 4 3 2 1 1 4 4 1 1 3 4 2 0 2 4 2 2 0 0 0 0 4 0 4 4 4 3 2 3 0 3 0 0 2 3 2 2 2 0 0 0 4 2 3 4
3 2 1 0 4 4 2 0 4 1 0 0 2 2 1 4 2 1 4 0 1 1 4 4 1 4 1 3 3 4 4 1 3 2 4 3 1 1 0 2 0 0 0 2 0 1 1 2 4 2 2 0 4 1 1 2 2 3 0 0 4 4 4 0 4 3 3 0 4 0 0 1 1 0 3 1 3 1 0 4 4 3 4 0 1 3 2 4 1 0 4 2 1 3 2 0 3 2 3 0 3 0 1 1 0 2 2 0 3 4 4 4 2 0 4 1 3 4 2 1 4 3 4 0 2 1 3 2 4 1 2 4 1 1 0 3 3 4 0 1 3 4 3 3 1 2 4 2 1 1 3 2 4 2 0 3 1 3 3 2 1 0 1 2 1 3 2 1 2 2 3 0 3 3 3 1 2 4 3 4 2 2 3 4 1 3 4 4 3
2 1 4 0 4 3 1 2 0 3 1 4 3 2 4 3 2 1 0 4 1 1 1 3 0 2 2 3 2 1 4 4 3 3 4 4 2 3 4 4 3 0 1 3 2 2 1 2 3 1 3 0 3 4 0 3 2 2 3 1 1 2 0 1 3 0 0 0 3 4 1 1 0 4 4 4 2 2 3 2 3 1 4 3 3 0 1 0 4 2 1 0 1 3 3 4 3 4 1 3 0 0 1 0 4 2 2 1 4 0 4 0 2 3 3 0 0 2 2 2 4 0 4 2 0 3 2 4 2 0 4 4 0 3 2 0 0 4 3 2 1 2 2 0 3 2 2 0 4 4 2 0 1 2 3 2 0 2 3 4 4 4 0 2 2 2 2 0 3 2 2 0 2 1 0 2 3 3 2 0 4 0 0 3 4 0 2 1 4
0 2 1 1 2 3 4 0 2 4 3 4 3 0 1 4 3 3 4 1 3 1 2 0 2 2 4 4 4 2 1 1 4 4 3 1 2 2 3 4 3 4 0 3 1 4 4 4 4 3 2 2 0 0 2 4 4 3 0 4 0 3 0 4 2 3 3 1 2 3 0 2 4 3 0 1 2 4 0 3 0 3 1 2 0 0 3 4 1 3 3 1 4 1 3 1 1 3 3 1 3 0 3 3 0 4 4 4 0 1 3 0 1 1 2 1 3 0 3 4 1 3 1 0 4 1 3 3 4 3 4 2 1 2 2 3 3 3 3 4 0 1 1 1 2 1 0 0 3 3 2 4 1 3 1 3 4 2 1 0 2 0 4 3 4 2 2 3 0 2 4 0 3 0 4 2 1 1 4 0 4 1 1 2 1 0 2 2 2
0 2 4 0 2 0 2 4 4 0 1 1 4 2 4 1 3 3 0 4 2 2 0 1 0 4 2 0 4 2 2 4 4 4 2 3 4 4 4 3 4 1 1 0 0 0 3 0 0 0 4 4 2 1 0 3 2 0 3 1 2 3 1 3 4 3 4 3 4 3 3 0 4 4 2 1 1 0 1 3 1 2 2 0 0 0 0 3 0 1 4 4 4 2 4 3 2 3 3 1 2 3 1 3 4 3 0 0 1 3 3 4 1 2 4 1 2 0 1 4 1 1 3 2 0 0 2 3 3 0 1 2 0 3 1 4 3 3 1 4 3 1 3 4 3 0 3 1 0 4 0 3 2 1 0 0 1 2 0 4 4 1 4 1 1 2 0 0 0 1 1 3 2 2 0 2 2 0 3 4 1 4 2 4 2 4 4 3 1
4 4 2 2 3 3 4 0 0 1 2 3 4 3 2 1 0 4 3 0 3 4 3 4 1 2 3 0 3 1 3 4 2 2 4 3 2 3 3 2 1 3 2 0 1 4 2 3 1 2 0 1 2 3 0 0 3 3 1 3 1 1 3 3 4 2 3 1 2 2 1 3 2 3 3 0 0 2 3 1 0 0 2 4 3 4 4 1 2 2 0 0 4 0 0 3 4 4 4 1 3 0 4 0 1 4 0 1 2 0 2 4 0 4 0 0 3 4 2 2 2 4 4 1 4 4 4 0 0 0 1 3 3 2 0 4 3 2 2 2 2 4 1 4 0 1 0 3 3 4 2 0 0 1 3 1 0 4 1 3 4 2 1 4 1 4 3 4 1 0 2 1 1 0 0 1 4 2 1 2 3 3 4 3 4 2 1 2 1
2 0 2 1 1 2 2 2 2 4 4 0 1 0 1 3 2 0 2 2 1 1 2 0 0 1 4 2 2 1 3 2 3 3 3 2 0 3 4 2 2 3 2 0 0 1 3 0 1 3 2 2 4 4 4 0 2 4 4 2 2 0 4 1 3 2 0 3 2 4 2 4 0 2 4 0 3 0 0 1 3 4 3 4 1 3 4 0 4 4 2 3 4 3 1 4 3 1 2 0 1 4 0 1 3 1 3 1 1 1 2 1 2 3 1 3 3 2 1 4 3 3 2 2 4 4 1 2 2 0 2 3 2 4 1 0 1 2 4 4 3 3 1 0 3 4 1 1 1 2 2 0 2 0 4 1 1 3 3 0 0 3 1 2 2 2 0 3 4 4 0 4 4 3 2 3 2 3 4 0 2 2 2 4 4 4 1 2 2
1 2 4 4 3 4 2 3 4 2 4 0 2 4 4 0 3 2 4 1 4 0 3 3 4 4 4 3 2 1 2 4 0 2 0 1 1 4 4 2 2 0 2 1 1 3 2 4 1 3 2 2 0 0 0 0 2 4 0 4 2 3 0 4 2 1 0 0 0 1 2 4 4 4 1 0 2 0 2 0 3 4 2 1 2 4 1 4 3 1 3 2 1 4 4 3 0 4 3 2 3 0 2 2 1 0 4 1 2 1 3 0 1 1 3 3 2 4 2 3 3 2 0 4 1 4 3 3 1 3 3 1 4 2 3 2 2 2 0 4 1 4 1 4 2 0 2 4 1 1 2 4 0 0 4 4 1 2 4 2 2 2 3 1 4 3 1 1 3 3 2 1 2 4 0 1 1 4 3 2 2 2 2 2 2 3 1 1 2
1 0 4 0 1 3 0 4 4 3 4 2 1 0 2 2 0 0 3 1 3 2 3 1 1 1 0 4 4 1 1 2 4 1 3 0 4 3 1 0 1 1 4 4 3 3 1 1 4 1 2 2 1 1 0 2 4 3 2 3 1 3 1 0 1 4 0 2 4 4 2 2 0 2 2 0 2 0 1 1 4 4 1 0 2 1 2 1 1 1 4 3 2 2 0 3 1 1 1 2 2 0 0 4 4 4 4 2 1 1 3 2 2 4 2 4 3 2 0 1 3 1 4 2 4 0 1 2 3 4 0 0 4 2 4 4 3 0 1 4 3 1 4 0 1 1 1 1 0 1 2 1 0 4 3 4 1 4 1 1 3 3 1 0 0 2 4 0 2 0 2 3 1 1 3 4 2 0 2 0 3 2 1 3 3 4 4 4 1
