17 20 7
307066847 9385939 56937235 338686829 3319210 265794947 227864769 310864332 121080236 370334113 72053817 328482114 213332744 303711889 181229680 5529614 59875564 93966922 1459341 247653739
9 15 15 0 7 11 5 16 10 10 2 10 7 2 5 1 12 7 9 5
8 16 10 4 6 12 9 3 7 4 15 7 11 13 7 9 15 3 8 8
13 1 10 12 4 15 4 16 5 13 5 5 3 15 0 0 1 0 11 16
13 10 6 7 14 4 16 13 8 15 12 12 8 5 15 12 3 2 2 0
6 15 13 0 4 13 1 5 4 12 4 0 13 1 7 11 6 14 15 14
4 1 0 12 7 16 15 1 9 8 1 16 7 14 16 11 1 8 8 6
12 3 14 8 5 5 10 11 10 16 16 5 1 7 8 8 14 6 0 7
6 2 14 13 7 13 15 0 13 6 6 8 1 3 16 6 16 1 8 1
0 15 14 1 5 6 0 3 3 1 10 9 11 15 13 9 11 12 9 15
9 6 6 10 10 14 7 0 15 15 9 6 13 7 8 10 13 16 4 7
8 5 0 10 3 13 3 5 16 12 4 9 2 10 10 3 15 1 11 13
7 4 3 4 2 2 5 6 9 9 13 1 14 13 11 8 1 5 13 0
1 0 0 3 2 2 6 0 3 8 5 10 12 16 5 14 1 10 11 1
10 8 10 15 12 13 6 13 1 3 5 2 11 13 13 4 15 10 5 1
2 1 3 14 0 8 3 9 10 5 10 11 13 4 10 9 0 7 13 1
1 9 12 4 6 8 8 4 2 13 14 4 14 0 9 14 16 3 14 0
9 8 12 13 12 5 13 3 3 10 12 5 2 7 0 16 7 8 12 9
5 9 4 10 0 4 16 7 16 13 8 16 12 3 3 15 16 0 1 2
10 5 15 3 12 15 3 10 7 15 10 3 15 5 4 6 10 3 13 0
8 4 7 3 7 10 2 6 10 11 0 11 16 6 15 3 13 1 13 11
