17 26 7
195734193 77621706 6047847 129281736 154345559 244403774 275739962 195267314 328852835 344550430 72531051 125139407 393874750 223223171 219800531 181087059 117388093 85783825 227270795 77740992 240528540 94195533 2692713 300656133 309106656 178655817
8 3 1 9 0 16 13 12 3 16 16 9 12 13 2 8 4 7 15 5 11 7 16 2 3 11
15 15 9 3 7 0 6 8 10 14 15 6 9 1 14 16 11 9 13 13 9 8 12 7 4 14
5 3 0 0 6 6 15 15 9 5 16 6 5 9 4 3 6 4 5 11 4 7 12 8 3 4
7 6 2 11 4 16 15 12 7 12 1 5 10 2 1 9 8 6 9 3 1 16 8 14 10 3
4 5 11 7 0 1 5 11 12 0 1 1 3 16 13 4 4 7 6 13 7 6 11 0 9 12
7 0 9 8 3 13 5 5 11 13 6 7 15 10 7 7 2 10 6 7 6 1 5 3 15 12
9 9 3 2 12 10 10 4 10 5 8 6 10 2 2 8 10 9 1 8 16 11 10 14 1 16
6 6 2 12 2 12 12 13 5 7 15 15 2 8 3 10 14 14 4 7 5 5 7 14 13 15
16 6 12 1 13 9 15 7 5 8 2 0 5 15 8 3 13 1 2 0 12 7 5 7 5 1
12 13 6 16 11 5 14 14 14 10 6 13 8 11 4 10 3 9 16 2 3 13 3 5 4 6
3 0 13 9 1 16 5 15 16 7 3 13 4 9 14 1 5 6 4 0 7 7 1 7 9 12
11 3 1 6 10 12 6 14 4 15 14 0 13 4 15 7 8 10 16 5 12 12 2 16 13 1
14 5 16 14 0 10 0 9 7 1 5 13 16 0 11 4 9 15 16 7 5 7 9 13 3 4
8 14 11 12 15 16 0 14 13 9 15 4 1 5 6 14 9 13 6 3 8 15 1 7 13 14
5 5 10 8 0 2 5 2 5 11 1 14 16 5 6 5 10 15 10 7 13 10 11 10 4 2
8 5 0 12 11 5 1 4 4 9 14 1 12 3 12 13 8 12 10 5 0 3 3 2 1 7
12 12 0 0 5 16 13 5 12 7 1 4 3 13 13 0 14 16 11 10 4 10 13 14 15 4
8 10 14 9 8 1 4 9 1 9 16 5 5 2 4 14 6 15 10 11 6 16 10 9 9 5
2 13 2 1 8 10 2 6 10 10 7 14 2 16 14 10 12 10 12 7 15 10 5 9 12 12
8 5 4 8 2 6 12 4 15 3 6 0 9 7 11 7 13 4 6 10 5 2 12 1 9 10
2 6 10 14 1 1 10 13 0 12 2 12 8 9 7 5 0 16 12 2 15 8 7 4 10 3
14 13 12 15 6 14 4 0 11 13 9 5 9 1 8 2 4 16 11 11 12 12 2 8 5 0
7 3 12 0 7 1 13 2 16 11 0 11 2 2 15 2 15 7 11 7 0 16 14 12 10 10
15 12 9 3 3 16 7 16 8 5 8 12 7 7 14 15 9 16 1 7 10 16 5 4 14 5
3 3 8 5 13 14 8 13 9 12 12 16 2 11 12 10 7 2 8 12 1 8 12 10 15 13
0 11 0 15 7 12 1 16 8 5 13 16 1 5 2 4 12 12 16 7 5 14 1 4 9 2
