17 34 7
258413555 20040629 12943745 11531335 19724020 353091638 246460178 379448496 283337811 111473084 42739931 29867300 295555648 249913043 394376651 341688290 144501348 121484628 17086223 25367901 182462001 56397719 164132153 249629309 147696589 131697126 154611895 283220221 39142242 373468085 120102692 172270287 153961135 103183023
15 2 3 13 16 0 5 7 13 13 1 10 14 12 5 14 8 7 10 7 6 10 3 12 14 16 6 16 16 11 12 14 14 6
11 4 14 7 2 10 12 3 11 9 15 16 15 6 14 8 4 4 1 16 7 16 15 4 6 5 15 1 10 3 15 12 7 12
3 1 13 6 12 16 15 2 15 13 16 13 13 4 8 14 3 6 4 9 10 10 5 8 2 15 3 0 2 1 3 5 2 8
11 6 7 0 8 5 5 7 9 1 11 8 15 5 14 11 5 15 4 10 15 7 0 1 15 2 2 2 15 13 10 0 2 8
0 10 4 5 0 5 6 3 13 13 16 2 7 13 0 2 6 15 9 14 7 16 16 10 1 5 14 2 5 16 1 14 0 5
2 8 10 0 11 15 4 2 8 2 15 8 4 12 15 5 10 13 4 0 14 13 14 11 15 2 10 16 16 1 12 10 10 6
1 12 12 5 14 3 7 3 11 11 7 0 16 8 5 11 16 2 7 13 14 5 7 15 12 6 0 8 7 10 5 8 13 0
13 2 3 11 5 5 14 12 14 13 3 2 16 3 12 6 7 9 3 14 8 15 12 16 14 2 0 10 2 13 10 15 15 4
1 12 1 15 15 15 2 2 8 1 13 3 8 3 4 11 9 12 0 4 2 6 6 2 16 8 6 1 15 13 13 16 8 14
5 6 3 7 16 11 0 3 15 16 7 2 10 16 5 1 11 15 7 0 8 15 0 14 7 15 10 3 5 9 1 10 16 4
8 6 7 16 10 13 15 0 6 16 7 2 1 1 0 16 9 8 5 9 13 12 7 15 7 3 7 8 4 14 3 13 4 10
12 14 6 2 5 12 1 3 14 10 12 5 1 4 13 14 5 1 1 3 7 8 7 5 7 11 3 10 15 15 12 2 3 1
4 16 5 13 2 10 15 5 16 16 0 3 4 5 12 5 0 2 13 7 8 3 9 2 5 8 0 0 1 11 1 13 10 14
9 3 8 15 8 15 14 8 1 10 5 14 15 5 16 12 3 15 6 12 0 11 11 8 11 12 2 4 16 12 1 0 15 0
15 14 15 4 6 8 14 2 13 12 7 3 15 10 2 5 13 10 7 8 2 2 11 12 14 11 16 6 11 5 7 0 3 13
4 0 12 1 2 8 14 0 3 3 1 13 16 14 6 7 5 16 9 8 12 14 10 2 3 12 7 10 12 1 15 0 9 1
1 11 1 6 2 4 1 3 0 0 1 14 7 14 5 7 13 8 4 6 10 8 9 8 9 5 10 15 13 2 0 5 5 1
12 7 13 13 2 4 13 11 1 12 8 6 2 13 14 7 10 15 15 3 7 15 16 8 14 12 10 14 0 6 6 3 5 2
7 7 6 12 1 15 7 0 13 9 4 1 7 15 0 13 9 15 12 8 6 9 11 16 14 2 14 3 6 2 13 4 0 10
16 9 8 14 0 12 15 5 14 5 11 5 2 3 3 5 11 9 5 5 16 2 7 13 13 4 15 0 9 15 10 16 15 1
14 16 14 12 4 2 8 15 7 1 1 10 14 3 2 2 16 9 12 14 6 16 10 12 16 10 2 9 9 0 2 14 16 7
0 11 9 9 0 7 1 1 0 16 12 10 1 11 2 5 0 16 4 10 12 4 3 5 4 3 5 14 1 13 4 9 15 4
1 16 11 11 0 2 10 4 3 2 6 14 7 6 13 3 7 16 15 1 12 2 5 1 8 14 5 12 6 3 0 16 2 2
10 11 13 11 6 16 13 12 13 12 10 10 6 8 0 4 10 13 14 6 5 5 11 1 9 0 4 0 7 15 2 0 0 15
11 6 15 16 9 2 2 10 3 8 2 4 12 3 8 9 0 4 6 11 5 15 2 0 15 10 6 8 1 6 7 4 3 13
3 4 6 5 14 10 13 7 5 16 10 13 8 10 0 5 4 13 3 7 13 9 8 3 1 9 0 16 13 12 3 16 16 9
12 13 2 8 4 7 15 5 11 7 16 2 3 11 15 15 9 3 7 0 6 8 10 14 15 6 9 1 14 16 11 9 13 13
9 8 12 7 4 14 5 3 0 0 6 6 15 15 9 5 16 6 5 9 4 3 6 4 5 11 4 7 12 8 3 4 7 6
2 11 4 16 15 12 7 12 1 5 10 2 1 9 8 6 9 3 1 16 8 14 10 3 4 5 11 7 0 1 5 11 12 0
1 1 3 16 13 4 4 7 6 13 7 6 11 0 9 12 7 0 9 8 3 13 5 5 11 13 6 7 15 10 7 7 2 10
6 7 6 1 5 3 15 12 9 9 3 2 12 10 10 4 10 5 8 6 10 2 2 8 10 9 1 8 16 11 10 14 1 16
6 6 2 12 2 12 12 13 5 7 15 15 2 8 3 10 14 14 4 7 5 5 7 14 13 15 16 6 12 1 13 9 15 7
5 8 2 0 5 15 8 3 13 1 2 0 12 7 5 7 5 1 12 13 6 16 11 5 14 14 14 10 6 13 8 11 4 10
3 9 16 2 3 13 3 5 4 6 3 0 13 9 1 16 5 15 16 7 3 13 4 9 14 1 5 6 4 0 7 7 1 7
