17 41 7
266788100 183700212 266684063 376281291 381697640 52789644 51807737 381050136 253657646 319267588 66166236 289676523 379200415 128028160 184905451 372193934 302174379 34735447 58817114 283734546 111650651 234957864 131104304 268193895 289458494 231217564 296691678 144309574 285094495 72990377 362131051 409728055 45382585 291130857 316670599 303463008 258324828 244539643 123815597 315077955 39534314
7 5 16 9 8 12 14 10 2 3 12 7 10 12 1 15 0 9 1 1 11 1 6 2 4 1 3 0 0 1 14 7 14 5 7 13 8 4 6 10 8
9 8 9 5 10 15 13 2 0 5 5 1 12 7 13 13 2 4 13 11 1 12 8 6 2 13 14 7 10 15 15 3 7 15 16 8 14 12 10 14 0
6 6 3 5 2 7 7 6 12 1 15 7 0 13 9 4 1 7 15 0 13 9 15 12 8 6 9 11 16 14 2 14 3 6 2 13 4 0 10 16 9
8 14 0 12 15 5 14 5 11 5 2 3 3 5 11 9 5 5 16 2 7 13 13 4 15 0 9 15 10 16 15 1 14 16 14 12 4 2 8 15 7
1 1 10 14 3 2 2 16 9 12 14 6 16 10 12 16 10 2 9 9 0 2 14 16 7 0 11 9 9 0 7 1 1 0 16 12 10 1 11 2 5
0 16 4 10 12 4 3 5 4 3 5 14 1 13 4 9 15 4 1 16 11 11 0 2 10 4 3 2 6 14 7 6 13 3 7 16 15 1 12 2 5
1 8 14 5 12 6 3 0 16 2 2 10 11 13 11 6 16 13 12 13 12 10 10 6 8 0 4 10 13 14 6 5 5 11 1 9 0 4 0 7 15
2 0 0 15 11 6 15 16 9 2 2 10 3 8 2 4 12 3 8 9 0 4 6 11 5 15 2 0 15 10 6 8 1 6 7 4 3 13 3 4 6
5 14 10 13 7 5 16 10 13 8 10 0 5 4 13 3 7 13 9 8 3 1 9 0 16 13 12 3 16 16 9 12 13 2 8 4 7 15 5 11 7
16 2 3 11 15 15 9 3 7 0 6 8 10 14 15 6 9 1 14 16 11 9 13 13 9 8 12 7 4 14 5 3 0 0 6 6 15 15 9 5 16
6 5 9 4 3 6 4 5 11 4 7 12 8 3 4 7 6 2 11 4 16 15 12 7 12 1 5 10 2 1 9 8 6 9 3 1 16 8 14 10 3
4 5 11 7 0 1 5 11 12 0 1 1 3 16 13 4 4 7 6 13 7 6 11 0 9 12 7 0 9 8 3 13 5 5 11 13 6 7 15 10 7
7 2 10 6 7 6 1 5 3 15 12 9 9 3 2 12 10 10 4 10 5 8 6 10 2 2 8 10 9 1 8 16 11 10 14 1 16 6 6 2 12
2 12 12 13 5 7 15 15 2 8 3 10 14 14 4 7 5 5 7 14 13 15 16 6 12 1 13 9 15 7 5 8 2 0 5 15 8 3 13 1 2
0 12 7 5 7 5 1 12 13 6 16 11 5 14 14 14 10 6 13 8 11 4 10 3 9 16 2 3 13 3 5 4 6 3 0 13 9 1 16 5 15
16 7 3 13 4 9 14 1 5 6 4 0 7 7 1 7 9 12 11 3 1 6 10 12 6 14 4 15 14 0 13 4 15 7 8 10 16 5 12 12 2
16 13 1 14 5 16 14 0 10 0 9 7 1 5 13 16 0 11 4 9 15 16 7 5 7 9 13 3 4 8 14 11 12 15 16 0 14 13 9 15 4
1 5 6 14 9 13 6 3 8 15 1 7 13 14 5 5 10 8 0 2 5 2 5 11 1 14 16 5 6 5 10 15 10 7 13 10 11 10 4 2 8
5 0 12 11 5 1 4 4 9 14 1 12 3 12 13 8 12 10 5 0 3 3 2 1 7 12 12 0 0 5 16 13 5 12 7 1 4 3 13 13 0
14 16 11 10 4 10 13 14 15 4 8 10 14 9 8 1 4 9 1 9 16 5 5 2 4 14 6 15 10 11 6 16 10 9 9 5 2 13 2 1 8
10 2 6 10 10 7 14 2 16 14 10 12 10 12 7 15 10 5 9 12 12 8 5 4 8 2 6 12 4 15 3 6 0 9 7 11 7 13 4 6 10
5 2 12 1 9 10 2 6 10 14 1 1 10 13 0 12 2 12 8 9 7 5 0 16 12 2 15 8 7 4 10 3 14 13 12 15 6 14 4 0 11
13 9 5 9 1 8 2 4 16 11 11 12 12 2 8 5 0 7 3 12 0 7 1 13 2 16 11 0 11 2 2 15 2 15 7 11 7 0 16 14 12
10 10 15 12 9 3 3 16 7 16 8 5 8 12 7 7 14 15 9 16 1 7 10 16 5 4 14 5 3 3 8 5 13 14 8 13 9 12 12 16 2
11 12 10 7 2 8 12 1 8 12 10 15 13 0 11 0 15 7 12 1 16 8 5 13 16 1 5 2 4 12 12 16 7 5 14 1 4 9 2 12 12
3 1 8 3 3 0 9 11 3 1 10 11 6 14 1 15 11 4 11 6 16 10 5 13 15 6 0 15 16 4 11 2 5 10 5 9 1 6 3 4 7
4 6 5 1 8 3 12 3 5 10 2 15 15 15 4 12 7 3 11 11 5 4 7 15 0 16 0 6 10 12 14 5 10 10 7 9 4 10 12 10 3
14 16 9 4 4 4 11 15 6 5 3 10 3 1 11 11 9 8 4 13 13 10 6 6 8 6 11 1 1 4 13 15 11 13 10 15 1 4 13 15 0
16 0 4 9 11 15 1 10 10 5 7 11 2 4 2 8 15 12 9 10 16 16 5 12 9 11 4 5 16 3 13 6 3 8 15 5 6 8 15 8 13
13 2 7 1 13 15 7 16 16 1 15 15 14 10 15 16 6 11 15 9 8 5 3 16 11 16 14 10 14 13 7 2 15 14 3 2 3 1 1 2 10
7 8 7 9 15 15 15 0 4 15 8 9 1 16 12 8 4 5 13 0 3 15 6 8 9 0 12 11 1 5 4 0 5 3 9 3 1 7 3 5 13
3 6 5 10 1 13 14 14 9 5 1 8 2 9 0 2 12 2 12 1 7 12 14 10 4 0 2 2 11 7 15 5 13 11 6 5 7 11 11 7 16
12 15 2 12 7 12 16 0 7 8 7 2 5 8 14 5 10 7 7 1 13 4 5 7 10 2 5 5 13 13 12 16 2 5 11 9 1 10 10 16 1
8 2 6 0 7 2 10 15 1 2 11 13 16 10 6 1 15 2 5 11 15 4 14 11 6 14 12 0 15 12 9 7 5 7 15 3 0 16 1 1 2
4 5 9 14 12 10 3 5 6 15 3 10 12 6 16 0 9 7 16 4 0 14 0 15 12 4 15 11 13 8 4 8 13 13 5 16 14 9 5 3 15
16 4 1 5 12 1 15 2 8 10 10 5 2 8 8 14 15 3 1 14 15 10 10 3 6 1 8 6 6 3 4 13 7 5 10 2 15 8 13 6 9
6 3 2 6 11 16 4 5 9 1 4 2 2 15 8 3 6 6 0 0 10 14 8 7 15 1 13 14 5 10 6 12 13 0 1 8 7 13 13 16 5
8 1 7 6 1 2 4 7 2 4 8 7 3 15 5 13 2 10 1 13 0 4 9 8 13 8 15 9 13 15 14 4 16 13 2 8 15 14 15 0 9
7 16 13 13 12 0 16 6 9 3 14 14 12 5 10 12 3 11 8 9 8 12 0 4 5 8 2 2 15 11 3 5 1 7 9 13 7 16 2 16 2
7 4 6 12 6 1 7 0 9 16 8 12 7 4 1 16 14 11 14 16 14 10 0 12 2 5 2 10 7 10 12 6 5 1 1 11 2 16 11 2 7
11 15 14 6 7 4 3 9 1 11 7 2 11 2 13 16 13 6 15 14 1 12 2 11 13 14 4 4 16 7 11 10 5 16 16 3 4 11 12 13 5
