17 48 7
64991672 4671197 237310818 270046124 228575196 351487588 312992155 113047768 323719578 318985841 121433853 168813120 356826799 183549888 383665149 135169751 89374254 209549008 259487617 221645365 6813291 404171412 264112161 409198553 298102465 95247689 144427183 398446644 400346927 364923540 90429509 220911174 4066637 24324443 135394413 208452632 183589581 130613319 359368252 20210010 405478976 113206283 375616226 317953396 68280372 392386463 256735008 149751882
5 6 4 0 7 7 1 7 9 12 11 3 1 6 10 12 6 14 4 15 14 0 13 4 15 7 8 10 16 5 12 12 2 16 13 1 14 5 16 14 0 10 0 9 7 1 5 13
16 0 11 4 9 15 16 7 5 7 9 13 3 4 8 14 11 12 15 16 0 14 13 9 15 4 1 5 6 14 9 13 6 3 8 15 1 7 13 14 5 5 10 8 0 2 5 2
5 11 1 14 16 5 6 5 10 15 10 7 13 10 11 10 4 2 8 5 0 12 11 5 1 4 4 9 14 1 12 3 12 13 8 12 10 5 0 3 3 2 1 7 12 12 0 0
5 16 13 5 12 7 1 4 3 13 13 0 14 16 11 10 4 10 13 14 15 4 8 10 14 9 8 1 4 9 1 9 16 5 5 2 4 14 6 15 10 11 6 16 10 9 9 5
2 13 2 1 8 10 2 6 10 10 7 14 2 16 14 10 12 10 12 7 15 10 5 9 12 12 8 5 4 8 2 6 12 4 15 3 6 0 9 7 11 7 13 4 6 10 5 2
12 1 9 10 2 6 10 14 1 1 10 13 0 12 2 12 8 9 7 5 0 16 12 2 15 8 7 4 10 3 14 13 12 15 6 14 4 0 11 13 9 5 9 1 8 2 4 16
11 11 12 12 2 8 5 0 7 3 12 0 7 1 13 2 16 11 0 11 2 2 15 2 15 7 11 7 0 16 14 12 10 10 15 12 9 3 3 16 7 16 8 5 8 12 7 7
14 15 9 16 1 7 10 16 5 4 14 5 3 3 8 5 13 14 8 13 9 12 12 16 2 11 12 10 7 2 8 12 1 8 12 10 15 13 0 11 0 15 7 12 1 16 8 5
13 16 1 5 2 4 12 12 16 7 5 14 1 4 9 2 12 12 3 1 8 3 3 0 9 11 3 1 10 11 6 14 1 15 11 4 11 6 16 10 5 13 15 6 0 15 16 4
11 2 5 10 5 9 1 6 3 4 7 4 6 5 1 8 3 12 3 5 10 2 15 15 15 4 12 7 3 11 11 5 4 7 15 0 16 0 6 10 12 14 5 10 10 7 9 4
10 12 10 3 14 16 9 4 4 4 11 15 6 5 3 10 3 1 11 11 9 8 4 13 13 10 6 6 8 6 11 1 1 4 13 15 11 13 10 15 1 4 13 15 0 16 0 4
9 11 15 1 10 10 5 7 11 2 4 2 8 15 12 9 10 16 16 5 12 9 11 4 5 16 3 13 6 3 8 15 5 6 8 15 8 13 13 2 7 1 13 15 7 16 16 1
15 15 14 10 15 16 6 11 15 9 8 5 3 16 11 16 14 10 14 13 7 2 15 14 3 2 3 1 1 2 10 7 8 7 9 15 15 15 0 4 15 8 9 1 16 12 8 4
5 13 0 3 15 6 8 9 0 12 11 1 5 4 0 5 3 9 3 1 7 3 5 13 3 6 5 10 1 13 14 14 9 5 1 8 2 9 0 2 12 2 12 1 7 12 14 10
4 0 2 2 11 7 15 5 13 11 6 5 7 11 11 7 16 12 15 2 12 7 12 16 0 7 8 7 2 5 8 14 5 10 7 7 1 13 4 5 7 10 2 5 5 13 13 12
16 2 5 11 9 1 10 10 16 1 8 2 6 0 7 2 10 15 1 2 11 13 16 10 6 1 15 2 5 11 15 4 14 11 6 14 12 0 15 12 9 7 5 7 15 3 0 16
1 1 2 4 5 9 14 12 10 3 5 6 15 3 10 12 6 16 0 9 7 16 4 0 14 0 15 12 4 15 11 13 8 4 8 13 13 5 16 14 9 5 3 15 16 4 1 5
12 1 15 2 8 10 10 5 2 8 8 14 15 3 1 14 15 10 10 3 6 1 8 6 6 3 4 13 7 5 10 2 15 8 13 6 9 6 3 2 6 11 16 4 5 9 1 4
2 2 15 8 3 6 6 0 0 10 14 8 7 15 1 13 14 5 10 6 12 13 0 1 8 7 13 13 16 5 8 1 7 6 1 2 4 7 2 4 8 7 3 15 5 13 2 10
1 13 0 4 9 8 13 8 15 9 13 15 14 4 16 13 2 8 15 14 15 0 9 7 16 13 13 12 0 16 6 9 3 14 14 12 5 10 12 3 11 8 9 8 12 0 4 5
8 2 2 15 11 3 5 1 7 9 13 7 16 2 16 2 7 4 6 12 6 1 7 0 9 16 8 12 7 4 1 16 14 11 14 16 14 10 0 12 2 5 2 10 7 10 12 6
5 1 1 11 2 16 11 2 7 11 15 14 6 7 4 3 9 1 11 7 2 11 2 13 16 13 6 15 14 1 12 2 11 13 14 4 4 16 7 11 10 5 16 16 3 4 11 12
13 5 10 16 7 4 12 15 0 9 4 5 1 16 7 12 12 12 0 7 12 15 9 5 11 9 13 14 4 15 9 0 3 3 7 1 7 2 16 15 2 3 3 4 2 10 16 6
14 7 13 9 13 14 5 7 6 9 4 1 7 5 1 1 8 9 3 6 2 2 4 5 14 15 0 16 8 16 5 5 15 10 5 11 7 11 2 4 11 14 5 2 2 14 3 1
6 6 15 0 0 2 13 14 0 13 4 0 3 10 13 9 11 10 4 1 12 14 13 6 2 1 8 13 15 3 14 13 0 13 13 0 6 0 5 15 4 10 6 7 11 2 0 5
12 12 14 7 0 10 5 2 11 13 6 0 16 4 13 0 8 0 8 14 0 14 3 12 15 9 3 9 12 11 14 15 14 11 14 5 4 2 15 6 6 5 6 14 9 3 14 8
11 13 13 3 1 0 15 16 9 9 16 12 11 13 11 8 15 16 13 10 1 12 16 15 8 14 12 0 8 0 16 2 14 12 13 6 12 12 14 5 4 13 0 16 10 2 15 16
1 3 10 10 15 0 0 6 14 12 14 5 13 13 16 1 16 12 7 12 7 4 8 3 9 16 10 2 2 8 9 11 2 10 13 0 11 13 14 8 8 2 5 12 6 4 4 6
7 12 9 6 7 0 9 16 7 10 9 9 9 10 12 12 3 8 3 14 12 9 14 11 2 10 7 9 5 11 6 12 14 6 1 13 14 1 3 4 11 4 5 12 14 0 7 8
16 1 6 11 10 11 5 13 12 3 13 0 15 10 12 3 16 5 16 13 14 11 8 9 15 13 12 3 4 10 11 3 11 8 5 13 2 11 9 5 14 13 5 3 6 9 7 13
5 14 0 2 8 8 2 14 13 14 0 0 7 12 4 2 3 9 15 14 11 15 2 0 11 16 3 8 8 1 4 13 16 4 6 15 12 9 4 8 6 4 0 5 7 4 15 2
4 13 16 7 2 9 7 4 8 10 12 7 3 7 11 10 11 1 8 14 1 12 14 7 8 14 3 15 9 1 0 4 5 7 11 7 8 9 2 7 3 5 15 14 12 0 7 14
9 6 3 10 10 0 9 1 5 12 7 5 14 8 0 2 6 3 1 14 12 3 5 6 9 11 3 12 2 10 10 3 0 13 13 10 4 13 2 0 0 9 5 14 8 13 7 6
16 16 3 12 11 16 1 11 1 13 6 4 6 16 7 14 3 11 15 7 16 8 15 16 1 3 4 0 0 2 6 7 2 1 2 13 8 12 15 10 8 4 5 5 12 3 11 15
5 9 14 4 9 12 3 10 7 15 1 15 1 16 5 11 0 16 15 8 11 13 9 10 0 14 15 12 8 9 2 14 10 16 1 2 2 13 3 0 11 4 6 12 11 12 6 2
2 4 11 13 0 11 14 1 0 12 4 8 13 6 5 6 13 7 16 7 3 2 7 14 14 14 1 9 0 7 11 2 3 13 6 3 16 3 12 16 15 0 7 2 14 13 16 11
11 15 9 14 0 16 2 6 4 11 6 4 2 8 14 13 13 3 16 12 6 3 11 13 3 1 6 8 14 6 2 8 4 11 13 13 2 7 2 14 1 16 10 11 7 7 7 3
2 15 15 16 1 0 3 12 2 10 3 7 16 14 7 11 8 3 7 1 1 0 16 11 7 9 13 15 7 4 9 9 10 16 9 11 16 3 6 9 13 9 0 12 6 7 15 6
1 5 15 3 14 5 5 4 5 1 10 13 5 3 13 15 10 13 0 9 0 6 2 13 7 10 0 4 0 15 1 1 11 0 12 8 13 8 4 2 10 14 6 6 8 2 13 1
16 13 2 7 11 12 3 9 5 11 13 13 0 15 5 12 6 1 11 2 9 6 12 10 12 1 0 3 4 13 13 11 9 15 1 11 1 12 3 6 15 8 2 15 14 15 1 3
16 4 13 0 1 0 10 13 1 1 0 13 14 13 15 15 2 7 9 3 3 4 9 9 12 2 15 9 0 0 3 8 12 7 16 13 7 0 10 0 2 1 13 7 14 12 5 7
2 6 10 13 1 2 5 13 12 4 13 3 12 7 11 15 5 1 2 13 2 3 4 4 4 0 11 9 3 8 16 6 5 9 2 6 2 16 10 5 11 6 9 14 4 11 12 9
13 5 13 15 9 0 10 13 1 4 6 12 3 13 1 8 6 12 14 16 2 7 5 13 4 14 1 8 8 4 9 4 9 5 10 1 14 3 15 6 16 12 1 2 8 3 2 5
6 16 13 8 15 1 12 2 6 13 2 5 0 2 1 0 7 11 2 12 6 0 1 5 3 3 15 2 14 0 16 3 8 12 2 14 4 5 7 10 9 9 6 0 11 7 0 10
10 2 5 16 10 15 12 13 9 10 7 6 2 6 0 1 9 10 15 13 15 5 14 7 6 11 7 8 2 7 9 12 1 6 2 11 4 14 8 13 15 6 10 8 12 10 9 12
11 15 16 9 4 4 7 10 15 14 9 0 12 2 3 13 8 5 8 12 10 7 16 9 13 9 0 16 10 1 11 4 16 1 4 11 5 11 4 3 16 5 12 11 7 15 16 6
12 15 9 5 13 8 5 9 8 6 16 9 15 1 13 14 2 8 9 15 2 4 1 1 9 4 3 7 3 10 13 6 16 5 11 12 4 0 12 12 14 11 4 12 3 8 0 5
16 9 11 9 14 4 1 14 8 13 5 2 14 9 8 14 15 11 9 10 2 5 6 16 16 1 2 11 1 2 7 8 12 2 9 0 6 10 5 14 14 1 0 12 11 16 9 0
