17 54 7
323069477 127210667 43931045 113756857 372411465 278608151 253591017 404899197 267984693 7338854 122746383 11600261 200649401 242521225 78888192 16923815 227996908 126296912 381264354 205933072 317866914 186423475 153407589 74926418 197302708 113301772 164795119 300554190 72195368 256208961 256099892 270919676 226179216 248961885 405312121 223255183 173366004 296212759 337337478 306719572 358303468 72351014 111604924 230415332 194299268 185526373 154498135 3283119 34951235 341404078 531259 190237808 302799519 37121636
9 15 15 0 7 11 5 16 10 10 2 10 7 2 5 1 12 7 9 5 8 16 10 4 6 12 9 3 7 4 15 7 11 13 7 9 15 3 8 8 13 1 10 12 4 15 4 16 5 13 5 5 3 15
0 0 1 0 11 16 13 10 6 7 14 4 16 13 8 15 12 12 8 5 15 12 3 2 2 0 6 15 13 0 4 13 1 5 4 12 4 0 13 1 7 11 6 14 15 14 4 1 0 12 7 16 15 1
9 8 1 16 7 14 16 11 1 8 8 6 12 3 14 8 5 5 10 11 10 16 16 5 1 7 8 8 14 6 0 7 6 2 14 13 7 13 15 0 13 6 6 8 1 3 16 6 16 1 8 1 0 15
14 1 5 6 0 3 3 1 10 9 11 15 13 9 11 12 9 15 9 6 6 10 10 14 7 0 15 15 9 6 13 7 8 10 13 16 4 7 8 5 0 10 3 13 3 5 16 12 4 9 2 10 10 3
15 1 11 13 7 4 3 4 2 2 5 6 9 9 13 1 14 13 11 8 1 5 13 0 1 0 0 3 2 2 6 0 3 8 5 10 12 16 5 14 1 10 11 1 10 8 10 15 12 13 6 13 1 3
5 2 11 13 13 4 15 10 5 1 2 1 3 14 0 8 3 9 10 5 10 11 13 4 10 9 0 7 13 1 1 9 12 4 6 8 8 4 2 13 14 4 14 0 9 14 16 3 14 0 9 8 12 13
12 5 13 3 3 10 12 5 2 7 0 16 7 8 12 9 5 9 4 10 0 4 16 7 16 13 8 16 12 3 3 15 16 0 1 2 10 5 15 3 12 15 3 10 7 15 10 3 15 5 4 6 10 3
13 0 8 4 7 3 7 10 2 6 10 11 0 11 16 6 15 3 13 1 13 11 7 7 14 13 12 1 2 13 13 15 4 12 3 11 15 1 5 8 16 6 3 16 1 2 13 16 13 9 8 10 3 6
8 8 2 3 1 4 8 5 2 12 0 13 15 15 15 11 7 14 0 1 4 9 3 0 8 0 1 7 1 4 13 9 4 6 3 5 10 11 1 4 15 1 0 13 16 6 15 14 3 15 15 15 8 10
16 7 1 0 6 10 12 10 2 7 0 13 3 1 16 4 5 14 5 14 1 13 3 16 1 15 5 8 13 4 1 3 12 10 11 1 3 15 2 13 5 2 0 0 4 16 4 0 4 1 5 13 5 0
12 6 6 9 5 2 13 6 14 8 7 8 0 10 6 3 14 3 13 15 3 8 14 15 0 10 16 5 6 12 13 10 10 2 2 15 5 15 13 10 15 3 1 6 5 16 0 2 10 14 8 4 13 14
2 13 7 10 2 13 5 15 6 15 9 16 14 5 15 10 15 4 4 7 1 9 14 2 3 7 7 2 11 3 16 14 0 14 15 10 2 3 16 16 10 8 16 15 13 5 16 11 9 3 2 10 4 16
3 15 15 10 0 9 5 8 14 5 5 3 6 7 7 13 7 8 5 6 6 9 2 5 4 11 16 14 12 3 4 7 1 10 8 10 3 13 1 8 9 6 12 15 5 10 12 12 1 8 9 15 0 11
3 12 13 2 9 16 14 5 6 15 15 15 8 9 2 0 9 12 7 12 1 3 5 13 15 14 12 15 3 13 9 6 8 13 16 9 12 13 5 10 3 3 8 2 4 10 3 13 13 1 8 15 12 4
11 10 9 15 8 12 11 8 9 10 4 8 2 16 13 7 0 7 2 16 9 6 1 3 10 14 12 1 12 7 13 15 8 5 13 7 0 15 15 9 8 10 8 2 1 4 9 1 2 2 1 12 8 2
6 1 16 10 10 12 8 6 1 0 2 14 7 2 12 14 2 11 7 11 13 16 6 6 1 9 16 2 12 8 12 9 0 11 2 2 14 2 8 15 2 2 3 0 4 6 5 15 1 4 0 14 3 14
11 4 14 11 14 0 10 9 10 1 4 3 3 9 5 3 16 15 5 2 16 0 9 4 15 10 8 6 15 3 4 10 7 1 12 5 2 5 14 3 14 9 6 1 2 3 4 1 1 0 11 8 0 11
4 7 4 12 13 11 6 0 12 14 10 7 2 3 3 7 6 0 8 3 1 10 6 13 2 16 13 4 7 14 16 11 4 11 15 8 5 4 0 0 1 10 7 11 4 1 10 1 2 1 4 11 2 2
8 12 1 4 16 8 9 15 11 4 1 9 13 6 13 13 15 6 14 5 8 9 7 1 10 0 10 5 11 12 7 2 7 16 15 15 8 7 4 10 3 5 2 16 3 6 3 1 3 8 14 12 0 12
4 1 12 15 6 7 1 14 0 0 13 15 15 12 14 10 5 0 7 15 7 10 13 1 11 16 9 8 2 0 4 7 9 7 13 15 14 14 3 6 5 8 12 3 11 9 5 8 0 12 14 7 5 10
8 7 1 8 15 3 16 10 1 8 1 5 15 6 3 1 12 16 0 16 11 12 8 16 3 0 11 0 7 7 2 7 14 3 6 3 6 6 5 16 14 14 4 3 3 7 5 7 15 5 6 9 8 5
8 2 5 10 3 4 0 13 2 5 16 8 8 13 5 4 12 11 1 0 14 13 15 2 3 13 16 0 5 7 13 13 1 10 14 12 5 14 8 7 10 7 6 10 3 12 14 16 6 16 16 11 12 14
14 6 11 4 14 7 2 10 12 3 11 9 15 16 15 6 14 8 4 4 1 16 7 16 15 4 6 5 15 1 10 3 15 12 7 12 3 1 13 6 12 16 15 2 15 13 16 13 13 4 8 14 3 6
4 9 10 10 5 8 2 15 3 0 2 1 3 5 2 8 11 6 7 0 8 5 5 7 9 1 11 8 15 5 14 11 5 15 4 10 15 7 0 1 15 2 2 2 15 13 10 0 2 8 0 10 4 5
0 5 6 3 13 13 16 2 7 13 0 2 6 15 9 14 7 16 16 10 1 5 14 2 5 16 1 14 0 5 2 8 10 0 11 15 4 2 8 2 15 8 4 12 15 5 10 13 4 0 14 13 14 11
15 2 10 16 16 1 12 10 10 6 1 12 12 5 14 3 7 3 11 11 7 0 16 8 5 11 16 2 7 13 14 5 7 15 12 6 0 8 7 10 5 8 13 0 13 2 3 11 5 5 14 12 14 13
3 2 16 3 12 6 7 9 3 14 8 15 12 16 14 2 0 10 2 13 10 15 15 4 1 12 1 15 15 15 2 2 8 1 13 3 8 3 4 11 9 12 0 4 2 6 6 2 16 8 6 1 15 13
13 16 8 14 5 6 3 7 16 11 0 3 15 16 7 2 10 16 5 1 11 15 7 0 8 15 0 14 7 15 10 3 5 9 1 10 16 4 8 6 7 16 10 13 15 0 6 16 7 2 1 1 0 16
9 8 5 9 13 12 7 15 7 3 7 8 4 14 3 13 4 10 12 14 6 2 5 12 1 3 14 10 12 5 1 4 13 14 5 1 1 3 7 8 7 5 7 11 3 10 15 15 12 2 3 1 4 16
5 13 2 10 15 5 16 16 0 3 4 5 12 5 0 2 13 7 8 3 9 2 5 8 0 0 1 11 1 13 10 14 9 3 8 15 8 15 14 8 1 10 5 14 15 5 16 12 3 15 6 12 0 11
11 8 11 12 2 4 16 12 1 0 15 0 15 14 15 4 6 8 14 2 13 12 7 3 15 10 2 5 13 10 7 8 2 2 11 12 14 11 16 6 11 5 7 0 3 13 4 0 12 1 2 8 14 0
3 3 1 13 16 14 6 7 5 16 9 8 12 14 10 2 3 12 7 10 12 1 15 0 9 1 1 11 1 6 2 4 1 3 0 0 1 14 7 14 5 7 13 8 4 6 10 8 9 8 9 5 10 15
13 2 0 5 5 1 12 7 13 13 2 4 13 11 1 12 8 6 2 13 14 7 10 15 15 3 7 15 16 8 14 12 10 14 0 6 6 3 5 2 7 7 6 12 1 15 7 0 13 9 4 1 7 15
0 13 9 15 12 8 6 9 11 16 14 2 14 3 6 2 13 4 0 10 16 9 8 14 0 12 15 5 14 5 11 5 2 3 3 5 11 9 5 5 16 2 7 13 13 4 15 0 9 15 10 16 15 1
14 16 14 12 4 2 8 15 7 1 1 10 14 3 2 2 16 9 12 14 6 16 10 12 16 10 2 9 9 0 2 14 16 7 0 11 9 9 0 7 1 1 0 16 12 10 1 11 2 5 0 16 4 10
12 4 3 5 4 3 5 14 1 13 4 9 15 4 1 16 11 11 0 2 10 4 3 2 6 14 7 6 13 3 7 16 15 1 12 2 5 1 8 14 5 12 6 3 0 16 2 2 10 11 13 11 6 16
13 12 13 12 10 10 6 8 0 4 10 13 14 6 5 5 11 1 9 0 4 0 7 15 2 0 0 15 11 6 15 16 9 2 2 10 3 8 2 4 12 3 8 9 0 4 6 11 5 15 2 0 15 10
6 8 1 6 7 4 3 13 3 4 6 5 14 10 13 7 5 16 10 13 8 10 0 5 4 13 3 7 13 9 8 3 1 9 0 16 13 12 3 16 16 9 12 13 2 8 4 7 15 5 11 7 16 2
3 11 15 15 9 3 7 0 6 8 10 14 15 6 9 1 14 16 11 9 13 13 9 8 12 7 4 14 5 3 0 0 6 6 15 15 9 5 16 6 5 9 4 3 6 4 5 11 4 7 12 8 3 4
7 6 2 11 4 16 15 12 7 12 1 5 10 2 1 9 8 6 9 3 1 16 8 14 10 3 4 5 11 7 0 1 5 11 12 0 1 1 3 16 13 4 4 7 6 13 7 6 11 0 9 12 7 0
9 8 3 13 5 5 11 13 6 7 15 10 7 7 2 10 6 7 6 1 5 3 15 12 9 9 3 2 12 10 10 4 10 5 8 6 10 2 2 8 10 9 1 8 16 11 10 14 1 16 6 6 2 12
2 12 12 13 5 7 15 15 2 8 3 10 14 14 4 7 5 5 7 14 13 15 16 6 12 1 13 9 15 7 5 8 2 0 5 15 8 3 13 1 2 0 12 7 5 7 5 1 12 13 6 16 11 5
14 14 14 10 6 13 8 11 4 10 3 9 16 2 3 13 3 5 4 6 3 0 13 9 1 16 5 15 16 7 3 13 4 9 14 1 5 6 4 0 7 7 1 7 9 12 11 3 1 6 10 12 6 14
4 15 14 0 13 4 15 7 8 10 16 5 12 12 2 16 13 1 14 5 16 14 0 10 0 9 7 1 5 13 16 0 11 4 9 15 16 7 5 7 9 13 3 4 8 14 11 12 15 16 0 14 13 9
15 4 1 5 6 14 9 13 6 3 8 15 1 7 13 14 5 5 10 8 0 2 5 2 5 11 1 14 16 5 6 5 10 15 10 7 13 10 11 10 4 2 8 5 0 12 11 5 1 4 4 9 14 1
12 3 12 13 8 12 10 5 0 3 3 2 1 7 12 12 0 0 5 16 13 5 12 7 1 4 3 13 13 0 14 16 11 10 4 10 13 14 15 4 8 10 14 9 8 1 4 9 1 9 16 5 5 2
4 14 6 15 10 11 6 16 10 9 9 5 2 13 2 1 8 10 2 6 10 10 7 14 2 16 14 10 12 10 12 7 15 10 5 9 12 12 8 5 4 8 2 6 12 4 15 3 6 0 9 7 11 7
13 4 6 10 5 2 12 1 9 10 2 6 10 14 1 1 10 13 0 12 2 12 8 9 7 5 0 16 12 2 15 8 7 4 10 3 14 13 12 15 6 14 4 0 11 13 9 5 9 1 8 2 4 16
11 11 12 12 2 8 5 0 7 3 12 0 7 1 13 2 16 11 0 11 2 2 15 2 15 7 11 7 0 16 14 12 10 10 15 12 9 3 3 16 7 16 8 5 8 12 7 7 14 15 9 16 1 7
10 16 5 4 14 5 3 3 8 5 13 14 8 13 9 12 12 16 2 11 12 10 7 2 8 12 1 8 12 10 15 13 0 11 0 15 7 12 1 16 8 5 13 16 1 5 2 4 12 12 16 7 5 14
1 4 9 2 12 12 3 1 8 3 3 0 9 11 3 1 10 11 6 14 1 15 11 4 11 6 16 10 5 13 15 6 0 15 16 4 11 2 5 10 5 9 1 6 3 4 7 4 6 5 1 8 3 12
3 5 10 2 15 15 15 4 12 7 3 11 11 5 4 7 15 0 16 0 6 10 12 14 5 10 10 7 9 4 10 12 10 3 14 16 9 4 4 4 11 15 6 5 3 10 3 1 11 11 9 8 4 13
13 10 6 6 8 6 11 1 1 4 13 15 11 13 10 15 1 4 13 15 0 16 0 4 9 11 15 1 10 10 5 7 11 2 4 2 8 15 12 9 10 16 16 5 12 9 11 4 5 16 3 13 6 3
8 15 5 6 8 15 8 13 13 2 7 1 13 15 7 16 16 1 15 15 14 10 15 16 6 11 15 9 8 5 3 16 11 16 14 10 14 13 7 2 15 14 3 2 3 1 1 2 10 7 8 7 9 15
