40 200 20
6 17 10 12 18 8 36 26 15 36 9 35 19 23 24 6 12 36 10 23 9 7 31 18 19 6 31 5 10 15 11 4 10 20 30 29 37 14 8 2 17 27 26 23 22 21 26 24 19 9 22 31 20 23 2 30 15 23 36 17 36 28 21 18 32 33 20 38 16 22 36 40 8 9 31 36 36 3 27 34 31 21 24 10 2 19 9 29 34 28 23 24 31 1 40 32 19 8 16 33 33 34 31 16 33 1 38 23 37 15 4 28 20 13 12 16 27 36 12 32 21 36 34 21 15 2 29 13 30 15 39 17 13 26 21 33 25 24 18 4 23 6 5 17 13 35 32 11 3 34 19 29 14 19 36 34 4 21 11 31 21 1 33 17 7 6 34 17 16 3 5 28 5 12 25 7 35 23 10 26 14 13 30 8 15 25 10 38 14 15 19 38 25 26 26 7 18 12 16 32 25 9 29 2 5 39 20 24 22 5 3 1 16 11 28 27 18 16 21 39 21 32 37 23 17 31 8 23 1 40 28 1 25 10 31 40 39 40 37 9 18 11 25 37 11 1 5 34 5 21 38 7 30 35 31 39 22 33 11 40 26 6 13 30 4 32 13 19 2 14 12 4 7 2 9 38 26 37 8 10 30 20 7 23 25 6 26 38 3 4 7 30 25 8 6 20 17 32 5 36 39 1 28 18 12 17 39 16 26 30 7 10 33 5 37 8 15 7 37 20 37 7 17 18 26 9 27 5 23 25 13 2 39 36 10 13 3 11 2 23 22 11 18 1 29 7 28 39 12 39 28 22 26 29 19 37 28 31 37 24 17 21 24 29 27 4 38 24 20 29 38 6 39 4 29 6 38 15 33 28 12 21 3 40 37 10 10 9 39 11 2 10 27 11 34 39 14 35 9 30 
21 39
15 7
11 2
19 33
31 1
26 16
30 10
22 19
7 23
35 24
40 20
23 39
31 15
40 4
9 8
26 29
38 32
27 8
34 6
32 16
