80 1000 20
10 45 49 48 75 9 44 38 62 54 52 61 50 54 51 25 50 18 67 33 7 51 8 55 18 34 72 2 27 5 55 1 28 27 7 63 78 4 12 46 50 32 22 16 44 22 62 67 12 5 43 23 50 20 28 38 77 42 34 72 64 17 26 73 39 27 59 1 71 51 79 17 1 32 24 62 20 1 24 11 52 75 2 25 76 12 25 13 41 77 35 69 2 58 23 3 43 56 22 61 33 31 71 20 46 45 22 8 52 80 78 71 52 5 56 20 79 35 14 53 15 46 79 80 22 67 38 43 51 59 11 80 2 14 62 50 35 13 65 51 60 20 10 67 30 60 77 40 59 78 5 14 38 48 14 3 19 57 78 68 73 60 35 52 7 66 52 17 30 54 13 33 56 59 72 32 62 70 27 51 69 52 49 4 57 40 11 5 9 57 35 31 64 66 55 16 48 8 48 68 71 6 45 79 78 27 63 40 16 79 8 39 41 78 13 36 55 13 23 33 44 36 75 17 35 11 10 43 10 12 33 64 24 55 20 6 30 76 10 73 79 66 44 23 17 23 48 61 72 68 71 32 48 30 60 78 21 46 37 32 16 31 46 33 19 37 73 39 37 26 12 57 71 72 68 26 31 80 10 71 74 33 54 59 56 57 47 76 56 71 22 6 23 31 47 39 64 24 55 50 58 21 49 42 26 22 59 71 71 38 52 45 8 26 46 4 28 14 42 36 19 68 16 49 20 39 30 10 76 1 55 35 27 1 52 24 36 24 12 54 67 29 12 32 56 1 40 68 43 40 24 4 60 10 32 19 44 13 61 76 68 56 41 63 33 55 37 63 10 26 50 45 73 57 52 23 5 45 43 54 64 49 57 32 8 73 62 11 38 47 64 21 39 32 35 50 57 77 58 33 78 43 45 25 11 42 69 4 32 27 67 18 34 21 68 10 43 29 47 56 16 74 3 46 36 69 58 80 74 53 23 2 23 62 79 5 15 69 8 10 32 22 1 54 24 34 55 34 19 71 50 14 39 9 72 18 59 47 23 45 77 6 10 1 36 64 18 27 76 9 56 78 75 66 24 58 79 70 10 61 72 27 1 39 13 24 65 68 59 63 26 57 31 49 8 68 34 36 74 75 13 75 57 6 79 28 40 6 9 78 58 36 71 47 60 41 44 11 20 19 19 59 57 29 35 74 69 44 30 37 36 28 65 57 3 45 16 25 3 5 72 12 66 58 78 73 25 23 38 41 5 80 69 11 21 49 65 38 58 69 50 28 32 6 27 20 40 67 57 1 47 54 1 73 54 60 51 32 7 2 55 62 43 19 80 3 35 58 60 32 77 1 35 28 1 22 57 43 52 49 80 75 79 64 31 52 80 70 40 32 43 48 74 11 25 5 79 23 20 54 58 14 67 9 73 65 42 69 29 10 20 48 65 47 44 55 8 6 12 20 13 3 72 60 80 42 41 59 64 35 12 41 79 3 76 56 73 41 72 29 36 4 69 64 37 9 73 48 34 45 50 69 29 38 23 74 36 16 61 73 6 61 6 56 2 34 45 31 34 14 41 48 55 79 40 29 52 66 10 54 61 77 32 26 59 65 39 59 16 80 51 22 13 46 63 68 38 54 23 21 79 2 20 37 75 50 23 64 53 58 21 66 58 49 43 12 64 52 67 26 43 22 79 75 28 34 23 36 58 70 14 52 51 40 73 47 63 30 44 28 15 21 40 59 45 55 21 52 64 80 4 21 35 14 70 3 54 61 61 40 17 16 10 18 26 77 27 12 74 70 50 13 49 36 2 5 23 70 1 68 75 11 44 4 40 65 11 25 32 77 39 54 66 31 55 66 36 31 49 80 65 71 79 13 47 77 33 5 2 50 60 9 67 60 59 57 65 43 31 70 58 15 10 78 69 2 66 2 12 9 20 57 18 39 58 34 6 68 41 26 31 44 66 42 69 3 31 58 39 72 21 80 44 35 30 29 57 78 46 42 76 32 35 75 70 13 14 69 45 58 1 29 75 5 44 46 31 42 42 21 58 55 34 25 2 53 53 79 44 16 46 34 8 67 30 51 22 63 45 28 46 55 53 50 48 10 72 43 42 34 39 76 77 60 58 23 28 7 3 7 12 8 48 6 39 30 79 58 2 45 59 61 72 19 31 79 59 18 7 31 64 34 76 20 55 17 20 26 7 53 32 43 17 66 64 31 58 75 48 57 7 15 3 42 40 48 62 17 61 41 44 7 51 76 33 21 62 15 70 7 13 7 3 64 56 38 28 2 55 14 21 74 53 75 80 17 46 5 74 66 60 37 65 56 10 37 5 58 31 24 53 46 61 19 64 14 13 4 45 49 61 27 25 66 63 26 34 23 9 72 12 22 32 8 63 27 26 29 39 43 51 6 72 48 27 47 48 63 69 70 11 3 79 24 35 34 80 33 64 15 34 79 12 37 65 22 5 69 14 45 41 30 12 47 70 45 27 38 74 5 50 16 55 74 5 36 78 1 59 76 42 5 39 78 54 37 27 60 29 63 12 73 78 29 69 49 42 15 64 45 14 80 4 23 4 28 46 35 62 79 15 80 59 8 14 49 9 1 39 12 76 54 56 48 26 27 11 34 77 38 69 74 11 70 5 24 67 39 6 10 80 50 12 68 44 42 39 19 63 56 46 14 55 5 22 10 8 77 41 39 59 72 59 20 65 77 49 50 61 65 39 71 35 49 30 73 37 39 51 77 3 16 27 56 60 6 50 5 53 62 46 64 9 73 50 11 9 65 66 3 17 50 43 63 37 67 16 46 8 40 7 50 69 55 73 63 53 13 76 40 38 18 43 77 8 54 41 47 39 40 37 22 15 44 30 57 43 27 1 71 75 16 40 60 48 65 73 22 46 80 77 78 4 11 23 55 69 33 58 62 1 67 27 48 42 24 44 80 77 59 3 31 54 19 64 53 47 68 25 4 76 48 59 27 53 42 62 44 68 38 79 36 15 75 69 16 18 19 26 60 3 58 34 74 48 47 65 8 55 49 6 30 51 19 42 7 61 9 54 51 3 15 16 33 49 25 54 48 69 46 60 29 78 76 11 14 78 38 52 25 65 63 5 23 28 74 63 77 70 28 63 61 15 25 38 9 18 8 20 30 46 49 22 41 17 5 3 36 76 18 1 65 7 55 28 33 28 15 56 40 19 76 61 57 9 77 28 42 64 75 18 47 43 67 33 2 29 68 5 70 40 18 34 50 52 70 38 59 72 22 14 15 62 28 24 21 73 77 64 16 50 74 63 57 30 19 14 74 46 70 75 70 66 11 5 35 43 41 31 21 7 17 62 34 42 70 30 32 8 43 19 40 37 73 20 65 32 59 37 40 41 9 9 20 2 3 55 4 72 30 53 28 53 52 40 47 15 11 71 22 65 54 9 6 71 37 80 25 55 70 78 54 61 68 66 34 5 44 65 32 19 48 10 38 27 9 9 48 12 61 26 54 42 17 64 44 24 2 44 2 57 27 45 53 11 52 71 73 38 76 80 23 6 12 3 75 5 16 60 39 57 18 47 10 1 43 29 48 55 36 32 68 17 31 39 77 36 14 62 64 54 6 61 71 53 3 27 71 7 74 9 47 46 75 29 61 15 45 45 13 8 76 13 16 1 19 70 44 17 46 38 26 32 73 32 20 12 30 15 50 8 1 26 40 3 44 1 51 77 18 64 28 9 43 36 2 41 71 21 2 59 73 33 79 5 49 78 26 71 60 74 58 54 29 52 4 14 25 7 25 46 58 45 17 47 32 10 59 11 13 66 23 42 74 27 29 72 47 34 53 33 7 30 65 13 52 40 41 79 69 33 49 71 18 76 57 78 48 80 69 23 16 34 49 60 38 50 52 67 27 63 39 6 43 38 12 13 15 56 10 5 13 48 18 37 18 54 73 72 8 15 4 80 35 41 54 25 42 71 29 56 37 55 31 78 51 29 12 12 19 70 34 61 30 73 29 39 38 57 22 5 28 6 78 25 21 20 18 76 43 31 11 6 73 44 50 26 51 51 10 16 45 15 17 14 75 15 55 41 20 55 75 76 29 3 17 46 11 43 30 72 63 10 72 53 55 35 15 35 4 68 43 48 37 16 24 41 76 12 60 70 36 78 72 28 52 21 36 74 4 54 56 44 58 38 1 75 25 60 19 79 46 64 55 44 75 73 51 26 61 29 47 28 66 24 69 36 35 68 67 74 17 9 8 21 3 67 61 27 41 71 30 56 26 33 53 20 8 33 62 39 22 42 13 28 25 24 46 71 9 4 42 5 34 8 19 25 31 60 61 6 27 67 63 60 18 77 29 44 25 3 24 9 18 56 73 4 62 55 2 27 19 47 20 66 13 66 62 20 63 52 79 8 57 26 65 75 21 10 65 1 60 68 30 74 79 79 14 6 1 33 34 46 50 18 56 4 45 20 77 11 64 25 55 50 24 37 68 52 46 78 30 41 65 46 66 80 55 73 27 24 49 22 19 19 65 25 36 54 9 
28 56
73 32
47 50
3 55
53 22
8 6
15 7
67 68
57 26
34 28
39 53
44 16
40 19
14 25
78 19
33 25
75 58
8 41
59 11
47 64
