100 1000 100 100
29 34 817 98
89 8 990 100
58 97 977 42
57 51 167 6
97 90 534 60
90 68 243 5
26 52 652 27
76 97 53 42
34 59 987 97
92 1 302 33
85 20 789 100
70 90 154 25
86 57 938 52
88 86 668 31
76 85 795 56
87 75 875 87
64 18 717 80
79 97 222 32
0 2 814 62
83 22 6 35
28 30 287 22
40 70 459 65
25 60 772 67
22 67 848 60
12 75 749 46
54 99 332 3
4 85 836 35
56 18 445 52
69 63 785 75
88 96 334 73
58 42 603 62
81 82 331 58
64 3 914 86
80 96 321 24
82 95 99 97
42 25 650 64
90 57 5 53
53 92 821 63
98 55 733 45
82 55 88 14
63 91 105 25
71 15 964 39
63 80 30 44
96 1 492 48
57 94 741 45
70 28 299 50
70 56 104 22
45 88 759 33
83 81 793 44
29 84 867 73
34 7 541 71
34 90 438 93
18 44 710 28
19 40 163 55
93 72 1 58
40 59 88 58
49 72 183 68
82 80 921 6
38 97 399 52
64 41 853 99
80 86 630 13
98 87 460 12
30 74 541 47
28 38 126 60
67 87 542 76
60 66 426 70
2 49 75 74
95 85 781 87
99 74 741 100
32 53 56 69
87 39 699 76
13 69 773 97
11 29 67 34
53 2 226 29
63 66 621 28
49 20 761 91
22 39 745 37
41 47 205 18
74 18 431 79
42 68 704 96
39 82 72 14
55 73 809 79
33 19 298 55
1 8 479 1
43 21 947 25
61 78 874 1
10 12 699 55
39 94 934 61
92 97 183 27
75 45 123 3
66 82 504 97
9 55 594 11
19 67 440 44
24 92 564 8
15 92 849 24
22 66 74 32
41 87 888 2
12 67 415 53
56 74 944 37
36 34 53 91
76 45 504 59
47 34 615 36
43 60 958 80
5 81 15 83
0 96 457 16
44 68 822 89
30 48 648 1
15 51 747 87
84 3 116 81
48 35 14 67
56 61 622 32
90 1 264 86
58 9 610 29
44 25 221 83
36 18 332 21
5 15 639 100
93 69 339 58
97 84 384 53
42 8 426 89
52 64 164 81
79 98 465 14
38 13 562 87
32 20 249 42
55 50 262 56
8 40 802 93
13 33 810 19
96 13 279 6
39 58 363 86
88 44 580 67
45 26 361 28
71 17 805 70
69 60 396 11
97 51 46 73
88 89 225 68
69 50 694 82
51 55 407 20
94 74 293 27
62 69 368 46
21 34 968 15
19 95 303 22
59 65 986 78
96 5 512 99
39 19 720 4
62 31 441 52
3 31 847 28
23 36 17 69
56 72 953 71
63 5 482 47
91 85 723 9
47 59 243 70
36 3 928 76
35 60 959 84
19 94 798 56
38 94 964 63
73 34 833 91
73 34 317 63
2 43 506 5
28 63 795 6
89 67 719 8
69 33 339 2
35 48 886 73
20 72 388 27
9 21 570 15
91 47 604 37
26 63 439 22
60 23 504 99
98 64 144 47
37 98 49 49
56 72 796 13
5 76 617 38
34 74 175 68
24 14 664 84
22 32 981 66
23 61 43 31
79 53 117 18
44 99 945 99
26 20 449 18
40 81 256 90
59 31 978 5
59 42 221 13
26 68 879 82
37 60 404 28
55 56 121 7
68 89 440 48
77 67 658 58
17 36 714 1
76 91 182 15
79 15 688 9
91 9 767 96
5 26 538 91
54 24 261 95
37 54 262 86
3 68 118 58
5 53 493 36
51 77 375 15
45 62 272 76
64 17 781 43
71 48 550 85
77 75 316 29
62 96 477 21
9 57 757 98
29 35 299 26
4 43 734 28
56 58 443 8
97 9 227 66
63 49 194 52
89 71 223 2
88 26 657 55
46 7 41 48
45 76 144 51
17 52 84 16
36 48 41 12
84 39 368 32
4 7 79 6
52 66 57 3
97 49 387 59
77 22 640 62
27 6 163 30
5 17 799 74
47 40 934 11
23 1 5 70
93 17 900 8
9 36 730 47
54 93 384 42
19 18 484 90
77 80 14 12
7 92 510 22
17 73 558 35
66 29 336 62
80 71 443 10
64 9 24 66
87 14 227 8
82 18 603 96
30 5 545 22
88 4 939 29
62 28 117 33
23 75 502 85
46 12 913 98
71 31 208 61
95 16 138 58
94 9 224 32
96 98 46 77
32 80 438 23
55 71 696 7
92 56 100 57
53 12 450 48
17 74 607 2
60 65 316 15
71 99 755 78
53 63 257 83
36 53 280 79
9 81 729 83
42 51 322 68
22 37 371 3
49 98 648 48
8 95 901 23
72 23 991 81
15 36 487 84
0 72 460 93
53 31 241 31
26 51 527 62
18 43 606 44
67 20 976 32
55 97 734 22
54 51 162 42
54 35 443 89
60 11 776 10
29 83 778 9
73 83 193 13
28 78 793 88
44 78 736 34
13 67 940 99
62 92 932 26
45 59 633 14
2 5 469 83
54 18 325 61
12 73 332 36
54 10 913 16
57 82 995 33
90 8 508 11
19 41 843 90
96 36 511 34
1 76 650 33
20 57 126 58
70 15 978 83
76 6 565 57
81 11 272 74
3 68 565 47
64 42 931 46
23 54 779 63
27 92 273 60
86 59 725 86
19 72 544 1
41 65 199 65
77 73 480 22
81 54 968 85
31 98 441 23
21 46 273 93
72 45 442 67
75 9 81 12
63 6 132 90
44 65 779 39
38 71 574 18
75 21 495 23
8 65 484 64
25 81 741 2
66 89 946 61
36 48 633 57
73 34 135 13
36 67 200 63
29 80 600 92
4 47 717 83
91 43 428 79
32 88 623 49
5 41 667 66
83 65 955 15
11 9 867 33
57 64 684 89
21 28 691 89
8 19 604 25
90 47 992 95
1 95 796 73
93 78 76 44
99 21 997 49
50 60 196 1
86 89 576 61
1 39 697 90
11 28 423 6
90 79 830 13
83 53 113 99
10 70 396 79
8 85 620 32
95 22 485 63
39 20 780 91
58 21 687 96
42 66 586 38
85 21 736 7
62 48 793 81
6 71 307 59
76 17 904 29
23 64 188 12
47 98 421 74
92 38 282 47
30 24 653 19
23 62 615 95
35 10 453 48
49 89 408 31
7 49 778 98
6 71 710 35
91 20 319 51
55 78 313 23
39 62 117 34
9 51 841 5
88 64 418 13
56 78 627 72
76 94 696 75
70 82 945 94
59 34 517 70
62 83 871 25
48 90 821 55
84 97 420 12
17 0 901 40
69 34 978 31
57 15 311 36
0 49 28 56
37 14 635 58
60 68 822 51
27 51 555 15
36 37 110 9
81 93 332 14
52 49 618 1
66 35 43 56
7 2 415 33
60 32 203 53
77 97 257 72
31 85 304 22
39 87 124 6
51 73 666 55
10 87 691 29
68 96 354 84
2 5 923 17
91 56 214 100
21 17 923 13
35 18 728 56
27 67 212 68
65 78 182 64
72 53 575 17
50 88 574 85
8 17 768 92
82 64 181 75
72 49 1 84
61 59 112 89
0 95 425 30
40 67 220 87
29 83 546 31
94 12 547 51
97 77 285 79
82 26 311 74
43 67 138 35
24 98 910 50
27 76 974 5
70 91 414 56
66 54 151 76
32 40 976 66
87 70 860 25
39 38 566 69
36 57 742 74
94 65 750 92
72 82 857 52
63 35 845 17
94 33 142 55
39 1 753 95
19 13 191 35
14 32 82 16
57 36 790 83
73 5 514 7
80 23 593 32
27 88 431 78
93 13 95 5
4 24 657 48
76 49 790 94
66 99 59 80
36 57 566 5
17 94 678 87
94 55 332 65
34 72 534 30
43 21 161 55
98 76 589 37
0 33 505 45
77 83 16 53
32 60 67 53
8 73 589 97
29 72 170 5
85 72 886 97
61 36 568 37
11 3 937 68
54 91 199 34
86 77 327 40
1 62 129 73
60 90 684 77
63 32 833 81
99 23 634 5
4 52 562 47
15 64 957 83
23 56 55 87
71 78 745 25
40 34 223 35
53 73 194 50
51 75 860 32
47 65 336 87
4 93 387 63
48 91 315 4
97 87 122 58
94 99 673 35
52 69 226 96
27 6 601 75
89 67 831 55
46 48 650 67
57 32 525 75
24 58 658 47
54 34 782 7
88 26 701 31
30 99 885 99
20 91 55 88
28 77 200 91
77 1 500 75
61 59 710 21
41 13 611 87
65 20 544 74
42 72 770 57
71 63 101 99
24 45 847 3
26 87 554 45
95 94 479 54
58 30 266 55
74 84 603 46
79 74 559 56
97 62 70 78
16 80 501 52
60 17 641 21
93 90 561 48
55 65 991 69
18 11 121 89
38 80 515 27
73 83 99 46
66 50 152 77
52 72 450 96
64 42 888 69
99 81 516 79
7 80 732 30
32 84 386 27
58 57 481 35
53 73 553 56
2 85 505 47
58 86 190 83
77 42 872 56
66 23 2 74
51 6 95 88
88 48 386 19
92 36 339 64
52 92 760 41
57 47 952 11
70 85 539 8
43 56 686 10
91 73 625 58
30 81 916 21
74 28 921 46
28 40 907 56
17 89 802 16
48 86 772 95
58 42 776 51
65 79 782 27
91 21 928 22
52 3 494 24
28 93 920 63
26 24 541 80
54 42 399 70
57 28 499 24
17 97 879 62
11 32 809 6
24 36 888 28
97 12 103 64
48 47 843 23
3 90 558 100
51 72 573 26
46 25 210 43
72 20 928 100
62 25 639 37
62 52 766 97
31 52 780 61
38 82 260 94
60 51 353 17
58 25 321 28
84 71 883 2
63 92 105 50
78 37 330 64
8 39 399 94
12 94 124 30
57 54 420 33
15 67 584 66
19 60 826 30
44 92 198 87
0 85 589 45
60 35 650 28
84 83 74 58
26 88 647 84
50 41 615 5
85 98 264 24
9 21 44 44
40 14 934 90
91 1 842 58
91 0 283 85
63 0 108 15
82 48 708 9
17 89 73 7
65 69 883 30
33 61 284 74
44 5 692 31
28 95 313 23
59 11 566 58
92 8 611 83
82 40 325 100
60 38 537 13
44 74 572 64
7 93 684 8
75 88 974 84
21 71 352 17
31 95 635 69
79 46 952 79
41 77 862 26
36 22 38 20
41 36 198 15
92 58 398 21
57 38 691 92
1 39 981 64
31 41 478 51
30 39 526 88
50 16 792 27
46 36 242 18
74 54 517 17
30 57 161 45
99 42 877 82
56 62 962 71
87 15 755 78
43 1 898 82
14 48 850 13
1 35 390 60
1 17 347 90
1 92 945 77
93 14 78 100
41 71 699 71
40 79 871 57
35 73 684 83
52 76 773 5
82 12 876 78
73 94 897 80
84 67 146 39
89 49 145 50
93 1 550 67
6 29 371 92
5 61 426 61
92 80 11 19
25 13 271 5
88 51 655 72
85 5 332 29
95 67 673 23
1 76 296 96
1 58 385 65
57 29 408 63
75 58 519 24
99 16 555 21
90 16 746 8
35 68 65 25
15 64 470 77
11 82 691 7
74 82 586 41
71 59 844 78
85 54 60 35
32 59 25 71
18 3 963 85
52 50 932 83
16 62 140 92
44 5 8 3
4 95 835 80
77 73 403 50
0 50 644 17
89 47 12 65
77 41 872 48
29 60 129 88
43 40 310 2
58 52 553 19
51 98 503 46
20 33 410 55
66 71 788 51
59 47 338 9
11 30 992 1
87 65 644 97
10 61 731 68
95 77 531 84
44 89 944 46
20 31 358 40
34 15 937 22
19 99 761 71
63 10 521 62
1 6 138 63
0 93 497 88
5 8 545 52
60 21 262 36
7 2 752 7
12 0 233 82
92 17 261 66
76 65 901 92
64 70 724 63
62 5 8 39
50 81 960 46
52 49 901 19
88 23 866 60
39 29 982 11
61 42 439 69
31 44 79 6
77 45 566 60
51 21 553 59
88 13 848 57
31 88 860 83
43 64 614 5
39 38 211 45
69 62 481 66
9 28 302 68
97 19 185 67
96 92 104 6
23 24 726 49
17 7 578 25
10 22 671 26
11 20 888 9
59 82 325 84
41 60 856 94
49 12 882 65
94 13 934 61
39 46 864 40
96 19 720 13
30 67 272 57
60 19 137 85
0 50 10 11
43 16 951 89
69 17 290 97
6 33 798 51
94 47 88 50
91 35 21 11
55 98 802 41
1 45 691 67
30 35 764 75
32 84 653 49
90 94 971 38
17 71 865 21
70 31 53 49
17 41 270 3
40 85 573 16
47 92 512 67
22 65 691 75
82 65 56 30
28 18 173 18
49 0 147 27
56 75 497 74
1 48 411 44
79 92 471 31
31 78 854 52
81 19 984 65
68 59 3 54
38 51 905 86
87 18 396 12
79 80 248 65
35 17 792 78
78 38 868 89
27 66 231 86
39 3 487 55
45 37 426 2
11 52 366 53
57 0 801 67
99 96 429 57
57 21 82 25
52 32 838 75
88 11 795 11
50 37 826 100
3 21 151 58
70 58 84 3
42 49 155 7
85 50 979 75
42 92 784 37
74 71 837 33
92 74 246 57
61 24 4 14
0 73 829 53
89 92 249 29
26 14 61 98
3 21 231 88
37 91 969 76
15 81 967 26
36 28 526 30
63 29 2 42
63 50 966 18
86 88 372 98
80 89 991 68
53 61 765 17
75 19 572 1
95 10 787 53
11 70 927 86
17 50 913 13
74 35 96 1
39 69 248 6
27 37 22 62
85 97 820 98
81 57 157 57
92 8 466 76
17 82 152 69
6 39 718 49
9 74 919 99
44 95 321 95
64 84 593 42
53 14 28 70
90 36 437 16
48 77 652 16
42 96 411 18
82 46 256 2
98 88 987 24
49 15 725 95
24 3 157 74
6 74 877 6
54 92 297 14
2 49 802 17
76 26 669 86
78 12 648 83
5 43 73 81
85 47 336 60
23 30 783 10
52 27 334 30
68 5 400 79
93 83 176 80
24 8 657 28
62 73 49 58
24 25 29 96
42 64 339 86
12 64 161 70
77 65 293 46
74 15 150 48
46 38 746 53
29 5 165 66
18 62 123 7
80 62 229 22
17 62 497 31
10 60 356 24
27 74 589 68
38 7 286 48
6 66 14 92
65 69 645 26
18 29 189 88
9 37 994 5
28 82 410 12
25 80 174 51
77 36 399 78
71 68 416 16
49 78 684 39
1 41 245 4
29 42 59 96
71 55 376 89
53 35 280 15
20 17 515 39
2 83 429 20
58 45 299 91
12 99 979 68
86 57 899 18
59 54 52 76
49 77 612 5
27 72 310 45
35 7 148 77
32 9 134 79
54 87 24 91
51 64 744 49
86 83 422 17
7 61 585 92
5 80 249 34
19 13 132 46
88 87 309 2
70 12 820 42
41 8 290 33
34 79 388 22
91 86 747 85
45 39 871 89
50 55 573 77
9 74 784 85
20 18 22 75
68 52 371 55
58 5 789 59
9 3 210 7
97 36 291 41
32 81 241 11
49 4 713 3
33 76 520 81
39 26 905 57
78 13 986 82
67 48 946 11
76 15 207 20
80 79 678 93
91 6 719 49
69 79 984 91
56 90 960 47
47 45 56 65
60 75 919 36
33 97 903 31
98 88 91 59
95 69 30 84
45 16 793 15
30 47 313 76
32 39 499 51
83 81 81 75
68 83 62 79
31 74 599 28
86 63 179 96
13 70 233 59
21 89 629 49
50 22 576 51
28 9 227 56
10 56 522 12
40 84 752 98
14 81 350 44
33 55 667 33
66 23 244 47
10 62 890 3
5 10 481 86
93 38 783 33
52 7 984 88
24 32 107 23
83 36 373 12
0 70 324 24
37 46 655 13
8 97 454 30
14 42 981 84
40 21 84 40
85 9 203 40
87 38 149 73
43 20 382 24
5 78 535 62
49 79 249 72
57 48 547 53
85 24 325 58
25 90 383 18
95 98 866 5
20 44 222 93
76 18 28 91
3 50 846 67
66 61 40 45
58 23 571 4
39 38 583 95
99 66 569 15
99 68 711 2
71 90 816 86
26 97 405 15
19 59 240 18
59 99 958 86
73 55 457 10
46 67 859 17
88 36 321 37
8 37 957 69
39 45 924 56
43 46 214 54
27 22 757 12
38 14 532 36
14 19 267 88
66 80 875 37
76 40 634 61
47 55 458 95
71 45 740 44
33 54 640 54
6 58 662 79
52 46 101 87
96 21 946 71
22 39 776 20
45 21 853 10
93 39 692 13
60 44 268 61
28 47 498 96
3 94 575 17
28 31 821 13
68 91 28 10
89 17 267 30
37 77 23 24
43 41 491 66
49 92 753 93
59 43 247 38
5 2 989 47
90 7 866 42
92 94 986 25
42 79 759 39
77 93 464 18
46 98 66 22
39 3 75 67
1 4 217 37
19 95 403 2
87 46 750 94
92 51 978 19
29 33 246 63
64 86 144 49
74 88 559 34
79 23 244 10
58 49 554 45
10 41 306 64
64 25 648 9
42 45 391 94
84 97 716 99
86 39 73 87
37 8 862 44
45 60 160 51
55 8 203 83
93 37 762 53
32 97 769 10
36 4 403 40
96 73 745 35
67 18 444 91
94 98 78 43
52 34 343 27
79 37 920 33
70 76 108 99
28 84 425 35
26 1 255 45
46 35 407 55
38 44 763 63
11 76 420 54
8 74 304 47
6 39 755 97
92 56 54 42
1 83 91 37
37 18 201 42
23 95 975 42
96 6 67 58
3 47 547 26
43 74 838 23
13 99 17 63
54 72 545 72
76 48 479 30
7 41 51 4
61 1 688 41
39 74 269 5
52 13 908 45
50 10 326 7
49 67 913 96
13 61 829 89
30 36 817 27
67 93 218 100
39 29 897 49
57 95 584 29
58 62 358 50
93 46 773 90
11 27 236 84
12 60 821 74
96 93 946 62
71 42 380 90
23 16 409 1
62 87 951 8
4 63 809 25
77 80 60 83
6 65 254 53
