100 1000 20 100
91 78 120 84
76 17 808 35
52 63 511 4
66 51 170 85
39 28 528 12
69 41 724 76
4 88 817 12
59 72 415 87
43 29 547 64
84 60 414 63
97 49 568 53
53 26 109 13
46 21 105 11
93 97 872 91
98 23 403 78
72 8 309 47
37 69 549 39
74 50 204 40
13 68 199 99
46 60 680 48
82 50 328 97
68 58 951 26
37 38 773 16
0 72 79 22
87 72 888 48
59 51 777 61
0 52 708 5
40 1 678 70
7 19 300 15
2 95 260 22
85 32 80 19
26 25 987 95
8 91 965 65
52 22 313 2
7 6 898 69
98 62 47 33
41 95 719 4
75 27 930 75
43 5 718 52
33 68 307 86
59 50 92 31
8 81 678 56
72 19 546 8
33 49 703 88
29 88 756 70
93 91 657 11
70 27 350 65
78 34 736 26
8 33 174 58
22 20 217 99
47 60 625 21
28 56 405 70
39 53 991 25
20 66 954 88
14 98 898 15
10 38 584 67
95 99 767 51
35 78 242 83
35 11 199 82
70 65 335 80
35 67 430 2
60 49 763 42
73 21 345 47
52 6 545 70
27 16 190 60
16 92 921 28
10 7 221 72
88 86 488 78
24 21 729 98
97 95 114 71
91 67 917 53
37 33 857 78
24 30 230 37
5 96 10 42
17 94 986 8
86 11 726 48
87 88 478 33
15 79 469 72
82 22 853 27
47 50 753 3
50 93 806 71
5 38 521 80
18 15 720 95
86 96 879 76
5 60 417 71
94 75 555 75
38 6 184 97
59 47 976 66
74 65 136 80
8 53 455 39
2 32 212 57
54 7 561 30
94 27 854 74
54 47 937 52
20 54 346 1
39 22 3 33
79 19 584 23
84 87 887 83
19 12 526 6
0 10 965 40
20 22 21 24
56 28 83 82
74 43 90 28
73 18 70 49
68 36 781 88
37 8 784 89
46 61 946 51
24 38 618 80
14 71 673 22
94 53 156 5
76 14 769 47
11 83 718 29
55 23 227 71
51 86 489 22
66 86 743 100
54 13 362 4
87 95 828 96
60 80 345 82
44 95 872 76
27 46 619 85
86 38 42 51
82 78 561 19
14 64 677 42
74 71 113 82
94 35 722 62
26 16 67 52
37 51 386 81
78 54 514 87
66 64 830 45
13 73 745 61
28 54 690 37
73 65 688 59
74 38 861 10
42 80 542 27
89 9 200 25
65 28 493 17
3 0 47 61
34 43 952 46
80 88 883 77
65 23 367 30
58 61 597 67
53 37 856 21
0 5 808 42
66 2 550 84
71 23 123 97
80 22 211 15
96 79 497 28
96 28 531 2
40 84 769 32
81 79 420 2
16 8 511 67
77 33 948 69
82 93 537 7
49 15 178 60
80 0 393 86
40 84 180 16
81 83 11 92
3 6 586 59
91 49 593 23
91 69 974 39
31 85 661 82
22 1 763 9
92 60 902 91
87 92 370 55
6 81 75 89
90 75 976 68
62 35 214 97
39 77 305 90
68 11 270 66
92 93 19 2
97 38 778 54
48 46 415 85
41 45 433 95
71 8 421 17
79 54 542 81
9 21 963 19
30 90 622 77
51 64 56 41
80 77 59 9
36 92 7 77
64 29 1 89
75 61 233 24
21 48 73 51
63 78 740 17
64 69 752 35
58 49 248 30
79 68 21 23
10 82 169 21
33 67 618 82
13 12 778 69
45 61 673 77
78 60 732 56
54 30 886 73
17 21 388 35
96 34 702 12
88 92 154 30
36 68 743 28
35 80 391 97
70 10 932 60
46 20 658 10
48 63 735 20
61 26 940 24
43 82 923 71
82 57 632 10
36 41 248 23
80 4 867 11
37 87 576 26
73 55 925 29
85 90 463 66
12 0 706 97
22 40 453 83
55 31 44 48
86 4 529 76
54 14 657 7
68 77 890 66
86 65 305 2
95 33 732 45
94 88 759 68
4 99 171 99
90 56 802 52
5 23 543 68
81 99 871 66
80 91 59 6
22 42 292 97
43 85 265 18
50 95 450 2
96 55 114 64
46 99 227 89
86 23 269 94
86 39 70 30
80 74 367 54
26 97 568 45
85 47 809 84
83 15 791 60
74 12 472 65
84 71 975 32
23 0 172 40
35 56 391 5
24 41 999 76
12 44 504 7
18 60 76 46
85 52 305 63
29 54 137 9
84 87 277 72
3 96 3 74
88 5 685 21
18 82 880 85
89 59 135 65
88 84 474 93
26 35 820 3
46 10 320 90
81 10 878 77
28 2 324 57
2 7 370 62
22 1 304 87
58 37 544 42
59 4 103 21
74 98 682 31
43 44 228 24
44 95 253 45
62 49 224 78
56 72 254 79
3 96 943 20
1 14 643 41
54 65 95 24
45 17 527 7
68 60 651 90
9 11 258 5
71 86 962 86
6 77 39 83
92 52 763 31
13 47 801 89
91 29 769 96
57 15 314 89
41 54 900 86
84 23 489 2
6 4 37 35
91 11 176 31
77 92 131 29
66 59 154 46
48 42 569 13
21 53 416 98
96 31 991 28
92 94 444 67
75 8 23 81
58 80 516 55
85 57 293 97
76 18 168 62
22 58 567 40
30 6 593 57
23 86 185 91
86 77 919 43
39 50 673 52
80 43 113 89
10 91 857 58
58 83 850 1
75 96 252 83
58 33 303 45
9 29 752 23
94 61 921 99
82 22 639 60
60 78 622 94
54 63 999 97
95 40 159 95
28 11 798 46
18 87 398 91
75 5 113 5
53 46 484 5
0 74 900 38
92 62 39 40
41 59 752 45
48 14 966 97
75 1 258 37
52 22 599 22
47 37 224 27
15 34 844 24
7 41 243 60
1 15 803 78
67 83 159 53
40 15 622 67
6 12 362 39
19 72 316 96
47 28 508 95
51 83 53 21
38 45 185 23
45 51 280 85
51 52 941 89
69 47 98 86
26 65 989 14
25 77 708 22
38 83 952 47
26 34 72 61
87 52 37 74
80 67 219 61
12 85 617 97
61 84 367 74
6 92 664 93
85 47 206 27
32 25 327 3
72 27 509 51
64 91 418 78
73 15 42 21
96 61 123 97
37 63 977 27
8 61 292 15
29 27 219 19
90 67 591 99
43 72 589 60
65 67 125 93
74 2 419 98
10 41 237 56
38 44 668 44
2 82 697 40
65 3 676 14
44 48 749 20
2 58 992 9
65 22 55 18
71 72 474 95
86 30 238 13
90 94 119 4
34 36 756 63
89 24 157 87
25 17 60 85
43 11 425 33
99 26 753 63
26 2 713 26
2 94 970 95
98 83 421 68
26 36 34 21
4 6 621 75
12 17 843 96
88 98 158 95
36 46 604 34
30 4 918 67
11 60 81 54
72 94 204 64
34 71 273 83
68 82 244 80
46 49 447 49
79 55 808 51
54 38 981 67
36 68 317 72
48 94 987 9
98 11 502 64
73 79 530 33
48 89 702 65
72 15 226 3
43 95 783 75
0 69 379 94
50 74 431 1
89 87 462 97
9 12 434 23
51 78 33 76
35 91 661 97
67 98 664 76
37 59 336 8
37 72 976 29
39 84 817 61
29 67 39 32
73 15 552 50
78 4 321 8
6 35 163 37
74 42 544 54
62 75 464 94
5 37 313 82
76 81 185 9
91 21 444 39
1 56 652 78
24 60 706 11
51 4 986 69
18 98 755 25
51 40 66 90
89 50 256 84
96 93 939 28
34 45 774 83
56 66 392 5
36 38 927 40
58 35 202 8
74 97 892 6
40 12 41 31
69 20 101 86
77 28 444 97
47 76 319 42
1 14 334 12
8 11 817 47
69 56 524 51
78 81 461 69
90 44 973 68
16 17 882 33
79 3 611 47
23 15 797 16
32 43 326 27
89 91 164 30
8 43 501 16
91 56 107 61
4 96 929 67
55 39 28 86
26 80 954 27
13 6 126 18
78 21 763 91
88 15 624 56
50 29 606 78
81 58 953 11
62 67 417 27
94 33 16 83
95 96 885 58
19 89 529 74
20 91 314 13
85 75 366 54
92 69 586 93
67 43 498 41
33 83 444 69
28 62 419 81
89 58 330 92
53 22 515 89
91 66 29 22
30 93 71 73
5 67 520 84
49 75 684 78
92 24 342 99
77 11 171 44
84 92 630 81
4 98 471 50
88 53 809 13
55 40 123 97
10 9 485 3
17 64 865 27
74 21 111 15
81 49 738 34
5 26 132 10
16 44 257 59
81 68 378 93
33 92 745 46
79 7 608 86
48 84 747 13
92 10 939 46
96 24 587 17
30 27 347 65
26 73 240 49
85 75 470 25
70 17 887 11
11 58 371 79
13 41 408 38
94 20 874 4
29 62 243 81
66 42 857 6
0 57 185 5
85 97 764 84
26 57 521 62
88 25 351 60
20 9 569 71
22 69 135 81
96 94 147 25
1 69 276 12
49 31 112 6
37 61 750 30
9 46 610 61
81 83 695 27
9 31 929 1
83 90 627 88
51 90 589 39
98 68 260 20
73 63 440 17
41 49 658 81
29 74 228 6
16 67 55 57
16 56 321 99
3 55 657 77
25 2 758 36
33 10 813 29
46 25 600 69
81 72 229 47
55 17 904 68
31 11 902 50
41 24 205 75
26 10 114 35
36 17 357 67
35 1 528 26
57 34 129 56
89 46 547 52
52 50 15 56
61 38 945 99
54 66 719 82
67 78 778 45
34 99 610 45
74 70 853 84
98 79 184 67
79 27 445 83
0 16 894 21
50 20 191 9
82 69 329 7
85 75 702 29
68 79 132 68
75 93 246 53
40 59 87 98
18 2 595 8
74 15 880 86
28 77 595 5
19 56 498 11
30 0 65 69
72 20 357 48
77 46 181 64
48 67 789 85
1 44 701 24
78 10 806 1
92 99 485 25
87 37 341 21
80 30 284 39
86 49 893 51
25 51 625 6
72 16 251 9
18 13 613 87
82 67 83 60
27 2 83 47
47 46 618 43
61 5 362 54
64 57 226 28
9 46 833 14
94 53 634 10
85 25 261 70
3 40 759 31
61 13 362 7
67 78 759 14
65 58 845 14
16 70 434 79
90 49 481 28
6 60 642 59
81 45 499 60
2 26 699 85
81 62 94 64
57 60 315 7
10 3 924 15
36 17 55 35
89 41 344 59
55 65 393 42
25 33 482 16
54 58 239 39
32 68 429 30
21 79 336 43
15 31 605 89
5 40 785 28
89 77 644 76
77 82 308 25
40 34 358 18
15 99 29 88
71 32 23 32
47 83 579 50
83 96 704 84
39 10 571 81
53 80 512 72
62 7 369 18
71 73 831 70
41 45 40 15
0 47 156 23
35 71 66 61
83 79 354 48
37 2 188 52
59 55 229 8
6 33 372 83
82 39 326 77
71 28 33 44
95 17 615 40
5 51 103 88
40 77 984 71
81 57 62 98
22 44 905 82
67 32 432 23
67 19 106 31
77 19 800 21
72 62 91 17
14 48 764 7
8 88 61 43
6 50 221 42
82 2 219 88
16 38 130 53
37 46 992 34
34 80 274 3
53 73 110 100
75 69 337 44
91 99 484 69
53 12 831 18
36 77 892 63
5 39 208 50
99 68 916 64
73 16 129 56
11 91 134 98
26 54 753 29
5 32 683 86
26 89 72 22
11 7 245 85
11 7 556 53
66 43 470 56
62 76 759 5
16 49 640 55
6 30 319 40
92 70 765 72
50 59 956 15
50 34 383 56
43 57 67 51
10 38 865 67
91 45 472 60
76 84 708 76
9 54 743 80
50 37 911 45
14 98 497 68
35 27 462 35
21 29 841 5
59 64 753 90
77 4 786 46
87 84 537 41
8 60 401 63
74 80 888 27
70 66 544 26
40 19 536 96
26 29 248 13
4 80 940 35
29 58 455 24
78 4 313 51
84 85 338 99
97 37 543 81
75 37 364 23
75 56 530 56
44 46 803 48
19 59 81 71
8 52 950 3
46 21 975 6
16 6 584 13
62 54 845 96
48 40 569 84
33 25 989 89
58 79 644 95
99 39 876 14
14 9 906 60
70 81 525 53
91 24 626 61
28 74 985 24
8 87 282 51
52 63 104 54
81 11 586 56
79 52 367 21
40 92 865 35
94 33 627 44
75 74 415 91
14 95 371 37
77 26 554 90
66 59 774 77
90 35 488 25
33 38 398 63
16 3 164 9
13 1 559 39
36 30 438 75
17 19 759 81
77 55 177 28
79 89 696 10
22 24 958 31
98 61 668 88
63 74 363 21
15 34 476 22
97 53 597 24
1 50 904 27
99 67 124 6
69 46 442 81
94 0 704 18
16 74 46 2
12 74 616 48
54 64 585 35
93 44 360 82
20 74 188 11
69 12 552 20
13 3 829 37
66 3 113 21
81 78 478 2
37 98 883 6
7 95 266 93
89 20 284 77
54 24 967 67
59 72 255 60
72 81 571 70
72 51 303 15
95 39 972 2
24 88 350 6
32 74 208 4
84 67 632 59
36 96 418 33
58 1 721 42
80 5 384 20
25 6 867 14
11 25 819 73
2 68 869 52
23 97 389 48
80 40 837 41
11 60 877 58
63 2 523 96
13 18 5 30
33 58 172 82
1 51 392 56
42 20 648 11
88 60 938 88
97 2 8 11
98 64 986 15
46 59 984 72
88 96 236 32
21 16 583 43
20 71 572 4
79 9 805 45
23 22 506 48
47 16 988 22
0 99 96 22
76 15 497 79
17 60 965 36
60 16 969 3
62 21 479 43
76 44 547 44
42 55 640 57
45 68 575 36
79 12 887 96
41 86 318 41
59 9 969 28
48 67 881 81
74 18 884 2
95 91 99 63
99 48 996 52
72 39 513 67
59 97 627 69
44 45 739 84
42 85 381 92
95 31 216 42
66 16 591 55
56 43 390 22
45 89 271 14
58 82 496 78
37 21 864 40
54 83 341 21
57 61 391 16
28 55 149 8
12 54 724 45
77 61 912 68
49 61 111 36
52 27 403 30
41 65 668 85
65 41 874 23
37 94 479 18
70 30 644 45
57 66 510 19
96 85 726 95
15 83 216 64
81 4 723 64
53 89 546 73
61 7 755 33
72 82 449 90
36 42 565 21
80 84 81 100
9 7 164 56
44 57 834 68
64 98 506 27
67 66 671 90
27 57 711 96
38 0 424 1
2 78 193 21
10 58 967 98
58 31 608 43
46 43 797 44
90 53 677 11
38 2 267 64
4 45 117 85
14 48 492 43
27 88 768 42
35 86 135 68
34 82 555 53
67 30 854 22
86 49 293 76
15 66 435 68
87 93 895 100
70 28 657 57
35 53 955 31
24 1 274 53
71 23 339 84
44 7 877 49
36 98 437 23
8 93 506 11
42 96 221 58
88 33 637 100
73 13 107 46
22 8 945 79
30 78 986 8
9 30 970 69
11 64 626 29
79 51 948 24
73 76 469 9
49 21 501 73
84 4 998 27
29 21 92 15
98 8 340 38
41 40 174 5
24 66 579 67
89 29 523 4
49 70 53 91
48 80 81 87
5 50 403 11
41 72 840 2
34 14 95 92
55 79 860 81
92 93 831 11
79 86 779 97
87 36 740 80
80 4 948 2
88 99 721 89
72 81 487 60
42 15 899 17
20 80 591 14
32 15 438 99
3 16 480 84
82 94 542 19
83 71 914 50
36 26 223 76
33 57 788 34
27 91 853 68
5 34 333 48
94 31 880 76
29 82 926 10
40 61 912 31
89 71 409 83
39 87 406 75
88 89 644 90
41 59 775 62
93 11 599 25
11 54 766 84
1 39 294 10
97 4 314 64
17 79 774 72
78 80 548 37
74 40 280 48
80 32 782 60
92 5 960 70
52 79 799 22
79 23 665 15
53 99 252 46
73 93 761 59
59 14 953 1
79 38 276 80
41 64 448 81
68 4 290 82
48 81 945 23
60 50 990 65
85 11 324 33
1 26 976 10
88 97 799 51
27 47 839 7
31 88 483 34
74 83 296 96
66 45 175 8
65 37 97 12
13 38 397 1
94 27 303 69
91 4 968 83
66 4 929 20
53 13 379 78
98 57 266 12
30 41 320 3
93 92 535 95
37 83 12 29
65 51 25 25
76 20 675 86
62 11 625 81
59 5 824 44
4 27 284 17
8 22 774 43
72 27 530 30
45 6 388 58
39 69 792 72
25 68 620 16
33 29 438 60
68 3 124 38
73 9 510 17
93 26 918 53
87 68 760 25
53 68 336 67
57 56 29 96
69 21 20 78
99 29 648 67
15 81 647 82
76 97 586 68
52 44 135 46
60 63 132 67
31 35 862 43
14 13 845 38
58 62 455 13
44 67 19 29
48 80 284 49
82 73 915 57
90 81 89 25
34 17 465 36
1 71 453 20
32 13 572 96
81 29 829 73
47 34 696 39
48 72 695 54
73 8 322 21
14 38 557 83
76 31 834 37
94 99 963 77
66 19 446 74
38 2 819 96
35 73 277 90
4 27 905 17
99 36 235 22
21 27 479 82
87 34 708 92
6 75 100 63
19 29 695 86
98 35 163 69
70 81 304 72
66 30 455 2
9 61 325 1
84 58 481 97
22 2 176 9
95 32 887 67
81 42 533 3
57 36 910 7
36 63 374 19
62 69 429 89
99 20 728 14
32 20 420 81
44 77 190 100
0 6 15 37
86 39 584 91
29 76 876 67
89 80 246 70
60 16 43 80
47 36 495 10
15 53 1000 20
19 86 28 81
58 62 183 9
4 12 750 53
56 4 326 15
9 28 963 62
92 83 519 5
46 32 735 77
82 16 475 64
4 87 635 91
93 23 390 35
27 15 578 89
86 21 788 62
22 72 649 4
45 74 670 89
44 2 545 12
82 57 766 41
48 64 733 78
87 35 780 3
4 32 560 96
15 21 434 41
85 86 19 16
1 31 987 56
5 65 599 90
5 18 598 28
50 5 96 84
83 22 479 49
70 65 913 61
27 68 808 74
9 34 406 78
