100 1000 30 100
63 62 966 5
55 6 97 27
20 78 322 44
26 8 865 47
27 48 668 10
92 98 23 9
89 86 802 54
71 55 446 35
79 82 821 70
9 37 772 82
56 27 137 75
15 49 236 93
93 12 343 44
0 52 681 66
11 84 779 63
93 41 370 94
4 61 458 77
40 70 927 33
90 77 800 44
86 81 753 39
82 87 508 67
84 21 279 90
98 85 796 86
91 6 678 14
23 68 108 17
52 2 717 76
86 31 148 15
99 1 811 9
91 76 831 79
24 63 440 83
52 72 994 85
33 10 634 2
33 52 170 30
89 45 860 80
64 55 242 81
2 70 985 27
94 72 911 67
73 31 590 86
58 9 217 62
68 29 220 68
86 21 518 85
20 19 168 31
57 43 727 82
51 46 877 32
57 45 768 25
49 90 336 60
50 2 886 99
4 42 42 25
52 38 346 11
39 56 813 20
79 56 214 23
21 60 696 59
65 60 759 69
45 91 486 2
96 3 696 73
80 96 746 91
5 46 899 35
2 44 989 15
15 65 233 67
68 78 210 71
36 40 748 100
19 22 778 9
92 15 383 85
66 20 495 79
99 14 889 5
18 90 306 32
40 90 133 23
69 63 511 19
92 88 743 30
77 40 414 40
72 14 834 88
94 81 814 49
56 35 111 61
99 81 285 72
45 21 815 52
39 37 802 23
34 7 614 66
48 31 333 6
97 93 833 17
2 49 760 94
33 83 865 61
90 68 851 89
30 8 53 79
97 89 754 10
2 80 946 63
80 51 838 11
62 5 725 12
47 98 402 20
33 53 961 99
43 86 372 77
66 95 388 7
7 52 257 82
36 56 627 35
54 48 93 72
2 92 516 37
29 61 24 87
68 25 49 59
48 38 776 60
47 4 472 45
74 48 661 49
6 92 954 65
52 88 162 73
96 47 911 47
94 73 310 51
11 99 28 79
63 62 794 47
7 48 217 40
97 18 887 75
23 61 110 36
15 43 160 90
67 45 531 83
31 24 580 27
39 61 481 73
19 43 682 95
51 31 861 10
16 52 770 68
48 30 149 7
56 98 547 90
70 13 377 92
27 28 285 35
2 86 762 66
17 69 754 58
56 0 615 100
11 86 299 8
67 20 866 76
19 41 727 32
49 64 479 25
27 51 41 86
43 35 562 11
12 83 587 82
29 45 23 65
83 31 952 45
28 43 604 15
82 42 309 43
86 90 216 26
74 24 527 65
38 22 397 77
77 26 44 16
33 36 357 21
31 71 832 70
75 78 976 6
45 19 141 35
46 51 860 35
9 21 893 28
27 71 797 76
25 65 21 83
54 37 689 64
77 28 923 89
28 82 581 18
56 91 111 4
97 88 306 45
77 33 67 89
77 66 637 52
51 17 708 42
69 50 955 4
70 47 322 54
44 67 152 29
49 73 66 7
64 48 136 73
61 48 223 4
39 54 809 20
36 88 202 38
21 15 365 28
35 21 247 39
68 50 133 5
33 21 621 15
10 21 955 66
82 16 282 78
32 78 658 78
82 4 890 40
69 16 156 95
98 9 141 76
82 32 595 47
90 20 349 14
34 38 117 23
79 96 276 21
8 49 708 5
43 12 492 91
60 70 147 97
28 25 929 23
11 76 53 16
56 76 444 28
12 38 131 24
6 23 945 57
44 16 283 28
86 0 586 39
80 49 281 94
49 68 412 76
56 38 381 63
24 42 683 77
50 37 489 43
61 6 390 67
77 60 53 11
28 71 112 71
43 61 833 55
38 28 866 89
92 6 100 6
5 31 244 97
27 90 516 69
22 6 258 95
61 53 655 25
77 64 579 46
80 68 81 81
53 44 967 54
90 45 209 62
76 73 459 55
42 56 270 40
25 45 773 80
12 95 696 38
52 46 240 49
82 49 279 57
55 7 583 69
22 30 862 75
84 13 180 93
66 20 315 14
52 22 580 54
16 89 423 7
16 94 453 70
39 92 140 34
55 69 738 15
80 66 486 78
76 2 590 44
14 55 543 64
41 36 629 77
53 89 906 48
32 53 783 74
40 93 431 46
89 26 899 77
10 9 352 41
77 52 147 77
99 67 49 63
29 92 941 62
24 11 683 80
88 3 328 43
44 53 391 72
70 59 265 32
67 86 803 93
5 45 87 93
84 16 458 10
2 53 725 79
35 1 231 11
90 96 262 9
61 51 503 10
67 24 382 38
48 67 745 53
41 6 857 25
43 20 255 1
83 47 216 47
60 34 582 82
39 79 638 38
79 96 822 33
33 11 313 21
33 40 564 38
84 63 526 18
73 92 479 11
42 22 247 50
85 24 319 37
81 19 895 2
82 52 983 78
0 51 835 63
85 25 395 31
99 52 770 4
40 92 408 22
87 51 790 38
12 59 352 49
53 36 688 67
10 99 526 77
46 18 129 43
31 92 671 64
35 22 135 53
0 25 781 8
69 33 518 79
45 67 44 3
90 31 295 1
6 52 73 98
64 67 245 68
70 29 284 14
31 4 898 24
85 89 300 76
74 64 557 56
27 61 8 100
11 97 83 9
49 40 457 75
86 67 626 1
71 53 193 16
99 97 894 38
66 37 68 69
32 81 737 76
92 4 111 37
78 65 873 68
92 68 304 31
18 10 127 33
87 10 507 46
10 48 725 59
40 25 723 94
55 57 701 4
7 41 147 79
51 17 7 72
68 28 748 41
85 31 110 22
35 74 561 83
31 56 509 60
33 78 369 78
46 61 45 62
64 30 464 94
6 27 44 24
58 23 267 100
3 14 460 55
74 79 376 83
92 30 281 42
53 4 942 71
60 56 376 41
89 51 266 25
81 52 564 2
56 15 542 96
39 54 255 26
18 20 55 79
89 33 89 69
17 47 575 34
72 39 1 81
83 14 438 20
8 16 270 25
25 28 904 47
53 34 477 4
65 36 704 21
86 26 969 100
87 0 11 49
40 30 495 37
66 29 566 13
83 20 29 61
29 3 945 94
44 12 199 64
33 98 338 64
18 51 78 77
43 88 762 80
48 61 849 84
15 20 22 38
86 87 705 31
57 54 340 17
85 70 260 87
86 44 620 81
62 55 417 32
66 86 707 87
14 84 441 35
25 90 750 24
21 70 486 19
36 0 486 59
85 53 572 87
56 71 934 52
1 96 208 37
58 87 185 24
4 23 746 38
7 57 283 2
9 25 356 75
36 59 444 97
99 46 828 54
3 45 422 63
36 61 471 33
93 39 259 22
78 17 452 79
15 45 539 39
78 62 932 31
92 25 654 28
37 33 81 25
26 62 339 88
82 75 576 87
88 38 229 95
23 84 356 76
18 66 110 99
77 14 323 18
30 95 779 99
52 88 996 45
78 83 876 55
48 38 586 85
35 45 978 6
58 99 259 58
60 42 587 98
13 56 566 74
27 81 628 66
87 88 267 95
93 9 328 25
37 39 747 6
32 23 705 35
71 1 668 64
35 93 998 4
21 41 182 74
80 60 571 39
94 67 806 66
80 48 320 49
22 50 732 37
69 72 732 38
55 85 334 92
10 75 520 42
93 46 811 97
42 29 416 52
58 6 385 62
55 51 651 79
87 36 808 25
34 65 108 27
65 71 885 66
42 20 398 76
68 43 166 91
5 34 624 16
99 5 86 88
58 63 332 46
97 46 909 83
11 47 716 3
41 29 20 93
65 22 712 41
59 6 10 75
99 9 346 51
1 61 291 38
6 58 738 79
24 15 298 39
24 96 976 81
93 67 199 18
77 40 10 87
97 78 822 79
17 10 650 38
97 54 457 67
23 89 822 67
54 80 369 18
77 42 465 95
9 6 984 42
0 89 585 20
98 65 53 48
60 81 158 64
54 63 14 92
81 90 639 64
46 41 517 61
86 75 477 13
15 51 310 74
22 32 68 70
35 38 195 24
5 54 529 75
52 20 87 74
2 74 82 51
31 14 734 71
54 38 404 76
23 10 190 1
98 15 589 65
98 17 786 66
6 12 976 57
45 47 381 47
64 59 556 4
51 23 60 74
20 26 871 55
20 39 316 87
57 7 273 48
66 0 707 75
65 32 608 72
62 1 860 3
43 59 910 88
5 49 793 19
7 41 822 71
20 66 462 8
7 68 736 55
8 46 448 32
13 60 739 32
32 62 359 51
98 38 428 53
41 20 913 14
61 17 18 78
83 17 799 69
90 80 198 2
17 73 570 15
73 67 54 58
86 54 421 71
21 95 130 11
73 93 503 12
86 42 89 94
48 57 446 29
45 35 480 93
17 14 671 10
84 49 789 61
57 15 824 99
46 29 882 77
74 49 86 97
2 98 683 36
77 19 257 98
42 6 597 53
82 62 825 66
33 4 680 87
9 6 814 80
43 14 603 37
30 20 600 33
19 23 827 25
11 86 95 64
90 33 958 28
49 88 905 65
15 85 202 7
43 92 753 3
67 52 664 26
20 90 827 85
51 27 933 12
35 23 267 52
52 61 885 74
57 68 286 46
18 24 110 16
24 81 584 77
61 81 501 22
74 76 165 23
59 90 732 63
90 83 109 26
91 21 717 71
27 33 522 9
17 26 373 21
8 98 143 54
31 49 113 78
14 62 902 69
69 21 606 8
58 83 871 7
13 75 381 30
83 71 812 16
1 6 30 13
0 3 824 69
7 64 499 81
68 38 400 52
6 91 645 76
72 1 702 93
92 27 512 72
66 62 718 92
55 69 7 97
92 17 590 35
87 36 477 19
62 59 752 11
46 72 251 93
44 84 857 49
32 57 233 41
65 48 308 95
97 60 195 11
80 45 410 26
6 5 731 56
64 47 320 7
12 49 987 8
76 99 216 76
84 31 563 77
17 40 797 76
63 90 967 90
77 40 190 64
76 61 141 11
35 27 280 32
98 58 560 17
60 15 989 22
84 91 887 1
23 90 658 31
59 44 141 72
98 61 533 26
90 17 88 33
45 97 776 51
81 21 343 62
23 38 220 89
41 47 487 91
92 77 88 77
15 2 82 90
85 51 872 85
56 3 716 92
30 29 83 68
40 91 862 55
69 85 565 9
71 91 761 26
22 97 802 24
26 39 641 98
39 2 683 60
71 85 646 40
13 30 274 19
91 6 261 19
66 32 934 98
23 86 97 97
6 11 839 44
95 22 843 17
32 79 405 99
40 80 300 71
56 14 551 7
64 39 558 5
40 92 258 6
74 27 541 60
89 80 173 58
50 7 449 38
18 30 774 42
54 33 35 71
82 16 362 74
60 62 251 38
20 27 961 30
70 56 217 73
52 0 684 81
84 4 280 66
10 17 411 100
25 4 478 91
9 75 769 44
41 31 727 71
95 36 327 8
52 83 389 31
63 91 378 46
69 86 750 31
70 64 399 82
79 7 279 74
37 75 266 44
25 13 705 78
37 74 799 51
96 61 581 96
0 3 652 24
42 68 304 46
68 3 623 65
18 8 255 62
70 37 393 32
69 10 556 1
94 13 944 30
99 75 847 23
89 3 24 58
3 57 304 84
55 32 301 56
46 88 189 79
93 86 601 83
28 50 339 87
14 37 258 96
55 8 871 11
23 56 270 43
87 57 406 4
84 71 358 49
40 75 118 50
54 35 428 12
49 32 279 40
47 62 439 51
19 93 334 16
14 65 35 94
63 47 362 3
27 23 913 29
49 26 784 93
54 16 468 19
69 29 316 14
82 97 225 62
96 49 905 45
48 37 876 87
52 12 581 78
73 56 188 95
6 16 734 71
93 4 234 42
28 80 596 72
57 93 712 27
0 42 278 34
61 1 449 57
30 68 750 3
27 84 771 56
63 56 884 80
79 90 257 49
56 29 685 90
55 47 951 27
33 9 394 83
19 27 383 60
16 80 52 24
29 41 647 89
54 37 421 59
64 84 950 58
39 48 257 53
35 30 954 91
97 83 900 90
4 26 861 21
13 58 325 25
5 23 353 93
98 13 931 26
93 19 884 63
12 0 703 71
17 94 323 10
10 83 508 4
93 36 350 93
53 2 454 97
52 27 98 40
42 54 806 9
74 83 902 3
17 23 939 93
79 11 305 52
87 18 275 34
22 25 623 35
90 76 654 61
13 1 613 35
22 92 906 99
73 95 344 58
96 59 146 62
54 81 539 23
15 34 81 45
8 13 330 4
89 36 866 93
45 44 623 5
60 13 918 14
63 80 170 49
36 86 322 51
94 56 678 11
13 63 277 20
78 46 421 65
4 51 602 27
15 55 21 1
14 94 825 98
52 19 535 83
32 50 633 23
29 55 860 48
48 96 405 62
35 90 350 22
89 18 834 1
8 43 304 92
77 10 909 100
5 3 732 86
54 79 822 4
76 95 775 1
33 34 872 21
48 45 936 79
94 95 440 57
29 38 640 92
0 83 832 14
28 9 268 49
78 84 383 61
17 72 189 37
42 63 523 31
1 74 296 62
25 76 16 35
97 18 284 28
76 9 72 11
44 32 758 36
58 86 552 100
45 73 932 52
30 6 759 78
17 6 942 14
12 31 427 58
91 10 14 59
65 73 339 42
0 84 805 50
8 57 519 77
12 16 860 15
94 72 198 58
72 19 471 30
11 21 628 42
79 34 638 94
28 61 662 94
57 94 374 72
99 11 170 39
88 24 189 58
73 68 977 9
53 31 409 53
15 21 660 10
6 38 416 22
36 37 96 2
58 40 927 82
53 90 513 54
13 86 408 98
85 23 966 10
98 79 237 71
77 72 179 31
86 47 407 53
59 70 63 31
92 74 776 47
33 2 591 30
34 64 159 36
42 31 828 28
49 23 377 58
15 3 707 78
7 26 361 31
42 71 114 99
95 99 596 46
36 33 128 49
99 27 483 82
78 33 226 88
25 71 542 89
93 10 690 75
10 16 615 15
79 59 343 95
74 5 686 23
17 15 669 26
65 58 250 11
58 95 244 90
72 97 111 41
66 30 531 21
65 20 482 98
23 96 3 61
33 17 420 2
6 46 478 56
38 11 643 91
38 94 83 36
32 78 126 7
46 26 597 43
46 54 993 93
60 51 320 79
80 51 549 47
48 9 832 100
15 82 130 21
61 46 960 62
13 81 69 27
21 50 354 56
69 9 610 36
87 25 247 64
21 32 970 73
10 5 923 65
21 42 987 35
5 36 132 62
56 98 499 98
18 14 608 45
16 94 795 77
89 64 78 43
76 49 432 51
16 76 570 84
21 25 116 84
43 90 767 3
15 80 203 9
85 92 197 56
62 92 20 64
49 52 318 36
36 68 669 18
71 37 853 19
79 22 635 18
2 63 554 80
25 9 691 24
0 54 823 65
69 29 647 72
65 45 611 65
50 10 964 73
98 1 483 64
23 57 417 15
23 14 146 12
4 5 490 42
4 77 441 53
25 73 42 14
69 80 204 28
70 99 334 91
7 93 369 96
61 96 638 45
99 0 260 38
56 54 236 31
84 63 398 37
3 56 942 57
95 25 908 92
37 79 769 69
6 62 753 53
72 1 157 75
59 22 832 40
44 39 955 5
2 34 356 59
49 60 946 44
50 60 197 43
4 97 588 36
42 22 76 52
51 98 233 19
18 3 873 71
87 52 755 79
73 76 936 17
44 92 607 74
38 21 853 29
85 19 594 69
22 41 801 66
89 83 888 28
66 10 384 51
86 91 908 65
45 81 746 86
8 10 367 23
61 96 993 88
39 6 462 21
79 20 866 20
7 61 889 81
3 9 874 31
74 72 574 10
91 84 116 6
50 98 867 74
27 29 609 57
62 52 714 48
81 23 834 28
23 56 43 12
95 25 941 46
21 70 677 93
78 22 768 85
61 11 96 72
73 52 481 44
52 81 295 4
76 84 764 73
30 47 30 6
44 49 851 8
23 41 315 75
94 13 864 27
65 88 440 70
58 39 890 31
44 30 79 77
90 79 825 25
54 76 38 38
4 8 88 37
8 31 811 41
36 88 25 78
11 43 90 69
65 64 280 28
22 79 823 8
65 1 627 17
7 93 377 98
62 56 34 21
4 27 399 49
91 48 233 73
2 87 890 96
23 77 534 11
55 41 587 57
15 73 894 62
24 14 321 17
42 94 314 28
77 29 400 45
89 48 102 71
71 18 860 9
7 15 962 95
57 4 729 22
33 30 992 3
15 57 423 30
1 7 97 35
87 76 557 72
90 61 229 96
87 8 213 59
16 63 636 85
81 60 924 30
64 35 83 4
98 79 835 2
12 0 162 64
78 57 575 36
40 75 673 44
66 8 440 98
65 16 189 48
9 56 279 30
24 69 204 23
97 47 651 37
73 17 942 78
19 42 145 58
4 48 914 12
59 41 499 66
5 30 882 58
78 28 326 56
12 37 499 22
71 40 193 64
46 17 172 15
37 41 938 60
87 20 424 84
36 29 518 79
34 12 830 64
62 40 556 58
58 93 524 50
94 33 796 26
0 68 673 59
28 19 14 46
84 29 12 25
39 27 797 74
8 25 424 61
26 69 996 73
19 7 488 28
98 92 587 23
64 2 304 12
0 80 825 23
81 16 597 12
67 3 538 21
82 87 890 45
78 98 370 7
40 1 266 65
73 19 156 3
96 9 390 90
54 88 306 65
11 29 696 9
53 55 78 97
44 36 709 69
8 17 745 63
59 74 269 59
4 33 447 96
60 82 179 5
38 88 688 55
14 68 87 3
58 37 973 51
81 35 436 36
10 51 21 23
3 86 678 11
48 64 339 9
32 77 832 77
4 80 197 65
56 71 909 34
36 21 88 52
65 53 642 59
15 31 221 91
67 41 3 100
92 17 972 94
62 91 34 36
97 73 427 85
48 64 88 92
70 72 672 59
33 95 457 40
28 91 100 65
29 75 658 83
27 88 77 71
4 5 72 19
1 51 726 41
88 18 602 74
17 42 103 57
10 83 34 100
16 37 942 87
88 59 815 31
86 62 334 75
90 19 80 61
71 48 746 63
91 27 747 21
69 27 802 46
38 34 323 51
63 5 904 11
34 81 862 13
34 54 185 54
