100 1000 40 100
63 58 704 64
91 41 289 46
44 60 374 93
52 21 524 29
85 73 113 39
55 50 380 73
54 1 694 64
41 89 789 50
54 57 645 17
74 88 44 27
47 22 184 87
12 16 768 14
32 76 592 27
65 78 886 87
56 34 95 28
58 61 48 29
9 36 794 68
96 14 530 61
66 31 527 51
3 58 188 17
79 65 316 32
46 9 356 62
11 50 664 56
42 46 439 74
19 91 7 97
68 26 788 59
84 34 877 57
63 64 77 95
51 64 364 79
83 58 519 17
89 63 505 31
60 74 679 9
64 33 604 80
89 74 142 42
1 88 58 48
14 95 707 9
51 6 142 22
94 3 962 20
51 44 519 78
44 37 370 69
66 35 68 31
2 52 637 90
56 39 173 80
91 77 320 74
88 80 344 12
2 68 100 70
26 1 711 5
13 22 128 6
77 12 784 19
94 73 231 80
63 34 225 19
41 5 264 63
5 73 551 97
46 72 127 43
5 35 313 39
58 77 110 16
14 73 13 6
92 42 747 99
71 15 136 72
11 90 283 93
30 22 678 86
13 14 890 65
13 74 217 1
22 24 370 64
61 46 108 77
79 45 770 18
5 20 239 54
75 30 141 52
60 99 951 37
44 5 446 52
68 34 153 29
37 62 918 71
94 25 569 29
91 43 516 67
69 74 600 84
55 51 985 26
7 40 824 87
80 58 695 7
0 37 926 80
27 35 4 15
73 0 798 88
14 4 897 13
50 18 651 20
62 69 954 61
67 45 595 98
20 85 297 95
26 69 623 80
33 83 242 72
38 86 333 1
95 40 302 68
96 43 660 25
6 1 360 10
63 83 292 27
99 64 25 36
15 91 809 12
77 15 93 5
84 58 344 19
89 94 57 38
76 15 703 56
63 80 836 79
38 72 911 39
77 19 539 63
35 33 619 92
28 65 845 73
76 34 211 72
97 0 889 58
15 19 449 99
74 50 953 70
30 13 98 56
29 15 564 79
28 61 73 14
30 6 14 39
38 23 247 13
18 42 475 42
85 19 794 19
72 53 790 69
77 64 467 76
86 10 780 44
82 96 223 38
46 32 313 25
19 65 472 78
37 17 484 80
55 63 615 91
1 71 352 65
3 61 865 31
80 28 14 39
59 42 68 69
98 47 118 32
56 84 593 81
51 5 331 31
36 99 963 99
80 49 175 41
95 29 756 39
27 53 822 20
54 78 200 39
66 29 296 87
65 28 956 3
61 18 271 11
13 21 302 6
35 71 622 25
68 25 221 56
63 81 559 58
16 88 357 36
64 74 153 9
29 11 58 78
71 91 496 63
58 27 999 35
35 56 869 49
55 43 55 78
78 56 283 45
83 66 260 82
71 43 718 61
34 22 1000 84
14 36 982 25
79 64 247 63
53 81 45 92
22 68 273 64
90 20 831 52
10 41 399 60
60 44 763 73
77 6 356 68
99 32 467 39
76 99 928 18
68 74 502 40
28 58 96 59
56 37 547 75
67 74 830 18
15 8 536 51
87 67 411 73
18 7 715 81
29 38 960 68
15 11 512 43
89 9 532 18
95 93 879 97
67 33 592 52
92 29 942 13
56 2 972 54
92 13 569 93
43 27 811 18
32 94 226 32
27 93 979 10
74 75 844 41
49 77 547 75
17 65 43 90
20 23 461 83
67 79 807 39
50 91 200 71
38 36 931 1
12 29 584 2
50 0 774 1
40 44 405 58
24 99 457 87
38 71 22 81
76 93 381 17
28 55 712 26
23 13 192 95
84 15 819 96
31 21 54 22
14 19 596 57
67 98 3 95
21 64 926 19
25 42 956 26
74 1 39 73
45 68 537 32
49 99 481 51
64 59 508 52
41 7 936 43
97 75 302 39
25 75 386 2
93 18 2 76
93 35 347 30
83 11 244 49
17 77 66 52
79 26 946 83
65 92 547 26
84 90 616 89
99 48 320 74
18 81 660 63
4 51 290 47
32 22 308 42
73 57 311 87
96 38 508 50
24 22 894 59
66 57 541 4
38 12 947 88
63 84 771 97
79 82 444 80
93 28 184 99
71 13 298 62
76 96 553 47
73 88 339 86
79 3 518 74
37 30 486 65
58 79 206 78
69 2 443 50
97 72 129 53
58 68 931 81
85 75 313 39
61 99 572 10
99 15 650 96
13 48 1 51
16 60 11 85
89 0 86 11
35 8 782 40
53 75 636 28
55 76 817 80
24 70 943 89
4 71 343 47
27 12 540 11
92 36 661 29
77 68 54 26
89 77 815 45
17 75 765 35
6 80 901 54
74 61 405 91
76 91 53 60
48 69 458 83
48 21 346 77
59 41 848 27
69 53 565 38
30 10 597 11
58 21 175 13
28 81 482 13
95 3 411 46
57 56 291 75
36 73 990 65
60 26 205 10
65 58 264 7
55 97 474 32
52 99 509 94
50 35 490 49
39 5 159 87
74 93 337 6
26 73 756 22
78 31 530 66
45 80 332 44
77 34 406 93
80 37 297 98
45 90 329 90
22 52 983 79
45 30 893 5
63 33 143 28
87 2 557 39
93 52 784 22
68 33 331 92
68 15 147 81
66 50 246 51
85 69 334 65
25 52 576 41
42 9 392 55
8 29 501 24
91 99 859 100
60 18 367 83
72 20 715 24
81 96 387 82
11 6 25 76
23 69 277 72
92 11 36 60
61 13 640 19
80 74 13 1
32 94 149 100
93 69 123 39
29 76 135 51
92 52 904 81
52 94 486 66
89 18 80 47
7 75 37 67
13 39 677 97
66 72 692 12
17 26 938 42
55 85 171 78
93 55 710 75
25 82 744 87
33 1 199 45
58 96 982 32
39 5 979 3
12 0 659 62
11 15 808 5
44 67 471 67
65 49 627 49
66 33 950 33
67 14 788 1
47 91 872 45
99 52 576 55
40 52 328 44
40 69 11 24
37 45 416 70
62 78 460 2
3 2 782 32
61 15 433 12
91 11 601 18
43 90 614 54
50 90 67 72
11 66 650 67
13 20 943 50
94 72 835 22
56 34 608 17
6 30 913 56
66 63 145 35
51 66 572 95
38 14 38 63
74 71 276 63
42 73 336 28
42 63 442 31
23 79 201 96
31 9 341 7
70 61 432 91
82 65 375 64
96 98 250 64
12 39 93 29
43 33 131 56
7 96 128 83
57 21 856 62
30 11 942 72
22 30 509 80
20 30 718 98
10 69 852 78
35 48 747 77
44 65 983 44
21 33 352 32
5 60 699 97
55 8 23 41
41 12 390 22
68 77 584 24
24 4 854 19
6 78 871 79
5 33 881 27
47 93 39 36
56 55 889 79
20 44 529 6
17 2 839 35
98 74 794 6
14 7 480 98
57 31 867 76
97 13 204 46
58 38 640 96
5 45 729 13
57 43 624 63
22 20 214 70
36 31 510 81
89 38 160 21
42 18 252 7
90 85 810 64
76 0 758 40
18 61 546 7
47 71 916 17
53 94 234 37
95 81 732 46
62 54 378 48
12 49 63 21
19 88 330 89
71 67 345 78
0 57 40 89
80 53 800 7
29 74 478 63
99 68 185 1
96 43 437 98
6 60 108 54
18 47 166 39
27 0 10 3
3 5 46 2
52 86 490 38
42 70 709 5
28 56 905 55
12 71 876 59
29 6 552 90
7 2 714 98
12 26 427 95
8 40 507 84
69 75 694 43
61 86 151 94
7 20 683 48
80 57 462 77
95 31 313 73
88 37 272 60
97 70 761 72
78 59 441 64
37 72 360 4
85 12 315 50
66 6 9 91
89 78 492 61
32 18 523 13
25 27 942 29
9 40 951 48
65 79 699 19
81 95 396 44
45 91 626 52
39 16 416 51
97 16 440 74
95 83 206 81
63 19 246 34
54 60 40 5
91 64 47 79
16 51 610 63
10 4 417 83
84 91 360 89
6 11 343 67
96 0 870 74
6 54 500 36
73 17 147 65
75 10 662 16
21 77 469 53
50 5 286 95
19 22 457 27
25 34 78 26
96 59 865 91
91 95 33 58
7 25 480 77
36 64 582 49
58 46 410 48
38 88 488 72
87 81 237 93
48 98 926 73
66 87 847 21
84 16 610 56
14 23 855 98
31 86 838 69
67 18 43 93
6 24 890 12
41 87 286 23
71 68 777 14
37 21 22 10
72 26 182 9
53 75 253 26
33 60 633 3
28 92 110 16
3 43 800 58
40 3 215 93
83 18 747 40
67 96 111 42
60 31 882 64
35 17 335 37
88 44 857 54
50 53 787 25
89 74 336 27
44 14 304 96
3 15 384 10
26 21 863 5
51 79 867 85
36 98 478 100
81 52 647 76
65 85 901 30
20 73 891 21
46 70 214 29
61 74 116 8
94 36 652 16
22 47 617 81
48 80 794 10
46 99 221 45
48 37 70 20
65 9 142 26
98 83 984 89
14 55 408 76
32 18 841 98
55 63 804 41
63 86 175 8
35 86 142 69
87 36 692 42
18 72 946 55
24 34 320 99
62 9 221 83
61 9 838 85
85 67 12 33
7 63 242 95
68 20 565 76
65 42 646 20
96 22 85 20
80 25 818 51
70 10 644 25
31 29 146 86
9 1 994 65
80 52 403 7
93 56 349 17
22 90 488 98
94 2 695 39
75 7 889 13
44 41 563 39
73 48 731 38
14 68 391 98
43 93 136 5
74 35 440 89
78 63 609 5
43 13 279 29
90 89 403 20
70 89 40 49
1 99 754 74
51 53 753 95
33 7 464 86
85 80 210 38
64 40 408 38
86 57 511 76
67 1 349 48
32 51 312 19
86 82 146 77
78 39 465 39
99 60 317 1
71 49 951 54
5 66 985 100
14 57 894 13
68 42 601 12
77 96 763 5
44 24 891 10
56 52 208 92
53 94 57 7
73 79 32 8
17 10 775 24
62 52 14 73
16 62 630 74
5 70 1 26
57 37 543 68
8 74 744 23
90 10 260 38
76 43 558 91
54 46 20 10
25 31 769 18
29 86 566 35
51 37 432 71
29 12 717 95
49 87 897 59
15 66 593 6
66 93 798 51
32 21 5 70
74 67 860 69
4 7 332 8
85 67 145 58
97 19 916 36
1 5 122 46
35 0 743 8
83 85 53 6
62 60 907 87
73 10 569 85
58 37 408 33
85 14 420 62
15 96 199 60
27 60 20 75
92 38 761 92
47 94 800 36
75 96 242 51
43 34 727 19
40 12 401 9
85 68 783 78
10 68 219 79
99 87 776 78
8 88 620 22
84 75 830 17
70 74 401 94
21 78 347 18
87 18 675 44
72 91 819 57
62 69 420 53
17 37 940 33
70 10 929 18
34 28 584 61
20 73 384 25
36 93 358 28
54 76 829 76
62 17 726 51
71 26 271 34
87 82 281 26
31 67 124 42
79 14 132 94
70 2 740 58
38 1 114 45
95 96 60 6
82 97 962 97
94 25 597 50
61 13 454 10
51 24 851 68
61 72 430 40
58 24 596 30
3 5 305 80
90 59 163 37
49 38 856 77
74 58 686 39
6 76 835 18
20 65 385 89
36 76 177 74
16 99 792 45
75 6 739 13
89 58 14 29
21 44 648 57
76 20 460 8
85 8 942 12
45 4 696 91
30 92 309 67
50 54 335 15
10 12 891 36
16 10 671 60
0 27 38 63
76 94 156 59
26 39 164 90
73 48 987 66
22 55 284 55
6 29 50 20
57 82 506 23
17 34 72 97
94 58 507 94
44 36 182 75
75 15 745 95
5 11 882 90
46 68 964 67
80 0 226 48
38 61 340 8
44 27 226 47
7 76 562 28
93 0 754 58
47 49 893 97
65 68 105 99
65 17 203 65
99 7 652 36
96 61 994 64
5 44 438 86
29 52 965 22
73 29 250 8
21 7 731 8
27 23 564 60
75 99 823 99
28 33 627 76
58 79 946 45
14 57 620 41
37 99 297 93
31 3 824 48
76 35 840 81
62 78 418 62
8 52 951 26
81 92 88 55
90 9 476 76
71 88 907 60
31 34 411 25
70 87 203 82
69 47 159 60
54 92 372 29
70 40 649 50
32 95 340 92
30 74 529 91
6 32 588 21
64 18 712 62
40 46 295 67
82 71 928 67
45 13 861 16
65 51 303 42
55 5 352 91
82 73 409 76
60 82 108 85
26 3 48 15
62 4 576 86
84 88 665 37
4 76 488 64
19 45 652 37
23 87 394 37
41 64 76 42
9 56 559 84
64 33 594 5
25 89 49 89
0 63 38 92
87 24 318 14
56 29 66 93
15 64 208 41
94 29 570 56
74 92 7 3
3 37 502 16
90 97 1 13
28 55 319 34
39 93 527 96
52 66 96 48
21 4 105 73
91 7 240 53
41 89 26 8
12 17 418 36
94 40 311 87
51 9 229 74
49 0 677 66
54 88 999 35
79 78 1 79
66 93 533 90
79 81 113 26
7 80 67 28
16 54 478 51
35 13 306 11
39 91 409 23
73 38 616 52
98 13 418 42
38 26 28 18
0 85 135 77
1 0 179 1
23 86 140 7
37 65 775 73
15 88 383 32
87 6 292 78
89 26 192 92
5 40 998 13
69 81 743 10
54 84 656 34
56 62 839 49
70 28 771 47
79 53 592 93
74 83 140 23
21 7 81 10
14 44 340 49
91 99 7 100
20 13 114 64
87 22 740 37
97 49 944 50
75 34 864 14
33 0 35 33
30 74 602 51
59 75 81 23
56 87 639 62
35 31 960 53
15 78 366 49
32 72 85 78
13 67 472 34
38 66 190 66
13 61 473 88
20 13 588 24
37 58 950 55
23 83 806 41
55 73 112 49
52 38 82 70
48 54 308 78
36 58 210 45
50 98 603 93
15 19 690 69
56 45 70 14
31 67 622 32
73 26 360 82
61 83 949 64
17 99 875 61
78 34 219 65
15 72 677 94
8 10 921 19
56 84 845 8
1 68 978 25
25 86 106 87
66 31 245 35
53 84 436 12
69 44 787 93
46 58 32 48
55 80 57 80
89 76 799 20
54 29 633 86
31 16 373 37
62 91 480 12
41 68 67 11
97 4 1000 59
76 50 590 70
98 61 541 27
50 96 547 95
68 28 518 37
63 0 236 6
35 45 882 47
17 25 62 35
62 19 10 66
81 45 438 88
48 89 239 71
10 28 148 91
95 31 773 37
32 20 467 62
10 72 422 31
60 73 776 86
17 52 566 64
30 51 137 51
2 35 975 4
43 91 926 40
89 55 195 26
76 68 123 30
63 40 549 2
40 46 215 88
65 63 817 43
64 53 436 54
55 43 1 68
35 68 166 2
88 35 509 85
27 47 476 63
87 43 845 53
65 92 703 59
83 71 821 87
62 64 776 90
45 5 449 40
42 1 984 36
17 21 477 69
92 33 252 88
94 14 91 4
27 79 929 18
85 2 201 27
86 87 147 24
50 29 275 90
34 11 387 57
95 70 946 42
26 20 48 15
43 29 80 38
7 22 412 50
17 45 419 59
94 9 68 46
46 29 891 85
90 19 402 77
19 33 375 28
89 15 482 56
96 95 155 74
85 43 297 13
87 2 672 32
73 27 916 35
42 60 590 60
98 10 862 48
3 51 74 33
38 29 733 8
1 5 797 80
37 94 912 5
62 78 15 88
86 89 952 48
79 22 115 98
62 40 65 100
79 21 805 37
65 41 457 62
59 19 501 2
93 61 388 89
58 14 973 39
76 77 513 33
17 72 879 18
82 36 393 5
61 25 154 8
18 97 275 34
7 9 235 53
58 31 248 2
36 53 929 79
95 74 909 73
57 58 715 3
18 74 770 73
0 98 226 99
18 82 135 100
28 30 425 38
49 93 58 74
94 72 133 37
18 40 726 20
85 21 403 16
51 56 474 76
93 86 402 59
91 51 875 70
8 97 732 21
23 19 270 65
46 3 407 40
64 1 908 13
37 32 978 72
51 33 631 87
77 50 496 19
43 18 67 46
48 3 850 90
51 94 30 64
70 94 964 25
0 1 832 20
51 57 690 42
82 16 396 27
21 14 60 85
96 20 188 20
42 88 78 19
82 1 437 96
91 27 254 63
31 1 387 91
73 18 402 17
55 3 830 91
80 59 769 44
82 65 46 91
53 49 481 24
39 70 585 66
81 65 365 43
16 67 862 90
47 75 528 26
14 20 146 100
20 3 274 16
22 29 642 21
29 84 798 68
89 33 129 37
71 12 554 15
71 82 705 71
17 41 540 52
0 5 199 46
54 89 569 4
35 24 115 41
65 32 24 84
4 31 544 74
57 28 185 97
57 54 445 51
50 57 858 94
53 22 105 38
6 45 262 35
78 91 93 25
8 27 201 23
23 16 282 63
3 61 766 95
58 97 565 80
23 52 258 55
65 17 436 1
67 92 926 94
56 93 146 50
87 40 292 19
38 50 166 78
44 42 345 60
75 57 115 71
55 91 213 43
69 25 967 11
72 31 890 52
3 14 725 93
61 36 619 72
97 62 840 70
37 77 386 37
29 25 564 72
23 66 384 27
65 73 649 68
39 99 601 31
55 30 798 5
87 85 511 88
39 1 475 13
8 68 416 75
14 80 308 86
72 71 695 28
15 62 522 20
87 71 643 16
14 53 768 95
9 51 115 2
45 51 77 99
8 96 166 69
33 37 568 37
73 51 194 48
96 37 222 61
58 84 524 43
28 43 460 12
81 15 401 26
51 91 946 32
89 45 279 80
75 13 256 93
40 56 728 21
31 89 475 73
3 6 778 35
83 50 325 88
11 3 146 5
2 4 726 59
26 15 280 83
24 87 338 94
80 20 501 35
42 30 172 58
45 69 276 23
89 26 559 86
99 51 367 22
47 30 502 100
61 38 656 35
3 80 276 68
12 8 770 69
68 29 8 4
33 32 845 29
72 14 585 71
50 19 44 72
50 77 264 12
33 98 225 46
97 81 332 42
69 14 170 29
58 11 117 26
60 56 744 99
38 21 798 38
4 68 563 26
51 20 518 79
