100 1000 50 100
73 51 998 8
52 75 662 47
22 74 217 60
22 36 51 80
50 34 998 84
1 47 296 19
31 87 381 93
51 71 9 60
40 13 465 20
23 73 164 5
42 39 808 54
87 43 966 95
8 36 935 7
93 91 953 87
97 1 698 86
54 99 325 45
27 70 394 61
34 29 719 72
33 37 102 62
47 87 517 10
20 42 399 98
60 9 79 67
62 72 175 100
22 64 672 8
57 81 238 25
96 8 20 18
62 73 220 75
66 81 481 1
96 67 441 52
30 64 318 96
22 75 567 1
45 54 292 74
79 50 83 35
59 17 780 16
34 2 777 52
91 8 282 69
67 48 17 64
17 6 262 88
1 53 312 64
29 90 53 54
9 61 314 6
20 99 69 92
77 96 151 100
16 71 376 40
78 40 693 35
15 44 840 74
12 61 38 67
56 79 416 90
9 32 488 93
81 37 810 59
46 35 197 52
76 45 458 100
53 60 957 62
84 79 9 67
66 51 184 65
0 62 390 7
55 68 30 16
61 40 750 49
5 74 76 100
39 21 246 42
68 25 465 56
53 23 780 80
36 19 737 6
32 1 210 75
52 27 340 51
91 56 317 23
87 74 159 13
16 48 868 73
11 61 846 68
11 42 747 96
58 28 267 32
87 54 576 88
3 76 3 16
28 9 460 54
48 7 9 48
11 97 370 42
51 89 825 4
1 14 153 81
91 36 70 80
0 1 851 19
63 83 418 92
10 74 694 45
19 40 968 46
66 40 251 69
3 21 442 92
93 59 303 48
34 87 101 38
23 69 70 34
68 58 180 46
4 56 576 32
49 30 1 25
11 51 950 51
73 4 103 21
97 71 6 1
78 84 594 1
78 98 235 26
22 84 820 7
43 13 672 59
76 21 843 34
81 23 273 32
22 54 745 66
93 27 614 37
30 99 330 24
80 5 570 64
26 76 994 76
46 22 152 42
78 39 769 2
37 79 310 6
99 68 527 84
69 9 825 99
39 43 362 4
80 8 281 60
1 0 54 89
90 23 262 98
41 1 498 10
10 77 552 10
69 31 631 11
34 22 398 43
22 24 291 13
10 91 897 25
86 38 611 21
65 28 371 61
11 15 331 56
34 5 36 8
15 74 641 83
79 89 85 4
77 15 482 18
89 67 325 83
60 31 564 80
32 83 422 14
15 92 782 42
82 61 271 32
21 46 908 25
99 88 723 56
92 53 119 36
40 25 605 56
76 86 959 28
83 4 335 26
4 1 642 18
74 67 270 53
17 62 732 46
38 80 945 78
63 78 587 93
64 91 602 40
24 34 21 57
64 17 93 22
33 63 347 21
9 33 378 39
29 75 912 18
27 76 594 10
59 98 915 96
33 48 534 51
7 75 961 90
24 67 371 91
31 24 434 5
13 73 979 63
92 62 809 27
10 98 673 3
23 6 843 54
99 51 242 51
75 35 152 34
58 51 328 79
46 85 673 64
97 55 652 94
20 48 193 59
0 28 116 41
40 92 63 97
91 59 600 10
41 33 764 22
14 90 419 15
82 93 683 90
34 96 404 82
70 77 896 20
54 48 464 44
26 63 813 35
75 76 546 30
28 14 23 29
29 53 268 84
73 33 401 19
94 44 917 45
36 81 345 13
94 12 511 98
35 82 997 21
36 81 391 89
93 74 804 48
20 24 577 23
32 73 403 64
34 90 652 8
61 99 749 58
45 47 204 87
37 10 555 94
37 8 61 71
56 50 476 41
12 55 810 29
51 42 111 18
68 22 838 26
18 4 297 35
8 13 567 36
30 95 566 18
41 39 16 4
83 5 534 43
69 88 628 80
94 82 922 84
81 15 165 2
17 4 229 97
4 65 18 97
85 90 865 31
23 64 590 63
53 72 96 54
4 92 941 17
46 14 233 25
24 61 437 85
8 88 674 11
17 3 709 48
79 80 126 9
88 39 435 62
54 16 918 96
0 5 388 13
97 83 769 63
14 70 192 62
42 13 97 10
19 13 191 47
16 95 20 90
40 65 214 99
89 5 914 17
94 80 560 41
44 70 725 69
80 47 377 67
72 84 144 62
1 65 491 88
78 94 414 61
16 90 430 64
20 34 601 86
83 73 867 51
13 40 119 70
31 40 198 6
58 76 148 22
66 67 198 54
54 32 591 88
12 16 670 50
79 17 112 71
84 46 151 11
47 81 833 19
32 89 560 36
75 0 574 52
74 87 968 69
70 23 351 91
29 62 481 64
68 79 371 22
42 79 820 57
18 88 950 41
5 35 127 12
15 13 640 15
92 59 535 13
4 42 695 82
61 69 868 27
23 60 161 23
53 38 748 54
29 66 142 89
30 1 361 90
14 46 213 63
59 8 951 58
65 31 888 18
82 54 781 36
90 73 785 9
95 19 610 86
5 45 161 67
16 44 720 14
46 42 181 63
24 25 439 38
99 78 225 17
69 54 25 51
25 48 471 50
95 24 655 92
15 69 689 22
28 1 846 61
7 22 908 33
41 48 580 68
59 67 707 11
21 40 19 88
68 53 995 71
54 87 446 90
63 98 118 95
35 50 242 56
62 64 633 63
33 22 488 71
76 65 860 78
51 81 308 95
89 83 985 41
96 81 907 2
97 50 838 31
93 46 425 31
15 57 567 15
76 10 779 89
11 37 208 33
81 53 301 56
78 36 260 49
15 46 13 14
68 36 131 7
37 65 773 41
60 91 574 8
55 91 402 73
96 22 526 69
90 7 357 48
46 53 37 55
5 94 886 60
62 30 222 37
83 33 429 35
73 59 173 80
43 7 492 11
95 90 89 39
64 43 385 39
31 92 37 31
89 41 169 97
29 64 505 92
22 57 53 31
91 17 659 23
61 96 9 7
14 24 592 23
90 0 287 12
9 35 454 59
16 45 124 10
63 62 440 56
48 81 591 63
67 12 30 9
54 58 748 1
53 31 775 17
25 45 552 67
29 54 179 59
73 18 751 7
38 67 622 50
47 69 9 65
52 9 53 26
62 80 785 24
18 40 68 77
3 44 587 18
99 75 459 24
16 37 381 87
5 36 809 60
20 95 641 55
73 9 994 92
41 67 457 49
68 18 360 79
41 65 964 63
56 8 607 89
62 32 477 99
93 14 747 35
44 29 191 87
62 28 527 20
85 8 55 32
9 2 225 43
32 53 25 91
42 23 416 77
81 6 551 98
87 30 641 39
20 33 856 19
63 5 307 60
93 57 989 20
75 31 180 54
55 9 890 41
13 93 488 100
41 18 782 8
25 75 884 53
40 65 937 30
7 14 408 78
86 41 601 66
58 45 664 3
76 84 470 98
8 5 288 98
68 42 727 67
7 20 125 69
19 73 950 53
73 55 684 62
47 8 460 50
45 54 89 75
98 55 941 1
65 17 494 19
51 14 964 97
49 97 738 40
27 41 47 62
80 60 392 35
8 3 285 39
19 68 961 81
19 46 91 85
46 28 805 29
48 24 180 23
48 71 346 70
11 80 496 26
62 28 486 69
19 36 203 27
8 52 447 34
35 17 153 85
18 6 283 74
8 38 548 10
39 79 232 56
24 22 909 65
53 17 409 39
16 11 146 86
67 53 247 89
6 26 926 67
57 83 84 76
50 20 293 50
35 48 679 29
47 70 162 31
78 63 734 17
21 20 128 15
33 2 100 16
25 47 714 99
64 18 360 59
22 8 617 60
20 37 311 26
20 72 561 98
26 64 34 71
21 26 510 64
19 81 223 43
97 1 637 19
43 26 599 20
87 25 77 21
18 24 803 75
6 77 568 29
84 59 218 53
44 82 394 74
7 2 487 19
21 52 987 73
22 69 475 91
4 56 427 7
68 1 1 9
94 25 546 85
63 33 132 32
98 20 708 92
26 56 19 60
80 9 808 25
92 40 757 50
6 14 647 91
65 7 653 67
13 42 779 20
69 19 526 84
17 60 24 68
76 64 925 58
47 66 933 43
80 29 924 66
80 65 567 16
49 35 499 68
63 52 5 35
53 44 595 34
77 33 335 92
9 54 805 33
68 52 470 97
96 85 333 5
15 38 425 61
20 47 987 13
2 95 872 69
48 24 823 13
72 33 619 47
3 43 462 90
23 37 936 38
6 18 720 68
17 64 973 41
98 90 582 10
51 22 369 74
76 50 720 96
83 81 193 2
79 63 771 40
93 14 550 97
67 72 953 80
51 43 787 36
62 42 147 74
61 78 657 31
74 26 127 8
4 61 926 65
4 96 390 48
31 98 584 46
28 39 637 75
89 95 150 58
88 79 774 15
86 30 892 97
40 83 697 29
44 69 906 20
60 50 109 36
21 93 917 1
66 85 82 29
83 31 717 82
42 9 934 100
4 17 188 17
33 6 145 67
95 92 655 82
68 55 662 55
55 19 92 49
38 44 275 62
32 54 159 50
82 97 761 67
7 34 174 61
76 75 679 80
27 89 276 13
3 4 417 41
96 51 679 27
86 58 115 94
96 78 682 5
14 70 432 91
98 55 203 7
57 10 519 9
48 69 105 81
72 11 962 10
10 13 727 64
36 26 873 46
87 62 191 93
59 81 916 86
87 11 258 84
97 16 272 17
8 94 753 88
54 50 858 18
66 81 588 92
98 46 240 90
64 12 496 42
27 82 909 61
38 31 328 7
19 25 95 22
88 17 93 53
99 76 578 29
69 85 20 56
92 76 927 4
99 22 73 72
3 14 955 55
16 0 115 74
39 21 480 83
35 90 298 27
28 66 903 70
65 43 662 25
80 0 842 20
61 53 940 42
79 78 664 76
35 12 626 92
19 6 226 81
34 55 518 97
12 9 458 27
47 82 903 56
86 71 428 71
66 4 341 40
11 15 732 60
4 29 320 82
4 42 208 70
63 72 383 100
16 90 760 82
93 78 158 8
80 30 807 55
70 25 261 42
96 52 173 50
38 2 955 55
51 54 824 1
71 66 542 20
65 8 124 74
16 46 374 41
47 55 777 18
67 11 439 98
94 13 356 69
56 10 196 39
7 15 521 67
37 60 423 59
89 15 895 17
18 63 440 80
19 46 964 98
11 73 936 1
5 19 330 17
69 79 239 68
13 12 360 79
85 98 744 32
40 70 638 6
15 71 298 63
99 40 673 6
12 18 19 35
74 10 640 69
70 3 758 34
83 59 78 76
73 98 708 35
96 64 401 41
11 67 408 76
77 85 102 85
37 98 117 80
29 30 638 57
68 1 428 47
15 20 740 82
75 77 89 37
0 82 726 13
21 90 600 14
73 72 368 39
98 60 292 89
26 88 214 54
7 68 130 34
89 71 260 33
68 56 366 3
25 80 37 13
81 49 629 100
1 33 197 3
34 83 625 32
51 50 760 72
71 32 821 59
98 44 808 96
93 47 268 26
61 17 380 10
11 36 729 89
42 36 594 87
37 46 90 71
86 18 98 50
67 86 570 94
72 30 353 68
35 73 1 16
61 41 367 44
13 19 476 30
84 94 754 41
94 57 291 45
35 43 189 14
5 73 547 91
95 40 828 51
48 69 895 99
18 45 527 25
32 63 171 9
25 35 307 52
51 41 161 92
66 80 508 88
74 53 903 54
69 70 280 51
31 66 7 88
76 16 303 43
54 51 373 48
5 52 818 11
74 77 25 97
19 69 755 100
39 21 857 15
9 49 375 80
3 6 415 45
10 30 324 25
39 78 139 26
55 52 515 94
27 58 687 4
89 97 892 44
91 37 205 11
24 99 784 20
11 96 246 4
95 27 411 59
99 69 879 90
75 51 422 96
65 75 998 68
33 80 36 16
89 30 876 6
44 38 87 84
58 49 705 97
2 11 532 43
90 97 320 54
28 41 936 2
75 16 379 41
44 84 285 6
29 86 603 46
11 31 180 72
95 86 607 24
18 97 880 67
70 10 257 34
42 73 612 26
50 13 994 91
50 64 540 86
14 0 266 10
10 35 89 30
34 38 95 55
63 66 890 22
37 75 178 3
1 25 908 52
48 19 627 22
43 85 705 2
93 17 449 64
97 68 164 93
88 26 151 54
94 57 174 94
80 9 615 37
9 69 681 22
61 62 979 93
1 72 255 2
59 68 394 44
49 21 134 50
37 88 496 13
60 52 687 55
48 43 362 99
33 40 231 22
54 33 289 78
64 18 638 24
21 49 329 19
17 86 915 30
34 3 198 58
77 64 971 97
88 27 331 56
32 88 892 26
2 55 228 19
63 51 477 10
45 21 202 39
38 13 715 38
6 70 124 64
74 76 290 36
85 47 922 44
97 42 699 90
7 41 116 40
51 0 976 7
28 31 589 77
23 38 117 16
64 16 243 7
12 58 782 49
87 50 515 71
89 7 20 16
84 75 131 91
0 35 304 42
23 60 774 93
26 37 603 52
46 30 798 90
45 11 995 57
90 24 884 15
98 9 639 36
32 70 783 11
54 37 720 32
50 7 651 75
71 17 565 40
83 6 407 6
86 25 306 2
30 22 525 43
92 63 584 23
22 80 31 44
63 38 352 9
91 12 331 39
27 69 171 39
31 74 221 27
29 73 345 9
57 13 101 65
71 43 996 48
51 22 946 66
66 37 480 23
89 63 945 21
58 6 50 86
90 1 888 85
16 56 817 100
78 86 563 49
32 24 220 82
6 32 902 80
43 4 164 59
13 24 850 38
85 27 866 37
56 69 1000 40
20 47 335 3
11 67 177 3
3 82 999 6
19 84 795 66
61 76 334 93
56 55 161 76
26 62 341 45
52 39 606 10
81 14 994 34
80 39 961 17
84 51 446 22
5 79 916 96
1 72 923 47
49 13 591 25
35 19 317 78
29 33 528 7
66 35 402 85
91 70 845 34
25 47 917 38
11 94 988 36
25 52 592 50
26 69 90 93
53 39 249 69
77 27 129 72
22 26 300 24
18 54 29 78
12 91 720 15
69 5 545 75
14 74 822 43
18 86 878 30
98 74 619 4
15 66 447 59
45 11 672 18
52 46 629 58
85 69 384 95
22 51 482 45
24 6 476 18
64 88 225 23
91 45 62 64
13 26 394 40
78 16 393 68
66 84 318 45
32 6 308 2
68 31 501 44
47 73 358 3
13 15 55 53
3 12 490 43
80 18 45 2
3 64 270 80
20 87 21 97
6 79 260 72
71 53 751 85
77 39 833 63
80 70 102 48
1 48 751 42
36 39 658 94
58 65 261 44
56 2 519 69
65 19 732 57
11 12 780 28
51 20 792 97
78 30 15 82
26 6 548 54
72 33 12 22
63 9 859 52
67 93 18 13
40 46 763 50
29 12 430 51
82 34 905 89
92 74 392 100
65 70 865 77
68 78 645 83
81 75 692 2
83 49 314 45
17 75 144 23
37 36 886 22
21 1 185 22
48 25 871 46
24 85 203 65
78 58 411 75
92 66 446 20
51 89 351 33
54 25 454 40
90 11 80 87
4 9 989 59
57 55 212 67
50 24 235 39
24 40 929 65
26 66 449 38
66 81 202 21
12 79 831 36
92 68 844 53
66 31 962 80
47 35 75 23
88 81 902 8
27 98 368 45
4 77 678 74
64 28 551 30
79 49 795 13
0 50 56 23
95 8 408 69
84 15 110 22
33 14 391 49
37 74 462 38
10 27 133 77
45 20 361 41
33 86 1000 93
93 52 338 18
60 91 288 3
75 89 378 49
4 90 345 25
3 71 974 9
5 7 147 35
84 74 287 78
55 2 534 54
25 63 930 44
21 17 125 14
31 6 757 8
7 0 836 87
53 30 160 2
69 18 746 44
25 93 216 71
82 18 334 23
8 44 70 21
47 87 20 34
92 1 877 91
73 91 604 86
80 63 291 91
60 55 797 16
13 25 649 33
40 71 423 42
27 24 585 62
6 35 253 88
15 99 875 2
51 31 616 60
90 21 390 75
17 46 389 92
80 49 226 59
88 25 87 85
65 89 43 99
99 21 312 71
22 78 768 18
33 39 538 8
16 59 440 29
13 80 848 2
31 76 764 90
67 75 723 42
54 14 319 55
89 85 616 57
59 65 339 83
32 64 62 71
53 92 688 95
94 8 192 62
22 15 465 55
66 19 396 71
14 47 569 9
32 77 743 92
90 97 585 11
40 46 539 2
70 89 340 47
17 54 761 78
82 83 874 24
94 31 865 56
29 3 817 32
8 84 949 80
28 89 874 87
18 47 649 6
90 74 289 96
69 43 320 82
23 76 678 86
19 30 812 90
9 27 577 12
58 75 726 89
41 87 362 26
81 1 706 34
95 86 651 29
68 71 679 20
27 7 174 84
35 15 580 84
11 91 835 22
54 21 576 34
0 79 751 80
84 20 728 19
51 95 950 53
6 97 59 89
44 11 938 82
69 87 243 94
73 26 147 61
33 11 657 65
90 53 825 41
19 69 667 89
70 67 922 73
63 98 725 74
93 67 587 77
58 80 252 24
81 25 252 51
38 50 474 57
97 29 527 38
15 20 177 49
58 45 148 70
15 33 610 1
81 44 468 37
35 34 466 93
76 37 82 35
25 14 262 5
99 10 802 100
22 89 527 3
22 53 220 18
53 9 553 62
36 69 367 30
39 71 232 7
82 10 520 49
15 66 361 36
13 59 901 88
3 47 678 54
22 41 96 59
60 75 561 65
16 22 577 2
74 45 690 75
97 9 684 32
81 87 650 58
67 85 605 7
34 91 427 4
92 97 192 87
40 42 270 68
21 16 585 60
48 95 704 39
7 33 293 97
71 50 491 70
82 86 701 95
51 64 567 49
68 91 635 12
31 26 374 63
68 18 388 63
62 56 116 75
67 18 947 24
26 70 822 71
59 60 649 87
88 84 204 76
30 41 604 51
79 72 357 51
85 74 231 15
60 99 629 38
2 48 120 58
37 14 150 98
7 72 691 20
3 63 7 85
37 65 468 5
20 21 788 97
96 32 317 86
79 15 668 87
66 50 35 14
58 95 997 26
59 62 533 26
48 53 227 23
60 65 183 32
61 60 400 8
42 11 796 60
