100 1000 60 100
75 1 840 22
65 25 684 98
48 95 268 27
10 91 254 69
74 77 276 9
26 98 299 51
10 62 567 51
74 96 965 18
60 49 588 77
76 91 163 60
1 72 470 79
24 55 782 81
65 94 997 13
0 3 829 6
71 62 27 59
65 51 628 24
51 75 336 97
49 52 891 36
88 27 641 23
16 34 627 54
34 21 450 85
42 92 730 63
41 5 241 58
58 18 967 4
73 20 325 72
43 57 668 71
76 61 538 65
60 47 676 88
92 4 784 9
98 65 179 32
7 96 371 87
77 89 563 31
33 19 669 4
12 25 662 86
76 34 257 53
80 24 262 70
86 46 76 57
13 40 78 54
90 40 318 30
26 9 240 13
95 68 244 25
70 37 647 63
46 19 353 16
87 80 178 33
85 21 607 14
40 17 746 77
67 84 275 86
25 18 92 84
18 63 971 86
28 6 490 91
87 72 18 11
39 61 43 36
65 22 441 81
71 84 550 36
79 47 433 3
84 94 394 26
77 1 671 66
50 91 865 43
69 51 603 93
87 7 252 61
22 45 142 13
16 22 276 12
12 74 349 29
7 47 660 17
57 5 876 60
95 44 909 64
69 18 697 67
2 52 291 49
25 89 254 98
14 29 537 74
44 29 634 40
34 76 558 97
17 98 33 41
75 54 697 92
43 81 755 34
89 88 617 7
35 1 63 94
57 92 51 85
3 20 419 58
74 72 255 6
79 18 886 74
80 59 335 87
78 15 672 72
1 76 586 57
13 51 327 21
7 18 147 9
22 73 448 40
50 62 277 39
1 99 397 9
8 26 327 15
69 55 284 29
84 82 637 81
81 76 445 78
2 95 477 43
85 13 463 68
24 95 476 56
32 95 756 79
94 2 663 81
80 60 747 77
75 99 534 93
79 95 865 51
84 2 484 43
5 7 126 94
96 94 500 58
9 0 135 73
40 4 399 100
29 73 829 59
71 45 852 15
55 91 204 33
59 20 527 21
67 86 915 84
12 9 98 8
70 31 790 37
15 35 590 81
81 15 451 55
75 10 622 92
36 20 974 79
28 35 74 32
81 48 263 33
41 86 999 25
17 37 788 50
56 79 557 72
88 8 163 22
72 6 372 60
67 53 639 79
62 67 360 32
47 80 201 100
96 94 111 71
52 2 402 32
4 94 120 62
35 84 601 21
1 30 877 88
34 46 637 71
87 84 504 89
58 85 672 13
80 17 159 74
41 43 574 68
24 23 611 24
86 76 680 88
32 23 630 53
28 10 768 89
87 19 483 31
82 37 848 4
59 70 811 41
4 32 993 11
55 98 984 59
30 44 910 42
69 24 412 29
41 92 904 83
72 62 768 23
86 4 338 69
5 16 135 51
17 83 397 38
47 83 843 52
40 9 365 25
99 77 393 32
10 82 433 34
14 39 940 81
62 8 919 15
21 56 990 52
30 17 345 59
87 11 882 72
9 69 772 83
0 96 692 92
19 0 778 42
22 13 239 31
87 29 307 70
18 23 515 39
32 74 216 39
33 21 221 62
61 25 102 23
82 9 494 29
89 98 514 63
78 27 190 84
6 81 663 4
31 41 55 4
68 55 286 7
42 32 104 95
44 11 55 48
14 48 199 46
12 61 53 51
43 18 85 62
49 54 224 67
68 51 478 84
29 76 315 67
98 61 154 27
56 63 160 99
4 20 720 12
60 61 428 8
68 28 617 40
77 82 732 56
66 84 663 48
49 92 462 59
81 6 312 53
73 75 245 78
13 60 108 37
89 99 383 9
64 78 624 51
95 52 784 2
52 78 452 48
50 35 494 94
35 71 20 93
2 88 105 29
74 90 863 45
54 49 823 94
85 47 82 99
19 62 685 31
21 4 306 50
1 28 379 13
54 23 757 84
10 28 653 69
84 32 77 7
42 14 269 93
15 58 333 45
33 39 302 19
91 62 489 68
59 84 95 76
39 35 90 99
31 30 413 75
1 12 525 14
46 21 315 43
37 63 956 56
31 34 696 52
24 58 464 14
30 9 774 32
51 36 120 18
52 7 826 26
34 22 669 11
40 22 469 69
55 69 669 24
2 33 440 34
79 4 641 52
90 97 484 16
48 80 431 23
90 67 775 44
84 77 275 75
64 4 518 21
16 94 137 2
78 43 266 91
76 5 590 73
2 76 11 69
19 59 155 70
0 68 567 34
54 59 669 28
39 79 185 70
4 19 142 15
77 1 869 9
11 60 251 2
57 96 292 76
70 44 6 67
43 35 595 30
31 70 86 9
96 92 911 55
95 52 180 68
52 31 581 74
88 47 282 83
88 95 662 71
69 52 246 29
18 1 940 29
86 79 749 40
50 47 944 8
97 33 93 7
94 31 10 91
78 75 102 9
84 61 837 89
62 48 38 82
81 93 88 88
48 3 57 80
99 90 314 19
80 23 628 1
55 19 377 55
88 75 669 29
98 2 298 53
25 24 675 20
61 55 521 94
35 73 566 52
90 47 914 11
97 31 215 72
55 97 513 43
64 31 928 57
80 23 651 94
59 38 23 94
84 56 543 59
86 13 927 92
58 38 100 11
41 51 840 92
78 93 728 79
55 29 896 27
2 28 795 13
84 34 131 24
56 79 979 58
26 2 17 80
69 64 578 58
16 53 744 47
30 55 592 26
25 76 813 7
65 79 116 90
32 75 614 47
95 45 461 63
28 9 872 2
94 56 381 81
22 54 466 66
32 0 765 23
5 35 903 78
98 68 711 85
25 24 348 40
17 21 616 87
9 49 505 78
11 77 759 92
9 96 626 37
10 1 702 21
23 59 776 81
75 23 113 82
64 40 12 38
60 52 89 85
72 2 379 57
96 84 329 46
43 29 788 41
93 80 504 14
82 61 162 1
25 41 955 26
63 11 351 23
41 90 385 35
12 74 895 8
87 35 180 36
42 65 581 40
47 10 318 14
65 72 998 46
89 11 785 29
23 16 110 32
57 45 698 25
64 92 458 63
33 11 461 51
62 74 58 65
71 25 486 3
85 39 356 96
21 50 983 25
27 91 724 6
96 3 247 70
79 23 74 95
1 93 492 46
58 88 415 23
98 11 719 79
13 34 104 70
58 69 12 36
48 87 611 5
62 84 149 52
58 51 98 25
14 18 483 73
19 60 484 24
14 74 30 96
21 34 355 62
71 86 422 3
47 58 24 40
81 20 780 93
12 44 941 94
59 80 662 65
21 34 822 62
53 11 781 45
25 91 49 2
12 10 486 41
47 55 433 89
92 33 503 15
34 4 47 54
75 98 711 25
3 81 566 57
7 71 703 63
17 14 2 38
71 36 299 21
21 25 558 65
26 14 630 57
89 92 25 23
75 63 61 30
42 13 128 37
16 32 460 43
12 92 59 20
79 50 849 53
67 97 915 59
9 96 908 24
85 65 501 79
92 93 796 72
39 20 643 33
80 24 725 13
98 48 953 72
32 30 754 21
19 34 86 69
16 77 509 70
54 22 131 19
50 69 991 68
35 56 333 56
98 45 411 93
18 27 968 81
67 3 518 33
14 32 305 27
15 64 782 18
37 40 667 60
76 72 28 18
33 59 904 26
78 47 331 69
37 83 483 22
18 51 366 50
37 45 834 69
5 0 304 6
47 64 28 33
93 64 6 88
79 64 611 94
46 60 406 97
67 71 570 32
16 42 635 48
38 51 105 63
35 95 388 71
51 93 928 8
19 62 423 43
36 42 537 24
50 78 239 56
69 34 329 63
19 96 559 29
89 97 146 67
42 83 368 33
66 76 649 14
17 0 285 47
64 62 473 22
54 5 941 78
23 40 181 84
69 49 644 87
40 45 193 44
73 32 631 9
13 96 526 40
29 92 524 2
98 59 425 70
7 23 253 68
0 44 718 22
80 64 382 79
38 62 762 27
90 47 876 87
85 66 596 45
46 36 16 92
51 49 303 10
53 51 186 70
59 38 21 34
62 48 218 5
60 8 342 71
6 40 85 17
97 98 537 38
16 4 205 8
32 18 625 45
56 79 429 89
56 29 220 16
11 6 794 69
63 61 55 100
33 6 261 72
46 19 247 80
6 73 612 30
52 7 308 29
43 57 256 93
94 83 451 42
86 80 68 5
9 93 981 26
20 65 679 50
96 46 603 21
4 47 243 12
38 76 511 64
63 85 846 100
96 54 890 25
95 78 75 53
80 24 63 25
17 5 506 10
67 91 242 29
11 53 352 31
96 91 155 20
31 95 317 46
94 33 935 86
93 47 9 45
73 47 824 37
7 74 249 16
4 22 820 79
11 22 519 56
19 48 224 26
70 88 568 89
1 80 24 67
84 28 631 22
33 95 187 61
80 12 366 17
9 43 687 82
77 83 728 47
71 95 108 38
66 53 770 72
47 10 447 90
72 1 252 15
8 35 329 89
38 75 673 75
25 81 355 20
44 13 254 27
68 32 60 23
14 98 446 57
80 41 303 80
44 56 693 100
95 60 649 48
57 65 258 12
79 13 94 15
42 97 455 75
27 1 885 62
69 67 300 3
19 71 528 75
49 33 110 77
86 97 963 22
89 43 16 91
84 83 736 100
17 43 679 34
71 98 947 85
77 66 967 13
2 83 404 3
27 71 587 54
3 72 962 40
21 67 341 19
14 67 95 79
1 87 961 82
80 72 898 5
97 49 471 4
11 69 954 62
69 68 447 53
74 94 841 74
33 5 847 64
99 36 219 81
75 82 315 65
21 75 940 53
33 59 316 81
73 18 365 33
71 11 396 7
71 48 823 52
79 78 719 25
75 57 972 62
0 8 909 21
57 25 785 84
12 75 839 17
79 70 735 70
26 43 291 38
62 64 512 32
65 24 953 69
12 57 257 50
91 64 687 31
47 48 472 38
58 20 774 84
63 81 260 15
22 38 606 98
54 6 540 44
17 88 498 86
87 76 632 43
16 41 65 74
2 43 287 68
85 13 968 19
96 55 806 66
68 96 609 17
78 69 418 9
16 70 432 35
0 51 855 87
92 12 843 13
73 48 895 42
81 13 466 4
5 51 337 88
72 81 968 77
14 31 173 62
69 6 738 70
60 69 776 17
61 36 562 47
57 18 629 1
3 95 928 2
60 28 936 94
36 79 36 56
53 47 889 67
89 17 837 92
27 87 140 46
70 88 847 55
40 93 524 57
92 88 374 49
62 93 50 57
43 36 15 63
12 58 102 15
22 62 867 53
52 99 976 40
74 23 71 62
48 29 198 1
20 43 104 57
11 7 195 53
23 16 643 90
45 23 470 20
25 37 675 13
66 98 976 4
78 99 635 12
57 78 141 55
17 2 646 25
72 24 473 97
92 46 204 40
21 5 973 27
27 7 968 99
79 82 734 21
59 84 54 10
80 85 938 88
16 38 67 43
43 80 874 34
42 29 256 68
9 68 578 61
89 40 601 1
37 69 390 16
98 91 519 12
2 9 545 63
64 12 346 14
16 75 548 71
15 17 411 67
32 40 226 44
80 23 564 77
53 96 373 47
13 57 552 32
42 59 804 12
65 82 5 74
53 13 826 24
2 11 779 68
51 81 301 86
36 31 65 26
38 0 988 73
10 53 331 78
73 93 485 79
56 81 775 90
44 55 937 90
50 71 731 71
85 21 365 100
4 35 107 69
36 20 977 81
59 23 299 62
77 7 545 8
20 12 314 84
58 90 94 53
53 63 35 70
26 36 349 82
60 34 15 41
22 65 931 83
36 60 809 40
73 96 588 64
33 20 727 49
34 32 508 85
85 36 289 17
11 69 164 93
61 18 806 52
48 97 84 66
80 25 334 2
34 53 260 25
11 85 739 21
8 56 881 52
76 81 91 85
9 55 840 18
13 19 530 85
16 79 680 13
3 23 108 15
8 17 91 35
85 33 634 83
37 75 972 18
51 59 297 33
19 78 574 72
72 88 364 67
86 89 814 20
13 10 972 51
96 98 950 68
41 54 718 81
41 79 310 21
27 37 723 3
87 37 271 44
53 17 468 42
22 65 570 11
86 12 516 43
51 14 370 7
67 22 143 69
84 63 19 56
13 65 879 74
22 86 852 22
33 77 225 96
85 67 539 80
7 15 730 5
66 11 96 66
85 86 924 50
20 5 500 25
1 57 194 91
92 82 179 57
78 69 873 10
83 35 659 77
3 21 450 43
65 36 390 31
22 60 181 92
46 96 529 39
11 28 948 35
91 93 166 34
59 22 320 35
8 39 605 69
70 62 114 88
85 5 664 97
94 64 968 76
30 28 467 59
43 83 760 88
87 15 414 32
10 13 776 81
41 42 551 27
67 96 652 85
27 19 373 28
11 68 47 55
97 99 476 43
84 24 677 85
89 30 464 5
45 9 999 81
31 71 585 53
87 86 565 88
70 25 984 76
80 11 87 26
91 87 184 47
53 51 896 33
19 13 911 21
4 77 820 30
62 78 581 37
14 20 535 87
13 36 235 13
83 56 253 87
90 86 269 24
90 49 38 33
27 61 244 3
77 95 589 60
43 42 127 73
42 27 647 52
33 17 410 15
1 94 931 49
10 13 772 18
52 54 474 1
24 42 747 16
33 13 989 49
57 36 157 67
82 49 980 10
77 98 928 67
63 70 831 72
40 96 168 65
40 58 253 51
47 40 895 2
20 29 659 40
3 7 778 23
54 78 736 92
48 98 189 26
74 26 366 25
90 75 526 94
43 28 752 33
20 32 191 32
4 34 423 77
37 70 288 35
51 36 743 13
16 18 824 44
79 53 753 55
63 48 167 30
77 8 683 37
26 71 743 80
82 18 528 85
95 83 322 52
44 68 723 52
96 86 742 18
35 63 842 18
31 89 282 2
35 93 158 16
36 76 692 7
79 64 696 53
5 9 312 38
8 29 150 3
63 6 876 77
4 18 575 10
84 87 116 85
10 26 986 75
80 67 573 95
68 20 290 100
13 78 580 49
96 13 977 69
98 34 911 52
43 59 400 92
44 97 294 83
88 52 837 41
15 39 178 79
42 9 581 24
25 47 429 2
13 83 855 67
14 88 864 64
35 87 348 95
70 72 873 35
12 40 723 34
86 98 711 64
44 29 622 44
58 90 148 20
2 78 728 87
42 50 697 10
54 63 292 44
18 90 543 68
47 41 65 79
85 68 251 60
22 88 661 48
29 90 691 42
10 9 234 14
79 54 233 19
63 37 642 63
78 2 649 91
16 14 158 93
25 3 342 38
84 75 660 75
45 35 73 84
83 89 956 78
49 60 216 5
52 31 562 7
68 10 983 72
33 74 939 86
79 2 740 30
73 3 686 94
3 52 717 54
47 22 644 53
34 44 468 81
14 44 433 4
28 93 296 57
93 42 114 36
5 76 896 74
3 37 362 86
32 54 432 91
69 64 845 83
51 21 241 75
46 79 724 58
62 67 623 64
65 87 590 19
16 3 69 40
1 12 1000 70
13 36 501 73
73 74 897 100
25 91 808 76
35 58 754 83
61 60 106 89
17 32 47 39
55 20 130 26
56 64 853 8
45 24 82 69
92 74 210 17
73 64 560 25
17 90 187 87
30 0 767 32
43 39 898 98
97 27 429 33
68 86 11 61
91 7 235 1
40 71 665 65
62 34 993 38
16 65 530 40
82 90 187 41
17 90 291 93
96 63 408 52
11 85 456 65
47 30 271 94
58 8 663 64
21 93 209 99
48 73 664 87
83 77 389 35
38 28 201 87
30 62 305 73
66 79 104 61
56 3 660 42
64 84 924 60
20 61 412 29
7 28 222 87
16 90 612 95
62 70 791 83
87 11 581 8
0 7 714 8
52 68 953 12
25 26 901 80
94 54 481 58
47 0 213 13
30 28 138 7
73 46 396 52
70 82 383 53
68 16 452 11
91 16 334 23
3 8 478 3
69 92 121 17
84 86 938 61
81 94 785 33
44 49 339 26
15 26 887 52
29 82 18 33
22 12 124 42
21 30 736 64
44 0 795 30
28 46 114 33
66 22 672 15
20 48 505 30
97 94 833 87
55 99 277 90
56 82 121 94
57 80 68 26
42 88 588 92
49 5 50 2
97 21 9 26
96 38 440 75
56 88 887 16
0 92 894 56
88 41 715 56
35 56 757 8
29 77 403 22
30 92 437 3
11 49 376 56
0 34 247 31
61 14 962 82
2 70 732 84
95 86 243 62
56 43 687 42
79 87 28 85
65 92 116 13
63 26 183 43
85 15 682 79
11 34 158 24
25 59 443 61
65 96 994 49
70 15 79 14
78 74 120 17
71 97 444 74
61 32 295 18
8 4 775 12
90 40 830 94
70 92 859 35
93 25 616 34
64 52 667 12
86 43 882 98
42 72 202 72
84 36 544 1
71 25 157 9
23 10 920 64
37 17 394 66
41 93 957 5
2 19 610 79
94 61 366 96
95 21 533 78
88 46 258 28
2 15 944 51
73 32 163 62
16 37 409 5
44 46 26 49
14 44 975 10
21 18 286 54
27 7 581 26
83 64 505 90
44 64 395 71
46 26 902 62
14 0 715 67
85 41 332 68
28 55 36 13
58 69 152 53
9 92 467 79
37 47 662 53
72 2 461 59
22 49 182 20
41 3 67 1
28 64 341 53
73 13 870 61
94 38 31 15
79 58 21 26
51 80 942 14
78 22 830 5
95 45 842 92
93 96 463 81
87 88 965 18
64 69 534 8
40 98 944 49
77 71 69 50
10 23 961 3
4 32 863 55
17 37 334 50
81 88 858 86
22 84 732 10
59 37 772 67
62 73 362 2
17 75 891 25
65 85 993 81
99 88 222 4
94 16 260 1
51 28 537 56
25 83 412 19
55 30 262 60
4 76 945 81
77 62 650 52
25 93 235 29
39 64 654 20
64 42 425 3
40 92 983 42
82 10 950 67
23 51 446 30
40 91 846 64
11 38 752 2
93 42 505 69
12 81 58 70
35 65 894 51
68 60 843 81
26 8 274 4
53 34 284 84
19 1 497 6
4 25 708 70
33 64 679 87
