100 1000 70 100
47 72 100 21
20 60 468 53
0 49 290 36
78 91 303 89
57 28 276 15
71 75 402 61
88 83 473 67
81 90 648 48
3 80 534 55
57 15 575 79
85 61 294 67
85 31 332 8
40 80 152 22
42 57 81 10
85 86 865 89
6 33 454 92
91 23 789 62
97 69 356 83
61 90 464 81
17 51 802 25
50 60 400 65
49 68 459 1
56 34 298 9
28 59 383 75
60 43 839 62
44 75 843 27
1 33 417 100
61 55 197 5
56 7 229 100
41 91 225 71
29 65 646 57
19 43 707 12
98 2 631 51
25 31 944 43
86 14 600 5
85 43 280 27
42 6 124 12
47 23 707 100
71 84 793 72
97 58 947 42
57 42 658 45
16 50 538 97
69 84 638 18
37 38 418 87
46 60 246 1
0 60 676 1
58 16 665 99
70 54 594 31
16 39 614 90
65 82 322 11
40 41 551 48
99 75 560 67
40 92 175 70
74 46 660 29
20 67 893 86
70 42 640 22
61 19 737 8
39 6 387 91
91 54 199 85
38 20 920 31
28 97 714 52
20 14 924 40
41 6 248 7
14 75 543 20
21 78 757 35
97 93 530 58
87 16 56 23
70 66 997 9
26 48 983 53
73 44 126 52
50 85 869 29
45 35 105 59
70 46 560 23
64 38 103 75
29 48 58 31
43 27 324 15
26 68 869 59
41 31 18 77
56 66 371 10
16 11 530 67
70 29 102 72
67 2 282 100
53 34 17 19
21 36 455 41
31 69 291 9
95 12 846 72
14 99 891 6
5 64 62 93
62 85 457 68
67 18 512 6
64 73 306 41
37 71 343 91
36 65 307 33
99 92 93 76
77 45 292 98
93 49 548 63
20 48 809 8
24 40 79 40
32 45 785 91
50 4 179 64
76 96 573 87
21 82 775 14
95 93 46 48
85 71 378 91
61 18 99 31
86 34 58 77
9 0 981 52
87 98 729 26
50 53 610 37
37 23 132 3
31 27 927 46
51 50 311 40
34 62 944 61
29 14 619 24
14 55 899 94
55 10 443 17
9 20 524 9
79 3 822 73
56 2 222 15
43 15 19 27
96 20 262 14
78 43 425 97
84 34 455 98
83 32 989 86
98 78 39 30
99 89 256 92
96 69 124 79
91 24 256 77
66 21 979 82
48 42 292 79
57 5 737 61
67 63 800 82
83 1 122 58
14 15 827 87
81 3 736 93
33 93 113 11
44 30 856 71
10 57 88 11
59 37 908 21
1 26 474 82
68 47 501 36
8 52 226 96
6 35 551 96
20 7 976 96
53 23 568 63
57 74 387 97
30 20 586 35
84 30 827 68
14 75 659 84
87 8 457 16
6 58 259 13
5 69 568 42
29 77 650 51
27 81 546 63
3 79 115 38
61 27 718 48
42 59 70 8
8 90 260 34
4 6 107 21
92 56 697 66
22 35 132 33
52 46 110 19
23 25 710 20
61 34 15 55
41 1 784 37
62 36 219 94
59 15 877 8
81 18 889 46
38 26 75 73
87 26 111 4
78 50 186 14
71 22 609 10
78 61 104 7
62 35 806 35
53 69 742 62
23 90 914 52
55 0 613 63
56 72 708 6
58 12 706 58
31 49 934 17
48 56 615 35
48 77 126 2
70 11 285 42
7 61 150 79
13 39 311 56
72 80 261 80
36 33 492 21
20 91 819 38
56 22 881 9
11 36 866 80
79 36 672 8
90 12 873 66
59 70 421 17
82 93 253 59
4 21 113 32
48 35 97 75
90 32 632 9
37 60 618 1
4 65 698 79
78 16 225 35
83 20 418 2
78 85 211 95
0 39 998 36
59 90 496 7
67 90 273 16
87 93 112 10
69 46 42 2
50 71 96 19
5 38 977 4
33 4 65 24
31 18 587 27
90 63 886 63
1 87 782 84
1 60 509 5
95 32 537 44
74 70 809 64
84 96 947 48
74 66 641 94
74 38 717 67
31 32 29 89
65 77 730 27
52 93 844 89
30 80 290 31
5 36 122 56
9 70 939 85
85 50 592 30
77 34 51 71
96 99 619 2
94 11 563 18
20 85 645 43
51 32 781 73
44 92 897 20
11 14 964 24
93 9 56 78
16 67 98 86
79 22 213 36
66 25 936 65
6 89 414 17
50 56 607 64
66 42 358 71
45 89 801 49
3 54 154 45
80 39 814 4
60 25 592 20
58 59 821 33
62 0 896 91
15 22 979 62
33 88 843 4
58 13 993 44
70 17 917 97
79 12 642 52
86 51 639 2
19 9 16 44
25 43 872 51
21 42 48 66
61 91 505 68
3 63 30 99
86 89 768 67
94 80 86 11
94 81 80 38
84 90 283 30
74 22 252 58
42 95 399 66
53 8 104 61
2 99 751 66
39 99 958 60
61 39 29 1
74 98 321 84
60 26 17 50
64 21 464 23
15 63 32 71
92 16 215 24
83 97 549 84
27 87 792 10
27 2 305 89
76 81 76 63
70 15 104 50
12 30 263 21
4 0 237 20
38 10 316 6
86 20 917 92
73 37 69 78
6 2 47 40
85 99 924 17
94 30 398 29
31 24 681 33
25 23 699 47
70 26 289 50
48 27 126 7
2 28 245 67
13 90 612 93
7 22 622 44
15 14 392 50
30 49 85 22
12 8 557 46
20 29 935 75
21 15 661 63
50 75 288 27
19 58 759 78
54 16 934 36
66 43 70 65
96 75 112 32
60 54 737 10
7 89 667 100
32 96 532 16
45 71 183 80
12 22 444 95
53 63 92 39
49 46 792 25
36 35 231 42
74 46 488 75
3 93 865 13
42 9 32 13
18 38 760 19
85 73 936 95
97 91 42 18
56 98 961 46
3 63 828 92
81 59 380 75
10 74 725 16
40 67 172 26
64 0 968 6
39 83 140 6
13 22 125 57
50 4 710 23
7 17 940 63
8 6 117 69
65 76 444 18
53 80 939 44
87 33 87 88
96 12 889 29
67 80 516 67
61 4 392 2
98 9 993 3
25 7 395 11
56 2 242 7
52 81 763 74
79 74 121 74
96 61 707 14
90 49 299 21
3 57 93 65
9 12 119 87
35 79 610 51
43 46 413 98
69 22 818 78
99 28 247 79
25 92 946 68
97 57 276 75
32 81 344 66
85 72 81 37
46 98 171 20
36 64 511 7
61 90 122 92
52 18 169 64
52 88 448 80
16 7 129 37
27 41 585 60
79 67 785 41
62 12 464 26
66 43 604 8
70 52 582 31
26 65 186 95
80 71 114 30
36 30 247 53
80 20 44 73
33 25 68 69
72 80 902 31
93 66 438 78
16 48 161 15
22 59 250 77
37 10 295 28
87 53 882 36
58 15 863 12
49 86 38 92
6 3 398 99
52 84 992 35
54 21 442 99
78 18 657 41
83 75 193 26
83 11 947 36
80 68 759 28
56 57 830 36
92 63 385 66
48 71 371 19
35 28 310 31
48 34 197 56
35 95 894 38
54 94 820 36
53 48 461 74
5 1 484 22
51 64 370 25
93 32 447 72
9 30 244 29
19 32 867 71
0 79 497 71
50 41 14 49
44 13 887 55
23 70 259 93
31 72 599 82
8 13 692 66
52 11 583 58
80 75 846 64
11 73 272 45
28 69 137 15
23 2 32 44
35 52 82 97
2 34 438 20
83 58 285 7
99 89 522 81
45 60 75 40
86 88 257 46
4 56 302 73
94 60 775 9
33 7 416 35
75 89 686 1
21 32 98 55
42 51 520 58
40 39 329 64
36 49 996 24
60 75 296 72
0 17 527 52
70 99 80 36
18 34 145 19
28 15 420 85
96 22 545 61
50 75 73 31
0 20 746 39
1 46 72 96
4 48 783 58
21 54 780 27
84 57 217 70
89 10 935 77
86 98 655 70
55 46 176 96
59 29 87 8
50 11 645 19
94 19 69 54
61 27 880 27
92 0 968 63
69 27 949 60
81 79 279 90
24 84 383 95
89 5 153 61
92 82 972 11
48 36 945 37
19 0 620 59
23 18 841 66
31 62 46 9
7 29 753 17
36 60 850 83
93 35 479 27
16 41 898 63
4 59 203 73
40 60 116 24
11 48 261 47
25 78 665 99
72 0 380 77
62 50 172 77
34 3 319 75
35 25 877 4
75 71 260 56
92 63 213 50
48 10 478 44
17 19 904 6
34 84 328 7
63 16 65 40
13 29 126 100
40 80 512 3
19 31 795 37
12 91 911 36
94 8 165 17
7 14 453 29
94 16 49 88
26 0 83 79
1 55 401 91
9 58 64 18
44 84 526 80
14 33 618 72
37 7 633 33
51 16 411 59
28 34 833 47
60 42 285 64
38 16 239 75
16 69 52 55
56 55 208 38
32 99 880 13
97 63 126 49
25 72 728 46
80 51 615 54
90 3 714 53
30 81 113 94
27 6 501 79
99 74 652 27
99 76 809 64
76 71 600 71
12 4 279 57
88 98 664 24
80 26 579 39
99 73 438 29
78 83 528 42
25 89 630 7
30 1 780 11
72 15 915 99
85 75 887 57
24 28 961 67
34 33 719 84
61 40 587 24
39 64 776 14
47 56 738 44
98 82 454 25
24 45 990 13
59 39 106 15
89 28 511 97
66 16 55 40
83 34 156 23
11 63 887 72
72 9 584 63
54 38 923 38
80 47 442 71
43 45 816 31
47 29 402 82
71 61 228 56
28 60 217 79
58 20 680 50
42 69 681 37
28 24 200 50
34 5 604 69
42 95 207 44
30 32 753 82
72 88 122 72
83 73 583 30
73 89 216 60
12 29 435 100
96 81 627 5
65 48 709 10
12 36 12 87
58 76 974 89
68 92 281 60
78 56 529 66
45 41 489 13
1 24 937 45
93 11 422 47
84 6 13 27
49 97 718 24
48 11 113 43
42 14 963 14
36 22 255 74
91 46 934 63
48 64 292 37
30 71 720 52
95 26 118 28
95 11 860 59
6 5 912 84
82 40 437 48
68 85 614 79
67 57 774 40
92 48 107 76
48 51 69 88
71 83 821 73
86 13 506 10
95 37 997 95
42 34 756 14
72 9 704 11
24 33 212 52
18 74 19 26
78 84 331 71
8 44 383 99
6 48 916 97
63 61 429 100
81 30 647 83
66 16 130 89
14 13 247 31
17 22 83 49
20 94 563 24
15 78 134 22
20 79 844 6
9 95 820 60
46 35 496 74
56 84 622 28
77 40 825 74
45 9 100 100
50 96 722 93
73 43 284 27
89 97 311 53
73 94 645 25
0 60 928 16
88 12 797 69
5 87 749 36
24 5 540 53
41 37 17 75
94 57 330 100
56 98 551 13
82 13 249 60
90 51 900 85
43 16 609 41
69 4 730 80
10 77 387 61
64 67 18 29
18 74 931 83
24 80 137 85
19 44 143 53
37 29 2 1
15 42 47 67
46 11 79 67
42 68 864 59
24 35 515 69
45 20 657 87
76 18 875 77
25 49 607 62
94 77 853 84
90 35 969 84
91 17 807 16
37 92 498 26
97 4 116 55
71 22 547 94
5 77 388 80
12 69 671 47
97 92 68 76
79 3 761 68
15 11 232 38
83 91 520 34
28 79 417 17
22 4 817 64
45 36 313 49
57 86 898 9
21 15 604 89
3 72 473 9
65 42 914 80
88 86 436 20
52 32 923 25
67 83 192 25
67 63 552 19
99 13 611 46
80 11 348 70
53 32 199 51
16 87 51 56
72 56 356 66
53 56 112 90
14 13 80 54
21 29 917 65
93 8 182 41
84 4 673 99
35 99 438 68
33 54 529 68
64 5 27 26
77 78 790 24
89 50 725 44
60 96 102 1
21 34 831 13
74 46 168 63
93 59 485 31
22 16 153 43
70 10 957 9
86 88 27 39
22 62 433 71
57 27 620 71
76 38 90 31
45 40 755 36
44 1 191 64
74 1 596 60
74 2 288 47
80 44 706 61
77 91 751 73
41 81 400 72
65 10 96 95
82 61 82 94
65 1 989 80
57 73 178 18
45 23 947 68
87 55 226 50
33 55 992 92
29 60 446 4
49 30 37 20
55 53 477 94
86 87 660 56
95 8 281 69
67 31 500 6
99 21 823 16
66 48 116 18
28 58 881 55
90 74 16 46
45 47 696 19
80 91 812 8
86 31 599 64
21 26 968 58
72 64 233 76
61 5 593 45
30 29 222 9
97 12 936 43
49 97 764 12
35 96 508 50
65 94 574 11
47 91 752 52
22 50 338 9
2 26 21 16
84 43 141 44
94 63 997 76
7 57 953 35
73 88 499 52
16 44 410 53
69 87 570 48
53 60 81 84
87 97 554 88
65 91 262 84
21 22 53 95
20 93 540 95
43 0 818 63
75 15 251 57
97 82 172 88
52 59 28 55
26 42 385 61
27 10 5 11
80 46 309 70
40 44 531 47
32 48 262 36
15 42 317 45
54 76 479 7
63 69 703 39
21 90 834 48
28 91 27 54
10 31 935 85
79 77 37 40
76 9 55 41
35 88 877 84
20 76 957 70
0 92 423 42
42 82 638 65
49 60 853 20
88 4 373 1
89 44 881 63
13 29 459 87
79 67 127 91
88 2 487 58
45 92 302 49
36 95 48 25
58 91 410 56
82 47 782 3
11 58 666 14
13 99 691 29
63 85 990 29
0 62 295 61
56 83 949 28
31 0 779 16
37 4 139 73
75 76 68 32
48 20 799 100
39 84 384 1
89 8 408 99
71 40 813 49
18 76 221 91
82 11 697 19
40 75 138 93
91 92 590 3
62 49 344 97
17 49 291 83
74 9 559 48
64 96 843 39
89 39 123 71
15 62 390 99
13 40 854 98
69 67 48 35
72 82 332 32
55 74 985 69
24 95 125 83
56 42 807 37
94 50 765 45
36 62 809 40
5 77 427 33
33 58 693 29
80 88 650 2
84 22 396 60
89 28 180 44
18 28 702 57
41 55 738 46
60 35 6 96
30 65 441 79
16 38 837 60
36 15 36 99
90 40 774 18
30 41 393 75
12 36 999 52
90 12 888 55
4 43 262 73
33 48 277 40
41 71 883 63
27 67 854 34
76 53 244 82
6 41 940 41
77 54 745 99
29 32 348 14
64 66 258 19
75 56 907 5
18 40 737 49
57 53 848 14
28 34 976 99
26 10 810 7
50 18 746 67
97 89 969 90
33 16 238 46
61 48 749 4
96 23 745 54
98 43 763 71
79 7 249 97
86 38 281 96
76 22 306 43
22 75 240 63
96 79 89 3
87 90 348 10
76 10 744 85
48 17 871 5
22 1 499 98
25 69 370 46
81 45 827 30
55 98 801 67
74 28 32 97
4 9 850 27
12 5 261 9
84 14 513 50
99 29 783 22
16 93 601 54
35 40 624 98
50 71 105 32
23 43 953 60
67 96 173 65
95 11 735 3
89 29 30 83
72 80 465 21
47 19 11 8
83 8 582 85
7 69 107 6
58 8 317 70
15 36 849 8
96 62 148 38
22 52 194 51
99 4 244 53
70 98 511 21
11 22 788 11
63 61 777 60
1 49 899 83
48 99 414 10
0 17 537 41
7 1 493 37
55 43 729 43
18 36 123 33
25 65 495 17
97 58 105 68
0 1 913 100
5 76 971 82
67 95 627 78
79 16 208 39
9 84 325 31
80 27 379 67
0 85 413 27
69 87 734 3
24 13 229 16
26 66 77 82
38 95 956 74
51 79 852 45
89 19 72 90
74 95 756 6
17 60 502 26
81 59 245 96
76 74 584 44
6 97 204 22
30 86 695 48
26 89 196 56
84 47 848 30
85 14 657 53
15 62 791 96
22 18 27 41
78 84 36 21
48 20 135 62
21 37 286 91
99 60 562 7
88 37 947 5
2 81 132 54
20 60 747 11
49 31 548 17
49 64 306 26
56 5 322 66
35 94 899 5
77 61 291 78
28 36 149 67
36 8 696 63
34 18 739 39
75 29 269 100
44 85 633 11
4 67 379 84
67 56 738 78
31 60 797 12
9 91 889 12
74 40 240 77
63 40 589 24
88 22 233 86
68 67 521 91
62 8 273 22
27 8 306 76
70 79 229 1
48 86 552 74
92 35 682 71
28 61 647 51
19 58 48 13
9 33 782 85
63 91 518 22
14 71 571 60
53 67 941 1
51 16 17 92
32 42 219 34
56 66 199 95
22 85 124 70
29 74 831 26
76 6 43 1
69 70 905 29
39 22 458 21
22 38 259 23
51 3 342 43
6 10 540 97
86 23 48 36
64 11 186 99
85 21 565 22
59 71 168 95
41 95 123 29
92 68 672 67
18 96 805 66
64 93 13 13
96 18 15 50
71 30 912 25
63 18 338 4
15 70 53 22
57 44 944 73
88 82 481 11
60 74 663 39
86 13 365 88
84 2 865 49
10 79 57 8
59 55 210 41
21 34 660 89
68 8 629 87
95 60 393 88
19 57 333 25
83 29 823 33
32 66 415 15
8 60 823 32
60 92 287 51
17 82 79 75
16 13 554 42
34 88 481 42
80 44 891 19
12 28 764 66
15 50 228 78
46 27 915 39
34 40 351 100
20 93 622 18
72 55 890 96
73 94 486 26
5 25 59 71
2 51 221 49
38 24 48 67
88 80 484 83
88 61 346 72
96 45 316 66
83 46 460 32
85 7 704 17
91 39 70 15
88 40 283 94
54 56 359 11
49 73 769 17
90 97 72 38
3 53 423 45
61 31 969 26
72 7 215 69
68 0 348 37
86 85 626 29
2 82 398 66
44 4 427 70
97 70 391 41
43 16 368 20
43 63 387 45
80 74 160 11
63 81 902 12
2 79 30 1
98 68 906 41
50 5 433 6
83 53 485 2
97 25 174 65
72 56 69 59
33 70 297 93
88 34 745 48
87 28 797 28
64 56 127 76
35 87 493 76
77 34 584 95
22 13 769 2
64 23 555 13
66 53 263 90
69 63 73 12
60 49 215 66
72 51 697 52
24 8 818 58
19 33 786 68
