100 1000 80 100
85 4 421 24
26 5 403 23
5 11 663 68
39 95 680 31
3 79 56 86
58 66 906 24
77 99 72 64
88 74 785 94
84 99 398 1
50 55 551 24
51 47 369 80
5 75 230 6
88 30 536 42
71 87 120 31
19 50 153 4
4 98 583 77
58 20 288 36
6 36 998 31
94 77 24 57
17 25 618 49
61 63 450 93
42 74 697 16
97 43 513 64
61 28 847 22
48 10 36 72
50 52 989 22
77 36 225 10
83 82 16 49
77 28 107 44
86 93 683 25
17 71 144 15
75 80 784 57
81 34 25 21
59 75 486 62
98 13 627 11
31 18 850 55
50 60 409 39
84 32 340 11
49 77 697 64
97 50 638 11
76 13 931 76
56 54 853 6
67 59 542 43
67 8 486 4
59 32 71 40
1 41 766 66
81 79 229 98
10 71 206 52
46 43 63 7
68 76 274 6
53 26 372 74
40 97 974 88
99 59 283 95
86 45 864 56
22 72 31 91
62 87 374 32
73 25 643 66
44 22 539 54
9 95 335 25
39 41 546 98
32 41 408 89
50 59 910 67
58 57 416 28
84 69 426 90
71 83 904 32
30 74 872 79
49 91 959 64
53 93 274 66
89 21 52 92
51 17 79 35
52 74 497 9
50 89 615 44
13 97 299 13
54 1 207 88
7 11 413 87
61 39 20 11
57 24 436 27
25 24 449 5
99 27 660 7
18 69 581 25
42 77 345 13
82 25 444 41
53 12 543 42
10 19 188 11
3 73 227 49
82 68 507 28
30 89 5 16
73 84 67 11
91 13 519 77
38 78 192 57
84 22 142 84
96 40 562 68
59 85 523 70
31 86 333 67
83 81 240 4
67 14 895 15
54 60 210 31
40 79 180 32
12 60 423 48
64 60 888 34
16 51 450 66
83 45 417 85
38 98 161 11
75 42 165 42
20 45 794 52
30 49 212 74
48 0 617 43
47 8 323 13
81 75 959 76
81 2 38 82
80 82 414 10
18 37 762 81
14 25 485 59
13 67 889 99
87 66 115 82
76 71 72 37
49 32 271 21
29 38 252 38
51 3 894 80
26 23 871 21
26 48 307 3
78 3 926 25
26 53 123 22
90 87 721 26
15 63 132 11
96 23 365 2
4 53 887 47
16 59 830 5
4 7 330 50
39 56 769 61
76 95 367 24
69 18 168 77
3 64 880 75
27 66 817 81
97 30 416 16
98 12 823 61
19 51 997 64
2 68 515 73
39 19 619 62
45 56 46 6
42 78 713 25
28 52 640 72
20 65 718 43
56 44 866 86
36 88 667 51
65 33 318 24
83 48 84 100
52 65 822 93
81 35 440 14
79 69 852 60
85 86 482 10
21 94 948 67
11 39 384 40
36 0 833 49
5 99 860 31
78 55 700 6
81 90 112 44
37 10 671 91
6 92 74 66
18 52 656 23
9 46 349 54
86 82 58 25
48 76 289 1
6 11 419 63
58 35 365 98
33 19 94 84
1 66 406 78
19 51 943 4
89 82 643 51
84 0 452 22
58 34 661 53
30 74 708 18
48 54 661 16
73 33 687 52
55 3 251 50
96 2 175 68
16 6 117 48
87 11 262 26
7 12 945 39
2 27 382 53
29 12 607 15
68 6 74 30
86 8 750 21
52 97 460 4
52 29 271 39
97 74 539 35
74 67 332 95
0 28 443 15
23 31 393 12
94 49 350 31
32 73 50 18
88 83 252 43
4 29 505 98
5 97 902 61
0 34 203 85
47 1 983 43
8 95 768 11
12 2 739 95
5 87 344 1
43 30 620 28
83 7 825 97
9 79 885 74
17 77 718 48
34 79 112 82
56 5 561 44
8 62 163 55
7 42 583 58
38 31 384 60
0 83 487 46
39 52 796 68
32 5 469 49
2 24 949 88
85 52 668 51
7 93 116 51
81 16 591 86
96 64 888 51
17 8 345 19
3 61 539 85
53 99 417 5
89 12 994 43
81 70 670 30
4 95 218 28
63 75 298 49
11 20 714 48
47 94 401 11
97 7 716 60
66 82 718 37
45 50 657 51
57 41 453 99
64 95 325 13
48 47 436 29
35 7 882 47
25 11 803 93
34 87 98 58
85 99 641 44
99 23 187 83
74 16 187 31
31 96 23 18
38 53 126 87
65 13 773 76
41 79 484 95
47 25 33 93
85 67 547 84
49 28 884 57
50 92 122 17
2 73 906 91
78 45 23 31
56 78 827 79
79 53 740 100
90 6 895 61
93 11 90 97
93 32 963 96
81 43 569 15
79 2 818 3
96 73 556 59
64 41 857 48
35 96 967 97
52 87 920 72
3 81 503 98
29 43 168 78
54 53 857 16
79 83 991 89
31 78 148 55
95 66 507 47
26 63 967 15
93 89 122 81
35 39 235 11
32 65 188 52
64 78 582 21
99 76 903 90
24 22 234 34
62 11 942 60
91 79 902 65
95 3 654 33
60 67 32 24
86 51 384 95
17 65 233 71
8 74 364 20
87 80 711 75
59 21 914 21
78 24 795 11
98 60 656 51
71 40 128 28
57 36 962 27
50 96 942 49
80 29 353 37
18 69 225 6
84 25 148 11
31 83 584 66
71 8 756 56
54 22 317 13
55 71 418 14
0 36 164 88
97 68 888 52
18 62 775 13
8 87 667 98
90 89 131 92
38 6 884 69
21 55 505 75
28 80 305 67
70 47 340 13
62 53 459 10
11 6 923 34
80 13 884 69
12 18 227 5
79 63 452 60
53 60 529 72
79 95 377 91
65 27 660 95
4 64 435 65
48 77 318 56
58 97 892 35
12 23 544 43
67 59 672 75
96 71 72 100
58 84 846 3
32 47 618 21
65 58 515 25
57 4 485 98
20 49 478 83
74 90 313 2
92 1 816 13
11 82 819 34
21 43 203 4
17 75 45 39
8 28 775 57
32 15 440 56
53 74 908 81
73 91 160 83
54 35 880 97
45 26 865 96
39 65 795 8
21 56 975 32
66 63 467 59
0 18 126 65
86 85 450 89
8 76 545 56
25 92 713 66
20 17 674 22
43 68 666 88
37 26 286 97
2 47 867 27
29 30 256 42
16 73 514 7
18 20 2 89
58 83 615 53
98 58 640 17
64 63 419 75
41 45 574 29
53 40 724 44
51 90 324 38
81 58 238 72
4 10 976 91
59 71 396 51
53 24 24 52
52 87 321 98
24 20 543 72
9 2 798 66
74 82 224 90
5 14 173 84
84 87 2 9
7 15 710 72
85 64 494 72
58 36 658 61
18 45 297 60
8 41 223 19
70 51 787 22
23 9 463 37
80 56 831 58
20 99 108 61
3 9 923 100
42 96 739 57
48 11 507 63
37 33 300 15
36 56 131 24
65 57 726 7
63 72 7 24
92 45 576 8
28 38 59 57
52 62 660 93
60 41 109 46
63 4 786 2
86 99 308 81
20 97 221 94
31 46 288 55
57 0 648 61
24 49 134 89
37 71 898 67
55 38 345 58
95 55 865 65
73 59 417 40
88 41 967 82
14 13 608 62
93 65 294 93
46 50 760 10
93 86 125 64
64 92 209 39
62 67 742 7
89 33 807 50
88 78 199 27
7 23 202 50
75 15 487 89
26 85 936 87
63 53 705 57
96 59 926 71
77 32 268 35
28 46 39 2
95 64 121 99
19 85 574 48
12 99 650 84
61 85 117 65
61 83 71 36
14 40 520 93
23 47 32 20
53 18 822 20
20 13 304 30
83 22 200 76
22 94 583 85
94 68 414 72
91 1 357 3
24 41 79 58
83 35 406 32
56 88 407 34
6 8 574 89
35 65 473 73
58 67 85 30
4 54 415 98
15 12 410 53
33 69 822 70
26 43 929 27
18 24 487 99
5 70 336 73
27 82 687 16
36 12 984 87
95 58 264 3
92 20 213 37
41 10 737 39
47 1 809 86
60 35 288 97
22 60 704 32
16 31 237 17
52 71 353 59
35 96 405 3
83 10 537 3
83 44 956 60
11 89 167 55
97 34 763 44
32 76 862 99
80 19 642 60
2 72 875 45
22 90 498 63
8 15 83 61
36 77 231 51
36 46 172 95
12 44 655 89
80 91 852 50
16 97 410 70
75 35 261 29
78 31 113 79
61 13 915 78
20 79 553 58
91 50 263 37
86 47 73 97
70 76 886 79
32 86 505 75
34 0 874 23
42 7 463 43
8 51 240 88
25 79 60 61
66 40 888 38
59 3 112 94
83 84 624 40
61 4 343 46
8 87 246 36
42 50 924 50
74 87 17 87
71 43 25 94
11 66 360 55
90 46 478 26
28 84 278 59
92 58 125 37
97 45 402 31
28 51 671 97
81 0 558 74
2 61 80 22
42 39 816 11
44 40 877 58
72 95 365 43
80 90 662 53
38 25 52 96
35 13 663 21
16 57 107 40
32 4 511 4
72 16 781 32
5 42 962 26
74 82 835 73
32 23 762 76
93 60 862 6
90 26 318 35
58 1 468 34
61 65 261 41
85 13 988 27
80 8 824 40
94 26 393 23
6 7 861 89
15 84 152 87
4 2 738 67
5 44 640 50
10 33 434 44
11 55 270 54
17 57 698 65
68 96 533 77
16 60 52 47
80 87 32 59
86 93 901 79
86 73 804 35
92 72 415 91
72 91 261 15
4 23 756 20
42 48 154 97
89 87 949 5
34 5 310 42
61 89 955 82
41 95 330 65
5 93 818 9
18 66 704 24
47 61 368 9
90 60 658 84
28 98 383 56
19 31 672 49
26 55 783 25
39 8 320 85
65 99 144 6
76 82 432 27
8 75 319 23
40 39 500 73
31 17 808 48
8 33 51 81
57 3 166 65
71 37 65 50
67 0 330 96
29 33 452 40
93 51 689 88
86 53 667 97
17 56 197 57
37 61 404 53
67 54 718 100
23 94 577 52
89 4 587 38
41 0 175 84
66 87 299 82
96 0 458 70
97 2 458 68
48 65 734 90
18 39 406 40
13 86 874 67
35 39 739 91
54 74 87 13
48 0 520 66
15 98 226 2
58 81 762 22
85 94 846 10
56 27 616 40
43 75 475 81
4 25 396 43
58 7 54 10
91 80 683 83
32 81 427 93
97 89 257 82
69 53 385 20
79 88 205 8
64 71 982 43
84 5 318 91
42 80 642 47
92 36 76 94
12 69 209 99
47 35 325 86
71 67 472 35
73 65 226 56
69 23 692 12
75 4 511 51
8 20 592 85
24 36 838 7
17 8 569 26
72 55 598 31
90 22 612 76
89 5 320 17
55 38 356 29
34 15 437 60
70 79 472 24
12 32 170 74
56 90 322 85
27 23 751 72
64 45 730 89
19 28 116 43
98 64 462 37
52 51 39 15
57 7 200 13
74 83 538 99
5 56 502 14
49 39 674 44
65 87 900 52
41 8 767 30
57 41 185 61
26 29 492 39
16 25 789 64
43 4 116 39
38 13 18 100
43 93 506 2
96 71 424 83
44 68 85 82
7 69 962 91
52 34 130 70
63 65 305 34
75 32 114 94
19 91 178 88
22 54 26 14
66 18 498 10
61 55 450 88
86 68 976 45
69 53 401 49
32 87 36 93
28 15 920 86
59 6 616 11
4 68 980 74
37 32 723 15
43 55 945 33
34 38 914 15
0 27 714 95
79 11 157 36
95 42 303 97
29 67 974 54
39 41 243 100
2 37 780 16
61 39 464 29
11 92 726 34
49 83 429 79
83 60 184 87
88 48 682 5
90 61 744 81
71 53 420 33
72 2 65 69
65 88 675 94
51 6 66 86
20 82 630 44
63 54 547 32
87 24 605 17
41 58 852 18
28 10 96 18
99 91 670 55
2 49 745 50
12 70 9 1
86 55 736 5
66 5 63 12
93 44 545 95
78 37 501 65
17 70 345 50
98 44 829 6
73 29 939 95
33 82 333 5
46 48 579 6
83 93 49 95
14 20 398 43
40 23 608 46
69 70 886 76
35 19 360 31
47 94 281 64
92 2 946 29
66 94 780 93
43 17 612 6
9 24 254 10
38 74 375 15
21 77 240 54
46 27 785 41
78 20 29 72
38 27 333 59
28 85 239 13
15 32 35 88
38 58 580 19
87 53 72 58
33 82 858 93
2 18 453 40
97 89 36 45
41 22 739 53
51 46 982 44
21 66 642 36
14 37 603 31
64 61 86 66
17 70 474 1
91 55 442 26
1 83 715 46
28 33 152 100
14 97 588 60
6 56 409 78
46 23 401 72
73 48 995 59
66 92 202 45
72 70 798 29
66 57 337 65
88 66 637 81
98 0 886 77
94 14 595 94
15 57 86 48
96 2 870 87
6 52 565 62
1 86 644 52
88 74 334 12
45 32 513 17
10 33 507 77
21 20 19 49
93 19 717 22
64 20 874 23
88 11 815 57
27 25 931 36
64 60 566 45
31 53 53 43
24 27 38 59
96 19 286 66
18 41 174 50
13 41 940 62
82 61 836 68
60 66 439 88
17 73 304 89
55 9 897 87
85 86 125 11
53 10 422 14
97 85 761 79
9 91 154 19
37 65 477 25
33 45 304 15
58 12 238 6
82 69 880 69
50 31 284 29
54 74 954 68
31 82 279 98
3 1 941 71
10 52 947 67
72 79 674 80
4 89 930 46
19 42 850 41
97 94 927 23
81 94 6 75
88 94 803 94
17 43 203 46
24 47 891 18
52 10 574 66
52 55 898 59
43 90 732 61
76 42 293 49
95 48 662 73
61 76 925 97
61 69 775 74
23 7 938 90
29 45 177 65
61 17 490 42
76 10 470 3
76 69 76 99
72 93 449 95
64 36 142 28
68 1 59 19
47 10 204 58
66 76 205 85
26 97 660 7
19 7 407 40
77 72 405 60
1 25 401 12
62 55 111 55
71 35 978 10
52 24 568 58
35 88 757 87
63 64 523 78
72 59 172 33
35 90 366 90
23 38 702 96
91 59 956 32
62 98 148 13
43 62 97 20
32 65 990 23
72 1 480 56
37 68 284 88
61 59 131 64
11 59 474 12
95 32 44 87
14 9 653 56
41 46 411 97
76 17 366 13
75 80 549 55
41 78 67 40
15 91 585 24
11 43 428 65
18 26 528 69
14 87 400 33
27 13 883 35
90 19 291 6
22 24 919 59
64 97 796 33
86 21 437 38
44 98 907 57
60 15 650 45
19 97 708 16
59 86 672 4
66 36 125 21
61 47 112 94
75 48 253 3
54 72 379 8
69 87 496 29
74 29 567 90
34 24 525 43
46 65 99 50
54 25 28 55
26 21 283 83
57 6 215 47
37 66 500 93
44 41 423 81
47 6 655 30
61 26 375 10
62 3 559 82
12 65 625 22
61 66 518 67
34 92 800 28
48 5 100 63
68 94 468 65
73 18 756 2
83 14 256 26
75 52 341 19
52 40 804 15
54 76 781 43
2 34 203 36
86 15 867 98
99 53 615 19
43 66 473 20
86 22 556 56
88 49 369 92
98 96 674 72
67 48 38 72
11 20 982 82
12 38 881 95
53 88 281 61
38 72 213 29
53 54 245 76
0 73 933 40
24 63 761 11
32 22 569 91
2 19 159 36
8 60 651 87
81 65 899 39
89 52 584 19
82 97 452 96
34 55 69 53
46 6 739 44
65 48 297 39
23 33 45 47
1 41 638 15
4 9 840 98
41 93 796 49
28 58 645 44
47 38 564 32
38 86 138 50
53 73 820 27
16 11 780 71
59 18 783 84
12 0 828 37
90 99 610 20
71 15 886 34
18 10 996 29
6 63 785 81
96 48 599 80
22 26 502 90
37 67 84 74
0 55 383 6
53 49 697 18
53 27 814 35
24 81 102 91
49 51 805 37
45 32 515 85
63 66 188 20
63 49 550 61
0 86 966 5
63 83 35 18
6 50 46 47
33 23 421 53
21 53 509 16
4 46 350 49
12 0 613 97
28 25 98 74
18 30 207 98
82 86 641 8
93 42 39 99
72 19 904 66
70 91 809 57
92 14 710 87
50 64 934 74
7 4 271 13
48 59 866 84
13 90 381 96
68 39 207 54
64 65 889 1
70 32 259 31
60 79 737 45
79 68 621 90
5 45 160 67
89 37 600 61
5 84 501 66
25 53 756 78
45 37 56 63
56 21 582 86
20 3 118 80
14 0 553 27
30 27 705 15
15 64 739 61
54 93 511 15
79 24 858 97
7 11 597 65
46 67 861 20
61 53 928 57
12 7 314 55
82 72 181 66
32 78 671 98
24 80 285 2
8 40 811 45
73 85 821 93
88 8 604 60
57 76 951 41
73 99 163 73
38 34 177 2
43 37 377 92
38 55 175 32
67 17 281 84
64 43 874 31
60 4 499 11
45 19 731 28
11 69 333 36
68 24 130 25
63 19 543 3
83 82 66 56
55 69 118 6
47 19 230 79
49 7 673 56
83 0 939 53
16 78 285 67
42 91 175 61
29 54 219 43
44 6 241 23
90 86 742 72
30 85 298 39
37 58 38 60
73 55 293 46
74 94 372 42
49 39 182 87
60 78 407 41
61 7 474 45
26 89 639 91
29 54 783 67
65 59 338 27
16 9 762 34
49 87 248 85
11 85 240 75
64 11 557 62
97 39 862 88
71 6 523 88
30 3 631 23
63 84 513 98
81 58 799 72
33 95 982 24
23 67 357 51
97 51 76 2
85 69 975 44
46 23 973 42
17 96 643 39
32 73 165 49
90 81 332 81
1 94 965 58
44 71 443 67
33 29 17 8
85 78 754 57
40 14 331 10
63 16 77 89
8 96 505 6
44 7 961 3
81 24 903 70
99 93 35 55
48 13 972 23
39 80 862 91
70 67 788 59
79 15 593 70
24 45 409 41
69 29 238 73
92 95 149 68
87 0 356 9
38 95 815 23
59 38 288 25
62 19 366 89
86 70 361 70
75 71 814 93
4 22 892 15
77 63 487 13
81 23 641 7
74 6 422 94
61 39 516 3
94 60 607 39
