100 1000 90 100
51 68 972 72
48 8 820 39
90 26 476 4
17 82 421 48
84 87 496 69
35 58 57 64
78 61 318 35
8 13 232 78
44 27 426 66
93 71 44 7
28 61 203 8
34 89 39 35
83 98 781 81
22 51 308 44
83 7 736 25
48 25 677 65
45 84 601 44
35 43 270 18
39 51 787 78
42 6 385 82
23 44 697 58
99 26 171 41
17 54 893 11
88 86 144 57
42 9 238 34
93 81 390 13
72 53 192 78
63 59 289 88
83 11 15 39
58 31 897 62
19 73 721 6
86 36 782 75
85 59 637 93
68 93 781 21
41 42 285 72
29 38 767 20
73 18 525 40
99 5 328 39
70 31 760 80
25 18 357 92
96 13 816 94
1 24 282 82
81 4 565 23
77 86 420 34
46 23 78 50
76 44 452 19
82 67 575 41
18 74 577 24
40 2 979 93
93 85 67 75
43 15 208 89
30 58 765 79
66 88 774 55
73 65 690 51
37 18 261 36
18 60 176 27
22 71 983 59
83 27 864 93
83 64 426 11
71 60 5 60
17 15 121 87
93 15 755 26
54 47 673 39
11 92 621 89
57 39 708 59
24 77 197 62
60 1 79 9
7 72 65 22
90 48 579 60
18 11 695 32
49 72 973 69
56 85 234 84
79 98 679 37
1 13 468 78
99 41 878 57
14 27 61 16
91 67 95 44
9 76 410 3
12 92 735 36
6 8 903 42
95 11 687 77
37 61 534 12
97 31 678 94
6 96 188 10
62 58 494 64
35 51 870 11
78 13 340 70
5 57 254 45
85 39 242 87
43 91 447 78
4 77 592 44
61 62 542 76
78 91 119 5
77 92 877 11
33 52 667 2
76 14 774 51
80 45 377 15
14 70 598 69
20 44 674 11
75 53 79 85
86 26 603 72
89 95 555 41
8 44 93 45
45 92 333 42
88 61 162 35
59 82 269 22
86 94 278 1
77 26 86 10
26 50 937 6
14 22 501 62
15 63 53 38
3 45 270 63
80 86 720 1
31 22 772 16
1 96 9 71
78 97 231 10
38 96 785 74
97 85 456 4
68 30 806 26
27 14 787 55
45 88 436 42
26 87 16 58
81 78 772 85
86 68 277 95
43 9 310 23
76 47 583 23
41 39 298 49
69 83 802 19
58 42 257 78
67 48 385 78
65 3 370 70
56 30 801 75
90 89 203 41
36 91 996 41
59 91 247 2
69 90 751 83
76 90 48 23
79 26 554 76
9 33 315 64
48 51 465 4
5 62 850 35
20 85 197 32
26 79 607 76
64 35 978 55
12 1 815 47
53 99 322 97
63 74 84 62
22 68 371 55
69 7 403 96
54 51 624 87
17 70 67 92
37 46 241 93
75 46 638 90
77 53 84 60
44 3 890 92
31 75 826 63
7 47 628 73
42 65 846 52
9 80 753 85
37 89 370 24
44 46 259 73
3 4 530 56
0 76 953 29
6 5 921 39
94 15 513 8
62 70 327 1
20 96 504 95
31 23 38 14
73 46 744 45
7 11 669 56
88 22 792 99
80 55 556 56
52 74 522 96
41 82 565 39
74 45 191 52
33 78 809 22
83 91 145 79
33 27 174 56
7 76 594 100
84 99 183 8
58 83 320 78
8 11 990 34
40 24 871 11
0 42 606 55
97 15 150 83
69 12 443 23
23 62 258 63
70 21 244 98
86 51 314 12
46 42 399 20
89 75 179 7
90 87 634 84
46 64 81 71
71 46 342 100
51 92 193 57
46 86 230 70
1 77 195 86
33 69 20 92
41 98 701 29
1 51 687 42
69 77 41 50
21 67 3 59
4 65 787 20
56 4 187 22
20 45 139 96
38 83 950 32
55 4 49 5
5 42 905 55
93 66 744 89
78 8 268 19
28 25 139 92
21 66 366 16
85 7 677 16
81 73 578 21
39 96 141 77
80 77 877 23
94 79 100 22
11 41 360 14
12 73 322 97
89 15 584 20
75 21 170 25
54 82 738 38
35 25 899 31
45 35 202 15
87 57 817 97
35 81 157 48
79 75 898 64
38 59 730 17
50 14 988 81
94 28 51 99
94 63 779 27
19 65 533 95
39 35 42 6
75 54 563 46
30 89 316 50
45 90 559 94
48 6 877 3
51 65 46 53
55 48 874 3
9 62 287 47
59 15 972 58
68 87 218 87
18 98 443 55
68 94 199 95
69 53 471 44
50 36 481 19
33 31 40 35
35 32 830 44
53 59 854 64
64 53 632 44
15 52 71 11
8 26 545 65
89 85 454 33
18 47 2 21
5 30 243 82
30 73 60 73
62 36 723 69
48 61 159 65
59 14 777 68
2 35 163 51
26 15 27 97
58 76 100 73
23 18 748 36
25 29 333 6
70 74 187 55
57 80 287 79
19 53 46 99
67 89 80 84
31 67 269 59
46 9 980 6
61 47 435 46
17 68 340 37
4 17 222 49
23 7 615 21
64 46 866 25
98 99 868 24
78 30 479 100
39 33 322 56
6 49 197 68
0 86 968 28
71 5 448 20
31 45 177 57
50 74 884 17
4 18 897 39
70 9 314 7
91 61 838 86
47 63 590 68
76 44 574 56
31 1 312 97
38 13 969 60
57 37 847 93
31 32 342 47
90 51 621 70
5 29 378 17
84 11 198 78
97 77 162 89
66 60 380 71
78 68 283 24
66 94 89 89
59 56 666 15
17 76 415 84
86 15 322 49
43 78 213 58
37 19 732 38
40 47 933 4
74 43 867 60
52 14 945 45
36 79 308 89
48 60 168 91
85 98 603 17
25 1 894 41
17 87 134 69
84 23 769 32
5 28 448 32
19 30 156 35
74 58 10 49
67 9 69 33
39 9 176 24
23 91 360 80
29 12 275 25
34 78 498 68
77 0 713 97
84 49 200 12
33 58 457 43
38 14 602 35
20 91 77 23
61 78 309 77
14 55 215 23
0 34 783 47
24 21 554 75
37 98 123 68
80 42 524 8
75 33 602 36
95 28 622 76
55 99 833 18
9 24 901 72
9 73 181 18
47 15 115 1
80 7 483 64
39 95 535 37
27 1 227 57
72 99 590 34
63 69 946 41
0 63 731 13
54 5 80 3
72 3 864 16
8 32 176 33
45 24 671 26
53 75 818 44
64 30 357 93
65 56 641 60
7 41 752 56
29 0 241 60
99 79 26 27
9 81 779 53
46 81 545 58
3 26 235 15
27 61 375 94
7 0 579 14
82 0 889 21
7 21 836 2
56 9 336 20
64 67 900 92
13 26 85 65
27 46 570 71
67 53 840 70
94 13 951 55
52 78 479 93
2 46 736 67
54 81 249 40
67 96 181 11
41 75 673 34
20 14 920 43
0 14 349 81
63 89 261 22
41 52 447 72
70 24 682 36
61 57 834 71
52 45 918 46
58 19 658 21
50 73 96 25
67 29 108 54
91 11 932 44
24 90 505 29
16 20 138 100
47 93 550 75
76 23 78 22
79 11 486 47
77 74 70 47
52 29 471 82
87 18 725 87
87 1 890 80
58 31 873 17
67 42 77 65
97 33 781 69
12 85 810 68
53 1 472 68
42 45 412 83
94 60 956 100
86 93 175 29
58 10 507 59
53 92 459 76
81 34 357 44
83 46 680 74
83 80 865 59
65 25 432 53
79 86 12 5
5 7 905 19
25 65 198 32
85 0 410 7
9 45 228 18
1 17 315 82
94 7 852 23
22 80 90 76
65 35 777 19
36 40 939 43
12 93 159 61
18 23 710 31
53 76 270 15
82 83 688 79
56 35 949 2
94 55 9 83
3 18 690 65
1 97 676 58
18 21 480 75
23 81 777 79
80 36 631 41
43 85 68 45
48 92 508 88
34 48 60 74
13 7 834 11
28 62 550 41
50 99 797 17
11 84 679 16
23 25 250 33
0 93 203 22
2 86 892 39
20 34 494 9
79 86 24 71
96 5 295 81
61 48 49 56
0 30 670 66
5 44 799 31
28 19 699 78
76 57 175 35
57 15 58 49
77 28 101 33
27 46 589 5
19 76 577 6
53 91 860 82
69 58 825 71
92 31 212 9
70 43 296 46
25 71 191 30
96 34 146 5
95 30 742 42
73 5 656 45
58 74 675 49
50 46 999 80
62 68 421 73
84 36 774 35
90 42 714 93
96 97 986 55
83 74 460 6
90 82 95 76
54 76 796 20
13 46 853 1
95 59 390 14
3 64 953 97
38 96 860 56
9 69 812 63
85 12 344 35
52 60 354 91
12 5 284 34
92 34 655 15
73 16 593 90
83 57 196 24
92 6 243 26
27 38 952 10
53 11 33 92
85 59 548 15
98 67 336 8
62 11 949 73
20 40 947 12
37 90 790 96
77 20 445 79
57 91 766 14
43 84 83 64
60 95 257 29
94 96 177 45
6 35 605 96
58 78 956 31
57 88 52 69
65 63 465 60
34 52 331 51
4 12 540 73
55 68 597 73
27 14 892 28
73 0 106 86
65 15 515 35
41 32 101 41
19 60 902 92
60 73 665 73
8 54 279 13
54 7 224 28
77 73 541 44
89 2 443 87
47 17 887 54
99 53 374 43
49 90 977 39
43 20 626 38
96 19 206 60
2 67 351 16
83 94 68 95
39 57 794 93
34 44 236 12
63 36 847 33
87 79 77 72
88 37 95 8
22 77 690 65
22 43 711 31
31 55 542 38
15 50 709 53
66 21 739 62
48 6 103 49
55 70 431 16
60 46 693 31
11 64 793 8
20 25 625 69
99 62 271 7
6 38 953 66
78 9 834 81
12 46 684 26
87 21 656 4
44 86 156 20
71 27 457 66
77 72 253 28
32 68 433 80
78 43 797 43
44 26 518 37
43 55 990 26
18 81 968 22
62 93 691 75
70 50 347 47
7 54 207 76
7 48 221 6
11 5 746 35
52 7 979 77
60 85 53 80
26 82 66 21
70 20 621 9
54 37 570 92
63 60 964 4
84 4 204 59
85 40 676 98
39 93 61 90
4 36 517 72
81 26 459 22
92 10 327 4
27 61 396 91
20 93 228 49
85 98 934 61
97 27 905 60
58 16 607 59
24 38 421 25
65 61 372 42
86 43 913 57
51 98 476 74
45 13 613 86
17 20 494 59
30 14 647 94
66 87 444 41
7 53 211 82
56 57 913 41
51 79 920 44
44 79 6 72
73 77 592 29
28 86 69 87
93 39 83 82
40 8 253 73
72 6 822 49
36 71 842 88
57 67 449 100
51 23 679 88
68 10 459 29
39 38 374 15
77 72 715 52
68 65 247 22
11 84 243 4
72 62 618 56
87 44 834 38
28 16 981 72
0 77 223 17
71 12 132 32
93 28 790 77
58 37 477 39
6 92 789 70
16 5 317 50
52 23 369 76
13 76 128 76
6 89 596 51
6 93 214 14
29 85 591 50
58 99 324 43
13 74 387 73
25 61 187 35
15 20 174 21
16 25 806 10
62 53 199 36
10 59 398 95
59 75 293 47
14 37 663 26
50 31 667 98
99 84 424 14
45 43 914 8
10 72 867 81
96 71 161 7
74 88 916 9
40 33 784 80
34 78 575 21
31 95 558 50
73 95 770 44
59 95 750 4
83 31 893 81
41 35 132 45
67 63 388 23
16 46 759 69
94 65 835 51
60 79 479 28
12 81 59 61
7 55 327 11
22 17 595 97
6 39 447 49
98 32 298 1
42 21 120 94
75 38 310 65
96 67 222 2
83 78 127 44
28 10 930 63
69 44 715 22
29 45 652 11
81 52 175 41
25 80 446 82
97 3 887 41
32 33 952 75
93 66 323 69
70 5 264 31
22 92 911 73
47 21 896 41
77 95 545 85
12 53 756 38
76 84 193 86
50 71 501 44
30 38 593 60
10 6 744 49
25 43 452 28
56 35 372 27
39 53 840 55
12 84 627 13
41 55 883 70
88 8 781 56
74 94 447 60
37 19 769 73
18 52 172 29
19 1 810 62
12 24 107 95
87 71 735 64
8 44 710 15
22 26 818 93
72 88 753 67
48 77 497 20
96 97 23 83
37 12 775 31
96 32 263 18
52 8 713 92
25 89 967 97
81 65 967 64
71 66 251 19
59 72 289 81
11 38 578 81
26 5 325 83
82 31 329 45
22 80 287 70
11 78 723 3
24 80 465 93
26 52 451 86
77 26 383 38
13 71 357 96
34 53 357 53
11 95 172 34
99 92 664 58
57 75 320 54
50 56 913 9
50 75 746 30
48 21 929 87
74 18 92 76
26 94 937 61
59 62 673 98
48 61 330 18
55 93 886 74
50 79 677 39
90 1 683 93
97 27 937 15
17 98 43 78
20 26 49 7
97 11 45 58
87 22 384 22
38 83 467 58
29 52 97 63
98 19 415 49
92 38 537 2
46 31 44 77
82 34 707 47
62 47 788 2
34 67 131 5
63 28 382 1
14 15 335 30
48 33 821 68
72 3 663 2
99 80 602 3
1 94 223 65
6 55 671 27
86 28 850 75
51 22 553 87
64 80 622 82
58 51 769 38
91 54 470 44
74 23 530 38
14 28 583 100
54 45 174 73
57 37 537 70
39 72 566 56
22 73 83 18
10 0 510 36
49 84 958 13
85 77 195 92
55 86 814 86
16 55 761 79
22 54 955 98
0 77 413 90
99 32 442 6
89 82 901 7
64 46 938 89
71 80 475 87
85 36 974 94
2 29 876 57
58 54 481 23
79 24 290 99
40 44 359 42
13 46 843 85
7 31 673 27
52 7 994 41
57 62 835 70
22 78 52 20
92 96 949 6
90 65 396 37
54 83 975 4
5 17 313 7
79 76 95 19
95 62 590 45
30 60 309 75
52 11 154 15
96 73 684 91
53 73 392 73
34 88 563 80
23 55 202 47
48 81 369 40
19 31 298 89
47 73 265 83
47 84 128 70
84 70 635 47
98 25 849 37
63 69 445 60
52 98 831 67
74 21 39 49
29 63 4 75
48 6 997 81
0 82 360 49
84 15 228 32
95 93 994 51
95 44 441 36
68 54 944 98
87 7 177 26
35 79 328 63
21 9 502 12
41 51 908 77
18 0 164 28
64 59 219 20
3 79 797 68
55 70 773 65
74 80 534 15
8 3 366 86
24 99 886 10
23 3 528 38
81 21 586 33
83 89 378 39
4 90 693 4
60 16 742 91
28 50 644 33
10 11 626 50
60 38 582 33
58 21 435 59
6 31 402 3
19 42 789 94
12 78 70 28
56 86 421 48
54 62 904 83
50 33 31 48
80 97 515 19
34 31 205 65
29 79 929 29
21 8 211 2
8 99 265 37
82 85 109 90
68 31 841 68
56 77 252 67
51 54 568 52
19 4 792 1
50 17 358 25
37 99 20 28
25 77 440 76
22 82 953 95
39 11 964 31
26 51 462 47
76 74 70 22
9 48 455 86
88 85 628 73
68 67 132 43
91 6 228 20
95 55 374 17
49 6 928 43
97 96 398 90
13 2 573 96
34 61 962 39
45 35 811 8
92 22 679 71
51 8 462 3
46 97 503 93
22 94 913 34
62 47 164 27
77 35 610 75
93 87 80 85
64 92 539 97
64 53 719 63
26 76 856 80
51 35 940 77
7 57 391 79
11 81 588 74
36 75 240 18
15 89 813 1
42 62 920 86
32 41 704 45
29 9 922 46
37 98 881 94
11 62 672 87
99 16 708 53
93 80 898 53
76 7 367 69
15 9 195 10
30 57 810 98
97 67 297 21
40 82 343 5
70 74 447 27
1 97 985 39
0 56 896 12
39 18 513 93
43 1 386 1
44 55 413 10
95 13 741 35
6 17 785 91
49 30 530 96
91 38 287 95
68 15 636 33
73 3 287 85
32 94 123 50
9 13 490 30
10 57 33 39
57 44 714 46
23 85 686 50
29 55 588 75
77 63 631 80
40 62 128 32
69 33 348 43
75 9 720 54
86 10 584 28
47 5 893 78
12 79 930 16
80 31 623 66
94 21 789 82
97 37 464 41
79 30 206 68
49 95 563 39
64 23 309 53
86 36 399 24
3 4 914 17
59 26 698 78
75 65 461 61
46 19 369 86
38 10 593 11
2 89 306 38
54 2 956 13
13 41 273 96
69 96 207 75
8 95 181 22
73 8 380 13
12 58 207 32
54 57 950 86
75 25 922 17
28 24 683 80
49 46 53 68
15 39 803 75
22 21 413 47
70 26 890 37
46 92 621 38
56 55 985 95
98 47 909 42
78 80 273 11
58 2 143 6
83 53 161 92
3 88 5 16
72 65 772 89
15 97 181 71
44 1 204 82
10 89 963 72
91 88 869 1
83 21 476 31
30 80 243 17
18 27 103 42
16 62 245 58
18 93 636 15
64 26 804 56
91 41 517 80
83 38 32 29
42 79 136 100
79 51 109 71
88 56 254 24
24 3 667 32
31 76 447 41
28 97 953 62
9 33 23 97
66 80 163 35
43 1 740 21
37 16 885 67
15 8 745 31
36 78 52 36
81 74 456 30
70 45 397 85
13 38 64 99
92 11 900 95
84 93 511 24
10 75 781 44
1 79 541 13
29 63 540 60
95 1 716 12
81 65 414 30
8 48 996 42
88 98 822 70
61 32 30 1
38 35 753 9
15 4 216 64
25 69 855 96
39 69 290 3
99 88 338 38
3 56 684 32
47 36 370 31
98 43 674 50
32 48 886 37
31 62 453 30
63 16 832 84
96 15 298 99
52 24 893 90
42 83 159 83
50 26 290 21
10 56 982 28
94 74 702 46
95 18 496 27
96 62 984 74
75 25 871 93
47 73 239 47
62 28 439 39
19 69 800 23
55 74 474 68
39 19 290 65
37 88 717 84
44 50 381 46
82 57 454 81
35 52 545 65
38 5 814 95
56 68 871 36
56 97 54 76
68 75 733 21
63 12 730 83
0 42 900 39
38 15 874 82
16 34 159 36
11 63 301 92
19 17 706 100
36 6 760 75
38 27 621 63
14 80 329 88
